0 -0.000000 
1 -0.000000 
2 0.000000 
3 -0.000000 
4 0.000000 
5 -0.000000 
6 0.000000 
7 -0.000000 
8 0.000000 
9 -0.000000 
10 0.000000 
11 -0.000000 
12 0.000000 
13 -0.000000 
14 0.000000 
15 -0.000000 
16 0.000000 
17 -0.000000 
18 0.000000 
19 -0.000000 
20 0.000000 
21 -0.000000 
22 0.000000 
23 -0.000000 
24 0.000000 
25 -0.000000 
26 0.000000 
27 -0.000000 
28 0.000000 
29 -0.000000 
30 0.000000 
31 -0.000000 
32 0.000000 
33 -0.000000 
34 0.000000 
35 -0.000000 
36 0.000000 
37 -0.000000 
38 0.000000 
39 -0.000000 
40 0.000000 
41 -0.000000 
42 0.000000 
43 -0.000000 
44 0.000000 
45 -0.000000 
46 0.000000 
47 -0.000000 
48 0.000000 
49 -0.000000 
50 0.000000 
51 -0.000000 
52 0.000000 
53 -0.000000 
54 0.000000 
55 -0.000000 
56 0.000000 
57 -0.000000 
58 0.000000 
59 0.000000 
60 -0.000000 
61 0.000000 
62 0.000000 
63 -0.000000 
64 0.000000 
65 -0.000000 
66 0.000000 
67 -0.000000 
68 0.000000 
69 -0.000000 
70 0.000000 
71 -0.000000 
72 0.000000 
73 -0.000000 
74 0.000000 
75 -0.000000 
76 0.000000 
77 -0.000000 
78 0.000000 
79 -0.000000 
80 0.000000 
81 -0.000000 
82 0.000000 
83 -0.000000 
84 0.000000 
85 -0.000000 
86 0.000000 
87 -0.000000 
88 0.000000 
89 -0.000000 
90 0.000000 
91 -0.000000 
92 0.000000 
93 -0.000000 
94 0.000000 
95 -0.000000 
96 0.000000 
97 -0.000000 
98 0.000000 
99 -0.000000 
100 0.000000 
101 -0.000000 
102 0.000000 
103 -0.000000 
104 0.000000 
105 -0.000000 
106 -0.000000 
107 0.000000 
108 -0.000000 
109 0.000000 
110 -0.000000 
111 0.000000 
112 -0.000000 
113 0.000000 
114 0.000000 
115 -0.000000 
116 0.000000 
117 -0.000000 
118 0.000000 
119 -0.000000 
120 0.000000 
121 -0.000000 
122 0.000000 
123 -0.000000 
124 0.000000 
125 -0.000000 
126 0.000000 
127 0.000000 
128 -0.000000 
129 0.000000 
130 -0.000000 
131 0.000000 
132 -0.000000 
133 0.000000 
134 -0.000000 
135 0.000000 
136 -0.000000 
137 0.000000 
138 -0.000000 
139 0.000000 
140 -0.000000 
141 0.000000 
142 -0.000000 
143 0.000000 
144 -0.000000 
145 0.000000 
146 -0.000000 
147 0.000000 
148 -0.000000 
149 0.000000 
150 -0.000000 
151 0.000000 
152 -0.000000 
153 0.000000 
154 -0.000000 
155 0.000000 
156 -0.000000 
157 0.000000 
158 -0.000000 
159 0.000000 
160 -0.000000 
161 0.000000 
162 -0.000000 
163 0.000000 
164 -0.000000 
165 0.000000 
166 -0.000000 
167 0.000000 
168 -0.000000 
169 0.000000 
170 -0.000000 
171 0.000000 
172 -0.000000 
173 0.000000 
174 -0.000000 
175 0.000000 
176 -0.000000 
177 0.000000 
178 -0.000000 
179 0.000000 
180 -0.000000 
181 0.000000 
182 -0.000000 
183 0.000000 
184 -0.000000 
185 0.000000 
186 -0.000000 
187 0.000000 
188 -0.000000 
189 0.000000 
190 -0.000000 
191 0.000000 
192 -0.000000 
193 0.000000 
194 -0.000000 
195 0.000000 
196 -0.000000 
197 0.000000 
198 -0.000000 
199 0.000000 
200 -0.000000 
201 0.000000 
202 -0.000000 
203 0.000000 
204 -0.000000 
205 0.000000 
206 -0.000000 
207 0.000000 
208 -0.000000 
209 0.000000 
210 -0.000000 
211 0.000000 
212 -0.000000 
213 0.000000 
214 -0.000000 
215 0.000000 
216 -0.000000 
217 0.000000 
218 -0.000000 
219 0.000000 
220 -0.000000 
221 0.000000 
222 -0.000000 
223 0.000000 
224 -0.000000 
225 0.000000 
226 -0.000000 
227 0.000000 
228 -0.000000 
229 0.000000 
230 -0.000000 
231 0.000000 
232 -0.000000 
233 0.000000 
234 -0.000000 
235 0.000000 
236 -0.000000 
237 -0.000000 
238 0.000000 
239 -0.000000 
240 0.000000 
241 -0.000000 
242 0.000000 
243 -0.000000 
244 0.000000 
245 0.000000 
246 -0.000000 
247 0.000000 
248 -0.000000 
249 0.000000 
250 -0.000000 
251 0.000000 
252 -0.000000 
253 0.000000 
254 -0.000000 
255 0.000000 
256 -0.000000 
257 -0.000000 
258 0.000000 
259 -0.000000 
260 0.000000 
261 -0.000000 
262 0.000000 
263 -0.000000 
264 0.000000 
265 -0.000000 
266 0.000000 
267 -0.000000 
268 0.000000 
269 -0.000000 
270 0.000000 
271 -0.000000 
272 0.000000 
273 -0.000000 
274 0.000000 
275 -0.000000 
276 0.000000 
277 -0.000000 
278 0.000000 
279 -0.000000 
280 0.000000 
281 -0.000000 
282 0.000000 
283 -0.000000 
284 0.000000 
285 -0.000000 
286 0.000000 
287 -0.000000 
288 0.000000 
289 -0.000000 
290 0.000000 
291 -0.000000 
292 0.000000 
293 -0.000000 
294 0.000000 
295 -0.000000 
296 0.000000 
297 -0.000000 
298 0.000000 
299 -0.000000 
300 0.000000 
301 -0.000000 
302 0.000000 
303 -0.000000 
304 0.000000 
305 -0.000000 
306 0.000000 
307 -0.000000 
308 0.000000 
309 -0.000000 
310 0.000000 
311 -0.000000 
312 0.000000 
313 -0.000000 
314 0.000000 
315 -0.000000 
316 0.000000 
317 -0.000000 
318 0.000000 
319 -0.000000 
320 0.000000 
321 -0.000000 
322 0.000000 
323 -0.000000 
324 0.000000 
325 -0.000000 
326 0.000000 
327 -0.000000 
328 0.000000 
329 -0.000000 
330 0.000000 
331 -0.000000 
332 0.000000 
333 -0.000000 
334 0.000000 
335 -0.000000 
336 0.000000 
337 -0.000000 
338 0.000000 
339 -0.000000 
340 0.000000 
341 0.000000 
342 -0.000000 
343 0.000000 
344 -0.000000 
345 0.000000 
346 -0.000000 
347 0.000000 
348 -0.000000 
349 0.000000 
350 -0.000000 
351 0.000000 
352 -0.000000 
353 0.000000 
354 0.000000 
355 -0.000000 
356 0.000000 
357 -0.000000 
358 0.000000 
359 -0.000000 
360 0.000000 
361 -0.000000 
362 0.000000 
363 -0.000000 
364 0.000000 
365 0.000000 
366 -0.000000 
367 0.000000 
368 -0.000000 
369 0.000000 
370 -0.000000 
371 0.000000 
372 -0.000000 
373 0.000000 
374 -0.000000 
375 0.000000 
376 -0.000000 
377 0.000000 
378 -0.000000 
379 0.000000 
380 -0.000000 
381 0.000000 
382 0.000000 
383 -0.000000 
384 0.000000 
385 -0.000000 
386 0.000000 
387 -0.000000 
388 0.000000 
389 0.000000 
390 -0.000000 
391 0.000000 
392 -0.000000 
393 0.000000 
394 -0.000000 
395 0.000000 
396 -0.000000 
397 0.000000 
398 -0.000000 
399 0.000000 
400 -0.000000 
401 0.000000 
402 -0.000000 
403 0.000000 
404 -0.000000 
405 0.000000 
406 -0.000000 
407 0.000000 
408 -0.000000 
409 0.000000 
410 -0.000000 
411 0.000000 
412 -0.000000 
413 0.000000 
414 -0.000000 
415 0.000000 
416 -0.000000 
417 0.000000 
418 -0.000000 
419 0.000000 
420 -0.000000 
421 0.000000 
422 -0.000000 
423 0.000000 
424 -0.000000 
425 0.000000 
426 -0.000000 
427 0.000000 
428 -0.000000 
429 0.000000 
430 -0.000000 
431 0.000000 
432 -0.000000 
433 0.000000 
434 -0.000000 
435 0.000000 
436 -0.000000 
437 0.000000 
438 -0.000000 
439 0.000000 
440 -0.000000 
441 0.000000 
442 -0.000000 
443 0.000000 
444 -0.000000 
445 0.000000 
446 -0.000000 
447 0.000000 
448 -0.000000 
449 0.000000 
450 -0.000000 
451 0.000000 
452 -0.000000 
453 0.000000 
454 -0.000000 
455 0.000000 
456 -0.000000 
457 0.000000 
458 -0.000000 
459 0.000000 
460 -0.000000 
461 0.000000 
462 -0.000000 
463 0.000000 
464 -0.000000 
465 0.000000 
466 -0.000000 
467 0.000000 
468 -0.000000 
469 0.000000 
470 -0.000000 
471 0.000000 
472 -0.000000 
473 0.000000 
474 -0.000000 
475 0.000000 
476 -0.000000 
477 0.000000 
478 -0.000000 
479 0.000000 
480 0.000000 
481 -0.000000 
482 0.000000 
483 -0.000000 
484 0.000000 
485 -0.000000 
486 0.000000 
487 0.000000 
488 -0.000000 
489 0.000000 
490 -0.000000 
491 0.000000 
492 -0.000000 
493 0.000000 
494 -0.000000 
495 0.000000 
496 -0.000000 
497 0.000000 
498 -0.000000 
499 0.000000 
500 0.000000 
501 -0.000000 
502 0.000000 
503 -0.000000 
504 0.000000 
505 -0.000000 
506 0.000000 
507 -0.000000 
508 0.000000 
509 -0.000000 
510 0.000000 
511 -0.000000 
512 -0.000000 
513 0.000000 
514 -0.000000 
515 0.000000 
516 -0.000000 
517 0.000000 
518 -0.000000 
519 0.000000 
520 -0.000000 
521 0.000000 
522 0.000000 
523 -0.000000 
524 0.000000 
525 -0.000000 
526 0.000000 
527 -0.000000 
528 0.000000 
529 -0.000000 
530 0.000000 
531 -0.000000 
532 0.000000 
533 -0.000000 
534 0.000000 
535 -0.000000 
536 0.000000 
537 -0.000000 
538 0.000000 
539 0.000000 
540 -0.000000 
541 0.000000 
542 -0.000000 
543 0.000000 
544 -0.000000 
545 0.000000 
546 0.000000 
547 -0.000000 
548 0.000000 
549 -0.000000 
550 0.000000 
551 -0.000000 
552 0.000000 
553 -0.000000 
554 0.000000 
555 -0.000000 
556 0.000000 
557 0.000000 
558 -0.000000 
559 0.000000 
560 -0.000000 
561 0.000000 
562 -0.000000 
563 0.000000 
564 -0.000000 
565 0.000000 
566 -0.000000 
567 0.000000 
568 -0.000000 
569 0.000000 
570 0.000000 
571 -0.000000 
572 0.000000 
573 -0.000000 
574 0.000000 
575 -0.000000 
576 0.000000 
577 -0.000000 
578 0.000000 
579 -0.000000 
580 0.000000 
581 -0.000000 
582 -0.000000 
583 0.000000 
584 -0.000000 
585 0.000000 
586 -0.000000 
587 0.000000 
588 -0.000000 
589 0.000000 
590 -0.000000 
591 0.000000 
592 0.000000 
593 -0.000000 
594 0.000000 
595 -0.000000 
596 0.000000 
597 -0.000000 
598 0.000000 
599 -0.000000 
600 0.000000 
601 -0.000000 
602 0.000000 
603 -0.000000 
604 0.000000 
605 -0.000000 
606 0.000000 
607 0.000000 
608 -0.000000 
609 0.000000 
610 -0.000000 
611 0.000000 
612 -0.000000 
613 0.000000 
614 -0.000000 
615 0.000000 
616 0.000000 
617 -0.000000 
618 0.000000 
619 -0.000000 
620 0.000000 
621 -0.000000 
622 0.000000 
623 -0.000000 
624 0.000000 
625 -0.000000 
626 0.000000 
627 -0.000000 
628 0.000000 
629 0.000000 
630 0.000000 
631 0.000000 
632 -0.000000 
633 0.000000 
634 -0.000000 
635 0.000000 
636 -0.000000 
637 0.000000 
638 -0.000000 
639 0.000000 
640 -0.000000 
641 0.000000 
642 0.000000 
643 -0.000000 
644 0.000000 
645 -0.000000 
646 0.000000 
647 -0.000000 
648 0.000000 
649 -0.000000 
650 0.000000 
651 -0.000000 
652 0.000000 
653 0.000000 
654 0.000000 
655 0.000000 
656 -0.000000 
657 0.000000 
658 -0.000000 
659 0.000000 
660 -0.000000 
661 0.000000 
662 0.000000 
663 -0.000000 
664 0.000000 
665 -0.000000 
666 0.000000 
667 -0.000000 
668 0.000000 
669 -0.000000 
670 0.000000 
671 -0.000000 
672 0.000000 
673 -0.000000 
674 0.000000 
675 0.000000 
676 0.000000 
677 0.000000 
678 -0.000000 
679 0.000000 
680 -0.000000 
681 0.000000 
682 -0.000000 
683 0.000000 
684 -0.000000 
685 0.000000 
686 -0.000000 
687 0.000000 
688 -0.000000 
689 0.000000 
690 -0.000000 
691 0.000000 
692 0.000000 
693 -0.000000 
694 0.000000 
695 -0.000000 
696 0.000000 
697 -0.000000 
698 0.000000 
699 -0.000000 
700 0.000000 
701 -0.000000 
702 0.000000 
703 0.000000 
704 -0.000000 
705 0.000000 
706 -0.000000 
707 0.000000 
708 -0.000000 
709 0.000000 
710 -0.000000 
711 0.000000 
712 -0.000000 
713 0.000000 
714 0.000000 
715 -0.000000 
716 0.000000 
717 -0.000000 
718 0.000000 
719 -0.000000 
720 0.000000 
721 -0.000000 
722 0.000000 
723 -0.000000 
724 0.000000 
725 -0.000000 
726 0.000000 
727 0.000000 
728 -0.000000 
729 0.000000 
730 -0.000000 
731 0.000000 
732 -0.000000 
733 0.000000 
734 -0.000000 
735 0.000000 
736 -0.000000 
737 0.000000 
738 -0.000000 
739 0.000000 
740 0.000000 
741 -0.000000 
742 0.000000 
743 -0.000000 
744 0.000000 
745 -0.000000 
746 0.000000 
747 -0.000000 
748 0.000000 
749 -0.000000 
750 0.000000 
751 0.000000 
752 -0.000000 
753 0.000000 
754 -0.000000 
755 0.000000 
756 -0.000000 
757 0.000000 
758 -0.000000 
759 0.000000 
760 -0.000000 
761 0.000000 
762 -0.000000 
763 0.000000 
764 0.000000 
765 0.000000 
766 0.000000 
767 -0.000000 
768 0.000000 
769 -0.000000 
770 0.000000 
771 0.000000 
772 -0.000000 
773 0.000000 
774 -0.000000 
775 0.000000 
776 -0.000000 
777 0.000000 
778 -0.000000 
779 0.000000 
780 -0.000000 
781 0.000000 
782 -0.000000 
783 0.000000 
784 -0.000000 
785 0.000000 
786 0.000000 
787 -0.000000 
788 0.000000 
789 -0.000000 
790 0.000000 
791 -0.000000 
792 0.000000 
793 -0.000000 
794 0.000000 
795 -0.000000 
796 0.000000 
797 0.000000 
798 -0.000000 
799 0.000000 
800 -0.000000 
801 0.000000 
802 -0.000000 
803 0.000000 
804 -0.000000 
805 0.000000 
806 -0.000000 
807 0.000000 
808 0.000000 
809 -0.000000 
810 0.000000 
811 -0.000000 
812 0.000000 
813 -0.000000 
814 0.000000 
815 -0.000000 
816 0.000000 
817 -0.000000 
818 0.000000 
819 -0.000000 
820 0.000000 
821 -0.000000 
822 0.000000 
823 -0.000000 
824 0.000000 
825 0.000000 
826 -0.000000 
827 0.000000 
828 -0.000000 
829 0.000000 
830 -0.000000 
831 0.000000 
832 -0.000000 
833 0.000000 
834 0.000000 
835 0.000000 
836 0.000000 
837 -0.000000 
838 0.000000 
839 -0.000000 
840 0.000000 
841 -0.000000 
842 0.000000 
843 -0.000000 
844 0.000000 
845 -0.000000 
846 0.000000 
847 -0.000000 
848 0.000000 
849 0.000000 
850 -0.000000 
851 0.000000 
852 -0.000000 
853 0.000000 
854 -0.000000 
855 0.000000 
856 -0.000000 
857 0.000000 
858 -0.000000 
859 0.000000 
860 0.000000 
861 -0.000000 
862 0.000000 
863 -0.000000 
864 0.000000 
865 -0.000000 
866 0.000000 
867 0.000000 
868 0.000000 
869 0.000000 
870 -0.000000 
871 0.000000 
872 -0.000000 
873 0.000000 
874 -0.000000 
875 0.000000 
876 -0.000000 
877 0.000000 
878 -0.000000 
879 0.000000 
880 0.000000 
881 0.000000 
882 0.000000 
883 -0.000000 
884 0.000000 
885 -0.000000 
886 0.000000 
887 -0.000000 
888 0.000000 
889 -0.000000 
890 0.000000 
891 -0.000000 
892 0.000000 
893 0.000000 
894 0.000000 
895 0.000000 
896 -0.000000 
897 0.000000 
898 -0.000000 
899 0.000000 
900 -0.000000 
901 0.000000 
902 -0.000000 
903 0.000000 
904 -0.000000 
905 0.000000 
906 0.000000 
907 -0.000000 
908 0.000000 
909 -0.000000 
910 0.000000 
911 -0.000000 
912 0.000000 
913 -0.000000 
914 0.000000 
915 -0.000000 
916 0.000000 
917 0.000000 
918 -0.000000 
919 0.000000 
920 -0.000000 
921 0.000000 
922 -0.000000 
923 0.000000 
924 -0.000000 
925 0.000000 
926 -0.000000 
927 0.000000 
928 0.000000 
929 0.000000 
930 0.000000 
931 -0.000000 
932 0.000000 
933 -0.000000 
934 0.000000 
935 -0.000000 
936 0.000000 
937 -0.000000 
938 0.000000 
939 -0.000000 
940 0.000000 
941 -0.000000 
942 0.000000 
943 -0.000000 
944 0.000000 
945 -0.000000 
946 0.000000 
947 0.000000 
948 0.000000 
949 0.000000 
950 -0.000000 
951 0.000000 
952 -0.000000 
953 0.000000 
954 0.000000 
955 0.000000 
956 0.000000 
957 -0.000000 
958 0.000000 
959 -0.000000 
960 0.000000 
961 -0.000000 
962 0.000000 
963 -0.000000 
964 0.000000 
965 0.000000 
966 0.000000 
967 0.000000 
968 -0.000000 
969 0.000000 
970 -0.000000 
971 0.000000 
972 -0.000000 
973 0.000000 
974 -0.000000 
975 0.000000 
976 -0.000000 
977 0.000000 
978 0.000000 
979 -0.000000 
980 0.000000 
981 -0.000000 
982 0.000000 
983 -0.000000 
984 0.000000 
985 0.000000 
986 0.000000 
987 0.000000 
988 -0.000000 
989 0.000000 
990 -0.000000 
991 0.000000 
992 -0.000000 
993 0.000000 
994 -0.000000 
995 0.000000 
996 -0.000000 
997 0.000000 
998 -0.000000 
999 0.000000 
1000 -0.000000 
1001 0.000000 
1002 -0.000000 
1003 0.000000 
1004 -0.000000 
1005 0.000000 
1006 -0.000000 
1007 0.000000 
1008 0.000000 
1009 0.000000 
1010 0.000000 
1011 -0.000000 
1012 0.000000 
1013 -0.000000 
1014 0.000000 
1015 -0.000000 
1016 0.000000 
1017 -0.000000 
1018 0.000000 
1019 -0.000000 
1020 0.000000 
1021 -0.000000 
1022 0.000000 
1023 -0.000000 
1024 0.000000 
1025 -0.000000 
1026 0.000000 
1027 -0.000000 
1028 0.000000 
1029 -0.000000 
1030 0.000000 
1031 -0.000000 
1032 0.000000 
1033 -0.000000 
1034 0.000000 
1035 -0.000000 
1036 0.000000 
1037 -0.000000 
1038 0.000000 
1039 -0.000000 
1040 0.000000 
1041 -0.000000 
1042 0.000000 
1043 -0.000000 
1044 0.000000 
1045 -0.000000 
1046 0.000000 
1047 -0.000000 
1048 0.000000 
1049 -0.000000 
1050 0.000000 
1051 -0.000000 
1052 0.000000 
1053 -0.000000 
1054 0.000000 
1055 -0.000000 
1056 0.000000 
1057 -0.000000 
1058 0.000000 
1059 -0.000000 
1060 0.000000 
1061 -0.000000 
1062 0.000000 
1063 -0.000000 
1064 0.000000 
1065 -0.000000 
1066 0.000000 
1067 -0.000000 
1068 0.000000 
1069 -0.000000 
1070 0.000000 
1071 -0.000000 
1072 0.000000 
1073 -0.000000 
1074 0.000000 
1075 -0.000000 
1076 0.000000 
1077 -0.000000 
1078 0.000000 
1079 -0.000000 
1080 0.000000 
1081 -0.000000 
1082 0.000000 
1083 -0.000000 
1084 0.000000 
1085 -0.000000 
1086 0.000000 
1087 -0.000000 
1088 0.000000 
1089 -0.000000 
1090 0.000000 
1091 -0.000000 
1092 0.000000 
1093 -0.000000 
1094 0.000000 
1095 -0.000000 
1096 0.000000 
1097 -0.000000 
1098 0.000000 
1099 -0.000000 
1100 0.000000 
1101 -0.000000 
1102 0.000000 
1103 -0.000000 
1104 0.000000 
1105 -0.000000 
1106 0.000000 
1107 -0.000000 
1108 0.000000 
1109 -0.000000 
1110 0.000000 
1111 -0.000000 
1112 0.000000 
1113 -0.000000 
1114 0.000000 
1115 -0.000000 
1116 0.000000 
1117 -0.000000 
1118 0.000000 
1119 -0.000000 
1120 0.000000 
1121 -0.000000 
1122 0.000000 
1123 -0.000000 
1124 0.000000 
1125 -0.000000 
1126 0.000000 
1127 -0.000000 
1128 0.000000 
1129 -0.000000 
1130 0.000000 
1131 -0.000000 
1132 0.000000 
1133 -0.000000 
1134 0.000000 
1135 -0.000000 
1136 0.000000 
1137 -0.000000 
1138 0.000000 
1139 -0.000000 
1140 0.000000 
1141 0.000000 
1142 0.000000 
1143 0.000000 
1144 -0.000000 
1145 0.000000 
1146 -0.000000 
1147 0.000000 
1148 -0.000000 
1149 0.000000 
1150 -0.000000 
1151 0.000000 
1152 -0.000000 
1153 0.000000 
1154 -0.000000 
1155 0.000000 
1156 -0.000000 
1157 0.000000 
1158 -0.000000 
1159 0.000000 
1160 -0.000000 
1161 0.000000 
1162 -0.000000 
1163 0.000000 
1164 -0.000000 
1165 0.000000 
1166 -0.000000 
1167 0.000000 
1168 -0.000000 
1169 0.000000 
1170 -0.000000 
1171 0.000000 
1172 -0.000000 
1173 0.000000 
1174 -0.000000 
1175 0.000000 
1176 -0.000000 
1177 0.000000 
1178 -0.000000 
1179 0.000000 
1180 -0.000000 
1181 0.000000 
1182 -0.000000 
1183 0.000000 
1184 -0.000000 
1185 0.000000 
1186 -0.000000 
1187 0.000000 
1188 -0.000000 
1189 0.000000 
1190 -0.000000 
1191 0.000000 
1192 -0.000000 
1193 0.000000 
1194 -0.000000 
1195 0.000000 
1196 -0.000000 
1197 0.000000 
1198 -0.000000 
1199 0.000000 
1200 -0.000000 
1201 0.000000 
1202 -0.000000 
1203 0.000000 
1204 -0.000000 
1205 0.000000 
1206 -0.000000 
1207 0.000000 
1208 -0.000000 
1209 0.000000 
1210 -0.000000 
1211 0.000000 
1212 0.000000 
1213 0.000000 
1214 -0.000000 
1215 0.000000 
1216 -0.000000 
1217 0.000000 
1218 -0.000000 
1219 0.000000 
1220 -0.000000 
1221 0.000000 
1222 -0.000000 
1223 0.000000 
1224 -0.000000 
1225 0.000000 
1226 -0.000000 
1227 0.000000 
1228 -0.000000 
1229 0.000000 
1230 -0.000000 
1231 0.000000 
1232 -0.000000 
1233 0.000000 
1234 -0.000000 
1235 0.000000 
1236 -0.000000 
1237 0.000000 
1238 -0.000000 
1239 0.000000 
1240 -0.000000 
1241 0.000000 
1242 -0.000000 
1243 0.000000 
1244 -0.000000 
1245 0.000000 
1246 -0.000000 
1247 0.000000 
1248 -0.000000 
1249 0.000000 
1250 -0.000000 
1251 0.000000 
1252 -0.000000 
1253 0.000000 
1254 -0.000000 
1255 0.000000 
1256 -0.000000 
1257 0.000000 
1258 -0.000000 
1259 0.000000 
1260 0.000000 
1261 0.000000 
1262 0.000000 
1263 0.000000 
1264 0.000000 
1265 0.000000 
1266 0.000000 
1267 0.000000 
1268 0.000000 
1269 0.000000 
1270 0.000000 
1271 -0.000000 
1272 0.000000 
1273 -0.000000 
1274 0.000000 
1275 -0.000000 
1276 0.000000 
1277 -0.000000 
1278 0.000000 
1279 -0.000000 
1280 0.000000 
1281 -0.000000 
1282 0.000000 
1283 -0.000000 
1284 0.000000 
1285 -0.000000 
1286 0.000000 
1287 -0.000000 
1288 0.000000 
1289 -0.000000 
1290 0.000000 
1291 -0.000000 
1292 0.000000 
1293 0.000000 
1294 0.000000 
1295 0.000000 
1296 0.000000 
1297 0.000000 
1298 0.000000 
1299 0.000000 
1300 0.000000 
1301 -0.000000 
1302 0.000001 
1303 -0.000000 
1304 0.000001 
1305 -0.000000 
1306 0.000001 
1307 -0.000000 
1308 0.000001 
1309 -0.000000 
1310 0.000001 
1311 -0.000000 
1312 0.000001 
1313 -0.000000 
1314 0.000001 
1315 -0.000000 
1316 0.000001 
1317 -0.000000 
1318 0.000001 
1319 0.000000 
1320 0.000001 
1321 -0.000000 
1322 0.000001 
1323 -0.000000 
1324 0.000002 
1325 -0.000000 
1326 0.000002 
1327 -0.000001 
1328 0.000002 
1329 -0.000001 
1330 0.000003 
1331 -0.000001 
1332 0.000003 
1333 -0.000001 
1334 0.000003 
1335 -0.000001 
1336 0.000003 
1337 -0.000001 
1338 0.000003 
1339 -0.000000 
1340 0.000003 
1341 -0.000000 
1342 0.000003 
1343 0.000000 
1344 0.000003 
1345 0.000000 
1346 0.000004 
1347 -0.000000 
1348 0.000004 
1349 -0.000001 
1350 0.000005 
1351 -0.000001 
1352 0.000006 
1353 -0.000002 
1354 0.000007 
1355 -0.000002 
1356 0.000009 
1357 -0.000003 
1358 0.000009 
1359 -0.000003 
1360 0.000010 
1361 -0.000002 
1362 0.000009 
1363 -0.000001 
1364 0.000008 
1365 0.000001 
1366 0.000008 
1367 0.000002 
1368 0.000008 
1369 0.000002 
1370 0.000010 
1371 0.000001 
1372 0.000012 
1373 -0.000001 
1374 0.000016 
1375 -0.000004 
1376 0.000019 
1377 -0.000006 
1378 0.000023 
1379 -0.000007 
1380 0.000025 
1381 -0.000007 
1382 0.000026 
1383 -0.000006 
1384 0.000025 
1385 -0.000003 
1386 0.000024 
1387 0.000001 
1388 0.000022 
1389 0.000006 
1390 0.000019 
1391 0.000012 
1392 0.000014 
1393 0.000020 
1394 0.000007 
1395 0.000030 
1396 0.000001 
1397 0.000038 
1398 -0.000002 
1399 0.000042 
1400 -0.000000 
1401 0.000042 
1402 0.000004 
1403 0.000042 
1404 0.000007 
1405 0.000044 
1406 0.000008 
1407 0.000049 
1408 0.000005 
1409 0.000058 
1410 0.000001 
1411 0.000068 
1412 -0.000005 
1413 0.000080 
1414 -0.000011 
1415 0.000092 
1416 -0.000017 
1417 0.000105 
1418 -0.000021 
1419 0.000115 
1420 -0.000020 
1421 0.000118 
1422 -0.000010 
1423 0.000112 
1424 0.000007 
1425 0.000103 
1426 0.000025 
1427 0.000097 
1428 0.000037 
1429 0.000102 
1430 0.000039 
1431 0.000118 
1432 0.000029 
1433 0.000146 
1434 0.000009 
1435 0.000183 
1436 -0.000016 
1437 0.000222 
1438 -0.000036 
1439 0.000254 
1440 -0.000045 
1441 0.000275 
1442 -0.000041 
1443 0.000283 
1444 -0.000024 
1445 0.000281 
1446 0.000005 
1447 0.000269 
1448 0.000042 
1449 0.000255 
1450 0.000077 
1451 0.000253 
1452 0.000097 
1453 0.000270 
1454 0.000098 
1455 0.000310 
1456 0.000080 
1457 0.000368 
1458 0.000048 
1459 0.000440 
1460 0.000008 
1461 0.000519 
1462 -0.000029 
1463 0.000591 
1464 -0.000052 
1465 0.000646 
1466 -0.000050 
1467 0.000679 
1468 -0.000023 
1469 0.000688 
1470 0.000032 
1471 0.000677 
1472 0.000108 
1473 0.000655 
1474 0.000187 
1475 0.000646 
1476 0.000247 
1477 0.000673 
1478 0.000267 
1479 0.000749 
1480 0.000242 
1481 0.000874 
1482 0.000176 
1483 0.001039 
1484 0.000088 
1485 0.001218 
1486 0.000009 
1487 0.001377 
1488 -0.000029 
1489 0.001493 
1490 -0.000012 
1491 0.001560 
1492 0.000060 
1493 0.001582 
1494 0.000182 
1495 0.001568 
1496 0.000339 
1497 0.001544 
1498 0.000494 
1499 0.001556 
1500 0.000604 
1501 0.001633 
1502 0.000657 
1503 0.001775 
1504 0.000663 
1505 0.001973 
1506 0.000624 
1507 0.002227 
1508 0.000548 
1509 0.002516 
1510 0.000477 
1511 0.002785 
1512 0.000468 
1513 0.002988 
1514 0.000549 
1515 0.003116 
1516 0.000720 
1517 0.003163 
1518 0.001013 
1519 0.003069 
1520 0.001514 
1521 0.002746 
1522 0.002275 
1523 0.002214 
1524 0.003189 
1525 0.001666 
1526 0.004017 
1527 0.001326 
1528 0.004614 
1529 0.001230 
1530 0.005052 
1531 0.001241 
1532 0.005479 
1533 0.001248 
1534 0.005947 
1535 0.001263 
1536 0.006405 
1537 0.001349 
1538 0.006811 
1539 0.001512 
1540 0.007202 
1541 0.001688 
1542 0.007653 
1543 0.001811 
1544 0.008211 
1545 0.001868 
1546 0.008858 
1547 0.001913 
1548 0.009510 
1549 0.002054 
1550 0.010065 
1551 0.002361 
1552 0.010516 
1553 0.002773 
1554 0.010985 
1555 0.003146 
1556 0.011605 
1557 0.003387 
1558 0.012421 
1559 0.003510 
1560 0.013377 
1561 0.003610 
1562 0.014361 
1563 0.003797 
1564 0.015295 
1565 0.004104 
1566 0.016210 
1567 0.004458 
1568 0.017196 
1569 0.004789 
1570 0.018292 
1571 0.005110 
1572 0.019436 
1573 0.005527 
1574 0.020523 
1575 0.006105 
1576 0.021584 
1577 0.006711 
1578 0.022833 
1579 0.007131 
1580 0.024405 
1581 0.007384 
1582 0.026129 
1583 0.007752 
1584 0.027719 
1585 0.008441 
1586 0.029120 
1587 0.009354 
1588 0.030554 
1589 0.010232 
1590 0.032260 
1591 0.010920 
1592 0.034291 
1593 0.011486 
1594 0.036491 
1595 0.012153 
1596 0.038631 
1597 0.013112 
1598 0.040635 
1599 0.014294 
1600 0.042739 
1601 0.015370 
1602 0.045274 
1603 0.016145 
1604 0.048227 
1605 0.016873 
1606 0.051178 
1607 0.018058 
1608 0.053677 
1609 0.019999 
1610 0.055697 
1611 0.022406 
1612 0.057859 
1613 0.024455 
1614 0.061006 
1615 0.025548 
1616 0.065318 
1617 0.026009 
1618 0.070098 
1619 0.026703 
1620 0.074599 
1621 0.028080 
1622 0.078768 
1623 0.029874 
1624 0.083072 
1625 0.031621 
1626 0.087845 
1627 0.033244 
1628 0.092910 
1629 0.035137 
1630 0.097822 
1631 0.037668 
1632 0.102424 
1633 0.040798 
1634 0.106914 
1635 0.044311 
1636 0.111488 
1637 0.048058 
1638 0.116341 
1639 0.051766 
1640 0.121837 
1641 0.055171 
1642 0.127924 
1643 0.058919 
1644 0.133295 
1645 0.064900 
1646 0.135809 
1647 0.075216 
1648 0.133645 
1649 0.091399 
1650 0.125645 
1651 0.114016 
1652 0.112421 
1653 0.140694 
1654 0.098416 
1655 0.165440 
1656 0.089956 
1657 0.183253 
1658 0.089481 
1659 0.194695 
1660 0.094078 
1661 0.203843 
1662 0.099855 
1663 0.213545 
1664 0.105371 
1665 0.224083 
1666 0.111076 
1667 0.234826 
1668 0.117502 
1669 0.245496 
1670 0.124792 
1671 0.256029 
1672 0.133026 
1673 0.266460 
1674 0.141978 
1675 0.277355 
1676 0.150813 
1677 0.289714 
1678 0.158723 
1679 0.303872 
1680 0.166168 
1681 0.318583 
1682 0.174989 
1683 0.332001 
1684 0.186460 
1685 0.343999 
1686 0.199480 
1687 0.356671 
1688 0.211658 
1689 0.372079 
1690 0.221812 
1691 0.390433 
1692 0.230666 
1693 0.410396 
1694 0.239927 
1695 0.430305 
1696 0.250961 
1697 0.449402 
1698 0.263902 
1699 0.468191 
1700 0.277829 
1701 0.487882 
1702 0.291605 
1703 0.509230 
1704 0.305318 
1705 0.531232 
1706 0.320657 
1707 0.552371 
1708 0.338122 
1709 0.573799 
1710 0.355214 
1711 0.598420 
1712 0.370053 
1713 0.626206 
1714 0.384729 
1715 0.653943 
1716 0.402367 
1717 0.679741 
1718 0.423342 
1719 0.704490 
1720 0.446258 
1721 0.729632 
1722 0.469853 
1723 0.756557 
1724 0.492409 
1725 0.787406 
1726 0.511929 
1727 0.823281 
1728 0.529082 
1729 0.861596 
1730 0.547857 
1731 0.898328 
1732 0.571030 
1733 0.932851 
1734 0.597254 
1735 0.967776 
1736 0.623752 
1737 1.005362 
1738 0.649315 
1739 1.045571 
1740 0.675581 
1741 1.085245 
1742 0.706678 
1743 1.120850 
1744 0.743769 
1745 1.154961 
1746 0.780895 
1747 1.195041 
1748 0.812024 
1749 1.243500 
1750 0.839086 
1751 1.295297 
1752 0.868228 
1753 1.345231 
1754 0.902700 
1755 1.392257 
1756 0.941836 
1757 1.438249 
1758 0.983261 
1759 1.485515 
1760 1.025524 
1761 1.534181 
1762 1.069996 
1763 1.582061 
1764 1.118681 
1765 1.628458 
1766 1.170574 
1767 1.675923 
1768 1.222396 
1769 1.727636 
1770 1.272179 
1771 1.783107 
1772 1.324641 
1773 1.831807 
1774 1.396978 
1775 1.851023 
1776 1.513994 
1777 1.819678 
1778 1.686278 
1779 1.743676 
1780 1.888903 
1781 1.664385 
1782 2.072296 
1783 1.628081 
1784 2.204455 
1785 1.646519 
1786 2.293077 
1787 1.699085 
1788 2.363358 
1789 1.762639 
1790 2.433346 
1791 1.824619 
1792 2.510835 
1793 1.881573 
1794 2.595248 
1795 1.937567 
1796 2.680290 
1797 1.999558 
1798 2.759996 
1799 2.071174 
1800 2.834142 
1801 2.148891 
1802 2.909378 
1803 2.224763 
1804 2.992614 
1805 2.294862 
1806 3.084064 
1807 2.362416 
1808 3.177720 
1809 2.435711 
1810 3.263788 
1811 2.524279 
1812 3.336076 
1813 2.627663 
1814 3.403347 
1815 2.730269 
1816 3.483627 
1817 2.817080 
1818 3.584855 
1819 2.888406 
1820 3.700015 
1821 2.955062 
1822 3.817216 
1823 3.028129 
1824 3.927336 
1825 3.113768 
1826 4.028049 
1827 3.210070 
1828 4.124712 
1829 3.310128 
1830 4.223329 
1831 3.410557 
1832 4.324359 
1833 3.512451 
1834 4.427310 
1835 3.613674 
1836 4.537524 
1837 3.706867 
1838 4.661403 
1839 3.789995 
1840 4.794119 
1841 3.874546 
1842 4.920561 
1843 3.974147 
1844 5.033091 
1845 4.088484 
1846 5.138174 
1847 4.208962 
1848 5.242355 
1849 4.332827 
1850 5.345461 
1851 4.460314 
1852 5.449786 
1853 4.585333 
1854 5.564040 
1855 4.699310 
1856 5.692937 
1857 4.803996 
1858 5.827586 
1859 4.913114 
1860 5.953378 
1861 5.037691 
1862 6.065465 
1863 5.175969 
1864 6.170089 
1865 5.320025 
1866 6.274228 
1867 5.464446 
1868 6.382620 
1869 5.602944 
1870 6.504231 
1871 5.724760 
1872 6.647430 
1873 5.829211 
1874 6.801083 
1875 5.938168 
1876 6.939183 
1877 6.071216 
1878 7.057076 
1879 6.215743 
1880 7.178352 
1881 6.348076 
1882 7.316308 
1883 6.469279 
1884 7.458337 
1885 6.595790 
1886 7.591161 
1887 6.733816 
1888 7.715062 
1889 6.878805 
1890 7.836233 
1891 7.023772 
1892 7.962067 
1893 7.160802 
1894 8.099663 
1895 7.285443 
1896 8.248109 
1897 7.405332 
1898 8.392779 
1899 7.540130 
1900 8.510995 
1901 7.713669 
1902 8.577749 
1903 7.951661 
1904 8.569067 
1905 8.268584 
1906 8.490870 
1907 8.627965 
1908 8.411318 
1909 8.940984 
1910 8.417470 
1911 9.146588 
1912 8.527376 
1913 9.271525 
1914 8.681438 
1915 9.387344 
1916 8.816608 
1917 9.533579 
1918 8.922336 
1919 9.694332 
1920 9.031213 
1921 9.832728 
1922 9.171885 
1923 9.936027 
1924 9.339001 
1925 10.023502 
1926 9.506093 
1927 10.121088 
1928 9.653170 
1929 10.239093 
1930 9.780234 
1931 10.368410 
1932 9.901116 
1933 10.495855 
1934 10.022723 
1935 10.622575 
1936 10.138260 
1937 10.754107 
1938 10.249676 
1939 10.878543 
1940 10.374178 
1941 10.981695 
1942 10.514669 
1943 11.074093 
1944 10.651190 
1945 11.176182 
1946 10.770760 
1947 11.288972 
1948 10.882866 
1949 11.397201 
1950 11.002000 
1951 11.491559 
1952 11.130219 
1953 11.575635 
1954 11.261001 
1955 11.655691 
1956 11.389176 
1957 11.736341 
1958 11.508642 
1959 11.825728 
1960 11.610004 
1961 11.931411 
1962 11.690287 
1963 12.049698 
1964 11.759227 
1965 12.166812 
1966 11.830986 
1967 12.270994 
1968 11.913075 
1969 12.358215 
1970 12.007645 
1971 12.426177 
1972 12.117046 
1973 12.473846 
1974 12.238470 
1975 12.508685 
1976 12.360706 
1977 12.542443 
1978 12.474323 
1979 12.580423 
1980 12.577273 
1981 12.623294 
1982 12.667889 
1983 12.674451 
1984 12.741356 
1985 12.738410 
1986 12.794867 
1987 12.814931 
1988 12.831935 
1989 12.897198 
1990 12.861798 
1991 12.974574 
1992 12.894577 
1993 13.039245 
1994 12.933949 
1995 13.092303 
1996 12.974103 
1997 13.143039 
1998 13.003878 
1999 13.201938 
2000 13.016222 
2001 13.269640 
2002 13.018491 
2003 13.331193 
2004 13.029921 
2005 13.367970 
2006 13.063523 
2007 13.375382 
2008 13.115052 
2009 13.364993 
2010 13.167440 
2011 13.357209 
2012 13.200018 
2013 13.368097 
2014 13.206467 
2015 13.391388 
2016 13.203552 
2017 13.406475 
2018 13.207349 
2019 13.407867 
2020 13.211283 
2021 13.411123 
2022 13.196534 
2023 13.432096 
2024 13.155232 
2025 13.467951 
2026 13.100862 
2027 13.497251 
2028 13.058518 
2029 13.495729 
2030 13.048534 
2031 13.448172 
2032 13.081418 
2033 13.348332 
2034 13.158462 
2035 13.202453 
2036 13.262678 
2037 13.040011 
2038 13.354759 
2039 12.902544 
2040 13.401570 
2041 12.806268 
2042 13.406253 
2043 12.733767 
2044 13.391248 
2045 12.666803 
2046 13.365544 
2047 12.605862 
2048 13.323293 
2049 12.556529 
2050 13.264330 
2051 12.511567 
2052 13.201984 
2053 12.455789 
2054 13.149041 
2055 12.381795 
2056 13.107190 
2057 12.292792 
2058 13.069704 
2059 12.198636 
2060 13.024255 
2061 12.112853 
2062 12.959475 
2063 12.041031 
2064 12.878141 
2065 11.973189 
2066 12.793494 
2067 11.898470 
2068 12.710422 
2069 11.818430 
2070 12.624635 
2071 11.735298 
2072 12.539674 
2073 11.640447 
2074 12.465400 
2075 11.528458 
2076 12.399383 
2077 11.410028 
2078 12.326088 
2079 11.301252 
2080 12.232989 
2081 11.209365 
2082 12.118883 
2083 11.130056 
2084 11.993570 
2085 11.048929 
2086 11.874803 
2087 10.948353 
2088 11.775714 
2089 10.824757 
2090 11.688152 
2091 10.696833 
2092 11.588490 
2093 10.586397 
2094 11.463274 
2095 10.495428 
2096 11.322263 
2097 10.405939 
2098 11.186700 
2099 10.299950 
2100 11.066133 
2101 10.179487 
2102 10.948853 
2103 10.060417 
2104 10.822924 
2105 9.945147 
2106 10.697046 
2107 9.818122 
2108 10.587024 
2109 9.670170 
2110 10.492368 
2111 9.511293 
2112 10.397016 
2113 9.360026 
2114 10.283904 
2115 9.229342 
2116 10.146705 
2117 9.118059 
2118 9.994316 
2119 9.011550 
2120 9.844475 
2121 8.892966 
2122 9.709911 
2123 8.756752 
2124 9.588117 
2125 8.612958 
2126 9.465013 
2127 8.475235 
2128 9.332280 
2129 8.344601 
2130 9.195506 
2131 8.212987 
2132 9.060889 
2133 8.079565 
2134 8.924176 
2135 7.950994 
2136 8.780726 
2137 7.827463 
2138 8.635006 
2139 7.702889 
2140 8.491451 
2141 7.576929 
2142 8.347277 
2143 7.452868 
2144 8.202104 
2145 7.327290 
2146 8.062056 
2147 7.194623 
2148 7.929569 
2149 7.057293 
2150 7.798107 
2151 6.924281 
2152 7.659017 
2153 6.801964 
2154 7.509909 
2155 6.688790 
2156 7.355107 
2157 6.581079 
2158 7.193784 
2159 6.488015 
2160 7.007295 
2161 6.435723 
2162 6.768568 
2163 6.443088 
2164 6.476935 
2165 6.486470 
2166 6.179725 
2167 6.504680 
2168 5.936161 
2169 6.456976 
2170 5.759525 
2171 6.355862 
2172 5.622530 
2173 6.230712 
2174 5.502327 
2175 6.096498 
2176 5.388921 
2177 5.962192 
2178 5.272875 
2179 5.836959 
2180 5.147938 
2181 5.721895 
2182 5.019258 
2183 5.607194 
2184 4.898054 
2185 5.484280 
2186 4.787830 
2187 5.355140 
2188 4.683059 
2189 5.226338 
2190 4.578381 
2191 5.101409 
2192 4.471859 
2193 4.981436 
2194 4.363150 
2195 4.866090 
2196 4.253312 
2197 4.754010 
2198 4.143862 
2199 4.643539 
2200 4.037036 
2201 4.531895 
2202 3.935609 
2203 4.417615 
2204 3.838845 
2205 4.303599 
2206 3.743113 
2207 4.192557 
2208 3.647682 
2209 4.083598 
2210 3.553916 
2211 3.976270 
2212 3.460736 
2213 3.873037 
2214 3.365166 
2215 3.776488 
2216 3.265826 
2217 3.686263 
2218 3.165222 
2219 3.597787 
2220 3.069387 
2221 3.504815 
2222 2.983347 
2223 3.404832 
2224 2.906431 
2225 3.301621 
2226 2.832604 
2227 3.202172 
2228 2.755377 
2229 3.111185 
2230 2.672693 
2231 3.027942 
2232 2.587399 
2233 2.948589 
2234 2.503279 
2235 2.870025 
2236 2.422626 
2237 2.790562 
2238 2.346704 
2239 2.709297 
2240 2.275985 
2241 2.626121 
2242 2.210406 
2243 2.541026 
2244 2.149955 
2245 2.454410 
2246 2.093253 
2247 2.369031 
2248 2.036123 
2249 2.289810 
2250 1.974046 
2251 2.219442 
2252 1.907153 
2253 2.154652 
2254 1.841067 
2255 2.089056 
2256 1.780869 
2257 2.020412 
2258 1.725415 
2259 1.952385 
2260 1.670154 
2261 1.888526 
2262 1.613636 
2263 1.828055 
2264 1.557934 
2265 1.768676 
2266 1.504749 
2267 1.709354 
2268 1.454581 
2269 1.649897 
2270 1.407148 
2271 1.591203 
2272 1.360825 
2273 1.535191 
2274 1.313976 
2275 1.482518 
2276 1.267071 
2277 1.431753 
2278 1.221856 
2279 1.381383 
2280 1.179046 
2281 1.331580 
2282 1.137684 
2283 1.283539 
2284 1.096828 
2285 1.237323 
2286 1.057582 
2287 1.190406 
2288 1.023778 
2289 1.137778 
2290 1.000991 
2291 1.074242 
2292 0.992347 
2293 1.000483 
2294 0.991977 
2295 0.927306 
2296 0.986112 
2297 0.867793 
2298 0.965961 
2299 0.824203 
2300 0.935297 
2301 0.789228 
2302 0.901617 
2303 0.757415 
2304 0.867570 
2305 0.728130 
2306 0.832918 
2307 0.701339 
2308 0.798404 
2309 0.675507 
2310 0.765868 
2311 0.648961 
2312 0.736232 
2313 0.621682 
2314 0.708557 
2315 0.595200 
2316 0.681089 
2317 0.570881 
2318 0.653166 
2319 0.548468 
2320 0.625665 
2321 0.526805 
2322 0.599498 
2323 0.505369 
2324 0.574752 
2325 0.484220 
2326 0.551289 
2327 0.463492 
2328 0.528781 
2329 0.443694 
2330 0.506531 
2331 0.425393 
2332 0.484294 
2333 0.408264 
2334 0.462840 
2335 0.391254 
2336 0.443076 
2337 0.373816 
2338 0.424967 
2339 0.356441 
2340 0.407691 
2341 0.339929 
2342 0.390625 
2343 0.324538 
2344 0.373763 
2345 0.310079 
2346 0.357266 
2347 0.296440 
2348 0.341101 
2349 0.283677 
2350 0.325202 
2351 0.271712 
2352 0.309771 
2353 0.260146 
2354 0.295255 
2355 0.248567 
2356 0.281805 
2357 0.237098 
2358 0.268998 
2359 0.226231 
2360 0.256420 
2361 0.216082 
2362 0.244217 
2363 0.206277 
2364 0.232758 
2365 0.196542 
2366 0.222079 
2367 0.187015 
2368 0.211884 
2369 0.177979 
2370 0.201949 
2371 0.169475 
2372 0.192363 
2373 0.161283 
2374 0.183326 
2375 0.153266 
2376 0.174795 
2377 0.145585 
2378 0.166513 
2379 0.138437 
2380 0.158383 
2381 0.131723 
2382 0.150621 
2383 0.125150 
2384 0.143442 
2385 0.118605 
2386 0.136783 
2387 0.112275 
2388 0.130322 
2389 0.106500 
2390 0.123752 
2391 0.101410 
2392 0.117137 
2393 0.096723 
2394 0.110835 
2395 0.092093 
2396 0.105044 
2397 0.087455 
2398 0.099693 
2399 0.082915 
2400 0.094650 
2401 0.078565 
2402 0.089840 
2403 0.074427 
2404 0.085248 
2405 0.070485 
2406 0.080872 
2407 0.066736 
2408 0.076677 
2409 0.063225 
2410 0.072568 
2411 0.060079 
2412 0.068346 
2413 0.057524 
2414 0.063766 
2415 0.055736 
2416 0.058747 
2417 0.054628 
2418 0.053555 
2419 0.053719 
2420 0.048805 
2421 0.052340 
2422 0.045044 
2423 0.050193 
2424 0.042224 
2425 0.047593 
2426 0.039879 
2427 0.044972 
2428 0.037695 
2429 0.042485 
2430 0.035608 
2431 0.040139 
2432 0.033608 
2433 0.037941 
2434 0.031672 
2435 0.035899 
2436 0.029799 
2437 0.033979 
2438 0.028028 
2439 0.032135 
2440 0.026386 
2441 0.030347 
2442 0.024862 
2443 0.028629 
2444 0.023437 
2445 0.026987 
2446 0.022097 
2447 0.025425 
2448 0.020837 
2449 0.023932 
2450 0.019665 
2451 0.022495 
2452 0.018574 
2453 0.021134 
2454 0.017523 
2455 0.019882 
2456 0.016484 
2457 0.018739 
2458 0.015476 
2459 0.017667 
2460 0.014536 
2461 0.016618 
2462 0.013700 
2463 0.015566 
2464 0.012972 
2465 0.014518 
2466 0.012322 
2467 0.013514 
2468 0.011698 
2469 0.012604 
2470 0.011048 
2471 0.011823 
2472 0.010347 
2473 0.011177 
2474 0.009601 
2475 0.010636 
2476 0.008852 
2477 0.010141 
2478 0.008166 
2479 0.009624 
2480 0.007590 
2481 0.009063 
2482 0.007112 
2483 0.008485 
2484 0.006695 
2485 0.007916 
2486 0.006329 
2487 0.007347 
2488 0.006021 
2489 0.006781 
2490 0.005748 
2491 0.006252 
2492 0.005465 
2493 0.005799 
2494 0.005145 
2495 0.005427 
2496 0.004795 
2497 0.005119 
2498 0.004431 
2499 0.004858 
2500 0.004069 
2501 0.004622 
2502 0.003733 
2503 0.004386 
2504 0.003440 
2505 0.004136 
2506 0.003193 
2507 0.003876 
2508 0.002986 
2509 0.003607 
2510 0.002816 
2511 0.003332 
2512 0.002675 
2513 0.003062 
2514 0.002550 
2515 0.002808 
2516 0.002426 
2517 0.002582 
2518 0.002295 
2519 0.002387 
2520 0.002152 
2521 0.002227 
2522 0.001996 
2523 0.002098 
2524 0.001831 
2525 0.001992 
2526 0.001669 
2527 0.001892 
2528 0.001526 
2529 0.001784 
2530 0.001408 
2531 0.001669 
2532 0.001310 
2533 0.001551 
2534 0.001227 
2535 0.001432 
2536 0.001158 
2537 0.001314 
2538 0.001098 
2539 0.001201 
2540 0.001043 
2541 0.001098 
2542 0.000988 
2543 0.001004 
2544 0.000935 
2545 0.000916 
2546 0.000889 
2547 0.000830 
2548 0.000846 
2549 0.000755 
2550 0.000797 
2551 0.000697 
2552 0.000739 
2553 0.000652 
2554 0.000681 
2555 0.000609 
2556 0.000631 
2557 0.000563 
2558 0.000591 
2559 0.000514 
2560 0.000558 
2561 0.000467 
2562 0.000527 
2563 0.000425 
2564 0.000495 
2565 0.000390 
2566 0.000461 
2567 0.000360 
2568 0.000427 
2569 0.000334 
2570 0.000395 
2571 0.000312 
2572 0.000363 
2573 0.000292 
2574 0.000332 
2575 0.000275 
2576 0.000303 
2577 0.000258 
2578 0.000278 
2579 0.000240 
2580 0.000257 
2581 0.000222 
2582 0.000238 
2583 0.000204 
2584 0.000222 
2585 0.000186 
2586 0.000208 
2587 0.000169 
2588 0.000195 
2589 0.000154 
2590 0.000182 
2591 0.000141 
2592 0.000168 
2593 0.000130 
2594 0.000155 
2595 0.000121 
2596 0.000142 
2597 0.000114 
2598 0.000128 
2599 0.000108 
2600 0.000116 
2601 0.000101 
2602 0.000106 
2603 0.000094 
2604 0.000097 
2605 0.000087 
2606 0.000090 
2607 0.000079 
2608 0.000084 
2609 0.000071 
2610 0.000079 
2611 0.000064 
2612 0.000074 
2613 0.000058 
2614 0.000069 
2615 0.000053 
2616 0.000063 
2617 0.000049 
2618 0.000058 
2619 0.000046 
2620 0.000053 
2621 0.000043 
2622 0.000048 
2623 0.000040 
2624 0.000043 
2625 0.000038 
2626 0.000039 
2627 0.000035 
2628 0.000036 
2629 0.000032 
2630 0.000034 
2631 0.000029 
2632 0.000031 
2633 0.000026 
2634 0.000029 
2635 0.000024 
2636 0.000027 
2637 0.000021 
2638 0.000025 
2639 0.000020 
2640 0.000023 
2641 0.000018 
2642 0.000021 
2643 0.000017 
2644 0.000019 
2645 0.000016 
2646 0.000017 
2647 0.000014 
2648 0.000015 
2649 0.000013 
2650 0.000014 
2651 0.000012 
2652 0.000013 
2653 0.000011 
2654 0.000012 
2655 0.000010 
2656 0.000011 
2657 0.000009 
2658 0.000010 
2659 0.000008 
2660 0.000009 
2661 0.000007 
2662 0.000009 
2663 0.000007 
2664 0.000008 
2665 0.000006 
2666 0.000007 
2667 0.000006 
2668 0.000007 
2669 0.000005 
2670 0.000006 
2671 0.000005 
2672 0.000005 
2673 0.000005 
2674 0.000005 
2675 0.000004 
2676 0.000004 
2677 0.000004 
2678 0.000004 
2679 0.000004 
2680 0.000003 
2681 0.000004 
2682 0.000003 
2683 0.000003 
2684 0.000003 
2685 0.000003 
2686 0.000002 
2687 0.000003 
2688 0.000002 
2689 0.000002 
2690 0.000002 
2691 0.000002 
2692 0.000002 
2693 0.000002 
2694 0.000002 
2695 0.000002 
2696 0.000002 
2697 0.000002 
2698 0.000001 
2699 0.000002 
2700 0.000001 
2701 0.000001 
2702 0.000001 
2703 0.000001 
2704 0.000001 
2705 0.000001 
2706 0.000001 
2707 0.000001 
2708 0.000001 
2709 0.000001 
2710 0.000001 
2711 0.000001 
2712 0.000001 
2713 0.000001 
2714 0.000001 
2715 0.000001 
2716 0.000001 
2717 0.000001 
2718 0.000001 
2719 0.000001 
2720 0.000000 
2721 0.000001 
2722 0.000000 
2723 0.000001 
2724 0.000000 
2725 0.000000 
2726 0.000000 
2727 0.000000 
2728 0.000000 
2729 0.000000 
2730 0.000000 
2731 0.000000 
2732 0.000000 
2733 0.000000 
2734 0.000000 
2735 0.000000 
2736 0.000000 
2737 0.000000 
2738 0.000000 
2739 0.000000 
2740 0.000000 
2741 0.000000 
2742 0.000000 
2743 0.000000 
2744 0.000000 
2745 0.000000 
2746 0.000000 
2747 0.000000 
2748 0.000000 
2749 0.000000 
2750 0.000000 
2751 0.000000 
2752 0.000000 
2753 0.000000 
2754 0.000000 
2755 0.000000 
2756 0.000000 
2757 0.000000 
2758 0.000000 
2759 0.000000 
2760 0.000000 
2761 0.000000 
2762 0.000000 
2763 0.000000 
2764 0.000000 
2765 0.000000 
2766 0.000000 
2767 0.000000 
2768 0.000000 
2769 0.000000 
2770 0.000000 
2771 0.000000 
2772 0.000000 
2773 0.000000 
2774 0.000000 
2775 0.000000 
2776 0.000000 
2777 0.000000 
2778 0.000000 
2779 0.000000 
2780 0.000000 
2781 0.000000 
2782 0.000000 
2783 0.000000 
2784 0.000000 
2785 0.000000 
2786 0.000000 
2787 0.000000 
2788 0.000000 
2789 0.000000 
2790 0.000000 
2791 0.000000 
2792 0.000000 
2793 0.000000 
2794 0.000000 
2795 0.000000 
2796 0.000000 
2797 0.000000 
2798 0.000000 
2799 0.000000 
2800 0.000000 
2801 0.000000 
2802 0.000000 
2803 0.000000 
2804 0.000000 
2805 0.000000 
2806 0.000000 
2807 0.000000 
2808 0.000000 
2809 0.000000 
2810 0.000000 
2811 0.000000 
2812 0.000000 
2813 0.000000 
2814 0.000000 
2815 0.000000 
2816 0.000000 
2817 0.000000 
2818 0.000000 
2819 0.000000 
2820 0.000000 
2821 0.000000 
2822 0.000000 
2823 0.000000 
2824 0.000000 
2825 0.000000 
2826 0.000000 
2827 0.000000 
2828 0.000000 
2829 0.000000 
2830 0.000000 
2831 0.000000 
2832 0.000000 
2833 0.000000 
2834 0.000000 
2835 0.000000 
2836 0.000000 
2837 0.000000 
2838 0.000000 
2839 0.000000 
2840 0.000000 
2841 0.000000 
2842 0.000000 
2843 0.000000 
2844 0.000000 
2845 0.000000 
2846 0.000000 
2847 0.000000 
2848 0.000000 
2849 0.000000 
2850 0.000000 
2851 0.000000 
2852 0.000000 
2853 0.000000 
2854 0.000000 
2855 0.000000 
2856 0.000000 
2857 0.000000 
2858 0.000000 
2859 0.000000 
2860 0.000000 
2861 0.000000 
2862 0.000000 
2863 0.000000 
2864 0.000000 
2865 0.000000 
2866 0.000000 
2867 0.000000 
2868 0.000000 
2869 0.000000 
2870 0.000000 
2871 0.000000 
2872 0.000000 
2873 0.000000 
2874 0.000000 
2875 0.000000 
2876 0.000000 
2877 0.000000 
2878 0.000000 
2879 0.000000 
2880 0.000000 
2881 0.000000 
2882 0.000000 
2883 0.000000 
2884 0.000000 
2885 0.000000 
2886 0.000000 
2887 0.000000 
2888 0.000000 
2889 0.000000 
2890 0.000000 
2891 0.000000 
2892 0.000000 
2893 0.000000 
2894 0.000000 
2895 0.000000 
2896 0.000000 
2897 0.000000 
2898 0.000000 
2899 0.000000 
2900 0.000000 
2901 0.000000 
2902 0.000000 
2903 0.000000 
2904 0.000000 
2905 0.000000 
2906 0.000000 
2907 0.000000 
2908 0.000000 
2909 0.000000 
2910 0.000000 
2911 0.000000 
2912 0.000000 
2913 0.000000 
2914 0.000000 
2915 0.000000 
2916 0.000000 
2917 0.000000 
2918 0.000000 
2919 0.000000 
2920 0.000000 
2921 0.000000 
2922 0.000000 
2923 0.000000 
2924 0.000000 
2925 0.000000 
2926 0.000000 
2927 0.000000 
2928 0.000000 
2929 0.000000 
2930 0.000000 
2931 0.000000 
2932 0.000000 
2933 0.000000 
2934 0.000000 
2935 0.000000 
2936 0.000000 
2937 0.000000 
2938 0.000000 
2939 0.000000 
2940 0.000000 
2941 0.000000 
2942 0.000000 
2943 0.000000 
2944 0.000000 
2945 0.000000 
2946 0.000000 
2947 0.000000 
2948 0.000000 
2949 0.000000 
2950 0.000000 
2951 0.000000 
2952 0.000000 
2953 0.000000 
2954 0.000000 
2955 0.000000 
2956 0.000000 
2957 0.000000 
2958 0.000000 
2959 0.000000 
2960 0.000000 
2961 0.000000 
2962 0.000000 
2963 0.000000 
2964 0.000000 
2965 0.000000 
2966 0.000000 
2967 0.000000 
2968 0.000000 
2969 0.000000 
2970 0.000000 
2971 0.000000 
2972 0.000000 
2973 0.000000 
2974 0.000000 
2975 0.000000 
2976 0.000000 
2977 0.000000 
2978 0.000000 
2979 0.000000 
2980 0.000000 
2981 0.000000 
2982 0.000000 
2983 0.000000 
2984 0.000000 
2985 0.000000 
2986 0.000000 
2987 0.000000 
2988 0.000000 
2989 0.000000 
2990 0.000000 
2991 0.000000 
2992 0.000000 
2993 0.000000 
2994 0.000000 
2995 0.000000 
2996 0.000000 
2997 0.000000 
2998 0.000000 
2999 0.000000 
3000 0.000000 
3001 0.000000 
3002 0.000000 
3003 0.000000 
3004 0.000000 
3005 0.000000 
3006 0.000000 
3007 0.000000 
3008 0.000000 
3009 0.000000 
3010 0.000000 
3011 0.000000 
3012 0.000000 
3013 0.000000 
3014 0.000000 
3015 0.000000 
3016 0.000000 
3017 0.000000 
3018 0.000000 
3019 0.000000 
3020 0.000000 
3021 0.000000 
3022 0.000000 
3023 0.000000 
3024 0.000000 
3025 0.000000 
3026 0.000000 
3027 0.000000 
3028 0.000000 
3029 0.000000 
3030 0.000000 
3031 0.000000 
3032 0.000000 
3033 0.000000 
3034 0.000000 
3035 0.000000 
3036 0.000000 
3037 0.000000 
3038 0.000000 
3039 0.000000 
3040 0.000000 
3041 0.000000 
3042 0.000000 
3043 0.000000 
3044 0.000000 
3045 0.000000 
3046 0.000000 
3047 0.000000 
3048 0.000000 
3049 0.000000 
3050 0.000000 
3051 0.000000 
3052 0.000000 
3053 0.000000 
3054 0.000000 
3055 0.000000 
3056 0.000000 
3057 0.000000 
3058 0.000000 
3059 0.000000 
3060 0.000000 
3061 0.000000 
3062 0.000000 
3063 0.000000 
3064 0.000000 
3065 0.000000 
3066 0.000000 
3067 0.000000 
3068 0.000000 
3069 0.000000 
3070 0.000000 
3071 0.000000 
3072 0.000000 
3073 0.000000 
3074 0.000000 
3075 0.000000 
3076 0.000000 
3077 0.000000 
3078 0.000000 
3079 0.000000 
3080 0.000000 
3081 0.000000 
3082 0.000000 
3083 0.000000 
3084 0.000000 
3085 0.000000 
3086 0.000000 
3087 0.000000 
3088 0.000000 
3089 0.000000 
3090 0.000000 
3091 0.000000 
3092 0.000000 
3093 0.000000 
3094 0.000000 
3095 0.000000 
3096 0.000000 
3097 0.000000 
3098 0.000000 
3099 0.000000 
3100 0.000000 
3101 0.000000 
3102 0.000000 
3103 0.000000 
3104 0.000000 
3105 0.000000 
3106 0.000000 
3107 0.000000 
3108 0.000000 
3109 0.000000 
3110 0.000000 
3111 0.000000 
3112 0.000000 
3113 0.000000 
3114 0.000000 
3115 0.000000 
3116 0.000000 
3117 0.000000 
3118 0.000000 
3119 0.000000 
3120 0.000000 
3121 0.000000 
3122 0.000000 
3123 0.000000 
3124 0.000000 
3125 0.000000 
3126 0.000000 
3127 0.000000 
3128 0.000000 
3129 0.000000 
3130 0.000000 
3131 0.000000 
3132 0.000000 
3133 0.000000 
3134 0.000000 
3135 0.000000 
3136 0.000000 
3137 0.000000 
3138 0.000000 
3139 0.000000 
3140 0.000000 
3141 0.000000 
3142 0.000000 
3143 0.000000 
3144 0.000000 
3145 0.000000 
3146 0.000000 
3147 0.000000 
3148 0.000000 
3149 0.000000 
3150 0.000000 
3151 0.000000 
3152 0.000000 
3153 0.000000 
3154 0.000000 
3155 0.000000 
3156 0.000000 
3157 0.000000 
3158 0.000000 
3159 0.000000 
3160 0.000000 
3161 0.000000 
3162 0.000000 
3163 0.000000 
3164 0.000000 
3165 0.000000 
3166 0.000000 
3167 0.000000 
3168 0.000000 
3169 0.000000 
3170 0.000000 
3171 0.000000 
3172 0.000000 
3173 0.000000 
3174 0.000000 
3175 0.000000 
3176 0.000000 
3177 0.000000 
3178 0.000000 
3179 0.000000 
3180 0.000000 
3181 0.000000 
3182 0.000000 
3183 0.000000 
3184 0.000000 
3185 0.000000 
3186 0.000000 
3187 0.000000 
3188 0.000000 
3189 0.000000 
3190 0.000000 
3191 0.000000 
3192 0.000000 
3193 0.000000 
3194 0.000000 
3195 0.000000 
3196 0.000000 
3197 0.000000 
3198 0.000000 
3199 0.000000 
3200 0.000000 
3201 0.000000 
3202 0.000000 
3203 0.000000 
3204 0.000000 
3205 0.000000 
3206 0.000000 
3207 0.000000 
3208 0.000000 
3209 0.000000 
3210 0.000000 
3211 0.000000 
3212 0.000000 
3213 0.000000 
3214 0.000000 
3215 0.000000 
3216 0.000000 
3217 0.000000 
3218 0.000000 
3219 0.000000 
3220 0.000000 
3221 0.000000 
3222 0.000000 
3223 0.000000 
3224 0.000000 
3225 0.000000 
3226 0.000000 
3227 0.000000 
3228 0.000000 
3229 0.000000 
3230 0.000000 
3231 0.000000 
3232 0.000000 
3233 0.000000 
3234 0.000000 
3235 0.000000 
3236 0.000000 
3237 0.000000 
3238 0.000000 
3239 0.000000 
3240 0.000000 
3241 0.000000 
3242 0.000000 
3243 0.000000 
3244 0.000000 
3245 0.000000 
3246 0.000000 
3247 0.000000 
3248 0.000000 
3249 0.000000 
3250 0.000000 
3251 0.000000 
3252 0.000000 
3253 0.000000 
3254 0.000000 
3255 0.000000 
3256 0.000000 
3257 0.000000 
3258 0.000000 
3259 0.000000 
3260 0.000000 
3261 0.000000 
3262 0.000000 
3263 0.000000 
3264 0.000000 
3265 0.000000 
3266 0.000000 
3267 0.000000 
3268 0.000000 
3269 0.000000 
3270 0.000000 
3271 0.000000 
3272 0.000000 
3273 0.000000 
3274 0.000000 
3275 0.000000 
3276 0.000000 
3277 0.000000 
3278 0.000000 
3279 0.000000 
3280 0.000000 
3281 0.000000 
3282 0.000000 
3283 0.000000 
3284 0.000000 
3285 0.000000 
3286 0.000000 
3287 0.000000 
3288 0.000000 
3289 0.000000 
3290 0.000000 
3291 0.000000 
3292 0.000000 
3293 0.000000 
3294 0.000000 
3295 0.000000 
3296 0.000000 
3297 0.000000 
3298 0.000000 
3299 0.000000 
3300 0.000000 
3301 0.000000 
3302 0.000000 
3303 0.000000 
3304 0.000000 
3305 0.000000 
3306 0.000000 
3307 0.000000 
3308 0.000000 
3309 0.000000 
3310 0.000000 
3311 0.000000 
3312 0.000000 
3313 0.000000 
3314 0.000000 
3315 0.000000 
3316 0.000000 
3317 0.000000 
3318 0.000000 
3319 0.000000 
3320 0.000000 
3321 0.000000 
3322 0.000000 
3323 0.000000 
3324 0.000000 
3325 0.000000 
3326 0.000000 
3327 0.000000 
3328 0.000000 
3329 0.000000 
3330 0.000000 
3331 0.000000 
3332 0.000000 
3333 0.000000 
3334 0.000000 
3335 0.000000 
3336 0.000000 
3337 0.000000 
3338 0.000000 
3339 0.000000 
3340 0.000000 
3341 0.000000 
3342 0.000000 
3343 0.000000 
3344 0.000000 
3345 0.000000 
3346 0.000000 
3347 0.000000 
3348 0.000000 
3349 0.000000 
3350 0.000000 
3351 0.000000 
3352 0.000000 
3353 0.000000 
3354 0.000000 
3355 0.000000 
3356 0.000000 
3357 0.000000 
3358 0.000000 
3359 0.000000 
3360 0.000000 
3361 0.000000 
3362 0.000000 
3363 0.000000 
3364 0.000000 
3365 0.000000 
3366 0.000000 
3367 0.000000 
3368 0.000000 
3369 0.000000 
3370 0.000000 
3371 0.000000 
3372 0.000000 
3373 0.000000 
3374 0.000000 
3375 0.000000 
3376 0.000000 
3377 0.000000 
3378 0.000000 
3379 0.000000 
3380 0.000000 
3381 0.000000 
3382 0.000000 
3383 0.000000 
3384 0.000000 
3385 0.000000 
3386 0.000000 
3387 0.000000 
3388 0.000000 
3389 0.000000 
3390 0.000000 
3391 0.000000 
3392 0.000000 
3393 0.000000 
3394 0.000000 
3395 0.000000 
3396 0.000000 
3397 0.000000 
3398 0.000000 
3399 0.000000 
3400 0.000000 
3401 0.000000 
3402 0.000000 
3403 0.000000 
3404 0.000000 
3405 0.000000 
3406 0.000000 
3407 0.000000 
3408 0.000000 
3409 0.000000 
3410 0.000000 
3411 0.000000 
3412 0.000000 
3413 0.000000 
3414 0.000000 
3415 0.000000 
3416 0.000000 
3417 0.000000 
3418 0.000000 
3419 0.000000 
3420 0.000000 
3421 0.000000 
3422 0.000000 
3423 0.000000 
3424 0.000000 
3425 0.000000 
3426 0.000000 
3427 0.000000 
3428 0.000000 
3429 0.000000 
3430 0.000000 
3431 0.000000 
3432 0.000000 
3433 0.000000 
3434 0.000000 
3435 0.000000 
3436 0.000000 
3437 0.000000 
3438 0.000000 
3439 0.000000 
3440 0.000000 
3441 0.000000 
3442 0.000000 
3443 0.000000 
3444 0.000000 
3445 0.000000 
3446 0.000000 
3447 0.000000 
3448 0.000000 
3449 0.000000 
3450 0.000000 
3451 0.000000 
3452 0.000000 
3453 0.000000 
3454 0.000000 
3455 0.000000 
3456 0.000000 
3457 0.000000 
3458 0.000000 
3459 0.000000 
3460 0.000000 
3461 0.000000 
3462 0.000000 
3463 0.000000 
3464 0.000000 
3465 0.000000 
3466 0.000000 
3467 0.000000 
3468 0.000000 
3469 0.000000 
3470 0.000000 
3471 0.000000 
3472 0.000000 
3473 0.000000 
3474 0.000000 
3475 0.000000 
3476 0.000000 
3477 0.000000 
3478 0.000000 
3479 0.000000 
3480 0.000000 
3481 0.000000 
3482 0.000000 
3483 0.000000 
3484 0.000000 
3485 0.000000 
3486 0.000000 
3487 0.000000 
3488 0.000000 
3489 0.000000 
3490 0.000000 
3491 0.000000 
3492 0.000000 
3493 0.000000 
3494 0.000000 
3495 0.000000 
3496 0.000000 
3497 0.000000 
3498 0.000000 
3499 0.000000 
3500 0.000000 
3501 0.000000 
3502 0.000000 
3503 0.000000 
3504 0.000000 
3505 0.000000 
3506 0.000000 
3507 0.000000 
3508 0.000000 
3509 0.000000 
3510 0.000000 
3511 0.000000 
3512 0.000000 
3513 0.000000 
3514 0.000000 
3515 0.000000 
3516 0.000000 
3517 0.000000 
3518 0.000000 
3519 0.000000 
3520 0.000000 
3521 0.000000 
3522 0.000000 
3523 0.000000 
3524 0.000000 
3525 0.000000 
3526 0.000000 
3527 0.000000 
3528 0.000000 
3529 0.000000 
3530 0.000000 
3531 0.000000 
3532 0.000000 
3533 0.000000 
3534 0.000000 
3535 0.000000 
3536 0.000000 
3537 0.000000 
3538 0.000000 
3539 0.000000 
3540 0.000000 
3541 0.000000 
3542 0.000000 
3543 0.000000 
3544 0.000000 
3545 0.000000 
3546 0.000000 
3547 0.000000 
3548 0.000000 
3549 0.000000 
3550 0.000000 
3551 0.000000 
3552 0.000000 
3553 0.000000 
3554 0.000000 
3555 0.000000 
3556 0.000000 
3557 0.000000 
3558 0.000000 
3559 0.000000 
3560 0.000000 
3561 0.000000 
3562 0.000000 
3563 0.000000 
3564 0.000000 
3565 0.000000 
3566 0.000000 
3567 0.000000 
3568 0.000000 
3569 0.000000 
3570 0.000000 
3571 0.000000 
3572 0.000000 
3573 0.000000 
3574 0.000000 
3575 0.000000 
3576 0.000000 
3577 0.000000 
3578 0.000000 
3579 0.000000 
3580 0.000000 
3581 0.000000 
3582 0.000000 
3583 0.000000 
3584 0.000000 
3585 0.000000 
3586 0.000000 
3587 0.000000 
3588 0.000000 
3589 0.000000 
3590 0.000000 
3591 0.000000 
3592 0.000000 
3593 0.000000 
3594 0.000000 
3595 0.000000 
3596 0.000000 
3597 0.000000 
3598 0.000000 
3599 0.000000 
3600 0.000000 
3601 0.000000 
3602 0.000000 
3603 0.000000 
3604 0.000000 
3605 0.000000 
3606 0.000000 
3607 0.000000 
3608 0.000000 
3609 0.000000 
3610 0.000000 
3611 0.000000 
3612 0.000000 
3613 0.000000 
3614 0.000000 
3615 0.000000 
3616 0.000000 
3617 0.000000 
3618 0.000000 
3619 0.000000 
3620 0.000000 
3621 0.000000 
3622 0.000000 
3623 0.000000 
3624 0.000000 
3625 0.000000 
3626 0.000000 
3627 0.000000 
3628 0.000000 
3629 0.000000 
3630 0.000000 
3631 0.000000 
3632 0.000000 
3633 0.000000 
3634 0.000000 
3635 0.000000 
3636 0.000000 
3637 0.000000 
3638 0.000000 
3639 0.000000 
3640 0.000000 
3641 0.000000 
3642 0.000000 
3643 0.000000 
3644 0.000000 
3645 0.000000 
3646 0.000000 
3647 0.000000 
3648 0.000000 
3649 0.000000 
3650 0.000000 
3651 0.000000 
3652 0.000000 
3653 0.000000 
3654 0.000000 
3655 0.000000 
3656 0.000000 
3657 0.000000 
3658 0.000000 
3659 0.000000 
3660 0.000000 
3661 0.000000 
3662 0.000000 
3663 0.000000 
3664 0.000000 
3665 0.000000 
3666 0.000000 
3667 0.000000 
3668 0.000000 
3669 0.000000 
3670 0.000000 
3671 0.000000 
3672 0.000000 
3673 0.000000 
3674 0.000000 
3675 0.000000 
3676 0.000000 
3677 0.000000 
3678 0.000000 
3679 0.000000 
3680 0.000000 
3681 0.000000 
3682 0.000000 
3683 0.000000 
3684 0.000000 
3685 0.000000 
3686 0.000000 
3687 0.000000 
3688 0.000000 
3689 0.000000 
3690 0.000000 
3691 0.000000 
3692 0.000000 
3693 0.000000 
3694 0.000000 
3695 0.000000 
3696 0.000000 
3697 0.000000 
3698 0.000000 
3699 0.000000 
3700 0.000000 
3701 0.000000 
3702 0.000000 
3703 0.000000 
3704 0.000000 
3705 0.000000 
3706 0.000000 
3707 0.000000 
3708 0.000000 
3709 0.000000 
3710 0.000000 
3711 0.000000 
3712 0.000000 
3713 0.000000 
3714 0.000000 
3715 0.000000 
3716 0.000000 
3717 0.000000 
3718 0.000000 
3719 0.000000 
3720 0.000000 
3721 0.000000 
3722 0.000000 
3723 0.000000 
3724 0.000000 
3725 0.000000 
3726 0.000000 
3727 0.000000 
3728 0.000000 
3729 0.000000 
3730 0.000000 
3731 0.000000 
3732 0.000000 
3733 0.000000 
3734 0.000000 
3735 0.000000 
3736 0.000000 
3737 0.000000 
3738 0.000000 
3739 0.000000 
3740 0.000000 
3741 0.000000 
3742 0.000000 
3743 0.000000 
3744 0.000000 
3745 0.000000 
3746 0.000000 
3747 0.000000 
3748 0.000000 
3749 0.000000 
3750 0.000000 
3751 0.000000 
3752 0.000000 
3753 0.000000 
3754 0.000000 
3755 0.000000 
3756 0.000000 
3757 0.000000 
3758 0.000000 
3759 0.000000 
3760 0.000000 
3761 0.000000 
3762 0.000000 
3763 0.000000 
3764 0.000000 
3765 0.000000 
3766 0.000000 
3767 0.000000 
3768 0.000000 
3769 0.000000 
3770 0.000000 
3771 0.000000 
3772 0.000000 
3773 0.000000 
3774 0.000000 
3775 0.000000 
3776 0.000000 
3777 0.000000 
3778 0.000000 
3779 0.000000 
3780 0.000000 
3781 0.000000 
3782 0.000000 
3783 0.000000 
3784 0.000000 
3785 0.000000 
3786 0.000000 
3787 0.000000 
3788 0.000000 
3789 0.000000 
3790 0.000000 
3791 0.000000 
3792 0.000000 
3793 0.000000 
3794 0.000000 
3795 0.000000 
3796 0.000000 
3797 0.000000 
3798 0.000000 
3799 0.000000 
3800 0.000000 
3801 0.000000 
3802 0.000000 
3803 0.000000 
3804 0.000000 
3805 0.000000 
3806 0.000000 
3807 0.000000 
3808 0.000000 
3809 0.000000 
3810 0.000000 
3811 0.000000 
3812 0.000000 
3813 0.000000 
3814 0.000000 
3815 0.000000 
3816 0.000000 
3817 0.000000 
3818 0.000000 
3819 0.000000 
3820 0.000000 
3821 0.000000 
3822 0.000000 
3823 0.000000 
3824 0.000000 
3825 0.000000 
3826 0.000000 
3827 0.000000 
3828 0.000000 
3829 0.000000 
3830 0.000000 
3831 0.000000 
3832 0.000000 
3833 0.000000 
3834 0.000000 
3835 0.000000 
3836 0.000000 
3837 0.000000 
3838 0.000000 
3839 0.000000 
3840 0.000000 
3841 0.000000 
3842 0.000000 
3843 0.000000 
3844 0.000000 
3845 0.000000 
3846 0.000000 
3847 0.000000 
3848 0.000000 
3849 0.000000 
3850 0.000000 
3851 0.000000 
3852 0.000000 
3853 0.000000 
3854 0.000000 
3855 0.000000 
3856 0.000000 
3857 0.000000 
3858 0.000000 
3859 0.000000 
3860 0.000000 
3861 0.000000 
3862 0.000000 
3863 0.000000 
3864 0.000000 
3865 0.000000 
3866 0.000000 
3867 0.000000 
3868 0.000000 
3869 0.000000 
3870 0.000000 
3871 0.000000 
3872 0.000000 
3873 0.000000 
3874 0.000000 
3875 0.000000 
3876 0.000000 
3877 0.000000 
3878 0.000000 
3879 0.000000 
3880 0.000000 
3881 0.000000 
3882 0.000000 
3883 0.000000 
3884 0.000000 
3885 0.000000 
3886 0.000000 
3887 0.000000 
3888 0.000000 
3889 0.000000 
3890 0.000000 
3891 0.000000 
3892 0.000000 
3893 0.000000 
3894 0.000000 
3895 0.000000 
3896 0.000000 
3897 0.000000 
3898 0.000000 
3899 0.000000 
3900 0.000000 
3901 0.000000 
3902 0.000000 
3903 0.000000 
3904 0.000000 
3905 0.000000 
3906 0.000000 
3907 0.000000 
3908 0.000000 
3909 0.000000 
3910 0.000000 
3911 0.000000 
3912 0.000000 
3913 0.000000 
3914 0.000000 
3915 0.000000 
3916 0.000000 
3917 0.000000 
3918 0.000000 
3919 0.000000 
3920 0.000000 
3921 0.000000 
3922 0.000000 
3923 0.000000 
3924 0.000000 
3925 0.000000 
3926 0.000000 
3927 0.000000 
3928 0.000000 
3929 0.000000 
3930 0.000000 
3931 0.000000 
3932 0.000000 
3933 0.000000 
3934 0.000000 
3935 0.000000 
3936 0.000000 
3937 0.000000 
3938 0.000000 
3939 0.000000 
3940 0.000000 
3941 0.000000 
3942 0.000000 
3943 0.000000 
3944 0.000000 
3945 0.000000 
3946 0.000000 
3947 0.000000 
3948 0.000000 
3949 0.000000 
3950 0.000000 
3951 0.000000 
3952 0.000000 
3953 0.000000 
3954 0.000000 
3955 0.000000 
3956 0.000000 
3957 0.000000 
3958 0.000000 
3959 0.000000 
3960 0.000000 
3961 0.000000 
3962 -0.000000 
3963 0.000000 
3964 -0.000000 
3965 0.000000 
3966 -0.000000 
3967 0.000000 
3968 -0.000000 
3969 0.000000 
3970 -0.000000 
3971 0.000000 
3972 -0.000000 
3973 0.000000 
3974 -0.000000 
3975 0.000000 
3976 -0.000000 
3977 0.000000 
3978 -0.000000 
3979 0.000000 
3980 -0.000000 
3981 0.000000 
3982 -0.000000 
3983 0.000000 
3984 -0.000000 
3985 0.000000 
3986 -0.000000 
3987 0.000000 
3988 0.000000 
3989 -0.000000 
3990 0.000000 
3991 -0.000000 
3992 0.000000 
3993 -0.000000 
3994 0.000000 
3995 -0.000000 
3996 0.000000 
3997 -0.000000 
3998 0.000000 
3999 -0.000000 
4000 0.000000 
