0 -0.000000 
1 0.000000 
2 -0.000000 
3 0.000000 
4 -0.000000 
5 0.000000 
6 -0.000000 
7 0.000000 
8 -0.000000 
9 0.000000 
10 -0.000000 
11 0.000000 
12 -0.000000 
13 0.000000 
14 -0.000000 
15 0.000000 
16 -0.000000 
17 0.000000 
18 -0.000000 
19 0.000000 
20 -0.000000 
21 0.000000 
22 -0.000000 
23 0.000000 
24 -0.000000 
25 0.000000 
26 -0.000000 
27 0.000000 
28 -0.000000 
29 0.000000 
30 -0.000000 
31 0.000000 
32 -0.000000 
33 0.000000 
34 -0.000000 
35 0.000000 
36 -0.000000 
37 0.000000 
38 -0.000000 
39 0.000000 
40 -0.000000 
41 0.000000 
42 -0.000000 
43 0.000000 
44 -0.000000 
45 0.000000 
46 -0.000000 
47 0.000000 
48 -0.000000 
49 0.000000 
50 -0.000000 
51 0.000000 
52 -0.000000 
53 0.000000 
54 -0.000000 
55 0.000000 
56 -0.000000 
57 0.000000 
58 -0.000000 
59 0.000000 
60 -0.000000 
61 0.000000 
62 -0.000000 
63 0.000000 
64 -0.000000 
65 0.000000 
66 -0.000000 
67 0.000000 
68 -0.000000 
69 0.000000 
70 0.000000 
71 -0.000000 
72 0.000000 
73 -0.000000 
74 0.000000 
75 -0.000000 
76 0.000000 
77 -0.000000 
78 0.000000 
79 -0.000000 
80 0.000000 
81 -0.000000 
82 0.000000 
83 -0.000000 
84 0.000000 
85 -0.000000 
86 0.000000 
87 -0.000000 
88 0.000000 
89 -0.000000 
90 0.000000 
91 -0.000000 
92 0.000000 
93 -0.000000 
94 0.000000 
95 -0.000000 
96 0.000000 
97 -0.000000 
98 0.000000 
99 -0.000000 
100 0.000000 
101 -0.000000 
102 0.000000 
103 -0.000000 
104 0.000000 
105 -0.000000 
106 0.000000 
107 -0.000000 
108 0.000000 
109 -0.000000 
110 0.000000 
111 -0.000000 
112 0.000000 
113 -0.000000 
114 0.000000 
115 -0.000000 
116 0.000000 
117 -0.000000 
118 0.000000 
119 -0.000000 
120 0.000000 
121 -0.000000 
122 0.000000 
123 -0.000000 
124 0.000000 
125 -0.000000 
126 0.000000 
127 -0.000000 
128 0.000000 
129 -0.000000 
130 0.000000 
131 -0.000000 
132 0.000000 
133 -0.000000 
134 0.000000 
135 -0.000000 
136 0.000000 
137 -0.000000 
138 0.000000 
139 -0.000000 
140 0.000000 
141 -0.000000 
142 0.000000 
143 -0.000000 
144 0.000000 
145 -0.000000 
146 0.000000 
147 -0.000000 
148 0.000000 
149 -0.000000 
150 0.000000 
151 -0.000000 
152 0.000000 
153 -0.000000 
154 0.000000 
155 -0.000000 
156 0.000000 
157 -0.000000 
158 0.000000 
159 -0.000000 
160 0.000000 
161 -0.000000 
162 0.000000 
163 -0.000000 
164 0.000000 
165 -0.000000 
166 0.000000 
167 -0.000000 
168 0.000000 
169 -0.000000 
170 0.000000 
171 -0.000000 
172 -0.000000 
173 0.000000 
174 -0.000000 
175 0.000000 
176 -0.000000 
177 0.000000 
178 -0.000000 
179 0.000000 
180 -0.000000 
181 0.000000 
182 -0.000000 
183 0.000000 
184 -0.000000 
185 0.000000 
186 -0.000000 
187 0.000000 
188 -0.000000 
189 0.000000 
190 -0.000000 
191 0.000000 
192 -0.000000 
193 0.000000 
194 -0.000000 
195 0.000000 
196 -0.000000 
197 0.000000 
198 -0.000000 
199 0.000000 
200 -0.000000 
201 0.000000 
202 -0.000000 
203 0.000000 
204 -0.000000 
205 0.000000 
206 -0.000000 
207 0.000000 
208 -0.000000 
209 0.000000 
210 -0.000000 
211 0.000000 
212 -0.000000 
213 0.000000 
214 -0.000000 
215 0.000000 
216 -0.000000 
217 0.000000 
218 -0.000000 
219 0.000000 
220 -0.000000 
221 0.000000 
222 -0.000000 
223 0.000000 
224 -0.000000 
225 0.000000 
226 -0.000000 
227 0.000000 
228 -0.000000 
229 0.000000 
230 -0.000000 
231 0.000000 
232 -0.000000 
233 0.000000 
234 -0.000000 
235 0.000000 
236 -0.000000 
237 0.000000 
238 -0.000000 
239 0.000000 
240 -0.000000 
241 0.000000 
242 -0.000000 
243 0.000000 
244 -0.000000 
245 0.000000 
246 -0.000000 
247 0.000000 
248 -0.000000 
249 0.000000 
250 -0.000000 
251 0.000000 
252 -0.000000 
253 0.000000 
254 -0.000000 
255 0.000000 
256 -0.000000 
257 0.000000 
258 -0.000000 
259 0.000000 
260 -0.000000 
261 0.000000 
262 -0.000000 
263 0.000000 
264 -0.000000 
265 0.000000 
266 -0.000000 
267 0.000000 
268 -0.000000 
269 0.000000 
270 -0.000000 
271 0.000000 
272 -0.000000 
273 0.000000 
274 -0.000000 
275 0.000000 
276 -0.000000 
277 0.000000 
278 -0.000000 
279 0.000000 
280 -0.000000 
281 0.000000 
282 -0.000000 
283 0.000000 
284 -0.000000 
285 0.000000 
286 -0.000000 
287 0.000000 
288 -0.000000 
289 0.000000 
290 -0.000000 
291 0.000000 
292 -0.000000 
293 0.000000 
294 -0.000000 
295 0.000000 
296 -0.000000 
297 0.000000 
298 -0.000000 
299 0.000000 
300 -0.000000 
301 0.000000 
302 -0.000000 
303 0.000000 
304 -0.000000 
305 0.000000 
306 -0.000000 
307 0.000000 
308 -0.000000 
309 0.000000 
310 -0.000000 
311 0.000000 
312 -0.000000 
313 0.000000 
314 -0.000000 
315 0.000000 
316 -0.000000 
317 0.000000 
318 -0.000000 
319 0.000000 
320 -0.000000 
321 0.000000 
322 -0.000000 
323 -0.000000 
324 0.000000 
325 -0.000000 
326 0.000000 
327 -0.000000 
328 0.000000 
329 -0.000000 
330 0.000000 
331 -0.000000 
332 0.000000 
333 -0.000000 
334 0.000000 
335 -0.000000 
336 0.000000 
337 -0.000000 
338 0.000000 
339 -0.000000 
340 0.000000 
341 -0.000000 
342 0.000000 
343 -0.000000 
344 0.000000 
345 -0.000000 
346 0.000000 
347 -0.000000 
348 0.000000 
349 -0.000000 
350 0.000000 
351 -0.000000 
352 0.000000 
353 -0.000000 
354 0.000000 
355 -0.000000 
356 0.000000 
357 -0.000000 
358 0.000000 
359 -0.000000 
360 0.000000 
361 -0.000000 
362 0.000000 
363 -0.000000 
364 0.000000 
365 -0.000000 
366 0.000000 
367 0.000000 
368 -0.000000 
369 0.000000 
370 -0.000000 
371 0.000000 
372 -0.000000 
373 0.000000 
374 -0.000000 
375 0.000000 
376 -0.000000 
377 0.000000 
378 -0.000000 
379 0.000000 
380 -0.000000 
381 0.000000 
382 -0.000000 
383 0.000000 
384 -0.000000 
385 0.000000 
386 -0.000000 
387 0.000000 
388 -0.000000 
389 0.000000 
390 -0.000000 
391 0.000000 
392 -0.000000 
393 0.000000 
394 -0.000000 
395 -0.000000 
396 0.000000 
397 -0.000000 
398 0.000000 
399 -0.000000 
400 0.000000 
401 -0.000000 
402 0.000000 
403 -0.000000 
404 0.000000 
405 -0.000000 
406 0.000000 
407 -0.000000 
408 0.000000 
409 -0.000000 
410 0.000000 
411 -0.000000 
412 0.000000 
413 -0.000000 
414 0.000000 
415 -0.000000 
416 0.000000 
417 -0.000000 
418 0.000000 
419 -0.000000 
420 0.000000 
421 -0.000000 
422 0.000000 
423 -0.000000 
424 0.000000 
425 -0.000000 
426 0.000000 
427 -0.000000 
428 0.000000 
429 -0.000000 
430 0.000000 
431 -0.000000 
432 0.000000 
433 -0.000000 
434 0.000000 
435 -0.000000 
436 0.000000 
437 -0.000000 
438 0.000000 
439 -0.000000 
440 0.000000 
441 -0.000000 
442 0.000000 
443 -0.000000 
444 0.000000 
445 -0.000000 
446 0.000000 
447 -0.000000 
448 0.000000 
449 -0.000000 
450 0.000000 
451 -0.000000 
452 0.000000 
453 -0.000000 
454 0.000000 
455 -0.000000 
456 0.000000 
457 -0.000000 
458 0.000000 
459 -0.000000 
460 0.000000 
461 -0.000000 
462 0.000000 
463 -0.000000 
464 0.000000 
465 -0.000000 
466 0.000000 
467 -0.000000 
468 0.000000 
469 -0.000000 
470 0.000000 
471 -0.000000 
472 0.000000 
473 -0.000000 
474 0.000000 
475 -0.000000 
476 0.000000 
477 -0.000000 
478 0.000000 
479 -0.000000 
480 0.000000 
481 -0.000000 
482 0.000000 
483 -0.000000 
484 0.000000 
485 -0.000000 
486 0.000000 
487 -0.000000 
488 0.000000 
489 -0.000000 
490 0.000000 
491 -0.000000 
492 0.000000 
493 -0.000000 
494 0.000000 
495 -0.000000 
496 0.000000 
497 0.000000 
498 -0.000000 
499 0.000000 
500 -0.000000 
501 0.000000 
502 -0.000000 
503 0.000000 
504 -0.000000 
505 0.000000 
506 -0.000000 
507 0.000000 
508 -0.000000 
509 0.000000 
510 -0.000000 
511 0.000000 
512 -0.000000 
513 0.000000 
514 -0.000000 
515 0.000000 
516 -0.000000 
517 0.000000 
518 -0.000000 
519 0.000000 
520 -0.000000 
521 0.000000 
522 -0.000000 
523 0.000000 
524 -0.000000 
525 0.000000 
526 -0.000000 
527 0.000000 
528 -0.000000 
529 0.000000 
530 0.000000 
531 -0.000000 
532 0.000000 
533 -0.000000 
534 0.000000 
535 -0.000000 
536 0.000000 
537 -0.000000 
538 0.000000 
539 -0.000000 
540 0.000000 
541 -0.000000 
542 0.000000 
543 -0.000000 
544 0.000000 
545 -0.000000 
546 0.000000 
547 -0.000000 
548 0.000000 
549 -0.000000 
550 0.000000 
551 -0.000000 
552 0.000000 
553 -0.000000 
554 0.000000 
555 -0.000000 
556 0.000000 
557 -0.000000 
558 0.000000 
559 -0.000000 
560 0.000000 
561 -0.000000 
562 -0.000000 
563 0.000000 
564 -0.000000 
565 0.000000 
566 -0.000000 
567 0.000000 
568 -0.000000 
569 0.000000 
570 -0.000000 
571 0.000000 
572 -0.000000 
573 0.000000 
574 -0.000000 
575 0.000000 
576 -0.000000 
577 0.000000 
578 -0.000000 
579 0.000000 
580 -0.000000 
581 0.000000 
582 -0.000000 
583 0.000000 
584 -0.000000 
585 0.000000 
586 -0.000000 
587 0.000000 
588 -0.000000 
589 0.000000 
590 -0.000000 
591 0.000000 
592 -0.000000 
593 0.000000 
594 -0.000000 
595 0.000000 
596 -0.000000 
597 0.000000 
598 -0.000000 
599 0.000000 
600 -0.000000 
601 0.000000 
602 -0.000000 
603 0.000000 
604 -0.000000 
605 0.000000 
606 -0.000000 
607 0.000000 
608 -0.000000 
609 0.000000 
610 -0.000000 
611 0.000000 
612 -0.000000 
613 0.000000 
614 -0.000000 
615 0.000000 
616 -0.000000 
617 0.000000 
618 0.000000 
619 -0.000000 
620 0.000000 
621 -0.000000 
622 0.000000 
623 -0.000000 
624 0.000000 
625 -0.000000 
626 0.000000 
627 -0.000000 
628 0.000000 
629 -0.000000 
630 0.000000 
631 -0.000000 
632 0.000000 
633 -0.000000 
634 0.000000 
635 -0.000000 
636 0.000000 
637 -0.000000 
638 0.000000 
639 -0.000000 
640 0.000000 
641 -0.000000 
642 0.000000 
643 -0.000000 
644 0.000000 
645 -0.000000 
646 0.000000 
647 -0.000000 
648 0.000000 
649 -0.000000 
650 0.000000 
651 -0.000000 
652 0.000000 
653 -0.000000 
654 0.000000 
655 -0.000000 
656 0.000000 
657 -0.000000 
658 0.000000 
659 -0.000000 
660 0.000000 
661 -0.000000 
662 0.000000 
663 -0.000000 
664 0.000000 
665 -0.000000 
666 0.000000 
667 -0.000000 
668 0.000000 
669 -0.000000 
670 0.000000 
671 -0.000000 
672 0.000000 
673 -0.000000 
674 0.000000 
675 -0.000000 
676 -0.000000 
677 0.000000 
678 -0.000000 
679 0.000000 
680 -0.000000 
681 0.000000 
682 -0.000000 
683 0.000000 
684 -0.000000 
685 0.000000 
686 -0.000000 
687 0.000000 
688 -0.000000 
689 0.000000 
690 -0.000000 
691 0.000000 
692 -0.000000 
693 0.000000 
694 -0.000000 
695 0.000000 
696 -0.000000 
697 0.000000 
698 -0.000000 
699 0.000000 
700 -0.000000 
701 0.000000 
702 0.000000 
703 -0.000000 
704 0.000000 
705 -0.000000 
706 0.000000 
707 -0.000000 
708 0.000000 
709 -0.000000 
710 0.000000 
711 -0.000000 
712 0.000000 
713 -0.000000 
714 0.000000 
715 -0.000000 
716 0.000000 
717 -0.000000 
718 0.000000 
719 -0.000000 
720 0.000000 
721 -0.000000 
722 0.000000 
723 -0.000000 
724 0.000000 
725 -0.000000 
726 0.000000 
727 0.000000 
728 -0.000000 
729 0.000000 
730 -0.000000 
731 0.000000 
732 -0.000000 
733 0.000000 
734 -0.000000 
735 0.000000 
736 -0.000000 
737 0.000000 
738 -0.000000 
739 0.000000 
740 -0.000000 
741 0.000000 
742 0.000000 
743 -0.000000 
744 0.000000 
745 -0.000000 
746 0.000000 
747 -0.000000 
748 0.000000 
749 -0.000000 
750 0.000000 
751 -0.000000 
752 0.000000 
753 -0.000000 
754 0.000000 
755 -0.000000 
756 0.000000 
757 -0.000000 
758 0.000000 
759 -0.000000 
760 0.000000 
761 -0.000000 
762 0.000000 
763 -0.000000 
764 0.000000 
765 -0.000000 
766 0.000000 
767 -0.000000 
768 0.000000 
769 -0.000000 
770 0.000000 
771 -0.000000 
772 0.000000 
773 -0.000000 
774 0.000000 
775 -0.000000 
776 0.000000 
777 -0.000000 
778 0.000000 
779 -0.000000 
780 0.000000 
781 -0.000000 
782 0.000000 
783 -0.000000 
784 0.000000 
785 -0.000000 
786 0.000000 
787 0.000000 
788 -0.000000 
789 0.000000 
790 -0.000000 
791 0.000000 
792 -0.000000 
793 0.000000 
794 -0.000000 
795 0.000000 
796 -0.000000 
797 0.000000 
798 -0.000000 
799 0.000000 
800 -0.000000 
801 0.000000 
802 -0.000000 
803 0.000000 
804 -0.000000 
805 0.000000 
806 -0.000000 
807 0.000000 
808 -0.000000 
809 0.000000 
810 -0.000000 
811 0.000000 
812 -0.000000 
813 0.000000 
814 -0.000000 
815 0.000000 
816 -0.000000 
817 0.000000 
818 -0.000000 
819 0.000000 
820 -0.000000 
821 0.000000 
822 -0.000000 
823 0.000000 
824 -0.000000 
825 0.000000 
826 -0.000000 
827 0.000000 
828 -0.000000 
829 0.000000 
830 -0.000000 
831 0.000000 
832 -0.000000 
833 0.000000 
834 -0.000000 
835 0.000000 
836 -0.000000 
837 -0.000000 
838 0.000000 
839 -0.000000 
840 0.000000 
841 -0.000000 
842 0.000000 
843 -0.000000 
844 0.000000 
845 -0.000000 
846 0.000000 
847 -0.000000 
848 0.000000 
849 -0.000000 
850 0.000000 
851 -0.000000 
852 0.000000 
853 -0.000000 
854 0.000000 
855 -0.000000 
856 0.000000 
857 -0.000000 
858 0.000000 
859 -0.000000 
860 0.000000 
861 -0.000000 
862 0.000000 
863 -0.000000 
864 0.000000 
865 -0.000000 
866 0.000000 
867 -0.000000 
868 0.000000 
869 -0.000000 
870 0.000000 
871 -0.000000 
872 0.000000 
873 -0.000000 
874 0.000000 
875 -0.000000 
876 0.000000 
877 -0.000000 
878 0.000000 
879 -0.000000 
880 0.000000 
881 -0.000000 
882 0.000000 
883 -0.000000 
884 0.000000 
885 -0.000000 
886 0.000000 
887 -0.000000 
888 0.000000 
889 -0.000000 
890 0.000000 
891 -0.000000 
892 0.000000 
893 -0.000000 
894 0.000000 
895 -0.000000 
896 0.000000 
897 -0.000000 
898 0.000000 
899 -0.000000 
900 0.000000 
901 -0.000000 
902 0.000000 
903 -0.000000 
904 0.000000 
905 -0.000000 
906 0.000000 
907 -0.000000 
908 0.000000 
909 -0.000000 
910 0.000000 
911 -0.000000 
912 0.000000 
913 -0.000000 
914 0.000000 
915 -0.000000 
916 0.000000 
917 -0.000000 
918 0.000000 
919 -0.000000 
920 0.000000 
921 -0.000000 
922 0.000000 
923 -0.000000 
924 0.000000 
925 -0.000000 
926 0.000000 
927 -0.000000 
928 0.000000 
929 -0.000000 
930 0.000000 
931 -0.000000 
932 0.000000 
933 -0.000000 
934 0.000000 
935 -0.000000 
936 0.000000 
937 -0.000000 
938 0.000000 
939 -0.000000 
940 0.000000 
941 -0.000000 
942 0.000000 
943 -0.000000 
944 0.000000 
945 -0.000000 
946 0.000000 
947 -0.000000 
948 0.000000 
949 -0.000000 
950 0.000000 
951 -0.000000 
952 0.000000 
953 -0.000000 
954 0.000000 
955 -0.000000 
956 0.000000 
957 -0.000000 
958 0.000000 
959 -0.000000 
960 0.000000 
961 -0.000000 
962 0.000000 
963 -0.000000 
964 0.000000 
965 -0.000000 
966 -0.000000 
967 0.000000 
968 -0.000000 
969 0.000000 
970 -0.000000 
971 0.000000 
972 -0.000000 
973 0.000000 
974 -0.000000 
975 0.000000 
976 -0.000000 
977 0.000000 
978 -0.000000 
979 0.000000 
980 -0.000000 
981 0.000000 
982 -0.000000 
983 0.000000 
984 -0.000000 
985 0.000000 
986 -0.000000 
987 0.000000 
988 -0.000000 
989 0.000000 
990 -0.000000 
991 0.000000 
992 -0.000000 
993 0.000000 
994 -0.000000 
995 0.000000 
996 -0.000000 
997 0.000000 
998 -0.000000 
999 0.000000 
1000 -0.000000 
1001 0.000000 
1002 -0.000000 
1003 0.000000 
1004 -0.000000 
1005 0.000000 
1006 -0.000000 
1007 0.000000 
1008 -0.000000 
1009 0.000000 
1010 -0.000000 
1011 0.000000 
1012 -0.000000 
1013 0.000000 
1014 -0.000000 
1015 0.000000 
1016 -0.000000 
1017 0.000000 
1018 -0.000000 
1019 0.000000 
1020 -0.000000 
1021 0.000000 
1022 -0.000000 
1023 0.000000 
1024 -0.000000 
1025 0.000000 
1026 -0.000000 
1027 0.000000 
1028 -0.000000 
1029 0.000000 
1030 -0.000000 
1031 0.000000 
1032 -0.000000 
1033 0.000000 
1034 -0.000000 
1035 0.000000 
1036 -0.000000 
1037 0.000000 
1038 -0.000000 
1039 0.000000 
1040 -0.000000 
1041 0.000000 
1042 -0.000000 
1043 0.000000 
1044 -0.000000 
1045 0.000000 
1046 -0.000000 
1047 0.000000 
1048 -0.000000 
1049 0.000000 
1050 -0.000000 
1051 0.000000 
1052 -0.000000 
1053 0.000000 
1054 -0.000000 
1055 0.000000 
1056 -0.000000 
1057 0.000000 
1058 -0.000000 
1059 0.000000 
1060 -0.000000 
1061 0.000001 
1062 -0.000001 
1063 0.000001 
1064 -0.000001 
1065 0.000001 
1066 -0.000001 
1067 0.000001 
1068 -0.000001 
1069 0.000001 
1070 -0.000001 
1071 0.000001 
1072 -0.000001 
1073 0.000001 
1074 -0.000001 
1075 0.000001 
1076 -0.000001 
1077 0.000001 
1078 -0.000001 
1079 0.000001 
1080 -0.000001 
1081 0.000001 
1082 -0.000001 
1083 0.000001 
1084 -0.000001 
1085 0.000001 
1086 -0.000001 
1087 0.000001 
1088 -0.000001 
1089 0.000000 
1090 -0.000000 
1091 0.000000 
1092 -0.000000 
1093 -0.000000 
1094 0.000000 
1095 -0.000000 
1096 0.000001 
1097 -0.000001 
1098 0.000001 
1099 -0.000001 
1100 0.000001 
1101 -0.000002 
1102 0.000002 
1103 -0.000002 
1104 0.000002 
1105 -0.000003 
1106 0.000003 
1107 -0.000003 
1108 0.000003 
1109 -0.000004 
1110 0.000004 
1111 -0.000004 
1112 0.000005 
1113 -0.000005 
1114 0.000005 
1115 -0.000005 
1116 0.000006 
1117 -0.000006 
1118 0.000006 
1119 -0.000007 
1120 0.000007 
1121 -0.000007 
1122 0.000008 
1123 -0.000008 
1124 0.000009 
1125 -0.000009 
1126 0.000010 
1127 -0.000010 
1128 0.000011 
1129 -0.000011 
1130 0.000012 
1131 -0.000012 
1132 0.000013 
1133 -0.000014 
1134 0.000015 
1135 -0.000015 
1136 0.000016 
1137 -0.000017 
1138 0.000018 
1139 -0.000019 
1140 0.000020 
1141 -0.000021 
1142 0.000022 
1143 -0.000023 
1144 0.000024 
1145 -0.000025 
1146 0.000027 
1147 -0.000028 
1148 0.000029 
1149 -0.000031 
1150 0.000032 
1151 -0.000034 
1152 0.000036 
1153 -0.000037 
1154 0.000039 
1155 -0.000041 
1156 0.000043 
1157 -0.000045 
1158 0.000047 
1159 -0.000049 
1160 0.000051 
1161 -0.000053 
1162 0.000056 
1163 -0.000058 
1164 0.000061 
1165 -0.000063 
1166 0.000066 
1167 -0.000069 
1168 0.000072 
1169 -0.000075 
1170 0.000078 
1171 -0.000082 
1172 0.000085 
1173 -0.000089 
1174 0.000093 
1175 -0.000097 
1176 0.000101 
1177 -0.000105 
1178 0.000110 
1179 -0.000115 
1180 0.000120 
1181 -0.000125 
1182 0.000130 
1183 -0.000135 
1184 0.000141 
1185 -0.000147 
1186 0.000153 
1187 -0.000159 
1188 0.000165 
1189 -0.000172 
1190 0.000178 
1191 -0.000185 
1192 0.000192 
1193 -0.000199 
1194 0.000206 
1195 -0.000213 
1196 0.000220 
1197 -0.000227 
1198 0.000234 
1199 -0.000241 
1200 0.000248 
1201 -0.000254 
1202 0.000259 
1203 -0.000264 
1204 0.000268 
1205 -0.000270 
1206 0.000272 
1207 -0.000272 
1208 0.000270 
1209 -0.000266 
1210 0.000260 
1211 -0.000251 
1212 0.000240 
1213 -0.000226 
1214 0.000209 
1215 -0.000189 
1216 0.000166 
1217 -0.000140 
1218 0.000110 
1219 -0.000077 
1220 0.000041 
1221 -0.000002 
1222 -0.000040 
1223 0.000086 
1224 -0.000134 
1225 0.000184 
1226 -0.000237 
1227 0.000293 
1228 -0.000350 
1229 0.000410 
1230 -0.000471 
1231 0.000533 
1232 -0.000597 
1233 0.000662 
1234 -0.000728 
1235 0.000794 
1236 -0.000861 
1237 0.000929 
1238 -0.000997 
1239 0.001066 
1240 -0.001135 
1241 0.001204 
1242 -0.001273 
1243 0.001342 
1244 -0.001411 
1245 0.001481 
1246 -0.001551 
1247 0.001622 
1248 -0.001693 
1249 0.001765 
1250 -0.001838 
1251 0.001912 
1252 -0.001988 
1253 0.002066 
1254 -0.002146 
1255 0.002229 
1256 -0.002314 
1257 0.002403 
1258 -0.002495 
1259 0.002590 
1260 -0.002690 
1261 0.002793 
1262 -0.002900 
1263 0.003011 
1264 -0.003125 
1265 0.003244 
1266 -0.003366 
1267 0.003492 
1268 -0.003621 
1269 0.003754 
1270 -0.003890 
1271 0.004029 
1272 -0.004172 
1273 0.004318 
1274 -0.004468 
1275 0.004622 
1276 -0.004781 
1277 0.004944 
1278 -0.005113 
1279 0.005289 
1280 -0.005471 
1281 0.005661 
1282 -0.005858 
1283 0.006064 
1284 -0.006279 
1285 0.006503 
1286 -0.006737 
1287 0.006980 
1288 -0.007232 
1289 0.007494 
1290 -0.007765 
1291 0.008044 
1292 -0.008332 
1293 0.008628 
1294 -0.008931 
1295 0.009242 
1296 -0.009561 
1297 0.009887 
1298 -0.010221 
1299 0.010564 
1300 -0.010915 
1301 0.011275 
1302 -0.011646 
1303 0.012029 
1304 -0.012423 
1305 0.012830 
1306 -0.013251 
1307 0.013686 
1308 -0.014137 
1309 0.014602 
1310 -0.015081 
1311 0.015575 
1312 -0.016082 
1313 0.016601 
1314 -0.017131 
1315 0.017669 
1316 -0.018213 
1317 0.018760 
1318 -0.019309 
1319 0.019856 
1320 -0.020398 
1321 0.020932 
1322 -0.021456 
1323 0.021965 
1324 -0.022456 
1325 0.022927 
1326 -0.023372 
1327 0.023788 
1328 -0.024169 
1329 0.024510 
1330 -0.024804 
1331 0.025045 
1332 -0.025223 
1333 0.025329 
1334 -0.025352 
1335 0.025281 
1336 -0.025101 
1337 0.024800 
1338 -0.024361 
1339 0.023769 
1340 -0.023007 
1341 0.022061 
1342 -0.020914 
1343 0.019551 
1344 -0.017960 
1345 0.016126 
1346 -0.014042 
1347 0.011699 
1348 -0.009093 
1349 0.006221 
1350 -0.003086 
1351 -0.000307 
1352 0.003952 
1353 -0.007835 
1354 0.011943 
1355 -0.016260 
1356 0.020764 
1357 -0.025436 
1358 0.030252 
1359 -0.035189 
1360 0.040223 
1361 -0.045329 
1362 0.050485 
1363 -0.055669 
1364 0.060860 
1365 -0.066040 
1366 0.071193 
1367 -0.076306 
1368 0.081369 
1369 -0.086372 
1370 0.091311 
1371 -0.096185 
1372 0.100992 
1373 -0.105736 
1374 0.110421 
1375 -0.115055 
1376 0.119645 
1377 -0.124202 
1378 0.128736 
1379 -0.133260 
1380 0.137786 
1381 -0.142326 
1382 0.146894 
1383 -0.151501 
1384 0.156161 
1385 -0.160885 
1386 0.165685 
1387 -0.170571 
1388 0.175554 
1389 -0.180642 
1390 0.185843 
1391 -0.191165 
1392 0.196614 
1393 -0.202196 
1394 0.207915 
1395 -0.213777 
1396 0.219784 
1397 -0.225939 
1398 0.232244 
1399 -0.238703 
1400 0.245315 
1401 -0.252084 
1402 0.259010 
1403 -0.266096 
1404 0.273341 
1405 -0.280749 
1406 0.288320 
1407 -0.296057 
1408 0.303961 
1409 -0.312034 
1410 0.320280 
1411 -0.328700 
1412 0.337298 
1413 -0.346075 
1414 0.355036 
1415 -0.364183 
1416 0.373519 
1417 -0.383048 
1418 0.392773 
1419 -0.402699 
1420 0.412829 
1421 -0.423168 
1422 0.433719 
1423 -0.444489 
1424 0.455483 
1425 -0.466707 
1426 0.478167 
1427 -0.489873 
1428 0.501832 
1429 -0.514054 
1430 0.526549 
1431 -0.539329 
1432 0.552406 
1433 -0.565793 
1434 0.579503 
1435 -0.593549 
1436 0.607944 
1437 -0.622700 
1438 0.637827 
1439 -0.653334 
1440 0.669224 
1441 -0.685498 
1442 0.702150 
1443 -0.719168 
1444 0.736531 
1445 -0.754209 
1446 0.772160 
1447 -0.790331 
1448 0.808655 
1449 -0.827047 
1450 0.845407 
1451 -0.863616 
1452 0.881536 
1453 -0.899007 
1454 0.915848 
1455 -0.931854 
1456 0.946799 
1457 -0.960431 
1458 0.972478 
1459 -0.982644 
1460 0.990610 
1461 -0.996039 
1462 0.998579 
1463 -0.997861 
1464 0.993507 
1465 -0.985136 
1466 0.972365 
1467 -0.954819 
1468 0.932137 
1469 -0.903980 
1470 0.870039 
1471 -0.830044 
1472 0.783771 
1473 -0.731051 
1474 0.671780 
1475 -0.605922 
1476 0.533516 
1477 -0.454684 
1478 0.369630 
1479 -0.278638 
1480 0.182079 
1481 -0.080400 
1482 -0.025879 
1483 0.136172 
1484 -0.249838 
1485 0.366194 
1486 -0.484522 
1487 0.604092 
1488 -0.724168 
1489 0.844027 
1490 -0.962973 
1491 1.080349 
1492 -1.195550 
1493 1.308033 
1494 -1.417326 
1495 1.523034 
1496 -1.624843 
1497 1.722524 
1498 -1.815930 
1499 1.904994 
1500 -1.989727 
1501 2.070210 
1502 -2.146586 
1503 2.219055 
1504 -2.287862 
1505 2.353292 
1506 -2.415656 
1507 2.475287 
1508 -2.532527 
1509 2.587724 
1510 -2.641223 
1511 2.693360 
1512 -2.744459 
1513 2.794825 
1514 -2.844742 
1515 2.894472 
1516 -2.944254 
1517 2.994298 
1518 -3.044791 
1519 3.095893 
1520 -3.147741 
1521 3.200446 
1522 -3.254098 
1523 3.308764 
1524 -3.364494 
1525 3.421319 
1526 -3.479254 
1527 3.538304 
1528 -3.598459 
1529 3.659702 
1530 -3.722012 
1531 3.785360 
1532 -3.849716 
1533 3.915053 
1534 -3.981341 
1535 4.048557 
1536 -4.116683 
1537 4.185704 
1538 -4.255616 
1539 4.326420 
1540 -4.398126 
1541 4.470752 
1542 -4.544324 
1543 4.618874 
1544 -4.694442 
1545 4.771070 
1546 -4.848806 
1547 4.927699 
1548 -5.007797 
1549 5.089147 
1550 -5.171790 
1551 5.255763 
1552 -5.341093 
1553 5.427797 
1554 -5.515879 
1555 5.605332 
1556 -5.696130 
1557 5.788236 
1558 -5.881593 
1559 5.976129 
1560 -6.071758 
1561 6.168375 
1562 -6.265862 
1563 6.364086 
1564 -6.462902 
1565 6.562151 
1566 -6.661662 
1567 6.761249 
1568 -6.860716 
1569 6.959846 
1570 -7.058408 
1571 7.156144 
1572 -7.252771 
1573 7.347970 
1574 -7.441380 
1575 7.532591 
1576 -7.621132 
1577 7.706461 
1578 -7.787957 
1579 7.864905 
1580 -7.936488 
1581 8.001776 
1582 -8.059718 
1583 8.109132 
1584 -8.148701 
1585 8.176972 
1586 -8.192350 
1587 8.193112 
1588 -8.177405 
1589 8.143265 
1590 -8.088635 
1591 8.011386 
1592 -7.909347 
1593 7.780341 
1594 -7.622222 
1595 7.432923 
1596 -7.210504 
1597 6.953202 
1598 -6.659488 
1599 6.328118 
1600 -5.958191 
1601 5.549194 
1602 -5.101052 
1603 4.614160 
1604 -4.089420 
1605 3.528252 
1606 -2.932606 
1607 2.304951 
1608 -1.648256 
1609 0.965956 
1610 -0.261902 
1611 -0.459700 
1612 1.194361 
1613 -1.937390 
1614 2.683984 
1615 -3.429317 
1616 4.168636 
1617 -4.897352 
1618 5.611122 
1619 -6.305931 
1620 6.978159 
1621 -7.624633 
1622 8.242673 
1623 -8.830119 
1624 9.385343 
1625 -9.907246 
1626 10.395249 
1627 -10.849262 
1628 11.269649 
1629 -11.657185 
1630 12.013003 
1631 -12.338543 
1632 12.635497 
1633 -12.905749 
1634 13.151325 
1635 -13.374343 
1636 13.576965 
1637 -13.761360 
1638 13.929662 
1639 -14.083947 
1640 14.226201 
1641 -14.358307 
1642 14.482025 
1643 -14.598983 
1644 14.710667 
1645 -14.818420 
1646 14.923436 
1647 -15.026763 
1648 15.129301 
1649 -15.231809 
1650 15.334906 
1651 -15.439080 
1652 15.544691 
1653 -15.651979 
1654 15.761073 
1655 -15.872001 
1656 15.984693 
1657 -16.098997 
1658 16.214684 
1659 -16.331457 
1660 16.448963 
1661 -16.566802 
1662 16.684530 
1663 -16.801672 
1664 16.917729 
1665 -17.032182 
1666 17.144503 
1667 -17.254158 
1668 17.360616 
1669 -17.463352 
1670 17.561855 
1671 -17.655638 
1672 17.744238 
1673 -17.827225 
1674 17.904211 
1675 -17.974853 
1676 18.038858 
1677 -18.095992 
1678 18.146084 
1679 -18.189025 
1680 18.224776 
1681 -18.253367 
1682 18.274899 
1683 -18.289539 
1684 18.297522 
1685 -18.299145 
1686 18.294761 
1687 -18.284776 
1688 18.269638 
1689 -18.249833 
1690 18.225872 
1691 -18.198282 
1692 18.167599 
1693 -18.134351 
1694 18.099050 
1695 -18.062177 
1696 18.024169 
1697 -17.985407 
1698 17.946197 
1699 -17.906758 
1700 17.867209 
1701 -17.827548 
1702 17.787638 
1703 -17.747196 
1704 17.705773 
1705 -17.662744 
1706 17.617293 
1707 -17.568403 
1708 17.514849 
1709 -17.455185 
1710 17.387750 
1711 -17.310658 
1712 17.221806 
1713 -17.118882 
1714 16.999379 
1715 -16.860608 
1716 16.699730 
1717 -16.513786 
1718 16.299731 
1719 -16.054490 
1720 15.775004 
1721 -15.458295 
1722 15.101536 
1723 -14.702119 
1724 14.257741 
1725 -13.766476 
1726 13.226862 
1727 -12.637976 
1728 11.999504 
1729 -11.311811 
1730 10.575987 
1731 -9.793889 
1732 8.968159 
1733 -8.102227 
1734 7.200289 
1735 -6.267267 
1736 5.308746 
1737 -4.330885 
1738 3.340317 
1739 -2.344024 
1740 1.349209 
1741 -0.363144 
1742 -0.606970 
1743 1.554150 
1744 -2.471781 
1745 3.353736 
1746 -4.194502 
1747 4.989270 
1748 -5.734019 
1749 6.425565 
1750 -7.061587 
1751 7.640637 
1752 -8.162116 
1753 8.626231 
1754 -9.033935 
1755 9.386848 
1756 -9.687171 
1757 9.937579 
1758 -10.141126 
1759 10.301134 
1760 -10.421099 
1761 10.504589 
1762 -10.555163 
1763 10.576296 
1764 -10.571312 
1765 10.543341 
1766 -10.495278 
1767 10.429762 
1768 -10.349165 
1769 10.255594 
1770 -10.150897 
1771 10.036679 
1772 -9.914331 
1773 9.785047 
1774 -9.649856 
1775 9.509649 
1776 -9.365202 
1777 9.217201 
1778 -9.066261 
1779 8.912936 
1780 -8.757734 
1781 8.601117 
1782 -8.443506 
1783 8.285272 
1784 -8.126734 
1785 7.968149 
1786 -7.809704 
1787 7.651507 
1788 -7.493578 
1789 7.335849 
1790 -7.178160 
1791 7.020265 
1792 -6.861841 
1793 6.702500 
1794 -6.541812 
1795 6.379327 
1796 -6.214602 
1797 6.047232 
1798 -5.876884 
1799 5.703328 
1800 -5.526469 
1801 5.346371 
1802 -5.163288 
1803 4.977671 
1804 -4.790187 
1805 4.601714 
1806 -4.413340 
1807 4.226340 
1808 -4.042158 
1809 3.862370 
1810 -3.688647 
1811 3.522710 
1812 -3.366280 
1813 3.221030 
1814 -3.088531 
1815 2.970206 
1816 -2.867286 
1817 2.780770 
1818 -2.711391 
1819 2.659598 
1820 -2.625536 
1821 2.609045 
1822 -2.609662 
1823 2.626636 
1824 -2.658952 
1825 2.705358 
1826 -2.764402 
1827 2.834469 
1828 -2.913830 
1829 3.000680 
1830 -3.093185 
1831 3.189520 
1832 -3.287906 
1833 3.386644 
1834 -3.484134 
1835 3.578897 
1836 -3.669579 
1837 3.754956 
1838 -3.833922 
1839 3.905476 
1840 -3.968696 
1841 4.022717 
1842 -4.066690 
1843 4.099755 
1844 -4.121002 
1845 4.129438 
1846 -4.123959 
1847 4.103324 
1848 -4.066144 
1849 4.010869 
1850 -3.935801 
1851 3.839105 
1852 -3.718837 
1853 3.572991 
1854 -3.399540 
1855 3.196507 
1856 -2.962025 
1857 2.694412 
1858 -2.392246 
1859 2.054438 
1860 -1.680301 
1861 1.269608 
1862 -0.822643 
1863 0.340237 
1864 0.176212 
1865 -0.724739 
1866 1.302824 
1867 -1.907428 
1868 2.535045 
1869 -3.181770 
1870 3.843374 
1871 -4.515402 
1872 5.193267 
1873 -5.872350 
1874 6.548106 
1875 -7.216156 
1876 7.872376 
1877 -8.512981 
1878 9.134584 
1879 -9.734249 
1880 10.309530 
1881 -10.858481 
1882 11.379670 
1883 -11.872154 
1884 12.335468 
1885 -12.769575 
1886 13.174834 
1887 -13.551937 
1888 13.901860 
1889 -14.225805 
1890 14.525142 
1891 -14.801357 
1892 15.055998 
1893 -15.290636 
1894 15.506819 
1895 -15.706046 
1896 15.889734 
1897 -16.059202 
1898 16.215658 
1899 -16.360185 
1900 16.493740 
1901 -16.617154 
1902 16.731135 
1903 -16.836276 
1904 16.933059 
1905 -17.021874 
1906 17.103023 
1907 -17.176739 
1908 17.243197 
1909 -17.302533 
1910 17.354853 
1911 -17.400251 
1912 17.438824 
1913 -17.470686 
1914 17.495975 
1915 -17.514871 
1916 17.527603 
1917 -17.534455 
1918 17.535774 
1919 -17.531969 
1920 17.523519 
1921 -17.510963 
1922 17.494900 
1923 -17.475981 
1924 17.454901 
1925 -17.432384 
1926 17.409173 
1927 -17.386014 
1928 17.363639 
1929 -17.342751 
1930 17.324005 
1931 -17.307996 
1932 17.295236 
1933 -17.286148 
1934 17.281049 
1935 -17.280146 
1936 17.283524 
1937 -17.291146 
1938 17.302853 
1939 -17.318369 
1940 17.337307 
1941 -17.359180 
1942 17.383414 
1943 -17.409362 
1944 17.436324 
1945 -17.463562 
1946 17.490319 
1947 -17.515833 
1948 17.539359 
1949 -17.560177 
1950 17.577605 
1951 -17.591008 
1952 17.599803 
1953 -17.603458 
1954 17.601495 
1955 -17.593482 
1956 17.579024 
1957 -17.557756 
1958 17.529331 
1959 -17.493402 
1960 17.449609 
1961 -17.397563 
1962 17.336829 
1963 -17.266910 
1964 17.187229 
1965 -17.097115 
1966 16.995788 
1967 -16.882349 
1968 16.755764 
1969 -16.614861 
1970 16.458322 
1971 -16.284683 
1972 16.092337 
1973 -15.879543 
1974 15.644437 
1975 -15.385056 
1976 15.099365 
1977 -14.785287 
1978 14.440750 
1979 -14.063730 
1980 13.652310 
1981 -13.204737 
1982 12.719485 
1983 -12.195326 
1984 11.631388 
1985 -11.027228 
1986 10.382886 
1987 -9.698937 
1988 8.976538 
1989 -8.217451 
1990 7.424068 
1991 -6.599402 
1992 5.747073 
1993 -4.871274 
1994 3.976716 
1995 -3.068557 
1996 2.152319 
1997 -1.233787 
1998 0.318904 
1999 0.586347 
2000 -1.476057 
2001 2.344512 
2002 -3.186302 
2003 3.996423 
2004 -4.770373 
2005 5.504224 
2006 -6.194680 
2007 6.839124 
2008 -7.435632 
2009 7.982984 
2010 -8.480640 
2011 8.928712 
2012 -9.327919 
2013 9.679521 
2014 -9.985260 
2015 10.247277 
2016 -10.468040 
2017 10.650260 
2018 -10.796823 
2019 10.910707 
2020 -10.994926 
2021 11.052465 
2022 -11.086234 
2023 11.099024 
2024 -11.093472 
2025 11.072046 
2026 -11.037020 
2027 10.990468 
2028 -10.934266 
2029 10.870087 
2030 -10.799415 
2031 10.723551 
2032 -10.643628 
2033 10.560621 
2034 -10.475364 
2035 10.388564 
2036 -10.300811 
2037 10.212597 
2038 -10.124321 
2039 10.036304 
2040 -9.948796 
2041 9.861983 
2042 -9.776000 
2043 9.690928 
2044 -9.606808 
2045 9.523642 
2046 -9.441398 
2047 9.360013 
2048 -9.279400 
2049 9.199451 
2050 -9.120039 
2051 9.041023 
2052 -8.962252 
2053 8.883567 
2054 -8.804804 
2055 8.725799 
2056 -8.646387 
2057 8.566408 
2058 -8.485704 
2059 8.404124 
2060 -8.321527 
2061 8.237778 
2062 -8.152755 
2063 8.066344 
2064 -7.978449 
2065 7.888985 
2066 -7.797888 
2067 7.705109 
2068 -7.610622 
2069 7.514426 
2070 -7.416543 
2071 7.317022 
2072 -7.215941 
2073 7.113406 
2074 -7.009550 
2075 6.904535 
2076 -6.798545 
2077 6.691788 
2078 -6.584487 
2079 6.476878 
2080 -6.369203 
2081 6.261705 
2082 -6.154620 
2083 6.048171 
2084 -5.942564 
2085 5.837976 
2086 -5.734556 
2087 5.632417 
2088 -5.531634 
2089 5.432240 
2090 -5.334225 
2091 5.237532 
2092 -5.142063 
2093 5.047675 
2094 -4.954180 
2095 4.861352 
2096 -4.768924 
2097 4.676594 
2098 -4.584024 
2099 4.490847 
2100 -4.396666 
2101 4.301061 
2102 -4.203590 
2103 4.103797 
2104 -4.001212 
2105 3.895363 
2106 -3.785778 
2107 3.671998 
2108 -3.553579 
2109 3.430112 
2110 -3.301223 
2111 3.166595 
2112 -3.025973 
2113 2.879180 
2114 -2.726128 
2115 2.566829 
2116 -2.401405 
2117 2.230097 
2118 -2.053267 
2119 1.871405 
2120 -1.685126 
2121 1.495169 
2122 -1.302384 
2123 1.107725 
2124 -0.912235 
2125 0.717026 
2126 -0.523261 
2127 0.332127 
2128 -0.144817 
2129 -0.037499 
2130 0.213700 
2131 -0.382733 
2132 0.543636 
2133 -0.695561 
2134 0.837783 
2135 -0.969718 
2136 1.090927 
2137 -1.201124 
2138 1.300170 
2139 -1.388075 
2140 1.464984 
2141 -1.531170 
2142 1.587019 
2143 -1.633014 
2144 1.669718 
2145 -1.697755 
2146 1.717797 
2147 -1.730540 
2148 1.736694 
2149 -1.736965 
2150 1.732044 
2151 -1.722595 
2152 1.709249 
2153 -1.692593 
2154 1.673168 
2155 -1.651468 
2156 1.627936 
2157 -1.602963 
2158 1.576895 
2159 -1.550028 
2160 1.522616 
2161 -1.494875 
2162 1.466980 
2163 -1.439076 
2164 1.411279 
2165 -1.383677 
2166 1.356340 
2167 -1.329314 
2168 1.302632 
2169 -1.276313 
2170 1.250366 
2171 -1.224789 
2172 1.199577 
2173 -1.174717 
2174 1.150196 
2175 -1.125997 
2176 1.102106 
2177 -1.078507 
2178 1.055189 
2179 -1.032142 
2180 1.009360 
2181 -0.986841 
2182 0.964587 
2183 -0.942604 
2184 0.920902 
2185 -0.899495 
2186 0.878400 
2187 -0.857634 
2188 0.837220 
2189 -0.817180 
2190 0.797535 
2191 -0.778307 
2192 0.759516 
2193 -0.741182 
2194 0.723319 
2195 -0.705940 
2196 0.689056 
2197 -0.672671 
2198 0.656787 
2199 -0.641402 
2200 0.626509 
2201 -0.612100 
2202 0.598160 
2203 -0.584673 
2204 0.571620 
2205 -0.558979 
2206 0.546726 
2207 -0.534836 
2208 0.523282 
2209 -0.512038 
2210 0.501075 
2211 -0.490366 
2212 0.479883 
2213 -0.469600 
2214 0.459491 
2215 -0.449530 
2216 0.439693 
2217 -0.429956 
2218 0.420299 
2219 -0.410698 
2220 0.401135 
2221 -0.391589 
2222 0.382041 
2223 -0.372474 
2224 0.362868 
2225 -0.353207 
2226 0.343471 
2227 -0.333643 
2228 0.323705 
2229 -0.313640 
2230 0.303428 
2231 -0.293053 
2232 0.282497 
2233 -0.271747 
2234 0.260786 
2235 -0.249604 
2236 0.238192 
2237 -0.226544 
2238 0.214659 
2239 -0.202541 
2240 0.190200 
2241 -0.177650 
2242 0.164912 
2243 -0.152017 
2244 0.138997 
2245 -0.125894 
2246 0.112757 
2247 -0.099637 
2248 0.086591 
2249 -0.073682 
2250 0.060973 
2251 -0.048528 
2252 0.036412 
2253 -0.024689 
2254 0.013419 
2255 -0.002657 
2256 -0.007545 
2257 0.017144 
2258 -0.026102 
2259 0.034391 
2260 -0.041991 
2261 0.048890 
2262 -0.055084 
2263 0.060577 
2264 -0.065384 
2265 0.069522 
2266 -0.073017 
2267 0.075900 
2268 -0.078206 
2269 0.079974 
2270 -0.081243 
2271 0.082055 
2272 -0.082453 
2273 0.082478 
2274 -0.082171 
2275 0.081572 
2276 -0.080717 
2277 0.079641 
2278 -0.078376 
2279 0.076953 
2280 -0.075397 
2281 0.073734 
2282 -0.071984 
2283 0.070169 
2284 -0.068304 
2285 0.066405 
2286 -0.064486 
2287 0.062558 
2288 -0.060633 
2289 0.058720 
2290 -0.056828 
2291 0.054963 
2292 -0.053133 
2293 0.051344 
2294 -0.049600 
2295 0.047907 
2296 -0.046267 
2297 0.044685 
2298 -0.043162 
2299 0.041701 
2300 -0.040301 
2301 0.038965 
2302 -0.037690 
2303 0.036476 
2304 -0.035321 
2305 0.034222 
2306 -0.033177 
2307 0.032181 
2308 -0.031231 
2309 0.030322 
2310 -0.029450 
2311 0.028611 
2312 -0.027800 
2313 0.027014 
2314 -0.026249 
2315 0.025502 
2316 -0.024769 
2317 0.024050 
2318 -0.023342 
2319 0.022645 
2320 -0.021959 
2321 0.021284 
2322 -0.020620 
2323 0.019969 
2324 -0.019332 
2325 0.018709 
2326 -0.018104 
2327 0.017515 
2328 -0.016946 
2329 0.016395 
2330 -0.015865 
2331 0.015354 
2332 -0.014862 
2333 0.014389 
2334 -0.013934 
2335 0.013495 
2336 -0.013071 
2337 0.012660 
2338 -0.012260 
2339 0.011870 
2340 -0.011489 
2341 0.011114 
2342 -0.010746 
2343 0.010383 
2344 -0.010024 
2345 0.009670 
2346 -0.009321 
2347 0.008976 
2348 -0.008636 
2349 0.008302 
2350 -0.007975 
2351 0.007655 
2352 -0.007343 
2353 0.007040 
2354 -0.006745 
2355 0.006460 
2356 -0.006184 
2357 0.005917 
2358 -0.005658 
2359 0.005408 
2360 -0.005166 
2361 0.004930 
2362 -0.004699 
2363 0.004473 
2364 -0.004250 
2365 0.004030 
2366 -0.003812 
2367 0.003595 
2368 -0.003378 
2369 0.003161 
2370 -0.002943 
2371 0.002726 
2372 -0.002508 
2373 0.002290 
2374 -0.002074 
2375 0.001859 
2376 -0.001647 
2377 0.001438 
2378 -0.001233 
2379 0.001033 
2380 -0.000840 
2381 0.000654 
2382 -0.000476 
2383 0.000307 
2384 -0.000147 
2385 -0.000003 
2386 0.000142 
2387 -0.000271 
2388 0.000390 
2389 -0.000497 
2390 0.000594 
2391 -0.000680 
2392 0.000755 
2393 -0.000821 
2394 0.000877 
2395 -0.000924 
2396 0.000962 
2397 -0.000992 
2398 0.001015 
2399 -0.001030 
2400 0.001039 
2401 -0.001043 
2402 0.001041 
2403 -0.001034 
2404 0.001023 
2405 -0.001008 
2406 0.000990 
2407 -0.000969 
2408 0.000947 
2409 -0.000922 
2410 0.000896 
2411 -0.000870 
2412 0.000842 
2413 -0.000814 
2414 0.000787 
2415 -0.000759 
2416 0.000732 
2417 -0.000705 
2418 0.000679 
2419 -0.000653 
2420 0.000629 
2421 -0.000605 
2422 0.000581 
2423 -0.000559 
2424 0.000537 
2425 -0.000516 
2426 0.000495 
2427 -0.000476 
2428 0.000456 
2429 -0.000438 
2430 0.000420 
2431 -0.000402 
2432 0.000385 
2433 -0.000369 
2434 0.000353 
2435 -0.000338 
2436 0.000324 
2437 -0.000310 
2438 0.000296 
2439 -0.000284 
2440 0.000271 
2441 -0.000260 
2442 0.000249 
2443 -0.000238 
2444 0.000229 
2445 -0.000219 
2446 0.000210 
2447 -0.000202 
2448 0.000194 
2449 -0.000186 
2450 0.000179 
2451 -0.000172 
2452 0.000165 
2453 -0.000158 
2454 0.000152 
2455 -0.000146 
2456 0.000140 
2457 -0.000134 
2458 0.000129 
2459 -0.000123 
2460 0.000118 
2461 -0.000113 
2462 0.000108 
2463 -0.000103 
2464 0.000099 
2465 -0.000095 
2466 0.000090 
2467 -0.000086 
2468 0.000083 
2469 -0.000079 
2470 0.000076 
2471 -0.000072 
2472 0.000069 
2473 -0.000066 
2474 0.000063 
2475 -0.000061 
2476 0.000058 
2477 -0.000055 
2478 0.000053 
2479 -0.000051 
2480 0.000048 
2481 -0.000046 
2482 0.000044 
2483 -0.000042 
2484 0.000040 
2485 -0.000038 
2486 0.000036 
2487 -0.000034 
2488 0.000033 
2489 -0.000031 
2490 0.000030 
2491 -0.000028 
2492 0.000027 
2493 -0.000025 
2494 0.000024 
2495 -0.000022 
2496 0.000021 
2497 -0.000020 
2498 0.000018 
2499 -0.000017 
2500 0.000016 
2501 -0.000014 
2502 0.000013 
2503 -0.000012 
2504 0.000010 
2505 -0.000009 
2506 0.000008 
2507 -0.000007 
2508 0.000006 
2509 -0.000005 
2510 0.000004 
2511 -0.000003 
2512 0.000002 
2513 -0.000001 
2514 0.000000 
2515 0.000001 
2516 -0.000001 
2517 0.000002 
2518 -0.000002 
2519 0.000003 
2520 -0.000003 
2521 0.000004 
2522 -0.000004 
2523 0.000004 
2524 -0.000004 
2525 0.000004 
2526 -0.000004 
2527 0.000004 
2528 -0.000004 
2529 0.000004 
2530 -0.000004 
2531 0.000004 
2532 -0.000004 
2533 0.000004 
2534 -0.000004 
2535 0.000004 
2536 -0.000004 
2537 0.000003 
2538 -0.000003 
2539 0.000003 
2540 -0.000003 
2541 0.000003 
2542 -0.000003 
2543 0.000003 
2544 -0.000003 
2545 0.000002 
2546 -0.000002 
2547 0.000002 
2548 -0.000002 
2549 0.000002 
2550 -0.000002 
2551 0.000002 
2552 -0.000002 
2553 0.000002 
2554 -0.000002 
2555 0.000002 
2556 -0.000001 
2557 0.000001 
2558 -0.000001 
2559 0.000001 
2560 -0.000001 
2561 0.000001 
2562 -0.000001 
2563 0.000001 
2564 -0.000001 
2565 0.000001 
2566 -0.000001 
2567 0.000001 
2568 -0.000001 
2569 0.000001 
2570 -0.000001 
2571 0.000001 
2572 -0.000001 
2573 0.000001 
2574 -0.000001 
2575 0.000001 
2576 -0.000001 
2577 0.000001 
2578 -0.000001 
2579 0.000001 
2580 -0.000000 
2581 0.000000 
2582 -0.000000 
2583 0.000000 
2584 -0.000000 
2585 0.000000 
2586 -0.000000 
2587 0.000000 
2588 -0.000000 
2589 0.000000 
2590 -0.000000 
2591 0.000000 
2592 -0.000000 
2593 0.000000 
2594 -0.000000 
2595 0.000000 
2596 -0.000000 
2597 0.000000 
2598 -0.000000 
2599 0.000000 
2600 -0.000000 
2601 0.000000 
2602 -0.000000 
2603 0.000000 
2604 -0.000000 
2605 0.000000 
2606 -0.000000 
2607 0.000000 
2608 -0.000000 
2609 0.000000 
2610 -0.000000 
2611 0.000000 
2612 -0.000000 
2613 0.000000 
2614 -0.000000 
2615 0.000000 
2616 -0.000000 
2617 0.000000 
2618 -0.000000 
2619 0.000000 
2620 -0.000000 
2621 0.000000 
2622 -0.000000 
2623 0.000000 
2624 -0.000000 
2625 0.000000 
2626 -0.000000 
2627 0.000000 
2628 -0.000000 
2629 0.000000 
2630 -0.000000 
2631 0.000000 
2632 -0.000000 
2633 0.000000 
2634 -0.000000 
2635 0.000000 
2636 -0.000000 
2637 0.000000 
2638 -0.000000 
2639 0.000000 
2640 -0.000000 
2641 0.000000 
2642 -0.000000 
2643 -0.000000 
2644 0.000000 
2645 -0.000000 
2646 0.000000 
2647 -0.000000 
2648 0.000000 
2649 -0.000000 
2650 0.000000 
2651 -0.000000 
2652 0.000000 
2653 -0.000000 
2654 0.000000 
2655 -0.000000 
2656 0.000000 
2657 -0.000000 
2658 0.000000 
2659 -0.000000 
2660 0.000000 
2661 -0.000000 
2662 0.000000 
2663 -0.000000 
2664 0.000000 
2665 -0.000000 
2666 0.000000 
2667 -0.000000 
2668 0.000000 
2669 -0.000000 
2670 0.000000 
2671 -0.000000 
2672 0.000000 
2673 -0.000000 
2674 0.000000 
2675 -0.000000 
2676 0.000000 
2677 -0.000000 
2678 0.000000 
2679 -0.000000 
2680 0.000000 
2681 -0.000000 
2682 0.000000 
2683 -0.000000 
2684 0.000000 
2685 -0.000000 
2686 0.000000 
2687 -0.000000 
2688 0.000000 
2689 -0.000000 
2690 0.000000 
2691 -0.000000 
2692 0.000000 
2693 -0.000000 
2694 0.000000 
2695 -0.000000 
2696 0.000000 
2697 -0.000000 
2698 0.000000 
2699 -0.000000 
2700 0.000000 
2701 -0.000000 
2702 0.000000 
2703 -0.000000 
2704 0.000000 
2705 -0.000000 
2706 0.000000 
2707 -0.000000 
2708 0.000000 
2709 -0.000000 
2710 0.000000 
2711 -0.000000 
2712 0.000000 
2713 -0.000000 
2714 0.000000 
2715 -0.000000 
2716 0.000000 
2717 -0.000000 
2718 0.000000 
2719 -0.000000 
2720 0.000000 
2721 -0.000000 
2722 0.000000 
2723 -0.000000 
2724 0.000000 
2725 -0.000000 
2726 0.000000 
2727 -0.000000 
2728 0.000000 
2729 -0.000000 
2730 0.000000 
2731 -0.000000 
2732 0.000000 
2733 -0.000000 
2734 0.000000 
2735 -0.000000 
2736 0.000000 
2737 -0.000000 
2738 0.000000 
2739 -0.000000 
2740 0.000000 
2741 -0.000000 
2742 0.000000 
2743 -0.000000 
2744 0.000000 
2745 -0.000000 
2746 0.000000 
2747 -0.000000 
2748 0.000000 
2749 -0.000000 
2750 0.000000 
2751 -0.000000 
2752 0.000000 
2753 -0.000000 
2754 0.000000 
2755 -0.000000 
2756 0.000000 
2757 -0.000000 
2758 0.000000 
2759 -0.000000 
2760 0.000000 
2761 -0.000000 
2762 0.000000 
2763 -0.000000 
2764 0.000000 
2765 -0.000000 
2766 0.000000 
2767 -0.000000 
2768 0.000000 
2769 -0.000000 
2770 0.000000 
2771 -0.000000 
2772 0.000000 
2773 0.000000 
2774 -0.000000 
2775 0.000000 
2776 -0.000000 
2777 0.000000 
2778 -0.000000 
2779 0.000000 
2780 -0.000000 
2781 0.000000 
2782 -0.000000 
2783 0.000000 
2784 -0.000000 
2785 0.000000 
2786 -0.000000 
2787 0.000000 
2788 -0.000000 
2789 0.000000 
2790 -0.000000 
2791 0.000000 
2792 -0.000000 
2793 0.000000 
2794 -0.000000 
2795 0.000000 
2796 -0.000000 
2797 0.000000 
2798 -0.000000 
2799 0.000000 
2800 -0.000000 
2801 0.000000 
2802 -0.000000 
2803 0.000000 
2804 -0.000000 
2805 0.000000 
2806 -0.000000 
2807 0.000000 
2808 -0.000000 
2809 0.000000 
2810 -0.000000 
2811 0.000000 
2812 -0.000000 
2813 0.000000 
2814 -0.000000 
2815 0.000000 
2816 -0.000000 
2817 0.000000 
2818 -0.000000 
2819 0.000000 
2820 -0.000000 
2821 0.000000 
2822 -0.000000 
2823 0.000000 
2824 -0.000000 
2825 0.000000 
2826 -0.000000 
2827 0.000000 
2828 -0.000000 
2829 0.000000 
2830 -0.000000 
2831 0.000000 
2832 -0.000000 
2833 0.000000 
2834 -0.000000 
2835 0.000000 
2836 -0.000000 
2837 0.000000 
2838 -0.000000 
2839 0.000000 
2840 -0.000000 
2841 0.000000 
2842 -0.000000 
2843 0.000000 
2844 -0.000000 
2845 0.000000 
2846 -0.000000 
2847 0.000000 
2848 -0.000000 
2849 0.000000 
2850 -0.000000 
2851 0.000000 
2852 -0.000000 
2853 0.000000 
2854 -0.000000 
2855 0.000000 
2856 -0.000000 
2857 0.000000 
2858 -0.000000 
2859 0.000000 
2860 -0.000000 
2861 0.000000 
2862 -0.000000 
2863 0.000000 
2864 -0.000000 
2865 0.000000 
2866 -0.000000 
2867 0.000000 
2868 -0.000000 
2869 0.000000 
2870 -0.000000 
2871 0.000000 
2872 -0.000000 
2873 0.000000 
2874 -0.000000 
2875 0.000000 
2876 -0.000000 
2877 0.000000 
2878 -0.000000 
2879 0.000000 
2880 -0.000000 
2881 0.000000 
2882 -0.000000 
2883 0.000000 
2884 -0.000000 
2885 0.000000 
2886 -0.000000 
2887 0.000000 
2888 -0.000000 
2889 0.000000 
2890 -0.000000 
2891 0.000000 
2892 -0.000000 
2893 0.000000 
2894 -0.000000 
2895 0.000000 
2896 -0.000000 
2897 0.000000 
2898 -0.000000 
2899 0.000000 
2900 -0.000000 
2901 0.000000 
2902 0.000000 
2903 -0.000000 
2904 0.000000 
2905 -0.000000 
2906 0.000000 
2907 -0.000000 
2908 0.000000 
2909 -0.000000 
2910 0.000000 
2911 -0.000000 
2912 0.000000 
2913 -0.000000 
2914 0.000000 
2915 -0.000000 
2916 0.000000 
2917 -0.000000 
2918 0.000000 
2919 -0.000000 
2920 0.000000 
2921 -0.000000 
2922 0.000000 
2923 -0.000000 
2924 0.000000 
2925 -0.000000 
2926 0.000000 
2927 -0.000000 
2928 0.000000 
2929 -0.000000 
2930 0.000000 
2931 -0.000000 
2932 0.000000 
2933 -0.000000 
2934 0.000000 
2935 -0.000000 
2936 0.000000 
2937 -0.000000 
2938 0.000000 
2939 -0.000000 
2940 0.000000 
2941 -0.000000 
2942 0.000000 
2943 -0.000000 
2944 0.000000 
2945 -0.000000 
2946 0.000000 
2947 -0.000000 
2948 0.000000 
2949 -0.000000 
2950 0.000000 
2951 -0.000000 
2952 0.000000 
2953 -0.000000 
2954 0.000000 
2955 -0.000000 
2956 0.000000 
2957 -0.000000 
2958 0.000000 
2959 -0.000000 
2960 0.000000 
2961 -0.000000 
2962 0.000000 
2963 -0.000000 
2964 0.000000 
2965 -0.000000 
2966 0.000000 
2967 -0.000000 
2968 0.000000 
2969 -0.000000 
2970 0.000000 
2971 -0.000000 
2972 0.000000 
2973 -0.000000 
2974 0.000000 
2975 -0.000000 
2976 0.000000 
2977 -0.000000 
2978 0.000000 
2979 -0.000000 
2980 0.000000 
2981 -0.000000 
2982 0.000000 
2983 -0.000000 
2984 0.000000 
2985 -0.000000 
2986 0.000000 
2987 -0.000000 
2988 0.000000 
2989 -0.000000 
2990 0.000000 
2991 -0.000000 
2992 0.000000 
2993 -0.000000 
2994 0.000000 
2995 -0.000000 
2996 0.000000 
2997 -0.000000 
2998 0.000000 
2999 -0.000000 
3000 0.000000 
3001 -0.000000 
3002 0.000000 
3003 -0.000000 
3004 0.000000 
3005 -0.000000 
3006 0.000000 
3007 -0.000000 
3008 0.000000 
3009 -0.000000 
3010 0.000000 
3011 -0.000000 
3012 0.000000 
3013 -0.000000 
3014 0.000000 
3015 -0.000000 
3016 0.000000 
3017 -0.000000 
3018 0.000000 
3019 -0.000000 
3020 0.000000 
3021 -0.000000 
3022 0.000000 
3023 -0.000000 
3024 0.000000 
3025 -0.000000 
3026 0.000000 
3027 -0.000000 
3028 0.000000 
3029 -0.000000 
3030 0.000000 
3031 -0.000000 
3032 -0.000000 
3033 0.000000 
3034 -0.000000 
3035 0.000000 
3036 -0.000000 
3037 0.000000 
3038 -0.000000 
3039 0.000000 
3040 -0.000000 
3041 0.000000 
3042 -0.000000 
3043 0.000000 
3044 -0.000000 
3045 0.000000 
3046 -0.000000 
3047 0.000000 
3048 -0.000000 
3049 0.000000 
3050 -0.000000 
3051 0.000000 
3052 -0.000000 
3053 0.000000 
3054 -0.000000 
3055 0.000000 
3056 -0.000000 
3057 0.000000 
3058 -0.000000 
3059 0.000000 
3060 -0.000000 
3061 0.000000 
3062 -0.000000 
3063 0.000000 
3064 -0.000000 
3065 0.000000 
3066 -0.000000 
3067 0.000000 
3068 -0.000000 
3069 0.000000 
3070 -0.000000 
3071 0.000000 
3072 -0.000000 
3073 0.000000 
3074 -0.000000 
3075 0.000000 
3076 -0.000000 
3077 0.000000 
3078 -0.000000 
3079 0.000000 
3080 -0.000000 
3081 0.000000 
3082 -0.000000 
3083 0.000000 
3084 -0.000000 
3085 0.000000 
3086 -0.000000 
3087 0.000000 
3088 -0.000000 
3089 0.000000 
3090 -0.000000 
3091 0.000000 
3092 -0.000000 
3093 0.000000 
3094 -0.000000 
3095 0.000000 
3096 -0.000000 
3097 0.000000 
3098 -0.000000 
3099 0.000000 
3100 -0.000000 
3101 0.000000 
3102 -0.000000 
3103 0.000000 
3104 -0.000000 
3105 0.000000 
3106 -0.000000 
3107 0.000000 
3108 -0.000000 
3109 0.000000 
3110 -0.000000 
3111 0.000000 
3112 -0.000000 
3113 0.000000 
3114 -0.000000 
3115 0.000000 
3116 -0.000000 
3117 0.000000 
3118 -0.000000 
3119 0.000000 
3120 -0.000000 
3121 0.000000 
3122 -0.000000 
3123 0.000000 
3124 -0.000000 
3125 0.000000 
3126 -0.000000 
3127 0.000000 
3128 -0.000000 
3129 0.000000 
3130 -0.000000 
3131 0.000000 
3132 -0.000000 
3133 0.000000 
3134 -0.000000 
3135 0.000000 
3136 -0.000000 
3137 0.000000 
3138 -0.000000 
3139 0.000000 
3140 -0.000000 
3141 0.000000 
3142 -0.000000 
3143 0.000000 
3144 -0.000000 
3145 0.000000 
3146 -0.000000 
3147 0.000000 
3148 -0.000000 
3149 0.000000 
3150 -0.000000 
3151 0.000000 
3152 -0.000000 
3153 0.000000 
3154 -0.000000 
3155 0.000000 
3156 -0.000000 
3157 0.000000 
3158 -0.000000 
3159 0.000000 
3160 -0.000000 
3161 0.000000 
3162 -0.000000 
3163 0.000000 
3164 -0.000000 
3165 -0.000000 
3166 0.000000 
3167 -0.000000 
3168 0.000000 
3169 -0.000000 
3170 0.000000 
3171 -0.000000 
3172 0.000000 
3173 -0.000000 
3174 0.000000 
3175 -0.000000 
3176 0.000000 
3177 -0.000000 
3178 0.000000 
3179 -0.000000 
3180 0.000000 
3181 -0.000000 
3182 0.000000 
3183 -0.000000 
3184 0.000000 
3185 -0.000000 
3186 0.000000 
3187 -0.000000 
3188 0.000000 
3189 -0.000000 
3190 0.000000 
3191 -0.000000 
3192 0.000000 
3193 -0.000000 
3194 0.000000 
3195 -0.000000 
3196 0.000000 
3197 -0.000000 
3198 0.000000 
3199 -0.000000 
3200 0.000000 
3201 -0.000000 
3202 0.000000 
3203 -0.000000 
3204 0.000000 
3205 -0.000000 
3206 0.000000 
3207 -0.000000 
3208 0.000000 
3209 -0.000000 
3210 0.000000 
3211 -0.000000 
3212 0.000000 
3213 -0.000000 
3214 0.000000 
3215 -0.000000 
3216 0.000000 
3217 -0.000000 
3218 0.000000 
3219 -0.000000 
3220 0.000000 
3221 -0.000000 
3222 0.000000 
3223 -0.000000 
3224 0.000000 
3225 -0.000000 
3226 0.000000 
3227 -0.000000 
3228 0.000000 
3229 -0.000000 
3230 0.000000 
3231 -0.000000 
3232 0.000000 
3233 -0.000000 
3234 0.000000 
3235 -0.000000 
3236 0.000000 
3237 -0.000000 
3238 0.000000 
3239 -0.000000 
3240 0.000000 
3241 -0.000000 
3242 0.000000 
3243 -0.000000 
3244 0.000000 
3245 -0.000000 
3246 0.000000 
3247 -0.000000 
3248 0.000000 
3249 -0.000000 
3250 0.000000 
3251 -0.000000 
3252 0.000000 
3253 -0.000000 
3254 0.000000 
3255 -0.000000 
3256 0.000000 
3257 -0.000000 
3258 0.000000 
3259 -0.000000 
3260 0.000000 
3261 -0.000000 
3262 0.000000 
3263 -0.000000 
3264 0.000000 
3265 -0.000000 
3266 0.000000 
3267 -0.000000 
3268 0.000000 
3269 -0.000000 
3270 0.000000 
3271 -0.000000 
3272 0.000000 
3273 -0.000000 
3274 0.000000 
3275 -0.000000 
3276 0.000000 
3277 -0.000000 
3278 0.000000 
3279 -0.000000 
3280 0.000000 
3281 -0.000000 
3282 0.000000 
3283 -0.000000 
3284 0.000000 
3285 -0.000000 
3286 0.000000 
3287 -0.000000 
3288 0.000000 
3289 -0.000000 
3290 -0.000000 
3291 0.000000 
3292 -0.000000 
3293 0.000000 
3294 -0.000000 
3295 0.000000 
3296 -0.000000 
3297 0.000000 
3298 -0.000000 
3299 0.000000 
3300 -0.000000 
3301 0.000000 
3302 -0.000000 
3303 0.000000 
3304 -0.000000 
3305 0.000000 
3306 -0.000000 
3307 0.000000 
3308 -0.000000 
3309 0.000000 
3310 -0.000000 
3311 0.000000 
3312 -0.000000 
3313 0.000000 
3314 -0.000000 
3315 0.000000 
3316 -0.000000 
3317 0.000000 
3318 -0.000000 
3319 0.000000 
3320 -0.000000 
3321 0.000000 
3322 -0.000000 
3323 0.000000 
3324 -0.000000 
3325 0.000000 
3326 -0.000000 
3327 0.000000 
3328 -0.000000 
3329 0.000000 
3330 -0.000000 
3331 0.000000 
3332 -0.000000 
3333 0.000000 
3334 -0.000000 
3335 0.000000 
3336 -0.000000 
3337 0.000000 
3338 -0.000000 
3339 0.000000 
3340 -0.000000 
3341 0.000000 
3342 -0.000000 
3343 0.000000 
3344 -0.000000 
3345 0.000000 
3346 -0.000000 
3347 0.000000 
3348 -0.000000 
3349 0.000000 
3350 -0.000000 
3351 0.000000 
3352 -0.000000 
3353 0.000000 
3354 -0.000000 
3355 0.000000 
3356 -0.000000 
3357 0.000000 
3358 -0.000000 
3359 0.000000 
3360 -0.000000 
3361 0.000000 
3362 -0.000000 
3363 0.000000 
3364 -0.000000 
3365 0.000000 
3366 -0.000000 
3367 0.000000 
3368 -0.000000 
3369 0.000000 
3370 -0.000000 
3371 0.000000 
3372 -0.000000 
3373 0.000000 
3374 -0.000000 
3375 0.000000 
3376 -0.000000 
3377 0.000000 
3378 -0.000000 
3379 0.000000 
3380 -0.000000 
3381 0.000000 
3382 -0.000000 
3383 0.000000 
3384 -0.000000 
3385 0.000000 
3386 -0.000000 
3387 0.000000 
3388 -0.000000 
3389 0.000000 
3390 -0.000000 
3391 0.000000 
3392 -0.000000 
3393 0.000000 
3394 -0.000000 
3395 0.000000 
3396 -0.000000 
3397 0.000000 
3398 -0.000000 
3399 0.000000 
3400 -0.000000 
3401 0.000000 
3402 -0.000000 
3403 0.000000 
3404 -0.000000 
3405 0.000000 
3406 -0.000000 
3407 0.000000 
3408 -0.000000 
3409 0.000000 
3410 -0.000000 
3411 0.000000 
3412 -0.000000 
3413 0.000000 
3414 -0.000000 
3415 0.000000 
3416 -0.000000 
3417 0.000000 
3418 -0.000000 
3419 0.000000 
3420 -0.000000 
3421 -0.000000 
3422 0.000000 
3423 -0.000000 
3424 0.000000 
3425 -0.000000 
3426 0.000000 
3427 -0.000000 
3428 0.000000 
3429 -0.000000 
3430 0.000000 
3431 -0.000000 
3432 0.000000 
3433 -0.000000 
3434 0.000000 
3435 -0.000000 
3436 0.000000 
3437 -0.000000 
3438 0.000000 
3439 -0.000000 
3440 0.000000 
3441 -0.000000 
3442 0.000000 
3443 -0.000000 
3444 0.000000 
3445 -0.000000 
3446 0.000000 
3447 -0.000000 
3448 0.000000 
3449 -0.000000 
3450 0.000000 
3451 -0.000000 
3452 0.000000 
3453 -0.000000 
3454 0.000000 
3455 -0.000000 
3456 0.000000 
3457 -0.000000 
3458 0.000000 
3459 -0.000000 
3460 0.000000 
3461 -0.000000 
3462 0.000000 
3463 -0.000000 
3464 0.000000 
3465 -0.000000 
3466 0.000000 
3467 -0.000000 
3468 0.000000 
3469 -0.000000 
3470 0.000000 
3471 -0.000000 
3472 0.000000 
3473 -0.000000 
3474 0.000000 
3475 -0.000000 
3476 0.000000 
3477 -0.000000 
3478 0.000000 
3479 -0.000000 
3480 0.000000 
3481 -0.000000 
3482 0.000000 
3483 -0.000000 
3484 0.000000 
3485 -0.000000 
3486 0.000000 
3487 -0.000000 
3488 0.000000 
3489 -0.000000 
3490 0.000000 
3491 -0.000000 
3492 0.000000 
3493 -0.000000 
3494 0.000000 
3495 -0.000000 
3496 0.000000 
3497 -0.000000 
3498 0.000000 
3499 -0.000000 
3500 0.000000 
3501 -0.000000 
3502 0.000000 
3503 -0.000000 
3504 0.000000 
3505 -0.000000 
3506 0.000000 
3507 -0.000000 
3508 0.000000 
3509 -0.000000 
3510 0.000000 
3511 -0.000000 
3512 0.000000 
3513 -0.000000 
3514 0.000000 
3515 -0.000000 
3516 0.000000 
3517 -0.000000 
3518 0.000000 
3519 -0.000000 
3520 0.000000 
3521 -0.000000 
3522 0.000000 
3523 -0.000000 
3524 0.000000 
3525 -0.000000 
3526 0.000000 
3527 -0.000000 
3528 0.000000 
3529 -0.000000 
3530 0.000000 
3531 -0.000000 
3532 0.000000 
3533 -0.000000 
3534 0.000000 
3535 -0.000000 
3536 0.000000 
3537 -0.000000 
3538 0.000000 
3539 -0.000000 
3540 0.000000 
3541 -0.000000 
3542 0.000000 
3543 -0.000000 
3544 0.000000 
3545 -0.000000 
3546 0.000000 
3547 -0.000000 
3548 0.000000 
3549 -0.000000 
3550 0.000000 
3551 -0.000000 
3552 -0.000000 
3553 0.000000 
3554 -0.000000 
3555 0.000000 
3556 -0.000000 
3557 0.000000 
3558 -0.000000 
3559 0.000000 
3560 -0.000000 
3561 0.000000 
3562 -0.000000 
3563 0.000000 
3564 -0.000000 
3565 0.000000 
3566 -0.000000 
3567 0.000000 
3568 -0.000000 
3569 0.000000 
3570 -0.000000 
3571 0.000000 
3572 -0.000000 
3573 0.000000 
3574 -0.000000 
3575 0.000000 
3576 -0.000000 
3577 0.000000 
3578 -0.000000 
3579 0.000000 
3580 -0.000000 
3581 0.000000 
3582 -0.000000 
3583 0.000000 
3584 -0.000000 
3585 0.000000 
3586 -0.000000 
3587 0.000000 
3588 -0.000000 
3589 0.000000 
3590 -0.000000 
3591 0.000000 
3592 -0.000000 
3593 0.000000 
3594 -0.000000 
3595 0.000000 
3596 -0.000000 
3597 0.000000 
3598 -0.000000 
3599 0.000000 
3600 -0.000000 
3601 0.000000 
3602 -0.000000 
3603 0.000000 
3604 -0.000000 
3605 0.000000 
3606 -0.000000 
3607 0.000000 
3608 -0.000000 
3609 0.000000 
3610 -0.000000 
3611 0.000000 
3612 -0.000000 
3613 0.000000 
3614 -0.000000 
3615 0.000000 
3616 -0.000000 
3617 0.000000 
3618 -0.000000 
3619 0.000000 
3620 -0.000000 
3621 0.000000 
3622 -0.000000 
3623 0.000000 
3624 -0.000000 
3625 0.000000 
3626 -0.000000 
3627 0.000000 
3628 -0.000000 
3629 0.000000 
3630 -0.000000 
3631 0.000000 
3632 -0.000000 
3633 0.000000 
3634 -0.000000 
3635 0.000000 
3636 -0.000000 
3637 0.000000 
3638 -0.000000 
3639 0.000000 
3640 -0.000000 
3641 0.000000 
3642 -0.000000 
3643 0.000000 
3644 -0.000000 
3645 0.000000 
3646 -0.000000 
3647 0.000000 
3648 -0.000000 
3649 0.000000 
3650 -0.000000 
3651 0.000000 
3652 -0.000000 
3653 0.000000 
3654 -0.000000 
3655 0.000000 
3656 -0.000000 
3657 0.000000 
3658 -0.000000 
3659 0.000000 
3660 -0.000000 
3661 0.000000 
3662 -0.000000 
3663 0.000000 
3664 -0.000000 
3665 0.000000 
3666 -0.000000 
3667 0.000000 
3668 -0.000000 
3669 0.000000 
3670 -0.000000 
3671 0.000000 
3672 -0.000000 
3673 0.000000 
3674 -0.000000 
3675 0.000000 
3676 0.000000 
3677 -0.000000 
3678 0.000000 
3679 -0.000000 
3680 0.000000 
3681 -0.000000 
3682 0.000000 
3683 -0.000000 
3684 0.000000 
3685 -0.000000 
3686 0.000000 
3687 -0.000000 
3688 0.000000 
3689 -0.000000 
3690 0.000000 
3691 -0.000000 
3692 0.000000 
3693 -0.000000 
3694 0.000000 
3695 -0.000000 
3696 0.000000 
3697 -0.000000 
3698 0.000000 
3699 -0.000000 
3700 0.000000 
3701 -0.000000 
3702 0.000000 
3703 -0.000000 
3704 0.000000 
3705 -0.000000 
3706 0.000000 
3707 -0.000000 
3708 0.000000 
3709 -0.000000 
3710 0.000000 
3711 -0.000000 
3712 0.000000 
3713 -0.000000 
3714 0.000000 
3715 -0.000000 
3716 0.000000 
3717 -0.000000 
3718 0.000000 
3719 -0.000000 
3720 0.000000 
3721 -0.000000 
3722 0.000000 
3723 -0.000000 
3724 0.000000 
3725 -0.000000 
3726 0.000000 
3727 -0.000000 
3728 0.000000 
3729 -0.000000 
3730 0.000000 
3731 -0.000000 
3732 0.000000 
3733 -0.000000 
3734 0.000000 
3735 -0.000000 
3736 0.000000 
3737 -0.000000 
3738 0.000000 
3739 -0.000000 
3740 0.000000 
3741 -0.000000 
3742 0.000000 
3743 -0.000000 
3744 0.000000 
3745 -0.000000 
3746 0.000000 
3747 0.000000 
3748 -0.000000 
3749 0.000000 
3750 -0.000000 
3751 0.000000 
3752 -0.000000 
3753 0.000000 
3754 -0.000000 
3755 0.000000 
3756 -0.000000 
3757 0.000000 
3758 -0.000000 
3759 0.000000 
3760 -0.000000 
3761 0.000000 
3762 -0.000000 
3763 0.000000 
3764 -0.000000 
3765 0.000000 
3766 -0.000000 
3767 0.000000 
3768 -0.000000 
3769 0.000000 
3770 -0.000000 
3771 0.000000 
3772 -0.000000 
3773 0.000000 
3774 -0.000000 
3775 0.000000 
3776 -0.000000 
3777 0.000000 
3778 -0.000000 
3779 0.000000 
3780 -0.000000 
3781 0.000000 
3782 -0.000000 
3783 0.000000 
3784 -0.000000 
3785 0.000000 
3786 -0.000000 
3787 0.000000 
3788 -0.000000 
3789 0.000000 
3790 -0.000000 
3791 0.000000 
3792 -0.000000 
3793 0.000000 
3794 -0.000000 
3795 0.000000 
3796 -0.000000 
3797 0.000000 
3798 -0.000000 
3799 0.000000 
3800 -0.000000 
3801 0.000000 
3802 -0.000000 
3803 0.000000 
3804 -0.000000 
3805 0.000000 
3806 -0.000000 
3807 0.000000 
3808 -0.000000 
3809 0.000000 
3810 -0.000000 
3811 0.000000 
3812 -0.000000 
3813 0.000000 
3814 -0.000000 
3815 0.000000 
3816 -0.000000 
3817 0.000000 
3818 -0.000000 
3819 0.000000 
3820 -0.000000 
3821 -0.000000 
3822 0.000000 
3823 -0.000000 
3824 0.000000 
3825 -0.000000 
3826 0.000000 
3827 -0.000000 
3828 0.000000 
3829 -0.000000 
3830 0.000000 
3831 -0.000000 
3832 0.000000 
3833 -0.000000 
3834 0.000000 
3835 -0.000000 
3836 0.000000 
3837 -0.000000 
3838 0.000000 
3839 -0.000000 
3840 0.000000 
3841 -0.000000 
3842 0.000000 
3843 -0.000000 
3844 0.000000 
3845 -0.000000 
3846 0.000000 
3847 -0.000000 
3848 0.000000 
3849 -0.000000 
3850 0.000000 
3851 -0.000000 
3852 0.000000 
3853 -0.000000 
3854 0.000000 
3855 -0.000000 
3856 0.000000 
3857 -0.000000 
3858 0.000000 
3859 -0.000000 
3860 0.000000 
3861 -0.000000 
3862 0.000000 
3863 -0.000000 
3864 0.000000 
3865 -0.000000 
3866 0.000000 
3867 -0.000000 
3868 0.000000 
3869 -0.000000 
3870 0.000000 
3871 -0.000000 
3872 0.000000 
3873 -0.000000 
3874 0.000000 
3875 -0.000000 
3876 0.000000 
3877 -0.000000 
3878 0.000000 
3879 -0.000000 
3880 0.000000 
3881 -0.000000 
3882 0.000000 
3883 -0.000000 
3884 0.000000 
3885 -0.000000 
3886 0.000000 
3887 -0.000000 
3888 0.000000 
3889 -0.000000 
3890 -0.000000 
3891 0.000000 
3892 -0.000000 
3893 0.000000 
3894 -0.000000 
3895 0.000000 
3896 -0.000000 
3897 0.000000 
3898 -0.000000 
3899 0.000000 
3900 -0.000000 
3901 0.000000 
3902 -0.000000 
3903 0.000000 
3904 -0.000000 
3905 0.000000 
3906 -0.000000 
3907 0.000000 
3908 -0.000000 
3909 0.000000 
3910 -0.000000 
3911 0.000000 
3912 -0.000000 
3913 0.000000 
3914 -0.000000 
3915 0.000000 
3916 -0.000000 
3917 0.000000 
3918 -0.000000 
3919 0.000000 
3920 -0.000000 
3921 0.000000 
3922 -0.000000 
3923 0.000000 
3924 -0.000000 
3925 0.000000 
3926 -0.000000 
3927 0.000000 
3928 -0.000000 
3929 0.000000 
3930 -0.000000 
3931 0.000000 
3932 -0.000000 
3933 0.000000 
3934 -0.000000 
3935 0.000000 
3936 -0.000000 
3937 -0.000000 
3938 0.000000 
3939 -0.000000 
3940 0.000000 
3941 -0.000000 
3942 0.000000 
3943 -0.000000 
3944 0.000000 
3945 -0.000000 
3946 0.000000 
3947 -0.000000 
3948 0.000000 
3949 -0.000000 
3950 0.000000 
3951 -0.000000 
3952 0.000000 
3953 -0.000000 
3954 0.000000 
3955 -0.000000 
3956 0.000000 
3957 -0.000000 
3958 0.000000 
3959 -0.000000 
3960 0.000000 
3961 -0.000000 
3962 0.000000 
3963 -0.000000 
3964 0.000000 
3965 -0.000000 
3966 0.000000 
3967 -0.000000 
3968 0.000000 
3969 -0.000000 
3970 0.000000 
3971 -0.000000 
3972 0.000000 
3973 -0.000000 
3974 0.000000 
3975 -0.000000 
3976 0.000000 
3977 -0.000000 
3978 0.000000 
3979 -0.000000 
3980 0.000000 
3981 -0.000000 
3982 0.000000 
3983 -0.000000 
3984 0.000000 
3985 -0.000000 
3986 0.000000 
3987 -0.000000 
3988 0.000000 
3989 -0.000000 
3990 0.000000 
3991 -0.000000 
3992 0.000000 
3993 -0.000000 
3994 0.000000 
3995 -0.000000 
3996 0.000000 
3997 -0.000000 
3998 0.000000 
3999 -0.000000 
4000 0.000000 
