0 -0.000000 
1 0.000000 
2 -0.000000 
3 0.000000 
4 -0.000000 
5 0.000000 
6 -0.000000 
7 0.000000 
8 -0.000000 
9 0.000000 
10 0.000000 
11 -0.000000 
12 0.000000 
13 -0.000000 
14 0.000000 
15 -0.000000 
16 0.000000 
17 -0.000000 
18 0.000000 
19 -0.000000 
20 0.000000 
21 -0.000000 
22 0.000000 
23 -0.000000 
24 0.000000 
25 -0.000000 
26 0.000000 
27 -0.000000 
28 0.000000 
29 -0.000000 
30 0.000000 
31 -0.000000 
32 0.000000 
33 -0.000000 
34 0.000000 
35 -0.000000 
36 0.000000 
37 -0.000000 
38 0.000000 
39 -0.000000 
40 0.000000 
41 -0.000000 
42 0.000000 
43 -0.000000 
44 0.000000 
45 -0.000000 
46 0.000000 
47 -0.000000 
48 0.000000 
49 -0.000000 
50 0.000000 
51 -0.000000 
52 0.000000 
53 -0.000000 
54 0.000000 
55 -0.000000 
56 0.000000 
57 -0.000000 
58 0.000000 
59 -0.000000 
60 0.000000 
61 -0.000000 
62 0.000000 
63 -0.000000 
64 0.000000 
65 -0.000000 
66 0.000000 
67 -0.000000 
68 0.000000 
69 -0.000000 
70 0.000000 
71 -0.000000 
72 0.000000 
73 -0.000000 
74 0.000000 
75 -0.000000 
76 0.000000 
77 -0.000000 
78 0.000000 
79 -0.000000 
80 0.000000 
81 -0.000000 
82 0.000000 
83 -0.000000 
84 0.000000 
85 -0.000000 
86 0.000000 
87 -0.000000 
88 0.000000 
89 -0.000000 
90 0.000000 
91 -0.000000 
92 0.000000 
93 -0.000000 
94 0.000000 
95 -0.000000 
96 0.000000 
97 -0.000000 
98 0.000000 
99 -0.000000 
100 0.000000 
101 -0.000000 
102 0.000000 
103 -0.000000 
104 0.000000 
105 -0.000000 
106 0.000000 
107 -0.000000 
108 0.000000 
109 -0.000000 
110 0.000000 
111 -0.000000 
112 0.000000 
113 -0.000000 
114 0.000000 
115 0.000000 
116 -0.000000 
117 0.000000 
118 -0.000000 
119 0.000000 
120 -0.000000 
121 0.000000 
122 -0.000000 
123 0.000000 
124 -0.000000 
125 0.000000 
126 -0.000000 
127 0.000000 
128 -0.000000 
129 0.000000 
130 -0.000000 
131 0.000000 
132 -0.000000 
133 0.000000 
134 -0.000000 
135 0.000000 
136 -0.000000 
137 0.000000 
138 -0.000000 
139 0.000000 
140 -0.000000 
141 0.000000 
142 -0.000000 
143 0.000000 
144 -0.000000 
145 0.000000 
146 -0.000000 
147 0.000000 
148 -0.000000 
149 0.000000 
150 -0.000000 
151 0.000000 
152 -0.000000 
153 0.000000 
154 -0.000000 
155 0.000000 
156 -0.000000 
157 0.000000 
158 -0.000000 
159 0.000000 
160 -0.000000 
161 0.000000 
162 -0.000000 
163 0.000000 
164 -0.000000 
165 0.000000 
166 -0.000000 
167 0.000000 
168 -0.000000 
169 0.000000 
170 -0.000000 
171 0.000000 
172 -0.000000 
173 0.000000 
174 -0.000000 
175 0.000000 
176 -0.000000 
177 0.000000 
178 -0.000000 
179 0.000000 
180 -0.000000 
181 0.000000 
182 -0.000000 
183 0.000000 
184 -0.000000 
185 0.000000 
186 -0.000000 
187 0.000000 
188 -0.000000 
189 0.000000 
190 -0.000000 
191 0.000000 
192 -0.000000 
193 0.000000 
194 -0.000000 
195 0.000000 
196 -0.000000 
197 0.000000 
198 -0.000000 
199 0.000000 
200 -0.000000 
201 0.000000 
202 -0.000000 
203 0.000000 
204 -0.000000 
205 0.000000 
206 -0.000000 
207 0.000000 
208 -0.000000 
209 0.000000 
210 -0.000000 
211 0.000000 
212 -0.000000 
213 0.000000 
214 -0.000000 
215 0.000000 
216 -0.000000 
217 0.000000 
218 -0.000000 
219 0.000000 
220 -0.000000 
221 0.000000 
222 -0.000000 
223 0.000000 
224 -0.000000 
225 0.000000 
226 -0.000000 
227 0.000000 
228 -0.000000 
229 0.000000 
230 -0.000000 
231 0.000000 
232 -0.000000 
233 0.000000 
234 -0.000000 
235 0.000000 
236 -0.000000 
237 0.000000 
238 -0.000000 
239 0.000000 
240 -0.000000 
241 0.000000 
242 -0.000000 
243 0.000000 
244 -0.000000 
245 0.000000 
246 -0.000000 
247 0.000000 
248 -0.000000 
249 0.000000 
250 -0.000000 
251 0.000000 
252 -0.000000 
253 0.000000 
254 -0.000000 
255 0.000000 
256 -0.000000 
257 0.000000 
258 -0.000000 
259 0.000000 
260 -0.000000 
261 0.000000 
262 -0.000000 
263 0.000000 
264 -0.000000 
265 0.000000 
266 -0.000000 
267 -0.000000 
268 0.000000 
269 -0.000000 
270 0.000000 
271 -0.000000 
272 0.000000 
273 -0.000000 
274 0.000000 
275 -0.000000 
276 0.000000 
277 -0.000000 
278 0.000000 
279 -0.000000 
280 0.000000 
281 -0.000000 
282 0.000000 
283 -0.000000 
284 0.000000 
285 -0.000000 
286 0.000000 
287 -0.000000 
288 0.000000 
289 -0.000000 
290 0.000000 
291 -0.000000 
292 0.000000 
293 -0.000000 
294 0.000000 
295 -0.000000 
296 0.000000 
297 -0.000000 
298 0.000000 
299 -0.000000 
300 0.000000 
301 -0.000000 
302 0.000000 
303 -0.000000 
304 0.000000 
305 -0.000000 
306 0.000000 
307 -0.000000 
308 0.000000 
309 0.000000 
310 -0.000000 
311 0.000000 
312 -0.000000 
313 0.000000 
314 -0.000000 
315 0.000000 
316 -0.000000 
317 0.000000 
318 -0.000000 
319 0.000000 
320 -0.000000 
321 0.000000 
322 -0.000000 
323 0.000000 
324 -0.000000 
325 0.000000 
326 -0.000000 
327 0.000000 
328 -0.000000 
329 0.000000 
330 -0.000000 
331 0.000000 
332 -0.000000 
333 0.000000 
334 -0.000000 
335 0.000000 
336 0.000000 
337 -0.000000 
338 0.000000 
339 -0.000000 
340 0.000000 
341 -0.000000 
342 0.000000 
343 -0.000000 
344 0.000000 
345 -0.000000 
346 0.000000 
347 -0.000000 
348 0.000000 
349 -0.000000 
350 0.000000 
351 -0.000000 
352 0.000000 
353 -0.000000 
354 0.000000 
355 -0.000000 
356 0.000000 
357 -0.000000 
358 0.000000 
359 -0.000000 
360 0.000000 
361 -0.000000 
362 0.000000 
363 -0.000000 
364 0.000000 
365 -0.000000 
366 0.000000 
367 -0.000000 
368 0.000000 
369 -0.000000 
370 0.000000 
371 -0.000000 
372 0.000000 
373 -0.000000 
374 0.000000 
375 -0.000000 
376 0.000000 
377 -0.000000 
378 0.000000 
379 -0.000000 
380 0.000000 
381 -0.000000 
382 0.000000 
383 -0.000000 
384 0.000000 
385 -0.000000 
386 0.000000 
387 -0.000000 
388 0.000000 
389 -0.000000 
390 0.000000 
391 -0.000000 
392 0.000000 
393 -0.000000 
394 0.000000 
395 -0.000000 
396 0.000000 
397 -0.000000 
398 0.000000 
399 -0.000000 
400 0.000000 
401 -0.000000 
402 0.000000 
403 -0.000000 
404 0.000000 
405 -0.000000 
406 0.000000 
407 -0.000000 
408 0.000000 
409 -0.000000 
410 0.000000 
411 -0.000000 
412 0.000000 
413 -0.000000 
414 0.000000 
415 -0.000000 
416 0.000000 
417 -0.000000 
418 0.000000 
419 -0.000000 
420 0.000000 
421 -0.000000 
422 0.000000 
423 -0.000000 
424 0.000000 
425 -0.000000 
426 0.000000 
427 -0.000000 
428 0.000000 
429 -0.000000 
430 0.000000 
431 -0.000000 
432 0.000000 
433 -0.000000 
434 0.000000 
435 -0.000000 
436 0.000000 
437 -0.000000 
438 0.000000 
439 -0.000000 
440 -0.000000 
441 0.000000 
442 -0.000000 
443 0.000000 
444 -0.000000 
445 0.000000 
446 -0.000000 
447 0.000000 
448 -0.000000 
449 0.000000 
450 -0.000000 
451 0.000000 
452 -0.000000 
453 0.000000 
454 -0.000000 
455 0.000000 
456 -0.000000 
457 0.000000 
458 -0.000000 
459 0.000000 
460 -0.000000 
461 0.000000 
462 -0.000000 
463 0.000000 
464 -0.000000 
465 0.000000 
466 -0.000000 
467 0.000000 
468 -0.000000 
469 0.000000 
470 -0.000000 
471 0.000000 
472 -0.000000 
473 -0.000000 
474 0.000000 
475 -0.000000 
476 0.000000 
477 -0.000000 
478 0.000000 
479 -0.000000 
480 0.000000 
481 -0.000000 
482 0.000000 
483 -0.000000 
484 0.000000 
485 -0.000000 
486 0.000000 
487 -0.000000 
488 0.000000 
489 -0.000000 
490 0.000000 
491 -0.000000 
492 0.000000 
493 -0.000000 
494 0.000000 
495 -0.000000 
496 0.000000 
497 -0.000000 
498 0.000000 
499 -0.000000 
500 0.000000 
501 -0.000000 
502 0.000000 
503 0.000000 
504 -0.000000 
505 0.000000 
506 -0.000000 
507 0.000000 
508 -0.000000 
509 0.000000 
510 -0.000000 
511 0.000000 
512 -0.000000 
513 0.000000 
514 -0.000000 
515 0.000000 
516 -0.000000 
517 0.000000 
518 -0.000000 
519 0.000000 
520 -0.000000 
521 0.000000 
522 -0.000000 
523 0.000000 
524 -0.000000 
525 0.000000 
526 -0.000000 
527 0.000000 
528 -0.000000 
529 0.000000 
530 -0.000000 
531 0.000000 
532 -0.000000 
533 0.000000 
534 -0.000000 
535 0.000000 
536 -0.000000 
537 0.000000 
538 -0.000000 
539 0.000000 
540 -0.000000 
541 0.000000 
542 -0.000000 
543 0.000000 
544 -0.000000 
545 0.000000 
546 -0.000000 
547 0.000000 
548 -0.000000 
549 0.000000 
550 -0.000000 
551 0.000000 
552 -0.000000 
553 0.000000 
554 -0.000000 
555 0.000000 
556 -0.000000 
557 0.000000 
558 -0.000000 
559 0.000000 
560 -0.000000 
561 -0.000000 
562 0.000000 
563 -0.000000 
564 0.000000 
565 -0.000000 
566 0.000000 
567 -0.000000 
568 0.000000 
569 -0.000000 
570 0.000000 
571 -0.000000 
572 0.000000 
573 -0.000000 
574 0.000000 
575 -0.000000 
576 0.000000 
577 -0.000000 
578 0.000000 
579 -0.000000 
580 0.000000 
581 -0.000000 
582 0.000000 
583 -0.000000 
584 0.000000 
585 -0.000000 
586 0.000000 
587 -0.000000 
588 0.000000 
589 -0.000000 
590 0.000000 
591 -0.000000 
592 0.000000 
593 -0.000000 
594 0.000000 
595 -0.000000 
596 0.000000 
597 -0.000000 
598 0.000000 
599 -0.000000 
600 0.000000 
601 -0.000000 
602 0.000000 
603 -0.000000 
604 0.000000 
605 -0.000000 
606 0.000000 
607 -0.000000 
608 0.000000 
609 -0.000000 
610 0.000000 
611 -0.000000 
612 0.000000 
613 -0.000000 
614 0.000000 
615 -0.000000 
616 0.000000 
617 -0.000000 
618 0.000000 
619 -0.000000 
620 -0.000000 
621 0.000000 
622 -0.000000 
623 0.000000 
624 -0.000000 
625 0.000000 
626 -0.000000 
627 0.000000 
628 -0.000000 
629 0.000000 
630 -0.000000 
631 0.000000 
632 -0.000000 
633 0.000000 
634 -0.000000 
635 0.000000 
636 -0.000000 
637 0.000000 
638 -0.000000 
639 0.000000 
640 -0.000000 
641 0.000000 
642 -0.000000 
643 0.000000 
644 -0.000000 
645 -0.000000 
646 0.000000 
647 -0.000000 
648 0.000000 
649 -0.000000 
650 0.000000 
651 -0.000000 
652 0.000000 
653 -0.000000 
654 0.000000 
655 -0.000000 
656 0.000000 
657 -0.000000 
658 0.000000 
659 -0.000000 
660 0.000000 
661 -0.000000 
662 0.000000 
663 -0.000000 
664 0.000000 
665 -0.000000 
666 0.000000 
667 -0.000000 
668 0.000000 
669 -0.000000 
670 0.000000 
671 -0.000000 
672 0.000000 
673 -0.000000 
674 0.000000 
675 -0.000000 
676 0.000000 
677 -0.000000 
678 0.000000 
679 -0.000000 
680 0.000000 
681 -0.000000 
682 0.000000 
683 -0.000000 
684 0.000000 
685 -0.000000 
686 0.000000 
687 -0.000000 
688 0.000000 
689 -0.000000 
690 0.000000 
691 -0.000000 
692 0.000000 
693 -0.000000 
694 0.000000 
695 -0.000000 
696 0.000000 
697 -0.000000 
698 0.000000 
699 -0.000000 
700 0.000000 
701 -0.000000 
702 0.000000 
703 -0.000000 
704 0.000000 
705 -0.000000 
706 0.000000 
707 -0.000000 
708 0.000000 
709 -0.000000 
710 0.000000 
711 -0.000000 
712 0.000000 
713 -0.000000 
714 0.000000 
715 -0.000000 
716 0.000000 
717 -0.000000 
718 0.000000 
719 -0.000000 
720 0.000000 
721 -0.000000 
722 0.000000 
723 -0.000000 
724 0.000000 
725 -0.000000 
726 0.000000 
727 -0.000000 
728 0.000000 
729 0.000000 
730 -0.000000 
731 0.000000 
732 -0.000000 
733 0.000000 
734 -0.000000 
735 0.000000 
736 -0.000000 
737 0.000000 
738 -0.000000 
739 0.000000 
740 -0.000000 
741 0.000000 
742 -0.000000 
743 0.000000 
744 -0.000000 
745 0.000000 
746 -0.000000 
747 0.000000 
748 -0.000000 
749 0.000000 
750 -0.000000 
751 0.000000 
752 -0.000000 
753 0.000000 
754 -0.000000 
755 0.000000 
756 -0.000000 
757 0.000000 
758 -0.000000 
759 0.000000 
760 -0.000000 
761 0.000000 
762 -0.000000 
763 0.000000 
764 -0.000000 
765 0.000000 
766 -0.000000 
767 0.000000 
768 -0.000000 
769 0.000000 
770 -0.000000 
771 0.000000 
772 -0.000000 
773 0.000000 
774 -0.000000 
775 0.000000 
776 -0.000000 
777 0.000000 
778 -0.000000 
779 0.000000 
780 0.000000 
781 -0.000000 
782 0.000000 
783 -0.000000 
784 0.000000 
785 -0.000000 
786 0.000000 
787 -0.000000 
788 0.000000 
789 -0.000000 
790 0.000000 
791 -0.000000 
792 0.000000 
793 -0.000000 
794 0.000000 
795 -0.000000 
796 0.000000 
797 -0.000000 
798 0.000000 
799 -0.000000 
800 0.000000 
801 -0.000000 
802 0.000000 
803 -0.000000 
804 0.000000 
805 -0.000000 
806 0.000000 
807 -0.000000 
808 0.000000 
809 -0.000000 
810 0.000000 
811 -0.000000 
812 0.000000 
813 -0.000000 
814 0.000000 
815 -0.000000 
816 0.000000 
817 -0.000000 
818 0.000000 
819 -0.000000 
820 0.000000 
821 -0.000000 
822 0.000000 
823 -0.000000 
824 0.000000 
825 -0.000000 
826 0.000000 
827 -0.000000 
828 0.000000 
829 -0.000000 
830 0.000000 
831 -0.000000 
832 0.000000 
833 -0.000000 
834 0.000000 
835 -0.000000 
836 0.000000 
837 -0.000000 
838 0.000000 
839 -0.000000 
840 0.000000 
841 -0.000000 
842 0.000000 
843 -0.000000 
844 0.000000 
845 -0.000000 
846 0.000000 
847 -0.000000 
848 0.000000 
849 -0.000000 
850 0.000000 
851 -0.000000 
852 0.000000 
853 -0.000000 
854 0.000000 
855 -0.000000 
856 0.000000 
857 -0.000000 
858 0.000000 
859 -0.000000 
860 0.000000 
861 -0.000000 
862 0.000000 
863 -0.000000 
864 0.000000 
865 -0.000000 
866 0.000000 
867 -0.000000 
868 0.000000 
869 -0.000000 
870 0.000000 
871 -0.000000 
872 0.000000 
873 -0.000000 
874 0.000000 
875 -0.000000 
876 0.000000 
877 -0.000000 
878 0.000000 
879 -0.000000 
880 0.000000 
881 -0.000000 
882 0.000000 
883 -0.000000 
884 0.000000 
885 -0.000000 
886 0.000000 
887 -0.000000 
888 0.000000 
889 -0.000000 
890 0.000000 
891 -0.000000 
892 0.000000 
893 -0.000000 
894 0.000000 
895 -0.000000 
896 0.000000 
897 -0.000000 
898 0.000000 
899 -0.000000 
900 0.000000 
901 -0.000000 
902 0.000000 
903 -0.000000 
904 0.000000 
905 -0.000000 
906 0.000000 
907 -0.000000 
908 0.000000 
909 -0.000000 
910 -0.000000 
911 0.000000 
912 -0.000000 
913 0.000000 
914 -0.000000 
915 0.000000 
916 -0.000000 
917 0.000000 
918 -0.000000 
919 0.000000 
920 -0.000000 
921 0.000000 
922 -0.000000 
923 0.000000 
924 -0.000000 
925 0.000000 
926 -0.000000 
927 0.000000 
928 -0.000000 
929 0.000000 
930 -0.000000 
931 0.000000 
932 -0.000000 
933 0.000000 
934 -0.000000 
935 0.000000 
936 -0.000000 
937 0.000000 
938 -0.000000 
939 0.000000 
940 -0.000000 
941 0.000000 
942 -0.000000 
943 0.000000 
944 -0.000000 
945 0.000000 
946 -0.000000 
947 0.000000 
948 -0.000000 
949 0.000000 
950 -0.000000 
951 0.000000 
952 -0.000000 
953 0.000000 
954 -0.000000 
955 0.000000 
956 -0.000000 
957 0.000000 
958 -0.000000 
959 0.000000 
960 -0.000000 
961 0.000000 
962 -0.000000 
963 0.000000 
964 -0.000000 
965 0.000000 
966 -0.000000 
967 0.000000 
968 -0.000000 
969 0.000000 
970 -0.000000 
971 0.000000 
972 -0.000000 
973 0.000000 
974 -0.000000 
975 0.000000 
976 -0.000000 
977 0.000000 
978 -0.000000 
979 0.000000 
980 -0.000000 
981 0.000000 
982 -0.000000 
983 0.000000 
984 -0.000000 
985 0.000000 
986 -0.000000 
987 0.000000 
988 -0.000000 
989 0.000000 
990 -0.000000 
991 0.000000 
992 -0.000000 
993 0.000000 
994 -0.000000 
995 0.000000 
996 -0.000000 
997 0.000000 
998 -0.000000 
999 0.000000 
1000 -0.000000 
1001 0.000000 
1002 -0.000000 
1003 0.000000 
1004 -0.000000 
1005 0.000000 
1006 -0.000000 
1007 0.000001 
1008 -0.000001 
1009 0.000001 
1010 -0.000001 
1011 0.000001 
1012 -0.000001 
1013 0.000001 
1014 -0.000001 
1015 0.000001 
1016 -0.000001 
1017 0.000001 
1018 -0.000001 
1019 0.000001 
1020 -0.000001 
1021 0.000001 
1022 -0.000001 
1023 0.000001 
1024 -0.000001 
1025 0.000001 
1026 -0.000001 
1027 0.000001 
1028 -0.000001 
1029 0.000001 
1030 -0.000001 
1031 0.000001 
1032 -0.000000 
1033 0.000000 
1034 -0.000000 
1035 0.000000 
1036 -0.000000 
1037 0.000000 
1038 0.000000 
1039 -0.000000 
1040 0.000000 
1041 -0.000001 
1042 0.000001 
1043 -0.000001 
1044 0.000001 
1045 -0.000001 
1046 0.000001 
1047 -0.000002 
1048 0.000002 
1049 -0.000002 
1050 0.000002 
1051 -0.000003 
1052 0.000003 
1053 -0.000003 
1054 0.000003 
1055 -0.000004 
1056 0.000004 
1057 -0.000004 
1058 0.000005 
1059 -0.000005 
1060 0.000005 
1061 -0.000006 
1062 0.000006 
1063 -0.000006 
1064 0.000007 
1065 -0.000007 
1066 0.000007 
1067 -0.000008 
1068 0.000008 
1069 -0.000009 
1070 0.000009 
1071 -0.000010 
1072 0.000010 
1073 -0.000011 
1074 0.000011 
1075 -0.000012 
1076 0.000012 
1077 -0.000013 
1078 0.000014 
1079 -0.000014 
1080 0.000015 
1081 -0.000016 
1082 0.000017 
1083 -0.000018 
1084 0.000019 
1085 -0.000020 
1086 0.000021 
1087 -0.000022 
1088 0.000023 
1089 -0.000024 
1090 0.000025 
1091 -0.000026 
1092 0.000028 
1093 -0.000029 
1094 0.000030 
1095 -0.000032 
1096 0.000034 
1097 -0.000035 
1098 0.000037 
1099 -0.000038 
1100 0.000040 
1101 -0.000042 
1102 0.000044 
1103 -0.000046 
1104 0.000048 
1105 -0.000050 
1106 0.000053 
1107 -0.000055 
1108 0.000058 
1109 -0.000060 
1110 0.000063 
1111 -0.000065 
1112 0.000068 
1113 -0.000071 
1114 0.000074 
1115 -0.000078 
1116 0.000081 
1117 -0.000085 
1118 0.000088 
1119 -0.000092 
1120 0.000096 
1121 -0.000100 
1122 0.000104 
1123 -0.000109 
1124 0.000113 
1125 -0.000118 
1126 0.000123 
1127 -0.000128 
1128 0.000133 
1129 -0.000139 
1130 0.000144 
1131 -0.000150 
1132 0.000156 
1133 -0.000162 
1134 0.000168 
1135 -0.000174 
1136 0.000180 
1137 -0.000187 
1138 0.000193 
1139 -0.000199 
1140 0.000205 
1141 -0.000211 
1142 0.000217 
1143 -0.000223 
1144 0.000228 
1145 -0.000233 
1146 0.000237 
1147 -0.000241 
1148 0.000243 
1149 -0.000245 
1150 0.000246 
1151 -0.000246 
1152 0.000244 
1153 -0.000241 
1154 0.000236 
1155 -0.000229 
1156 0.000221 
1157 -0.000210 
1158 0.000197 
1159 -0.000181 
1160 0.000164 
1161 -0.000143 
1162 0.000120 
1163 -0.000095 
1164 0.000066 
1165 -0.000035 
1166 0.000001 
1167 0.000036 
1168 -0.000075 
1169 0.000117 
1170 -0.000162 
1171 0.000209 
1172 -0.000258 
1173 0.000310 
1174 -0.000363 
1175 0.000419 
1176 -0.000477 
1177 0.000536 
1178 -0.000597 
1179 0.000659 
1180 -0.000723 
1181 0.000788 
1182 -0.000853 
1183 0.000920 
1184 -0.000988 
1185 0.001057 
1186 -0.001126 
1187 0.001196 
1188 -0.001267 
1189 0.001338 
1190 -0.001410 
1191 0.001483 
1192 -0.001557 
1193 0.001632 
1194 -0.001708 
1195 0.001786 
1196 -0.001864 
1197 0.001944 
1198 -0.002026 
1199 0.002110 
1200 -0.002196 
1201 0.002284 
1202 -0.002374 
1203 0.002468 
1204 -0.002564 
1205 0.002662 
1206 -0.002764 
1207 0.002869 
1208 -0.002978 
1209 0.003090 
1210 -0.003205 
1211 0.003325 
1212 -0.003447 
1213 0.003574 
1214 -0.003705 
1215 0.003839 
1216 -0.003978 
1217 0.004121 
1218 -0.004269 
1219 0.004421 
1220 -0.004578 
1221 0.004740 
1222 -0.004907 
1223 0.005080 
1224 -0.005258 
1225 0.005443 
1226 -0.005635 
1227 0.005833 
1228 -0.006038 
1229 0.006251 
1230 -0.006471 
1231 0.006699 
1232 -0.006935 
1233 0.007180 
1234 -0.007432 
1235 0.007694 
1236 -0.007964 
1237 0.008242 
1238 -0.008530 
1239 0.008826 
1240 -0.009132 
1241 0.009447 
1242 -0.009770 
1243 0.010104 
1244 -0.010447 
1245 0.010799 
1246 -0.011162 
1247 0.011535 
1248 -0.011919 
1249 0.012313 
1250 -0.012718 
1251 0.013134 
1252 -0.013561 
1253 0.013998 
1254 -0.014447 
1255 0.014905 
1256 -0.015374 
1257 0.015851 
1258 -0.016337 
1259 0.016829 
1260 -0.017327 
1261 0.017829 
1262 -0.018333 
1263 0.018837 
1264 -0.019339 
1265 0.019835 
1266 -0.020323 
1267 0.020800 
1268 -0.021262 
1269 0.021705 
1270 -0.022124 
1271 0.022515 
1272 -0.022872 
1273 0.023190 
1274 -0.023462 
1275 0.023682 
1276 -0.023843 
1277 0.023935 
1278 -0.023952 
1279 0.023883 
1280 -0.023719 
1281 0.023451 
1282 -0.023067 
1283 0.022558 
1284 -0.021911 
1285 0.021117 
1286 -0.020165 
1287 0.019043 
1288 -0.017744 
1289 0.016256 
1290 -0.014573 
1291 0.012687 
1292 -0.010592 
1293 0.008284 
1294 -0.005762 
1295 0.003023 
1296 -0.000070 
1297 -0.003096 
1298 0.006468 
1299 -0.010041 
1300 0.013805 
1301 -0.017750 
1302 0.021866 
1303 -0.026138 
1304 0.030552 
1305 -0.035094 
1306 0.039748 
1307 -0.044498 
1308 0.049330 
1309 -0.054227 
1310 0.059175 
1311 -0.064159 
1312 0.069168 
1313 -0.074190 
1314 0.079214 
1315 -0.084232 
1316 0.089238 
1317 -0.094226 
1318 0.099193 
1319 -0.104137 
1320 0.109059 
1321 -0.113959 
1322 0.118842 
1323 -0.123711 
1324 0.128572 
1325 -0.133432 
1326 0.138298 
1327 -0.143179 
1328 0.148083 
1329 -0.153020 
1330 0.157998 
1331 -0.163028 
1332 0.168118 
1333 -0.173279 
1334 0.178518 
1335 -0.183845 
1336 0.189267 
1337 -0.194793 
1338 0.200430 
1339 -0.206184 
1340 0.212062 
1341 -0.218069 
1342 0.224211 
1343 -0.230492 
1344 0.236916 
1345 -0.243488 
1346 0.250210 
1347 -0.257087 
1348 0.264121 
1349 -0.271315 
1350 0.278672 
1351 -0.286193 
1352 0.293882 
1353 -0.301742 
1354 0.309773 
1355 -0.317980 
1356 0.326365 
1357 -0.334930 
1358 0.343679 
1359 -0.352614 
1360 0.361738 
1361 -0.371056 
1362 0.380570 
1363 -0.390284 
1364 0.400204 
1365 -0.410332 
1366 0.420675 
1367 -0.431236 
1368 0.442023 
1369 -0.453039 
1370 0.464293 
1371 -0.475789 
1372 0.487536 
1373 -0.499541 
1374 0.511810 
1375 -0.524351 
1376 0.537172 
1377 -0.550280 
1378 0.563682 
1379 -0.577382 
1380 0.591387 
1381 -0.605698 
1382 0.620317 
1383 -0.635242 
1384 0.650467 
1385 -0.665984 
1386 0.681779 
1387 -0.697831 
1388 0.714115 
1389 -0.730596 
1390 0.747231 
1391 -0.763969 
1392 0.780747 
1393 -0.797490 
1394 0.814110 
1395 -0.830507 
1396 0.846566 
1397 -0.862156 
1398 0.877131 
1399 -0.891329 
1400 0.904569 
1401 -0.916658 
1402 0.927383 
1403 -0.936519 
1404 0.943824 
1405 -0.949043 
1406 0.951912 
1407 -0.952156 
1408 0.949494 
1409 -0.943642 
1410 0.934315 
1411 -0.921233 
1412 0.904124 
1413 -0.882726 
1414 0.856799 
1415 -0.826120 
1416 0.790495 
1417 -0.749763 
1418 0.703796 
1419 -0.652508 
1420 0.595859 
1421 -0.533852 
1422 0.466545 
1423 -0.394044 
1424 0.316509 
1425 -0.234151 
1426 0.147234 
1427 -0.056069 
1428 -0.038988 
1429 0.137538 
1430 -0.239147 
1431 0.343353 
1432 -0.449668 
1433 0.557593 
1434 -0.666617 
1435 0.776232 
1436 -0.885937 
1437 0.995247 
1438 -1.103701 
1439 1.210867 
1440 -1.316350 
1441 1.419796 
1442 -1.520896 
1443 1.619389 
1444 -1.715067 
1445 1.807769 
1446 -1.897391 
1447 1.983874 
1448 -2.067211 
1449 2.147439 
1450 -2.224636 
1451 2.298918 
1452 -2.370434 
1453 2.439362 
1454 -2.505900 
1455 2.570267 
1456 -2.632694 
1457 2.693418 
1458 -2.752682 
1459 2.810727 
1460 -2.867792 
1461 2.924105 
1462 -2.979886 
1463 3.035342 
1464 -3.090667 
1465 3.146036 
1466 -3.201612 
1467 3.257538 
1468 -3.313940 
1469 3.370930 
1470 -3.428602 
1471 3.487035 
1472 -3.546295 
1473 3.606434 
1474 -3.667493 
1475 3.729503 
1476 -3.792488 
1477 3.856462 
1478 -3.921436 
1479 3.987416 
1480 -4.054404 
1481 4.122404 
1482 -4.191417 
1483 4.261444 
1484 -4.332488 
1485 4.404557 
1486 -4.477656 
1487 4.551796 
1488 -4.626989 
1489 4.703251 
1490 -4.780597 
1491 4.859046 
1492 -4.938616 
1493 5.019326 
1494 -5.101191 
1495 5.184227 
1496 -5.268443 
1497 5.353847 
1498 -5.440438 
1499 5.528210 
1500 -5.617146 
1501 5.707222 
1502 -5.798404 
1503 5.890643 
1504 -5.983881 
1505 6.078045 
1506 -6.173049 
1507 6.268789 
1508 -6.365146 
1509 6.461985 
1510 -6.559149 
1511 6.656463 
1512 -6.753728 
1513 6.850721 
1514 -6.947192 
1515 7.042861 
1516 -7.137413 
1517 7.230498 
1518 -7.321722 
1519 7.410645 
1520 -7.496776 
1521 7.579568 
1522 -7.658411 
1523 7.732629 
1524 -7.801472 
1525 7.864115 
1526 -7.919654 
1527 7.967099 
1528 -8.005379 
1529 8.033336 
1530 -8.049731 
1531 8.053246 
1532 -8.042491 
1533 8.016013 
1534 -7.972308 
1535 7.909832 
1536 -7.827023 
1537 7.722318 
1538 -7.594177 
1539 7.441106 
1540 -7.261688 
1541 7.054605 
1542 -6.818676 
1543 6.552880 
1544 -6.256393 
1545 5.928609 
1546 -5.569175 
1547 5.178009 
1548 -4.755326 
1549 4.301650 
1550 -3.817830 
1551 3.305040 
1552 -2.764787 
1553 2.198894 
1554 -1.609494 
1555 0.999006 
1556 -0.370108 
1557 -0.274292 
1558 0.931101 
1559 -1.597079 
1560 2.268888 
1561 -2.943137 
1562 3.616439 
1563 -4.285457 
1564 4.946953 
1565 -5.597839 
1566 6.235213 
1567 -6.856408 
1568 7.459016 
1569 -8.040922 
1570 8.600319 
1571 -9.135728 
1572 9.646002 
1573 -10.130323 
1574 10.588204 
1575 -11.019468 
1576 11.424238 
1577 -11.802912 
1578 12.156134 
1579 -12.484774 
1580 12.789891 
1581 -13.072704 
1582 13.334559 
1583 -13.576902 
1584 13.801242 
1585 -14.009131 
1586 14.202128 
1587 -14.381783 
1588 14.549611 
1589 -14.707076 
1590 14.855572 
1591 -14.996412 
1592 15.130817 
1593 -15.259905 
1594 15.384691 
1595 -15.506077 
1596 15.624856 
1597 -15.741707 
1598 15.857199 
1599 -15.971795 
1600 16.085853 
1601 -16.199633 
1602 16.313300 
1603 -16.426935 
1604 16.540538 
1605 -16.654034 
1606 16.767284 
1607 -16.880092 
1608 16.992207 
1609 -17.103339 
1610 17.213161 
1611 -17.321317 
1612 17.427430 
1613 -17.531110 
1614 17.631961 
1615 -17.729583 
1616 17.823587 
1617 -17.913593 
1618 17.999240 
1619 -18.080190 
1620 18.156135 
1621 -18.226800 
1622 18.291944 
1623 -18.351372 
1624 18.404928 
1625 -18.452505 
1626 18.494042 
1627 -18.529527 
1628 18.558993 
1629 -18.582525 
1630 18.600248 
1631 -18.612332 
1632 18.618985 
1633 -18.620447 
1634 18.616986 
1635 -18.608895 
1636 18.596475 
1637 -18.580037 
1638 18.559888 
1639 -18.536320 
1640 18.509602 
1641 -18.479970 
1642 18.447613 
1643 -18.412662 
1644 18.375182 
1645 -18.335153 
1646 18.292465 
1647 -18.246904 
1648 18.198140 
1649 -18.145720 
1650 18.089055 
1651 -18.027417 
1652 17.959930 
1653 -17.885566 
1654 17.803144 
1655 -17.711330 
1656 17.608641 
1657 -17.493451 
1658 17.364000 
1659 -17.218411 
1660 17.054703 
1661 -16.870816 
1662 16.664637 
1663 -16.434024 
1664 16.176848 
1665 -15.891020 
1666 15.574541 
1667 -15.225536 
1668 14.842303 
1669 -14.423358 
1670 13.967479 
1671 -13.473751 
1672 12.941606 
1673 -12.370866 
1674 11.761772 
1675 -11.115014 
1676 10.431750 
1677 -9.713620 
1678 8.962748 
1679 -8.181736 
1680 7.373645 
1681 -6.541969 
1682 5.690598 
1683 -4.823771 
1684 3.946017 
1685 -3.062095 
1686 2.176920 
1687 -1.295491 
1688 0.422813 
1689 0.436183 
1690 -1.276718 
1691 2.094235 
1692 -2.884473 
1693 3.643526 
1694 -4.367897 
1695 5.054544 
1696 -5.700911 
1697 6.304952 
1698 -6.865138 
1699 7.380461 
1700 -7.850419 
1701 8.274997 
1702 -8.654631 
1703 8.990179 
1704 -9.282867 
1705 9.534246 
1706 -9.746139 
1707 9.920588 
1708 -10.059800 
1709 10.166097 
1710 -10.241869 
1711 10.289527 
1712 -10.311467 
1713 10.310032 
1714 -10.287485 
1715 10.245987 
1716 -10.187577 
1717 10.114162 
1718 -10.027507 
1719 9.929235 
1720 -9.820823 
1721 9.703608 
1722 -9.578791 
1723 9.447443 
1724 -9.310514 
1725 9.168840 
1726 -9.023151 
1727 8.874078 
1728 -8.722164 
1729 8.567865 
1730 -8.411560 
1731 8.253555 
1732 -8.094090 
1733 7.933343 
1734 -7.771439 
1735 7.608450 
1736 -7.444411 
1737 7.279319 
1738 -7.113149 
1739 6.945861 
1740 -6.777411 
1741 6.607764 
1742 -6.436907 
1743 6.264862 
1744 -6.091698 
1745 5.917542 
1746 -5.742595 
1747 5.567135 
1748 -5.391532 
1749 5.216244 
1750 -5.041828 
1751 4.868933 
1752 -4.698297 
1753 4.530738 
1754 -4.367146 
1755 4.208462 
1756 -4.055666 
1757 3.909754 
1758 -3.771718 
1759 3.642521 
1760 -3.523075 
1761 3.414218 
1762 -3.316690 
1763 3.231117 
1764 -3.157987 
1765 3.097642 
1766 -3.050263 
1767 3.015862 
1768 -2.994282 
1769 2.985195 
1770 -2.988106 
1771 3.002364 
1772 -3.027172 
1773 3.061601 
1774 -3.104605 
1775 3.155041 
1776 -3.211686 
1777 3.273256 
1778 -3.338422 
1779 3.405827 
1780 -3.474102 
1781 3.541875 
1782 -3.607780 
1783 3.670467 
1784 -3.728602 
1785 3.780868 
1786 -3.825965 
1787 3.862607 
1788 -3.889512 
1789 3.905403 
1790 -3.908996 
1791 3.899001 
1792 -3.874112 
1793 3.833013 
1794 -3.774372 
1795 3.696852 
1796 -3.599118 
1797 3.479849 
1798 -3.337757 
1799 3.171605 
1800 -2.980237 
1801 2.762597 
1802 -2.517768 
1803 2.244995 
1804 -1.943718 
1805 1.613605 
1806 -1.254573 
1807 0.866817 
1808 -0.450827 
1809 0.007401 
1810 0.462346 
1811 -0.956985 
1812 1.474778 
1813 -2.013695 
1814 2.571433 
1815 -3.145451 
1816 3.733003 
1817 -4.331177 
1818 4.936947 
1819 -5.547215 
1820 6.158864 
1821 -6.768809 
1822 7.374044 
1823 -7.971689 
1824 8.559034 
1825 -9.133574 
1826 9.693041 
1827 -10.235430 
1828 10.759015 
1829 -11.262362 
1830 11.744333 
1831 -12.204080 
1832 12.641038 
1833 -13.054912 
1834 13.445653 
1835 -13.813441 
1836 14.158651 
1837 -14.481834 
1838 14.783680 
1839 -15.064995 
1840 15.326668 
1841 -15.569647 
1842 15.794913 
1843 -16.003459 
1844 16.196268 
1845 -16.374296 
1846 16.538465 
1847 -16.689641 
1848 16.828640 
1849 -16.956212 
1850 17.073047 
1851 -17.179771 
1852 17.276953 
1853 -17.365105 
1854 17.444689 
1855 -17.516127 
1856 17.579806 
1857 -17.636084 
1858 17.685306 
1859 -17.727801 
1860 17.763900 
1861 -17.793936 
1862 17.818255 
1863 -17.837217 
1864 17.851203 
1865 -17.860613 
1866 17.865874 
1867 -17.867434 
1868 17.865763 
1869 -17.861346 
1870 17.854687 
1871 -17.846293 
1872 17.836676 
1873 -17.826338 
1874 17.815772 
1875 -17.805444 
1876 17.795792 
1877 -17.787214 
1878 17.780062 
1879 -17.774631 
1880 17.771159 
1881 -17.769816 
1882 17.770704 
1883 -17.773852 
1884 17.779217 
1885 -17.786683 
1886 17.796065 
1887 -17.807108 
1888 17.819499 
1889 -17.832864 
1890 17.846783 
1891 -17.860790 
1892 17.874386 
1893 -17.887041 
1894 17.898208 
1895 -17.907322 
1896 17.913813 
1897 -17.917105 
1898 17.916624 
1899 -17.911797 
1900 17.902052 
1901 -17.886822 
1902 17.865539 
1903 -17.837628 
1904 17.802509 
1905 -17.759582 
1906 17.708229 
1907 -17.647799 
1908 17.577605 
1909 -17.496912 
1910 17.404934 
1911 -17.300822 
1912 17.183665 
1913 -17.052480 
1914 16.906212 
1915 -16.743734 
1916 16.563853 
1917 -16.365311 
1918 16.146795 
1919 -15.906951 
1920 15.644401 
1921 -15.357757 
1922 15.045650 
1923 -14.706752 
1924 14.339808 
1925 -13.943661 
1926 13.517296 
1927 -13.059865 
1928 12.570724 
1929 -12.049472 
1930 11.495979 
1931 -10.910415 
1932 10.293284 
1933 -9.645435 
1934 8.968088 
1935 -8.262838 
1936 7.531657 
1937 -6.776892 
1938 6.001247 
1939 -5.207764 
1940 4.399789 
1941 -3.580938 
1942 2.755048 
1943 -1.926129 
1944 1.098303 
1945 -0.275749 
1946 -0.537363 
1947 1.336933 
1948 -2.118995 
1949 2.879774 
1950 -3.615741 
1951 4.323666 
1952 -5.000659 
1953 5.644203 
1954 -6.252187 
1955 6.822917 
1956 -7.355130 
1957 7.847994 
1958 -8.301095 
1959 8.714427 
1960 -9.088365 
1961 9.423636 
1962 -9.721284 
1963 9.982633 
1964 -10.209247 
1965 10.402885 
1966 -10.565460 
1967 10.699001 
1968 -10.805606 
1969 10.887413 
1970 -10.946560 
1971 10.985156 
1972 -11.005260 
1973 11.008849 
1974 -10.997811 
1975 10.973922 
1976 -10.938842 
1977 10.894105 
1978 -10.841116 
1979 10.781153 
1980 -10.715363 
1981 10.644772 
1982 -10.570286 
1983 10.492696 
1984 -10.412690 
1985 10.330855 
1986 -10.247689 
1987 10.163606 
1988 -10.078944 
1989 9.993974 
1990 -9.908906 
1991 9.823895 
1992 -9.739048 
1993 9.654429 
1994 -9.570067 
1995 9.485958 
1996 -9.402072 
1997 9.318354 
1998 -9.234733 
1999 9.151121 
2000 -9.067419 
2001 8.983519 
2002 -8.899307 
2003 8.814667 
2004 -8.729483 
2005 8.643640 
2006 -8.557028 
2007 8.469543 
2008 -8.381088 
2009 8.291579 
2010 -8.200942 
2011 8.109115 
2012 -8.016053 
2013 7.921726 
2014 -7.826118 
2015 7.729235 
2016 -7.631096 
2017 7.531740 
2018 -7.431225 
2019 7.329622 
2020 -7.227023 
2021 7.123530 
2022 -7.019261 
2023 6.914344 
2024 -6.808915 
2025 6.703116 
2026 -6.597090 
2027 6.490981 
2028 -6.384927 
2029 6.279060 
2030 -6.173497 
2031 6.068343 
2032 -5.963684 
2033 5.859583 
2034 -5.756081 
2035 5.653188 
2036 -5.550891 
2037 5.449142 
2038 -5.347864 
2039 5.246948 
2040 -5.146252 
2041 5.045603 
2042 -4.944800 
2043 4.843612 
2044 -4.741782 
2045 4.639029 
2046 -4.535055 
2047 4.429543 
2048 -4.322166 
2049 4.212592 
2050 -4.100485 
2051 3.985516 
2052 -3.867366 
2053 3.745736 
2054 -3.620349 
2055 3.490963 
2056 -3.357372 
2057 3.219418 
2058 -3.076996 
2059 2.930059 
2060 -2.778625 
2061 2.622782 
2062 -2.462691 
2063 2.298590 
2064 -2.130794 
2065 1.959693 
2066 -1.785757 
2067 1.609524 
2068 -1.431600 
2069 1.252651 
2070 -1.073394 
2071 0.894590 
2072 -0.717027 
2073 0.541516 
2074 -0.368872 
2075 0.199903 
2076 -0.035397 
2077 -0.123889 
2078 0.277245 
2079 -0.424016 
2080 0.563615 
2081 -0.695528 
2082 0.819324 
2083 -0.934659 
2084 1.041279 
2085 -1.139020 
2086 1.227811 
2087 -1.307668 
2088 1.378690 
2089 -1.441055 
2090 1.495012 
2091 -1.540872 
2092 1.579003 
2093 -1.609816 
2094 1.633758 
2095 -1.651303 
2096 1.662942 
2097 -1.669173 
2098 1.670497 
2099 -1.667408 
2100 1.660384 
2101 -1.649887 
2102 1.636357 
2103 -1.620206 
2104 1.601816 
2105 -1.581542 
2106 1.559703 
2107 -1.536591 
2108 1.512463 
2109 -1.487547 
2110 1.462043 
2111 -1.436123 
2112 1.409935 
2113 -1.383601 
2114 1.357226 
2115 -1.330895 
2116 1.304674 
2117 -1.278620 
2118 1.252773 
2119 -1.227167 
2120 1.201825 
2121 -1.176765 
2122 1.151998 
2123 -1.127534 
2124 1.103378 
2125 -1.079534 
2126 1.056007 
2127 -1.032800 
2128 1.009916 
2129 -0.987360 
2130 0.965138 
2131 -0.943258 
2132 0.921725 
2133 -0.900550 
2134 0.879743 
2135 -0.859313 
2136 0.839271 
2137 -0.819629 
2138 0.800395 
2139 -0.781580 
2140 0.763192 
2141 -0.745239 
2142 0.727725 
2143 -0.710654 
2144 0.694029 
2145 -0.677848 
2146 0.662108 
2147 -0.646803 
2148 0.631926 
2149 -0.617468 
2150 0.603415 
2151 -0.589753 
2152 0.576466 
2153 -0.563537 
2154 0.550945 
2155 -0.538671 
2156 0.526693 
2157 -0.514988 
2158 0.503533 
2159 -0.492306 
2160 0.481282 
2161 -0.470438 
2162 0.459751 
2163 -0.449198 
2164 0.438755 
2165 -0.428401 
2166 0.418112 
2167 -0.407869 
2168 0.397650 
2169 -0.387435 
2170 0.377205 
2171 -0.366940 
2172 0.356623 
2173 -0.346236 
2174 0.335763 
2175 -0.325190 
2176 0.314502 
2177 -0.303688 
2178 0.292736 
2179 -0.281638 
2180 0.270388 
2181 -0.258981 
2182 0.247417 
2183 -0.235697 
2184 0.223826 
2185 -0.211813 
2186 0.199670 
2187 -0.187413 
2188 0.175062 
2189 -0.162641 
2190 0.150178 
2191 -0.137704 
2192 0.125252 
2193 -0.112861 
2194 0.100570 
2195 -0.088422 
2196 0.076459 
2197 -0.064725 
2198 0.053266 
2199 -0.042123 
2200 0.031338 
2201 -0.020953 
2202 0.011004 
2203 -0.001524 
2204 -0.007456 
2205 0.015911 
2206 -0.023820 
2207 0.031167 
2208 -0.037941 
2209 0.044137 
2210 -0.049754 
2211 0.054797 
2212 -0.059274 
2213 0.063199 
2214 -0.066590 
2215 0.069466 
2216 -0.071852 
2217 0.073774 
2218 -0.075260 
2219 0.076339 
2220 -0.077041 
2221 0.077398 
2222 -0.077440 
2223 0.077198 
2224 -0.076700 
2225 0.075976 
2226 -0.075054 
2227 0.073958 
2228 -0.072714 
2229 0.071344 
2230 -0.069869 
2231 0.068310 
2232 -0.066683 
2233 0.065005 
2234 -0.063291 
2235 0.061554 
2236 -0.059805 
2237 0.058056 
2238 -0.056316 
2239 0.054593 
2240 -0.052893 
2241 0.051224 
2242 -0.049589 
2243 0.047995 
2244 -0.046443 
2245 0.044938 
2246 -0.043480 
2247 0.042071 
2248 -0.040712 
2249 0.039403 
2250 -0.038144 
2251 0.036934 
2252 -0.035771 
2253 0.034654 
2254 -0.033581 
2255 0.032549 
2256 -0.031557 
2257 0.030602 
2258 -0.029681 
2259 0.028793 
2260 -0.027934 
2261 0.027102 
2262 -0.026296 
2263 0.025513 
2264 -0.024751 
2265 0.024010 
2266 -0.023288 
2267 0.022585 
2268 -0.021898 
2269 0.021229 
2270 -0.020576 
2271 0.019939 
2272 -0.019318 
2273 0.018714 
2274 -0.018125 
2275 0.017553 
2276 -0.016996 
2277 0.016456 
2278 -0.015930 
2279 0.015420 
2280 -0.014925 
2281 0.014444 
2282 -0.013977 
2283 0.013524 
2284 -0.013083 
2285 0.012653 
2286 -0.012235 
2287 0.011828 
2288 -0.011430 
2289 0.011041 
2290 -0.010662 
2291 0.010290 
2292 -0.009927 
2293 0.009571 
2294 -0.009223 
2295 0.008882 
2296 -0.008548 
2297 0.008221 
2298 -0.007901 
2299 0.007589 
2300 -0.007284 
2301 0.006985 
2302 -0.006694 
2303 0.006410 
2304 -0.006132 
2305 0.005860 
2306 -0.005595 
2307 0.005335 
2308 -0.005081 
2309 0.004831 
2310 -0.004587 
2311 0.004346 
2312 -0.004109 
2313 0.003876 
2314 -0.003646 
2315 0.003419 
2316 -0.003195 
2317 0.002974 
2318 -0.002755 
2319 0.002539 
2320 -0.002327 
2321 0.002117 
2322 -0.001912 
2323 0.001710 
2324 -0.001514 
2325 0.001322 
2326 -0.001135 
2327 0.000955 
2328 -0.000781 
2329 0.000615 
2330 -0.000456 
2331 0.000305 
2332 -0.000162 
2333 0.000028 
2334 0.000098 
2335 -0.000214 
2336 0.000321 
2337 -0.000419 
2338 0.000509 
2339 -0.000589 
2340 0.000660 
2341 -0.000723 
2342 0.000777 
2343 -0.000824 
2344 0.000863 
2345 -0.000895 
2346 0.000920 
2347 -0.000939 
2348 0.000952 
2349 -0.000960 
2350 0.000963 
2351 -0.000961 
2352 0.000955 
2353 -0.000946 
2354 0.000934 
2355 -0.000919 
2356 0.000902 
2357 -0.000883 
2358 0.000862 
2359 -0.000841 
2360 0.000818 
2361 -0.000794 
2362 0.000770 
2363 -0.000746 
2364 0.000721 
2365 -0.000697 
2366 0.000672 
2367 -0.000649 
2368 0.000625 
2369 -0.000602 
2370 0.000579 
2371 -0.000557 
2372 0.000536 
2373 -0.000515 
2374 0.000495 
2375 -0.000475 
2376 0.000456 
2377 -0.000437 
2378 0.000420 
2379 -0.000402 
2380 0.000386 
2381 -0.000370 
2382 0.000355 
2383 -0.000340 
2384 0.000326 
2385 -0.000312 
2386 0.000299 
2387 -0.000286 
2388 0.000274 
2389 -0.000263 
2390 0.000252 
2391 -0.000241 
2392 0.000231 
2393 -0.000222 
2394 0.000213 
2395 -0.000204 
2396 0.000196 
2397 -0.000188 
2398 0.000180 
2399 -0.000173 
2400 0.000166 
2401 -0.000159 
2402 0.000152 
2403 -0.000146 
2404 0.000140 
2405 -0.000134 
2406 0.000129 
2407 -0.000123 
2408 0.000118 
2409 -0.000113 
2410 0.000108 
2411 -0.000104 
2412 0.000099 
2413 -0.000095 
2414 0.000091 
2415 -0.000087 
2416 0.000083 
2417 -0.000080 
2418 0.000076 
2419 -0.000073 
2420 0.000070 
2421 -0.000067 
2422 0.000064 
2423 -0.000061 
2424 0.000058 
2425 -0.000055 
2426 0.000053 
2427 -0.000051 
2428 0.000048 
2429 -0.000046 
2430 0.000044 
2431 -0.000042 
2432 0.000040 
2433 -0.000038 
2434 0.000036 
2435 -0.000034 
2436 0.000032 
2437 -0.000031 
2438 0.000029 
2439 -0.000028 
2440 0.000026 
2441 -0.000024 
2442 0.000023 
2443 -0.000022 
2444 0.000020 
2445 -0.000019 
2446 0.000017 
2447 -0.000016 
2448 0.000015 
2449 -0.000013 
2450 0.000012 
2451 -0.000011 
2452 0.000010 
2453 -0.000009 
2454 0.000008 
2455 -0.000007 
2456 0.000006 
2457 -0.000005 
2458 0.000004 
2459 -0.000003 
2460 0.000002 
2461 -0.000001 
2462 0.000000 
2463 0.000000 
2464 -0.000001 
2465 0.000001 
2466 -0.000002 
2467 0.000002 
2468 -0.000003 
2469 0.000003 
2470 -0.000003 
2471 0.000003 
2472 -0.000004 
2473 0.000004 
2474 -0.000004 
2475 0.000004 
2476 -0.000004 
2477 0.000004 
2478 -0.000004 
2479 0.000004 
2480 -0.000004 
2481 0.000004 
2482 -0.000004 
2483 0.000004 
2484 -0.000003 
2485 0.000003 
2486 -0.000003 
2487 0.000003 
2488 -0.000003 
2489 0.000003 
2490 -0.000003 
2491 0.000003 
2492 -0.000003 
2493 0.000002 
2494 -0.000002 
2495 0.000002 
2496 -0.000002 
2497 0.000002 
2498 -0.000002 
2499 0.000002 
2500 -0.000002 
2501 0.000002 
2502 -0.000002 
2503 0.000002 
2504 -0.000001 
2505 0.000001 
2506 -0.000001 
2507 0.000001 
2508 -0.000001 
2509 0.000001 
2510 -0.000001 
2511 0.000001 
2512 -0.000001 
2513 0.000001 
2514 -0.000001 
2515 0.000001 
2516 -0.000001 
2517 0.000001 
2518 -0.000001 
2519 0.000001 
2520 -0.000001 
2521 0.000001 
2522 -0.000001 
2523 0.000001 
2524 -0.000001 
2525 0.000001 
2526 -0.000001 
2527 0.000001 
2528 -0.000000 
2529 0.000000 
2530 -0.000000 
2531 0.000000 
2532 -0.000000 
2533 0.000000 
2534 -0.000000 
2535 0.000000 
2536 -0.000000 
2537 0.000000 
2538 -0.000000 
2539 0.000000 
2540 -0.000000 
2541 0.000000 
2542 -0.000000 
2543 0.000000 
2544 -0.000000 
2545 0.000000 
2546 -0.000000 
2547 0.000000 
2548 -0.000000 
2549 0.000000 
2550 -0.000000 
2551 0.000000 
2552 -0.000000 
2553 0.000000 
2554 -0.000000 
2555 0.000000 
2556 -0.000000 
2557 0.000000 
2558 -0.000000 
2559 0.000000 
2560 -0.000000 
2561 0.000000 
2562 -0.000000 
2563 0.000000 
2564 -0.000000 
2565 0.000000 
2566 -0.000000 
2567 0.000000 
2568 -0.000000 
2569 0.000000 
2570 -0.000000 
2571 0.000000 
2572 -0.000000 
2573 0.000000 
2574 -0.000000 
2575 0.000000 
2576 -0.000000 
2577 0.000000 
2578 -0.000000 
2579 0.000000 
2580 -0.000000 
2581 0.000000 
2582 -0.000000 
2583 0.000000 
2584 -0.000000 
2585 0.000000 
2586 -0.000000 
2587 0.000000 
2588 -0.000000 
2589 0.000000 
2590 -0.000000 
2591 0.000000 
2592 0.000000 
2593 -0.000000 
2594 0.000000 
2595 -0.000000 
2596 0.000000 
2597 -0.000000 
2598 0.000000 
2599 -0.000000 
2600 0.000000 
2601 -0.000000 
2602 0.000000 
2603 -0.000000 
2604 0.000000 
2605 -0.000000 
2606 0.000000 
2607 -0.000000 
2608 0.000000 
2609 -0.000000 
2610 0.000000 
2611 -0.000000 
2612 0.000000 
2613 -0.000000 
2614 0.000000 
2615 -0.000000 
2616 0.000000 
2617 -0.000000 
2618 0.000000 
2619 -0.000000 
2620 0.000000 
2621 -0.000000 
2622 0.000000 
2623 -0.000000 
2624 0.000000 
2625 -0.000000 
2626 0.000000 
2627 -0.000000 
2628 0.000000 
2629 -0.000000 
2630 0.000000 
2631 -0.000000 
2632 0.000000 
2633 -0.000000 
2634 0.000000 
2635 -0.000000 
2636 0.000000 
2637 -0.000000 
2638 0.000000 
2639 -0.000000 
2640 0.000000 
2641 -0.000000 
2642 0.000000 
2643 -0.000000 
2644 0.000000 
2645 -0.000000 
2646 0.000000 
2647 -0.000000 
2648 0.000000 
2649 -0.000000 
2650 0.000000 
2651 -0.000000 
2652 0.000000 
2653 -0.000000 
2654 0.000000 
2655 -0.000000 
2656 0.000000 
2657 -0.000000 
2658 0.000000 
2659 -0.000000 
2660 0.000000 
2661 -0.000000 
2662 0.000000 
2663 -0.000000 
2664 0.000000 
2665 -0.000000 
2666 0.000000 
2667 -0.000000 
2668 0.000000 
2669 -0.000000 
2670 0.000000 
2671 -0.000000 
2672 0.000000 
2673 -0.000000 
2674 0.000000 
2675 -0.000000 
2676 0.000000 
2677 -0.000000 
2678 0.000000 
2679 -0.000000 
2680 0.000000 
2681 -0.000000 
2682 0.000000 
2683 -0.000000 
2684 0.000000 
2685 -0.000000 
2686 0.000000 
2687 -0.000000 
2688 0.000000 
2689 -0.000000 
2690 0.000000 
2691 -0.000000 
2692 0.000000 
2693 -0.000000 
2694 0.000000 
2695 -0.000000 
2696 0.000000 
2697 -0.000000 
2698 0.000000 
2699 -0.000000 
2700 0.000000 
2701 -0.000000 
2702 0.000000 
2703 -0.000000 
2704 0.000000 
2705 -0.000000 
2706 0.000000 
2707 -0.000000 
2708 0.000000 
2709 -0.000000 
2710 0.000000 
2711 -0.000000 
2712 0.000000 
2713 -0.000000 
2714 0.000000 
2715 -0.000000 
2716 0.000000 
2717 -0.000000 
2718 0.000000 
2719 -0.000000 
2720 0.000000 
2721 -0.000000 
2722 -0.000000 
2723 0.000000 
2724 -0.000000 
2725 0.000000 
2726 -0.000000 
2727 0.000000 
2728 -0.000000 
2729 0.000000 
2730 -0.000000 
2731 0.000000 
2732 -0.000000 
2733 0.000000 
2734 -0.000000 
2735 0.000000 
2736 -0.000000 
2737 0.000000 
2738 -0.000000 
2739 0.000000 
2740 -0.000000 
2741 0.000000 
2742 -0.000000 
2743 0.000000 
2744 -0.000000 
2745 0.000000 
2746 -0.000000 
2747 0.000000 
2748 -0.000000 
2749 0.000000 
2750 -0.000000 
2751 0.000000 
2752 -0.000000 
2753 0.000000 
2754 -0.000000 
2755 0.000000 
2756 -0.000000 
2757 0.000000 
2758 -0.000000 
2759 0.000000 
2760 -0.000000 
2761 0.000000 
2762 -0.000000 
2763 0.000000 
2764 -0.000000 
2765 0.000000 
2766 -0.000000 
2767 0.000000 
2768 -0.000000 
2769 0.000000 
2770 -0.000000 
2771 0.000000 
2772 -0.000000 
2773 0.000000 
2774 -0.000000 
2775 0.000000 
2776 -0.000000 
2777 0.000000 
2778 -0.000000 
2779 0.000000 
2780 -0.000000 
2781 0.000000 
2782 -0.000000 
2783 0.000000 
2784 -0.000000 
2785 0.000000 
2786 -0.000000 
2787 0.000000 
2788 -0.000000 
2789 0.000000 
2790 -0.000000 
2791 0.000000 
2792 -0.000000 
2793 0.000000 
2794 -0.000000 
2795 0.000000 
2796 -0.000000 
2797 0.000000 
2798 -0.000000 
2799 0.000000 
2800 -0.000000 
2801 0.000000 
2802 -0.000000 
2803 0.000000 
2804 -0.000000 
2805 0.000000 
2806 -0.000000 
2807 0.000000 
2808 -0.000000 
2809 0.000000 
2810 -0.000000 
2811 0.000000 
2812 -0.000000 
2813 0.000000 
2814 -0.000000 
2815 0.000000 
2816 -0.000000 
2817 0.000000 
2818 -0.000000 
2819 0.000000 
2820 -0.000000 
2821 0.000000 
2822 -0.000000 
2823 0.000000 
2824 -0.000000 
2825 0.000000 
2826 -0.000000 
2827 0.000000 
2828 -0.000000 
2829 0.000000 
2830 -0.000000 
2831 0.000000 
2832 -0.000000 
2833 0.000000 
2834 -0.000000 
2835 0.000000 
2836 -0.000000 
2837 0.000000 
2838 -0.000000 
2839 0.000000 
2840 -0.000000 
2841 0.000000 
2842 -0.000000 
2843 0.000000 
2844 -0.000000 
2845 0.000000 
2846 -0.000000 
2847 0.000000 
2848 -0.000000 
2849 0.000000 
2850 -0.000000 
2851 0.000000 
2852 0.000000 
2853 -0.000000 
2854 0.000000 
2855 -0.000000 
2856 0.000000 
2857 -0.000000 
2858 0.000000 
2859 -0.000000 
2860 0.000000 
2861 -0.000000 
2862 0.000000 
2863 -0.000000 
2864 0.000000 
2865 -0.000000 
2866 0.000000 
2867 -0.000000 
2868 0.000000 
2869 -0.000000 
2870 0.000000 
2871 -0.000000 
2872 0.000000 
2873 -0.000000 
2874 0.000000 
2875 -0.000000 
2876 0.000000 
2877 -0.000000 
2878 0.000000 
2879 -0.000000 
2880 0.000000 
2881 -0.000000 
2882 0.000000 
2883 -0.000000 
2884 0.000000 
2885 -0.000000 
2886 0.000000 
2887 -0.000000 
2888 0.000000 
2889 -0.000000 
2890 0.000000 
2891 -0.000000 
2892 0.000000 
2893 -0.000000 
2894 0.000000 
2895 -0.000000 
2896 0.000000 
2897 -0.000000 
2898 0.000000 
2899 -0.000000 
2900 0.000000 
2901 -0.000000 
2902 0.000000 
2903 -0.000000 
2904 0.000000 
2905 -0.000000 
2906 0.000000 
2907 -0.000000 
2908 0.000000 
2909 -0.000000 
2910 0.000000 
2911 -0.000000 
2912 0.000000 
2913 -0.000000 
2914 0.000000 
2915 -0.000000 
2916 0.000000 
2917 -0.000000 
2918 0.000000 
2919 -0.000000 
2920 0.000000 
2921 -0.000000 
2922 0.000000 
2923 -0.000000 
2924 0.000000 
2925 -0.000000 
2926 0.000000 
2927 -0.000000 
2928 0.000000 
2929 -0.000000 
2930 0.000000 
2931 -0.000000 
2932 0.000000 
2933 -0.000000 
2934 0.000000 
2935 -0.000000 
2936 0.000000 
2937 -0.000000 
2938 0.000000 
2939 -0.000000 
2940 0.000000 
2941 -0.000000 
2942 0.000000 
2943 -0.000000 
2944 0.000000 
2945 -0.000000 
2946 0.000000 
2947 -0.000000 
2948 0.000000 
2949 -0.000000 
2950 0.000000 
2951 -0.000000 
2952 0.000000 
2953 -0.000000 
2954 0.000000 
2955 -0.000000 
2956 0.000000 
2957 -0.000000 
2958 0.000000 
2959 -0.000000 
2960 0.000000 
2961 -0.000000 
2962 0.000000 
2963 -0.000000 
2964 0.000000 
2965 -0.000000 
2966 0.000000 
2967 -0.000000 
2968 0.000000 
2969 -0.000000 
2970 0.000000 
2971 -0.000000 
2972 0.000000 
2973 -0.000000 
2974 0.000000 
2975 -0.000000 
2976 0.000000 
2977 -0.000000 
2978 0.000000 
2979 -0.000000 
2980 0.000000 
2981 -0.000000 
2982 -0.000000 
2983 0.000000 
2984 -0.000000 
2985 0.000000 
2986 -0.000000 
2987 0.000000 
2988 -0.000000 
2989 0.000000 
2990 -0.000000 
2991 0.000000 
2992 -0.000000 
2993 0.000000 
2994 -0.000000 
2995 0.000000 
2996 -0.000000 
2997 0.000000 
2998 -0.000000 
2999 0.000000 
3000 -0.000000 
3001 0.000000 
3002 -0.000000 
3003 0.000000 
3004 -0.000000 
3005 0.000000 
3006 -0.000000 
3007 0.000000 
3008 -0.000000 
3009 0.000000 
3010 -0.000000 
3011 0.000000 
3012 -0.000000 
3013 0.000000 
3014 -0.000000 
3015 0.000000 
3016 -0.000000 
3017 0.000000 
3018 -0.000000 
3019 0.000000 
3020 -0.000000 
3021 0.000000 
3022 -0.000000 
3023 0.000000 
3024 -0.000000 
3025 0.000000 
3026 -0.000000 
3027 0.000000 
3028 -0.000000 
3029 0.000000 
3030 -0.000000 
3031 0.000000 
3032 -0.000000 
3033 0.000000 
3034 -0.000000 
3035 0.000000 
3036 -0.000000 
3037 0.000000 
3038 -0.000000 
3039 0.000000 
3040 -0.000000 
3041 0.000000 
3042 -0.000000 
3043 0.000000 
3044 -0.000000 
3045 0.000000 
3046 -0.000000 
3047 0.000000 
3048 -0.000000 
3049 0.000000 
3050 -0.000000 
3051 0.000000 
3052 -0.000000 
3053 0.000000 
3054 -0.000000 
3055 0.000000 
3056 -0.000000 
3057 0.000000 
3058 -0.000000 
3059 0.000000 
3060 -0.000000 
3061 0.000000 
3062 -0.000000 
3063 0.000000 
3064 -0.000000 
3065 0.000000 
3066 -0.000000 
3067 0.000000 
3068 -0.000000 
3069 0.000000 
3070 -0.000000 
3071 0.000000 
3072 -0.000000 
3073 0.000000 
3074 -0.000000 
3075 0.000000 
3076 -0.000000 
3077 0.000000 
3078 -0.000000 
3079 0.000000 
3080 -0.000000 
3081 0.000000 
3082 -0.000000 
3083 0.000000 
3084 -0.000000 
3085 0.000000 
3086 -0.000000 
3087 0.000000 
3088 -0.000000 
3089 0.000000 
3090 -0.000000 
3091 0.000000 
3092 -0.000000 
3093 0.000000 
3094 -0.000000 
3095 0.000000 
3096 -0.000000 
3097 0.000000 
3098 -0.000000 
3099 0.000000 
3100 -0.000000 
3101 0.000000 
3102 -0.000000 
3103 0.000000 
3104 -0.000000 
3105 0.000000 
3106 -0.000000 
3107 0.000000 
3108 -0.000000 
3109 0.000000 
3110 -0.000000 
3111 0.000000 
3112 -0.000000 
3113 0.000000 
3114 -0.000000 
3115 -0.000000 
3116 0.000000 
3117 -0.000000 
3118 0.000000 
3119 -0.000000 
3120 0.000000 
3121 -0.000000 
3122 0.000000 
3123 -0.000000 
3124 0.000000 
3125 -0.000000 
3126 0.000000 
3127 -0.000000 
3128 0.000000 
3129 -0.000000 
3130 0.000000 
3131 -0.000000 
3132 0.000000 
3133 -0.000000 
3134 0.000000 
3135 -0.000000 
3136 0.000000 
3137 -0.000000 
3138 0.000000 
3139 -0.000000 
3140 0.000000 
3141 -0.000000 
3142 0.000000 
3143 -0.000000 
3144 0.000000 
3145 -0.000000 
3146 0.000000 
3147 -0.000000 
3148 0.000000 
3149 -0.000000 
3150 0.000000 
3151 -0.000000 
3152 0.000000 
3153 -0.000000 
3154 0.000000 
3155 -0.000000 
3156 0.000000 
3157 -0.000000 
3158 0.000000 
3159 -0.000000 
3160 0.000000 
3161 -0.000000 
3162 0.000000 
3163 -0.000000 
3164 0.000000 
3165 -0.000000 
3166 0.000000 
3167 -0.000000 
3168 0.000000 
3169 -0.000000 
3170 0.000000 
3171 -0.000000 
3172 0.000000 
3173 -0.000000 
3174 0.000000 
3175 -0.000000 
3176 0.000000 
3177 -0.000000 
3178 0.000000 
3179 -0.000000 
3180 0.000000 
3181 -0.000000 
3182 0.000000 
3183 -0.000000 
3184 0.000000 
3185 -0.000000 
3186 0.000000 
3187 -0.000000 
3188 0.000000 
3189 -0.000000 
3190 0.000000 
3191 -0.000000 
3192 0.000000 
3193 -0.000000 
3194 0.000000 
3195 -0.000000 
3196 0.000000 
3197 -0.000000 
3198 0.000000 
3199 -0.000000 
3200 0.000000 
3201 -0.000000 
3202 0.000000 
3203 -0.000000 
3204 0.000000 
3205 -0.000000 
3206 0.000000 
3207 -0.000000 
3208 0.000000 
3209 -0.000000 
3210 0.000000 
3211 -0.000000 
3212 0.000000 
3213 -0.000000 
3214 0.000000 
3215 -0.000000 
3216 0.000000 
3217 -0.000000 
3218 0.000000 
3219 -0.000000 
3220 0.000000 
3221 -0.000000 
3222 0.000000 
3223 -0.000000 
3224 0.000000 
3225 -0.000000 
3226 0.000000 
3227 -0.000000 
3228 0.000000 
3229 -0.000000 
3230 0.000000 
3231 -0.000000 
3232 0.000000 
3233 -0.000000 
3234 0.000000 
3235 -0.000000 
3236 0.000000 
3237 -0.000000 
3238 0.000000 
3239 -0.000000 
3240 0.000000 
3241 0.000000 
3242 -0.000000 
3243 0.000000 
3244 -0.000000 
3245 0.000000 
3246 -0.000000 
3247 0.000000 
3248 -0.000000 
3249 0.000000 
3250 -0.000000 
3251 0.000000 
3252 -0.000000 
3253 0.000000 
3254 -0.000000 
3255 0.000000 
3256 -0.000000 
3257 0.000000 
3258 -0.000000 
3259 0.000000 
3260 -0.000000 
3261 0.000000 
3262 -0.000000 
3263 0.000000 
3264 -0.000000 
3265 0.000000 
3266 -0.000000 
3267 0.000000 
3268 -0.000000 
3269 0.000000 
3270 -0.000000 
3271 0.000000 
3272 -0.000000 
3273 0.000000 
3274 -0.000000 
3275 0.000000 
3276 -0.000000 
3277 0.000000 
3278 -0.000000 
3279 0.000000 
3280 -0.000000 
3281 0.000000 
3282 -0.000000 
3283 0.000000 
3284 -0.000000 
3285 0.000000 
3286 -0.000000 
3287 0.000000 
3288 -0.000000 
3289 0.000000 
3290 -0.000000 
3291 0.000000 
3292 -0.000000 
3293 0.000000 
3294 -0.000000 
3295 0.000000 
3296 -0.000000 
3297 0.000000 
3298 -0.000000 
3299 0.000000 
3300 -0.000000 
3301 0.000000 
3302 -0.000000 
3303 0.000000 
3304 -0.000000 
3305 0.000000 
3306 -0.000000 
3307 0.000000 
3308 -0.000000 
3309 0.000000 
3310 -0.000000 
3311 0.000000 
3312 -0.000000 
3313 0.000000 
3314 -0.000000 
3315 0.000000 
3316 -0.000000 
3317 0.000000 
3318 -0.000000 
3319 0.000000 
3320 -0.000000 
3321 0.000000 
3322 -0.000000 
3323 0.000000 
3324 -0.000000 
3325 0.000000 
3326 -0.000000 
3327 0.000000 
3328 -0.000000 
3329 0.000000 
3330 -0.000000 
3331 0.000000 
3332 -0.000000 
3333 0.000000 
3334 -0.000000 
3335 0.000000 
3336 -0.000000 
3337 0.000000 
3338 -0.000000 
3339 0.000000 
3340 -0.000000 
3341 0.000000 
3342 -0.000000 
3343 0.000000 
3344 -0.000000 
3345 0.000000 
3346 -0.000000 
3347 0.000000 
3348 -0.000000 
3349 0.000000 
3350 -0.000000 
3351 0.000000 
3352 -0.000000 
3353 0.000000 
3354 -0.000000 
3355 0.000000 
3356 -0.000000 
3357 0.000000 
3358 -0.000000 
3359 0.000000 
3360 -0.000000 
3361 0.000000 
3362 -0.000000 
3363 0.000000 
3364 -0.000000 
3365 0.000000 
3366 -0.000000 
3367 0.000000 
3368 -0.000000 
3369 0.000000 
3370 -0.000000 
3371 0.000000 
3372 0.000000 
3373 -0.000000 
3374 0.000000 
3375 -0.000000 
3376 0.000000 
3377 -0.000000 
3378 0.000000 
3379 -0.000000 
3380 0.000000 
3381 -0.000000 
3382 0.000000 
3383 -0.000000 
3384 0.000000 
3385 -0.000000 
3386 0.000000 
3387 -0.000000 
3388 0.000000 
3389 -0.000000 
3390 0.000000 
3391 -0.000000 
3392 0.000000 
3393 -0.000000 
3394 0.000000 
3395 -0.000000 
3396 0.000000 
3397 -0.000000 
3398 0.000000 
3399 -0.000000 
3400 0.000000 
3401 -0.000000 
3402 0.000000 
3403 -0.000000 
3404 0.000000 
3405 -0.000000 
3406 0.000000 
3407 -0.000000 
3408 0.000000 
3409 -0.000000 
3410 0.000000 
3411 -0.000000 
3412 0.000000 
3413 -0.000000 
3414 0.000000 
3415 -0.000000 
3416 0.000000 
3417 -0.000000 
3418 0.000000 
3419 -0.000000 
3420 0.000000 
3421 -0.000000 
3422 0.000000 
3423 -0.000000 
3424 0.000000 
3425 -0.000000 
3426 0.000000 
3427 -0.000000 
3428 0.000000 
3429 -0.000000 
3430 0.000000 
3431 -0.000000 
3432 0.000000 
3433 -0.000000 
3434 0.000000 
3435 -0.000000 
3436 0.000000 
3437 -0.000000 
3438 0.000000 
3439 -0.000000 
3440 0.000000 
3441 -0.000000 
3442 0.000000 
3443 -0.000000 
3444 0.000000 
3445 -0.000000 
3446 0.000000 
3447 -0.000000 
3448 0.000000 
3449 -0.000000 
3450 0.000000 
3451 -0.000000 
3452 0.000000 
3453 -0.000000 
3454 0.000000 
3455 -0.000000 
3456 0.000000 
3457 -0.000000 
3458 0.000000 
3459 -0.000000 
3460 0.000000 
3461 -0.000000 
3462 0.000000 
3463 -0.000000 
3464 0.000000 
3465 -0.000000 
3466 0.000000 
3467 -0.000000 
3468 0.000000 
3469 -0.000000 
3470 0.000000 
3471 -0.000000 
3472 0.000000 
3473 -0.000000 
3474 0.000000 
3475 -0.000000 
3476 0.000000 
3477 -0.000000 
3478 0.000000 
3479 -0.000000 
3480 0.000000 
3481 -0.000000 
3482 0.000000 
3483 -0.000000 
3484 0.000000 
3485 -0.000000 
3486 0.000000 
3487 -0.000000 
3488 0.000000 
3489 -0.000000 
3490 0.000000 
3491 -0.000000 
3492 0.000000 
3493 -0.000000 
3494 0.000000 
3495 -0.000000 
3496 0.000000 
3497 -0.000000 
3498 0.000000 
3499 -0.000000 
3500 0.000000 
3501 -0.000000 
3502 0.000000 
3503 0.000000 
3504 -0.000000 
3505 0.000000 
3506 -0.000000 
3507 0.000000 
3508 -0.000000 
3509 0.000000 
3510 -0.000000 
3511 0.000000 
3512 -0.000000 
3513 0.000000 
3514 -0.000000 
3515 0.000000 
3516 -0.000000 
3517 0.000000 
3518 -0.000000 
3519 0.000000 
3520 -0.000000 
3521 0.000000 
3522 -0.000000 
3523 0.000000 
3524 -0.000000 
3525 0.000000 
3526 -0.000000 
3527 0.000000 
3528 -0.000000 
3529 0.000000 
3530 -0.000000 
3531 0.000000 
3532 -0.000000 
3533 0.000000 
3534 -0.000000 
3535 0.000000 
3536 -0.000000 
3537 0.000000 
3538 -0.000000 
3539 0.000000 
3540 -0.000000 
3541 0.000000 
3542 -0.000000 
3543 0.000000 
3544 -0.000000 
3545 0.000000 
3546 -0.000000 
3547 0.000000 
3548 -0.000000 
3549 0.000000 
3550 -0.000000 
3551 0.000000 
3552 -0.000000 
3553 0.000000 
3554 -0.000000 
3555 0.000000 
3556 -0.000000 
3557 0.000000 
3558 -0.000000 
3559 0.000000 
3560 -0.000000 
3561 0.000000 
3562 -0.000000 
3563 0.000000 
3564 -0.000000 
3565 0.000000 
3566 -0.000000 
3567 0.000000 
3568 -0.000000 
3569 0.000000 
3570 -0.000000 
3571 0.000000 
3572 -0.000000 
3573 0.000000 
3574 -0.000000 
3575 0.000000 
3576 -0.000000 
3577 0.000000 
3578 -0.000000 
3579 0.000000 
3580 -0.000000 
3581 0.000000 
3582 -0.000000 
3583 0.000000 
3584 -0.000000 
3585 0.000000 
3586 -0.000000 
3587 0.000000 
3588 -0.000000 
3589 0.000000 
3590 -0.000000 
3591 0.000000 
3592 -0.000000 
3593 0.000000 
3594 -0.000000 
3595 0.000000 
3596 -0.000000 
3597 0.000000 
3598 -0.000000 
3599 0.000000 
3600 -0.000000 
3601 0.000000 
3602 -0.000000 
3603 0.000000 
3604 -0.000000 
3605 0.000000 
3606 -0.000000 
3607 0.000000 
3608 -0.000000 
3609 0.000000 
3610 -0.000000 
3611 0.000000 
3612 -0.000000 
3613 0.000000 
3614 -0.000000 
3615 0.000000 
3616 -0.000000 
3617 0.000000 
3618 -0.000000 
3619 0.000000 
3620 -0.000000 
3621 0.000000 
3622 -0.000000 
3623 0.000000 
3624 -0.000000 
3625 0.000000 
3626 -0.000000 
3627 0.000000 
3628 0.000000 
3629 -0.000000 
3630 0.000000 
3631 -0.000000 
3632 0.000000 
3633 -0.000000 
3634 0.000000 
3635 -0.000000 
3636 0.000000 
3637 -0.000000 
3638 0.000000 
3639 -0.000000 
3640 0.000000 
3641 -0.000000 
3642 0.000000 
3643 -0.000000 
3644 0.000000 
3645 -0.000000 
3646 0.000000 
3647 -0.000000 
3648 0.000000 
3649 -0.000000 
3650 0.000000 
3651 -0.000000 
3652 0.000000 
3653 -0.000000 
3654 0.000000 
3655 -0.000000 
3656 0.000000 
3657 -0.000000 
3658 0.000000 
3659 -0.000000 
3660 0.000000 
3661 -0.000000 
3662 0.000000 
3663 -0.000000 
3664 0.000000 
3665 -0.000000 
3666 0.000000 
3667 -0.000000 
3668 0.000000 
3669 -0.000000 
3670 0.000000 
3671 -0.000000 
3672 0.000000 
3673 -0.000000 
3674 0.000000 
3675 -0.000000 
3676 0.000000 
3677 -0.000000 
3678 0.000000 
3679 -0.000000 
3680 0.000000 
3681 -0.000000 
3682 0.000000 
3683 -0.000000 
3684 0.000000 
3685 -0.000000 
3686 0.000000 
3687 0.000000 
3688 -0.000000 
3689 0.000000 
3690 -0.000000 
3691 0.000000 
3692 -0.000000 
3693 0.000000 
3694 -0.000000 
3695 0.000000 
3696 -0.000000 
3697 0.000000 
3698 -0.000000 
3699 0.000000 
3700 -0.000000 
3701 0.000000 
3702 -0.000000 
3703 0.000000 
3704 -0.000000 
3705 0.000000 
3706 -0.000000 
3707 0.000000 
3708 -0.000000 
3709 0.000000 
3710 -0.000000 
3711 0.000000 
3712 -0.000000 
3713 0.000000 
3714 -0.000000 
3715 0.000000 
3716 -0.000000 
3717 0.000000 
3718 -0.000000 
3719 0.000000 
3720 -0.000000 
3721 0.000000 
3722 -0.000000 
3723 0.000000 
3724 -0.000000 
3725 0.000000 
3726 -0.000000 
3727 0.000000 
3728 -0.000000 
3729 0.000000 
3730 -0.000000 
3731 0.000000 
3732 -0.000000 
3733 0.000000 
3734 -0.000000 
3735 0.000000 
3736 -0.000000 
3737 0.000000 
3738 -0.000000 
3739 0.000000 
3740 -0.000000 
3741 0.000000 
3742 -0.000000 
3743 0.000000 
3744 -0.000000 
3745 0.000000 
3746 -0.000000 
3747 0.000000 
3748 -0.000000 
3749 0.000000 
3750 -0.000000 
3751 0.000000 
3752 -0.000000 
3753 0.000000 
3754 -0.000000 
3755 0.000000 
3756 -0.000000 
3757 0.000000 
3758 -0.000000 
3759 0.000000 
3760 -0.000000 
3761 0.000000 
3762 -0.000000 
3763 0.000000 
3764 -0.000000 
3765 0.000000 
3766 -0.000000 
3767 0.000000 
3768 0.000000 
3769 -0.000000 
3770 0.000000 
3771 -0.000000 
3772 0.000000 
3773 -0.000000 
3774 0.000000 
3775 -0.000000 
3776 0.000000 
3777 -0.000000 
3778 0.000000 
3779 -0.000000 
3780 0.000000 
3781 -0.000000 
3782 0.000000 
3783 -0.000000 
3784 0.000000 
3785 -0.000000 
3786 0.000000 
3787 -0.000000 
3788 0.000000 
3789 -0.000000 
3790 0.000000 
3791 -0.000000 
3792 0.000000 
3793 -0.000000 
3794 0.000000 
3795 -0.000000 
3796 0.000000 
3797 -0.000000 
3798 0.000000 
3799 -0.000000 
3800 0.000000 
3801 -0.000000 
3802 0.000000 
3803 -0.000000 
3804 0.000000 
3805 -0.000000 
3806 0.000000 
3807 -0.000000 
3808 0.000000 
3809 -0.000000 
3810 0.000000 
3811 -0.000000 
3812 0.000000 
3813 -0.000000 
3814 0.000000 
3815 -0.000000 
3816 0.000000 
3817 -0.000000 
3818 0.000000 
3819 -0.000000 
3820 0.000000 
3821 -0.000000 
3822 0.000000 
3823 -0.000000 
3824 0.000000 
3825 -0.000000 
3826 0.000000 
3827 -0.000000 
3828 0.000000 
3829 -0.000000 
3830 0.000000 
3831 -0.000000 
3832 0.000000 
3833 -0.000000 
3834 0.000000 
3835 -0.000000 
3836 0.000000 
3837 -0.000000 
3838 0.000000 
3839 -0.000000 
3840 0.000000 
3841 -0.000000 
3842 0.000000 
3843 -0.000000 
3844 -0.000000 
3845 0.000000 
3846 -0.000000 
3847 0.000000 
3848 -0.000000 
3849 0.000000 
3850 -0.000000 
3851 0.000000 
3852 -0.000000 
3853 0.000000 
3854 -0.000000 
3855 0.000000 
3856 -0.000000 
3857 0.000000 
3858 -0.000000 
3859 0.000000 
3860 -0.000000 
3861 0.000000 
3862 -0.000000 
3863 0.000000 
3864 -0.000000 
3865 0.000000 
3866 -0.000000 
3867 0.000000 
3868 -0.000000 
3869 0.000000 
3870 -0.000000 
3871 0.000000 
3872 -0.000000 
3873 0.000000 
3874 -0.000000 
3875 0.000000 
3876 -0.000000 
3877 -0.000000 
3878 0.000000 
3879 -0.000000 
3880 0.000000 
3881 -0.000000 
3882 0.000000 
3883 -0.000000 
3884 0.000000 
3885 -0.000000 
3886 0.000000 
3887 -0.000000 
3888 0.000000 
3889 -0.000000 
3890 0.000000 
3891 -0.000000 
3892 0.000000 
3893 -0.000000 
3894 0.000000 
3895 -0.000000 
3896 0.000000 
3897 -0.000000 
3898 0.000000 
3899 -0.000000 
3900 0.000000 
3901 -0.000000 
3902 0.000000 
3903 -0.000000 
3904 0.000000 
3905 -0.000000 
3906 0.000000 
3907 -0.000000 
3908 0.000000 
3909 -0.000000 
3910 0.000000 
3911 -0.000000 
3912 0.000000 
3913 -0.000000 
3914 0.000000 
3915 -0.000000 
3916 0.000000 
3917 -0.000000 
3918 0.000000 
3919 -0.000000 
3920 0.000000 
3921 -0.000000 
3922 0.000000 
3923 -0.000000 
3924 0.000000 
3925 -0.000000 
3926 0.000000 
3927 -0.000000 
3928 0.000000 
3929 -0.000000 
3930 0.000000 
3931 -0.000000 
3932 0.000000 
3933 -0.000000 
3934 0.000000 
3935 -0.000000 
3936 0.000000 
3937 -0.000000 
3938 0.000000 
3939 -0.000000 
3940 0.000000 
3941 -0.000000 
3942 0.000000 
3943 -0.000000 
3944 0.000000 
3945 -0.000000 
3946 0.000000 
3947 -0.000000 
3948 0.000000 
3949 -0.000000 
3950 0.000000 
3951 -0.000000 
3952 0.000000 
3953 -0.000000 
3954 0.000000 
3955 -0.000000 
3956 0.000000 
3957 -0.000000 
3958 0.000000 
3959 -0.000000 
3960 0.000000 
3961 -0.000000 
3962 0.000000 
3963 -0.000000 
3964 0.000000 
3965 -0.000000 
3966 0.000000 
3967 -0.000000 
3968 0.000000 
3969 -0.000000 
3970 0.000000 
3971 -0.000000 
3972 0.000000 
3973 -0.000000 
3974 0.000000 
3975 -0.000000 
3976 0.000000 
3977 -0.000000 
3978 0.000000 
3979 -0.000000 
3980 0.000000 
3981 -0.000000 
3982 0.000000 
3983 -0.000000 
3984 0.000000 
3985 -0.000000 
3986 0.000000 
3987 -0.000000 
3988 0.000000 
3989 -0.000000 
3990 0.000000 
3991 -0.000000 
3992 0.000000 
3993 -0.000000 
3994 0.000000 
3995 -0.000000 
3996 0.000000 
3997 -0.000000 
3998 0.000000 
3999 -0.000000 
4000 0.000000 
