0 -0.000000 
1 0.000000 
2 -0.000000 
3 0.000000 
4 -0.000000 
5 0.000000 
6 -0.000000 
7 0.000000 
8 -0.000000 
9 0.000000 
10 -0.000000 
11 0.000000 
12 -0.000000 
13 0.000000 
14 -0.000000 
15 0.000000 
16 -0.000000 
17 0.000000 
18 0.000000 
19 -0.000000 
20 0.000000 
21 -0.000000 
22 0.000000 
23 -0.000000 
24 0.000000 
25 -0.000000 
26 0.000000 
27 -0.000000 
28 0.000000 
29 -0.000000 
30 0.000000 
31 -0.000000 
32 0.000000 
33 -0.000000 
34 0.000000 
35 -0.000000 
36 0.000000 
37 -0.000000 
38 0.000000 
39 -0.000000 
40 0.000000 
41 -0.000000 
42 0.000000 
43 -0.000000 
44 0.000000 
45 -0.000000 
46 0.000000 
47 -0.000000 
48 0.000000 
49 -0.000000 
50 0.000000 
51 -0.000000 
52 0.000000 
53 -0.000000 
54 0.000000 
55 -0.000000 
56 0.000000 
57 -0.000000 
58 0.000000 
59 -0.000000 
60 0.000000 
61 -0.000000 
62 0.000000 
63 -0.000000 
64 0.000000 
65 -0.000000 
66 0.000000 
67 -0.000000 
68 0.000000 
69 -0.000000 
70 0.000000 
71 -0.000000 
72 0.000000 
73 -0.000000 
74 0.000000 
75 -0.000000 
76 0.000000 
77 -0.000000 
78 0.000000 
79 -0.000000 
80 0.000000 
81 -0.000000 
82 0.000000 
83 -0.000000 
84 0.000000 
85 -0.000000 
86 0.000000 
87 -0.000000 
88 0.000000 
89 -0.000000 
90 0.000000 
91 -0.000000 
92 0.000000 
93 -0.000000 
94 0.000000 
95 -0.000000 
96 0.000000 
97 -0.000000 
98 0.000000 
99 -0.000000 
100 0.000000 
101 -0.000000 
102 0.000000 
103 -0.000000 
104 0.000000 
105 -0.000000 
106 0.000000 
107 -0.000000 
108 0.000000 
109 -0.000000 
110 0.000000 
111 -0.000000 
112 0.000000 
113 -0.000000 
114 0.000000 
115 -0.000000 
116 0.000000 
117 -0.000000 
118 0.000000 
119 -0.000000 
120 0.000000 
121 -0.000000 
122 -0.000000 
123 0.000000 
124 -0.000000 
125 0.000000 
126 -0.000000 
127 0.000000 
128 -0.000000 
129 0.000000 
130 -0.000000 
131 0.000000 
132 -0.000000 
133 0.000000 
134 -0.000000 
135 0.000000 
136 -0.000000 
137 0.000000 
138 -0.000000 
139 0.000000 
140 -0.000000 
141 0.000000 
142 -0.000000 
143 0.000000 
144 -0.000000 
145 0.000000 
146 -0.000000 
147 0.000000 
148 -0.000000 
149 0.000000 
150 -0.000000 
151 0.000000 
152 -0.000000 
153 0.000000 
154 -0.000000 
155 0.000000 
156 -0.000000 
157 0.000000 
158 -0.000000 
159 0.000000 
160 -0.000000 
161 0.000000 
162 -0.000000 
163 0.000000 
164 -0.000000 
165 0.000000 
166 -0.000000 
167 0.000000 
168 -0.000000 
169 0.000000 
170 -0.000000 
171 0.000000 
172 -0.000000 
173 0.000000 
174 -0.000000 
175 0.000000 
176 -0.000000 
177 0.000000 
178 -0.000000 
179 0.000000 
180 -0.000000 
181 0.000000 
182 -0.000000 
183 0.000000 
184 -0.000000 
185 0.000000 
186 -0.000000 
187 0.000000 
188 -0.000000 
189 0.000000 
190 -0.000000 
191 0.000000 
192 -0.000000 
193 0.000000 
194 -0.000000 
195 0.000000 
196 -0.000000 
197 0.000000 
198 -0.000000 
199 0.000000 
200 -0.000000 
201 0.000000 
202 -0.000000 
203 0.000000 
204 -0.000000 
205 0.000000 
206 -0.000000 
207 0.000000 
208 -0.000000 
209 0.000000 
210 -0.000000 
211 0.000000 
212 -0.000000 
213 0.000000 
214 -0.000000 
215 0.000000 
216 -0.000000 
217 0.000000 
218 -0.000000 
219 0.000000 
220 -0.000000 
221 0.000000 
222 -0.000000 
223 0.000000 
224 -0.000000 
225 0.000000 
226 -0.000000 
227 0.000000 
228 -0.000000 
229 0.000000 
230 -0.000000 
231 0.000000 
232 -0.000000 
233 0.000000 
234 -0.000000 
235 0.000000 
236 -0.000000 
237 0.000000 
238 -0.000000 
239 0.000000 
240 -0.000000 
241 0.000000 
242 -0.000000 
243 0.000000 
244 -0.000000 
245 0.000000 
246 -0.000000 
247 0.000000 
248 -0.000000 
249 0.000000 
250 -0.000000 
251 0.000000 
252 -0.000000 
253 0.000000 
254 -0.000000 
255 0.000000 
256 -0.000000 
257 0.000000 
258 -0.000000 
259 0.000000 
260 -0.000000 
261 0.000000 
262 -0.000000 
263 0.000000 
264 -0.000000 
265 0.000000 
266 -0.000000 
267 0.000000 
268 -0.000000 
269 0.000000 
270 -0.000000 
271 0.000000 
272 -0.000000 
273 0.000000 
274 0.000000 
275 -0.000000 
276 0.000000 
277 -0.000000 
278 0.000000 
279 -0.000000 
280 0.000000 
281 -0.000000 
282 0.000000 
283 -0.000000 
284 0.000000 
285 -0.000000 
286 0.000000 
287 -0.000000 
288 0.000000 
289 -0.000000 
290 0.000000 
291 -0.000000 
292 0.000000 
293 -0.000000 
294 0.000000 
295 -0.000000 
296 0.000000 
297 -0.000000 
298 0.000000 
299 -0.000000 
300 0.000000 
301 -0.000000 
302 0.000000 
303 -0.000000 
304 0.000000 
305 -0.000000 
306 0.000000 
307 -0.000000 
308 0.000000 
309 -0.000000 
310 0.000000 
311 -0.000000 
312 0.000000 
313 -0.000000 
314 0.000000 
315 -0.000000 
316 -0.000000 
317 0.000000 
318 -0.000000 
319 0.000000 
320 -0.000000 
321 0.000000 
322 -0.000000 
323 0.000000 
324 -0.000000 
325 0.000000 
326 -0.000000 
327 0.000000 
328 -0.000000 
329 0.000000 
330 -0.000000 
331 0.000000 
332 -0.000000 
333 0.000000 
334 -0.000000 
335 0.000000 
336 -0.000000 
337 0.000000 
338 -0.000000 
339 0.000000 
340 -0.000000 
341 0.000000 
342 -0.000000 
343 0.000000 
344 0.000000 
345 -0.000000 
346 0.000000 
347 -0.000000 
348 0.000000 
349 -0.000000 
350 0.000000 
351 -0.000000 
352 0.000000 
353 -0.000000 
354 0.000000 
355 -0.000000 
356 0.000000 
357 -0.000000 
358 0.000000 
359 -0.000000 
360 0.000000 
361 -0.000000 
362 0.000000 
363 -0.000000 
364 0.000000 
365 -0.000000 
366 0.000000 
367 -0.000000 
368 0.000000 
369 -0.000000 
370 0.000000 
371 -0.000000 
372 0.000000 
373 -0.000000 
374 0.000000 
375 -0.000000 
376 0.000000 
377 -0.000000 
378 0.000000 
379 -0.000000 
380 0.000000 
381 -0.000000 
382 0.000000 
383 -0.000000 
384 0.000000 
385 -0.000000 
386 0.000000 
387 -0.000000 
388 0.000000 
389 -0.000000 
390 0.000000 
391 -0.000000 
392 0.000000 
393 -0.000000 
394 0.000000 
395 -0.000000 
396 0.000000 
397 -0.000000 
398 0.000000 
399 -0.000000 
400 0.000000 
401 -0.000000 
402 0.000000 
403 -0.000000 
404 0.000000 
405 -0.000000 
406 0.000000 
407 -0.000000 
408 0.000000 
409 -0.000000 
410 0.000000 
411 -0.000000 
412 0.000000 
413 -0.000000 
414 0.000000 
415 -0.000000 
416 0.000000 
417 -0.000000 
418 0.000000 
419 -0.000000 
420 0.000000 
421 -0.000000 
422 0.000000 
423 -0.000000 
424 0.000000 
425 -0.000000 
426 0.000000 
427 -0.000000 
428 0.000000 
429 -0.000000 
430 0.000000 
431 -0.000000 
432 0.000000 
433 -0.000000 
434 0.000000 
435 -0.000000 
436 0.000000 
437 -0.000000 
438 0.000000 
439 -0.000000 
440 0.000000 
441 -0.000000 
442 0.000000 
443 -0.000000 
444 0.000000 
445 -0.000000 
446 0.000000 
447 0.000000 
448 -0.000000 
449 0.000000 
450 -0.000000 
451 0.000000 
452 -0.000000 
453 0.000000 
454 -0.000000 
455 0.000000 
456 -0.000000 
457 0.000000 
458 -0.000000 
459 0.000000 
460 -0.000000 
461 0.000000 
462 -0.000000 
463 0.000000 
464 -0.000000 
465 0.000000 
466 -0.000000 
467 0.000000 
468 -0.000000 
469 0.000000 
470 -0.000000 
471 0.000000 
472 -0.000000 
473 0.000000 
474 -0.000000 
475 0.000000 
476 -0.000000 
477 0.000000 
478 -0.000000 
479 0.000000 
480 0.000000 
481 -0.000000 
482 0.000000 
483 -0.000000 
484 0.000000 
485 -0.000000 
486 0.000000 
487 -0.000000 
488 0.000000 
489 -0.000000 
490 0.000000 
491 -0.000000 
492 0.000000 
493 -0.000000 
494 0.000000 
495 -0.000000 
496 0.000000 
497 -0.000000 
498 0.000000 
499 -0.000000 
500 0.000000 
501 -0.000000 
502 0.000000 
503 -0.000000 
504 0.000000 
505 -0.000000 
506 0.000000 
507 -0.000000 
508 0.000000 
509 -0.000000 
510 0.000000 
511 0.000000 
512 -0.000000 
513 0.000000 
514 -0.000000 
515 0.000000 
516 -0.000000 
517 0.000000 
518 -0.000000 
519 0.000000 
520 -0.000000 
521 0.000000 
522 -0.000000 
523 0.000000 
524 -0.000000 
525 0.000000 
526 -0.000000 
527 0.000000 
528 -0.000000 
529 0.000000 
530 -0.000000 
531 0.000000 
532 -0.000000 
533 0.000000 
534 -0.000000 
535 0.000000 
536 -0.000000 
537 0.000000 
538 -0.000000 
539 0.000000 
540 -0.000000 
541 0.000000 
542 -0.000000 
543 0.000000 
544 -0.000000 
545 0.000000 
546 -0.000000 
547 0.000000 
548 -0.000000 
549 0.000000 
550 -0.000000 
551 0.000000 
552 -0.000000 
553 0.000000 
554 -0.000000 
555 0.000000 
556 -0.000000 
557 0.000000 
558 -0.000000 
559 0.000000 
560 -0.000000 
561 0.000000 
562 -0.000000 
563 0.000000 
564 -0.000000 
565 0.000000 
566 -0.000000 
567 0.000000 
568 0.000000 
569 -0.000000 
570 0.000000 
571 -0.000000 
572 0.000000 
573 -0.000000 
574 0.000000 
575 -0.000000 
576 0.000000 
577 -0.000000 
578 0.000000 
579 -0.000000 
580 0.000000 
581 -0.000000 
582 0.000000 
583 -0.000000 
584 0.000000 
585 -0.000000 
586 0.000000 
587 -0.000000 
588 0.000000 
589 -0.000000 
590 0.000000 
591 -0.000000 
592 0.000000 
593 -0.000000 
594 0.000000 
595 -0.000000 
596 0.000000 
597 -0.000000 
598 0.000000 
599 -0.000000 
600 0.000000 
601 -0.000000 
602 0.000000 
603 -0.000000 
604 0.000000 
605 -0.000000 
606 0.000000 
607 -0.000000 
608 0.000000 
609 -0.000000 
610 0.000000 
611 -0.000000 
612 0.000000 
613 -0.000000 
614 0.000000 
615 -0.000000 
616 0.000000 
617 -0.000000 
618 0.000000 
619 -0.000000 
620 0.000000 
621 -0.000000 
622 0.000000 
623 -0.000000 
624 0.000000 
625 -0.000000 
626 0.000000 
627 0.000000 
628 -0.000000 
629 0.000000 
630 -0.000000 
631 0.000000 
632 -0.000000 
633 0.000000 
634 -0.000000 
635 0.000000 
636 -0.000000 
637 0.000000 
638 -0.000000 
639 0.000000 
640 -0.000000 
641 0.000000 
642 -0.000000 
643 0.000000 
644 -0.000000 
645 0.000000 
646 -0.000000 
647 0.000000 
648 -0.000000 
649 0.000000 
650 -0.000000 
651 0.000000 
652 0.000000 
653 -0.000000 
654 0.000000 
655 -0.000000 
656 0.000000 
657 -0.000000 
658 0.000000 
659 -0.000000 
660 0.000000 
661 -0.000000 
662 0.000000 
663 -0.000000 
664 0.000000 
665 -0.000000 
666 0.000000 
667 -0.000000 
668 0.000000 
669 -0.000000 
670 0.000000 
671 -0.000000 
672 0.000000 
673 -0.000000 
674 0.000000 
675 -0.000000 
676 0.000000 
677 -0.000000 
678 0.000000 
679 -0.000000 
680 0.000000 
681 0.000000 
682 -0.000000 
683 0.000000 
684 -0.000000 
685 0.000000 
686 0.000000 
687 -0.000000 
688 0.000000 
689 -0.000000 
690 0.000000 
691 -0.000000 
692 0.000000 
693 -0.000000 
694 0.000000 
695 -0.000000 
696 0.000000 
697 -0.000000 
698 0.000000 
699 -0.000000 
700 0.000000 
701 -0.000000 
702 0.000000 
703 -0.000000 
704 0.000000 
705 -0.000000 
706 0.000000 
707 -0.000000 
708 0.000000 
709 -0.000000 
710 0.000000 
711 -0.000000 
712 0.000000 
713 -0.000000 
714 0.000000 
715 -0.000000 
716 0.000000 
717 -0.000000 
718 0.000000 
719 -0.000000 
720 0.000000 
721 -0.000000 
722 0.000000 
723 -0.000000 
724 0.000000 
725 -0.000000 
726 0.000000 
727 -0.000000 
728 0.000000 
729 -0.000000 
730 0.000000 
731 -0.000000 
732 0.000000 
733 -0.000000 
734 0.000000 
735 -0.000000 
736 -0.000000 
737 0.000000 
738 -0.000000 
739 0.000000 
740 -0.000000 
741 0.000000 
742 -0.000000 
743 0.000000 
744 -0.000000 
745 0.000000 
746 -0.000000 
747 0.000000 
748 -0.000000 
749 0.000000 
750 -0.000000 
751 0.000000 
752 -0.000000 
753 0.000000 
754 -0.000000 
755 0.000000 
756 -0.000000 
757 0.000000 
758 -0.000000 
759 0.000000 
760 -0.000000 
761 0.000000 
762 -0.000000 
763 0.000000 
764 -0.000000 
765 0.000000 
766 -0.000000 
767 0.000000 
768 -0.000000 
769 0.000000 
770 -0.000000 
771 0.000000 
772 -0.000000 
773 0.000000 
774 -0.000000 
775 0.000000 
776 -0.000000 
777 0.000000 
778 -0.000000 
779 0.000000 
780 -0.000000 
781 0.000000 
782 -0.000000 
783 0.000000 
784 -0.000000 
785 0.000000 
786 -0.000000 
787 -0.000000 
788 0.000000 
789 -0.000000 
790 0.000000 
791 -0.000000 
792 0.000000 
793 -0.000000 
794 0.000000 
795 -0.000000 
796 0.000000 
797 -0.000000 
798 0.000000 
799 -0.000000 
800 0.000000 
801 -0.000000 
802 0.000000 
803 -0.000000 
804 0.000000 
805 -0.000000 
806 0.000000 
807 -0.000000 
808 0.000000 
809 -0.000000 
810 0.000000 
811 -0.000000 
812 0.000000 
813 -0.000000 
814 0.000000 
815 -0.000000 
816 0.000000 
817 -0.000000 
818 0.000000 
819 -0.000000 
820 0.000000 
821 -0.000000 
822 0.000000 
823 -0.000000 
824 0.000000 
825 -0.000000 
826 0.000000 
827 -0.000000 
828 0.000000 
829 -0.000000 
830 0.000000 
831 -0.000000 
832 0.000000 
833 -0.000000 
834 0.000000 
835 -0.000000 
836 0.000000 
837 -0.000000 
838 0.000000 
839 -0.000000 
840 0.000000 
841 -0.000000 
842 0.000000 
843 -0.000000 
844 0.000000 
845 -0.000000 
846 0.000000 
847 -0.000000 
848 0.000000 
849 -0.000000 
850 0.000000 
851 -0.000000 
852 0.000000 
853 -0.000000 
854 0.000000 
855 -0.000000 
856 0.000000 
857 -0.000000 
858 0.000000 
859 -0.000000 
860 0.000000 
861 -0.000000 
862 0.000000 
863 -0.000000 
864 0.000000 
865 -0.000000 
866 0.000000 
867 -0.000000 
868 0.000000 
869 -0.000000 
870 0.000000 
871 -0.000000 
872 0.000000 
873 -0.000000 
874 0.000000 
875 -0.000000 
876 0.000000 
877 -0.000000 
878 0.000000 
879 -0.000000 
880 0.000000 
881 -0.000000 
882 0.000000 
883 -0.000000 
884 0.000000 
885 -0.000000 
886 0.000000 
887 -0.000000 
888 0.000000 
889 -0.000000 
890 0.000000 
891 -0.000000 
892 0.000000 
893 -0.000000 
894 0.000000 
895 -0.000000 
896 0.000000 
897 -0.000000 
898 0.000000 
899 -0.000000 
900 0.000000 
901 -0.000000 
902 0.000000 
903 -0.000000 
904 0.000000 
905 -0.000000 
906 0.000000 
907 -0.000000 
908 0.000000 
909 -0.000000 
910 0.000000 
911 -0.000000 
912 0.000000 
913 -0.000000 
914 0.000000 
915 -0.000000 
916 0.000000 
917 0.000000 
918 -0.000000 
919 0.000000 
920 -0.000000 
921 0.000000 
922 -0.000000 
923 0.000000 
924 -0.000000 
925 0.000000 
926 -0.000000 
927 0.000000 
928 -0.000000 
929 0.000000 
930 -0.000000 
931 0.000000 
932 -0.000000 
933 0.000000 
934 -0.000000 
935 0.000000 
936 -0.000000 
937 0.000000 
938 -0.000000 
939 0.000000 
940 -0.000000 
941 0.000000 
942 -0.000000 
943 0.000000 
944 -0.000000 
945 0.000000 
946 -0.000000 
947 0.000000 
948 -0.000000 
949 0.000000 
950 -0.000000 
951 0.000000 
952 -0.000000 
953 0.000000 
954 -0.000000 
955 0.000000 
956 -0.000000 
957 0.000000 
958 -0.000000 
959 0.000000 
960 -0.000000 
961 0.000000 
962 -0.000000 
963 0.000000 
964 -0.000000 
965 0.000000 
966 -0.000000 
967 0.000000 
968 -0.000000 
969 0.000000 
970 -0.000000 
971 0.000000 
972 -0.000000 
973 0.000000 
974 -0.000000 
975 0.000000 
976 -0.000000 
977 0.000000 
978 -0.000000 
979 0.000000 
980 -0.000000 
981 0.000000 
982 -0.000000 
983 0.000000 
984 -0.000000 
985 0.000000 
986 -0.000000 
987 0.000000 
988 -0.000000 
989 0.000000 
990 -0.000000 
991 0.000000 
992 -0.000000 
993 0.000000 
994 -0.000000 
995 0.000000 
996 -0.000000 
997 0.000000 
998 -0.000000 
999 0.000000 
1000 -0.000000 
1001 0.000000 
1002 -0.000000 
1003 0.000000 
1004 -0.000000 
1005 0.000000 
1006 -0.000000 
1007 0.000000 
1008 -0.000000 
1009 0.000000 
1010 -0.000000 
1011 0.000000 
1012 -0.000000 
1013 0.000001 
1014 -0.000001 
1015 0.000001 
1016 -0.000001 
1017 0.000001 
1018 -0.000001 
1019 0.000001 
1020 -0.000001 
1021 0.000001 
1022 -0.000001 
1023 0.000001 
1024 -0.000001 
1025 0.000001 
1026 -0.000001 
1027 0.000001 
1028 -0.000001 
1029 0.000001 
1030 -0.000001 
1031 0.000001 
1032 -0.000001 
1033 0.000001 
1034 -0.000001 
1035 0.000001 
1036 -0.000001 
1037 0.000001 
1038 -0.000001 
1039 0.000000 
1040 -0.000000 
1041 0.000000 
1042 -0.000000 
1043 0.000000 
1044 -0.000000 
1045 -0.000000 
1046 0.000000 
1047 -0.000000 
1048 0.000001 
1049 -0.000001 
1050 0.000001 
1051 -0.000001 
1052 0.000001 
1053 -0.000002 
1054 0.000002 
1055 -0.000002 
1056 0.000002 
1057 -0.000002 
1058 0.000003 
1059 -0.000003 
1060 0.000003 
1061 -0.000004 
1062 0.000004 
1063 -0.000004 
1064 0.000004 
1065 -0.000005 
1066 0.000005 
1067 -0.000005 
1068 0.000006 
1069 -0.000006 
1070 0.000006 
1071 -0.000007 
1072 0.000007 
1073 -0.000007 
1074 0.000008 
1075 -0.000008 
1076 0.000009 
1077 -0.000009 
1078 0.000010 
1079 -0.000010 
1080 0.000011 
1081 -0.000011 
1082 0.000012 
1083 -0.000013 
1084 0.000013 
1085 -0.000014 
1086 0.000015 
1087 -0.000015 
1088 0.000016 
1089 -0.000017 
1090 0.000018 
1091 -0.000019 
1092 0.000020 
1093 -0.000021 
1094 0.000022 
1095 -0.000023 
1096 0.000024 
1097 -0.000025 
1098 0.000027 
1099 -0.000028 
1100 0.000029 
1101 -0.000031 
1102 0.000032 
1103 -0.000034 
1104 0.000035 
1105 -0.000037 
1106 0.000039 
1107 -0.000041 
1108 0.000042 
1109 -0.000044 
1110 0.000046 
1111 -0.000049 
1112 0.000051 
1113 -0.000053 
1114 0.000055 
1115 -0.000058 
1116 0.000060 
1117 -0.000063 
1118 0.000066 
1119 -0.000069 
1120 0.000072 
1121 -0.000075 
1122 0.000078 
1123 -0.000082 
1124 0.000085 
1125 -0.000089 
1126 0.000093 
1127 -0.000097 
1128 0.000101 
1129 -0.000105 
1130 0.000109 
1131 -0.000114 
1132 0.000119 
1133 -0.000124 
1134 0.000129 
1135 -0.000134 
1136 0.000140 
1137 -0.000145 
1138 0.000151 
1139 -0.000157 
1140 0.000163 
1141 -0.000169 
1142 0.000175 
1143 -0.000182 
1144 0.000188 
1145 -0.000194 
1146 0.000201 
1147 -0.000207 
1148 0.000213 
1149 -0.000219 
1150 0.000225 
1151 -0.000230 
1152 0.000235 
1153 -0.000240 
1154 0.000243 
1155 -0.000246 
1156 0.000248 
1157 -0.000249 
1158 0.000249 
1159 -0.000247 
1160 0.000243 
1161 -0.000238 
1162 0.000232 
1163 -0.000223 
1164 0.000212 
1165 -0.000198 
1166 0.000182 
1167 -0.000164 
1168 0.000143 
1169 -0.000119 
1170 0.000093 
1171 -0.000064 
1172 0.000032 
1173 0.000003 
1174 -0.000041 
1175 0.000081 
1176 -0.000124 
1177 0.000170 
1178 -0.000218 
1179 0.000268 
1180 -0.000321 
1181 0.000375 
1182 -0.000432 
1183 0.000490 
1184 -0.000551 
1185 0.000612 
1186 -0.000675 
1187 0.000739 
1188 -0.000804 
1189 0.000871 
1190 -0.000938 
1191 0.001006 
1192 -0.001075 
1193 0.001144 
1194 -0.001214 
1195 0.001285 
1196 -0.001356 
1197 0.001428 
1198 -0.001501 
1199 0.001575 
1200 -0.001650 
1201 0.001726 
1202 -0.001803 
1203 0.001881 
1204 -0.001961 
1205 0.002043 
1206 -0.002126 
1207 0.002212 
1208 -0.002300 
1209 0.002391 
1210 -0.002484 
1211 0.002580 
1212 -0.002680 
1213 0.002782 
1214 -0.002888 
1215 0.002997 
1216 -0.003109 
1217 0.003225 
1218 -0.003345 
1219 0.003469 
1220 -0.003596 
1221 0.003727 
1222 -0.003863 
1223 0.004002 
1224 -0.004146 
1225 0.004294 
1226 -0.004446 
1227 0.004604 
1228 -0.004766 
1229 0.004934 
1230 -0.005108 
1231 0.005287 
1232 -0.005473 
1233 0.005665 
1234 -0.005864 
1235 0.006070 
1236 -0.006284 
1237 0.006506 
1238 -0.006735 
1239 0.006973 
1240 -0.007219 
1241 0.007474 
1242 -0.007737 
1243 0.008009 
1244 -0.008289 
1245 0.008579 
1246 -0.008877 
1247 0.009184 
1248 -0.009501 
1249 0.009826 
1250 -0.010162 
1251 0.010506 
1252 -0.010861 
1253 0.011225 
1254 -0.011600 
1255 0.011985 
1256 -0.012381 
1257 0.012789 
1258 -0.013207 
1259 0.013637 
1260 -0.014077 
1261 0.014529 
1262 -0.014991 
1263 0.015464 
1264 -0.015945 
1265 0.016436 
1266 -0.016933 
1267 0.017436 
1268 -0.017943 
1269 0.018452 
1270 -0.018961 
1271 0.019468 
1272 -0.019969 
1273 0.020462 
1274 -0.020944 
1275 0.021410 
1276 -0.021856 
1277 0.022279 
1278 -0.022674 
1279 0.023034 
1280 -0.023355 
1281 0.023629 
1282 -0.023851 
1283 0.024012 
1284 -0.024105 
1285 0.024120 
1286 -0.024049 
1287 0.023881 
1288 -0.023606 
1289 0.023213 
1290 -0.022691 
1291 0.022029 
1292 -0.021216 
1293 0.020240 
1294 -0.019091 
1295 0.017758 
1296 -0.016232 
1297 0.014505 
1298 -0.012569 
1299 0.010420 
1300 -0.008052 
1301 0.005464 
1302 -0.002656 
1303 -0.000372 
1304 0.003614 
1305 -0.007067 
1306 0.010721 
1307 -0.014568 
1308 0.018595 
1309 -0.022792 
1310 0.027142 
1311 -0.031631 
1312 0.036244 
1313 -0.040963 
1314 0.045773 
1315 -0.050657 
1316 0.055600 
1317 -0.060585 
1318 0.065599 
1319 -0.070630 
1320 0.075665 
1321 -0.080695 
1322 0.085712 
1323 -0.090710 
1324 0.095683 
1325 -0.100630 
1326 0.105550 
1327 -0.110443 
1328 0.115313 
1329 -0.120162 
1330 0.124996 
1331 -0.129821 
1332 0.134646 
1333 -0.139478 
1334 0.144327 
1335 -0.149200 
1336 0.154109 
1337 -0.159063 
1338 0.164072 
1339 -0.169144 
1340 0.174291 
1341 -0.179520 
1342 0.184841 
1343 -0.190261 
1344 0.195788 
1345 -0.201430 
1346 0.207192 
1347 -0.213081 
1348 0.219102 
1349 -0.225260 
1350 0.231559 
1351 -0.238004 
1352 0.244598 
1353 -0.251344 
1354 0.258246 
1355 -0.265306 
1356 0.272526 
1357 -0.279910 
1358 0.287459 
1359 -0.295176 
1360 0.303064 
1361 -0.311124 
1362 0.319359 
1363 -0.327773 
1364 0.336366 
1365 -0.345143 
1366 0.354107 
1367 -0.363259 
1368 0.372605 
1369 -0.382148 
1370 0.391891 
1371 -0.401838 
1372 0.411995 
1373 -0.422366 
1374 0.432957 
1375 -0.443772 
1376 0.454818 
1377 -0.466101 
1378 0.477628 
1379 -0.489406 
1380 0.501443 
1381 -0.513746 
1382 0.526323 
1383 -0.539182 
1384 0.552332 
1385 -0.565778 
1386 0.579528 
1387 -0.593588 
1388 0.607960 
1389 -0.622647 
1390 0.637648 
1391 -0.652958 
1392 0.668569 
1393 -0.684469 
1394 0.700636 
1395 -0.717047 
1396 0.733666 
1397 -0.750452 
1398 0.767351 
1399 -0.784300 
1400 0.801224 
1401 -0.818034 
1402 0.834626 
1403 -0.850883 
1404 0.866671 
1405 -0.881839 
1406 0.896221 
1407 -0.909632 
1408 0.921871 
1409 -0.932719 
1410 0.941943 
1411 -0.949293 
1412 0.954507 
1413 -0.957309 
1414 0.957416 
1415 -0.954538 
1416 0.948378 
1417 -0.938645 
1418 0.925047 
1419 -0.907304 
1420 0.885148 
1421 -0.858330 
1422 0.826623 
1423 -0.789831 
1424 0.747791 
1425 -0.700378 
1426 0.647510 
1427 -0.589152 
1428 0.525321 
1429 -0.456084 
1430 0.381566 
1431 -0.301945 
1432 0.217455 
1433 -0.128381 
1434 0.035062 
1435 0.062119 
1436 -0.162736 
1437 0.266327 
1438 -0.372402 
1439 0.480447 
1440 -0.589937 
1441 0.700340 
1442 -0.811128 
1443 0.921785 
1444 -1.031814 
1445 1.140746 
1446 -1.248146 
1447 1.353619 
1448 -1.456818 
1449 1.557443 
1450 -1.655247 
1451 1.750037 
1452 -1.841675 
1453 1.930075 
1454 -2.015207 
1455 2.097085 
1456 -2.175774 
1457 2.251376 
1458 -2.324034 
1459 2.393919 
1460 -2.461232 
1461 2.526193 
1462 -2.589036 
1463 2.650010 
1464 -2.709364 
1465 2.767353 
1466 -2.824224 
1467 2.880223 
1468 -2.935580 
1469 2.990517 
1470 -3.045239 
1471 3.099936 
1472 -3.154782 
1473 3.209931 
1474 -3.265521 
1475 3.321672 
1476 -3.378485 
1477 3.436047 
1478 -3.494429 
1479 3.553688 
1480 -3.613869 
1481 3.675004 
1482 -3.737117 
1483 3.800224 
1484 -3.864335 
1485 3.929453 
1486 -3.995581 
1487 4.062717 
1488 -4.130861 
1489 4.200012 
1490 -4.270170 
1491 4.341338 
1492 -4.413521 
1493 4.486727 
1494 -4.560968 
1495 4.636257 
1496 -4.712612 
1497 4.790052 
1498 -4.868597 
1499 4.948267 
1500 -5.029085 
1501 5.111068 
1502 -5.194235 
1503 5.278596 
1504 -5.364161 
1505 5.450930 
1506 -5.538896 
1507 5.628045 
1508 -5.718351 
1509 5.809779 
1510 -5.902279 
1511 5.995792 
1512 -6.090242 
1513 6.185540 
1514 -6.281581 
1515 6.378245 
1516 -6.475393 
1517 6.572868 
1518 -6.670492 
1519 6.768067 
1520 -6.865368 
1521 6.962146 
1522 -7.058120 
1523 7.152977 
1524 -7.246366 
1525 7.337894 
1526 -7.427120 
1527 7.513551 
1528 -7.596638 
1529 7.675764 
1530 -7.750247 
1531 7.819326 
1532 -7.882162 
1533 7.937833 
1534 -7.985328 
1535 8.023547 
1536 -8.051301 
1537 8.067316 
1538 -8.070230 
1539 8.058608 
1540 -8.030947 
1541 7.985687 
1542 -7.921228 
1543 7.835951 
1544 -7.728234 
1545 7.596478 
1546 -7.439138 
1547 7.254744 
1548 -7.041940 
1549 6.799510 
1550 -6.526413 
1551 6.221815 
1552 -5.885119 
1553 5.515993 
1554 -5.114398 
1555 4.680609 
1556 -4.215229 
1557 3.719205 
1558 -3.193829 
1559 2.640738 
1560 -2.061906 
1561 1.459626 
1562 -0.836485 
1563 0.195337 
1564 0.460735 
1565 -1.128462 
1566 1.804437 
1567 -2.485165 
1568 3.167115 
1569 -3.846777 
1570 4.520711 
1571 -5.185605 
1572 5.838319 
1573 -6.475931 
1574 7.095778 
1575 -7.695487 
1576 8.273000 
1577 -8.826598 
1578 9.354907 
1579 -9.856903 
1580 10.331912 
1581 -10.779597 
1582 11.199942 
1583 -11.593234 
1584 11.960033 
1585 -12.301146 
1586 12.617595 
1587 -12.910584 
1588 13.181463 
1589 -13.431700 
1590 13.662843 
1591 -13.876491 
1592 14.074268 
1593 -14.257792 
1594 14.428655 
1595 -14.588400 
1596 14.738504 
1597 -14.880365 
1598 15.015287 
1599 -15.144473 
1600 15.269015 
1601 -15.389895 
1602 15.507977 
1603 -15.624011 
1604 15.738629 
1605 -15.852355 
1606 15.965600 
1607 -16.078673 
1608 16.191784 
1609 -16.305051 
1610 16.418507 
1611 -16.532105 
1612 16.645729 
1613 -16.759199 
1614 16.872277 
1615 -16.984681 
1616 17.096087 
1617 -17.206136 
1618 17.314447 
1619 -17.420619 
1620 17.524242 
1621 -17.624900 
1622 17.722180 
1623 -17.815680 
1624 17.905010 
1625 -17.989803 
1626 18.069719 
1627 -18.144447 
1628 18.213714 
1629 -18.277287 
1630 18.334974 
1631 -18.386634 
1632 18.432169 
1633 -18.471534 
1634 18.504735 
1635 -18.531827 
1636 18.552913 
1637 -18.568144 
1638 18.577714 
1639 -18.581855 
1640 18.580836 
1641 -18.574951 
1642 18.564519 
1643 -18.549869 
1644 18.531337 
1645 -18.509252 
1646 18.483931 
1647 -18.455663 
1648 18.424700 
1649 -18.391248 
1650 18.355449 
1651 -18.317374 
1652 18.277008 
1653 -18.234238 
1654 18.188844 
1655 -18.140485 
1656 18.088687 
1657 -18.032839 
1658 17.972182 
1659 -17.905801 
1660 17.832623 
1661 -17.751415 
1662 17.660783 
1663 -17.559179 
1664 17.444902 
1665 -17.316113 
1666 17.170850 
1667 -17.007044 
1668 16.822541 
1669 -16.615132 
1670 16.382584 
1671 -16.122671 
1672 15.833220 
1673 -15.512148 
1674 15.157511 
1675 -14.767547 
1676 14.340731 
1677 -13.875815 
1678 13.371882 
1679 -12.828386 
1680 12.245196 
1681 -11.622628 
1682 10.961475 
1683 -10.263030 
1684 9.529092 
1685 -8.761973 
1686 7.964485 
1687 -7.139923 
1688 6.292029 
1689 -5.424954 
1690 4.543200 
1691 -3.651563 
1692 2.755057 
1693 -1.858842 
1694 0.968139 
1695 -0.088147 
1696 -0.776040 
1697 1.619515 
1698 -2.437638 
1699 3.226106 
1700 -3.981016 
1701 4.698920 
1702 -5.376865 
1703 6.012428 
1704 -6.603729 
1705 7.149441 
1706 -7.648780 
1707 8.101490 
1708 -8.507813 
1709 8.868452 
1710 -9.184525 
1711 9.457518 
1712 -9.689226 
1713 9.881697 
1714 -10.037178 
1715 10.158055 
1716 -10.246804 
1717 10.305937 
1718 -10.337960 
1719 10.345336 
1720 -10.330447 
1721 10.295574 
1722 -10.242870 
1723 10.174350 
1724 -10.091882 
1725 9.997179 
1726 -9.891803 
1727 9.777165 
1728 -9.654533 
1729 9.525039 
1730 -9.389686 
1731 9.249360 
1732 -9.104834 
1733 8.956783 
1734 -8.805787 
1735 8.652340 
1736 -8.496854 
1737 8.339669 
1738 -8.181053 
1739 8.021210 
1740 -7.860282 
1741 7.698358 
1742 -7.535477 
1743 7.371635 
1744 -7.206796 
1745 7.040896 
1746 -6.873859 
1747 6.705609 
1748 -6.536079 
1749 6.365228 
1750 -6.193055 
1751 6.019611 
1752 -5.845018 
1753 5.669472 
1754 -5.493264 
1755 5.316780 
1756 -5.140509 
1757 4.965044 
1758 -4.791081 
1759 4.619414 
1760 -4.450921 
1761 4.286555 
1762 -4.127326 
1763 3.974280 
1764 -3.828476 
1765 3.690965 
1766 -3.562760 
1767 3.444814 
1768 -3.337994 
1769 3.243057 
1770 -3.160629 
1771 3.091189 
1772 -3.035049 
1773 2.992349 
1774 -2.963049 
1775 2.946926 
1776 -2.943575 
1777 2.952421 
1778 -2.972727 
1779 3.003605 
1780 -3.044038 
1781 3.092897 
1782 -3.148959 
1783 3.210929 
1784 -3.277461 
1785 3.347175 
1786 -3.418675 
1787 3.490564 
1788 -3.561453 
1789 3.629973 
1790 -3.694779 
1791 3.754549 
1792 -3.807987 
1793 3.853816 
1794 -3.890774 
1795 3.917605 
1796 -3.933051 
1797 3.935847 
1798 -3.924710 
1799 3.898337 
1800 -3.855400 
1801 3.794551 
1802 -3.714426 
1803 3.613652 
1804 -3.490868 
1805 3.344737 
1806 -3.173973 
1807 2.977372 
1808 -2.753834 
1809 2.502406 
1810 -2.222306 
1811 1.912966 
1812 -1.574059 
1813 1.205528 
1814 -0.807617 
1815 0.380883 
1816 0.073783 
1817 -0.555155 
1818 1.061668 
1819 -1.591437 
1820 2.142267 
1821 -2.711684 
1822 3.296967 
1823 -3.895192 
1824 4.503275 
1825 -5.118025 
1826 5.736196 
1827 -6.354540 
1828 6.969864 
1829 -7.579082 
1830 8.179259 
1831 -8.767660 
1832 9.341782 
1833 -9.899391 
1834 10.438538 
1835 -10.957582 
1836 11.455193 
1837 -11.930352 
1838 12.382348 
1839 -12.810762 
1840 13.215445 
1841 -13.596503 
1842 13.954261 
1843 -14.289239 
1844 14.602120 
1845 -14.893717 
1846 15.164941 
1847 -15.416778 
1848 15.650251 
1849 -15.866406 
1850 16.066280 
1851 -16.250888 
1852 16.421206 
1853 -16.578158 
1854 16.722608 
1855 -16.855353 
1856 16.977123 
1857 -17.088577 
1858 17.190309 
1859 -17.282850 
1860 17.366675 
1861 -17.442207 
1862 17.509832 
1863 -17.569902 
1864 17.622743 
1865 -17.668671 
1866 17.707994 
1867 -17.741021 
1868 17.768074 
1869 -17.789488 
1870 17.805619 
1871 -17.816849 
1872 17.823586 
1873 -17.826264 
1874 17.825346 
1875 -17.821317 
1876 17.814682 
1877 -17.805963 
1878 17.795689 
1879 -17.784390 
1880 17.772589 
1881 -17.760794 
1882 17.749486 
1883 -17.739112 
1884 17.730077 
1885 -17.722732 
1886 17.717371 
1887 -17.714221 
1888 17.713440 
1889 -17.715108 
1890 17.719231 
1891 -17.725739 
1892 17.734483 
1893 -17.745244 
1894 17.757732 
1895 -17.771596 
1896 17.786426 
1897 -17.801765 
1898 17.817115 
1899 -17.831946 
1900 17.845703 
1901 -17.857814 
1902 17.867701 
1903 -17.874779 
1904 17.878466 
1905 -17.878185 
1906 17.873367 
1907 -17.863449 
1908 17.847873 
1909 -17.826085 
1910 17.797526 
1911 -17.761632 
1912 17.717822 
1913 -17.665492 
1914 17.604005 
1915 -17.532684 
1916 17.450801 
1917 -17.357571 
1918 17.252143 
1919 -17.133593 
1920 17.000921 
1921 -16.853050 
1922 16.688822 
1923 -16.507003 
1924 16.306291 
1925 -16.085322 
1926 15.842688 
1927 -15.576947 
1928 15.286651 
1929 -14.970367 
1930 14.626705 
1931 -14.254348 
1932 13.852090 
1933 -13.418870 
1934 12.953805 
1935 -12.456233 
1936 11.925750 
1937 -11.362239 
1938 10.765907 
1939 -10.137314 
1940 9.477392 
1941 -8.787461 
1942 8.069242 
1943 -7.324855 
1944 6.556813 
1945 -5.768003 
1946 4.961662 
1947 -4.141343 
1948 3.310870 
1949 -2.474289 
1950 1.635809 
1951 -0.799747 
1952 -0.029548 
1953 0.847752 
1954 -1.650640 
1955 2.434149 
1956 -3.194441 
1957 3.927960 
1958 -4.631480 
1959 5.302154 
1960 -5.937542 
1961 6.535639 
1962 -7.094890 
1963 7.614194 
1964 -8.092899 
1965 8.530794 
1966 -8.928079 
1967 9.285343 
1968 -9.603529 
1969 9.883889 
1970 -10.127950 
1971 10.337462 
1972 -10.514355 
1973 10.660696 
1974 -10.778644 
1975 10.870409 
1976 -10.938216 
1977 10.984268 
1978 -11.010723 
1979 11.019660 
1980 -11.013069 
1981 10.992826 
1982 -10.960686 
1983 10.918274 
1984 -10.867082 
1985 10.808465 
1986 -10.743643 
1987 10.673707 
1988 -10.599622 
1989 10.522231 
1990 -10.442270 
1991 10.360366 
1992 -10.277052 
1993 10.192776 
1994 -10.107901 
1995 10.022722 
1996 -9.937470 
1997 9.852315 
1998 -9.767380 
1999 9.682741 
2000 -9.598436 
2001 9.514468 
2002 -9.430812 
2003 9.347418 
2004 -9.264215 
2005 9.181117 
2006 -9.098023 
2007 9.014821 
2008 -8.931396 
2009 8.847624 
2010 -8.763384 
2011 8.678553 
2012 -8.593011 
2013 8.506646 
2014 -8.419351 
2015 8.331030 
2016 -8.241595 
2017 8.150974 
2018 -8.059107 
2019 7.965950 
2020 -7.871477 
2021 7.775677 
2022 -7.678559 
2023 7.580149 
2024 -7.480493 
2025 7.379656 
2026 -7.277719 
2027 7.174781 
2028 -7.070955 
2029 6.966370 
2030 -6.861162 
2031 6.755479 
2032 -6.649472 
2033 6.543294 
2034 -6.437098 
2035 6.331030 
2036 -6.225227 
2037 6.119812 
2038 -6.014892 
2039 5.910556 
2040 -5.806865 
2041 5.703856 
2042 -5.601539 
2043 5.499892 
2044 -5.398858 
2045 5.298353 
2046 -5.198254 
2047 5.098407 
2048 -4.998628 
2049 4.898698 
2050 -4.798371 
2051 4.697375 
2052 -4.595413 
2053 4.492168 
2054 -4.387309 
2055 4.280492 
2056 -4.171367 
2057 4.059584 
2058 -3.944800 
2059 3.826683 
2060 -3.704921 
2061 3.579228 
2062 -3.449355 
2063 3.315091 
2064 -3.176277 
2065 3.032808 
2066 -2.884645 
2067 2.731815 
2068 -2.574419 
2069 2.412639 
2070 -2.246735 
2071 2.077049 
2072 -1.904004 
2073 1.728104 
2074 -1.549926 
2075 1.370117 
2076 -1.189386 
2077 1.008492 
2078 -0.828238 
2079 0.649456 
2080 -0.472992 
2081 0.299697 
2082 -0.130409 
2083 -0.034058 
2084 0.192932 
2085 -0.345489 
2086 0.491073 
2087 -0.629099 
2088 0.759064 
2089 -0.880556 
2090 0.993256 
2091 -1.096941 
2092 1.191484 
2093 -1.276852 
2094 1.353106 
2095 -1.420390 
2096 1.478928 
2097 -1.529015 
2098 1.571007 
2099 -1.605312 
2100 1.632383 
2101 -1.652699 
2102 1.666767 
2103 -1.675103 
2104 1.678227 
2105 -1.676655 
2106 1.670892 
2107 -1.661423 
2108 1.648714 
2109 -1.633200 
2110 1.615290 
2111 -1.595358 
2112 1.573747 
2113 -1.550766 
2114 1.526690 
2115 -1.501764 
2116 1.476200 
2117 -1.450184 
2118 1.423870 
2119 -1.397393 
2120 1.370862 
2121 -1.344367 
2122 1.317981 
2123 -1.291761 
2124 1.265752 
2125 -1.239986 
2126 1.214488 
2127 -1.189274 
2128 1.164358 
2129 -1.139745 
2130 1.115441 
2131 -1.091449 
2132 1.067770 
2133 -1.044406 
2134 1.021360 
2135 -0.998635 
2136 0.976236 
2137 -0.954168 
2138 0.932439 
2139 -0.911058 
2140 0.890034 
2141 -0.869379 
2142 0.849103 
2143 -0.829219 
2144 0.809737 
2145 -0.790669 
2146 0.772025 
2147 -0.753814 
2148 0.736044 
2149 -0.718719 
2150 0.701843 
2151 -0.685417 
2152 0.669441 
2153 -0.653909 
2154 0.638816 
2155 -0.624153 
2156 0.609909 
2157 -0.596071 
2158 0.582622 
2159 -0.569546 
2160 0.556824 
2161 -0.544436 
2162 0.532359 
2163 -0.520571 
2164 0.509049 
2165 -0.497771 
2166 0.486711 
2167 -0.475846 
2168 0.465152 
2169 -0.454606 
2170 0.444185 
2171 -0.433865 
2172 0.423624 
2173 -0.413441 
2174 0.403293 
2175 -0.393162 
2176 0.383026 
2177 -0.372866 
2178 0.362663 
2179 -0.352400 
2180 0.342059 
2181 -0.331625 
2182 0.321081 
2183 -0.310415 
2184 0.299614 
2185 -0.288667 
2186 0.277566 
2187 -0.266303 
2188 0.254876 
2189 -0.243283 
2190 0.231526 
2191 -0.219612 
2192 0.207548 
2193 -0.195349 
2194 0.183032 
2195 -0.170617 
2196 0.158131 
2197 -0.145602 
2198 0.133064 
2199 -0.120554 
2200 0.108110 
2201 -0.095776 
2202 0.083594 
2203 -0.071611 
2204 0.059872 
2205 -0.048424 
2206 0.037311 
2207 -0.026576 
2208 0.016260 
2209 -0.006402 
2210 -0.002966 
2211 0.011814 
2212 -0.020117 
2213 0.027855 
2214 -0.035013 
2215 0.041584 
2216 -0.047563 
2217 0.052952 
2218 -0.057757 
2219 0.061992 
2220 -0.065671 
2221 0.068814 
2222 -0.071445 
2223 0.073589 
2224 -0.075275 
2225 0.076533 
2226 -0.077394 
2227 0.077889 
2228 -0.078051 
2229 0.077911 
2230 -0.077499 
2231 0.076847 
2232 -0.075981 
2233 0.074931 
2234 -0.073721 
2235 0.072375 
2236 -0.070916 
2237 0.069364 
2238 -0.067738 
2239 0.066055 
2240 -0.064330 
2241 0.062577 
2242 -0.060810 
2243 0.059038 
2244 -0.057272 
2245 0.055521 
2246 -0.053791 
2247 0.052091 
2248 -0.050424 
2249 0.048797 
2250 -0.047213 
2251 0.045674 
2252 -0.044184 
2253 0.042744 
2254 -0.041355 
2255 0.040017 
2256 -0.038731 
2257 0.037495 
2258 -0.036308 
2259 0.035169 
2260 -0.034076 
2261 0.033026 
2262 -0.032018 
2263 0.031049 
2264 -0.030115 
2265 0.029215 
2266 -0.028345 
2267 0.027504 
2268 -0.026689 
2269 0.025898 
2270 -0.025129 
2271 0.024380 
2272 -0.023650 
2273 0.022939 
2274 -0.022245 
2275 0.021567 
2276 -0.020905 
2277 0.020260 
2278 -0.019631 
2279 0.019017 
2280 -0.018420 
2281 0.017838 
2282 -0.017273 
2283 0.016723 
2284 -0.016190 
2285 0.015672 
2286 -0.015170 
2287 0.014683 
2288 -0.014210 
2289 0.013750 
2290 -0.013304 
2291 0.012870 
2292 -0.012448 
2293 0.012036 
2294 -0.011635 
2295 0.011243 
2296 -0.010860 
2297 0.010485 
2298 -0.010118 
2299 0.009759 
2300 -0.009407 
2301 0.009063 
2302 -0.008725 
2303 0.008395 
2304 -0.008071 
2305 0.007755 
2306 -0.007446 
2307 0.007144 
2308 -0.006849 
2309 0.006561 
2310 -0.006280 
2311 0.006006 
2312 -0.005738 
2313 0.005476 
2314 -0.005220 
2315 0.004970 
2316 -0.004724 
2317 0.004482 
2318 -0.004245 
2319 0.004011 
2320 -0.003780 
2321 0.003552 
2322 -0.003327 
2323 0.003105 
2324 -0.002885 
2325 0.002667 
2326 -0.002453 
2327 0.002241 
2328 -0.002032 
2329 0.001827 
2330 -0.001626 
2331 0.001430 
2332 -0.001239 
2333 0.001054 
2334 -0.000875 
2335 0.000703 
2336 -0.000538 
2337 0.000381 
2338 -0.000232 
2339 0.000091 
2340 0.000040 
2341 -0.000163 
2342 0.000276 
2343 -0.000380 
2344 0.000474 
2345 -0.000560 
2346 0.000636 
2347 -0.000703 
2348 0.000762 
2349 -0.000813 
2350 0.000856 
2351 -0.000891 
2352 0.000920 
2353 -0.000941 
2354 0.000957 
2355 -0.000967 
2356 0.000971 
2357 -0.000971 
2358 0.000967 
2359 -0.000959 
2360 0.000948 
2361 -0.000934 
2362 0.000917 
2363 -0.000898 
2364 0.000878 
2365 -0.000856 
2366 0.000833 
2367 -0.000809 
2368 0.000785 
2369 -0.000760 
2370 0.000735 
2371 -0.000710 
2372 0.000686 
2373 -0.000662 
2374 0.000638 
2375 -0.000614 
2376 0.000591 
2377 -0.000569 
2378 0.000547 
2379 -0.000525 
2380 0.000505 
2381 -0.000485 
2382 0.000465 
2383 -0.000447 
2384 0.000429 
2385 -0.000411 
2386 0.000394 
2387 -0.000378 
2388 0.000362 
2389 -0.000347 
2390 0.000332 
2391 -0.000319 
2392 0.000305 
2393 -0.000292 
2394 0.000280 
2395 -0.000268 
2396 0.000257 
2397 -0.000246 
2398 0.000236 
2399 -0.000226 
2400 0.000217 
2401 -0.000208 
2402 0.000200 
2403 -0.000191 
2404 0.000184 
2405 -0.000176 
2406 0.000169 
2407 -0.000162 
2408 0.000155 
2409 -0.000149 
2410 0.000143 
2411 -0.000137 
2412 0.000131 
2413 -0.000126 
2414 0.000121 
2415 -0.000116 
2416 0.000111 
2417 -0.000106 
2418 0.000101 
2419 -0.000097 
2420 0.000093 
2421 -0.000089 
2422 0.000085 
2423 -0.000081 
2424 0.000078 
2425 -0.000074 
2426 0.000071 
2427 -0.000068 
2428 0.000065 
2429 -0.000062 
2430 0.000059 
2431 -0.000057 
2432 0.000054 
2433 -0.000052 
2434 0.000049 
2435 -0.000047 
2436 0.000045 
2437 -0.000043 
2438 0.000041 
2439 -0.000039 
2440 0.000037 
2441 -0.000035 
2442 0.000033 
2443 -0.000032 
2444 0.000030 
2445 -0.000028 
2446 0.000027 
2447 -0.000025 
2448 0.000024 
2449 -0.000022 
2450 0.000021 
2451 -0.000020 
2452 0.000018 
2453 -0.000017 
2454 0.000015 
2455 -0.000014 
2456 0.000013 
2457 -0.000012 
2458 0.000010 
2459 -0.000009 
2460 0.000008 
2461 -0.000007 
2462 0.000006 
2463 -0.000005 
2464 0.000004 
2465 -0.000003 
2466 0.000002 
2467 -0.000002 
2468 0.000001 
2469 -0.000000 
2470 -0.000001 
2471 0.000001 
2472 -0.000002 
2473 0.000002 
2474 -0.000002 
2475 0.000003 
2476 -0.000003 
2477 0.000003 
2478 -0.000004 
2479 0.000004 
2480 -0.000004 
2481 0.000004 
2482 -0.000004 
2483 0.000004 
2484 -0.000004 
2485 0.000004 
2486 -0.000004 
2487 0.000004 
2488 -0.000004 
2489 0.000004 
2490 -0.000004 
2491 0.000003 
2492 -0.000003 
2493 0.000003 
2494 -0.000003 
2495 0.000003 
2496 -0.000003 
2497 0.000003 
2498 -0.000003 
2499 0.000002 
2500 -0.000002 
2501 0.000002 
2502 -0.000002 
2503 0.000002 
2504 -0.000002 
2505 0.000002 
2506 -0.000002 
2507 0.000002 
2508 -0.000002 
2509 0.000002 
2510 -0.000002 
2511 0.000001 
2512 -0.000001 
2513 0.000001 
2514 -0.000001 
2515 0.000001 
2516 -0.000001 
2517 0.000001 
2518 -0.000001 
2519 0.000001 
2520 -0.000001 
2521 0.000001 
2522 -0.000001 
2523 0.000001 
2524 -0.000001 
2525 0.000001 
2526 -0.000001 
2527 0.000001 
2528 -0.000001 
2529 0.000001 
2530 -0.000001 
2531 0.000001 
2532 -0.000001 
2533 0.000001 
2534 -0.000000 
2535 0.000000 
2536 -0.000000 
2537 0.000000 
2538 -0.000000 
2539 0.000000 
2540 -0.000000 
2541 0.000000 
2542 -0.000000 
2543 0.000000 
2544 -0.000000 
2545 0.000000 
2546 -0.000000 
2547 0.000000 
2548 -0.000000 
2549 0.000000 
2550 -0.000000 
2551 0.000000 
2552 -0.000000 
2553 0.000000 
2554 -0.000000 
2555 0.000000 
2556 -0.000000 
2557 0.000000 
2558 -0.000000 
2559 0.000000 
2560 -0.000000 
2561 0.000000 
2562 -0.000000 
2563 0.000000 
2564 -0.000000 
2565 0.000000 
2566 -0.000000 
2567 0.000000 
2568 -0.000000 
2569 0.000000 
2570 -0.000000 
2571 0.000000 
2572 -0.000000 
2573 0.000000 
2574 -0.000000 
2575 0.000000 
2576 -0.000000 
2577 0.000000 
2578 -0.000000 
2579 0.000000 
2580 -0.000000 
2581 0.000000 
2582 -0.000000 
2583 0.000000 
2584 -0.000000 
2585 0.000000 
2586 -0.000000 
2587 0.000000 
2588 -0.000000 
2589 0.000000 
2590 -0.000000 
2591 0.000000 
2592 -0.000000 
2593 0.000000 
2594 -0.000000 
2595 0.000000 
2596 -0.000000 
2597 0.000000 
2598 0.000000 
2599 -0.000000 
2600 0.000000 
2601 -0.000000 
2602 0.000000 
2603 -0.000000 
2604 0.000000 
2605 -0.000000 
2606 0.000000 
2607 -0.000000 
2608 0.000000 
2609 -0.000000 
2610 0.000000 
2611 -0.000000 
2612 0.000000 
2613 -0.000000 
2614 0.000000 
2615 -0.000000 
2616 0.000000 
2617 -0.000000 
2618 0.000000 
2619 -0.000000 
2620 0.000000 
2621 -0.000000 
2622 0.000000 
2623 -0.000000 
2624 0.000000 
2625 -0.000000 
2626 0.000000 
2627 -0.000000 
2628 0.000000 
2629 -0.000000 
2630 0.000000 
2631 -0.000000 
2632 0.000000 
2633 -0.000000 
2634 0.000000 
2635 -0.000000 
2636 0.000000 
2637 -0.000000 
2638 0.000000 
2639 -0.000000 
2640 0.000000 
2641 -0.000000 
2642 0.000000 
2643 -0.000000 
2644 0.000000 
2645 -0.000000 
2646 0.000000 
2647 -0.000000 
2648 0.000000 
2649 -0.000000 
2650 0.000000 
2651 -0.000000 
2652 0.000000 
2653 -0.000000 
2654 0.000000 
2655 -0.000000 
2656 0.000000 
2657 -0.000000 
2658 0.000000 
2659 -0.000000 
2660 0.000000 
2661 -0.000000 
2662 0.000000 
2663 -0.000000 
2664 0.000000 
2665 -0.000000 
2666 0.000000 
2667 -0.000000 
2668 0.000000 
2669 -0.000000 
2670 0.000000 
2671 -0.000000 
2672 0.000000 
2673 -0.000000 
2674 0.000000 
2675 -0.000000 
2676 0.000000 
2677 -0.000000 
2678 0.000000 
2679 -0.000000 
2680 0.000000 
2681 -0.000000 
2682 0.000000 
2683 -0.000000 
2684 0.000000 
2685 -0.000000 
2686 0.000000 
2687 -0.000000 
2688 0.000000 
2689 -0.000000 
2690 0.000000 
2691 -0.000000 
2692 0.000000 
2693 -0.000000 
2694 0.000000 
2695 -0.000000 
2696 0.000000 
2697 -0.000000 
2698 0.000000 
2699 -0.000000 
2700 0.000000 
2701 -0.000000 
2702 0.000000 
2703 -0.000000 
2704 0.000000 
2705 -0.000000 
2706 0.000000 
2707 -0.000000 
2708 0.000000 
2709 -0.000000 
2710 0.000000 
2711 -0.000000 
2712 0.000000 
2713 -0.000000 
2714 0.000000 
2715 -0.000000 
2716 0.000000 
2717 -0.000000 
2718 0.000000 
2719 -0.000000 
2720 0.000000 
2721 -0.000000 
2722 0.000000 
2723 -0.000000 
2724 0.000000 
2725 -0.000000 
2726 0.000000 
2727 -0.000000 
2728 0.000000 
2729 0.000000 
2730 -0.000000 
2731 0.000000 
2732 -0.000000 
2733 0.000000 
2734 -0.000000 
2735 0.000000 
2736 -0.000000 
2737 0.000000 
2738 -0.000000 
2739 0.000000 
2740 -0.000000 
2741 0.000000 
2742 -0.000000 
2743 0.000000 
2744 -0.000000 
2745 0.000000 
2746 -0.000000 
2747 0.000000 
2748 -0.000000 
2749 0.000000 
2750 -0.000000 
2751 0.000000 
2752 -0.000000 
2753 0.000000 
2754 -0.000000 
2755 0.000000 
2756 -0.000000 
2757 0.000000 
2758 -0.000000 
2759 0.000000 
2760 -0.000000 
2761 0.000000 
2762 -0.000000 
2763 0.000000 
2764 -0.000000 
2765 0.000000 
2766 -0.000000 
2767 0.000000 
2768 -0.000000 
2769 0.000000 
2770 -0.000000 
2771 0.000000 
2772 -0.000000 
2773 0.000000 
2774 -0.000000 
2775 0.000000 
2776 -0.000000 
2777 0.000000 
2778 -0.000000 
2779 0.000000 
2780 -0.000000 
2781 0.000000 
2782 -0.000000 
2783 0.000000 
2784 -0.000000 
2785 0.000000 
2786 -0.000000 
2787 0.000000 
2788 -0.000000 
2789 0.000000 
2790 -0.000000 
2791 0.000000 
2792 -0.000000 
2793 0.000000 
2794 -0.000000 
2795 0.000000 
2796 -0.000000 
2797 0.000000 
2798 -0.000000 
2799 0.000000 
2800 -0.000000 
2801 0.000000 
2802 -0.000000 
2803 0.000000 
2804 -0.000000 
2805 0.000000 
2806 -0.000000 
2807 0.000000 
2808 -0.000000 
2809 0.000000 
2810 -0.000000 
2811 0.000000 
2812 -0.000000 
2813 0.000000 
2814 -0.000000 
2815 0.000000 
2816 -0.000000 
2817 0.000000 
2818 -0.000000 
2819 0.000000 
2820 -0.000000 
2821 0.000000 
2822 -0.000000 
2823 0.000000 
2824 -0.000000 
2825 0.000000 
2826 -0.000000 
2827 0.000000 
2828 -0.000000 
2829 0.000000 
2830 -0.000000 
2831 0.000000 
2832 -0.000000 
2833 0.000000 
2834 -0.000000 
2835 0.000000 
2836 -0.000000 
2837 0.000000 
2838 -0.000000 
2839 0.000000 
2840 -0.000000 
2841 0.000000 
2842 -0.000000 
2843 0.000000 
2844 -0.000000 
2845 0.000000 
2846 -0.000000 
2847 0.000000 
2848 -0.000000 
2849 0.000000 
2850 -0.000000 
2851 0.000000 
2852 -0.000000 
2853 0.000000 
2854 -0.000000 
2855 0.000000 
2856 -0.000000 
2857 0.000000 
2858 0.000000 
2859 -0.000000 
2860 0.000000 
2861 -0.000000 
2862 0.000000 
2863 -0.000000 
2864 0.000000 
2865 -0.000000 
2866 0.000000 
2867 -0.000000 
2868 0.000000 
2869 -0.000000 
2870 0.000000 
2871 -0.000000 
2872 0.000000 
2873 -0.000000 
2874 0.000000 
2875 -0.000000 
2876 0.000000 
2877 -0.000000 
2878 0.000000 
2879 -0.000000 
2880 0.000000 
2881 -0.000000 
2882 0.000000 
2883 -0.000000 
2884 0.000000 
2885 -0.000000 
2886 0.000000 
2887 -0.000000 
2888 0.000000 
2889 -0.000000 
2890 0.000000 
2891 -0.000000 
2892 0.000000 
2893 -0.000000 
2894 0.000000 
2895 -0.000000 
2896 0.000000 
2897 -0.000000 
2898 0.000000 
2899 -0.000000 
2900 0.000000 
2901 -0.000000 
2902 0.000000 
2903 -0.000000 
2904 0.000000 
2905 -0.000000 
2906 0.000000 
2907 -0.000000 
2908 0.000000 
2909 -0.000000 
2910 0.000000 
2911 -0.000000 
2912 0.000000 
2913 -0.000000 
2914 0.000000 
2915 -0.000000 
2916 0.000000 
2917 -0.000000 
2918 0.000000 
2919 -0.000000 
2920 0.000000 
2921 -0.000000 
2922 0.000000 
2923 -0.000000 
2924 0.000000 
2925 -0.000000 
2926 0.000000 
2927 -0.000000 
2928 0.000000 
2929 -0.000000 
2930 0.000000 
2931 -0.000000 
2932 0.000000 
2933 -0.000000 
2934 0.000000 
2935 -0.000000 
2936 0.000000 
2937 -0.000000 
2938 0.000000 
2939 -0.000000 
2940 0.000000 
2941 -0.000000 
2942 0.000000 
2943 -0.000000 
2944 0.000000 
2945 -0.000000 
2946 0.000000 
2947 -0.000000 
2948 0.000000 
2949 -0.000000 
2950 0.000000 
2951 -0.000000 
2952 0.000000 
2953 -0.000000 
2954 0.000000 
2955 -0.000000 
2956 0.000000 
2957 -0.000000 
2958 0.000000 
2959 -0.000000 
2960 0.000000 
2961 -0.000000 
2962 0.000000 
2963 -0.000000 
2964 0.000000 
2965 -0.000000 
2966 0.000000 
2967 -0.000000 
2968 0.000000 
2969 -0.000000 
2970 0.000000 
2971 -0.000000 
2972 0.000000 
2973 -0.000000 
2974 0.000000 
2975 -0.000000 
2976 0.000000 
2977 -0.000000 
2978 0.000000 
2979 -0.000000 
2980 0.000000 
2981 -0.000000 
2982 0.000000 
2983 -0.000000 
2984 0.000000 
2985 -0.000000 
2986 0.000000 
2987 -0.000000 
2988 -0.000000 
2989 0.000000 
2990 -0.000000 
2991 0.000000 
2992 -0.000000 
2993 0.000000 
2994 -0.000000 
2995 0.000000 
2996 -0.000000 
2997 0.000000 
2998 -0.000000 
2999 0.000000 
3000 -0.000000 
3001 0.000000 
3002 -0.000000 
3003 0.000000 
3004 -0.000000 
3005 0.000000 
3006 -0.000000 
3007 0.000000 
3008 -0.000000 
3009 0.000000 
3010 -0.000000 
3011 0.000000 
3012 -0.000000 
3013 0.000000 
3014 -0.000000 
3015 0.000000 
3016 -0.000000 
3017 0.000000 
3018 -0.000000 
3019 0.000000 
3020 -0.000000 
3021 0.000000 
3022 -0.000000 
3023 0.000000 
3024 -0.000000 
3025 0.000000 
3026 -0.000000 
3027 0.000000 
3028 -0.000000 
3029 0.000000 
3030 -0.000000 
3031 0.000000 
3032 -0.000000 
3033 0.000000 
3034 -0.000000 
3035 0.000000 
3036 -0.000000 
3037 0.000000 
3038 -0.000000 
3039 0.000000 
3040 -0.000000 
3041 0.000000 
3042 -0.000000 
3043 0.000000 
3044 -0.000000 
3045 0.000000 
3046 -0.000000 
3047 0.000000 
3048 -0.000000 
3049 0.000000 
3050 -0.000000 
3051 0.000000 
3052 -0.000000 
3053 0.000000 
3054 -0.000000 
3055 0.000000 
3056 -0.000000 
3057 0.000000 
3058 -0.000000 
3059 0.000000 
3060 -0.000000 
3061 0.000000 
3062 -0.000000 
3063 0.000000 
3064 -0.000000 
3065 0.000000 
3066 -0.000000 
3067 0.000000 
3068 -0.000000 
3069 0.000000 
3070 -0.000000 
3071 0.000000 
3072 -0.000000 
3073 0.000000 
3074 -0.000000 
3075 0.000000 
3076 -0.000000 
3077 0.000000 
3078 -0.000000 
3079 0.000000 
3080 -0.000000 
3081 0.000000 
3082 -0.000000 
3083 0.000000 
3084 -0.000000 
3085 0.000000 
3086 -0.000000 
3087 0.000000 
3088 -0.000000 
3089 0.000000 
3090 -0.000000 
3091 0.000000 
3092 -0.000000 
3093 0.000000 
3094 -0.000000 
3095 0.000000 
3096 -0.000000 
3097 0.000000 
3098 -0.000000 
3099 0.000000 
3100 -0.000000 
3101 0.000000 
3102 -0.000000 
3103 0.000000 
3104 -0.000000 
3105 0.000000 
3106 -0.000000 
3107 0.000000 
3108 -0.000000 
3109 0.000000 
3110 -0.000000 
3111 0.000000 
3112 -0.000000 
3113 0.000000 
3114 -0.000000 
3115 0.000000 
3116 -0.000000 
3117 0.000000 
3118 -0.000000 
3119 0.000000 
3120 -0.000000 
3121 0.000000 
3122 0.000000 
3123 -0.000000 
3124 0.000000 
3125 -0.000000 
3126 0.000000 
3127 -0.000000 
3128 0.000000 
3129 -0.000000 
3130 0.000000 
3131 -0.000000 
3132 0.000000 
3133 -0.000000 
3134 0.000000 
3135 -0.000000 
3136 0.000000 
3137 -0.000000 
3138 0.000000 
3139 -0.000000 
3140 0.000000 
3141 -0.000000 
3142 0.000000 
3143 -0.000000 
3144 0.000000 
3145 -0.000000 
3146 0.000000 
3147 -0.000000 
3148 0.000000 
3149 -0.000000 
3150 0.000000 
3151 -0.000000 
3152 0.000000 
3153 -0.000000 
3154 0.000000 
3155 -0.000000 
3156 0.000000 
3157 -0.000000 
3158 0.000000 
3159 -0.000000 
3160 0.000000 
3161 -0.000000 
3162 0.000000 
3163 -0.000000 
3164 0.000000 
3165 -0.000000 
3166 0.000000 
3167 -0.000000 
3168 0.000000 
3169 -0.000000 
3170 0.000000 
3171 -0.000000 
3172 0.000000 
3173 -0.000000 
3174 0.000000 
3175 -0.000000 
3176 0.000000 
3177 -0.000000 
3178 0.000000 
3179 -0.000000 
3180 0.000000 
3181 -0.000000 
3182 0.000000 
3183 -0.000000 
3184 0.000000 
3185 -0.000000 
3186 0.000000 
3187 -0.000000 
3188 0.000000 
3189 -0.000000 
3190 0.000000 
3191 -0.000000 
3192 0.000000 
3193 -0.000000 
3194 0.000000 
3195 -0.000000 
3196 0.000000 
3197 -0.000000 
3198 0.000000 
3199 -0.000000 
3200 0.000000 
3201 -0.000000 
3202 0.000000 
3203 -0.000000 
3204 0.000000 
3205 -0.000000 
3206 0.000000 
3207 -0.000000 
3208 0.000000 
3209 -0.000000 
3210 0.000000 
3211 -0.000000 
3212 0.000000 
3213 -0.000000 
3214 0.000000 
3215 -0.000000 
3216 0.000000 
3217 -0.000000 
3218 0.000000 
3219 -0.000000 
3220 0.000000 
3221 -0.000000 
3222 0.000000 
3223 -0.000000 
3224 0.000000 
3225 -0.000000 
3226 0.000000 
3227 -0.000000 
3228 0.000000 
3229 -0.000000 
3230 0.000000 
3231 -0.000000 
3232 0.000000 
3233 -0.000000 
3234 0.000000 
3235 -0.000000 
3236 0.000000 
3237 -0.000000 
3238 0.000000 
3239 -0.000000 
3240 0.000000 
3241 -0.000000 
3242 0.000000 
3243 -0.000000 
3244 0.000000 
3245 -0.000000 
3246 0.000000 
3247 0.000000 
3248 -0.000000 
3249 0.000000 
3250 -0.000000 
3251 0.000000 
3252 -0.000000 
3253 0.000000 
3254 -0.000000 
3255 0.000000 
3256 -0.000000 
3257 0.000000 
3258 -0.000000 
3259 0.000000 
3260 -0.000000 
3261 0.000000 
3262 -0.000000 
3263 0.000000 
3264 -0.000000 
3265 0.000000 
3266 -0.000000 
3267 0.000000 
3268 -0.000000 
3269 0.000000 
3270 -0.000000 
3271 0.000000 
3272 -0.000000 
3273 0.000000 
3274 -0.000000 
3275 0.000000 
3276 -0.000000 
3277 0.000000 
3278 -0.000000 
3279 0.000000 
3280 -0.000000 
3281 0.000000 
3282 -0.000000 
3283 0.000000 
3284 -0.000000 
3285 0.000000 
3286 -0.000000 
3287 0.000000 
3288 -0.000000 
3289 0.000000 
3290 -0.000000 
3291 0.000000 
3292 -0.000000 
3293 0.000000 
3294 -0.000000 
3295 0.000000 
3296 -0.000000 
3297 0.000000 
3298 -0.000000 
3299 0.000000 
3300 -0.000000 
3301 0.000000 
3302 -0.000000 
3303 0.000000 
3304 -0.000000 
3305 0.000000 
3306 -0.000000 
3307 0.000000 
3308 -0.000000 
3309 0.000000 
3310 -0.000000 
3311 0.000000 
3312 -0.000000 
3313 0.000000 
3314 -0.000000 
3315 0.000000 
3316 -0.000000 
3317 0.000000 
3318 -0.000000 
3319 0.000000 
3320 -0.000000 
3321 0.000000 
3322 -0.000000 
3323 0.000000 
3324 -0.000000 
3325 0.000000 
3326 -0.000000 
3327 0.000000 
3328 -0.000000 
3329 0.000000 
3330 -0.000000 
3331 0.000000 
3332 -0.000000 
3333 0.000000 
3334 -0.000000 
3335 0.000000 
3336 -0.000000 
3337 0.000000 
3338 -0.000000 
3339 0.000000 
3340 -0.000000 
3341 0.000000 
3342 -0.000000 
3343 0.000000 
3344 -0.000000 
3345 0.000000 
3346 -0.000000 
3347 0.000000 
3348 -0.000000 
3349 0.000000 
3350 -0.000000 
3351 0.000000 
3352 -0.000000 
3353 0.000000 
3354 -0.000000 
3355 0.000000 
3356 -0.000000 
3357 0.000000 
3358 -0.000000 
3359 0.000000 
3360 -0.000000 
3361 0.000000 
3362 -0.000000 
3363 0.000000 
3364 -0.000000 
3365 0.000000 
3366 -0.000000 
3367 0.000000 
3368 -0.000000 
3369 0.000000 
3370 -0.000000 
3371 0.000000 
3372 -0.000000 
3373 0.000000 
3374 -0.000000 
3375 0.000000 
3376 -0.000000 
3377 0.000000 
3378 0.000000 
3379 -0.000000 
3380 0.000000 
3381 -0.000000 
3382 0.000000 
3383 -0.000000 
3384 0.000000 
3385 -0.000000 
3386 0.000000 
3387 -0.000000 
3388 0.000000 
3389 -0.000000 
3390 0.000000 
3391 -0.000000 
3392 0.000000 
3393 -0.000000 
3394 0.000000 
3395 -0.000000 
3396 0.000000 
3397 -0.000000 
3398 0.000000 
3399 -0.000000 
3400 0.000000 
3401 -0.000000 
3402 0.000000 
3403 -0.000000 
3404 0.000000 
3405 -0.000000 
3406 0.000000 
3407 -0.000000 
3408 0.000000 
3409 -0.000000 
3410 0.000000 
3411 -0.000000 
3412 0.000000 
3413 -0.000000 
3414 0.000000 
3415 -0.000000 
3416 0.000000 
3417 -0.000000 
3418 0.000000 
3419 -0.000000 
3420 0.000000 
3421 -0.000000 
3422 0.000000 
3423 -0.000000 
3424 0.000000 
3425 -0.000000 
3426 0.000000 
3427 -0.000000 
3428 0.000000 
3429 -0.000000 
3430 0.000000 
3431 -0.000000 
3432 0.000000 
3433 -0.000000 
3434 0.000000 
3435 -0.000000 
3436 0.000000 
3437 -0.000000 
3438 0.000000 
3439 -0.000000 
3440 0.000000 
3441 -0.000000 
3442 0.000000 
3443 -0.000000 
3444 0.000000 
3445 -0.000000 
3446 0.000000 
3447 -0.000000 
3448 0.000000 
3449 -0.000000 
3450 0.000000 
3451 -0.000000 
3452 0.000000 
3453 -0.000000 
3454 0.000000 
3455 -0.000000 
3456 0.000000 
3457 -0.000000 
3458 0.000000 
3459 -0.000000 
3460 0.000000 
3461 -0.000000 
3462 0.000000 
3463 -0.000000 
3464 0.000000 
3465 -0.000000 
3466 0.000000 
3467 -0.000000 
3468 0.000000 
3469 -0.000000 
3470 0.000000 
3471 -0.000000 
3472 0.000000 
3473 -0.000000 
3474 0.000000 
3475 -0.000000 
3476 0.000000 
3477 -0.000000 
3478 0.000000 
3479 -0.000000 
3480 0.000000 
3481 -0.000000 
3482 0.000000 
3483 -0.000000 
3484 0.000000 
3485 -0.000000 
3486 0.000000 
3487 -0.000000 
3488 0.000000 
3489 -0.000000 
3490 0.000000 
3491 -0.000000 
3492 0.000000 
3493 -0.000000 
3494 0.000000 
3495 -0.000000 
3496 0.000000 
3497 -0.000000 
3498 0.000000 
3499 -0.000000 
3500 0.000000 
3501 -0.000000 
3502 0.000000 
3503 -0.000000 
3504 0.000000 
3505 -0.000000 
3506 0.000000 
3507 -0.000000 
3508 0.000000 
3509 0.000000 
3510 -0.000000 
3511 0.000000 
3512 -0.000000 
3513 0.000000 
3514 -0.000000 
3515 0.000000 
3516 -0.000000 
3517 0.000000 
3518 -0.000000 
3519 0.000000 
3520 -0.000000 
3521 0.000000 
3522 -0.000000 
3523 0.000000 
3524 -0.000000 
3525 0.000000 
3526 -0.000000 
3527 0.000000 
3528 -0.000000 
3529 0.000000 
3530 -0.000000 
3531 0.000000 
3532 -0.000000 
3533 0.000000 
3534 -0.000000 
3535 0.000000 
3536 -0.000000 
3537 0.000000 
3538 -0.000000 
3539 0.000000 
3540 -0.000000 
3541 0.000000 
3542 -0.000000 
3543 0.000000 
3544 -0.000000 
3545 0.000000 
3546 -0.000000 
3547 0.000000 
3548 -0.000000 
3549 0.000000 
3550 -0.000000 
3551 0.000000 
3552 -0.000000 
3553 0.000000 
3554 -0.000000 
3555 0.000000 
3556 -0.000000 
3557 0.000000 
3558 -0.000000 
3559 0.000000 
3560 -0.000000 
3561 0.000000 
3562 -0.000000 
3563 0.000000 
3564 -0.000000 
3565 0.000000 
3566 -0.000000 
3567 0.000000 
3568 -0.000000 
3569 0.000000 
3570 -0.000000 
3571 0.000000 
3572 -0.000000 
3573 0.000000 
3574 -0.000000 
3575 0.000000 
3576 -0.000000 
3577 0.000000 
3578 -0.000000 
3579 0.000000 
3580 -0.000000 
3581 0.000000 
3582 -0.000000 
3583 0.000000 
3584 -0.000000 
3585 0.000000 
3586 -0.000000 
3587 0.000000 
3588 -0.000000 
3589 0.000000 
3590 -0.000000 
3591 0.000000 
3592 -0.000000 
3593 0.000000 
3594 -0.000000 
3595 0.000000 
3596 -0.000000 
3597 0.000000 
3598 -0.000000 
3599 0.000000 
3600 -0.000000 
3601 0.000000 
3602 -0.000000 
3603 0.000000 
3604 -0.000000 
3605 0.000000 
3606 -0.000000 
3607 0.000000 
3608 -0.000000 
3609 0.000000 
3610 -0.000000 
3611 0.000000 
3612 -0.000000 
3613 0.000000 
3614 -0.000000 
3615 0.000000 
3616 -0.000000 
3617 0.000000 
3618 -0.000000 
3619 0.000000 
3620 -0.000000 
3621 0.000000 
3622 -0.000000 
3623 0.000000 
3624 -0.000000 
3625 0.000000 
3626 -0.000000 
3627 0.000000 
3628 -0.000000 
3629 0.000000 
3630 -0.000000 
3631 0.000000 
3632 -0.000000 
3633 0.000000 
3634 0.000000 
3635 -0.000000 
3636 0.000000 
3637 -0.000000 
3638 0.000000 
3639 -0.000000 
3640 0.000000 
3641 -0.000000 
3642 0.000000 
3643 -0.000000 
3644 0.000000 
3645 -0.000000 
3646 0.000000 
3647 -0.000000 
3648 0.000000 
3649 -0.000000 
3650 0.000000 
3651 -0.000000 
3652 0.000000 
3653 -0.000000 
3654 0.000000 
3655 -0.000000 
3656 0.000000 
3657 -0.000000 
3658 0.000000 
3659 -0.000000 
3660 0.000000 
3661 -0.000000 
3662 0.000000 
3663 -0.000000 
3664 0.000000 
3665 -0.000000 
3666 0.000000 
3667 -0.000000 
3668 0.000000 
3669 -0.000000 
3670 0.000000 
3671 -0.000000 
3672 0.000000 
3673 -0.000000 
3674 0.000000 
3675 -0.000000 
3676 0.000000 
3677 -0.000000 
3678 0.000000 
3679 -0.000000 
3680 0.000000 
3681 -0.000000 
3682 0.000000 
3683 -0.000000 
3684 0.000000 
3685 -0.000000 
3686 0.000000 
3687 -0.000000 
3688 0.000000 
3689 -0.000000 
3690 0.000000 
3691 -0.000000 
3692 0.000000 
3693 -0.000000 
3694 0.000000 
3695 0.000000 
3696 -0.000000 
3697 0.000000 
3698 -0.000000 
3699 0.000000 
3700 -0.000000 
3701 0.000000 
3702 -0.000000 
3703 0.000000 
3704 -0.000000 
3705 0.000000 
3706 -0.000000 
3707 0.000000 
3708 -0.000000 
3709 0.000000 
3710 -0.000000 
3711 0.000000 
3712 -0.000000 
3713 0.000000 
3714 -0.000000 
3715 0.000000 
3716 -0.000000 
3717 0.000000 
3718 -0.000000 
3719 0.000000 
3720 -0.000000 
3721 0.000000 
3722 -0.000000 
3723 0.000000 
3724 -0.000000 
3725 0.000000 
3726 -0.000000 
3727 0.000000 
3728 -0.000000 
3729 0.000000 
3730 -0.000000 
3731 0.000000 
3732 -0.000000 
3733 0.000000 
3734 -0.000000 
3735 0.000000 
3736 -0.000000 
3737 0.000000 
3738 -0.000000 
3739 0.000000 
3740 -0.000000 
3741 0.000000 
3742 -0.000000 
3743 0.000000 
3744 -0.000000 
3745 0.000000 
3746 -0.000000 
3747 0.000000 
3748 -0.000000 
3749 0.000000 
3750 -0.000000 
3751 0.000000 
3752 -0.000000 
3753 0.000000 
3754 -0.000000 
3755 0.000000 
3756 -0.000000 
3757 0.000000 
3758 -0.000000 
3759 0.000000 
3760 -0.000000 
3761 0.000000 
3762 -0.000000 
3763 0.000000 
3764 -0.000000 
3765 0.000000 
3766 -0.000000 
3767 0.000000 
3768 -0.000000 
3769 0.000000 
3770 -0.000000 
3771 0.000000 
3772 -0.000000 
3773 0.000000 
3774 -0.000000 
3775 -0.000000 
3776 0.000000 
3777 -0.000000 
3778 0.000000 
3779 -0.000000 
3780 0.000000 
3781 -0.000000 
3782 0.000000 
3783 -0.000000 
3784 0.000000 
3785 -0.000000 
3786 0.000000 
3787 -0.000000 
3788 0.000000 
3789 -0.000000 
3790 0.000000 
3791 -0.000000 
3792 0.000000 
3793 -0.000000 
3794 0.000000 
3795 -0.000000 
3796 0.000000 
3797 -0.000000 
3798 0.000000 
3799 -0.000000 
3800 0.000000 
3801 -0.000000 
3802 0.000000 
3803 -0.000000 
3804 0.000000 
3805 -0.000000 
3806 0.000000 
3807 -0.000000 
3808 0.000000 
3809 -0.000000 
3810 0.000000 
3811 -0.000000 
3812 0.000000 
3813 -0.000000 
3814 0.000000 
3815 -0.000000 
3816 0.000000 
3817 -0.000000 
3818 0.000000 
3819 -0.000000 
3820 0.000000 
3821 -0.000000 
3822 0.000000 
3823 -0.000000 
3824 0.000000 
3825 -0.000000 
3826 0.000000 
3827 -0.000000 
3828 0.000000 
3829 -0.000000 
3830 0.000000 
3831 -0.000000 
3832 0.000000 
3833 -0.000000 
3834 0.000000 
3835 -0.000000 
3836 0.000000 
3837 -0.000000 
3838 0.000000 
3839 -0.000000 
3840 0.000000 
3841 -0.000000 
3842 0.000000 
3843 -0.000000 
3844 0.000000 
3845 -0.000000 
3846 0.000000 
3847 -0.000000 
3848 0.000000 
3849 -0.000000 
3850 -0.000000 
3851 0.000000 
3852 -0.000000 
3853 0.000000 
3854 -0.000000 
3855 0.000000 
3856 -0.000000 
3857 0.000000 
3858 -0.000000 
3859 0.000000 
3860 -0.000000 
3861 0.000000 
3862 -0.000000 
3863 0.000000 
3864 -0.000000 
3865 0.000000 
3866 -0.000000 
3867 0.000000 
3868 -0.000000 
3869 0.000000 
3870 -0.000000 
3871 0.000000 
3872 -0.000000 
3873 0.000000 
3874 -0.000000 
3875 0.000000 
3876 -0.000000 
3877 0.000000 
3878 -0.000000 
3879 0.000000 
3880 -0.000000 
3881 0.000000 
3882 -0.000000 
3883 0.000000 
3884 -0.000000 
3885 -0.000000 
3886 0.000000 
3887 -0.000000 
3888 0.000000 
3889 -0.000000 
3890 0.000000 
3891 -0.000000 
3892 0.000000 
3893 -0.000000 
3894 0.000000 
3895 -0.000000 
3896 0.000000 
3897 -0.000000 
3898 0.000000 
3899 -0.000000 
3900 0.000000 
3901 -0.000000 
3902 0.000000 
3903 -0.000000 
3904 0.000000 
3905 -0.000000 
3906 0.000000 
3907 -0.000000 
3908 0.000000 
3909 -0.000000 
3910 0.000000 
3911 -0.000000 
3912 0.000000 
3913 -0.000000 
3914 0.000000 
3915 -0.000000 
3916 0.000000 
3917 -0.000000 
3918 0.000000 
3919 -0.000000 
3920 0.000000 
3921 -0.000000 
3922 0.000000 
3923 -0.000000 
3924 0.000000 
3925 -0.000000 
3926 0.000000 
3927 -0.000000 
3928 0.000000 
3929 -0.000000 
3930 0.000000 
3931 -0.000000 
3932 0.000000 
3933 -0.000000 
3934 0.000000 
3935 -0.000000 
3936 0.000000 
3937 -0.000000 
3938 0.000000 
3939 -0.000000 
3940 0.000000 
3941 -0.000000 
3942 0.000000 
3943 -0.000000 
3944 0.000000 
3945 -0.000000 
3946 0.000000 
3947 -0.000000 
3948 0.000000 
3949 -0.000000 
3950 0.000000 
3951 -0.000000 
3952 0.000000 
3953 -0.000000 
3954 0.000000 
3955 -0.000000 
3956 0.000000 
3957 -0.000000 
3958 0.000000 
3959 -0.000000 
3960 0.000000 
3961 -0.000000 
3962 0.000000 
3963 -0.000000 
3964 0.000000 
3965 -0.000000 
3966 0.000000 
3967 -0.000000 
3968 0.000000 
3969 -0.000000 
3970 0.000000 
3971 -0.000000 
3972 0.000000 
3973 -0.000000 
3974 0.000000 
3975 -0.000000 
3976 0.000000 
3977 -0.000000 
3978 0.000000 
3979 -0.000000 
3980 0.000000 
3981 -0.000000 
3982 0.000000 
3983 -0.000000 
3984 0.000000 
3985 -0.000000 
3986 0.000000 
3987 -0.000000 
3988 0.000000 
3989 -0.000000 
3990 0.000000 
3991 -0.000000 
3992 0.000000 
3993 -0.000000 
3994 0.000000 
3995 -0.000000 
3996 0.000000 
3997 -0.000000 
3998 0.000000 
3999 -0.000000 
4000 0.000000 
