0 0.000000 
1 -0.000000 
2 0.000000 
3 -0.000000 
4 0.000000 
5 -0.000000 
6 0.000000 
7 -0.000000 
8 0.000000 
9 -0.000000 
10 0.000000 
11 -0.000000 
12 0.000000 
13 -0.000000 
14 0.000000 
15 -0.000000 
16 0.000000 
17 -0.000000 
18 0.000000 
19 -0.000000 
20 0.000000 
21 -0.000000 
22 -0.000000 
23 0.000000 
24 -0.000000 
25 0.000000 
26 -0.000000 
27 0.000000 
28 -0.000000 
29 0.000000 
30 -0.000000 
31 0.000000 
32 -0.000000 
33 0.000000 
34 -0.000000 
35 0.000000 
36 -0.000000 
37 0.000000 
38 -0.000000 
39 0.000000 
40 -0.000000 
41 0.000000 
42 -0.000000 
43 0.000000 
44 -0.000000 
45 0.000000 
46 -0.000000 
47 0.000000 
48 -0.000000 
49 0.000000 
50 -0.000000 
51 0.000000 
52 -0.000000 
53 0.000000 
54 -0.000000 
55 0.000000 
56 -0.000000 
57 0.000000 
58 -0.000000 
59 0.000000 
60 -0.000000 
61 0.000000 
62 -0.000000 
63 0.000000 
64 -0.000000 
65 0.000000 
66 -0.000000 
67 0.000000 
68 -0.000000 
69 0.000000 
70 -0.000000 
71 0.000000 
72 -0.000000 
73 0.000000 
74 -0.000000 
75 0.000000 
76 -0.000000 
77 0.000000 
78 -0.000000 
79 0.000000 
80 -0.000000 
81 0.000000 
82 -0.000000 
83 0.000000 
84 -0.000000 
85 0.000000 
86 -0.000000 
87 0.000000 
88 -0.000000 
89 0.000000 
90 -0.000000 
91 0.000000 
92 -0.000000 
93 0.000000 
94 -0.000000 
95 0.000000 
96 -0.000000 
97 0.000000 
98 -0.000000 
99 0.000000 
100 -0.000000 
101 0.000000 
102 -0.000000 
103 0.000000 
104 -0.000000 
105 0.000000 
106 -0.000000 
107 0.000000 
108 -0.000000 
109 0.000000 
110 -0.000000 
111 0.000000 
112 -0.000000 
113 0.000000 
114 -0.000000 
115 0.000000 
116 -0.000000 
117 0.000000 
118 -0.000000 
119 0.000000 
120 -0.000000 
121 0.000000 
122 -0.000000 
123 0.000000 
124 -0.000000 
125 0.000000 
126 -0.000000 
127 0.000000 
128 -0.000000 
129 0.000000 
130 -0.000000 
131 0.000000 
132 -0.000000 
133 0.000000 
134 -0.000000 
135 0.000000 
136 -0.000000 
137 0.000000 
138 -0.000000 
139 0.000000 
140 -0.000000 
141 0.000000 
142 -0.000000 
143 0.000000 
144 -0.000000 
145 0.000000 
146 -0.000000 
147 0.000000 
148 -0.000000 
149 0.000000 
150 -0.000000 
151 0.000000 
152 -0.000000 
153 0.000000 
154 -0.000000 
155 0.000000 
156 -0.000000 
157 0.000000 
158 -0.000000 
159 0.000000 
160 -0.000000 
161 0.000000 
162 -0.000000 
163 0.000000 
164 -0.000000 
165 0.000000 
166 -0.000000 
167 0.000000 
168 -0.000000 
169 0.000000 
170 -0.000000 
171 0.000000 
172 -0.000000 
173 0.000000 
174 0.000000 
175 -0.000000 
176 0.000000 
177 -0.000000 
178 0.000000 
179 -0.000000 
180 0.000000 
181 -0.000000 
182 0.000000 
183 -0.000000 
184 0.000000 
185 -0.000000 
186 0.000000 
187 -0.000000 
188 0.000000 
189 -0.000000 
190 0.000000 
191 -0.000000 
192 0.000000 
193 -0.000000 
194 0.000000 
195 -0.000000 
196 0.000000 
197 -0.000000 
198 0.000000 
199 -0.000000 
200 0.000000 
201 -0.000000 
202 0.000000 
203 -0.000000 
204 0.000000 
205 -0.000000 
206 0.000000 
207 -0.000000 
208 0.000000 
209 -0.000000 
210 0.000000 
211 -0.000000 
212 0.000000 
213 -0.000000 
214 0.000000 
215 -0.000000 
216 -0.000000 
217 0.000000 
218 -0.000000 
219 0.000000 
220 -0.000000 
221 0.000000 
222 -0.000000 
223 0.000000 
224 -0.000000 
225 0.000000 
226 -0.000000 
227 0.000000 
228 -0.000000 
229 0.000000 
230 -0.000000 
231 0.000000 
232 -0.000000 
233 0.000000 
234 -0.000000 
235 0.000000 
236 -0.000000 
237 0.000000 
238 -0.000000 
239 0.000000 
240 -0.000000 
241 -0.000000 
242 0.000000 
243 -0.000000 
244 0.000000 
245 -0.000000 
246 0.000000 
247 -0.000000 
248 0.000000 
249 -0.000000 
250 0.000000 
251 -0.000000 
252 0.000000 
253 -0.000000 
254 0.000000 
255 -0.000000 
256 0.000000 
257 -0.000000 
258 0.000000 
259 -0.000000 
260 0.000000 
261 -0.000000 
262 0.000000 
263 -0.000000 
264 0.000000 
265 -0.000000 
266 0.000000 
267 -0.000000 
268 0.000000 
269 -0.000000 
270 0.000000 
271 -0.000000 
272 0.000000 
273 -0.000000 
274 0.000000 
275 -0.000000 
276 0.000000 
277 -0.000000 
278 0.000000 
279 -0.000000 
280 0.000000 
281 -0.000000 
282 0.000000 
283 -0.000000 
284 0.000000 
285 -0.000000 
286 0.000000 
287 -0.000000 
288 0.000000 
289 -0.000000 
290 0.000000 
291 -0.000000 
292 0.000000 
293 -0.000000 
294 0.000000 
295 -0.000000 
296 0.000000 
297 -0.000000 
298 0.000000 
299 -0.000000 
300 0.000000 
301 -0.000000 
302 0.000000 
303 -0.000000 
304 0.000000 
305 -0.000000 
306 0.000000 
307 -0.000000 
308 0.000000 
309 -0.000000 
310 0.000000 
311 -0.000000 
312 0.000000 
313 -0.000000 
314 0.000000 
315 -0.000000 
316 0.000000 
317 -0.000000 
318 0.000000 
319 -0.000000 
320 0.000000 
321 -0.000000 
322 0.000000 
323 -0.000000 
324 0.000000 
325 -0.000000 
326 0.000000 
327 -0.000000 
328 0.000000 
329 -0.000000 
330 0.000000 
331 -0.000000 
332 0.000000 
333 -0.000000 
334 0.000000 
335 -0.000000 
336 0.000000 
337 -0.000000 
338 0.000000 
339 -0.000000 
340 0.000000 
341 -0.000000 
342 0.000000 
343 -0.000000 
344 0.000000 
345 -0.000000 
346 0.000000 
347 -0.000000 
348 -0.000000 
349 0.000000 
350 -0.000000 
351 0.000000 
352 -0.000000 
353 0.000000 
354 -0.000000 
355 0.000000 
356 -0.000000 
357 0.000000 
358 -0.000000 
359 0.000000 
360 -0.000000 
361 0.000000 
362 -0.000000 
363 0.000000 
364 -0.000000 
365 0.000000 
366 -0.000000 
367 0.000000 
368 -0.000000 
369 0.000000 
370 -0.000000 
371 0.000000 
372 -0.000000 
373 0.000000 
374 -0.000000 
375 0.000000 
376 -0.000000 
377 0.000000 
378 -0.000000 
379 0.000000 
380 -0.000000 
381 -0.000000 
382 0.000000 
383 -0.000000 
384 0.000000 
385 -0.000000 
386 0.000000 
387 -0.000000 
388 0.000000 
389 -0.000000 
390 0.000000 
391 -0.000000 
392 0.000000 
393 -0.000000 
394 0.000000 
395 -0.000000 
396 0.000000 
397 -0.000000 
398 0.000000 
399 -0.000000 
400 0.000000 
401 -0.000000 
402 0.000000 
403 -0.000000 
404 0.000000 
405 -0.000000 
406 0.000000 
407 -0.000000 
408 -0.000000 
409 0.000000 
410 -0.000000 
411 0.000000 
412 -0.000000 
413 0.000000 
414 -0.000000 
415 0.000000 
416 -0.000000 
417 0.000000 
418 -0.000000 
419 0.000000 
420 -0.000000 
421 0.000000 
422 -0.000000 
423 0.000000 
424 -0.000000 
425 0.000000 
426 -0.000000 
427 0.000000 
428 -0.000000 
429 0.000000 
430 -0.000000 
431 0.000000 
432 -0.000000 
433 0.000000 
434 -0.000000 
435 0.000000 
436 -0.000000 
437 0.000000 
438 -0.000000 
439 0.000000 
440 -0.000000 
441 0.000000 
442 -0.000000 
443 0.000000 
444 -0.000000 
445 0.000000 
446 -0.000000 
447 0.000000 
448 -0.000000 
449 0.000000 
450 -0.000000 
451 0.000000 
452 -0.000000 
453 0.000000 
454 -0.000000 
455 0.000000 
456 -0.000000 
457 0.000000 
458 -0.000000 
459 0.000000 
460 -0.000000 
461 0.000000 
462 -0.000000 
463 0.000000 
464 -0.000000 
465 0.000000 
466 -0.000000 
467 0.000000 
468 0.000000 
469 -0.000000 
470 0.000000 
471 -0.000000 
472 0.000000 
473 -0.000000 
474 0.000000 
475 -0.000000 
476 0.000000 
477 -0.000000 
478 0.000000 
479 -0.000000 
480 0.000000 
481 -0.000000 
482 0.000000 
483 -0.000000 
484 0.000000 
485 -0.000000 
486 0.000000 
487 -0.000000 
488 0.000000 
489 -0.000000 
490 0.000000 
491 -0.000000 
492 0.000000 
493 -0.000000 
494 0.000000 
495 -0.000000 
496 0.000000 
497 -0.000000 
498 0.000000 
499 -0.000000 
500 0.000000 
501 -0.000000 
502 0.000000 
503 -0.000000 
504 0.000000 
505 -0.000000 
506 0.000000 
507 -0.000000 
508 0.000000 
509 -0.000000 
510 0.000000 
511 -0.000000 
512 0.000000 
513 -0.000000 
514 0.000000 
515 -0.000000 
516 0.000000 
517 -0.000000 
518 0.000000 
519 -0.000000 
520 0.000000 
521 -0.000000 
522 0.000000 
523 -0.000000 
524 0.000000 
525 -0.000000 
526 0.000000 
527 -0.000000 
528 0.000000 
529 -0.000000 
530 -0.000000 
531 0.000000 
532 -0.000000 
533 0.000000 
534 -0.000000 
535 0.000000 
536 -0.000000 
537 0.000000 
538 -0.000000 
539 0.000000 
540 -0.000000 
541 0.000000 
542 -0.000000 
543 0.000000 
544 -0.000000 
545 0.000000 
546 -0.000000 
547 0.000000 
548 -0.000000 
549 0.000000 
550 -0.000000 
551 0.000000 
552 -0.000000 
553 0.000000 
554 0.000000 
555 -0.000000 
556 0.000000 
557 -0.000000 
558 0.000000 
559 -0.000000 
560 0.000000 
561 -0.000000 
562 0.000000 
563 -0.000000 
564 0.000000 
565 -0.000000 
566 0.000000 
567 -0.000000 
568 0.000000 
569 -0.000000 
570 0.000000 
571 -0.000000 
572 0.000000 
573 -0.000000 
574 0.000000 
575 -0.000000 
576 0.000000 
577 -0.000000 
578 0.000000 
579 -0.000000 
580 0.000000 
581 -0.000000 
582 0.000000 
583 -0.000000 
584 0.000000 
585 -0.000000 
586 0.000000 
587 -0.000000 
588 0.000000 
589 -0.000000 
590 0.000000 
591 -0.000000 
592 0.000000 
593 -0.000000 
594 0.000000 
595 -0.000000 
596 0.000000 
597 -0.000000 
598 0.000000 
599 -0.000000 
600 0.000000 
601 -0.000000 
602 0.000000 
603 -0.000000 
604 0.000000 
605 -0.000000 
606 0.000000 
607 -0.000000 
608 0.000000 
609 -0.000000 
610 0.000000 
611 -0.000000 
612 0.000000 
613 -0.000000 
614 0.000000 
615 -0.000000 
616 0.000000 
617 -0.000000 
618 0.000000 
619 -0.000000 
620 0.000000 
621 -0.000000 
622 0.000000 
623 -0.000000 
624 0.000000 
625 -0.000000 
626 0.000000 
627 -0.000000 
628 0.000000 
629 -0.000000 
630 0.000000 
631 -0.000000 
632 0.000000 
633 -0.000000 
634 0.000000 
635 -0.000000 
636 -0.000000 
637 0.000000 
638 -0.000000 
639 0.000000 
640 -0.000000 
641 0.000000 
642 -0.000000 
643 0.000000 
644 -0.000000 
645 0.000000 
646 -0.000000 
647 0.000000 
648 -0.000000 
649 0.000000 
650 -0.000000 
651 0.000000 
652 -0.000000 
653 0.000000 
654 -0.000000 
655 0.000000 
656 -0.000000 
657 0.000000 
658 -0.000000 
659 0.000000 
660 -0.000000 
661 0.000000 
662 -0.000000 
663 0.000000 
664 -0.000000 
665 0.000000 
666 -0.000000 
667 0.000000 
668 -0.000000 
669 0.000000 
670 -0.000000 
671 0.000000 
672 -0.000000 
673 0.000000 
674 -0.000000 
675 0.000000 
676 -0.000000 
677 0.000000 
678 -0.000000 
679 0.000000 
680 -0.000000 
681 0.000000 
682 -0.000000 
683 0.000000 
684 -0.000000 
685 0.000000 
686 -0.000000 
687 0.000000 
688 0.000000 
689 -0.000000 
690 0.000000 
691 -0.000000 
692 0.000000 
693 -0.000000 
694 0.000000 
695 -0.000000 
696 0.000000 
697 -0.000000 
698 0.000000 
699 -0.000000 
700 0.000000 
701 -0.000000 
702 0.000000 
703 -0.000000 
704 0.000000 
705 -0.000000 
706 0.000000 
707 -0.000000 
708 0.000000 
709 -0.000000 
710 0.000000 
711 -0.000000 
712 0.000000 
713 -0.000000 
714 0.000000 
715 -0.000000 
716 0.000000 
717 -0.000000 
718 0.000000 
719 -0.000000 
720 0.000000 
721 -0.000000 
722 0.000000 
723 -0.000000 
724 0.000000 
725 -0.000000 
726 0.000000 
727 -0.000000 
728 0.000000 
729 -0.000000 
730 0.000000 
731 -0.000000 
732 0.000000 
733 -0.000000 
734 0.000000 
735 -0.000000 
736 0.000000 
737 -0.000000 
738 0.000000 
739 -0.000000 
740 0.000000 
741 -0.000000 
742 0.000000 
743 -0.000000 
744 0.000000 
745 -0.000000 
746 0.000000 
747 -0.000000 
748 0.000000 
749 -0.000000 
750 0.000000 
751 -0.000000 
752 0.000000 
753 -0.000000 
754 0.000000 
755 -0.000000 
756 0.000000 
757 -0.000000 
758 0.000000 
759 -0.000000 
760 0.000000 
761 -0.000000 
762 0.000000 
763 -0.000000 
764 0.000000 
765 -0.000000 
766 0.000000 
767 -0.000000 
768 0.000000 
769 -0.000000 
770 0.000000 
771 -0.000000 
772 0.000000 
773 -0.000000 
774 0.000000 
775 -0.000000 
776 0.000000 
777 -0.000000 
778 0.000000 
779 -0.000000 
780 0.000000 
781 -0.000000 
782 0.000000 
783 -0.000000 
784 0.000000 
785 -0.000000 
786 0.000000 
787 -0.000000 
788 0.000000 
789 -0.000000 
790 0.000000 
791 -0.000000 
792 0.000000 
793 -0.000000 
794 0.000000 
795 -0.000000 
796 0.000000 
797 -0.000000 
798 0.000000 
799 -0.000000 
800 0.000000 
801 -0.000000 
802 0.000000 
803 -0.000000 
804 0.000000 
805 -0.000000 
806 0.000000 
807 -0.000000 
808 0.000000 
809 -0.000000 
810 0.000000 
811 -0.000000 
812 0.000000 
813 -0.000000 
814 0.000000 
815 -0.000000 
816 0.000000 
817 -0.000000 
818 0.000000 
819 0.000000 
820 -0.000000 
821 0.000000 
822 -0.000000 
823 0.000000 
824 -0.000000 
825 0.000000 
826 -0.000000 
827 0.000000 
828 -0.000000 
829 0.000000 
830 -0.000000 
831 0.000000 
832 -0.000000 
833 0.000000 
834 -0.000000 
835 0.000000 
836 -0.000000 
837 0.000000 
838 -0.000000 
839 0.000000 
840 -0.000000 
841 0.000000 
842 -0.000000 
843 0.000000 
844 -0.000000 
845 0.000000 
846 -0.000000 
847 0.000000 
848 -0.000000 
849 0.000000 
850 -0.000000 
851 0.000000 
852 -0.000000 
853 0.000000 
854 -0.000000 
855 0.000000 
856 -0.000000 
857 0.000000 
858 -0.000000 
859 0.000000 
860 -0.000000 
861 0.000000 
862 -0.000000 
863 0.000000 
864 -0.000000 
865 0.000000 
866 -0.000000 
867 0.000000 
868 -0.000000 
869 0.000000 
870 -0.000000 
871 0.000000 
872 -0.000000 
873 0.000000 
874 -0.000000 
875 0.000000 
876 -0.000000 
877 0.000000 
878 -0.000000 
879 0.000000 
880 -0.000000 
881 0.000000 
882 -0.000000 
883 0.000000 
884 -0.000000 
885 0.000000 
886 -0.000000 
887 0.000000 
888 -0.000000 
889 0.000000 
890 -0.000000 
891 0.000000 
892 -0.000000 
893 0.000000 
894 -0.000000 
895 0.000000 
896 -0.000000 
897 0.000000 
898 -0.000000 
899 0.000000 
900 -0.000000 
901 0.000000 
902 -0.000000 
903 0.000000 
904 -0.000000 
905 0.000000 
906 -0.000000 
907 0.000000 
908 -0.000000 
909 0.000000 
910 -0.000000 
911 0.000000 
912 -0.000000 
913 0.000000 
914 -0.000000 
915 0.000000 
916 -0.000000 
917 0.000000 
918 -0.000000 
919 0.000001 
920 -0.000001 
921 0.000001 
922 -0.000001 
923 0.000001 
924 -0.000001 
925 0.000001 
926 -0.000001 
927 0.000001 
928 -0.000001 
929 0.000001 
930 -0.000001 
931 0.000001 
932 -0.000001 
933 0.000001 
934 -0.000001 
935 0.000001 
936 -0.000001 
937 0.000001 
938 -0.000001 
939 0.000001 
940 -0.000001 
941 0.000000 
942 -0.000000 
943 0.000000 
944 -0.000000 
945 0.000000 
946 -0.000000 
947 0.000000 
948 0.000000 
949 -0.000000 
950 0.000000 
951 -0.000000 
952 0.000001 
953 -0.000001 
954 0.000001 
955 -0.000001 
956 0.000001 
957 -0.000001 
958 0.000002 
959 -0.000002 
960 0.000002 
961 -0.000002 
962 0.000002 
963 -0.000003 
964 0.000003 
965 -0.000003 
966 0.000004 
967 -0.000004 
968 0.000004 
969 -0.000004 
970 0.000005 
971 -0.000005 
972 0.000005 
973 -0.000006 
974 0.000006 
975 -0.000006 
976 0.000007 
977 -0.000007 
978 0.000008 
979 -0.000008 
980 0.000009 
981 -0.000009 
982 0.000010 
983 -0.000010 
984 0.000011 
985 -0.000011 
986 0.000012 
987 -0.000012 
988 0.000013 
989 -0.000014 
990 0.000015 
991 -0.000015 
992 0.000016 
993 -0.000017 
994 0.000018 
995 -0.000019 
996 0.000020 
997 -0.000021 
998 0.000022 
999 -0.000023 
1000 0.000024 
1001 -0.000025 
1002 0.000026 
1003 -0.000028 
1004 0.000029 
1005 -0.000030 
1006 0.000032 
1007 -0.000033 
1008 0.000035 
1009 -0.000037 
1010 0.000038 
1011 -0.000040 
1012 0.000042 
1013 -0.000044 
1014 0.000046 
1015 -0.000048 
1016 0.000050 
1017 -0.000052 
1018 0.000055 
1019 -0.000057 
1020 0.000060 
1021 -0.000062 
1022 0.000065 
1023 -0.000068 
1024 0.000071 
1025 -0.000074 
1026 0.000077 
1027 -0.000081 
1028 0.000084 
1029 -0.000088 
1030 0.000091 
1031 -0.000095 
1032 0.000099 
1033 -0.000103 
1034 0.000107 
1035 -0.000112 
1036 0.000116 
1037 -0.000121 
1038 0.000126 
1039 -0.000131 
1040 0.000136 
1041 -0.000141 
1042 0.000146 
1043 -0.000151 
1044 0.000156 
1045 -0.000161 
1046 0.000167 
1047 -0.000172 
1048 0.000177 
1049 -0.000182 
1050 0.000187 
1051 -0.000192 
1052 0.000196 
1053 -0.000201 
1054 0.000204 
1055 -0.000208 
1056 0.000210 
1057 -0.000213 
1058 0.000214 
1059 -0.000215 
1060 0.000215 
1061 -0.000214 
1062 0.000212 
1063 -0.000209 
1064 0.000204 
1065 -0.000198 
1066 0.000191 
1067 -0.000182 
1068 0.000171 
1069 -0.000159 
1070 0.000145 
1071 -0.000128 
1072 0.000110 
1073 -0.000090 
1074 0.000067 
1075 -0.000043 
1076 0.000016 
1077 0.000013 
1078 -0.000045 
1079 0.000079 
1080 -0.000115 
1081 0.000153 
1082 -0.000194 
1083 0.000237 
1084 -0.000282 
1085 0.000329 
1086 -0.000378 
1087 0.000430 
1088 -0.000483 
1089 0.000538 
1090 -0.000595 
1091 0.000654 
1092 -0.000714 
1093 0.000776 
1094 -0.000840 
1095 0.000905 
1096 -0.000972 
1097 0.001040 
1098 -0.001109 
1099 0.001180 
1100 -0.001252 
1101 0.001325 
1102 -0.001400 
1103 0.001476 
1104 -0.001553 
1105 0.001632 
1106 -0.001713 
1107 0.001795 
1108 -0.001879 
1109 0.001964 
1110 -0.002051 
1111 0.002141 
1112 -0.002232 
1113 0.002326 
1114 -0.002422 
1115 0.002520 
1116 -0.002621 
1117 0.002725 
1118 -0.002831 
1119 0.002941 
1120 -0.003054 
1121 0.003170 
1122 -0.003289 
1123 0.003412 
1124 -0.003539 
1125 0.003670 
1126 -0.003805 
1127 0.003944 
1128 -0.004088 
1129 0.004236 
1130 -0.004389 
1131 0.004547 
1132 -0.004710 
1133 0.004878 
1134 -0.005052 
1135 0.005232 
1136 -0.005418 
1137 0.005609 
1138 -0.005808 
1139 0.006012 
1140 -0.006224 
1141 0.006442 
1142 -0.006668 
1143 0.006901 
1144 -0.007142 
1145 0.007391 
1146 -0.007648 
1147 0.007913 
1148 -0.008186 
1149 0.008468 
1150 -0.008759 
1151 0.009058 
1152 -0.009366 
1153 0.009684 
1154 -0.010011 
1155 0.010347 
1156 -0.010692 
1157 0.011047 
1158 -0.011411 
1159 0.011784 
1160 -0.012166 
1161 0.012557 
1162 -0.012957 
1163 0.013365 
1164 -0.013781 
1165 0.014204 
1166 -0.014633 
1167 0.015069 
1168 -0.015509 
1169 0.015954 
1170 -0.016400 
1171 0.016848 
1172 -0.017295 
1173 0.017739 
1174 -0.018179 
1175 0.018611 
1176 -0.019034 
1177 0.019444 
1178 -0.019838 
1179 0.020212 
1180 -0.020562 
1181 0.020885 
1182 -0.021176 
1183 0.021429 
1184 -0.021640 
1185 0.021804 
1186 -0.021913 
1187 0.021962 
1188 -0.021945 
1189 0.021855 
1190 -0.021684 
1191 0.021426 
1192 -0.021073 
1193 0.020619 
1194 -0.020055 
1195 0.019374 
1196 -0.018568 
1197 0.017632 
1198 -0.016557 
1199 0.015338 
1200 -0.013968 
1201 0.012442 
1202 -0.010756 
1203 0.008904 
1204 -0.006883 
1205 0.004691 
1206 -0.002326 
1207 -0.000213 
1208 0.002925 
1209 -0.005809 
1210 0.008863 
1211 -0.012084 
1212 0.015468 
1213 -0.019010 
1214 0.022704 
1215 -0.026543 
1216 0.030519 
1217 -0.034626 
1218 0.038854 
1219 -0.043195 
1220 0.047640 
1221 -0.052179 
1222 0.056805 
1223 -0.061508 
1224 0.066279 
1225 -0.071110 
1226 0.075995 
1227 -0.080926 
1228 0.085896 
1229 -0.090901 
1230 0.095935 
1231 -0.100996 
1232 0.106081 
1233 -0.111187 
1234 0.116314 
1235 -0.121462 
1236 0.126631 
1237 -0.131825 
1238 0.137045 
1239 -0.142295 
1240 0.147579 
1241 -0.152901 
1242 0.158267 
1243 -0.163682 
1244 0.169151 
1245 -0.174683 
1246 0.180282 
1247 -0.185955 
1248 0.191709 
1249 -0.197551 
1250 0.203486 
1251 -0.209522 
1252 0.215665 
1253 -0.221921 
1254 0.228296 
1255 -0.234796 
1256 0.241425 
1257 -0.248190 
1258 0.255096 
1259 -0.262146 
1260 0.269347 
1261 -0.276702 
1262 0.284216 
1263 -0.291892 
1264 0.299735 
1265 -0.307749 
1266 0.315937 
1267 -0.324303 
1268 0.332852 
1269 -0.341585 
1270 0.350509 
1271 -0.359625 
1272 0.368938 
1273 -0.378453 
1274 0.388173 
1275 -0.398101 
1276 0.408243 
1277 -0.418603 
1278 0.429184 
1279 -0.439991 
1280 0.451028 
1281 -0.462300 
1282 0.473809 
1283 -0.485560 
1284 0.497556 
1285 -0.509798 
1286 0.522289 
1287 -0.535030 
1288 0.548019 
1289 -0.561254 
1290 0.574733 
1291 -0.588448 
1292 0.602392 
1293 -0.616552 
1294 0.630915 
1295 -0.645461 
1296 0.660168 
1297 -0.675008 
1298 0.689947 
1299 -0.704948 
1300 0.719963 
1301 -0.734942 
1302 0.749822 
1303 -0.764537 
1304 0.779008 
1305 -0.793151 
1306 0.806869 
1307 -0.820058 
1308 0.832603 
1309 -0.844378 
1310 0.855250 
1311 -0.865072 
1312 0.873693 
1313 -0.880948 
1314 0.886666 
1315 -0.890671 
1316 0.892776 
1317 -0.892794 
1318 0.890531 
1319 -0.885792 
1320 0.878384 
1321 -0.868113 
1322 0.854793 
1323 -0.838240 
1324 0.818282 
1325 -0.794758 
1326 0.767520 
1327 -0.736437 
1328 0.701395 
1329 -0.662302 
1330 0.619090 
1331 -0.571714 
1332 0.520156 
1333 -0.464427 
1334 0.404565 
1335 -0.340638 
1336 0.272746 
1337 -0.201015 
1338 0.125602 
1339 -0.046692 
1340 -0.035504 
1341 0.120750 
1342 -0.208790 
1343 0.299345 
1344 -0.392124 
1345 0.486818 
1346 -0.583113 
1347 0.680687 
1348 -0.779216 
1349 0.878378 
1350 -0.977857 
1351 1.077345 
1352 -1.176549 
1353 1.275191 
1354 -1.373010 
1355 1.469770 
1356 -1.565256 
1357 1.659281 
1358 -1.751682 
1359 1.842326 
1360 -1.931108 
1361 2.017951 
1362 -2.102807 
1363 2.185651 
1364 -2.266490 
1365 2.345350 
1366 -2.422283 
1367 2.497359 
1368 -2.570667 
1369 2.642314 
1370 -2.712417 
1371 2.781107 
1372 -2.848522 
1373 2.914807 
1374 -2.980109 
1375 3.044579 
1376 -3.108368 
1377 3.171623 
1378 -3.234490 
1379 3.297108 
1380 -3.359610 
1381 3.422124 
1382 -3.484770 
1383 3.547657 
1384 -3.610889 
1385 3.674561 
1386 -3.738757 
1387 3.803555 
1388 -3.869025 
1389 3.935228 
1390 -4.002220 
1391 4.070049 
1392 -4.138757 
1393 4.208380 
1394 -4.278950 
1395 4.350496 
1396 -4.423040 
1397 4.496604 
1398 -4.571203 
1399 4.646851 
1400 -4.723562 
1401 4.801342 
1402 -4.880198 
1403 4.960134 
1404 -5.041149 
1405 5.123240 
1406 -5.206401 
1407 5.290619 
1408 -5.375878 
1409 5.462156 
1410 -5.549423 
1411 5.637644 
1412 -5.726774 
1413 5.816758 
1414 -5.907531 
1415 5.999015 
1416 -6.091122 
1417 6.183744 
1418 -6.276761 
1419 6.370034 
1420 -6.463403 
1421 6.556689 
1422 -6.649687 
1423 6.742169 
1424 -6.833879 
1425 6.924530 
1426 -7.013805 
1427 7.101352 
1428 -7.186783 
1429 7.269671 
1430 -7.349548 
1431 7.425903 
1432 -7.498182 
1433 7.565784 
1434 -7.628060 
1435 7.684313 
1436 -7.733799 
1437 7.775724 
1438 -7.809248 
1439 7.833488 
1440 -7.847517 
1441 7.850369 
1442 -7.841048 
1443 7.818528 
1444 -7.781764 
1445 7.729698 
1446 -7.661272 
1447 7.575434 
1448 -7.471152 
1449 7.347429 
1450 -7.203309 
1451 7.037900 
1452 -6.850382 
1453 6.640023 
1454 -6.406197 
1455 6.148391 
1456 -5.866229 
1457 5.559474 
1458 -5.228047 
1459 4.872035 
1460 -4.491698 
1461 4.087477 
1462 -3.659997 
1463 3.210069 
1464 -2.738688 
1465 2.247031 
1466 -1.736449 
1467 1.208457 
1468 -0.664724 
1469 0.107055 
1470 0.462622 
1471 -1.042279 
1472 1.629804 
1473 -2.223032 
1474 2.819758 
1475 -3.417770 
1476 4.014867 
1477 -4.608889 
1478 5.197735 
1479 -5.779389 
1480 6.351940 
1481 -6.913602 
1482 7.462730 
1483 -7.997832 
1484 8.517588 
1485 -9.020852 
1486 9.506661 
1487 -9.974240 
1488 10.423001 
1489 -10.852538 
1490 11.262629 
1491 -11.653222 
1492 12.024428 
1493 -12.376513 
1494 12.709879 
1495 -13.025054 
1496 13.322677 
1497 -13.603480 
1498 13.868272 
1499 -14.117926 
1500 14.353359 
1501 -14.575519 
1502 14.785370 
1503 -14.983877 
1504 15.171995 
1505 -15.350654 
1506 15.520754 
1507 -15.683149 
1508 15.838646 
1509 -15.987995 
1510 16.131882 
1511 -16.270932 
1512 16.405699 
1513 -16.536668 
1514 16.664257 
1515 -16.788813 
1516 16.910617 
1517 -17.029886 
1518 17.146775 
1519 -17.261380 
1520 17.373746 
1521 -17.483868 
1522 17.591698 
1523 -17.697148 
1524 17.800098 
1525 -17.900401 
1526 17.997887 
1527 -18.092368 
1528 18.183645 
1529 -18.271514 
1530 18.355767 
1531 -18.436201 
1532 18.512616 
1533 -18.584828 
1534 18.652662 
1535 -18.715963 
1536 18.774593 
1537 -18.828436 
1538 18.877398 
1539 -18.921408 
1540 18.960415 
1541 -18.994393 
1542 19.023335 
1543 -19.047254 
1544 19.066176 
1545 -19.080143 
1546 19.089204 
1547 -19.093413 
1548 19.092823 
1549 -19.087482 
1550 19.077423 
1551 -19.062665 
1552 19.043199 
1553 -19.018984 
1554 18.989942 
1555 -18.955948 
1556 18.916826 
1557 -18.872340 
1558 18.822190 
1559 -18.766005 
1560 18.703337 
1561 -18.633662 
1562 18.556373 
1563 -18.470776 
1564 18.376095 
1565 -18.271471 
1566 18.155963 
1567 -18.028553 
1568 17.888154 
1569 -17.733614 
1570 17.563731 
1571 -17.377261 
1572 17.172932 
1573 -16.949462 
1574 16.705574 
1575 -16.440013 
1576 16.151572 
1577 -15.839107 
1578 15.501562 
1579 -15.137992 
1580 14.747581 
1581 -14.329671 
1582 13.883778 
1583 -13.409613 
1584 12.907103 
1585 -12.376402 
1586 11.817911 
1587 -11.232284 
1588 10.620438 
1589 -9.983552 
1590 9.323075 
1591 -8.640711 
1592 7.938418 
1593 -7.218394 
1594 6.483056 
1595 -5.735022 
1596 4.977086 
1597 -4.212188 
1598 3.443387 
1599 -2.673822 
1600 1.906682 
1601 -1.145167 
1602 0.392452 
1603 0.348347 
1604 -1.074214 
1605 1.782260 
1606 -2.469761 
1607 3.134180 
1608 -3.773198 
1609 4.384735 
1610 -4.966962 
1611 5.518321 
1612 -6.037531 
1613 6.523591 
1614 -6.975780 
1615 7.393658 
1616 -7.777048 
1617 8.126032 
1618 -8.440934 
1619 8.722300 
1620 -8.970879 
1621 9.187601 
1622 -9.373557 
1623 9.529967 
1624 -9.658168 
1625 9.759578 
1626 -9.835681 
1627 9.888005 
1628 -9.918095 
1629 9.927500 
1630 -9.917756 
1631 9.890366 
1632 -9.846791 
1633 9.788438 
1634 -9.716650 
1635 9.632700 
1636 -9.537783 
1637 9.433018 
1638 -9.319440 
1639 9.198005 
1640 -9.069586 
1641 8.934980 
1642 -8.794909 
1643 8.650021 
1644 -8.500900 
1645 8.348072 
1646 -8.192003 
1647 8.033115 
1648 -7.871789 
1649 7.708368 
1650 -7.543171 
1651 7.376496 
1652 -7.208628 
1653 7.039844 
1654 -6.870422 
1655 6.700647 
1656 -6.530813 
1657 6.361232 
1658 -6.192236 
1659 6.024180 
1660 -5.857445 
1661 5.692438 
1662 -5.529594 
1663 5.369373 
1664 -5.212259 
1665 5.058757 
1666 -4.909385 
1667 4.764673 
1668 -4.625156 
1669 4.491363 
1670 -4.363811 
1671 4.242999 
1672 -4.129395 
1673 4.023429 
1674 -3.925485 
1675 3.835890 
1676 -3.754909 
1677 3.682734 
1678 -3.619481 
1679 3.565182 
1680 -3.519781 
1681 3.483131 
1682 -3.454994 
1683 3.435034 
1684 -3.422826 
1685 3.417851 
1686 -3.419501 
1687 3.427084 
1688 -3.439826 
1689 3.456877 
1690 -3.477320 
1691 3.500174 
1692 -3.524399 
1693 3.548907 
1694 -3.572569 
1695 3.594216 
1696 -3.612653 
1697 3.626660 
1698 -3.635003 
1699 3.636436 
1700 -3.629710 
1701 3.613581 
1702 -3.586813 
1703 3.548187 
1704 -3.496507 
1705 3.430607 
1706 -3.349363 
1707 3.251696 
1708 -3.136582 
1709 3.003066 
1710 -2.850265 
1711 2.677387 
1712 -2.483732 
1713 2.268711 
1714 -2.031852 
1715 1.772813 
1716 -1.491389 
1717 1.187526 
1718 -0.861321 
1719 0.513038 
1720 -0.143103 
1721 -0.247885 
1722 0.659159 
1723 -1.089784 
1724 1.538660 
1725 -2.004531 
1726 2.485994 
1727 -2.981509 
1728 3.489414 
1729 -4.007944 
1730 4.535245 
1731 -5.069394 
1732 5.608425 
1733 -6.150344 
1734 6.693155 
1735 -7.234881 
1736 7.773585 
1737 -8.307390 
1738 8.834501 
1739 -9.353217 
1740 9.861952 
1741 -10.359248 
1742 10.843780 
1743 -11.314371 
1744 11.769995 
1745 -12.209778 
1746 12.633004 
1747 -13.039106 
1748 13.427668 
1749 -13.798417 
1750 14.151211 
1751 -14.486038 
1752 14.802997 
1753 -15.102291 
1754 15.384217 
1755 -15.649146 
1756 15.897522 
1757 -16.129838 
1758 16.346636 
1759 -16.548489 
1760 16.735992 
1761 -16.909758 
1762 17.070405 
1763 -17.218551 
1764 17.354812 
1765 -17.479791 
1766 17.594083 
1767 -17.698266 
1768 17.792902 
1769 -17.878538 
1770 17.955705 
1771 -18.024915 
1772 18.086671 
1773 -18.141457 
1774 18.189747 
1775 -18.232006 
1776 18.268685 
1777 -18.300230 
1778 18.327076 
1779 -18.349652 
1780 18.368378 
1781 -18.383665 
1782 18.395914 
1783 -18.405517 
1784 18.412851 
1785 -18.418278 
1786 18.422144 
1787 -18.424771 
1788 18.426463 
1789 -18.427494 
1790 18.428109 
1791 -18.428524 
1792 18.428916 
1793 -18.429429 
1794 18.430165 
1795 -18.431187 
1796 18.432513 
1797 -18.434121 
1798 18.435941 
1799 -18.437863 
1800 18.439730 
1801 -18.441344 
1802 18.442465 
1803 -18.442811 
1804 18.442062 
1805 -18.439861 
1806 18.435815 
1807 -18.429497 
1808 18.420448 
1809 -18.408179 
1810 18.392173 
1811 -18.371882 
1812 18.346736 
1813 -18.316135 
1814 18.279454 
1815 -18.236044 
1816 18.185229 
1817 -18.126307 
1818 18.058550 
1819 -17.981206 
1820 17.893493 
1821 -17.794606 
1822 17.683713 
1823 -17.559959 
1824 17.422467 
1825 -17.270340 
1826 17.102665 
1827 -16.918522 
1828 16.716981 
1829 -16.497119 
1830 16.258022 
1831 -15.998799 
1832 15.718587 
1833 -15.416572 
1834 15.091995 
1835 -14.744168 
1836 14.372490 
1837 -13.976463 
1838 13.555703 
1839 -13.109960 
1840 12.639132 
1841 -12.143277 
1842 11.622624 
1843 -11.077592 
1844 10.508790 
1845 -9.917031 
1846 9.303331 
1847 -8.668917 
1848 8.015219 
1849 -7.343869 
1850 6.656695 
1851 -5.955705 
1852 5.243076 
1853 -4.521136 
1854 3.792345 
1855 -3.059267 
1856 2.324552 
1857 -1.590903 
1858 0.861050 
1859 -0.137721 
1860 -0.576387 
1861 1.278642 
1862 -1.966498 
1863 2.637529 
1864 -3.289451 
1865 3.920147 
1866 -4.527686 
1867 5.110342 
1868 -5.666608 
1869 6.195205 
1870 -6.695093 
1871 7.165469 
1872 -7.605772 
1873 8.015678 
1874 -8.395090 
1875 8.744135 
1876 -9.063142 
1877 9.352638 
1878 -9.613323 
1879 9.846054 
1880 -10.051827 
1881 10.231757 
1882 -10.387055 
1883 10.519011 
1884 -10.628973 
1885 10.718325 
1886 -10.788475 
1887 10.840832 
1888 -10.876796 
1889 10.897740 
1890 -10.905000 
1891 10.899865 
1892 -10.883566 
1893 10.857272 
1894 -10.822082 
1895 10.779023 
1896 -10.729046 
1897 10.673026 
1898 -10.611759 
1899 10.545968 
1900 -10.476300 
1901 10.403332 
1902 -10.327572 
1903 10.249461 
1904 -10.169383 
1905 10.087663 
1906 -10.004574 
1907 9.920342 
1908 -9.835148 
1909 9.749136 
1910 -9.662414 
1911 9.575062 
1912 -9.487130 
1913 9.398649 
1914 -9.309630 
1915 9.220068 
1916 -9.129946 
1917 9.039238 
1918 -8.947913 
1919 8.855935 
1920 -8.763266 
1921 8.669869 
1922 -8.575709 
1923 8.480756 
1924 -8.384984 
1925 8.288373 
1926 -8.190912 
1927 8.092597 
1928 -7.993432 
1929 7.893429 
1930 -7.792609 
1931 7.691002 
1932 -7.588643 
1933 7.485577 
1934 -7.381853 
1935 7.277524 
1936 -7.172649 
1937 7.067286 
1938 -6.961496 
1939 6.855339 
1940 -6.748869 
1941 6.642138 
1942 -6.535191 
1943 6.428064 
1944 -6.320784 
1945 6.213367 
1946 -6.105815 
1947 5.998115 
1948 -5.890241 
1949 5.782150 
1950 -5.673783 
1951 5.565063 
1952 -5.455898 
1953 5.346179 
1954 -5.235781 
1955 5.124566 
1956 -5.012383 
1957 4.899071 
1958 -4.784459 
1959 4.668371 
1960 -4.550627 
1961 4.431048 
1962 -4.309459 
1963 4.185691 
1964 -4.059585 
1965 3.930999 
1966 -3.799807 
1967 3.665906 
1968 -3.529218 
1969 3.389697 
1970 -3.247326 
1971 3.102125 
1972 -2.954151 
1973 2.803502 
1974 -2.650317 
1975 2.494775 
1976 -2.337100 
1977 2.177555 
1978 -2.016446 
1979 1.854117 
1980 -1.690947 
1981 1.527350 
1982 -1.363767 
1983 1.200666 
1984 -1.038533 
1985 0.877868 
1986 -0.719181 
1987 0.562984 
1988 -0.409784 
1989 0.260080 
1990 -0.114355 
1991 -0.026931 
1992 0.163344 
1993 -0.294482 
1994 0.419981 
1995 -0.539517 
1996 0.652810 
1997 -0.759629 
1998 0.859788 
1999 -0.953153 
2000 1.039639 
2001 -1.119212 
2002 1.191883 
2003 -1.257714 
2004 1.316806 
2005 -1.369304 
2006 1.415389 
2007 -1.455277 
2008 1.489210 
2009 -1.517459 
2010 1.540313 
2011 -1.558077 
2012 1.571069 
2013 -1.579614 
2014 1.584040 
2015 -1.584675 
2016 1.581845 
2017 -1.575866 
2018 1.567048 
2019 -1.555686 
2020 1.542065 
2021 -1.526451 
2022 1.509097 
2023 -1.490238 
2024 1.470090 
2025 -1.448854 
2026 1.426712 
2027 -1.403830 
2028 1.380356 
2029 -1.356423 
2030 1.332150 
2031 -1.307641 
2032 1.282989 
2033 -1.258273 
2034 1.233564 
2035 -1.208920 
2036 1.184394 
2037 -1.160029 
2038 1.135865 
2039 -1.111931 
2040 1.088257 
2041 -1.064866 
2042 1.041776 
2043 -1.019005 
2044 0.996569 
2045 -0.974478 
2046 0.952745 
2047 -0.931378 
2048 0.910386 
2049 -0.889776 
2050 0.869554 
2051 -0.849725 
2052 0.830292 
2053 -0.811259 
2054 0.792628 
2055 -0.774399 
2056 0.756572 
2057 -0.739146 
2058 0.722118 
2059 -0.705483 
2060 0.689237 
2061 -0.673372 
2062 0.657880 
2063 -0.642752 
2064 0.627978 
2065 -0.613544 
2066 0.599439 
2067 -0.585647 
2068 0.572154 
2069 -0.558943 
2070 0.545996 
2071 -0.533297 
2072 0.520827 
2073 -0.508566 
2074 0.496496 
2075 -0.484597 
2076 0.472849 
2077 -0.461234 
2078 0.449731 
2079 -0.438322 
2080 0.426987 
2081 -0.415710 
2082 0.404473 
2083 -0.393258 
2084 0.382051 
2085 -0.370837 
2086 0.359602 
2087 -0.348335 
2088 0.337025 
2089 -0.325663 
2090 0.314242 
2091 -0.302757 
2092 0.291203 
2093 -0.279580 
2094 0.267888 
2095 -0.256130 
2096 0.244312 
2097 -0.232440 
2098 0.220525 
2099 -0.208578 
2100 0.196614 
2101 -0.184649 
2102 0.172703 
2103 -0.160794 
2104 0.148947 
2105 -0.137184 
2106 0.125531 
2107 -0.114015 
2108 0.102661 
2109 -0.091499 
2110 0.080556 
2111 -0.069860 
2112 0.059437 
2113 -0.049315 
2114 0.039519 
2115 -0.030072 
2116 0.020998 
2117 -0.012315 
2118 0.004043 
2119 0.003803 
2120 -0.011211 
2121 0.018169 
2122 -0.024672 
2123 0.030713 
2124 -0.036292 
2125 0.041409 
2126 -0.046068 
2127 0.050276 
2128 -0.054042 
2129 0.057377 
2130 -0.060294 
2131 0.062808 
2132 -0.064937 
2133 0.066698 
2134 -0.068111 
2135 0.069197 
2136 -0.069976 
2137 0.070469 
2138 -0.070698 
2139 0.070685 
2140 -0.070451 
2141 0.070016 
2142 -0.069402 
2143 0.068628 
2144 -0.067713 
2145 0.066674 
2146 -0.065530 
2147 0.064296 
2148 -0.062987 
2149 0.061618 
2150 -0.060200 
2151 0.058746 
2152 -0.057267 
2153 0.055773 
2154 -0.054272 
2155 0.052771 
2156 -0.051279 
2157 0.049800 
2158 -0.048340 
2159 0.046904 
2160 -0.045494 
2161 0.044115 
2162 -0.042767 
2163 0.041454 
2164 -0.040176 
2165 0.038934 
2166 -0.037728 
2167 0.036560 
2168 -0.035427 
2169 0.034331 
2170 -0.033270 
2171 0.032243 
2172 -0.031249 
2173 0.030288 
2174 -0.029357 
2175 0.028456 
2176 -0.027584 
2177 0.026739 
2178 -0.025921 
2179 0.025127 
2180 -0.024357 
2181 0.023610 
2182 -0.022885 
2183 0.022180 
2184 -0.021496 
2185 0.020831 
2186 -0.020184 
2187 0.019556 
2188 -0.018944 
2189 0.018350 
2190 -0.017771 
2191 0.017208 
2192 -0.016660 
2193 0.016127 
2194 -0.015608 
2195 0.015103 
2196 -0.014611 
2197 0.014132 
2198 -0.013665 
2199 0.013211 
2200 -0.012768 
2201 0.012336 
2202 -0.011915 
2203 0.011504 
2204 -0.011103 
2205 0.010712 
2206 -0.010331 
2207 0.009958 
2208 -0.009594 
2209 0.009239 
2210 -0.008891 
2211 0.008552 
2212 -0.008220 
2213 0.007895 
2214 -0.007577 
2215 0.007266 
2216 -0.006962 
2217 0.006664 
2218 -0.006373 
2219 0.006087 
2220 -0.005808 
2221 0.005534 
2222 -0.005265 
2223 0.005002 
2224 -0.004744 
2225 0.004490 
2226 -0.004242 
2227 0.003999 
2228 -0.003760 
2229 0.003526 
2230 -0.003297 
2231 0.003073 
2232 -0.002853 
2233 0.002638 
2234 -0.002429 
2235 0.002224 
2236 -0.002025 
2237 0.001831 
2238 -0.001643 
2239 0.001461 
2240 -0.001285 
2241 0.001115 
2242 -0.000952 
2243 0.000795 
2244 -0.000646 
2245 0.000503 
2246 -0.000368 
2247 0.000240 
2248 -0.000120 
2249 0.000007 
2250 0.000098 
2251 -0.000196 
2252 0.000286 
2253 -0.000369 
2254 0.000444 
2255 -0.000513 
2256 0.000574 
2257 -0.000628 
2258 0.000676 
2259 -0.000717 
2260 0.000753 
2261 -0.000783 
2262 0.000807 
2263 -0.000826 
2264 0.000840 
2265 -0.000850 
2266 0.000856 
2267 -0.000858 
2268 0.000857 
2269 -0.000853 
2270 0.000846 
2271 -0.000836 
2272 0.000824 
2273 -0.000810 
2274 0.000795 
2275 -0.000778 
2276 0.000761 
2277 -0.000742 
2278 0.000722 
2279 -0.000702 
2280 0.000682 
2281 -0.000661 
2282 0.000640 
2283 -0.000619 
2284 0.000599 
2285 -0.000578 
2286 0.000558 
2287 -0.000537 
2288 0.000518 
2289 -0.000499 
2290 0.000480 
2291 -0.000461 
2292 0.000444 
2293 -0.000426 
2294 0.000409 
2295 -0.000393 
2296 0.000377 
2297 -0.000362 
2298 0.000348 
2299 -0.000333 
2300 0.000320 
2301 -0.000307 
2302 0.000294 
2303 -0.000282 
2304 0.000270 
2305 -0.000259 
2306 0.000249 
2307 -0.000238 
2308 0.000228 
2309 -0.000219 
2310 0.000210 
2311 -0.000201 
2312 0.000193 
2313 -0.000185 
2314 0.000177 
2315 -0.000170 
2316 0.000163 
2317 -0.000156 
2318 0.000150 
2319 -0.000143 
2320 0.000137 
2321 -0.000132 
2322 0.000126 
2323 -0.000121 
2324 0.000116 
2325 -0.000111 
2326 0.000106 
2327 -0.000102 
2328 0.000097 
2329 -0.000093 
2330 0.000089 
2331 -0.000085 
2332 0.000082 
2333 -0.000078 
2334 0.000075 
2335 -0.000071 
2336 0.000068 
2337 -0.000065 
2338 0.000062 
2339 -0.000059 
2340 0.000057 
2341 -0.000054 
2342 0.000052 
2343 -0.000049 
2344 0.000047 
2345 -0.000045 
2346 0.000042 
2347 -0.000040 
2348 0.000038 
2349 -0.000036 
2350 0.000034 
2351 -0.000033 
2352 0.000031 
2353 -0.000029 
2354 0.000027 
2355 -0.000026 
2356 0.000024 
2357 -0.000023 
2358 0.000021 
2359 -0.000020 
2360 0.000018 
2361 -0.000017 
2362 0.000016 
2363 -0.000014 
2364 0.000013 
2365 -0.000012 
2366 0.000011 
2367 -0.000010 
2368 0.000009 
2369 -0.000008 
2370 0.000007 
2371 -0.000006 
2372 0.000005 
2373 -0.000004 
2374 0.000003 
2375 -0.000003 
2376 0.000002 
2377 -0.000001 
2378 0.000001 
2379 -0.000000 
2380 -0.000000 
2381 0.000001 
2382 -0.000001 
2383 0.000002 
2384 -0.000002 
2385 0.000002 
2386 -0.000002 
2387 0.000003 
2388 -0.000003 
2389 0.000003 
2390 -0.000003 
2391 0.000003 
2392 -0.000003 
2393 0.000003 
2394 -0.000003 
2395 0.000003 
2396 -0.000003 
2397 0.000003 
2398 -0.000003 
2399 0.000003 
2400 -0.000003 
2401 0.000003 
2402 -0.000003 
2403 0.000003 
2404 -0.000003 
2405 0.000003 
2406 -0.000003 
2407 0.000003 
2408 -0.000002 
2409 0.000002 
2410 -0.000002 
2411 0.000002 
2412 -0.000002 
2413 0.000002 
2414 -0.000002 
2415 0.000002 
2416 -0.000002 
2417 0.000002 
2418 -0.000002 
2419 0.000002 
2420 -0.000001 
2421 0.000001 
2422 -0.000001 
2423 0.000001 
2424 -0.000001 
2425 0.000001 
2426 -0.000001 
2427 0.000001 
2428 -0.000001 
2429 0.000001 
2430 -0.000001 
2431 0.000001 
2432 -0.000001 
2433 0.000001 
2434 -0.000001 
2435 0.000001 
2436 -0.000001 
2437 0.000001 
2438 -0.000001 
2439 0.000001 
2440 -0.000001 
2441 0.000001 
2442 -0.000001 
2443 0.000000 
2444 -0.000000 
2445 0.000000 
2446 -0.000000 
2447 0.000000 
2448 -0.000000 
2449 0.000000 
2450 -0.000000 
2451 0.000000 
2452 -0.000000 
2453 0.000000 
2454 -0.000000 
2455 0.000000 
2456 -0.000000 
2457 0.000000 
2458 -0.000000 
2459 0.000000 
2460 -0.000000 
2461 0.000000 
2462 -0.000000 
2463 0.000000 
2464 -0.000000 
2465 0.000000 
2466 -0.000000 
2467 0.000000 
2468 -0.000000 
2469 0.000000 
2470 -0.000000 
2471 0.000000 
2472 -0.000000 
2473 0.000000 
2474 -0.000000 
2475 0.000000 
2476 -0.000000 
2477 0.000000 
2478 -0.000000 
2479 0.000000 
2480 -0.000000 
2481 0.000000 
2482 -0.000000 
2483 0.000000 
2484 -0.000000 
2485 0.000000 
2486 -0.000000 
2487 0.000000 
2488 -0.000000 
2489 0.000000 
2490 -0.000000 
2491 0.000000 
2492 -0.000000 
2493 0.000000 
2494 -0.000000 
2495 0.000000 
2496 -0.000000 
2497 0.000000 
2498 -0.000000 
2499 0.000000 
2500 -0.000000 
2501 0.000000 
2502 -0.000000 
2503 0.000000 
2504 -0.000000 
2505 0.000000 
2506 -0.000000 
2507 0.000000 
2508 -0.000000 
2509 -0.000000 
2510 0.000000 
2511 -0.000000 
2512 0.000000 
2513 -0.000000 
2514 0.000000 
2515 -0.000000 
2516 0.000000 
2517 -0.000000 
2518 0.000000 
2519 -0.000000 
2520 0.000000 
2521 -0.000000 
2522 0.000000 
2523 -0.000000 
2524 0.000000 
2525 -0.000000 
2526 0.000000 
2527 -0.000000 
2528 0.000000 
2529 -0.000000 
2530 0.000000 
2531 -0.000000 
2532 0.000000 
2533 -0.000000 
2534 0.000000 
2535 -0.000000 
2536 0.000000 
2537 -0.000000 
2538 0.000000 
2539 -0.000000 
2540 0.000000 
2541 -0.000000 
2542 0.000000 
2543 -0.000000 
2544 0.000000 
2545 -0.000000 
2546 0.000000 
2547 -0.000000 
2548 0.000000 
2549 -0.000000 
2550 0.000000 
2551 -0.000000 
2552 0.000000 
2553 -0.000000 
2554 0.000000 
2555 -0.000000 
2556 0.000000 
2557 -0.000000 
2558 0.000000 
2559 -0.000000 
2560 0.000000 
2561 -0.000000 
2562 0.000000 
2563 -0.000000 
2564 0.000000 
2565 -0.000000 
2566 0.000000 
2567 -0.000000 
2568 0.000000 
2569 -0.000000 
2570 0.000000 
2571 -0.000000 
2572 0.000000 
2573 -0.000000 
2574 0.000000 
2575 -0.000000 
2576 0.000000 
2577 -0.000000 
2578 0.000000 
2579 -0.000000 
2580 0.000000 
2581 -0.000000 
2582 0.000000 
2583 -0.000000 
2584 0.000000 
2585 -0.000000 
2586 0.000000 
2587 -0.000000 
2588 0.000000 
2589 -0.000000 
2590 0.000000 
2591 -0.000000 
2592 0.000000 
2593 -0.000000 
2594 0.000000 
2595 -0.000000 
2596 0.000000 
2597 -0.000000 
2598 0.000000 
2599 -0.000000 
2600 0.000000 
2601 -0.000000 
2602 0.000000 
2603 -0.000000 
2604 0.000000 
2605 -0.000000 
2606 0.000000 
2607 -0.000000 
2608 0.000000 
2609 -0.000000 
2610 0.000000 
2611 -0.000000 
2612 0.000000 
2613 -0.000000 
2614 0.000000 
2615 -0.000000 
2616 0.000000 
2617 -0.000000 
2618 0.000000 
2619 -0.000000 
2620 0.000000 
2621 -0.000000 
2622 0.000000 
2623 -0.000000 
2624 0.000000 
2625 -0.000000 
2626 0.000000 
2627 -0.000000 
2628 0.000000 
2629 -0.000000 
2630 0.000000 
2631 -0.000000 
2632 0.000000 
2633 -0.000000 
2634 0.000000 
2635 -0.000000 
2636 0.000000 
2637 -0.000000 
2638 0.000000 
2639 -0.000000 
2640 -0.000000 
2641 0.000000 
2642 -0.000000 
2643 0.000000 
2644 -0.000000 
2645 0.000000 
2646 -0.000000 
2647 0.000000 
2648 -0.000000 
2649 0.000000 
2650 -0.000000 
2651 0.000000 
2652 -0.000000 
2653 0.000000 
2654 -0.000000 
2655 0.000000 
2656 -0.000000 
2657 0.000000 
2658 -0.000000 
2659 0.000000 
2660 -0.000000 
2661 0.000000 
2662 -0.000000 
2663 0.000000 
2664 -0.000000 
2665 0.000000 
2666 -0.000000 
2667 0.000000 
2668 -0.000000 
2669 0.000000 
2670 -0.000000 
2671 0.000000 
2672 -0.000000 
2673 0.000000 
2674 -0.000000 
2675 0.000000 
2676 -0.000000 
2677 0.000000 
2678 -0.000000 
2679 0.000000 
2680 -0.000000 
2681 0.000000 
2682 -0.000000 
2683 0.000000 
2684 -0.000000 
2685 0.000000 
2686 -0.000000 
2687 0.000000 
2688 -0.000000 
2689 0.000000 
2690 -0.000000 
2691 0.000000 
2692 -0.000000 
2693 0.000000 
2694 -0.000000 
2695 0.000000 
2696 -0.000000 
2697 0.000000 
2698 -0.000000 
2699 0.000000 
2700 -0.000000 
2701 0.000000 
2702 -0.000000 
2703 0.000000 
2704 -0.000000 
2705 0.000000 
2706 -0.000000 
2707 0.000000 
2708 -0.000000 
2709 0.000000 
2710 -0.000000 
2711 0.000000 
2712 -0.000000 
2713 0.000000 
2714 -0.000000 
2715 0.000000 
2716 -0.000000 
2717 0.000000 
2718 -0.000000 
2719 0.000000 
2720 -0.000000 
2721 0.000000 
2722 -0.000000 
2723 0.000000 
2724 -0.000000 
2725 0.000000 
2726 -0.000000 
2727 0.000000 
2728 -0.000000 
2729 0.000000 
2730 -0.000000 
2731 0.000000 
2732 -0.000000 
2733 0.000000 
2734 -0.000000 
2735 0.000000 
2736 -0.000000 
2737 0.000000 
2738 -0.000000 
2739 0.000000 
2740 -0.000000 
2741 0.000000 
2742 -0.000000 
2743 0.000000 
2744 -0.000000 
2745 0.000000 
2746 -0.000000 
2747 0.000000 
2748 -0.000000 
2749 0.000000 
2750 -0.000000 
2751 0.000000 
2752 -0.000000 
2753 0.000000 
2754 -0.000000 
2755 0.000000 
2756 -0.000000 
2757 0.000000 
2758 -0.000000 
2759 0.000000 
2760 -0.000000 
2761 0.000000 
2762 -0.000000 
2763 0.000000 
2764 -0.000000 
2765 0.000000 
2766 -0.000000 
2767 0.000000 
2768 -0.000000 
2769 0.000000 
2770 0.000000 
2771 -0.000000 
2772 0.000000 
2773 -0.000000 
2774 0.000000 
2775 -0.000000 
2776 0.000000 
2777 -0.000000 
2778 0.000000 
2779 -0.000000 
2780 0.000000 
2781 -0.000000 
2782 0.000000 
2783 -0.000000 
2784 0.000000 
2785 -0.000000 
2786 0.000000 
2787 -0.000000 
2788 0.000000 
2789 -0.000000 
2790 0.000000 
2791 -0.000000 
2792 0.000000 
2793 -0.000000 
2794 0.000000 
2795 -0.000000 
2796 0.000000 
2797 -0.000000 
2798 0.000000 
2799 -0.000000 
2800 0.000000 
2801 -0.000000 
2802 0.000000 
2803 -0.000000 
2804 0.000000 
2805 -0.000000 
2806 0.000000 
2807 -0.000000 
2808 0.000000 
2809 -0.000000 
2810 0.000000 
2811 -0.000000 
2812 0.000000 
2813 -0.000000 
2814 0.000000 
2815 -0.000000 
2816 0.000000 
2817 -0.000000 
2818 0.000000 
2819 -0.000000 
2820 0.000000 
2821 -0.000000 
2822 0.000000 
2823 -0.000000 
2824 0.000000 
2825 -0.000000 
2826 0.000000 
2827 -0.000000 
2828 0.000000 
2829 -0.000000 
2830 0.000000 
2831 -0.000000 
2832 0.000000 
2833 -0.000000 
2834 0.000000 
2835 -0.000000 
2836 0.000000 
2837 -0.000000 
2838 0.000000 
2839 -0.000000 
2840 0.000000 
2841 -0.000000 
2842 0.000000 
2843 -0.000000 
2844 0.000000 
2845 -0.000000 
2846 0.000000 
2847 -0.000000 
2848 0.000000 
2849 -0.000000 
2850 0.000000 
2851 -0.000000 
2852 0.000000 
2853 -0.000000 
2854 0.000000 
2855 -0.000000 
2856 0.000000 
2857 -0.000000 
2858 0.000000 
2859 -0.000000 
2860 0.000000 
2861 -0.000000 
2862 0.000000 
2863 -0.000000 
2864 0.000000 
2865 -0.000000 
2866 0.000000 
2867 -0.000000 
2868 0.000000 
2869 -0.000000 
2870 0.000000 
2871 -0.000000 
2872 0.000000 
2873 -0.000000 
2874 0.000000 
2875 -0.000000 
2876 0.000000 
2877 -0.000000 
2878 0.000000 
2879 -0.000000 
2880 0.000000 
2881 -0.000000 
2882 0.000000 
2883 -0.000000 
2884 0.000000 
2885 -0.000000 
2886 0.000000 
2887 -0.000000 
2888 0.000000 
2889 -0.000000 
2890 0.000000 
2891 -0.000000 
2892 0.000000 
2893 -0.000000 
2894 0.000000 
2895 -0.000000 
2896 0.000000 
2897 -0.000000 
2898 0.000000 
2899 -0.000000 
2900 0.000000 
2901 0.000000 
2902 -0.000000 
2903 0.000000 
2904 -0.000000 
2905 0.000000 
2906 -0.000000 
2907 0.000000 
2908 -0.000000 
2909 0.000000 
2910 -0.000000 
2911 0.000000 
2912 -0.000000 
2913 0.000000 
2914 -0.000000 
2915 0.000000 
2916 -0.000000 
2917 0.000000 
2918 -0.000000 
2919 0.000000 
2920 -0.000000 
2921 0.000000 
2922 -0.000000 
2923 0.000000 
2924 -0.000000 
2925 0.000000 
2926 -0.000000 
2927 0.000000 
2928 -0.000000 
2929 0.000000 
2930 -0.000000 
2931 0.000000 
2932 -0.000000 
2933 0.000000 
2934 -0.000000 
2935 0.000000 
2936 -0.000000 
2937 0.000000 
2938 -0.000000 
2939 0.000000 
2940 -0.000000 
2941 0.000000 
2942 -0.000000 
2943 0.000000 
2944 -0.000000 
2945 0.000000 
2946 -0.000000 
2947 0.000000 
2948 -0.000000 
2949 0.000000 
2950 -0.000000 
2951 0.000000 
2952 -0.000000 
2953 0.000000 
2954 -0.000000 
2955 0.000000 
2956 -0.000000 
2957 0.000000 
2958 -0.000000 
2959 0.000000 
2960 -0.000000 
2961 0.000000 
2962 -0.000000 
2963 0.000000 
2964 -0.000000 
2965 0.000000 
2966 -0.000000 
2967 0.000000 
2968 -0.000000 
2969 0.000000 
2970 -0.000000 
2971 0.000000 
2972 -0.000000 
2973 0.000000 
2974 -0.000000 
2975 0.000000 
2976 -0.000000 
2977 0.000000 
2978 -0.000000 
2979 0.000000 
2980 -0.000000 
2981 0.000000 
2982 -0.000000 
2983 0.000000 
2984 -0.000000 
2985 0.000000 
2986 -0.000000 
2987 0.000000 
2988 -0.000000 
2989 0.000000 
2990 -0.000000 
2991 0.000000 
2992 -0.000000 
2993 0.000000 
2994 -0.000000 
2995 0.000000 
2996 -0.000000 
2997 0.000000 
2998 -0.000000 
2999 0.000000 
3000 -0.000000 
3001 0.000000 
3002 -0.000000 
3003 0.000000 
3004 -0.000000 
3005 0.000000 
3006 -0.000000 
3007 0.000000 
3008 -0.000000 
3009 0.000000 
3010 -0.000000 
3011 0.000000 
3012 -0.000000 
3013 0.000000 
3014 -0.000000 
3015 0.000000 
3016 -0.000000 
3017 0.000000 
3018 -0.000000 
3019 0.000000 
3020 -0.000000 
3021 0.000000 
3022 -0.000000 
3023 0.000000 
3024 -0.000000 
3025 0.000000 
3026 -0.000000 
3027 0.000000 
3028 -0.000000 
3029 0.000000 
3030 -0.000000 
3031 0.000000 
3032 -0.000000 
3033 0.000000 
3034 -0.000000 
3035 -0.000000 
3036 0.000000 
3037 -0.000000 
3038 0.000000 
3039 -0.000000 
3040 0.000000 
3041 -0.000000 
3042 0.000000 
3043 -0.000000 
3044 0.000000 
3045 -0.000000 
3046 0.000000 
3047 -0.000000 
3048 0.000000 
3049 -0.000000 
3050 0.000000 
3051 -0.000000 
3052 0.000000 
3053 -0.000000 
3054 0.000000 
3055 -0.000000 
3056 0.000000 
3057 -0.000000 
3058 0.000000 
3059 -0.000000 
3060 0.000000 
3061 -0.000000 
3062 0.000000 
3063 -0.000000 
3064 0.000000 
3065 -0.000000 
3066 0.000000 
3067 -0.000000 
3068 0.000000 
3069 -0.000000 
3070 0.000000 
3071 -0.000000 
3072 0.000000 
3073 -0.000000 
3074 0.000000 
3075 -0.000000 
3076 0.000000 
3077 -0.000000 
3078 0.000000 
3079 -0.000000 
3080 0.000000 
3081 -0.000000 
3082 0.000000 
3083 -0.000000 
3084 0.000000 
3085 -0.000000 
3086 0.000000 
3087 -0.000000 
3088 0.000000 
3089 -0.000000 
3090 0.000000 
3091 -0.000000 
3092 0.000000 
3093 -0.000000 
3094 0.000000 
3095 -0.000000 
3096 0.000000 
3097 -0.000000 
3098 0.000000 
3099 -0.000000 
3100 0.000000 
3101 -0.000000 
3102 0.000000 
3103 -0.000000 
3104 0.000000 
3105 -0.000000 
3106 0.000000 
3107 -0.000000 
3108 0.000000 
3109 -0.000000 
3110 0.000000 
3111 -0.000000 
3112 0.000000 
3113 -0.000000 
3114 0.000000 
3115 -0.000000 
3116 0.000000 
3117 -0.000000 
3118 0.000000 
3119 -0.000000 
3120 0.000000 
3121 -0.000000 
3122 0.000000 
3123 -0.000000 
3124 0.000000 
3125 -0.000000 
3126 0.000000 
3127 -0.000000 
3128 0.000000 
3129 -0.000000 
3130 0.000000 
3131 -0.000000 
3132 0.000000 
3133 -0.000000 
3134 0.000000 
3135 -0.000000 
3136 0.000000 
3137 -0.000000 
3138 0.000000 
3139 -0.000000 
3140 0.000000 
3141 -0.000000 
3142 0.000000 
3143 -0.000000 
3144 0.000000 
3145 -0.000000 
3146 0.000000 
3147 -0.000000 
3148 0.000000 
3149 -0.000000 
3150 0.000000 
3151 -0.000000 
3152 0.000000 
3153 -0.000000 
3154 0.000000 
3155 -0.000000 
3156 0.000000 
3157 -0.000000 
3158 0.000000 
3159 -0.000000 
3160 0.000000 
3161 0.000000 
3162 -0.000000 
3163 0.000000 
3164 -0.000000 
3165 0.000000 
3166 -0.000000 
3167 0.000000 
3168 -0.000000 
3169 0.000000 
3170 -0.000000 
3171 0.000000 
3172 -0.000000 
3173 0.000000 
3174 -0.000000 
3175 0.000000 
3176 -0.000000 
3177 0.000000 
3178 -0.000000 
3179 0.000000 
3180 -0.000000 
3181 0.000000 
3182 -0.000000 
3183 0.000000 
3184 -0.000000 
3185 0.000000 
3186 -0.000000 
3187 0.000000 
3188 -0.000000 
3189 0.000000 
3190 -0.000000 
3191 0.000000 
3192 -0.000000 
3193 0.000000 
3194 -0.000000 
3195 0.000000 
3196 -0.000000 
3197 0.000000 
3198 -0.000000 
3199 0.000000 
3200 -0.000000 
3201 0.000000 
3202 -0.000000 
3203 0.000000 
3204 -0.000000 
3205 0.000000 
3206 -0.000000 
3207 0.000000 
3208 -0.000000 
3209 0.000000 
3210 -0.000000 
3211 0.000000 
3212 -0.000000 
3213 0.000000 
3214 -0.000000 
3215 0.000000 
3216 -0.000000 
3217 0.000000 
3218 -0.000000 
3219 0.000000 
3220 -0.000000 
3221 0.000000 
3222 -0.000000 
3223 0.000000 
3224 -0.000000 
3225 0.000000 
3226 -0.000000 
3227 0.000000 
3228 -0.000000 
3229 0.000000 
3230 -0.000000 
3231 0.000000 
3232 -0.000000 
3233 0.000000 
3234 -0.000000 
3235 0.000000 
3236 -0.000000 
3237 0.000000 
3238 -0.000000 
3239 0.000000 
3240 -0.000000 
3241 0.000000 
3242 -0.000000 
3243 0.000000 
3244 -0.000000 
3245 0.000000 
3246 -0.000000 
3247 0.000000 
3248 -0.000000 
3249 0.000000 
3250 -0.000000 
3251 0.000000 
3252 -0.000000 
3253 0.000000 
3254 -0.000000 
3255 0.000000 
3256 -0.000000 
3257 0.000000 
3258 -0.000000 
3259 0.000000 
3260 -0.000000 
3261 0.000000 
3262 -0.000000 
3263 0.000000 
3264 -0.000000 
3265 0.000000 
3266 -0.000000 
3267 0.000000 
3268 -0.000000 
3269 0.000000 
3270 -0.000000 
3271 0.000000 
3272 -0.000000 
3273 0.000000 
3274 -0.000000 
3275 0.000000 
3276 -0.000000 
3277 0.000000 
3278 -0.000000 
3279 0.000000 
3280 -0.000000 
3281 0.000000 
3282 -0.000000 
3283 0.000000 
3284 -0.000000 
3285 0.000000 
3286 -0.000000 
3287 0.000000 
3288 -0.000000 
3289 0.000000 
3290 -0.000000 
3291 0.000000 
3292 -0.000000 
3293 0.000000 
3294 0.000000 
3295 -0.000000 
3296 0.000000 
3297 -0.000000 
3298 0.000000 
3299 -0.000000 
3300 0.000000 
3301 -0.000000 
3302 0.000000 
3303 -0.000000 
3304 0.000000 
3305 -0.000000 
3306 0.000000 
3307 -0.000000 
3308 0.000000 
3309 -0.000000 
3310 0.000000 
3311 -0.000000 
3312 0.000000 
3313 -0.000000 
3314 0.000000 
3315 -0.000000 
3316 0.000000 
3317 -0.000000 
3318 0.000000 
3319 -0.000000 
3320 0.000000 
3321 -0.000000 
3322 0.000000 
3323 -0.000000 
3324 0.000000 
3325 -0.000000 
3326 0.000000 
3327 -0.000000 
3328 0.000000 
3329 -0.000000 
3330 0.000000 
3331 -0.000000 
3332 0.000000 
3333 -0.000000 
3334 0.000000 
3335 -0.000000 
3336 0.000000 
3337 -0.000000 
3338 0.000000 
3339 -0.000000 
3340 0.000000 
3341 -0.000000 
3342 0.000000 
3343 -0.000000 
3344 0.000000 
3345 -0.000000 
3346 0.000000 
3347 -0.000000 
3348 0.000000 
3349 -0.000000 
3350 0.000000 
3351 -0.000000 
3352 0.000000 
3353 -0.000000 
3354 0.000000 
3355 -0.000000 
3356 0.000000 
3357 -0.000000 
3358 0.000000 
3359 -0.000000 
3360 0.000000 
3361 -0.000000 
3362 0.000000 
3363 -0.000000 
3364 0.000000 
3365 -0.000000 
3366 0.000000 
3367 -0.000000 
3368 0.000000 
3369 -0.000000 
3370 0.000000 
3371 -0.000000 
3372 0.000000 
3373 -0.000000 
3374 0.000000 
3375 -0.000000 
3376 0.000000 
3377 -0.000000 
3378 0.000000 
3379 -0.000000 
3380 0.000000 
3381 -0.000000 
3382 0.000000 
3383 -0.000000 
3384 0.000000 
3385 -0.000000 
3386 0.000000 
3387 -0.000000 
3388 0.000000 
3389 -0.000000 
3390 0.000000 
3391 -0.000000 
3392 0.000000 
3393 -0.000000 
3394 0.000000 
3395 -0.000000 
3396 0.000000 
3397 -0.000000 
3398 0.000000 
3399 -0.000000 
3400 0.000000 
3401 -0.000000 
3402 0.000000 
3403 -0.000000 
3404 0.000000 
3405 -0.000000 
3406 0.000000 
3407 -0.000000 
3408 0.000000 
3409 -0.000000 
3410 0.000000 
3411 -0.000000 
3412 0.000000 
3413 -0.000000 
3414 0.000000 
3415 -0.000000 
3416 0.000000 
3417 -0.000000 
3418 0.000000 
3419 -0.000000 
3420 0.000000 
3421 -0.000000 
3422 0.000000 
3423 -0.000000 
3424 0.000000 
3425 0.000000 
3426 -0.000000 
3427 0.000000 
3428 -0.000000 
3429 0.000000 
3430 -0.000000 
3431 0.000000 
3432 -0.000000 
3433 0.000000 
3434 -0.000000 
3435 0.000000 
3436 -0.000000 
3437 0.000000 
3438 -0.000000 
3439 0.000000 
3440 -0.000000 
3441 0.000000 
3442 -0.000000 
3443 0.000000 
3444 -0.000000 
3445 0.000000 
3446 -0.000000 
3447 0.000000 
3448 -0.000000 
3449 0.000000 
3450 -0.000000 
3451 0.000000 
3452 -0.000000 
3453 0.000000 
3454 -0.000000 
3455 0.000000 
3456 -0.000000 
3457 0.000000 
3458 -0.000000 
3459 0.000000 
3460 -0.000000 
3461 0.000000 
3462 -0.000000 
3463 0.000000 
3464 -0.000000 
3465 0.000000 
3466 -0.000000 
3467 0.000000 
3468 -0.000000 
3469 0.000000 
3470 -0.000000 
3471 0.000000 
3472 -0.000000 
3473 0.000000 
3474 -0.000000 
3475 0.000000 
3476 -0.000000 
3477 0.000000 
3478 -0.000000 
3479 0.000000 
3480 -0.000000 
3481 0.000000 
3482 -0.000000 
3483 0.000000 
3484 -0.000000 
3485 0.000000 
3486 -0.000000 
3487 0.000000 
3488 -0.000000 
3489 0.000000 
3490 -0.000000 
3491 0.000000 
3492 -0.000000 
3493 0.000000 
3494 -0.000000 
3495 0.000000 
3496 -0.000000 
3497 0.000000 
3498 -0.000000 
3499 0.000000 
3500 -0.000000 
3501 0.000000 
3502 -0.000000 
3503 0.000000 
3504 -0.000000 
3505 0.000000 
3506 -0.000000 
3507 0.000000 
3508 -0.000000 
3509 0.000000 
3510 -0.000000 
3511 0.000000 
3512 -0.000000 
3513 0.000000 
3514 -0.000000 
3515 0.000000 
3516 -0.000000 
3517 0.000000 
3518 -0.000000 
3519 0.000000 
3520 -0.000000 
3521 0.000000 
3522 -0.000000 
3523 0.000000 
3524 -0.000000 
3525 0.000000 
3526 -0.000000 
3527 0.000000 
3528 -0.000000 
3529 0.000000 
3530 -0.000000 
3531 0.000000 
3532 -0.000000 
3533 0.000000 
3534 -0.000000 
3535 0.000000 
3536 -0.000000 
3537 0.000000 
3538 -0.000000 
3539 0.000000 
3540 -0.000000 
3541 0.000000 
3542 -0.000000 
3543 0.000000 
3544 -0.000000 
3545 0.000000 
3546 -0.000000 
3547 0.000000 
3548 -0.000000 
3549 0.000000 
3550 0.000000 
3551 -0.000000 
3552 0.000000 
3553 -0.000000 
3554 0.000000 
3555 -0.000000 
3556 0.000000 
3557 -0.000000 
3558 0.000000 
3559 -0.000000 
3560 0.000000 
3561 -0.000000 
3562 0.000000 
3563 -0.000000 
3564 0.000000 
3565 -0.000000 
3566 0.000000 
3567 -0.000000 
3568 0.000000 
3569 -0.000000 
3570 0.000000 
3571 -0.000000 
3572 0.000000 
3573 -0.000000 
3574 0.000000 
3575 -0.000000 
3576 0.000000 
3577 -0.000000 
3578 0.000000 
3579 -0.000000 
3580 0.000000 
3581 -0.000000 
3582 0.000000 
3583 -0.000000 
3584 0.000000 
3585 -0.000000 
3586 0.000000 
3587 -0.000000 
3588 0.000000 
3589 -0.000000 
3590 0.000000 
3591 -0.000000 
3592 0.000000 
3593 0.000000 
3594 -0.000000 
3595 0.000000 
3596 -0.000000 
3597 0.000000 
3598 -0.000000 
3599 0.000000 
3600 -0.000000 
3601 0.000000 
3602 -0.000000 
3603 0.000000 
3604 -0.000000 
3605 0.000000 
3606 -0.000000 
3607 0.000000 
3608 -0.000000 
3609 0.000000 
3610 -0.000000 
3611 0.000000 
3612 -0.000000 
3613 0.000000 
3614 -0.000000 
3615 0.000000 
3616 -0.000000 
3617 0.000000 
3618 -0.000000 
3619 0.000000 
3620 -0.000000 
3621 0.000000 
3622 -0.000000 
3623 0.000000 
3624 -0.000000 
3625 0.000000 
3626 -0.000000 
3627 0.000000 
3628 -0.000000 
3629 0.000000 
3630 -0.000000 
3631 0.000000 
3632 -0.000000 
3633 0.000000 
3634 -0.000000 
3635 0.000000 
3636 -0.000000 
3637 0.000000 
3638 -0.000000 
3639 0.000000 
3640 -0.000000 
3641 0.000000 
3642 -0.000000 
3643 0.000000 
3644 -0.000000 
3645 0.000000 
3646 -0.000000 
3647 0.000000 
3648 -0.000000 
3649 0.000000 
3650 -0.000000 
3651 0.000000 
3652 -0.000000 
3653 0.000000 
3654 -0.000000 
3655 0.000000 
3656 -0.000000 
3657 0.000000 
3658 -0.000000 
3659 0.000000 
3660 -0.000000 
3661 0.000000 
3662 -0.000000 
3663 0.000000 
3664 -0.000000 
3665 0.000000 
3666 -0.000000 
3667 0.000000 
3668 -0.000000 
3669 0.000000 
3670 -0.000000 
3671 0.000000 
3672 -0.000000 
3673 0.000000 
3674 -0.000000 
3675 0.000000 
3676 -0.000000 
3677 0.000000 
3678 -0.000000 
3679 0.000000 
3680 -0.000000 
3681 -0.000000 
3682 0.000000 
3683 -0.000000 
3684 0.000000 
3685 -0.000000 
3686 0.000000 
3687 -0.000000 
3688 0.000000 
3689 -0.000000 
3690 0.000000 
3691 -0.000000 
3692 0.000000 
3693 -0.000000 
3694 0.000000 
3695 -0.000000 
3696 0.000000 
3697 -0.000000 
3698 0.000000 
3699 -0.000000 
3700 0.000000 
3701 -0.000000 
3702 0.000000 
3703 -0.000000 
3704 0.000000 
3705 -0.000000 
3706 0.000000 
3707 -0.000000 
3708 0.000000 
3709 -0.000000 
3710 0.000000 
3711 -0.000000 
3712 0.000000 
3713 -0.000000 
3714 0.000000 
3715 -0.000000 
3716 0.000000 
3717 -0.000000 
3718 0.000000 
3719 -0.000000 
3720 0.000000 
3721 -0.000000 
3722 0.000000 
3723 -0.000000 
3724 0.000000 
3725 -0.000000 
3726 0.000000 
3727 -0.000000 
3728 0.000000 
3729 -0.000000 
3730 0.000000 
3731 -0.000000 
3732 0.000000 
3733 -0.000000 
3734 0.000000 
3735 -0.000000 
3736 0.000000 
3737 -0.000000 
3738 0.000000 
3739 -0.000000 
3740 0.000000 
3741 -0.000000 
3742 0.000000 
3743 -0.000000 
3744 0.000000 
3745 -0.000000 
3746 0.000000 
3747 -0.000000 
3748 0.000000 
3749 -0.000000 
3750 0.000000 
3751 -0.000000 
3752 0.000000 
3753 -0.000000 
3754 0.000000 
3755 -0.000000 
3756 0.000000 
3757 -0.000000 
3758 0.000000 
3759 -0.000000 
3760 0.000000 
3761 -0.000000 
3762 0.000000 
3763 -0.000000 
3764 0.000000 
3765 -0.000000 
3766 0.000000 
3767 0.000000 
3768 -0.000000 
3769 0.000000 
3770 -0.000000 
3771 0.000000 
3772 -0.000000 
3773 0.000000 
3774 -0.000000 
3775 0.000000 
3776 -0.000000 
3777 0.000000 
3778 -0.000000 
3779 0.000000 
3780 -0.000000 
3781 -0.000000 
3782 0.000000 
3783 -0.000000 
3784 0.000000 
3785 -0.000000 
3786 0.000000 
3787 -0.000000 
3788 0.000000 
3789 -0.000000 
3790 0.000000 
3791 -0.000000 
3792 0.000000 
3793 -0.000000 
3794 0.000000 
3795 -0.000000 
3796 0.000000 
3797 -0.000000 
3798 0.000000 
3799 -0.000000 
3800 0.000000 
3801 -0.000000 
3802 0.000000 
3803 -0.000000 
3804 0.000000 
3805 -0.000000 
3806 0.000000 
3807 -0.000000 
3808 0.000000 
3809 -0.000000 
3810 0.000000 
3811 -0.000000 
3812 0.000000 
3813 -0.000000 
3814 0.000000 
3815 -0.000000 
3816 0.000000 
3817 -0.000000 
3818 0.000000 
3819 -0.000000 
3820 0.000000 
3821 -0.000000 
3822 0.000000 
3823 -0.000000 
3824 0.000000 
3825 -0.000000 
3826 0.000000 
3827 -0.000000 
3828 0.000000 
3829 -0.000000 
3830 0.000000 
3831 -0.000000 
3832 0.000000 
3833 -0.000000 
3834 0.000000 
3835 -0.000000 
3836 0.000000 
3837 -0.000000 
3838 0.000000 
3839 -0.000000 
3840 0.000000 
3841 -0.000000 
3842 0.000000 
3843 -0.000000 
3844 0.000000 
3845 -0.000000 
3846 0.000000 
3847 -0.000000 
3848 0.000000 
3849 -0.000000 
3850 0.000000 
3851 -0.000000 
3852 0.000000 
3853 -0.000000 
3854 0.000000 
3855 -0.000000 
3856 0.000000 
3857 -0.000000 
3858 0.000000 
3859 -0.000000 
3860 0.000000 
3861 -0.000000 
3862 0.000000 
3863 -0.000000 
3864 0.000000 
3865 -0.000000 
3866 0.000000 
3867 -0.000000 
3868 0.000000 
3869 -0.000000 
3870 0.000000 
3871 -0.000000 
3872 0.000000 
3873 -0.000000 
3874 0.000000 
3875 -0.000000 
3876 0.000000 
3877 -0.000000 
3878 0.000000 
3879 -0.000000 
3880 0.000000 
3881 -0.000000 
3882 0.000000 
3883 -0.000000 
3884 0.000000 
3885 -0.000000 
3886 0.000000 
3887 -0.000000 
3888 0.000000 
3889 -0.000000 
3890 0.000000 
3891 -0.000000 
3892 0.000000 
3893 -0.000000 
3894 0.000000 
3895 -0.000000 
3896 0.000000 
3897 -0.000000 
3898 0.000000 
3899 -0.000000 
3900 0.000000 
3901 -0.000000 
3902 0.000000 
3903 -0.000000 
3904 0.000000 
3905 -0.000000 
3906 0.000000 
3907 -0.000000 
3908 0.000000 
3909 -0.000000 
3910 0.000000 
3911 -0.000000 
3912 0.000000 
3913 -0.000000 
3914 0.000000 
3915 0.000000 
3916 -0.000000 
3917 0.000000 
3918 -0.000000 
3919 0.000000 
3920 -0.000000 
3921 0.000000 
3922 -0.000000 
3923 0.000000 
3924 -0.000000 
3925 0.000000 
3926 -0.000000 
3927 0.000000 
3928 -0.000000 
3929 0.000000 
3930 -0.000000 
3931 0.000000 
3932 -0.000000 
3933 0.000000 
3934 -0.000000 
3935 0.000000 
3936 -0.000000 
3937 0.000000 
3938 -0.000000 
3939 0.000000 
3940 -0.000000 
3941 0.000000 
3942 -0.000000 
3943 0.000000 
3944 -0.000000 
3945 0.000000 
3946 -0.000000 
3947 0.000000 
3948 -0.000000 
3949 0.000000 
3950 -0.000000 
3951 0.000000 
3952 -0.000000 
3953 0.000000 
3954 -0.000000 
3955 0.000000 
3956 -0.000000 
3957 0.000000 
3958 -0.000000 
3959 0.000000 
3960 -0.000000 
3961 0.000000 
3962 -0.000000 
3963 0.000000 
3964 -0.000000 
3965 0.000000 
3966 -0.000000 
3967 0.000000 
3968 -0.000000 
3969 0.000000 
3970 -0.000000 
3971 0.000000 
3972 -0.000000 
3973 0.000000 
3974 -0.000000 
3975 0.000000 
3976 -0.000000 
3977 0.000000 
3978 -0.000000 
3979 0.000000 
3980 -0.000000 
3981 0.000000 
3982 -0.000000 
3983 0.000000 
3984 -0.000000 
3985 0.000000 
3986 -0.000000 
3987 0.000000 
3988 -0.000000 
3989 0.000000 
3990 -0.000000 
3991 0.000000 
3992 -0.000000 
3993 0.000000 
3994 -0.000000 
3995 0.000000 
3996 -0.000000 
3997 0.000000 
3998 -0.000000 
3999 0.000000 
4000 -0.000000 
