0 -0.000000 
1 0.000000 
2 -0.000000 
3 0.000000 
4 -0.000000 
5 0.000000 
6 -0.000000 
7 0.000000 
8 -0.000000 
9 0.000000 
10 -0.000000 
11 0.000000 
12 -0.000000 
13 0.000000 
14 -0.000000 
15 0.000000 
16 -0.000000 
17 0.000000 
18 -0.000000 
19 0.000000 
20 -0.000000 
21 0.000000 
22 -0.000000 
23 0.000000 
24 -0.000000 
25 0.000000 
26 -0.000000 
27 0.000000 
28 -0.000000 
29 0.000000 
30 -0.000000 
31 0.000000 
32 -0.000000 
33 0.000000 
34 -0.000000 
35 0.000000 
36 -0.000000 
37 0.000000 
38 -0.000000 
39 0.000000 
40 -0.000000 
41 0.000000 
42 -0.000000 
43 0.000000 
44 -0.000000 
45 0.000000 
46 0.000000 
47 -0.000000 
48 0.000000 
49 -0.000000 
50 0.000000 
51 -0.000000 
52 0.000000 
53 -0.000000 
54 0.000000 
55 -0.000000 
56 0.000000 
57 -0.000000 
58 0.000000 
59 -0.000000 
60 0.000000 
61 -0.000000 
62 0.000000 
63 -0.000000 
64 0.000000 
65 -0.000000 
66 0.000000 
67 -0.000000 
68 0.000000 
69 -0.000000 
70 0.000000 
71 -0.000000 
72 0.000000 
73 -0.000000 
74 0.000000 
75 -0.000000 
76 0.000000 
77 -0.000000 
78 0.000000 
79 -0.000000 
80 0.000000 
81 -0.000000 
82 0.000000 
83 -0.000000 
84 0.000000 
85 -0.000000 
86 0.000000 
87 -0.000000 
88 -0.000000 
89 0.000000 
90 -0.000000 
91 0.000000 
92 -0.000000 
93 0.000000 
94 -0.000000 
95 0.000000 
96 -0.000000 
97 0.000000 
98 -0.000000 
99 0.000000 
100 -0.000000 
101 0.000000 
102 -0.000000 
103 0.000000 
104 -0.000000 
105 0.000000 
106 -0.000000 
107 -0.000000 
108 0.000000 
109 -0.000000 
110 0.000000 
111 -0.000000 
112 0.000000 
113 -0.000000 
114 0.000000 
115 -0.000000 
116 0.000000 
117 -0.000000 
118 0.000000 
119 -0.000000 
120 0.000000 
121 -0.000000 
122 0.000000 
123 -0.000000 
124 0.000000 
125 -0.000000 
126 0.000000 
127 -0.000000 
128 0.000000 
129 -0.000000 
130 0.000000 
131 -0.000000 
132 0.000000 
133 -0.000000 
134 0.000000 
135 -0.000000 
136 0.000000 
137 -0.000000 
138 0.000000 
139 -0.000000 
140 0.000000 
141 -0.000000 
142 0.000000 
143 -0.000000 
144 0.000000 
145 -0.000000 
146 0.000000 
147 -0.000000 
148 0.000000 
149 -0.000000 
150 0.000000 
151 -0.000000 
152 0.000000 
153 -0.000000 
154 0.000000 
155 -0.000000 
156 0.000000 
157 -0.000000 
158 0.000000 
159 -0.000000 
160 0.000000 
161 -0.000000 
162 0.000000 
163 -0.000000 
164 0.000000 
165 -0.000000 
166 0.000000 
167 -0.000000 
168 0.000000 
169 -0.000000 
170 0.000000 
171 -0.000000 
172 0.000000 
173 -0.000000 
174 0.000000 
175 -0.000000 
176 0.000000 
177 -0.000000 
178 0.000000 
179 -0.000000 
180 0.000000 
181 -0.000000 
182 0.000000 
183 -0.000000 
184 0.000000 
185 -0.000000 
186 0.000000 
187 -0.000000 
188 0.000000 
189 -0.000000 
190 0.000000 
191 -0.000000 
192 0.000000 
193 -0.000000 
194 0.000000 
195 -0.000000 
196 0.000000 
197 -0.000000 
198 0.000000 
199 -0.000000 
200 0.000000 
201 -0.000000 
202 0.000000 
203 -0.000000 
204 0.000000 
205 -0.000000 
206 0.000000 
207 -0.000000 
208 0.000000 
209 -0.000000 
210 0.000000 
211 -0.000000 
212 0.000000 
213 -0.000000 
214 0.000000 
215 -0.000000 
216 0.000000 
217 -0.000000 
218 0.000000 
219 -0.000000 
220 0.000000 
221 0.000000 
222 -0.000000 
223 0.000000 
224 -0.000000 
225 0.000000 
226 -0.000000 
227 0.000000 
228 -0.000000 
229 0.000000 
230 -0.000000 
231 0.000000 
232 -0.000000 
233 0.000000 
234 -0.000000 
235 0.000000 
236 -0.000000 
237 0.000000 
238 -0.000000 
239 0.000000 
240 -0.000000 
241 0.000000 
242 -0.000000 
243 0.000000 
244 -0.000000 
245 0.000000 
246 -0.000000 
247 0.000000 
248 -0.000000 
249 0.000000 
250 -0.000000 
251 0.000000 
252 -0.000000 
253 0.000000 
254 0.000000 
255 -0.000000 
256 0.000000 
257 -0.000000 
258 0.000000 
259 -0.000000 
260 0.000000 
261 -0.000000 
262 0.000000 
263 -0.000000 
264 0.000000 
265 -0.000000 
266 0.000000 
267 -0.000000 
268 0.000000 
269 -0.000000 
270 0.000000 
271 -0.000000 
272 0.000000 
273 -0.000000 
274 0.000000 
275 -0.000000 
276 -0.000000 
277 0.000000 
278 -0.000000 
279 0.000000 
280 -0.000000 
281 0.000000 
282 -0.000000 
283 0.000000 
284 -0.000000 
285 0.000000 
286 -0.000000 
287 0.000000 
288 -0.000000 
289 0.000000 
290 -0.000000 
291 0.000000 
292 -0.000000 
293 0.000000 
294 -0.000000 
295 0.000000 
296 -0.000000 
297 0.000000 
298 -0.000000 
299 0.000000 
300 -0.000000 
301 0.000000 
302 -0.000000 
303 0.000000 
304 -0.000000 
305 0.000000 
306 -0.000000 
307 0.000000 
308 -0.000000 
309 0.000000 
310 -0.000000 
311 0.000000 
312 -0.000000 
313 0.000000 
314 -0.000000 
315 0.000000 
316 -0.000000 
317 0.000000 
318 -0.000000 
319 0.000000 
320 -0.000000 
321 0.000000 
322 -0.000000 
323 0.000000 
324 -0.000000 
325 0.000000 
326 -0.000000 
327 0.000000 
328 -0.000000 
329 0.000000 
330 -0.000000 
331 0.000000 
332 -0.000000 
333 0.000000 
334 -0.000000 
335 0.000000 
336 -0.000000 
337 0.000000 
338 -0.000000 
339 -0.000000 
340 0.000000 
341 -0.000000 
342 0.000000 
343 -0.000000 
344 0.000000 
345 -0.000000 
346 0.000000 
347 -0.000000 
348 0.000000 
349 -0.000000 
350 0.000000 
351 -0.000000 
352 0.000000 
353 -0.000000 
354 0.000000 
355 -0.000000 
356 0.000000 
357 -0.000000 
358 0.000000 
359 -0.000000 
360 0.000000 
361 -0.000000 
362 0.000000 
363 -0.000000 
364 0.000000 
365 -0.000000 
366 0.000000 
367 -0.000000 
368 0.000000 
369 -0.000000 
370 0.000000 
371 -0.000000 
372 0.000000 
373 -0.000000 
374 0.000000 
375 -0.000000 
376 0.000000 
377 -0.000000 
378 0.000000 
379 -0.000000 
380 0.000000 
381 -0.000000 
382 0.000000 
383 -0.000000 
384 0.000000 
385 -0.000000 
386 0.000000 
387 -0.000000 
388 0.000000 
389 -0.000000 
390 0.000000 
391 -0.000000 
392 0.000000 
393 -0.000000 
394 0.000000 
395 -0.000000 
396 0.000000 
397 -0.000000 
398 0.000000 
399 -0.000000 
400 0.000000 
401 -0.000000 
402 0.000000 
403 -0.000000 
404 0.000000 
405 -0.000000 
406 -0.000000 
407 0.000000 
408 -0.000000 
409 0.000000 
410 -0.000000 
411 0.000000 
412 -0.000000 
413 0.000000 
414 -0.000000 
415 0.000000 
416 -0.000000 
417 0.000000 
418 -0.000000 
419 0.000000 
420 -0.000000 
421 0.000000 
422 -0.000000 
423 0.000000 
424 -0.000000 
425 0.000000 
426 -0.000000 
427 0.000000 
428 0.000000 
429 -0.000000 
430 0.000000 
431 -0.000000 
432 0.000000 
433 -0.000000 
434 0.000000 
435 -0.000000 
436 0.000000 
437 -0.000000 
438 0.000000 
439 -0.000000 
440 0.000000 
441 -0.000000 
442 0.000000 
443 -0.000000 
444 0.000000 
445 -0.000000 
446 0.000000 
447 -0.000000 
448 0.000000 
449 -0.000000 
450 0.000000 
451 -0.000000 
452 0.000000 
453 -0.000000 
454 0.000000 
455 -0.000000 
456 0.000000 
457 -0.000000 
458 0.000000 
459 -0.000000 
460 0.000000 
461 -0.000000 
462 0.000000 
463 -0.000000 
464 0.000000 
465 -0.000000 
466 0.000000 
467 -0.000000 
468 0.000000 
469 -0.000000 
470 0.000000 
471 -0.000000 
472 0.000000 
473 -0.000000 
474 0.000000 
475 -0.000000 
476 0.000000 
477 -0.000000 
478 0.000000 
479 -0.000000 
480 0.000000 
481 -0.000000 
482 0.000000 
483 -0.000000 
484 0.000000 
485 -0.000000 
486 0.000000 
487 -0.000000 
488 0.000000 
489 -0.000000 
490 0.000000 
491 -0.000000 
492 0.000000 
493 -0.000000 
494 0.000000 
495 -0.000000 
496 0.000000 
497 -0.000000 
498 0.000000 
499 -0.000000 
500 0.000000 
501 -0.000000 
502 0.000000 
503 -0.000000 
504 0.000000 
505 -0.000000 
506 -0.000000 
507 0.000000 
508 -0.000000 
509 0.000000 
510 -0.000000 
511 0.000000 
512 -0.000000 
513 0.000000 
514 -0.000000 
515 0.000000 
516 -0.000000 
517 0.000000 
518 -0.000000 
519 0.000000 
520 -0.000000 
521 0.000000 
522 -0.000000 
523 0.000000 
524 -0.000000 
525 0.000000 
526 -0.000000 
527 0.000000 
528 -0.000000 
529 0.000000 
530 -0.000000 
531 0.000000 
532 -0.000000 
533 0.000000 
534 -0.000000 
535 0.000000 
536 -0.000000 
537 0.000000 
538 -0.000000 
539 0.000000 
540 -0.000000 
541 0.000000 
542 -0.000000 
543 0.000000 
544 -0.000000 
545 0.000000 
546 -0.000000 
547 0.000000 
548 -0.000000 
549 0.000000 
550 -0.000000 
551 0.000000 
552 -0.000000 
553 0.000000 
554 -0.000000 
555 0.000000 
556 -0.000000 
557 0.000000 
558 -0.000000 
559 0.000000 
560 0.000000 
561 -0.000000 
562 0.000000 
563 -0.000000 
564 0.000000 
565 -0.000000 
566 0.000000 
567 -0.000000 
568 0.000000 
569 -0.000000 
570 0.000000 
571 -0.000000 
572 0.000000 
573 -0.000000 
574 0.000000 
575 -0.000000 
576 0.000000 
577 -0.000000 
578 0.000000 
579 -0.000000 
580 0.000000 
581 -0.000000 
582 0.000000 
583 -0.000000 
584 0.000000 
585 -0.000000 
586 0.000000 
587 -0.000000 
588 0.000000 
589 -0.000000 
590 0.000000 
591 -0.000000 
592 0.000000 
593 -0.000000 
594 0.000000 
595 -0.000000 
596 0.000000 
597 -0.000000 
598 0.000000 
599 -0.000000 
600 0.000000 
601 -0.000000 
602 0.000000 
603 -0.000000 
604 0.000000 
605 -0.000000 
606 0.000000 
607 -0.000000 
608 0.000000 
609 -0.000000 
610 0.000000 
611 -0.000000 
612 0.000000 
613 -0.000000 
614 0.000000 
615 -0.000000 
616 0.000000 
617 -0.000000 
618 0.000000 
619 -0.000000 
620 0.000000 
621 -0.000000 
622 0.000000 
623 -0.000000 
624 0.000000 
625 -0.000000 
626 0.000000 
627 -0.000000 
628 0.000000 
629 -0.000000 
630 0.000000 
631 -0.000000 
632 0.000000 
633 -0.000000 
634 0.000000 
635 -0.000000 
636 0.000000 
637 -0.000000 
638 0.000000 
639 -0.000000 
640 0.000000 
641 -0.000000 
642 0.000000 
643 -0.000000 
644 0.000000 
645 -0.000000 
646 0.000000 
647 -0.000000 
648 0.000000 
649 -0.000000 
650 0.000000 
651 -0.000000 
652 0.000000 
653 -0.000000 
654 0.000000 
655 -0.000000 
656 0.000000 
657 -0.000000 
658 0.000000 
659 -0.000000 
660 0.000000 
661 -0.000000 
662 0.000000 
663 -0.000000 
664 0.000000 
665 -0.000000 
666 0.000000 
667 -0.000000 
668 0.000000 
669 -0.000000 
670 0.000000 
671 -0.000000 
672 0.000000 
673 -0.000000 
674 0.000000 
675 -0.000000 
676 0.000000 
677 -0.000000 
678 0.000000 
679 -0.000000 
680 0.000000 
681 -0.000000 
682 0.000000 
683 -0.000000 
684 0.000000 
685 -0.000000 
686 0.000000 
687 -0.000000 
688 0.000000 
689 -0.000000 
690 0.000000 
691 -0.000000 
692 0.000000 
693 0.000000 
694 -0.000000 
695 0.000000 
696 -0.000000 
697 0.000000 
698 -0.000000 
699 0.000000 
700 -0.000000 
701 0.000000 
702 -0.000000 
703 0.000000 
704 -0.000000 
705 0.000000 
706 -0.000000 
707 0.000000 
708 -0.000000 
709 0.000000 
710 -0.000000 
711 0.000000 
712 -0.000000 
713 0.000000 
714 -0.000000 
715 0.000000 
716 -0.000000 
717 0.000000 
718 -0.000000 
719 0.000000 
720 -0.000000 
721 0.000000 
722 -0.000000 
723 0.000000 
724 -0.000000 
725 0.000000 
726 -0.000000 
727 0.000000 
728 -0.000000 
729 0.000000 
730 -0.000000 
731 0.000000 
732 -0.000000 
733 0.000000 
734 -0.000000 
735 0.000000 
736 -0.000000 
737 0.000000 
738 -0.000000 
739 0.000000 
740 -0.000000 
741 0.000000 
742 -0.000000 
743 0.000000 
744 -0.000000 
745 0.000000 
746 -0.000000 
747 0.000000 
748 -0.000000 
749 0.000000 
750 -0.000000 
751 0.000000 
752 -0.000000 
753 0.000000 
754 -0.000000 
755 0.000000 
756 -0.000000 
757 0.000000 
758 -0.000000 
759 0.000000 
760 -0.000000 
761 0.000000 
762 -0.000000 
763 0.000000 
764 -0.000000 
765 0.000000 
766 -0.000000 
767 0.000000 
768 -0.000000 
769 0.000000 
770 -0.000000 
771 0.000000 
772 -0.000000 
773 0.000000 
774 -0.000000 
775 0.000000 
776 -0.000000 
777 0.000000 
778 -0.000000 
779 0.000000 
780 -0.000000 
781 0.000000 
782 -0.000000 
783 0.000000 
784 -0.000000 
785 0.000000 
786 -0.000000 
787 0.000000 
788 -0.000000 
789 0.000000 
790 -0.000000 
791 0.000000 
792 -0.000000 
793 0.000000 
794 -0.000000 
795 0.000000 
796 -0.000000 
797 0.000000 
798 -0.000000 
799 0.000001 
800 -0.000001 
801 0.000001 
802 -0.000001 
803 0.000001 
804 -0.000001 
805 0.000001 
806 -0.000001 
807 0.000001 
808 -0.000001 
809 0.000001 
810 -0.000001 
811 0.000001 
812 -0.000001 
813 0.000000 
814 -0.000000 
815 0.000000 
816 -0.000000 
817 0.000000 
818 -0.000000 
819 0.000000 
820 -0.000000 
821 0.000000 
822 -0.000000 
823 -0.000000 
824 0.000000 
825 -0.000000 
826 0.000000 
827 -0.000000 
828 0.000001 
829 -0.000001 
830 0.000001 
831 -0.000001 
832 0.000001 
833 -0.000001 
834 0.000001 
835 -0.000002 
836 0.000002 
837 -0.000002 
838 0.000002 
839 -0.000002 
840 0.000003 
841 -0.000003 
842 0.000003 
843 -0.000003 
844 0.000004 
845 -0.000004 
846 0.000004 
847 -0.000005 
848 0.000005 
849 -0.000005 
850 0.000006 
851 -0.000006 
852 0.000006 
853 -0.000007 
854 0.000007 
855 -0.000008 
856 0.000008 
857 -0.000009 
858 0.000009 
859 -0.000010 
860 0.000010 
861 -0.000011 
862 0.000011 
863 -0.000012 
864 0.000013 
865 -0.000013 
866 0.000014 
867 -0.000015 
868 0.000015 
869 -0.000016 
870 0.000017 
871 -0.000018 
872 0.000019 
873 -0.000020 
874 0.000021 
875 -0.000022 
876 0.000023 
877 -0.000024 
878 0.000025 
879 -0.000026 
880 0.000028 
881 -0.000029 
882 0.000030 
883 -0.000032 
884 0.000033 
885 -0.000035 
886 0.000036 
887 -0.000038 
888 0.000040 
889 -0.000042 
890 0.000044 
891 -0.000046 
892 0.000048 
893 -0.000050 
894 0.000052 
895 -0.000054 
896 0.000057 
897 -0.000059 
898 0.000062 
899 -0.000065 
900 0.000067 
901 -0.000070 
902 0.000073 
903 -0.000076 
904 0.000080 
905 -0.000083 
906 0.000086 
907 -0.000090 
908 0.000093 
909 -0.000097 
910 0.000101 
911 -0.000105 
912 0.000109 
913 -0.000113 
914 0.000117 
915 -0.000121 
916 0.000125 
917 -0.000130 
918 0.000134 
919 -0.000138 
920 0.000143 
921 -0.000147 
922 0.000151 
923 -0.000155 
924 0.000159 
925 -0.000163 
926 0.000167 
927 -0.000170 
928 0.000173 
929 -0.000176 
930 0.000178 
931 -0.000181 
932 0.000182 
933 -0.000183 
934 0.000184 
935 -0.000184 
936 0.000183 
937 -0.000181 
938 0.000179 
939 -0.000175 
940 0.000171 
941 -0.000165 
942 0.000159 
943 -0.000151 
944 0.000142 
945 -0.000131 
946 0.000120 
947 -0.000106 
948 0.000091 
949 -0.000075 
950 0.000056 
951 -0.000036 
952 0.000015 
953 0.000009 
954 -0.000034 
955 0.000062 
956 -0.000091 
957 0.000123 
958 -0.000156 
959 0.000191 
960 -0.000229 
961 0.000268 
962 -0.000309 
963 0.000353 
964 -0.000398 
965 0.000446 
966 -0.000495 
967 0.000547 
968 -0.000600 
969 0.000655 
970 -0.000713 
971 0.000772 
972 -0.000833 
973 0.000896 
974 -0.000960 
975 0.001027 
976 -0.001095 
977 0.001165 
978 -0.001237 
979 0.001311 
980 -0.001386 
981 0.001464 
982 -0.001543 
983 0.001624 
984 -0.001707 
985 0.001793 
986 -0.001880 
987 0.001969 
988 -0.002060 
989 0.002154 
990 -0.002250 
991 0.002348 
992 -0.002449 
993 0.002553 
994 -0.002659 
995 0.002768 
996 -0.002880 
997 0.002995 
998 -0.003113 
999 0.003235 
1000 -0.003360 
1001 0.003489 
1002 -0.003621 
1003 0.003758 
1004 -0.003898 
1005 0.004043 
1006 -0.004193 
1007 0.004346 
1008 -0.004505 
1009 0.004669 
1010 -0.004838 
1011 0.005012 
1012 -0.005191 
1013 0.005377 
1014 -0.005568 
1015 0.005765 
1016 -0.005968 
1017 0.006178 
1018 -0.006394 
1019 0.006618 
1020 -0.006848 
1021 0.007085 
1022 -0.007329 
1023 0.007581 
1024 -0.007840 
1025 0.008107 
1026 -0.008381 
1027 0.008664 
1028 -0.008954 
1029 0.009252 
1030 -0.009558 
1031 0.009872 
1032 -0.010193 
1033 0.010522 
1034 -0.010859 
1035 0.011203 
1036 -0.011554 
1037 0.011912 
1038 -0.012276 
1039 0.012646 
1040 -0.013021 
1041 0.013400 
1042 -0.013783 
1043 0.014169 
1044 -0.014557 
1045 0.014946 
1046 -0.015334 
1047 0.015719 
1048 -0.016102 
1049 0.016478 
1050 -0.016848 
1051 0.017207 
1052 -0.017555 
1053 0.017889 
1054 -0.018205 
1055 0.018501 
1056 -0.018774 
1057 0.019021 
1058 -0.019237 
1059 0.019419 
1060 -0.019563 
1061 0.019665 
1062 -0.019721 
1063 0.019725 
1064 -0.019673 
1065 0.019561 
1066 -0.019383 
1067 0.019133 
1068 -0.018808 
1069 0.018401 
1070 -0.017907 
1071 0.017322 
1072 -0.016639 
1073 0.015854 
1074 -0.014962 
1075 0.013957 
1076 -0.012835 
1077 0.011593 
1078 -0.010225 
1079 0.008727 
1080 -0.007097 
1081 0.005332 
1082 -0.003428 
1083 0.001384 
1084 0.000803 
1085 -0.003133 
1086 0.005607 
1087 -0.008225 
1088 0.010987 
1089 -0.013891 
1090 0.016938 
1091 -0.020124 
1092 0.023447 
1093 -0.026905 
1094 0.030493 
1095 -0.034210 
1096 0.038050 
1097 -0.042009 
1098 0.046083 
1099 -0.050268 
1100 0.054558 
1101 -0.058948 
1102 0.063434 
1103 -0.068012 
1104 0.072675 
1105 -0.077421 
1106 0.082244 
1107 -0.087140 
1108 0.092107 
1109 -0.097140 
1110 0.102236 
1111 -0.107394 
1112 0.112612 
1113 -0.117887 
1114 0.123219 
1115 -0.128607 
1116 0.134051 
1117 -0.139551 
1118 0.145110 
1119 -0.150727 
1120 0.156406 
1121 -0.162148 
1122 0.167956 
1123 -0.173833 
1124 0.179783 
1125 -0.185809 
1126 0.191916 
1127 -0.198108 
1128 0.204390 
1129 -0.210765 
1130 0.217240 
1131 -0.223818 
1132 0.230506 
1133 -0.237307 
1134 0.244228 
1135 -0.251274 
1136 0.258449 
1137 -0.265758 
1138 0.273208 
1139 -0.280803 
1140 0.288547 
1141 -0.296446 
1142 0.304504 
1143 -0.312727 
1144 0.321118 
1145 -0.329682 
1146 0.338424 
1147 -0.347347 
1148 0.356457 
1149 -0.365755 
1150 0.375247 
1151 -0.384936 
1152 0.394825 
1153 -0.404916 
1154 0.415212 
1155 -0.425715 
1156 0.436428 
1157 -0.447349 
1158 0.458481 
1159 -0.469823 
1160 0.481372 
1161 -0.493128 
1162 0.505085 
1163 -0.517240 
1164 0.529585 
1165 -0.542113 
1166 0.554813 
1167 -0.567673 
1168 0.580678 
1169 -0.593811 
1170 0.607051 
1171 -0.620374 
1172 0.633755 
1173 -0.647161 
1174 0.660558 
1175 -0.673907 
1176 0.687164 
1177 -0.700280 
1178 0.713202 
1179 -0.725871 
1180 0.738222 
1181 -0.750186 
1182 0.761686 
1183 -0.772641 
1184 0.782964 
1185 -0.792561 
1186 0.801333 
1187 -0.809177 
1188 0.815983 
1189 -0.821636 
1190 0.826019 
1191 -0.829008 
1192 0.830478 
1193 -0.830300 
1194 0.828344 
1195 -0.824478 
1196 0.818571 
1197 -0.810493 
1198 0.800115 
1199 -0.787311 
1200 0.771961 
1201 -0.753947 
1202 0.733163 
1203 -0.709505 
1204 0.682882 
1205 -0.653211 
1206 0.620423 
1207 -0.584459 
1208 0.545273 
1209 -0.502835 
1210 0.457130 
1211 -0.408157 
1212 0.355933 
1213 -0.300490 
1214 0.241877 
1215 -0.180160 
1216 0.115421 
1217 -0.047758 
1218 -0.022715 
1219 0.095871 
1220 -0.171566 
1221 0.249647 
1222 -0.329947 
1223 0.412290 
1224 -0.496492 
1225 0.582360 
1226 -0.669699 
1227 0.758308 
1228 -0.847985 
1229 0.938528 
1230 -1.029738 
1231 1.121420 
1232 -1.213382 
1233 1.305440 
1234 -1.397422 
1235 1.489160 
1236 -1.580503 
1237 1.671308 
1238 -1.761448 
1239 1.850809 
1240 -1.939292 
1241 2.026811 
1242 -2.113298 
1243 2.198699 
1244 -2.282976 
1245 2.366104 
1246 -2.448073 
1247 2.528887 
1248 -2.608563 
1249 2.687131 
1250 -2.764630 
1251 2.841111 
1252 -2.916634 
1253 2.991266 
1254 -3.065081 
1255 3.138160 
1256 -3.210588 
1257 3.282453 
1258 -3.353846 
1259 3.424860 
1260 -3.495589 
1261 3.566125 
1262 -3.636559 
1263 3.706983 
1264 -3.777484 
1265 3.848146 
1266 -3.919050 
1267 3.990275 
1268 -4.061892 
1269 4.133970 
1270 -4.206573 
1271 4.279759 
1272 -4.353582 
1273 4.428089 
1274 -4.503323 
1275 4.579322 
1276 -4.656116 
1277 4.733732 
1278 -4.812189 
1279 4.891502 
1280 -4.971677 
1281 5.052716 
1282 -5.134613 
1283 5.217356 
1284 -5.300924 
1285 5.385290 
1286 -5.470416 
1287 5.556258 
1288 -5.642759 
1289 5.729855 
1290 -5.817469 
1291 5.905510 
1292 -5.993878 
1293 6.082455 
1294 -6.171112 
1295 6.259699 
1296 -6.348053 
1297 6.435990 
1298 -6.523306 
1299 6.609778 
1300 -6.695158 
1301 6.779178 
1302 -6.861542 
1303 6.941932 
1304 -7.020000 
1305 7.095373 
1306 -7.167649 
1307 7.236397 
1308 -7.301157 
1309 7.361440 
1310 -7.416727 
1311 7.466473 
1312 -7.510102 
1313 7.547012 
1314 -7.576576 
1315 7.598145 
1316 -7.611046 
1317 7.614590 
1318 -7.608071 
1319 7.590773 
1320 -7.561974 
1321 7.520946 
1322 -7.466967 
1323 7.399322 
1324 -7.317309 
1325 7.220249 
1326 -7.107487 
1327 6.978404 
1328 -6.832422 
1329 6.669008 
1330 -6.487689 
1331 6.288050 
1332 -6.069747 
1333 5.832510 
1334 -5.576151 
1335 5.300572 
1336 -5.005763 
1337 4.691813 
1338 -4.358912 
1339 4.007349 
1340 -3.637522 
1341 3.249931 
1342 -2.845182 
1343 2.423983 
1344 -1.987143 
1345 1.535566 
1346 -1.070251 
1347 0.592277 
1348 -0.102806 
1349 -0.396934 
1350 0.905651 
1351 -1.422002 
1352 1.944607 
1353 -2.472051 
1354 3.002903 
1355 -3.535727 
1356 4.069089 
1357 -4.601573 
1358 5.131789 
1359 -5.658390 
1360 6.180073 
1361 -6.695599 
1362 7.203795 
1363 -7.703563 
1364 8.193891 
1365 -8.673856 
1366 9.142628 
1367 -9.599475 
1368 10.043768 
1369 -10.474978 
1370 10.892679 
1371 -11.296543 
1372 11.686346 
1373 -12.061956 
1374 12.423333 
1375 -12.770524 
1376 13.103657 
1377 -13.422935 
1378 13.728627 
1379 -14.021063 
1380 14.300625 
1381 -14.567740 
1382 14.822873 
1383 -15.066517 
1384 15.299186 
1385 -15.521407 
1386 15.733718 
1387 -15.936653 
1388 16.130742 
1389 -16.316504 
1390 16.494440 
1391 -16.665031 
1392 16.828732 
1393 -16.985971 
1394 17.137145 
1395 -17.282617 
1396 17.422719 
1397 -17.557744 
1398 17.687954 
1399 -17.813574 
1400 17.934795 
1401 -18.051776 
1402 18.164643 
1403 -18.273494 
1404 18.378398 
1405 -18.479400 
1406 18.576521 
1407 -18.669762 
1408 18.759104 
1409 -18.844516 
1410 18.925950 
1411 -19.003350 
1412 19.076648 
1413 -19.145773 
1414 19.210644 
1415 -19.271180 
1416 19.327296 
1417 -19.378902 
1418 19.425911 
1419 -19.468231 
1420 19.505770 
1421 -19.538433 
1422 19.566122 
1423 -19.588733 
1424 19.606157 
1425 -19.618277 
1426 19.624967 
1427 -19.626085 
1428 19.621478 
1429 -19.610973 
1430 19.594377 
1431 -19.571475 
1432 19.542026 
1433 -19.505759 
1434 19.462375 
1435 -19.411540 
1436 19.352888 
1437 -19.286014 
1438 19.210479 
1439 -19.125804 
1440 19.031476 
1441 -18.926943 
1442 18.811620 
1443 -18.684889 
1444 18.546102 
1445 -18.394587 
1446 18.229651 
1447 -18.050585 
1448 17.856671 
1449 -17.647192 
1450 17.421433 
1451 -17.178697 
1452 16.918310 
1453 -16.639630 
1454 16.342061 
1455 -16.025057 
1456 15.688139 
1457 -15.330901 
1458 14.953022 
1459 -14.554275 
1460 14.134538 
1461 -13.693799 
1462 13.232170 
1463 -12.749887 
1464 12.247320 
1465 -11.724977 
1466 11.183507 
1467 -10.623700 
1468 10.046489 
1469 -9.452946 
1470 8.844283 
1471 -8.221839 
1472 7.587084 
1473 -6.941600 
1474 6.287077 
1475 -5.625301 
1476 4.958139 
1477 -4.287527 
1478 3.615454 
1479 -2.943947 
1480 2.275051 
1481 -1.610819 
1482 0.953288 
1483 -0.304467 
1484 -0.333684 
1485 0.959264 
1486 -1.570453 
1487 2.165522 
1488 -2.742847 
1489 3.300921 
1490 -3.838364 
1491 4.353932 
1492 -4.846526 
1493 5.315192 
1494 -5.759131 
1495 6.177697 
1496 -6.570395 
1497 6.936886 
1498 -7.276976 
1499 7.590620 
1500 -7.877906 
1501 8.139056 
1502 -8.374413 
1503 8.584434 
1504 -8.769679 
1505 8.930802 
1506 -9.068537 
1507 9.183692 
1508 -9.277132 
1509 9.349773 
1510 -9.402571 
1511 9.436508 
1512 -9.452586 
1513 9.451818 
1514 -9.435217 
1515 9.403792 
1516 -9.358537 
1517 9.300431 
1518 -9.230426 
1519 9.149452 
1520 -9.058402 
1521 8.958142 
1522 -8.849499 
1523 8.733267 
1524 -8.610203 
1525 8.481032 
1526 -8.346439 
1527 8.207081 
1528 -8.063582 
1529 7.916536 
1530 -7.766510 
1531 7.614049 
1532 -7.459672 
1533 7.303881 
1534 -7.147160 
1535 6.989975 
1536 -6.832783 
1537 6.676025 
1538 -6.520134 
1539 6.365532 
1540 -6.212632 
1541 6.061838 
1542 -5.913545 
1543 5.768138 
1544 -5.625989 
1545 5.487459 
1546 -5.352894 
1547 5.222623 
1548 -5.096953 
1549 4.976173 
1550 -4.860541 
1551 4.750290 
1552 -4.645619 
1553 4.546692 
1554 -4.453632 
1555 4.366523 
1556 -4.285401 
1557 4.210255 
1558 -4.141023 
1559 4.077588 
1560 -4.019782 
1561 3.967376 
1562 -3.920087 
1563 3.877571 
1564 -3.839428 
1565 3.805199 
1566 -3.774370 
1567 3.746369 
1568 -3.720574 
1569 3.696310 
1570 -3.672855 
1571 3.649444 
1572 -3.625271 
1573 3.599493 
1574 -3.571240 
1575 3.539611 
1576 -3.503690 
1577 3.462542 
1578 -3.415227 
1579 3.360802 
1580 -3.298328 
1581 3.226877 
1582 -3.145540 
1583 3.053433 
1584 -2.949704 
1585 2.833539 
1586 -2.704171 
1587 2.560885 
1588 -2.403026 
1589 2.230005 
1590 -2.041303 
1591 1.836481 
1592 -1.615183 
1593 1.377139 
1594 -1.122173 
1595 0.850204 
1596 -0.561252 
1597 0.255435 
1598 0.067024 
1599 -0.405800 
1600 0.760465 
1601 -1.130491 
1602 1.515249 
1603 -1.914017 
1604 2.325979 
1605 -2.750234 
1606 3.185803 
1607 -3.631630 
1608 4.086598 
1609 -4.549531 
1610 5.019205 
1611 -5.494360 
1612 5.973705 
1613 -6.455934 
1614 6.939731 
1615 -7.423784 
1616 7.906793 
1617 -8.387482 
1618 8.864605 
1619 -9.336960 
1620 9.803391 
1621 -10.262801 
1622 10.714157 
1623 -11.156495 
1624 11.588926 
1625 -12.010640 
1626 12.420907 
1627 -12.819083 
1628 13.204608 
1629 -13.577007 
1630 13.935890 
1631 -14.280949 
1632 14.611957 
1633 -14.928765 
1634 15.231297 
1635 -15.519550 
1636 15.793582 
1637 -16.053517 
1638 16.299531 
1639 -16.531852 
1640 16.750756 
1641 -16.956556 
1642 17.149603 
1643 -17.330277 
1644 17.498984 
1645 -17.656153 
1646 17.802228 
1647 -17.937668 
1648 18.062941 
1649 -18.178520 
1650 18.284883 
1651 -18.382508 
1652 18.471869 
1653 -18.553438 
1654 18.627681 
1655 -18.695052 
1656 18.756000 
1657 -18.810958 
1658 18.860349 
1659 -18.904580 
1660 18.944044 
1661 -18.979116 
1662 19.010153 
1663 -19.037492 
1664 19.061451 
1665 -19.082325 
1666 19.100387 
1667 -19.115885 
1668 19.129042 
1669 -19.140055 
1670 19.149094 
1671 -19.156298 
1672 19.161779 
1673 -19.165617 
1674 19.167860 
1675 -19.168524 
1676 19.167593 
1677 -19.165016 
1678 19.160709 
1679 -19.154553 
1680 19.146393 
1681 -19.136042 
1682 19.123275 
1683 -19.107835 
1684 19.089430 
1685 -19.067733 
1686 19.042384 
1687 -19.012990 
1688 18.979129 
1689 -18.940343 
1690 18.896149 
1691 -18.846031 
1692 18.789449 
1693 -18.725836 
1694 18.654601 
1695 -18.575130 
1696 18.486791 
1697 -18.388934 
1698 18.280892 
1699 -18.161990 
1700 18.031540 
1701 -17.888853 
1702 17.733236 
1703 -17.564001 
1704 17.380467 
1705 -17.181967 
1706 16.967851 
1707 -16.737493 
1708 16.490300 
1709 -16.225713 
1710 15.943216 
1711 -15.642345 
1712 15.322693 
1713 -14.983915 
1714 14.625740 
1715 -14.247972 
1716 13.850502 
1717 -13.433313 
1718 12.996481 
1719 -12.540188 
1720 12.064722 
1721 -11.570482 
1722 11.057979 
1723 -10.527843 
1724 9.980818 
1725 -9.417767 
1726 8.839667 
1727 -8.247607 
1728 7.642786 
1729 -7.026505 
1730 6.400162 
1731 -5.765244 
1732 5.123317 
1733 -4.476017 
1734 3.825040 
1735 -3.172126 
1736 2.519052 
1737 -1.867612 
1738 1.219609 
1739 -0.576839 
1740 -0.058925 
1741 0.685945 
1742 -1.302529 
1743 1.907052 
1744 -2.497959 
1745 3.073783 
1746 -3.633154 
1747 4.174808 
1748 -4.697593 
1749 5.200483 
1750 -5.682574 
1751 6.143097 
1752 -6.581414 
1753 6.997022 
1754 -7.389553 
1755 7.758772 
1756 -8.104573 
1757 8.426974 
1758 -8.726114 
1759 9.002245 
1760 -9.255725 
1761 9.487009 
1762 -9.696642 
1763 9.885247 
1764 -10.053517 
1765 10.202207 
1766 -10.332121 
1767 10.444103 
1768 -10.539030 
1769 10.617798 
1770 -10.681319 
1771 10.730507 
1772 -10.766274 
1773 10.789522 
1774 -10.801137 
1775 10.801980 
1776 -10.792888 
1777 10.774662 
1778 -10.748072 
1779 10.713847 
1780 -10.672675 
1781 10.625205 
1782 -10.572040 
1783 10.513740 
1784 -10.450824 
1785 10.383765 
1786 -10.312996 
1787 10.238909 
1788 -10.161859 
1789 10.082160 
1790 -10.000094 
1791 9.915911 
1792 -9.829828 
1793 9.742036 
1794 -9.652701 
1795 9.561964 
1796 -9.469947 
1797 9.376752 
1798 -9.282467 
1799 9.187164 
1800 -9.090904 
1801 8.993740 
1802 -8.895712 
1803 8.796857 
1804 -8.697205 
1805 8.596783 
1806 -8.495612 
1807 8.393714 
1808 -8.291106 
1809 8.187808 
1810 -8.083835 
1811 7.979205 
1812 -7.873932 
1813 7.768032 
1814 -7.661520 
1815 7.554409 
1816 -7.446712 
1817 7.338439 
1818 -7.229597 
1819 7.120194 
1820 -7.010230 
1821 6.899703 
1822 -6.788609 
1823 6.676935 
1824 -6.564665 
1825 6.451777 
1826 -6.338243 
1827 6.224030 
1828 -6.109096 
1829 5.993396 
1830 -5.876877 
1831 5.759481 
1832 -5.641147 
1833 5.521807 
1834 -5.401391 
1835 5.279826 
1836 -5.157038 
1837 5.032952 
1838 -4.907496 
1839 4.780599 
1840 -4.652195 
1841 4.522224 
1842 -4.390634 
1843 4.257382 
1844 -4.122435 
1845 3.985775 
1846 -3.847397 
1847 3.707311 
1848 -3.565547 
1849 3.422149 
1850 -3.277185 
1851 3.130741 
1852 -2.982925 
1853 2.833865 
1854 -2.683711 
1855 2.532635 
1856 -2.380830 
1857 2.228509 
1858 -2.075902 
1859 1.923261 
1860 -1.770851 
1861 1.618952 
1862 -1.467858 
1863 1.317871 
1864 -1.169302 
1865 1.022467 
1866 -0.877684 
1867 0.735271 
1868 -0.595542 
1869 0.458807 
1870 -0.325364 
1871 0.195502 
1872 -0.069494 
1873 -0.052403 
1874 0.169949 
1875 -0.282929 
1876 0.391146 
1877 -0.494430 
1878 0.592637 
1879 -0.685646 
1880 0.773366 
1881 -0.855732 
1882 0.932707 
1883 -1.004279 
1884 1.070464 
1885 -1.131304 
1886 1.186862 
1887 -1.237229 
1888 1.282512 
1889 -1.322843 
1890 1.358367 
1891 -1.389249 
1892 1.415665 
1893 -1.437806 
1894 1.455868 
1895 -1.470061 
1896 1.480594 
1897 -1.487686 
1898 1.491553 
1899 -1.492414 
1900 1.490485 
1901 -1.485981 
1902 1.479110 
1903 -1.470077 
1904 1.459078 
1905 -1.446303 
1906 1.431935 
1907 -1.416146 
1908 1.399100 
1909 -1.380951 
1910 1.361845 
1911 -1.341916 
1912 1.321290 
1913 -1.300083 
1914 1.278403 
1915 -1.256347 
1916 1.234004 
1917 -1.211457 
1918 1.188779 
1919 -1.166035 
1920 1.143287 
1921 -1.120587 
1922 1.097982 
1923 -1.075515 
1924 1.053221 
1925 -1.031135 
1926 1.009283 
1927 -0.987689 
1928 0.966376 
1929 -0.945359 
1930 0.924655 
1931 -0.904274 
1932 0.884227 
1933 -0.864521 
1934 0.845161 
1935 -0.826152 
1936 0.807493 
1937 -0.789186 
1938 0.771230 
1939 -0.753621 
1940 0.736356 
1941 -0.719428 
1942 0.702833 
1943 -0.686561 
1944 0.670605 
1945 -0.654955 
1946 0.639602 
1947 -0.624532 
1948 0.609736 
1949 -0.595201 
1950 0.580912 
1951 -0.566858 
1952 0.553024 
1953 -0.539396 
1954 0.525960 
1955 -0.512702 
1956 0.499606 
1957 -0.486660 
1958 0.473848 
1959 -0.461157 
1960 0.448575 
1961 -0.436088 
1962 0.423684 
1963 -0.411352 
1964 0.399082 
1965 -0.386864 
1966 0.374689 
1967 -0.362551 
1968 0.350443 
1969 -0.338360 
1970 0.326299 
1971 -0.314257 
1972 0.302234 
1973 -0.290230 
1974 0.278248 
1975 -0.266291 
1976 0.254364 
1977 -0.242473 
1978 0.230627 
1979 -0.218835 
1980 0.207108 
1981 -0.195456 
1982 0.183893 
1983 -0.172433 
1984 0.161091 
1985 -0.149881 
1986 0.138821 
1987 -0.127927 
1988 0.117216 
1989 -0.106704 
1990 0.096410 
1991 -0.086349 
1992 0.076539 
1993 -0.066996 
1994 0.057735 
1995 -0.048771 
1996 0.040117 
1997 -0.031787 
1998 0.023791 
1999 -0.016140 
2000 0.008843 
2001 -0.001906 
2002 -0.004664 
2003 0.010863 
2004 -0.016689 
2005 0.022140 
2006 -0.027219 
2007 0.031925 
2008 -0.036264 
2009 0.040241 
2010 -0.043862 
2011 0.047135 
2012 -0.050069 
2013 0.052676 
2014 -0.054965 
2015 0.056949 
2016 -0.058641 
2017 0.060056 
2018 -0.061206 
2019 0.062107 
2020 -0.062773 
2021 0.063220 
2022 -0.063463 
2023 0.063516 
2024 -0.063394 
2025 0.063113 
2026 -0.062686 
2027 0.062128 
2028 -0.061452 
2029 0.060671 
2030 -0.059797 
2031 0.058842 
2032 -0.057817 
2033 0.056733 
2034 -0.055599 
2035 0.054426 
2036 -0.053220 
2037 0.051990 
2038 -0.050744 
2039 0.049486 
2040 -0.048224 
2041 0.046963 
2042 -0.045706 
2043 0.044459 
2044 -0.043224 
2045 0.042005 
2046 -0.040805 
2047 0.039625 
2048 -0.038468 
2049 0.037334 
2050 -0.036226 
2051 0.035143 
2052 -0.034086 
2053 0.033057 
2054 -0.032054 
2055 0.031078 
2056 -0.030129 
2057 0.029206 
2058 -0.028309 
2059 0.027438 
2060 -0.026591 
2061 0.025769 
2062 -0.024971 
2063 0.024196 
2064 -0.023443 
2065 0.022712 
2066 -0.022002 
2067 0.021311 
2068 -0.020641 
2069 0.019989 
2070 -0.019356 
2071 0.018740 
2072 -0.018142 
2073 0.017559 
2074 -0.016993 
2075 0.016441 
2076 -0.015905 
2077 0.015383 
2078 -0.014874 
2079 0.014378 
2080 -0.013896 
2081 0.013426 
2082 -0.012967 
2083 0.012520 
2084 -0.012085 
2085 0.011660 
2086 -0.011245 
2087 0.010840 
2088 -0.010445 
2089 0.010060 
2090 -0.009683 
2091 0.009316 
2092 -0.008957 
2093 0.008606 
2094 -0.008263 
2095 0.007928 
2096 -0.007600 
2097 0.007280 
2098 -0.006966 
2099 0.006660 
2100 -0.006360 
2101 0.006068 
2102 -0.005781 
2103 0.005501 
2104 -0.005227 
2105 0.004959 
2106 -0.004698 
2107 0.004442 
2108 -0.004192 
2109 0.003949 
2110 -0.003711 
2111 0.003479 
2112 -0.003253 
2113 0.003033 
2114 -0.002819 
2115 0.002611 
2116 -0.002410 
2117 0.002214 
2118 -0.002024 
2119 0.001841 
2120 -0.001664 
2121 0.001494 
2122 -0.001330 
2123 0.001172 
2124 -0.001021 
2125 0.000877 
2126 -0.000739 
2127 0.000608 
2128 -0.000484 
2129 0.000366 
2130 -0.000255 
2131 0.000151 
2132 -0.000053 
2133 -0.000038 
2134 0.000123 
2135 -0.000202 
2136 0.000274 
2137 -0.000341 
2138 0.000401 
2139 -0.000456 
2140 0.000505 
2141 -0.000550 
2142 0.000588 
2143 -0.000622 
2144 0.000652 
2145 -0.000677 
2146 0.000698 
2147 -0.000714 
2148 0.000727 
2149 -0.000737 
2150 0.000743 
2151 -0.000747 
2152 0.000748 
2153 -0.000746 
2154 0.000742 
2155 -0.000735 
2156 0.000727 
2157 -0.000718 
2158 0.000707 
2159 -0.000694 
2160 0.000681 
2161 -0.000666 
2162 0.000651 
2163 -0.000635 
2164 0.000619 
2165 -0.000602 
2166 0.000585 
2167 -0.000568 
2168 0.000551 
2169 -0.000533 
2170 0.000516 
2171 -0.000499 
2172 0.000482 
2173 -0.000465 
2174 0.000449 
2175 -0.000433 
2176 0.000417 
2177 -0.000401 
2178 0.000386 
2179 -0.000372 
2180 0.000357 
2181 -0.000344 
2182 0.000330 
2183 -0.000317 
2184 0.000305 
2185 -0.000292 
2186 0.000281 
2187 -0.000269 
2188 0.000259 
2189 -0.000248 
2190 0.000238 
2191 -0.000228 
2192 0.000219 
2193 -0.000210 
2194 0.000201 
2195 -0.000193 
2196 0.000185 
2197 -0.000177 
2198 0.000170 
2199 -0.000163 
2200 0.000156 
2201 -0.000149 
2202 0.000143 
2203 -0.000137 
2204 0.000131 
2205 -0.000126 
2206 0.000121 
2207 -0.000115 
2208 0.000111 
2209 -0.000106 
2210 0.000101 
2211 -0.000097 
2212 0.000093 
2213 -0.000089 
2214 0.000085 
2215 -0.000081 
2216 0.000077 
2217 -0.000074 
2218 0.000071 
2219 -0.000068 
2220 0.000064 
2221 -0.000061 
2222 0.000059 
2223 -0.000056 
2224 0.000053 
2225 -0.000051 
2226 0.000048 
2227 -0.000046 
2228 0.000044 
2229 -0.000041 
2230 0.000039 
2231 -0.000037 
2232 0.000035 
2233 -0.000033 
2234 0.000031 
2235 -0.000030 
2236 0.000028 
2237 -0.000026 
2238 0.000025 
2239 -0.000023 
2240 0.000022 
2241 -0.000020 
2242 0.000019 
2243 -0.000017 
2244 0.000016 
2245 -0.000015 
2246 0.000014 
2247 -0.000013 
2248 0.000011 
2249 -0.000010 
2250 0.000009 
2251 -0.000008 
2252 0.000008 
2253 -0.000007 
2254 0.000006 
2255 -0.000005 
2256 0.000004 
2257 -0.000004 
2258 0.000003 
2259 -0.000002 
2260 0.000002 
2261 -0.000001 
2262 0.000001 
2263 -0.000000 
2264 -0.000000 
2265 0.000000 
2266 -0.000001 
2267 0.000001 
2268 -0.000001 
2269 0.000002 
2270 -0.000002 
2271 0.000002 
2272 -0.000002 
2273 0.000002 
2274 -0.000002 
2275 0.000003 
2276 -0.000003 
2277 0.000003 
2278 -0.000003 
2279 0.000003 
2280 -0.000003 
2281 0.000003 
2282 -0.000003 
2283 0.000003 
2284 -0.000003 
2285 0.000003 
2286 -0.000003 
2287 0.000002 
2288 -0.000002 
2289 0.000002 
2290 -0.000002 
2291 0.000002 
2292 -0.000002 
2293 0.000002 
2294 -0.000002 
2295 0.000002 
2296 -0.000002 
2297 0.000002 
2298 -0.000002 
2299 0.000002 
2300 -0.000002 
2301 0.000002 
2302 -0.000002 
2303 0.000001 
2304 -0.000001 
2305 0.000001 
2306 -0.000001 
2307 0.000001 
2308 -0.000001 
2309 0.000001 
2310 -0.000001 
2311 0.000001 
2312 -0.000001 
2313 0.000001 
2314 -0.000001 
2315 0.000001 
2316 -0.000001 
2317 0.000001 
2318 -0.000001 
2319 0.000001 
2320 -0.000001 
2321 0.000001 
2322 -0.000001 
2323 0.000001 
2324 -0.000001 
2325 0.000001 
2326 -0.000000 
2327 0.000000 
2328 -0.000000 
2329 0.000000 
2330 -0.000000 
2331 0.000000 
2332 -0.000000 
2333 0.000000 
2334 -0.000000 
2335 0.000000 
2336 -0.000000 
2337 0.000000 
2338 -0.000000 
2339 0.000000 
2340 -0.000000 
2341 0.000000 
2342 -0.000000 
2343 0.000000 
2344 -0.000000 
2345 0.000000 
2346 -0.000000 
2347 0.000000 
2348 -0.000000 
2349 0.000000 
2350 -0.000000 
2351 0.000000 
2352 -0.000000 
2353 0.000000 
2354 -0.000000 
2355 0.000000 
2356 -0.000000 
2357 0.000000 
2358 -0.000000 
2359 0.000000 
2360 -0.000000 
2361 0.000000 
2362 -0.000000 
2363 0.000000 
2364 -0.000000 
2365 0.000000 
2366 -0.000000 
2367 0.000000 
2368 -0.000000 
2369 0.000000 
2370 -0.000000 
2371 0.000000 
2372 -0.000000 
2373 0.000000 
2374 -0.000000 
2375 0.000000 
2376 -0.000000 
2377 0.000000 
2378 -0.000000 
2379 0.000000 
2380 -0.000000 
2381 0.000000 
2382 -0.000000 
2383 0.000000 
2384 -0.000000 
2385 0.000000 
2386 -0.000000 
2387 0.000000 
2388 -0.000000 
2389 0.000000 
2390 -0.000000 
2391 0.000000 
2392 -0.000000 
2393 0.000000 
2394 0.000000 
2395 -0.000000 
2396 0.000000 
2397 -0.000000 
2398 0.000000 
2399 -0.000000 
2400 0.000000 
2401 -0.000000 
2402 0.000000 
2403 -0.000000 
2404 0.000000 
2405 -0.000000 
2406 0.000000 
2407 -0.000000 
2408 0.000000 
2409 -0.000000 
2410 0.000000 
2411 -0.000000 
2412 0.000000 
2413 -0.000000 
2414 0.000000 
2415 -0.000000 
2416 0.000000 
2417 -0.000000 
2418 0.000000 
2419 -0.000000 
2420 0.000000 
2421 -0.000000 
2422 0.000000 
2423 -0.000000 
2424 0.000000 
2425 -0.000000 
2426 0.000000 
2427 -0.000000 
2428 0.000000 
2429 -0.000000 
2430 0.000000 
2431 -0.000000 
2432 0.000000 
2433 -0.000000 
2434 0.000000 
2435 -0.000000 
2436 0.000000 
2437 -0.000000 
2438 0.000000 
2439 -0.000000 
2440 0.000000 
2441 -0.000000 
2442 0.000000 
2443 -0.000000 
2444 0.000000 
2445 -0.000000 
2446 0.000000 
2447 -0.000000 
2448 0.000000 
2449 -0.000000 
2450 0.000000 
2451 -0.000000 
2452 0.000000 
2453 -0.000000 
2454 0.000000 
2455 -0.000000 
2456 0.000000 
2457 -0.000000 
2458 0.000000 
2459 -0.000000 
2460 0.000000 
2461 -0.000000 
2462 0.000000 
2463 -0.000000 
2464 0.000000 
2465 -0.000000 
2466 0.000000 
2467 -0.000000 
2468 0.000000 
2469 -0.000000 
2470 0.000000 
2471 -0.000000 
2472 0.000000 
2473 -0.000000 
2474 0.000000 
2475 -0.000000 
2476 0.000000 
2477 -0.000000 
2478 0.000000 
2479 -0.000000 
2480 0.000000 
2481 -0.000000 
2482 0.000000 
2483 -0.000000 
2484 0.000000 
2485 -0.000000 
2486 0.000000 
2487 -0.000000 
2488 0.000000 
2489 -0.000000 
2490 0.000000 
2491 -0.000000 
2492 0.000000 
2493 -0.000000 
2494 0.000000 
2495 -0.000000 
2496 0.000000 
2497 -0.000000 
2498 0.000000 
2499 -0.000000 
2500 0.000000 
2501 -0.000000 
2502 0.000000 
2503 -0.000000 
2504 0.000000 
2505 -0.000000 
2506 0.000000 
2507 -0.000000 
2508 0.000000 
2509 -0.000000 
2510 0.000000 
2511 -0.000000 
2512 0.000000 
2513 -0.000000 
2514 0.000000 
2515 -0.000000 
2516 0.000000 
2517 -0.000000 
2518 0.000000 
2519 -0.000000 
2520 0.000000 
2521 -0.000000 
2522 0.000000 
2523 -0.000000 
2524 0.000000 
2525 -0.000000 
2526 -0.000000 
2527 0.000000 
2528 -0.000000 
2529 0.000000 
2530 -0.000000 
2531 0.000000 
2532 -0.000000 
2533 0.000000 
2534 -0.000000 
2535 0.000000 
2536 -0.000000 
2537 0.000000 
2538 -0.000000 
2539 0.000000 
2540 -0.000000 
2541 0.000000 
2542 -0.000000 
2543 0.000000 
2544 -0.000000 
2545 0.000000 
2546 -0.000000 
2547 0.000000 
2548 -0.000000 
2549 0.000000 
2550 -0.000000 
2551 0.000000 
2552 -0.000000 
2553 0.000000 
2554 -0.000000 
2555 0.000000 
2556 -0.000000 
2557 0.000000 
2558 -0.000000 
2559 0.000000 
2560 -0.000000 
2561 0.000000 
2562 -0.000000 
2563 0.000000 
2564 -0.000000 
2565 0.000000 
2566 -0.000000 
2567 0.000000 
2568 -0.000000 
2569 0.000000 
2570 -0.000000 
2571 0.000000 
2572 -0.000000 
2573 0.000000 
2574 -0.000000 
2575 0.000000 
2576 -0.000000 
2577 0.000000 
2578 -0.000000 
2579 0.000000 
2580 -0.000000 
2581 0.000000 
2582 -0.000000 
2583 0.000000 
2584 -0.000000 
2585 0.000000 
2586 -0.000000 
2587 0.000000 
2588 -0.000000 
2589 0.000000 
2590 -0.000000 
2591 0.000000 
2592 -0.000000 
2593 0.000000 
2594 -0.000000 
2595 0.000000 
2596 -0.000000 
2597 0.000000 
2598 -0.000000 
2599 0.000000 
2600 -0.000000 
2601 0.000000 
2602 -0.000000 
2603 0.000000 
2604 -0.000000 
2605 0.000000 
2606 -0.000000 
2607 0.000000 
2608 -0.000000 
2609 0.000000 
2610 -0.000000 
2611 0.000000 
2612 -0.000000 
2613 0.000000 
2614 -0.000000 
2615 0.000000 
2616 -0.000000 
2617 0.000000 
2618 -0.000000 
2619 0.000000 
2620 -0.000000 
2621 0.000000 
2622 -0.000000 
2623 0.000000 
2624 -0.000000 
2625 0.000000 
2626 -0.000000 
2627 0.000000 
2628 -0.000000 
2629 0.000000 
2630 -0.000000 
2631 0.000000 
2632 -0.000000 
2633 0.000000 
2634 -0.000000 
2635 0.000000 
2636 -0.000000 
2637 0.000000 
2638 -0.000000 
2639 0.000000 
2640 -0.000000 
2641 0.000000 
2642 -0.000000 
2643 0.000000 
2644 -0.000000 
2645 0.000000 
2646 -0.000000 
2647 0.000000 
2648 -0.000000 
2649 0.000000 
2650 -0.000000 
2651 0.000000 
2652 -0.000000 
2653 0.000000 
2654 -0.000000 
2655 0.000000 
2656 -0.000000 
2657 0.000000 
2658 0.000000 
2659 -0.000000 
2660 0.000000 
2661 -0.000000 
2662 0.000000 
2663 -0.000000 
2664 0.000000 
2665 -0.000000 
2666 0.000000 
2667 -0.000000 
2668 0.000000 
2669 -0.000000 
2670 0.000000 
2671 -0.000000 
2672 0.000000 
2673 -0.000000 
2674 0.000000 
2675 -0.000000 
2676 0.000000 
2677 -0.000000 
2678 0.000000 
2679 -0.000000 
2680 0.000000 
2681 -0.000000 
2682 0.000000 
2683 -0.000000 
2684 0.000000 
2685 -0.000000 
2686 0.000000 
2687 -0.000000 
2688 0.000000 
2689 -0.000000 
2690 0.000000 
2691 -0.000000 
2692 0.000000 
2693 -0.000000 
2694 0.000000 
2695 -0.000000 
2696 0.000000 
2697 -0.000000 
2698 0.000000 
2699 -0.000000 
2700 0.000000 
2701 -0.000000 
2702 0.000000 
2703 -0.000000 
2704 0.000000 
2705 -0.000000 
2706 0.000000 
2707 -0.000000 
2708 0.000000 
2709 -0.000000 
2710 0.000000 
2711 -0.000000 
2712 0.000000 
2713 -0.000000 
2714 0.000000 
2715 -0.000000 
2716 0.000000 
2717 -0.000000 
2718 0.000000 
2719 -0.000000 
2720 0.000000 
2721 -0.000000 
2722 0.000000 
2723 -0.000000 
2724 0.000000 
2725 -0.000000 
2726 0.000000 
2727 -0.000000 
2728 0.000000 
2729 -0.000000 
2730 0.000000 
2731 -0.000000 
2732 0.000000 
2733 -0.000000 
2734 0.000000 
2735 -0.000000 
2736 0.000000 
2737 -0.000000 
2738 0.000000 
2739 -0.000000 
2740 0.000000 
2741 -0.000000 
2742 0.000000 
2743 -0.000000 
2744 0.000000 
2745 -0.000000 
2746 0.000000 
2747 -0.000000 
2748 0.000000 
2749 -0.000000 
2750 0.000000 
2751 -0.000000 
2752 0.000000 
2753 -0.000000 
2754 0.000000 
2755 -0.000000 
2756 0.000000 
2757 -0.000000 
2758 0.000000 
2759 -0.000000 
2760 0.000000 
2761 -0.000000 
2762 0.000000 
2763 -0.000000 
2764 0.000000 
2765 -0.000000 
2766 0.000000 
2767 -0.000000 
2768 0.000000 
2769 -0.000000 
2770 0.000000 
2771 -0.000000 
2772 0.000000 
2773 -0.000000 
2774 0.000000 
2775 -0.000000 
2776 0.000000 
2777 -0.000000 
2778 0.000000 
2779 -0.000000 
2780 0.000000 
2781 -0.000000 
2782 0.000000 
2783 -0.000000 
2784 0.000000 
2785 -0.000000 
2786 0.000000 
2787 -0.000000 
2788 0.000000 
2789 0.000000 
2790 -0.000000 
2791 0.000000 
2792 -0.000000 
2793 0.000000 
2794 -0.000000 
2795 0.000000 
2796 -0.000000 
2797 0.000000 
2798 -0.000000 
2799 0.000000 
2800 -0.000000 
2801 0.000000 
2802 -0.000000 
2803 0.000000 
2804 -0.000000 
2805 0.000000 
2806 -0.000000 
2807 0.000000 
2808 -0.000000 
2809 0.000000 
2810 -0.000000 
2811 0.000000 
2812 -0.000000 
2813 0.000000 
2814 -0.000000 
2815 0.000000 
2816 -0.000000 
2817 0.000000 
2818 -0.000000 
2819 0.000000 
2820 -0.000000 
2821 0.000000 
2822 -0.000000 
2823 0.000000 
2824 -0.000000 
2825 0.000000 
2826 -0.000000 
2827 0.000000 
2828 -0.000000 
2829 0.000000 
2830 -0.000000 
2831 0.000000 
2832 -0.000000 
2833 0.000000 
2834 -0.000000 
2835 0.000000 
2836 -0.000000 
2837 0.000000 
2838 -0.000000 
2839 0.000000 
2840 -0.000000 
2841 0.000000 
2842 -0.000000 
2843 0.000000 
2844 -0.000000 
2845 0.000000 
2846 -0.000000 
2847 0.000000 
2848 -0.000000 
2849 0.000000 
2850 -0.000000 
2851 0.000000 
2852 -0.000000 
2853 0.000000 
2854 -0.000000 
2855 0.000000 
2856 -0.000000 
2857 0.000000 
2858 -0.000000 
2859 0.000000 
2860 -0.000000 
2861 0.000000 
2862 -0.000000 
2863 0.000000 
2864 -0.000000 
2865 0.000000 
2866 -0.000000 
2867 0.000000 
2868 -0.000000 
2869 0.000000 
2870 -0.000000 
2871 0.000000 
2872 -0.000000 
2873 0.000000 
2874 -0.000000 
2875 0.000000 
2876 -0.000000 
2877 0.000000 
2878 -0.000000 
2879 0.000000 
2880 -0.000000 
2881 0.000000 
2882 -0.000000 
2883 0.000000 
2884 -0.000000 
2885 0.000000 
2886 -0.000000 
2887 0.000000 
2888 -0.000000 
2889 0.000000 
2890 -0.000000 
2891 0.000000 
2892 -0.000000 
2893 0.000000 
2894 -0.000000 
2895 0.000000 
2896 -0.000000 
2897 0.000000 
2898 -0.000000 
2899 0.000000 
2900 -0.000000 
2901 0.000000 
2902 -0.000000 
2903 0.000000 
2904 -0.000000 
2905 0.000000 
2906 -0.000000 
2907 0.000000 
2908 -0.000000 
2909 0.000000 
2910 -0.000000 
2911 0.000000 
2912 -0.000000 
2913 0.000000 
2914 -0.000000 
2915 0.000000 
2916 -0.000000 
2917 0.000000 
2918 -0.000000 
2919 0.000000 
2920 -0.000000 
2921 0.000000 
2922 -0.000000 
2923 0.000000 
2924 0.000000 
2925 -0.000000 
2926 0.000000 
2927 -0.000000 
2928 0.000000 
2929 -0.000000 
2930 0.000000 
2931 -0.000000 
2932 0.000000 
2933 -0.000000 
2934 0.000000 
2935 -0.000000 
2936 0.000000 
2937 -0.000000 
2938 0.000000 
2939 -0.000000 
2940 0.000000 
2941 -0.000000 
2942 0.000000 
2943 -0.000000 
2944 0.000000 
2945 -0.000000 
2946 0.000000 
2947 -0.000000 
2948 0.000000 
2949 -0.000000 
2950 0.000000 
2951 -0.000000 
2952 0.000000 
2953 -0.000000 
2954 0.000000 
2955 -0.000000 
2956 0.000000 
2957 -0.000000 
2958 0.000000 
2959 -0.000000 
2960 0.000000 
2961 -0.000000 
2962 0.000000 
2963 -0.000000 
2964 0.000000 
2965 -0.000000 
2966 0.000000 
2967 -0.000000 
2968 0.000000 
2969 -0.000000 
2970 0.000000 
2971 -0.000000 
2972 0.000000 
2973 -0.000000 
2974 0.000000 
2975 -0.000000 
2976 0.000000 
2977 -0.000000 
2978 0.000000 
2979 -0.000000 
2980 0.000000 
2981 -0.000000 
2982 0.000000 
2983 -0.000000 
2984 0.000000 
2985 -0.000000 
2986 0.000000 
2987 -0.000000 
2988 0.000000 
2989 -0.000000 
2990 0.000000 
2991 -0.000000 
2992 0.000000 
2993 -0.000000 
2994 0.000000 
2995 -0.000000 
2996 0.000000 
2997 -0.000000 
2998 0.000000 
2999 -0.000000 
3000 0.000000 
3001 -0.000000 
3002 0.000000 
3003 -0.000000 
3004 0.000000 
3005 -0.000000 
3006 0.000000 
3007 -0.000000 
3008 0.000000 
3009 -0.000000 
3010 0.000000 
3011 -0.000000 
3012 0.000000 
3013 -0.000000 
3014 0.000000 
3015 -0.000000 
3016 0.000000 
3017 -0.000000 
3018 0.000000 
3019 -0.000000 
3020 0.000000 
3021 -0.000000 
3022 0.000000 
3023 -0.000000 
3024 0.000000 
3025 -0.000000 
3026 0.000000 
3027 -0.000000 
3028 0.000000 
3029 -0.000000 
3030 0.000000 
3031 -0.000000 
3032 0.000000 
3033 -0.000000 
3034 0.000000 
3035 -0.000000 
3036 0.000000 
3037 -0.000000 
3038 0.000000 
3039 -0.000000 
3040 0.000000 
3041 -0.000000 
3042 0.000000 
3043 -0.000000 
3044 0.000000 
3045 -0.000000 
3046 0.000000 
3047 -0.000000 
3048 0.000000 
3049 -0.000000 
3050 0.000000 
3051 0.000000 
3052 -0.000000 
3053 0.000000 
3054 -0.000000 
3055 0.000000 
3056 -0.000000 
3057 0.000000 
3058 -0.000000 
3059 0.000000 
3060 -0.000000 
3061 0.000000 
3062 -0.000000 
3063 0.000000 
3064 -0.000000 
3065 0.000000 
3066 -0.000000 
3067 0.000000 
3068 -0.000000 
3069 0.000000 
3070 -0.000000 
3071 0.000000 
3072 -0.000000 
3073 0.000000 
3074 -0.000000 
3075 0.000000 
3076 -0.000000 
3077 0.000000 
3078 -0.000000 
3079 0.000000 
3080 -0.000000 
3081 0.000000 
3082 -0.000000 
3083 0.000000 
3084 -0.000000 
3085 0.000000 
3086 -0.000000 
3087 0.000000 
3088 -0.000000 
3089 0.000000 
3090 -0.000000 
3091 0.000000 
3092 -0.000000 
3093 0.000000 
3094 -0.000000 
3095 0.000000 
3096 -0.000000 
3097 0.000000 
3098 -0.000000 
3099 0.000000 
3100 -0.000000 
3101 0.000000 
3102 -0.000000 
3103 0.000000 
3104 -0.000000 
3105 0.000000 
3106 -0.000000 
3107 0.000000 
3108 -0.000000 
3109 0.000000 
3110 -0.000000 
3111 0.000000 
3112 -0.000000 
3113 0.000000 
3114 -0.000000 
3115 0.000000 
3116 -0.000000 
3117 0.000000 
3118 -0.000000 
3119 0.000000 
3120 -0.000000 
3121 0.000000 
3122 -0.000000 
3123 0.000000 
3124 -0.000000 
3125 0.000000 
3126 -0.000000 
3127 0.000000 
3128 -0.000000 
3129 0.000000 
3130 -0.000000 
3131 0.000000 
3132 -0.000000 
3133 0.000000 
3134 -0.000000 
3135 0.000000 
3136 -0.000000 
3137 0.000000 
3138 -0.000000 
3139 0.000000 
3140 -0.000000 
3141 0.000000 
3142 -0.000000 
3143 0.000000 
3144 -0.000000 
3145 0.000000 
3146 -0.000000 
3147 0.000000 
3148 -0.000000 
3149 0.000000 
3150 -0.000000 
3151 0.000000 
3152 -0.000000 
3153 0.000000 
3154 -0.000000 
3155 0.000000 
3156 -0.000000 
3157 0.000000 
3158 -0.000000 
3159 0.000000 
3160 -0.000000 
3161 0.000000 
3162 -0.000000 
3163 0.000000 
3164 -0.000000 
3165 0.000000 
3166 -0.000000 
3167 0.000000 
3168 -0.000000 
3169 0.000000 
3170 -0.000000 
3171 0.000000 
3172 -0.000000 
3173 0.000000 
3174 -0.000000 
3175 0.000000 
3176 -0.000000 
3177 0.000000 
3178 -0.000000 
3179 0.000000 
3180 -0.000000 
3181 0.000000 
3182 -0.000000 
3183 0.000000 
3184 -0.000000 
3185 -0.000000 
3186 0.000000 
3187 -0.000000 
3188 0.000000 
3189 -0.000000 
3190 0.000000 
3191 -0.000000 
3192 0.000000 
3193 -0.000000 
3194 0.000000 
3195 -0.000000 
3196 0.000000 
3197 -0.000000 
3198 0.000000 
3199 -0.000000 
3200 0.000000 
3201 -0.000000 
3202 0.000000 
3203 -0.000000 
3204 0.000000 
3205 -0.000000 
3206 0.000000 
3207 -0.000000 
3208 0.000000 
3209 -0.000000 
3210 0.000000 
3211 -0.000000 
3212 0.000000 
3213 -0.000000 
3214 0.000000 
3215 -0.000000 
3216 0.000000 
3217 -0.000000 
3218 0.000000 
3219 -0.000000 
3220 0.000000 
3221 -0.000000 
3222 0.000000 
3223 -0.000000 
3224 0.000000 
3225 -0.000000 
3226 0.000000 
3227 -0.000000 
3228 0.000000 
3229 -0.000000 
3230 0.000000 
3231 -0.000000 
3232 0.000000 
3233 -0.000000 
3234 0.000000 
3235 -0.000000 
3236 0.000000 
3237 -0.000000 
3238 0.000000 
3239 -0.000000 
3240 0.000000 
3241 -0.000000 
3242 0.000000 
3243 -0.000000 
3244 0.000000 
3245 -0.000000 
3246 0.000000 
3247 -0.000000 
3248 0.000000 
3249 -0.000000 
3250 0.000000 
3251 -0.000000 
3252 0.000000 
3253 -0.000000 
3254 0.000000 
3255 -0.000000 
3256 0.000000 
3257 -0.000000 
3258 0.000000 
3259 -0.000000 
3260 0.000000 
3261 -0.000000 
3262 0.000000 
3263 -0.000000 
3264 0.000000 
3265 -0.000000 
3266 0.000000 
3267 -0.000000 
3268 0.000000 
3269 -0.000000 
3270 0.000000 
3271 -0.000000 
3272 0.000000 
3273 -0.000000 
3274 0.000000 
3275 -0.000000 
3276 0.000000 
3277 -0.000000 
3278 0.000000 
3279 -0.000000 
3280 0.000000 
3281 -0.000000 
3282 0.000000 
3283 -0.000000 
3284 0.000000 
3285 -0.000000 
3286 0.000000 
3287 -0.000000 
3288 0.000000 
3289 -0.000000 
3290 0.000000 
3291 -0.000000 
3292 0.000000 
3293 -0.000000 
3294 0.000000 
3295 -0.000000 
3296 0.000000 
3297 -0.000000 
3298 0.000000 
3299 -0.000000 
3300 0.000000 
3301 -0.000000 
3302 0.000000 
3303 -0.000000 
3304 0.000000 
3305 -0.000000 
3306 0.000000 
3307 -0.000000 
3308 0.000000 
3309 -0.000000 
3310 0.000000 
3311 -0.000000 
3312 0.000000 
3313 -0.000000 
3314 0.000000 
3315 -0.000000 
3316 -0.000000 
3317 0.000000 
3318 -0.000000 
3319 0.000000 
3320 -0.000000 
3321 0.000000 
3322 -0.000000 
3323 0.000000 
3324 -0.000000 
3325 0.000000 
3326 -0.000000 
3327 0.000000 
3328 -0.000000 
3329 0.000000 
3330 -0.000000 
3331 0.000000 
3332 -0.000000 
3333 0.000000 
3334 -0.000000 
3335 0.000000 
3336 -0.000000 
3337 0.000000 
3338 -0.000000 
3339 0.000000 
3340 -0.000000 
3341 0.000000 
3342 -0.000000 
3343 0.000000 
3344 -0.000000 
3345 0.000000 
3346 -0.000000 
3347 0.000000 
3348 -0.000000 
3349 0.000000 
3350 -0.000000 
3351 0.000000 
3352 -0.000000 
3353 0.000000 
3354 -0.000000 
3355 0.000000 
3356 -0.000000 
3357 0.000000 
3358 -0.000000 
3359 0.000000 
3360 -0.000000 
3361 0.000000 
3362 -0.000000 
3363 0.000000 
3364 -0.000000 
3365 0.000000 
3366 -0.000000 
3367 0.000000 
3368 -0.000000 
3369 0.000000 
3370 -0.000000 
3371 0.000000 
3372 -0.000000 
3373 0.000000 
3374 -0.000000 
3375 0.000000 
3376 -0.000000 
3377 0.000000 
3378 -0.000000 
3379 0.000000 
3380 -0.000000 
3381 0.000000 
3382 -0.000000 
3383 0.000000 
3384 -0.000000 
3385 0.000000 
3386 -0.000000 
3387 0.000000 
3388 -0.000000 
3389 0.000000 
3390 -0.000000 
3391 0.000000 
3392 -0.000000 
3393 0.000000 
3394 -0.000000 
3395 0.000000 
3396 -0.000000 
3397 0.000000 
3398 -0.000000 
3399 0.000000 
3400 -0.000000 
3401 0.000000 
3402 -0.000000 
3403 0.000000 
3404 -0.000000 
3405 0.000000 
3406 -0.000000 
3407 0.000000 
3408 -0.000000 
3409 0.000000 
3410 -0.000000 
3411 0.000000 
3412 -0.000000 
3413 0.000000 
3414 -0.000000 
3415 0.000000 
3416 -0.000000 
3417 0.000000 
3418 -0.000000 
3419 0.000000 
3420 -0.000000 
3421 0.000000 
3422 -0.000000 
3423 0.000000 
3424 -0.000000 
3425 0.000000 
3426 -0.000000 
3427 0.000000 
3428 -0.000000 
3429 0.000000 
3430 -0.000000 
3431 0.000000 
3432 -0.000000 
3433 0.000000 
3434 -0.000000 
3435 0.000000 
3436 -0.000000 
3437 0.000000 
3438 -0.000000 
3439 0.000000 
3440 -0.000000 
3441 0.000000 
3442 0.000000 
3443 -0.000000 
3444 0.000000 
3445 -0.000000 
3446 0.000000 
3447 -0.000000 
3448 0.000000 
3449 -0.000000 
3450 0.000000 
3451 -0.000000 
3452 0.000000 
3453 -0.000000 
3454 0.000000 
3455 -0.000000 
3456 0.000000 
3457 -0.000000 
3458 0.000000 
3459 -0.000000 
3460 0.000000 
3461 -0.000000 
3462 0.000000 
3463 -0.000000 
3464 0.000000 
3465 -0.000000 
3466 -0.000000 
3467 0.000000 
3468 -0.000000 
3469 0.000000 
3470 -0.000000 
3471 0.000000 
3472 -0.000000 
3473 0.000000 
3474 -0.000000 
3475 0.000000 
3476 -0.000000 
3477 0.000000 
3478 -0.000000 
3479 0.000000 
3480 -0.000000 
3481 0.000000 
3482 -0.000000 
3483 0.000000 
3484 -0.000000 
3485 0.000000 
3486 -0.000000 
3487 0.000000 
3488 -0.000000 
3489 0.000000 
3490 -0.000000 
3491 0.000000 
3492 -0.000000 
3493 0.000000 
3494 -0.000000 
3495 0.000000 
3496 -0.000000 
3497 0.000000 
3498 -0.000000 
3499 0.000000 
3500 -0.000000 
3501 0.000000 
3502 -0.000000 
3503 0.000000 
3504 -0.000000 
3505 0.000000 
3506 -0.000000 
3507 0.000000 
3508 -0.000000 
3509 0.000000 
3510 -0.000000 
3511 0.000000 
3512 -0.000000 
3513 0.000000 
3514 -0.000000 
3515 0.000000 
3516 -0.000000 
3517 0.000000 
3518 -0.000000 
3519 0.000000 
3520 -0.000000 
3521 0.000000 
3522 -0.000000 
3523 0.000000 
3524 -0.000000 
3525 0.000000 
3526 -0.000000 
3527 0.000000 
3528 -0.000000 
3529 0.000000 
3530 -0.000000 
3531 0.000000 
3532 -0.000000 
3533 0.000000 
3534 -0.000000 
3535 0.000000 
3536 -0.000000 
3537 0.000000 
3538 -0.000000 
3539 0.000000 
3540 -0.000000 
3541 0.000000 
3542 -0.000000 
3543 0.000000 
3544 -0.000000 
3545 0.000000 
3546 -0.000000 
3547 0.000000 
3548 -0.000000 
3549 0.000000 
3550 -0.000000 
3551 0.000000 
3552 -0.000000 
3553 0.000000 
3554 -0.000000 
3555 0.000000 
3556 -0.000000 
3557 0.000000 
3558 -0.000000 
3559 0.000000 
3560 -0.000000 
3561 -0.000000 
3562 0.000000 
3563 -0.000000 
3564 0.000000 
3565 -0.000000 
3566 0.000000 
3567 -0.000000 
3568 0.000000 
3569 -0.000000 
3570 0.000000 
3571 -0.000000 
3572 0.000000 
3573 -0.000000 
3574 0.000000 
3575 -0.000000 
3576 0.000000 
3577 -0.000000 
3578 0.000000 
3579 -0.000000 
3580 0.000000 
3581 -0.000000 
3582 0.000000 
3583 -0.000000 
3584 0.000000 
3585 -0.000000 
3586 0.000000 
3587 -0.000000 
3588 0.000000 
3589 -0.000000 
3590 0.000000 
3591 -0.000000 
3592 0.000000 
3593 -0.000000 
3594 0.000000 
3595 -0.000000 
3596 0.000000 
3597 -0.000000 
3598 0.000000 
3599 -0.000000 
3600 0.000000 
3601 -0.000000 
3602 0.000000 
3603 -0.000000 
3604 0.000000 
3605 -0.000000 
3606 0.000000 
3607 -0.000000 
3608 0.000000 
3609 -0.000000 
3610 0.000000 
3611 -0.000000 
3612 0.000000 
3613 -0.000000 
3614 0.000000 
3615 -0.000000 
3616 0.000000 
3617 -0.000000 
3618 0.000000 
3619 -0.000000 
3620 0.000000 
3621 -0.000000 
3622 0.000000 
3623 -0.000000 
3624 0.000000 
3625 -0.000000 
3626 0.000000 
3627 -0.000000 
3628 0.000000 
3629 -0.000000 
3630 0.000000 
3631 -0.000000 
3632 0.000000 
3633 -0.000000 
3634 0.000000 
3635 -0.000000 
3636 0.000000 
3637 -0.000000 
3638 0.000000 
3639 -0.000000 
3640 0.000000 
3641 -0.000000 
3642 0.000000 
3643 -0.000000 
3644 0.000000 
3645 -0.000000 
3646 0.000000 
3647 -0.000000 
3648 0.000000 
3649 -0.000000 
3650 0.000000 
3651 -0.000000 
3652 0.000000 
3653 -0.000000 
3654 0.000000 
3655 -0.000000 
3656 0.000000 
3657 -0.000000 
3658 0.000000 
3659 -0.000000 
3660 0.000000 
3661 -0.000000 
3662 0.000000 
3663 -0.000000 
3664 0.000000 
3665 -0.000000 
3666 0.000000 
3667 -0.000000 
3668 0.000000 
3669 -0.000000 
3670 0.000000 
3671 -0.000000 
3672 0.000000 
3673 -0.000000 
3674 0.000000 
3675 -0.000000 
3676 0.000000 
3677 -0.000000 
3678 0.000000 
3679 -0.000000 
3680 0.000000 
3681 -0.000000 
3682 0.000000 
3683 -0.000000 
3684 0.000000 
3685 -0.000000 
3686 0.000000 
3687 -0.000000 
3688 0.000000 
3689 -0.000000 
3690 0.000000 
3691 -0.000000 
3692 0.000000 
3693 -0.000000 
3694 0.000000 
3695 -0.000000 
3696 0.000000 
3697 -0.000000 
3698 0.000000 
3699 -0.000000 
3700 0.000000 
3701 -0.000000 
3702 0.000000 
3703 -0.000000 
3704 0.000000 
3705 -0.000000 
3706 0.000000 
3707 -0.000000 
3708 0.000000 
3709 -0.000000 
3710 0.000000 
3711 -0.000000 
3712 0.000000 
3713 -0.000000 
3714 0.000000 
3715 -0.000000 
3716 0.000000 
3717 -0.000000 
3718 0.000000 
3719 -0.000000 
3720 0.000000 
3721 -0.000000 
3722 0.000000 
3723 -0.000000 
3724 0.000000 
3725 -0.000000 
3726 0.000000 
3727 -0.000000 
3728 0.000000 
3729 -0.000000 
3730 0.000000 
3731 -0.000000 
3732 0.000000 
3733 -0.000000 
3734 0.000000 
3735 -0.000000 
3736 0.000000 
3737 -0.000000 
3738 0.000000 
3739 -0.000000 
3740 0.000000 
3741 -0.000000 
3742 0.000000 
3743 -0.000000 
3744 0.000000 
3745 -0.000000 
3746 0.000000 
3747 -0.000000 
3748 0.000000 
3749 -0.000000 
3750 0.000000 
3751 -0.000000 
3752 0.000000 
3753 -0.000000 
3754 0.000000 
3755 -0.000000 
3756 0.000000 
3757 -0.000000 
3758 0.000000 
3759 -0.000000 
3760 0.000000 
3761 -0.000000 
3762 0.000000 
3763 -0.000000 
3764 0.000000 
3765 -0.000000 
3766 0.000000 
3767 -0.000000 
3768 0.000000 
3769 -0.000000 
3770 0.000000 
3771 -0.000000 
3772 0.000000 
3773 -0.000000 
3774 0.000000 
3775 -0.000000 
3776 0.000000 
3777 -0.000000 
3778 0.000000 
3779 -0.000000 
3780 0.000000 
3781 -0.000000 
3782 0.000000 
3783 0.000000 
3784 -0.000000 
3785 0.000000 
3786 -0.000000 
3787 0.000000 
3788 -0.000000 
3789 0.000000 
3790 -0.000000 
3791 0.000000 
3792 -0.000000 
3793 0.000000 
3794 -0.000000 
3795 0.000000 
3796 -0.000000 
3797 0.000000 
3798 -0.000000 
3799 0.000000 
3800 -0.000000 
3801 0.000000 
3802 -0.000000 
3803 0.000000 
3804 -0.000000 
3805 0.000000 
3806 -0.000000 
3807 0.000000 
3808 -0.000000 
3809 0.000000 
3810 -0.000000 
3811 0.000000 
3812 -0.000000 
3813 0.000000 
3814 -0.000000 
3815 0.000000 
3816 -0.000000 
3817 0.000000 
3818 -0.000000 
3819 0.000000 
3820 -0.000000 
3821 0.000000 
3822 -0.000000 
3823 0.000000 
3824 -0.000000 
3825 0.000000 
3826 -0.000000 
3827 0.000000 
3828 -0.000000 
3829 0.000000 
3830 -0.000000 
3831 0.000000 
3832 -0.000000 
3833 0.000000 
3834 -0.000000 
3835 0.000000 
3836 -0.000000 
3837 0.000000 
3838 -0.000000 
3839 0.000000 
3840 -0.000000 
3841 0.000000 
3842 -0.000000 
3843 0.000000 
3844 -0.000000 
3845 0.000000 
3846 -0.000000 
3847 0.000000 
3848 -0.000000 
3849 0.000000 
3850 -0.000000 
3851 0.000000 
3852 -0.000000 
3853 0.000000 
3854 -0.000000 
3855 0.000000 
3856 -0.000000 
3857 0.000000 
3858 -0.000000 
3859 0.000000 
3860 -0.000000 
3861 0.000000 
3862 -0.000000 
3863 0.000000 
3864 -0.000000 
3865 0.000000 
3866 -0.000000 
3867 0.000000 
3868 -0.000000 
3869 0.000000 
3870 -0.000000 
3871 0.000000 
3872 -0.000000 
3873 0.000000 
3874 -0.000000 
3875 0.000000 
3876 -0.000000 
3877 0.000000 
3878 -0.000000 
3879 0.000000 
3880 -0.000000 
3881 0.000000 
3882 -0.000000 
3883 0.000000 
3884 -0.000000 
3885 0.000000 
3886 -0.000000 
3887 0.000000 
3888 -0.000000 
3889 0.000000 
3890 -0.000000 
3891 0.000000 
3892 -0.000000 
3893 -0.000000 
3894 0.000000 
3895 -0.000000 
3896 0.000000 
3897 -0.000000 
3898 0.000000 
3899 -0.000000 
3900 0.000000 
3901 -0.000000 
3902 0.000000 
3903 -0.000000 
3904 0.000000 
3905 -0.000000 
3906 0.000000 
3907 -0.000000 
3908 0.000000 
3909 -0.000000 
3910 0.000000 
3911 -0.000000 
3912 0.000000 
3913 -0.000000 
3914 0.000000 
3915 -0.000000 
3916 0.000000 
3917 -0.000000 
3918 0.000000 
3919 -0.000000 
3920 0.000000 
3921 -0.000000 
3922 0.000000 
3923 -0.000000 
3924 0.000000 
3925 -0.000000 
3926 0.000000 
3927 -0.000000 
3928 0.000000 
3929 -0.000000 
3930 0.000000 
3931 -0.000000 
3932 0.000000 
3933 -0.000000 
3934 0.000000 
3935 -0.000000 
3936 0.000000 
3937 -0.000000 
3938 0.000000 
3939 -0.000000 
3940 0.000000 
3941 -0.000000 
3942 0.000000 
3943 -0.000000 
3944 0.000000 
3945 -0.000000 
3946 0.000000 
3947 -0.000000 
3948 0.000000 
3949 -0.000000 
3950 0.000000 
3951 -0.000000 
3952 0.000000 
3953 -0.000000 
3954 0.000000 
3955 -0.000000 
3956 0.000000 
3957 -0.000000 
3958 0.000000 
3959 -0.000000 
3960 0.000000 
3961 -0.000000 
3962 0.000000 
3963 -0.000000 
3964 0.000000 
3965 -0.000000 
3966 0.000000 
3967 -0.000000 
3968 0.000000 
3969 -0.000000 
3970 0.000000 
3971 -0.000000 
3972 0.000000 
3973 -0.000000 
3974 0.000000 
3975 -0.000000 
3976 0.000000 
3977 -0.000000 
3978 0.000000 
3979 -0.000000 
3980 0.000000 
3981 -0.000000 
3982 0.000000 
3983 -0.000000 
3984 0.000000 
3985 -0.000000 
3986 0.000000 
3987 -0.000000 
3988 0.000000 
3989 -0.000000 
3990 0.000000 
3991 -0.000000 
3992 0.000000 
3993 -0.000000 
3994 0.000000 
3995 -0.000000 
3996 0.000000 
3997 -0.000000 
3998 0.000000 
3999 -0.000000 
4000 0.000000 
