0 0.000000 
1 -0.000000 
2 0.000000 
3 -0.000000 
4 0.000000 
5 -0.000000 
6 0.000000 
7 -0.000000 
8 0.000000 
9 -0.000000 
10 0.000000 
11 -0.000000 
12 0.000000 
13 -0.000000 
14 0.000000 
15 -0.000000 
16 0.000000 
17 -0.000000 
18 0.000000 
19 -0.000000 
20 0.000000 
21 -0.000000 
22 0.000000 
23 -0.000000 
24 0.000000 
25 -0.000000 
26 0.000000 
27 -0.000000 
28 0.000000 
29 -0.000000 
30 0.000000 
31 -0.000000 
32 0.000000 
33 -0.000000 
34 0.000000 
35 -0.000000 
36 0.000000 
37 -0.000000 
38 0.000000 
39 0.000000 
40 -0.000000 
41 0.000000 
42 -0.000000 
43 0.000000 
44 -0.000000 
45 0.000000 
46 -0.000000 
47 0.000000 
48 -0.000000 
49 0.000000 
50 -0.000000 
51 0.000000 
52 -0.000000 
53 0.000000 
54 -0.000000 
55 0.000000 
56 -0.000000 
57 0.000000 
58 -0.000000 
59 0.000000 
60 -0.000000 
61 0.000000 
62 -0.000000 
63 0.000000 
64 -0.000000 
65 0.000000 
66 -0.000000 
67 0.000000 
68 -0.000000 
69 0.000000 
70 -0.000000 
71 0.000000 
72 -0.000000 
73 0.000000 
74 -0.000000 
75 0.000000 
76 -0.000000 
77 0.000000 
78 -0.000000 
79 0.000000 
80 -0.000000 
81 0.000000 
82 -0.000000 
83 0.000000 
84 -0.000000 
85 0.000000 
86 -0.000000 
87 0.000000 
88 -0.000000 
89 0.000000 
90 -0.000000 
91 0.000000 
92 -0.000000 
93 0.000000 
94 -0.000000 
95 0.000000 
96 -0.000000 
97 0.000000 
98 -0.000000 
99 0.000000 
100 -0.000000 
101 0.000000 
102 -0.000000 
103 0.000000 
104 -0.000000 
105 0.000000 
106 -0.000000 
107 0.000000 
108 -0.000000 
109 0.000000 
110 -0.000000 
111 0.000000 
112 -0.000000 
113 0.000000 
114 -0.000000 
115 0.000000 
116 -0.000000 
117 0.000000 
118 -0.000000 
119 0.000000 
120 -0.000000 
121 0.000000 
122 -0.000000 
123 0.000000 
124 -0.000000 
125 0.000000 
126 -0.000000 
127 0.000000 
128 -0.000000 
129 0.000000 
130 -0.000000 
131 0.000000 
132 -0.000000 
133 0.000000 
134 -0.000000 
135 0.000000 
136 -0.000000 
137 0.000000 
138 -0.000000 
139 0.000000 
140 -0.000000 
141 0.000000 
142 -0.000000 
143 0.000000 
144 -0.000000 
145 0.000000 
146 -0.000000 
147 0.000000 
148 -0.000000 
149 0.000000 
150 -0.000000 
151 0.000000 
152 -0.000000 
153 -0.000000 
154 0.000000 
155 -0.000000 
156 0.000000 
157 -0.000000 
158 0.000000 
159 -0.000000 
160 0.000000 
161 -0.000000 
162 0.000000 
163 -0.000000 
164 0.000000 
165 -0.000000 
166 0.000000 
167 -0.000000 
168 0.000000 
169 -0.000000 
170 0.000000 
171 -0.000000 
172 0.000000 
173 -0.000000 
174 0.000000 
175 -0.000000 
176 0.000000 
177 -0.000000 
178 0.000000 
179 -0.000000 
180 0.000000 
181 -0.000000 
182 0.000000 
183 -0.000000 
184 0.000000 
185 -0.000000 
186 0.000000 
187 -0.000000 
188 0.000000 
189 -0.000000 
190 0.000000 
191 -0.000000 
192 0.000000 
193 -0.000000 
194 0.000000 
195 -0.000000 
196 0.000000 
197 -0.000000 
198 0.000000 
199 -0.000000 
200 0.000000 
201 -0.000000 
202 0.000000 
203 -0.000000 
204 0.000000 
205 -0.000000 
206 0.000000 
207 -0.000000 
208 0.000000 
209 -0.000000 
210 0.000000 
211 -0.000000 
212 0.000000 
213 -0.000000 
214 0.000000 
215 -0.000000 
216 0.000000 
217 -0.000000 
218 0.000000 
219 -0.000000 
220 0.000000 
221 -0.000000 
222 0.000000 
223 -0.000000 
224 0.000000 
225 -0.000000 
226 0.000000 
227 -0.000000 
228 0.000000 
229 -0.000000 
230 0.000000 
231 -0.000000 
232 0.000000 
233 -0.000000 
234 0.000000 
235 -0.000000 
236 0.000000 
237 -0.000000 
238 0.000000 
239 -0.000000 
240 0.000000 
241 -0.000000 
242 0.000000 
243 -0.000000 
244 0.000000 
245 -0.000000 
246 0.000000 
247 -0.000000 
248 0.000000 
249 -0.000000 
250 0.000000 
251 -0.000000 
252 0.000000 
253 -0.000000 
254 0.000000 
255 -0.000000 
256 0.000000 
257 -0.000000 
258 0.000000 
259 -0.000000 
260 0.000000 
261 -0.000000 
262 0.000000 
263 -0.000000 
264 0.000000 
265 -0.000000 
266 0.000000 
267 -0.000000 
268 0.000000 
269 -0.000000 
270 0.000000 
271 -0.000000 
272 0.000000 
273 -0.000000 
274 0.000000 
275 -0.000000 
276 0.000000 
277 -0.000000 
278 0.000000 
279 -0.000000 
280 0.000000 
281 -0.000000 
282 0.000000 
283 -0.000000 
284 0.000000 
285 -0.000000 
286 0.000000 
287 -0.000000 
288 0.000000 
289 -0.000000 
290 0.000000 
291 -0.000000 
292 0.000000 
293 -0.000000 
294 0.000000 
295 -0.000000 
296 0.000000 
297 -0.000000 
298 0.000000 
299 -0.000000 
300 0.000000 
301 -0.000000 
302 0.000000 
303 -0.000000 
304 0.000000 
305 -0.000000 
306 0.000000 
307 -0.000000 
308 0.000000 
309 -0.000000 
310 0.000000 
311 -0.000000 
312 0.000000 
313 -0.000000 
314 0.000000 
315 -0.000000 
316 0.000000 
317 -0.000000 
318 -0.000000 
319 0.000000 
320 -0.000000 
321 0.000000 
322 -0.000000 
323 0.000000 
324 -0.000000 
325 0.000000 
326 -0.000000 
327 0.000000 
328 -0.000000 
329 0.000000 
330 -0.000000 
331 0.000000 
332 -0.000000 
333 0.000000 
334 -0.000000 
335 0.000000 
336 -0.000000 
337 0.000000 
338 -0.000000 
339 0.000000 
340 -0.000000 
341 0.000000 
342 -0.000000 
343 0.000000 
344 -0.000000 
345 0.000000 
346 -0.000000 
347 0.000000 
348 -0.000000 
349 0.000000 
350 -0.000000 
351 0.000000 
352 -0.000000 
353 0.000000 
354 -0.000000 
355 0.000000 
356 -0.000000 
357 0.000000 
358 -0.000000 
359 0.000000 
360 -0.000000 
361 0.000000 
362 -0.000000 
363 0.000000 
364 -0.000000 
365 0.000000 
366 -0.000000 
367 0.000000 
368 -0.000000 
369 0.000000 
370 -0.000000 
371 0.000000 
372 -0.000000 
373 0.000000 
374 -0.000000 
375 -0.000000 
376 0.000000 
377 -0.000000 
378 0.000000 
379 -0.000000 
380 0.000000 
381 -0.000000 
382 0.000000 
383 -0.000000 
384 0.000000 
385 -0.000000 
386 0.000000 
387 -0.000000 
388 0.000000 
389 -0.000000 
390 0.000000 
391 -0.000000 
392 0.000000 
393 -0.000000 
394 0.000000 
395 -0.000000 
396 0.000000 
397 -0.000000 
398 0.000000 
399 -0.000000 
400 0.000000 
401 -0.000000 
402 0.000000 
403 -0.000000 
404 0.000000 
405 -0.000000 
406 0.000000 
407 -0.000000 
408 0.000000 
409 -0.000000 
410 0.000000 
411 -0.000000 
412 0.000000 
413 -0.000000 
414 0.000000 
415 -0.000000 
416 0.000000 
417 -0.000000 
418 0.000000 
419 -0.000000 
420 0.000000 
421 -0.000000 
422 0.000000 
423 -0.000000 
424 0.000000 
425 -0.000000 
426 0.000000 
427 -0.000000 
428 0.000000 
429 -0.000000 
430 0.000000 
431 -0.000000 
432 0.000000 
433 -0.000000 
434 0.000000 
435 -0.000000 
436 0.000000 
437 -0.000000 
438 0.000000 
439 -0.000000 
440 0.000000 
441 -0.000000 
442 0.000000 
443 -0.000000 
444 0.000000 
445 -0.000000 
446 0.000000 
447 -0.000000 
448 0.000000 
449 -0.000000 
450 0.000000 
451 -0.000000 
452 0.000000 
453 -0.000000 
454 0.000000 
455 -0.000000 
456 0.000000 
457 -0.000000 
458 0.000000 
459 -0.000000 
460 0.000000 
461 -0.000000 
462 0.000000 
463 -0.000000 
464 0.000000 
465 -0.000000 
466 0.000000 
467 -0.000000 
468 0.000000 
469 -0.000000 
470 0.000000 
471 -0.000000 
472 0.000000 
473 -0.000000 
474 0.000000 
475 -0.000000 
476 0.000000 
477 -0.000000 
478 0.000000 
479 -0.000000 
480 0.000000 
481 -0.000000 
482 0.000000 
483 -0.000000 
484 0.000000 
485 -0.000000 
486 0.000000 
487 -0.000000 
488 0.000000 
489 -0.000000 
490 0.000000 
491 -0.000000 
492 0.000000 
493 -0.000000 
494 0.000000 
495 -0.000000 
496 0.000000 
497 -0.000000 
498 0.000000 
499 -0.000000 
500 0.000000 
501 -0.000000 
502 0.000000 
503 -0.000000 
504 0.000000 
505 -0.000000 
506 0.000000 
507 -0.000000 
508 0.000000 
509 -0.000000 
510 0.000000 
511 0.000000 
512 -0.000000 
513 0.000000 
514 -0.000000 
515 0.000000 
516 -0.000000 
517 0.000000 
518 -0.000000 
519 0.000000 
520 -0.000000 
521 0.000000 
522 -0.000000 
523 0.000000 
524 -0.000000 
525 0.000000 
526 -0.000000 
527 0.000000 
528 -0.000000 
529 0.000000 
530 -0.000000 
531 0.000000 
532 -0.000000 
533 0.000000 
534 -0.000000 
535 0.000000 
536 -0.000000 
537 0.000000 
538 -0.000000 
539 0.000000 
540 -0.000000 
541 0.000000 
542 -0.000000 
543 0.000000 
544 -0.000000 
545 0.000000 
546 -0.000000 
547 0.000000 
548 -0.000000 
549 0.000000 
550 -0.000000 
551 0.000000 
552 -0.000000 
553 0.000000 
554 -0.000000 
555 0.000000 
556 -0.000000 
557 0.000000 
558 -0.000000 
559 0.000000 
560 -0.000000 
561 0.000000 
562 -0.000000 
563 0.000000 
564 -0.000000 
565 0.000000 
566 -0.000000 
567 0.000000 
568 -0.000000 
569 0.000000 
570 -0.000000 
571 0.000000 
572 -0.000000 
573 0.000000 
574 -0.000000 
575 0.000000 
576 -0.000000 
577 0.000000 
578 -0.000000 
579 0.000000 
580 -0.000000 
581 0.000000 
582 -0.000000 
583 0.000000 
584 -0.000000 
585 0.000000 
586 -0.000000 
587 0.000000 
588 -0.000000 
589 0.000000 
590 -0.000000 
591 0.000000 
592 -0.000000 
593 0.000000 
594 -0.000000 
595 0.000000 
596 -0.000000 
597 0.000000 
598 -0.000000 
599 0.000000 
600 -0.000000 
601 0.000000 
602 -0.000000 
603 0.000000 
604 -0.000000 
605 0.000000 
606 -0.000000 
607 0.000000 
608 -0.000000 
609 0.000000 
610 -0.000000 
611 0.000000 
612 -0.000000 
613 0.000000 
614 -0.000000 
615 0.000000 
616 -0.000000 
617 0.000000 
618 -0.000000 
619 0.000000 
620 -0.000000 
621 0.000000 
622 -0.000000 
623 0.000000 
624 -0.000000 
625 0.000000 
626 -0.000000 
627 0.000000 
628 -0.000000 
629 0.000000 
630 -0.000000 
631 0.000000 
632 -0.000000 
633 0.000000 
634 -0.000000 
635 0.000000 
636 -0.000000 
637 0.000000 
638 -0.000000 
639 0.000000 
640 -0.000000 
641 0.000000 
642 -0.000000 
643 -0.000000 
644 0.000000 
645 -0.000000 
646 0.000000 
647 -0.000000 
648 0.000000 
649 -0.000000 
650 0.000001 
651 -0.000001 
652 0.000001 
653 -0.000001 
654 0.000001 
655 -0.000001 
656 0.000001 
657 -0.000002 
658 0.000002 
659 -0.000002 
660 0.000002 
661 -0.000002 
662 0.000003 
663 -0.000003 
664 0.000003 
665 -0.000003 
666 0.000003 
667 -0.000004 
668 0.000004 
669 -0.000004 
670 0.000005 
671 -0.000005 
672 0.000005 
673 -0.000006 
674 0.000006 
675 -0.000006 
676 0.000007 
677 -0.000007 
678 0.000008 
679 -0.000008 
680 0.000009 
681 -0.000009 
682 0.000010 
683 -0.000010 
684 0.000011 
685 -0.000011 
686 0.000012 
687 -0.000013 
688 0.000013 
689 -0.000014 
690 0.000015 
691 -0.000016 
692 0.000017 
693 -0.000017 
694 0.000018 
695 -0.000019 
696 0.000020 
697 -0.000021 
698 0.000022 
699 -0.000023 
700 0.000024 
701 -0.000026 
702 0.000027 
703 -0.000028 
704 0.000029 
705 -0.000031 
706 0.000032 
707 -0.000034 
708 0.000035 
709 -0.000037 
710 0.000039 
711 -0.000040 
712 0.000042 
713 -0.000044 
714 0.000046 
715 -0.000048 
716 0.000050 
717 -0.000052 
718 0.000055 
719 -0.000057 
720 0.000059 
721 -0.000062 
722 0.000064 
723 -0.000067 
724 0.000070 
725 -0.000073 
726 0.000075 
727 -0.000078 
728 0.000081 
729 -0.000084 
730 0.000088 
731 -0.000091 
732 0.000094 
733 -0.000097 
734 0.000101 
735 -0.000104 
736 0.000107 
737 -0.000111 
738 0.000114 
739 -0.000117 
740 0.000121 
741 -0.000124 
742 0.000127 
743 -0.000130 
744 0.000133 
745 -0.000136 
746 0.000139 
747 -0.000141 
748 0.000144 
749 -0.000146 
750 0.000147 
751 -0.000149 
752 0.000150 
753 -0.000151 
754 0.000151 
755 -0.000151 
756 0.000150 
757 -0.000149 
758 0.000147 
759 -0.000144 
760 0.000141 
761 -0.000137 
762 0.000132 
763 -0.000127 
764 0.000120 
765 -0.000113 
766 0.000104 
767 -0.000095 
768 0.000084 
769 -0.000072 
770 0.000059 
771 -0.000044 
772 0.000028 
773 -0.000011 
774 -0.000007 
775 0.000027 
776 -0.000049 
777 0.000072 
778 -0.000097 
779 0.000124 
780 -0.000152 
781 0.000182 
782 -0.000214 
783 0.000247 
784 -0.000282 
785 0.000319 
786 -0.000359 
787 0.000399 
788 -0.000442 
789 0.000487 
790 -0.000534 
791 0.000583 
792 -0.000633 
793 0.000686 
794 -0.000741 
795 0.000797 
796 -0.000856 
797 0.000917 
798 -0.000980 
799 0.001045 
800 -0.001112 
801 0.001181 
802 -0.001253 
803 0.001326 
804 -0.001402 
805 0.001480 
806 -0.001560 
807 0.001643 
808 -0.001728 
809 0.001815 
810 -0.001905 
811 0.001997 
812 -0.002092 
813 0.002189 
814 -0.002289 
815 0.002392 
816 -0.002498 
817 0.002607 
818 -0.002718 
819 0.002833 
820 -0.002951 
821 0.003072 
822 -0.003197 
823 0.003325 
824 -0.003457 
825 0.003592 
826 -0.003732 
827 0.003875 
828 -0.004023 
829 0.004175 
830 -0.004331 
831 0.004492 
832 -0.004658 
833 0.004828 
834 -0.005004 
835 0.005184 
836 -0.005370 
837 0.005562 
838 -0.005758 
839 0.005961 
840 -0.006169 
841 0.006383 
842 -0.006603 
843 0.006829 
844 -0.007061 
845 0.007299 
846 -0.007544 
847 0.007794 
848 -0.008051 
849 0.008314 
850 -0.008583 
851 0.008859 
852 -0.009140 
853 0.009427 
854 -0.009719 
855 0.010017 
856 -0.010320 
857 0.010628 
858 -0.010940 
859 0.011256 
860 -0.011575 
861 0.011896 
862 -0.012220 
863 0.012545 
864 -0.012871 
865 0.013195 
866 -0.013519 
867 0.013839 
868 -0.014156 
869 0.014467 
870 -0.014772 
871 0.015068 
872 -0.015354 
873 0.015629 
874 -0.015889 
875 0.016134 
876 -0.016360 
877 0.016566 
878 -0.016749 
879 0.016906 
880 -0.017034 
881 0.017132 
882 -0.017195 
883 0.017221 
884 -0.017206 
885 0.017147 
886 -0.017041 
887 0.016884 
888 -0.016673 
889 0.016403 
890 -0.016071 
891 0.015674 
892 -0.015207 
893 0.014668 
894 -0.014051 
895 0.013353 
896 -0.012572 
897 0.011702 
898 -0.010740 
899 0.009684 
900 -0.008529 
901 0.007272 
902 -0.005911 
903 0.004442 
904 -0.002864 
905 0.001172 
906 0.000634 
907 -0.002558 
908 0.004600 
909 -0.006763 
910 0.009047 
911 -0.011453 
912 0.013983 
913 -0.016637 
914 0.019415 
915 -0.022317 
916 0.025342 
917 -0.028491 
918 0.031762 
919 -0.035154 
920 0.038667 
921 -0.042298 
922 0.046046 
923 -0.049910 
924 0.053887 
925 -0.057975 
926 0.062173 
927 -0.066479 
928 0.070890 
929 -0.075404 
930 0.080018 
931 -0.084732 
932 0.089543 
933 -0.094449 
934 0.099449 
935 -0.104540 
936 0.109721 
937 -0.114992 
938 0.120350 
939 -0.125796 
940 0.131329 
941 -0.136948 
942 0.142653 
943 -0.148445 
944 0.154324 
945 -0.160290 
946 0.166345 
947 -0.172490 
948 0.178726 
949 -0.185056 
950 0.191480 
951 -0.198003 
952 0.204625 
953 -0.211350 
954 0.218180 
955 -0.225119 
956 0.232169 
957 -0.239335 
958 0.246620 
959 -0.254027 
960 0.261559 
961 -0.269221 
962 0.277016 
963 -0.284948 
964 0.293021 
965 -0.301238 
966 0.309602 
967 -0.318117 
968 0.326786 
969 -0.335612 
970 0.344598 
971 -0.353746 
972 0.363058 
973 -0.372535 
974 0.382180 
975 -0.391991 
976 0.401970 
977 -0.412116 
978 0.422427 
979 -0.432901 
980 0.443535 
981 -0.454325 
982 0.465265 
983 -0.476350 
984 0.487571 
985 -0.498919 
986 0.510384 
987 -0.521953 
988 0.533612 
989 -0.545345 
990 0.557134 
991 -0.568958 
992 0.580796 
993 -0.592620 
994 0.604405 
995 -0.616120 
996 0.627732 
997 -0.639204 
998 0.650497 
999 -0.661570 
1000 0.672376 
1001 -0.682868 
1002 0.692993 
1003 -0.702696 
1004 0.711918 
1005 -0.720599 
1006 0.728672 
1007 -0.736070 
1008 0.742722 
1009 -0.748553 
1010 0.753487 
1011 -0.757444 
1012 0.760344 
1013 -0.762103 
1014 0.762636 
1015 -0.761857 
1016 0.759677 
1017 -0.756011 
1018 0.750770 
1019 -0.743866 
1020 0.735214 
1021 -0.724729 
1022 0.712327 
1023 -0.697928 
1024 0.681456 
1025 -0.662837 
1026 0.642001 
1027 -0.618884 
1028 0.593427 
1029 -0.565578 
1030 0.535288 
1031 -0.502518 
1032 0.467236 
1033 -0.429418 
1034 0.389045 
1035 -0.346111 
1036 0.300614 
1037 -0.252565 
1038 0.201981 
1039 -0.148889 
1040 0.093326 
1041 -0.035335 
1042 -0.025029 
1043 0.087706 
1044 -0.152624 
1045 0.219706 
1046 -0.288868 
1047 0.360017 
1048 -0.433055 
1049 0.507880 
1050 -0.584382 
1051 0.662449 
1052 -0.741965 
1053 0.822812 
1054 -0.904869 
1055 0.988014 
1056 -1.072127 
1057 1.157087 
1058 -1.242773 
1059 1.329069 
1060 -1.415861 
1061 1.503037 
1062 -1.590493 
1063 1.678127 
1064 -1.765844 
1065 1.853553 
1066 -1.941174 
1067 2.028629 
1068 -2.115851 
1069 2.202778 
1070 -2.289357 
1071 2.375544 
1072 -2.461300 
1073 2.546596 
1074 -2.631409 
1075 2.715726 
1076 -2.799540 
1077 2.882849 
1078 -2.965662 
1079 3.047990 
1080 -3.129854 
1081 3.211277 
1082 -3.292288 
1083 3.372922 
1084 -3.453216 
1085 3.533211 
1086 -3.612950 
1087 3.692481 
1088 -3.771850 
1089 3.851105 
1090 -3.930297 
1091 4.009474 
1092 -4.088683 
1093 4.167973 
1094 -4.247388 
1095 4.326970 
1096 -4.406761 
1097 4.486795 
1098 -4.567106 
1099 4.647722 
1100 -4.728665 
1101 4.809954 
1102 -4.891600 
1103 4.973608 
1104 -5.055977 
1105 5.138697 
1106 -5.221751 
1107 5.305113 
1108 -5.388749 
1109 5.472615 
1110 -5.556656 
1111 5.640807 
1112 -5.724992 
1113 5.809124 
1114 -5.893102 
1115 5.976813 
1116 -6.060130 
1117 6.142913 
1118 -6.225006 
1119 6.306240 
1120 -6.386429 
1121 6.465370 
1122 -6.542845 
1123 6.618619 
1124 -6.692439 
1125 6.764034 
1126 -6.833118 
1127 6.899383 
1128 -6.962507 
1129 7.022148 
1130 -7.077948 
1131 7.129530 
1132 -7.176503 
1133 7.218459 
1134 -7.254974 
1135 7.285611 
1136 -7.309920 
1137 7.327439 
1138 -7.337698 
1139 7.340216 
1140 -7.334509 
1141 7.320085 
1142 -7.296455 
1143 7.263128 
1144 -7.219617 
1145 7.165441 
1146 -7.100129 
1147 7.023223 
1148 -6.934280 
1149 6.832877 
1150 -6.718611 
1151 6.591108 
1152 -6.450021 
1153 6.295038 
1154 -6.125879 
1155 5.942308 
1156 -5.744128 
1157 5.531188 
1158 -5.303385 
1159 5.060666 
1160 -4.803032 
1161 4.530536 
1162 -4.243290 
1163 3.941460 
1164 -3.625272 
1165 3.295010 
1166 -2.951015 
1167 2.593688 
1168 -2.223486 
1169 1.840919 
1170 -1.446555 
1171 1.041009 
1172 -0.624946 
1173 0.199079 
1174 0.235842 
1175 -0.679027 
1176 1.129650 
1177 -1.586861 
1178 2.049782 
1179 -2.517516 
1180 2.989155 
1181 -3.463778 
1182 3.940465 
1183 -4.418295 
1184 4.896356 
1185 -5.373748 
1186 5.849588 
1187 -6.323018 
1188 6.793203 
1189 -7.259344 
1190 7.720675 
1191 -8.176470 
1192 8.626045 
1193 -9.068763 
1194 9.504032 
1195 -9.931312 
1196 10.350113 
1197 -10.759998 
1198 11.160581 
1199 -11.551531 
1200 11.932567 
1201 -12.303463 
1202 12.664039 
1203 -13.014167 
1204 13.353765 
1205 -13.682794 
1206 14.001260 
1207 -14.309205 
1208 14.606709 
1209 -14.893885 
1210 15.170875 
1211 -15.437848 
1212 15.694996 
1213 -15.942530 
1214 16.180678 
1215 -16.409678 
1216 16.629783 
1217 -16.841247 
1218 17.044331 
1219 -17.239296 
1220 17.426399 
1221 -17.605896 
1222 17.778036 
1223 -17.943057 
1224 18.101189 
1225 -18.252650 
1226 18.397646 
1227 -18.536367 
1228 18.668988 
1229 -18.795671 
1230 18.916559 
1231 -19.031779 
1232 19.141442 
1233 -19.245642 
1234 19.344455 
1235 -19.437941 
1236 19.526143 
1237 -19.609087 
1238 19.686784 
1239 -19.759227 
1240 19.826395 
1241 -19.888251 
1242 19.944741 
1243 -19.995797 
1244 20.041336 
1245 -20.081261 
1246 20.115457 
1247 -20.143797 
1248 20.166137 
1249 -20.182319 
1250 20.192168 
1251 -20.195497 
1252 20.192099 
1253 -20.181754 
1254 20.164227 
1255 -20.139265 
1256 20.106600 
1257 -20.065949 
1258 20.017013 
1259 -19.959477 
1260 19.893014 
1261 -19.817280 
1262 19.731921 
1263 -19.636570 
1264 19.530848 
1265 -19.414369 
1266 19.286741 
1267 -19.147564 
1268 18.996439 
1269 -18.832964 
1270 18.656742 
1271 -18.467382 
1272 18.264503 
1273 -18.047737 
1274 17.816732 
1275 -17.571161 
1276 17.310718 
1277 -17.035129 
1278 16.744154 
1279 -16.437592 
1280 16.115282 
1281 -15.777113 
1282 15.423023 
1283 -15.053007 
1284 14.667117 
1285 -14.265467 
1286 13.848238 
1287 -13.415676 
1288 12.968100 
1289 -12.505899 
1290 12.029535 
1291 -11.539545 
1292 11.036537 
1293 -10.521196 
1294 9.994276 
1295 -9.456601 
1296 8.909065 
1297 -8.352623 
1298 7.788294 
1299 -7.217151 
1300 6.640320 
1301 -6.058971 
1302 5.474316 
1303 -4.887600 
1304 4.300094 
1305 -3.713089 
1306 3.127889 
1307 -2.545802 
1308 1.968134 
1309 -1.396180 
1310 0.831217 
1311 -0.274497 
1312 -0.272761 
1313 0.809378 
1314 -1.334221 
1315 1.846210 
1316 -2.344324 
1317 2.827604 
1318 -3.295161 
1319 3.746179 
1320 -4.179917 
1321 4.595712 
1322 -4.992985 
1323 5.371238 
1324 -5.730056 
1325 6.069108 
1326 -6.388147 
1327 6.687007 
1328 -6.965605 
1329 7.223934 
1330 -7.462064 
1331 7.680137 
1332 -7.878363 
1333 8.057021 
1334 -8.216448 
1335 8.357037 
1336 -8.479237 
1337 8.583541 
1338 -8.670486 
1339 8.740647 
1340 -8.794631 
1341 8.833076 
1342 -8.856642 
1343 8.866009 
1344 -8.861871 
1345 8.844937 
1346 -8.815919 
1347 8.775536 
1348 -8.724508 
1349 8.663549 
1350 -8.593372 
1351 8.514681 
1352 -8.428170 
1353 8.334522 
1354 -8.234405 
1355 8.128474 
1356 -8.017367 
1357 7.901704 
1358 -7.782087 
1359 7.659099 
1360 -7.533303 
1361 7.405240 
1362 -7.275431 
1363 7.144377 
1364 -7.012552 
1365 6.880410 
1366 -6.748383 
1367 6.616876 
1368 -6.486270 
1369 6.356923 
1370 -6.229166 
1371 6.103301 
1372 -5.979606 
1373 5.858329 
1374 -5.739690 
1375 5.623878 
1376 -5.511053 
1377 5.401341 
1378 -5.294837 
1379 5.191603 
1380 -5.091665 
1381 4.995016 
1382 -4.901612 
1383 4.811376 
1384 -4.724190 
1385 4.639903 
1386 -4.558325 
1387 4.479231 
1388 -4.402359 
1389 4.327411 
1390 -4.254054 
1391 4.181921 
1392 -4.110612 
1393 4.039697 
1394 -3.968713 
1395 3.897174 
1396 -3.824565 
1397 3.750349 
1398 -3.673969 
1399 3.594853 
1400 -3.512411 
1401 3.426046 
1402 -3.335151 
1403 3.239119 
1404 -3.137342 
1405 3.029217 
1406 -2.914148 
1407 2.791554 
1408 -2.660872 
1409 2.521558 
1410 -2.373093 
1411 2.214990 
1412 -2.046793 
1413 1.868086 
1414 -1.678490 
1415 1.477672 
1416 -1.265349 
1417 1.041283 
1418 -0.805294 
1419 0.557255 
1420 -0.297095 
1421 0.024803 
1422 0.259572 
1423 -0.555921 
1424 0.864074 
1425 -1.183801 
1426 1.514811 
1427 -1.856755 
1428 2.209227 
1429 -2.571762 
1430 2.943847 
1431 -3.324913 
1432 3.714348 
1433 -4.111494 
1434 4.515653 
1435 -4.926091 
1436 5.342043 
1437 -5.762715 
1438 6.187293 
1439 -6.614944 
1440 7.044823 
1441 -7.476078 
1442 7.907853 
1443 -8.339296 
1444 8.769562 
1445 -9.197819 
1446 9.623249 
1447 -10.045059 
1448 10.462478 
1449 -10.874766 
1450 11.281216 
1451 -11.681155 
1452 12.073951 
1453 -12.459012 
1454 12.835789 
1455 -13.203780 
1456 13.562528 
1457 -13.911624 
1458 14.250708 
1459 -14.579467 
1460 14.897636 
1461 -15.204999 
1462 15.501387 
1463 -15.786676 
1464 16.060786 
1465 -16.323681 
1466 16.575366 
1467 -16.815884 
1468 17.045315 
1469 -17.263774 
1470 17.471406 
1471 -17.668389 
1472 17.854923 
1473 -18.031235 
1474 18.197571 
1475 -18.354198 
1476 18.501396 
1477 -18.639460 
1478 18.768693 
1479 -18.889409 
1480 19.001923 
1481 -19.106556 
1482 19.203629 
1483 -19.293458 
1484 19.376359 
1485 -19.452639 
1486 19.522596 
1487 -19.586521 
1488 19.644689 
1489 -19.697365 
1490 19.744796 
1491 -19.787213 
1492 19.824828 
1493 -19.857834 
1494 19.886405 
1495 -19.910688 
1496 19.930812 
1497 -19.946880 
1498 19.958971 
1499 -19.967136 
1500 19.971403 
1501 -19.971772 
1502 19.968216 
1503 -19.960681 
1504 19.949084 
1505 -19.933318 
1506 19.913244 
1507 -19.888699 
1508 19.859490 
1509 -19.825401 
1510 19.786187 
1511 -19.741579 
1512 19.691283 
1513 -19.634982 
1514 19.572337 
1515 -19.502988 
1516 19.426555 
1517 -19.342642 
1518 19.250835 
1519 -19.150709 
1520 19.041825 
1521 -18.923736 
1522 18.795988 
1523 -18.658125 
1524 18.509687 
1525 -18.350219 
1526 18.179268 
1527 -17.996393 
1528 17.801162 
1529 -17.593161 
1530 17.371992 
1531 -17.137284 
1532 16.888688 
1533 -16.625888 
1534 16.348602 
1535 -16.056585 
1536 15.749632 
1537 -15.427585 
1538 15.090333 
1539 -14.737817 
1540 14.370031 
1541 -13.987028 
1542 13.588920 
1543 -13.175879 
1544 12.748143 
1545 -12.306013 
1546 11.849857 
1547 -11.380110 
1548 10.897273 
1549 -10.401912 
1550 9.894660 
1551 -9.376213 
1552 8.847329 
1553 -8.308826 
1554 7.761579 
1555 -7.206515 
1556 6.644611 
1557 -6.076887 
1558 5.504405 
1559 -4.928262 
1560 4.349582 
1561 -3.769515 
1562 3.189226 
1563 -2.609891 
1564 2.032691 
1565 -1.458804 
1566 0.889401 
1567 -0.325635 
1568 -0.231362 
1569 0.780485 
1570 -1.320667 
1571 1.850876 
1572 -2.370131 
1573 2.877498 
1574 -3.372101 
1575 3.853122 
1576 -4.319809 
1577 4.771473 
1578 -5.207498 
1579 5.627337 
1580 -6.030518 
1581 6.416640 
1582 -6.785378 
1583 7.136480 
1584 -7.469769 
1585 7.785136 
1586 -8.082544 
1587 8.362024 
1588 -8.623670 
1589 8.867638 
1590 -9.094144 
1591 9.303456 
1592 -9.495892 
1593 9.671817 
1594 -9.831639 
1595 9.975799 
1596 -10.104774 
1597 10.219068 
1598 -10.319208 
1599 10.405740 
1600 -10.479224 
1601 10.540231 
1602 -10.589338 
1603 10.627126 
1604 -10.654172 
1605 10.671052 
1606 -10.678331 
1607 10.676567 
1608 -10.666304 
1609 10.648072 
1610 -10.622381 
1611 10.589727 
1612 -10.550584 
1613 10.505405 
1614 -10.454622 
1615 10.398645 
1616 -10.337861 
1617 10.272634 
1618 -10.203306 
1619 10.130198 
1620 -10.053606 
1621 9.973807 
1622 -9.891056 
1623 9.805589 
1624 -9.717621 
1625 9.627351 
1626 -9.534959 
1627 9.440609 
1628 -9.344449 
1629 9.246614 
1630 -9.147224 
1631 9.046386 
1632 -8.944196 
1633 8.840740 
1634 -8.736092 
1635 8.630318 
1636 -8.523476 
1637 8.415614 
1638 -8.306774 
1639 8.196992 
1640 -8.086296 
1641 7.974711 
1642 -7.862253 
1643 7.748937 
1644 -7.634771 
1645 7.519759 
1646 -7.403902 
1647 7.287197 
1648 -7.169639 
1649 7.051217 
1650 -6.931920 
1651 6.811735 
1652 -6.690645 
1653 6.568633 
1654 -6.445679 
1655 6.321764 
1656 -6.196867 
1657 6.070969 
1658 -5.944049 
1659 5.816088 
1660 -5.687070 
1661 5.556979 
1662 -5.425803 
1663 5.293533 
1664 -5.160164 
1665 5.025695 
1666 -4.890131 
1667 4.753484 
1668 -4.615769 
1669 4.477013 
1670 -4.337246 
1671 4.196509 
1672 -4.054851 
1673 3.912330 
1674 -3.769013 
1675 3.624978 
1676 -3.480312 
1677 3.335113 
1678 -3.189487 
1679 3.043552 
1680 -2.897435 
1681 2.751274 
1682 -2.605214 
1683 2.459411 
1684 -2.314026 
1685 2.169230 
1686 -2.025200 
1687 1.882120 
1688 -1.740176 
1689 1.599561 
1690 -1.460467 
1691 1.323092 
1692 -1.187631 
1693 1.054280 
1694 -0.923232 
1695 0.794677 
1696 -0.668802 
1697 0.545785 
1698 -0.425801 
1699 0.309014 
1700 -0.195580 
1701 0.085646 
1702 0.020653 
1703 -0.123195 
1704 0.221867 
1705 -0.316573 
1706 0.407229 
1707 -0.493765 
1708 0.576125 
1709 -0.654269 
1710 0.728169 
1711 -0.797815 
1712 0.863209 
1713 -0.924367 
1714 0.981320 
1715 -1.034112 
1716 1.082799 
1717 -1.127449 
1718 1.168142 
1719 -1.204968 
1720 1.238026 
1721 -1.267425 
1722 1.293282 
1723 -1.315720 
1724 1.334868 
1725 -1.350861 
1726 1.363837 
1727 -1.373937 
1728 1.381306 
1729 -1.386090 
1730 1.388433 
1731 -1.388481 
1732 1.386380 
1733 -1.382273 
1734 1.376299 
1735 -1.368598 
1736 1.359304 
1737 -1.348547 
1738 1.336455 
1739 -1.323148 
1740 1.308744 
1741 -1.293356 
1742 1.277089 
1743 -1.260045 
1744 1.242320 
1745 -1.224005 
1746 1.205184 
1747 -1.185936 
1748 1.166337 
1749 -1.146454 
1750 1.126351 
1751 -1.106087 
1752 1.085716 
1753 -1.065286 
1754 1.044843 
1755 -1.024427 
1756 1.004075 
1757 -0.983818 
1758 0.963685 
1759 -0.943702 
1760 0.923892 
1761 -0.904273 
1762 0.884861 
1763 -0.865670 
1764 0.846711 
1765 -0.827993 
1766 0.809524 
1767 -0.791306 
1768 0.773345 
1769 -0.755641 
1770 0.738194 
1771 -0.721002 
1772 0.704064 
1773 -0.687375 
1774 0.670930 
1775 -0.654725 
1776 0.638754 
1777 -0.623008 
1778 0.607482 
1779 -0.592167 
1780 0.577056 
1781 -0.562140 
1782 0.547411 
1783 -0.532861 
1784 0.518482 
1785 -0.504265 
1786 0.490203 
1787 -0.476288 
1788 0.462513 
1789 -0.448872 
1790 0.435358 
1791 -0.421966 
1792 0.408690 
1793 -0.395527 
1794 0.382472 
1795 -0.369523 
1796 0.356678 
1797 -0.343935 
1798 0.331295 
1799 -0.318756 
1800 0.306321 
1801 -0.293992 
1802 0.281770 
1803 -0.269661 
1804 0.257667 
1805 -0.245795 
1806 0.234049 
1807 -0.222437 
1808 0.210966 
1809 -0.199642 
1810 0.188475 
1811 -0.177472 
1812 0.166642 
1813 -0.155994 
1814 0.145538 
1815 -0.135284 
1816 0.125239 
1817 -0.115414 
1818 0.105819 
1819 -0.096461 
1820 0.087350 
1821 -0.078494 
1822 0.069902 
1823 -0.061580 
1824 0.053535 
1825 -0.045774 
1826 0.038302 
1827 -0.031125 
1828 0.024246 
1829 -0.017668 
1830 0.011394 
1831 -0.005425 
1832 -0.000237 
1833 0.005593 
1834 -0.010644 
1835 0.015391 
1836 -0.019838 
1837 0.023988 
1838 -0.027846 
1839 0.031415 
1840 -0.034703 
1841 0.037715 
1842 -0.040459 
1843 0.042943 
1844 -0.045175 
1845 0.047162 
1846 -0.048916 
1847 0.050444 
1848 -0.051758 
1849 0.052866 
1850 -0.053779 
1851 0.054508 
1852 -0.055062 
1853 0.055453 
1854 -0.055690 
1855 0.055784 
1856 -0.055744 
1857 0.055582 
1858 -0.055306 
1859 0.054926 
1860 -0.054451 
1861 0.053891 
1862 -0.053253 
1863 0.052546 
1864 -0.051777 
1865 0.050955 
1866 -0.050085 
1867 0.049176 
1868 -0.048232 
1869 0.047260 
1870 -0.046265 
1871 0.045252 
1872 -0.044226 
1873 0.043191 
1874 -0.042151 
1875 0.041109 
1876 -0.040069 
1877 0.039033 
1878 -0.038004 
1879 0.036985 
1880 -0.035976 
1881 0.034981 
1882 -0.034000 
1883 0.033035 
1884 -0.032087 
1885 0.031156 
1886 -0.030244 
1887 0.029350 
1888 -0.028476 
1889 0.027621 
1890 -0.026787 
1891 0.025971 
1892 -0.025176 
1893 0.024400 
1894 -0.023643 
1895 0.022906 
1896 -0.022188 
1897 0.021488 
1898 -0.020806 
1899 0.020143 
1900 -0.019496 
1901 0.018867 
1902 -0.018254 
1903 0.017658 
1904 -0.017077 
1905 0.016511 
1906 -0.015960 
1907 0.015424 
1908 -0.014901 
1909 0.014392 
1910 -0.013896 
1911 0.013413 
1912 -0.012941 
1913 0.012482 
1914 -0.012035 
1915 0.011598 
1916 -0.011173 
1917 0.010758 
1918 -0.010353 
1919 0.009958 
1920 -0.009573 
1921 0.009197 
1922 -0.008831 
1923 0.008473 
1924 -0.008124 
1925 0.007783 
1926 -0.007451 
1927 0.007127 
1928 -0.006811 
1929 0.006502 
1930 -0.006202 
1931 0.005908 
1932 -0.005623 
1933 0.005344 
1934 -0.005073 
1935 0.004808 
1936 -0.004551 
1937 0.004301 
1938 -0.004058 
1939 0.003821 
1940 -0.003592 
1941 0.003369 
1942 -0.003152 
1943 0.002943 
1944 -0.002740 
1945 0.002544 
1946 -0.002354 
1947 0.002171 
1948 -0.001995 
1949 0.001825 
1950 -0.001662 
1951 0.001505 
1952 -0.001354 
1953 0.001210 
1954 -0.001072 
1955 0.000941 
1956 -0.000816 
1957 0.000697 
1958 -0.000584 
1959 0.000477 
1960 -0.000375 
1961 0.000280 
1962 -0.000191 
1963 0.000107 
1964 -0.000028 
1965 -0.000045 
1966 0.000113 
1967 -0.000176 
1968 0.000234 
1969 -0.000287 
1970 0.000335 
1971 -0.000379 
1972 0.000419 
1973 -0.000455 
1974 0.000486 
1975 -0.000514 
1976 0.000539 
1977 -0.000560 
1978 0.000578 
1979 -0.000593 
1980 0.000605 
1981 -0.000614 
1982 0.000621 
1983 -0.000625 
1984 0.000628 
1985 -0.000628 
1986 0.000626 
1987 -0.000623 
1988 0.000619 
1989 -0.000613 
1990 0.000605 
1991 -0.000597 
1992 0.000588 
1993 -0.000577 
1994 0.000566 
1995 -0.000555 
1996 0.000542 
1997 -0.000530 
1998 0.000517 
1999 -0.000504 
2000 0.000490 
2001 -0.000476 
2002 0.000463 
2003 -0.000449 
2004 0.000435 
2005 -0.000421 
2006 0.000408 
2007 -0.000394 
2008 0.000381 
2009 -0.000368 
2010 0.000355 
2011 -0.000343 
2012 0.000330 
2013 -0.000318 
2014 0.000307 
2015 -0.000295 
2016 0.000284 
2017 -0.000273 
2018 0.000263 
2019 -0.000252 
2020 0.000243 
2021 -0.000233 
2022 0.000224 
2023 -0.000215 
2024 0.000206 
2025 -0.000198 
2026 0.000190 
2027 -0.000182 
2028 0.000175 
2029 -0.000168 
2030 0.000161 
2031 -0.000154 
2032 0.000148 
2033 -0.000141 
2034 0.000135 
2035 -0.000130 
2036 0.000124 
2037 -0.000119 
2038 0.000114 
2039 -0.000109 
2040 0.000104 
2041 -0.000100 
2042 0.000095 
2043 -0.000091 
2044 0.000087 
2045 -0.000083 
2046 0.000079 
2047 -0.000076 
2048 0.000072 
2049 -0.000069 
2050 0.000066 
2051 -0.000063 
2052 0.000060 
2053 -0.000057 
2054 0.000054 
2055 -0.000052 
2056 0.000049 
2057 -0.000047 
2058 0.000044 
2059 -0.000042 
2060 0.000040 
2061 -0.000038 
2062 0.000036 
2063 -0.000034 
2064 0.000032 
2065 -0.000030 
2066 0.000028 
2067 -0.000027 
2068 0.000025 
2069 -0.000023 
2070 0.000022 
2071 -0.000020 
2072 0.000019 
2073 -0.000018 
2074 0.000017 
2075 -0.000015 
2076 0.000014 
2077 -0.000013 
2078 0.000012 
2079 -0.000011 
2080 0.000010 
2081 -0.000009 
2082 0.000008 
2083 -0.000007 
2084 0.000007 
2085 -0.000006 
2086 0.000005 
2087 -0.000005 
2088 0.000004 
2089 -0.000003 
2090 0.000003 
2091 -0.000002 
2092 0.000002 
2093 -0.000001 
2094 0.000001 
2095 -0.000001 
2096 0.000000 
2097 0.000000 
2098 -0.000000 
2099 0.000001 
2100 -0.000001 
2101 0.000001 
2102 -0.000001 
2103 0.000001 
2104 -0.000002 
2105 0.000002 
2106 -0.000002 
2107 0.000002 
2108 -0.000002 
2109 0.000002 
2110 -0.000002 
2111 0.000002 
2112 -0.000002 
2113 0.000002 
2114 -0.000002 
2115 0.000002 
2116 -0.000002 
2117 0.000002 
2118 -0.000002 
2119 0.000002 
2120 -0.000002 
2121 0.000002 
2122 -0.000002 
2123 0.000002 
2124 -0.000002 
2125 0.000002 
2126 -0.000002 
2127 0.000002 
2128 -0.000002 
2129 0.000002 
2130 -0.000002 
2131 0.000002 
2132 -0.000001 
2133 0.000001 
2134 -0.000001 
2135 0.000001 
2136 -0.000001 
2137 0.000001 
2138 -0.000001 
2139 0.000001 
2140 -0.000001 
2141 0.000001 
2142 -0.000001 
2143 0.000001 
2144 -0.000001 
2145 0.000001 
2146 -0.000001 
2147 0.000001 
2148 -0.000001 
2149 0.000001 
2150 -0.000001 
2151 0.000001 
2152 -0.000001 
2153 0.000001 
2154 -0.000001 
2155 0.000001 
2156 -0.000001 
2157 0.000000 
2158 -0.000000 
2159 0.000000 
2160 -0.000000 
2161 0.000000 
2162 -0.000000 
2163 0.000000 
2164 -0.000000 
2165 0.000000 
2166 -0.000000 
2167 0.000000 
2168 -0.000000 
2169 0.000000 
2170 -0.000000 
2171 0.000000 
2172 -0.000000 
2173 0.000000 
2174 -0.000000 
2175 0.000000 
2176 -0.000000 
2177 0.000000 
2178 -0.000000 
2179 0.000000 
2180 -0.000000 
2181 0.000000 
2182 -0.000000 
2183 0.000000 
2184 -0.000000 
2185 0.000000 
2186 -0.000000 
2187 0.000000 
2188 -0.000000 
2189 0.000000 
2190 -0.000000 
2191 0.000000 
2192 -0.000000 
2193 0.000000 
2194 -0.000000 
2195 0.000000 
2196 -0.000000 
2197 0.000000 
2198 -0.000000 
2199 0.000000 
2200 -0.000000 
2201 0.000000 
2202 -0.000000 
2203 0.000000 
2204 -0.000000 
2205 0.000000 
2206 -0.000000 
2207 0.000000 
2208 -0.000000 
2209 0.000000 
2210 -0.000000 
2211 0.000000 
2212 -0.000000 
2213 0.000000 
2214 -0.000000 
2215 0.000000 
2216 -0.000000 
2217 0.000000 
2218 -0.000000 
2219 0.000000 
2220 -0.000000 
2221 0.000000 
2222 -0.000000 
2223 0.000000 
2224 -0.000000 
2225 0.000000 
2226 -0.000000 
2227 0.000000 
2228 -0.000000 
2229 -0.000000 
2230 0.000000 
2231 -0.000000 
2232 0.000000 
2233 -0.000000 
2234 0.000000 
2235 -0.000000 
2236 0.000000 
2237 -0.000000 
2238 0.000000 
2239 -0.000000 
2240 0.000000 
2241 -0.000000 
2242 0.000000 
2243 -0.000000 
2244 0.000000 
2245 -0.000000 
2246 0.000000 
2247 -0.000000 
2248 0.000000 
2249 -0.000000 
2250 0.000000 
2251 -0.000000 
2252 0.000000 
2253 -0.000000 
2254 0.000000 
2255 -0.000000 
2256 0.000000 
2257 -0.000000 
2258 0.000000 
2259 -0.000000 
2260 0.000000 
2261 -0.000000 
2262 0.000000 
2263 -0.000000 
2264 0.000000 
2265 -0.000000 
2266 0.000000 
2267 -0.000000 
2268 0.000000 
2269 -0.000000 
2270 0.000000 
2271 -0.000000 
2272 0.000000 
2273 -0.000000 
2274 0.000000 
2275 -0.000000 
2276 0.000000 
2277 -0.000000 
2278 0.000000 
2279 -0.000000 
2280 0.000000 
2281 -0.000000 
2282 0.000000 
2283 -0.000000 
2284 0.000000 
2285 -0.000000 
2286 0.000000 
2287 -0.000000 
2288 0.000000 
2289 -0.000000 
2290 0.000000 
2291 -0.000000 
2292 0.000000 
2293 -0.000000 
2294 0.000000 
2295 -0.000000 
2296 0.000000 
2297 -0.000000 
2298 0.000000 
2299 -0.000000 
2300 0.000000 
2301 -0.000000 
2302 0.000000 
2303 -0.000000 
2304 0.000000 
2305 -0.000000 
2306 0.000000 
2307 -0.000000 
2308 0.000000 
2309 -0.000000 
2310 0.000000 
2311 -0.000000 
2312 0.000000 
2313 -0.000000 
2314 0.000000 
2315 -0.000000 
2316 0.000000 
2317 -0.000000 
2318 0.000000 
2319 -0.000000 
2320 0.000000 
2321 -0.000000 
2322 0.000000 
2323 -0.000000 
2324 0.000000 
2325 -0.000000 
2326 0.000000 
2327 -0.000000 
2328 0.000000 
2329 -0.000000 
2330 0.000000 
2331 -0.000000 
2332 0.000000 
2333 -0.000000 
2334 0.000000 
2335 -0.000000 
2336 0.000000 
2337 -0.000000 
2338 0.000000 
2339 -0.000000 
2340 0.000000 
2341 -0.000000 
2342 0.000000 
2343 -0.000000 
2344 0.000000 
2345 -0.000000 
2346 0.000000 
2347 -0.000000 
2348 0.000000 
2349 -0.000000 
2350 0.000000 
2351 -0.000000 
2352 0.000000 
2353 -0.000000 
2354 0.000000 
2355 -0.000000 
2356 0.000000 
2357 -0.000000 
2358 0.000000 
2359 -0.000000 
2360 0.000000 
2361 -0.000000 
2362 -0.000000 
2363 0.000000 
2364 -0.000000 
2365 0.000000 
2366 -0.000000 
2367 0.000000 
2368 -0.000000 
2369 0.000000 
2370 -0.000000 
2371 0.000000 
2372 -0.000000 
2373 0.000000 
2374 -0.000000 
2375 0.000000 
2376 -0.000000 
2377 0.000000 
2378 -0.000000 
2379 0.000000 
2380 -0.000000 
2381 0.000000 
2382 -0.000000 
2383 0.000000 
2384 -0.000000 
2385 0.000000 
2386 -0.000000 
2387 0.000000 
2388 -0.000000 
2389 0.000000 
2390 -0.000000 
2391 0.000000 
2392 -0.000000 
2393 0.000000 
2394 -0.000000 
2395 0.000000 
2396 -0.000000 
2397 0.000000 
2398 -0.000000 
2399 0.000000 
2400 -0.000000 
2401 0.000000 
2402 -0.000000 
2403 0.000000 
2404 -0.000000 
2405 0.000000 
2406 -0.000000 
2407 0.000000 
2408 -0.000000 
2409 0.000000 
2410 -0.000000 
2411 0.000000 
2412 -0.000000 
2413 0.000000 
2414 -0.000000 
2415 0.000000 
2416 -0.000000 
2417 0.000000 
2418 -0.000000 
2419 0.000000 
2420 -0.000000 
2421 0.000000 
2422 -0.000000 
2423 0.000000 
2424 -0.000000 
2425 0.000000 
2426 -0.000000 
2427 0.000000 
2428 -0.000000 
2429 0.000000 
2430 -0.000000 
2431 0.000000 
2432 -0.000000 
2433 0.000000 
2434 -0.000000 
2435 0.000000 
2436 -0.000000 
2437 0.000000 
2438 -0.000000 
2439 0.000000 
2440 -0.000000 
2441 0.000000 
2442 -0.000000 
2443 0.000000 
2444 -0.000000 
2445 0.000000 
2446 -0.000000 
2447 0.000000 
2448 -0.000000 
2449 0.000000 
2450 -0.000000 
2451 0.000000 
2452 -0.000000 
2453 0.000000 
2454 -0.000000 
2455 0.000000 
2456 -0.000000 
2457 0.000000 
2458 -0.000000 
2459 0.000000 
2460 -0.000000 
2461 0.000000 
2462 -0.000000 
2463 0.000000 
2464 -0.000000 
2465 0.000000 
2466 -0.000000 
2467 0.000000 
2468 -0.000000 
2469 0.000000 
2470 -0.000000 
2471 0.000000 
2472 -0.000000 
2473 0.000000 
2474 -0.000000 
2475 0.000000 
2476 -0.000000 
2477 0.000000 
2478 -0.000000 
2479 0.000000 
2480 -0.000000 
2481 0.000000 
2482 -0.000000 
2483 0.000000 
2484 -0.000000 
2485 0.000000 
2486 -0.000000 
2487 0.000000 
2488 -0.000000 
2489 0.000000 
2490 -0.000000 
2491 0.000000 
2492 -0.000000 
2493 0.000000 
2494 0.000000 
2495 -0.000000 
2496 0.000000 
2497 -0.000000 
2498 0.000000 
2499 -0.000000 
2500 0.000000 
2501 -0.000000 
2502 0.000000 
2503 -0.000000 
2504 0.000000 
2505 -0.000000 
2506 0.000000 
2507 -0.000000 
2508 0.000000 
2509 -0.000000 
2510 0.000000 
2511 -0.000000 
2512 0.000000 
2513 -0.000000 
2514 0.000000 
2515 -0.000000 
2516 0.000000 
2517 -0.000000 
2518 0.000000 
2519 -0.000000 
2520 0.000000 
2521 -0.000000 
2522 0.000000 
2523 -0.000000 
2524 0.000000 
2525 -0.000000 
2526 0.000000 
2527 -0.000000 
2528 0.000000 
2529 -0.000000 
2530 0.000000 
2531 -0.000000 
2532 0.000000 
2533 -0.000000 
2534 0.000000 
2535 -0.000000 
2536 0.000000 
2537 -0.000000 
2538 0.000000 
2539 -0.000000 
2540 0.000000 
2541 -0.000000 
2542 0.000000 
2543 -0.000000 
2544 0.000000 
2545 -0.000000 
2546 0.000000 
2547 -0.000000 
2548 0.000000 
2549 -0.000000 
2550 0.000000 
2551 -0.000000 
2552 0.000000 
2553 -0.000000 
2554 0.000000 
2555 -0.000000 
2556 0.000000 
2557 -0.000000 
2558 0.000000 
2559 -0.000000 
2560 0.000000 
2561 -0.000000 
2562 0.000000 
2563 -0.000000 
2564 0.000000 
2565 -0.000000 
2566 0.000000 
2567 -0.000000 
2568 0.000000 
2569 -0.000000 
2570 0.000000 
2571 -0.000000 
2572 0.000000 
2573 -0.000000 
2574 0.000000 
2575 -0.000000 
2576 0.000000 
2577 -0.000000 
2578 0.000000 
2579 -0.000000 
2580 0.000000 
2581 -0.000000 
2582 0.000000 
2583 -0.000000 
2584 0.000000 
2585 -0.000000 
2586 0.000000 
2587 -0.000000 
2588 0.000000 
2589 -0.000000 
2590 0.000000 
2591 -0.000000 
2592 0.000000 
2593 -0.000000 
2594 0.000000 
2595 -0.000000 
2596 0.000000 
2597 -0.000000 
2598 0.000000 
2599 -0.000000 
2600 0.000000 
2601 -0.000000 
2602 0.000000 
2603 -0.000000 
2604 0.000000 
2605 -0.000000 
2606 0.000000 
2607 -0.000000 
2608 0.000000 
2609 -0.000000 
2610 0.000000 
2611 -0.000000 
2612 0.000000 
2613 -0.000000 
2614 0.000000 
2615 -0.000000 
2616 0.000000 
2617 -0.000000 
2618 0.000000 
2619 -0.000000 
2620 0.000000 
2621 -0.000000 
2622 0.000000 
2623 -0.000000 
2624 0.000000 
2625 -0.000000 
2626 0.000000 
2627 0.000000 
2628 -0.000000 
2629 0.000000 
2630 -0.000000 
2631 0.000000 
2632 -0.000000 
2633 0.000000 
2634 -0.000000 
2635 0.000000 
2636 -0.000000 
2637 0.000000 
2638 -0.000000 
2639 0.000000 
2640 -0.000000 
2641 0.000000 
2642 -0.000000 
2643 0.000000 
2644 -0.000000 
2645 0.000000 
2646 -0.000000 
2647 0.000000 
2648 -0.000000 
2649 0.000000 
2650 -0.000000 
2651 0.000000 
2652 -0.000000 
2653 0.000000 
2654 -0.000000 
2655 0.000000 
2656 -0.000000 
2657 0.000000 
2658 -0.000000 
2659 0.000000 
2660 -0.000000 
2661 0.000000 
2662 -0.000000 
2663 0.000000 
2664 -0.000000 
2665 0.000000 
2666 -0.000000 
2667 0.000000 
2668 -0.000000 
2669 0.000000 
2670 -0.000000 
2671 0.000000 
2672 -0.000000 
2673 0.000000 
2674 -0.000000 
2675 0.000000 
2676 -0.000000 
2677 0.000000 
2678 -0.000000 
2679 0.000000 
2680 -0.000000 
2681 0.000000 
2682 -0.000000 
2683 0.000000 
2684 -0.000000 
2685 0.000000 
2686 -0.000000 
2687 0.000000 
2688 -0.000000 
2689 0.000000 
2690 -0.000000 
2691 0.000000 
2692 -0.000000 
2693 0.000000 
2694 -0.000000 
2695 0.000000 
2696 -0.000000 
2697 0.000000 
2698 -0.000000 
2699 0.000000 
2700 -0.000000 
2701 0.000000 
2702 -0.000000 
2703 0.000000 
2704 -0.000000 
2705 0.000000 
2706 -0.000000 
2707 0.000000 
2708 -0.000000 
2709 0.000000 
2710 -0.000000 
2711 0.000000 
2712 -0.000000 
2713 0.000000 
2714 -0.000000 
2715 0.000000 
2716 -0.000000 
2717 0.000000 
2718 -0.000000 
2719 0.000000 
2720 -0.000000 
2721 0.000000 
2722 -0.000000 
2723 0.000000 
2724 -0.000000 
2725 0.000000 
2726 -0.000000 
2727 0.000000 
2728 -0.000000 
2729 0.000000 
2730 -0.000000 
2731 0.000000 
2732 -0.000000 
2733 0.000000 
2734 -0.000000 
2735 0.000000 
2736 -0.000000 
2737 0.000000 
2738 -0.000000 
2739 0.000000 
2740 -0.000000 
2741 0.000000 
2742 -0.000000 
2743 0.000000 
2744 -0.000000 
2745 0.000000 
2746 -0.000000 
2747 0.000000 
2748 -0.000000 
2749 0.000000 
2750 -0.000000 
2751 0.000000 
2752 -0.000000 
2753 0.000000 
2754 -0.000000 
2755 0.000000 
2756 -0.000000 
2757 0.000000 
2758 -0.000000 
2759 0.000000 
2760 -0.000000 
2761 0.000000 
2762 -0.000000 
2763 0.000000 
2764 0.000000 
2765 -0.000000 
2766 0.000000 
2767 -0.000000 
2768 0.000000 
2769 -0.000000 
2770 0.000000 
2771 -0.000000 
2772 0.000000 
2773 -0.000000 
2774 0.000000 
2775 -0.000000 
2776 0.000000 
2777 -0.000000 
2778 0.000000 
2779 -0.000000 
2780 0.000000 
2781 -0.000000 
2782 0.000000 
2783 -0.000000 
2784 0.000000 
2785 -0.000000 
2786 0.000000 
2787 -0.000000 
2788 0.000000 
2789 -0.000000 
2790 0.000000 
2791 -0.000000 
2792 0.000000 
2793 -0.000000 
2794 0.000000 
2795 -0.000000 
2796 0.000000 
2797 -0.000000 
2798 0.000000 
2799 -0.000000 
2800 0.000000 
2801 -0.000000 
2802 0.000000 
2803 -0.000000 
2804 0.000000 
2805 -0.000000 
2806 0.000000 
2807 -0.000000 
2808 0.000000 
2809 -0.000000 
2810 0.000000 
2811 -0.000000 
2812 0.000000 
2813 -0.000000 
2814 0.000000 
2815 -0.000000 
2816 0.000000 
2817 -0.000000 
2818 0.000000 
2819 -0.000000 
2820 0.000000 
2821 -0.000000 
2822 0.000000 
2823 -0.000000 
2824 0.000000 
2825 -0.000000 
2826 0.000000 
2827 -0.000000 
2828 0.000000 
2829 -0.000000 
2830 0.000000 
2831 -0.000000 
2832 0.000000 
2833 -0.000000 
2834 0.000000 
2835 -0.000000 
2836 0.000000 
2837 -0.000000 
2838 0.000000 
2839 -0.000000 
2840 0.000000 
2841 -0.000000 
2842 0.000000 
2843 -0.000000 
2844 0.000000 
2845 -0.000000 
2846 0.000000 
2847 -0.000000 
2848 0.000000 
2849 -0.000000 
2850 0.000000 
2851 -0.000000 
2852 0.000000 
2853 -0.000000 
2854 0.000000 
2855 -0.000000 
2856 0.000000 
2857 -0.000000 
2858 0.000000 
2859 -0.000000 
2860 0.000000 
2861 -0.000000 
2862 0.000000 
2863 -0.000000 
2864 0.000000 
2865 -0.000000 
2866 0.000000 
2867 -0.000000 
2868 0.000000 
2869 -0.000000 
2870 0.000000 
2871 -0.000000 
2872 0.000000 
2873 -0.000000 
2874 0.000000 
2875 -0.000000 
2876 0.000000 
2877 -0.000000 
2878 0.000000 
2879 -0.000000 
2880 0.000000 
2881 -0.000000 
2882 0.000000 
2883 -0.000000 
2884 0.000000 
2885 -0.000000 
2886 0.000000 
2887 -0.000000 
2888 0.000000 
2889 -0.000000 
2890 0.000000 
2891 0.000000 
2892 -0.000000 
2893 0.000000 
2894 -0.000000 
2895 0.000000 
2896 -0.000000 
2897 0.000000 
2898 -0.000000 
2899 0.000000 
2900 -0.000000 
2901 0.000000 
2902 -0.000000 
2903 0.000000 
2904 -0.000000 
2905 0.000000 
2906 -0.000000 
2907 0.000000 
2908 -0.000000 
2909 0.000000 
2910 -0.000000 
2911 0.000000 
2912 -0.000000 
2913 0.000000 
2914 -0.000000 
2915 0.000000 
2916 -0.000000 
2917 0.000000 
2918 -0.000000 
2919 0.000000 
2920 -0.000000 
2921 0.000000 
2922 -0.000000 
2923 0.000000 
2924 -0.000000 
2925 0.000000 
2926 -0.000000 
2927 0.000000 
2928 -0.000000 
2929 0.000000 
2930 -0.000000 
2931 0.000000 
2932 -0.000000 
2933 0.000000 
2934 -0.000000 
2935 0.000000 
2936 -0.000000 
2937 0.000000 
2938 -0.000000 
2939 0.000000 
2940 -0.000000 
2941 0.000000 
2942 -0.000000 
2943 0.000000 
2944 -0.000000 
2945 0.000000 
2946 -0.000000 
2947 0.000000 
2948 -0.000000 
2949 0.000000 
2950 -0.000000 
2951 0.000000 
2952 -0.000000 
2953 0.000000 
2954 -0.000000 
2955 0.000000 
2956 -0.000000 
2957 0.000000 
2958 -0.000000 
2959 0.000000 
2960 -0.000000 
2961 0.000000 
2962 -0.000000 
2963 0.000000 
2964 -0.000000 
2965 0.000000 
2966 -0.000000 
2967 0.000000 
2968 -0.000000 
2969 0.000000 
2970 -0.000000 
2971 0.000000 
2972 -0.000000 
2973 0.000000 
2974 -0.000000 
2975 0.000000 
2976 -0.000000 
2977 0.000000 
2978 -0.000000 
2979 0.000000 
2980 -0.000000 
2981 0.000000 
2982 -0.000000 
2983 0.000000 
2984 -0.000000 
2985 0.000000 
2986 -0.000000 
2987 0.000000 
2988 -0.000000 
2989 0.000000 
2990 -0.000000 
2991 0.000000 
2992 -0.000000 
2993 0.000000 
2994 -0.000000 
2995 0.000000 
2996 -0.000000 
2997 0.000000 
2998 -0.000000 
2999 0.000000 
3000 -0.000000 
3001 0.000000 
3002 -0.000000 
3003 0.000000 
3004 -0.000000 
3005 0.000000 
3006 -0.000000 
3007 0.000000 
3008 -0.000000 
3009 0.000000 
3010 -0.000000 
3011 0.000000 
3012 -0.000000 
3013 0.000000 
3014 -0.000000 
3015 0.000000 
3016 -0.000000 
3017 0.000000 
3018 -0.000000 
3019 0.000000 
3020 -0.000000 
3021 0.000000 
3022 -0.000000 
3023 0.000000 
3024 -0.000000 
3025 0.000000 
3026 -0.000000 
3027 -0.000000 
3028 0.000000 
3029 -0.000000 
3030 0.000000 
3031 -0.000000 
3032 0.000000 
3033 -0.000000 
3034 0.000000 
3035 -0.000000 
3036 0.000000 
3037 -0.000000 
3038 0.000000 
3039 -0.000000 
3040 0.000000 
3041 -0.000000 
3042 0.000000 
3043 -0.000000 
3044 0.000000 
3045 -0.000000 
3046 0.000000 
3047 -0.000000 
3048 0.000000 
3049 -0.000000 
3050 0.000000 
3051 -0.000000 
3052 0.000000 
3053 -0.000000 
3054 0.000000 
3055 -0.000000 
3056 0.000000 
3057 -0.000000 
3058 0.000000 
3059 -0.000000 
3060 0.000000 
3061 -0.000000 
3062 0.000000 
3063 -0.000000 
3064 0.000000 
3065 -0.000000 
3066 0.000000 
3067 -0.000000 
3068 0.000000 
3069 -0.000000 
3070 0.000000 
3071 -0.000000 
3072 0.000000 
3073 -0.000000 
3074 0.000000 
3075 -0.000000 
3076 0.000000 
3077 -0.000000 
3078 0.000000 
3079 -0.000000 
3080 0.000000 
3081 -0.000000 
3082 0.000000 
3083 -0.000000 
3084 0.000000 
3085 -0.000000 
3086 0.000000 
3087 -0.000000 
3088 0.000000 
3089 -0.000000 
3090 0.000000 
3091 -0.000000 
3092 0.000000 
3093 -0.000000 
3094 0.000000 
3095 -0.000000 
3096 0.000000 
3097 -0.000000 
3098 0.000000 
3099 -0.000000 
3100 0.000000 
3101 -0.000000 
3102 0.000000 
3103 -0.000000 
3104 0.000000 
3105 -0.000000 
3106 0.000000 
3107 -0.000000 
3108 0.000000 
3109 -0.000000 
3110 0.000000 
3111 -0.000000 
3112 0.000000 
3113 -0.000000 
3114 0.000000 
3115 -0.000000 
3116 0.000000 
3117 -0.000000 
3118 0.000000 
3119 -0.000000 
3120 0.000000 
3121 -0.000000 
3122 0.000000 
3123 -0.000000 
3124 0.000000 
3125 -0.000000 
3126 0.000000 
3127 -0.000000 
3128 0.000000 
3129 -0.000000 
3130 0.000000 
3131 -0.000000 
3132 0.000000 
3133 -0.000000 
3134 0.000000 
3135 -0.000000 
3136 0.000000 
3137 -0.000000 
3138 0.000000 
3139 -0.000000 
3140 0.000000 
3141 -0.000000 
3142 0.000000 
3143 -0.000000 
3144 0.000000 
3145 -0.000000 
3146 0.000000 
3147 -0.000000 
3148 0.000000 
3149 -0.000000 
3150 0.000000 
3151 -0.000000 
3152 0.000000 
3153 -0.000000 
3154 0.000000 
3155 -0.000000 
3156 0.000000 
3157 -0.000000 
3158 0.000000 
3159 0.000000 
3160 -0.000000 
3161 0.000000 
3162 -0.000000 
3163 0.000000 
3164 -0.000000 
3165 0.000000 
3166 -0.000000 
3167 0.000000 
3168 -0.000000 
3169 0.000000 
3170 -0.000000 
3171 0.000000 
3172 -0.000000 
3173 0.000000 
3174 -0.000000 
3175 0.000000 
3176 -0.000000 
3177 0.000000 
3178 -0.000000 
3179 0.000000 
3180 -0.000000 
3181 0.000000 
3182 -0.000000 
3183 0.000000 
3184 -0.000000 
3185 0.000000 
3186 -0.000000 
3187 0.000000 
3188 -0.000000 
3189 0.000000 
3190 -0.000000 
3191 0.000000 
3192 -0.000000 
3193 0.000000 
3194 -0.000000 
3195 0.000000 
3196 -0.000000 
3197 0.000000 
3198 -0.000000 
3199 0.000000 
3200 -0.000000 
3201 0.000000 
3202 -0.000000 
3203 0.000000 
3204 -0.000000 
3205 0.000000 
3206 -0.000000 
3207 0.000000 
3208 -0.000000 
3209 0.000000 
3210 -0.000000 
3211 0.000000 
3212 -0.000000 
3213 0.000000 
3214 -0.000000 
3215 0.000000 
3216 -0.000000 
3217 0.000000 
3218 -0.000000 
3219 0.000000 
3220 -0.000000 
3221 0.000000 
3222 -0.000000 
3223 0.000000 
3224 -0.000000 
3225 0.000000 
3226 -0.000000 
3227 0.000000 
3228 -0.000000 
3229 0.000000 
3230 -0.000000 
3231 0.000000 
3232 -0.000000 
3233 0.000000 
3234 -0.000000 
3235 0.000000 
3236 -0.000000 
3237 0.000000 
3238 -0.000000 
3239 0.000000 
3240 -0.000000 
3241 0.000000 
3242 -0.000000 
3243 0.000000 
3244 -0.000000 
3245 0.000000 
3246 -0.000000 
3247 0.000000 
3248 -0.000000 
3249 0.000000 
3250 -0.000000 
3251 0.000000 
3252 -0.000000 
3253 0.000000 
3254 -0.000000 
3255 0.000000 
3256 -0.000000 
3257 0.000000 
3258 -0.000000 
3259 0.000000 
3260 -0.000000 
3261 0.000000 
3262 -0.000000 
3263 0.000000 
3264 -0.000000 
3265 0.000000 
3266 -0.000000 
3267 0.000000 
3268 -0.000000 
3269 0.000000 
3270 -0.000000 
3271 0.000000 
3272 -0.000000 
3273 0.000000 
3274 -0.000000 
3275 0.000000 
3276 -0.000000 
3277 0.000000 
3278 -0.000000 
3279 0.000000 
3280 -0.000000 
3281 0.000000 
3282 -0.000000 
3283 0.000000 
3284 -0.000000 
3285 0.000000 
3286 -0.000000 
3287 0.000000 
3288 -0.000000 
3289 0.000000 
3290 -0.000000 
3291 0.000000 
3292 -0.000000 
3293 0.000000 
3294 -0.000000 
3295 0.000000 
3296 -0.000000 
3297 0.000000 
3298 -0.000000 
3299 0.000000 
3300 -0.000000 
3301 0.000000 
3302 -0.000000 
3303 0.000000 
3304 -0.000000 
3305 0.000000 
3306 -0.000000 
3307 0.000000 
3308 -0.000000 
3309 0.000000 
3310 -0.000000 
3311 0.000000 
3312 -0.000000 
3313 0.000000 
3314 -0.000000 
3315 0.000000 
3316 -0.000000 
3317 0.000000 
3318 -0.000000 
3319 0.000000 
3320 -0.000000 
3321 0.000000 
3322 -0.000000 
3323 0.000000 
3324 -0.000000 
3325 0.000000 
3326 -0.000000 
3327 0.000000 
3328 -0.000000 
3329 0.000000 
3330 -0.000000 
3331 0.000000 
3332 -0.000000 
3333 0.000000 
3334 -0.000000 
3335 0.000000 
3336 -0.000000 
3337 0.000000 
3338 -0.000000 
3339 0.000000 
3340 -0.000000 
3341 0.000000 
3342 -0.000000 
3343 0.000000 
3344 -0.000000 
3345 0.000000 
3346 -0.000000 
3347 0.000000 
3348 -0.000000 
3349 0.000000 
3350 -0.000000 
3351 0.000000 
3352 -0.000000 
3353 0.000000 
3354 -0.000000 
3355 0.000000 
3356 -0.000000 
3357 0.000000 
3358 -0.000000 
3359 0.000000 
3360 -0.000000 
3361 0.000000 
3362 -0.000000 
3363 0.000000 
3364 -0.000000 
3365 0.000000 
3366 -0.000000 
3367 0.000000 
3368 -0.000000 
3369 0.000000 
3370 -0.000000 
3371 0.000000 
3372 -0.000000 
3373 0.000000 
3374 -0.000000 
3375 0.000000 
3376 -0.000000 
3377 0.000000 
3378 -0.000000 
3379 0.000000 
3380 -0.000000 
3381 0.000000 
3382 -0.000000 
3383 0.000000 
3384 -0.000000 
3385 0.000000 
3386 -0.000000 
3387 0.000000 
3388 0.000000 
3389 -0.000000 
3390 0.000000 
3391 -0.000000 
3392 0.000000 
3393 -0.000000 
3394 0.000000 
3395 -0.000000 
3396 0.000000 
3397 -0.000000 
3398 0.000000 
3399 -0.000000 
3400 0.000000 
3401 -0.000000 
3402 0.000000 
3403 -0.000000 
3404 0.000000 
3405 -0.000000 
3406 0.000000 
3407 -0.000000 
3408 0.000000 
3409 -0.000000 
3410 0.000000 
3411 -0.000000 
3412 0.000000 
3413 -0.000000 
3414 0.000000 
3415 -0.000000 
3416 0.000000 
3417 -0.000000 
3418 0.000000 
3419 -0.000000 
3420 0.000000 
3421 -0.000000 
3422 0.000000 
3423 -0.000000 
3424 0.000000 
3425 -0.000000 
3426 0.000000 
3427 -0.000000 
3428 0.000000 
3429 -0.000000 
3430 0.000000 
3431 -0.000000 
3432 0.000000 
3433 -0.000000 
3434 0.000000 
3435 -0.000000 
3436 0.000000 
3437 -0.000000 
3438 0.000000 
3439 -0.000000 
3440 0.000000 
3441 -0.000000 
3442 0.000000 
3443 -0.000000 
3444 0.000000 
3445 -0.000000 
3446 0.000000 
3447 -0.000000 
3448 0.000000 
3449 -0.000000 
3450 0.000000 
3451 -0.000000 
3452 0.000000 
3453 -0.000000 
3454 0.000000 
3455 -0.000000 
3456 0.000000 
3457 -0.000000 
3458 0.000000 
3459 -0.000000 
3460 0.000000 
3461 -0.000000 
3462 0.000000 
3463 -0.000000 
3464 0.000000 
3465 -0.000000 
3466 0.000000 
3467 -0.000000 
3468 0.000000 
3469 -0.000000 
3470 0.000000 
3471 -0.000000 
3472 0.000000 
3473 -0.000000 
3474 0.000000 
3475 -0.000000 
3476 0.000000 
3477 -0.000000 
3478 0.000000 
3479 -0.000000 
3480 0.000000 
3481 -0.000000 
3482 0.000000 
3483 -0.000000 
3484 0.000000 
3485 -0.000000 
3486 0.000000 
3487 -0.000000 
3488 0.000000 
3489 -0.000000 
3490 0.000000 
3491 -0.000000 
3492 0.000000 
3493 -0.000000 
3494 0.000000 
3495 -0.000000 
3496 0.000000 
3497 -0.000000 
3498 0.000000 
3499 -0.000000 
3500 0.000000 
3501 -0.000000 
3502 0.000000 
3503 -0.000000 
3504 0.000000 
3505 -0.000000 
3506 0.000000 
3507 -0.000000 
3508 0.000000 
3509 -0.000000 
3510 0.000000 
3511 -0.000000 
3512 0.000000 
3513 -0.000000 
3514 0.000000 
3515 -0.000000 
3516 0.000000 
3517 -0.000000 
3518 0.000000 
3519 -0.000000 
3520 0.000000 
3521 -0.000000 
3522 0.000000 
3523 -0.000000 
3524 0.000000 
3525 -0.000000 
3526 0.000000 
3527 -0.000000 
3528 0.000000 
3529 -0.000000 
3530 0.000000 
3531 -0.000000 
3532 0.000000 
3533 -0.000000 
3534 0.000000 
3535 -0.000000 
3536 0.000000 
3537 -0.000000 
3538 0.000000 
3539 -0.000000 
3540 0.000000 
3541 -0.000000 
3542 0.000000 
3543 -0.000000 
3544 0.000000 
3545 -0.000000 
3546 0.000000 
3547 -0.000000 
3548 0.000000 
3549 -0.000000 
3550 0.000000 
3551 -0.000000 
3552 0.000000 
3553 -0.000000 
3554 0.000000 
3555 -0.000000 
3556 0.000000 
3557 -0.000000 
3558 0.000000 
3559 -0.000000 
3560 0.000000 
3561 -0.000000 
3562 0.000000 
3563 -0.000000 
3564 0.000000 
3565 -0.000000 
3566 0.000000 
3567 -0.000000 
3568 0.000000 
3569 -0.000000 
3570 0.000000 
3571 -0.000000 
3572 0.000000 
3573 -0.000000 
3574 0.000000 
3575 -0.000000 
3576 0.000000 
3577 -0.000000 
3578 0.000000 
3579 -0.000000 
3580 0.000000 
3581 -0.000000 
3582 0.000000 
3583 -0.000000 
3584 0.000000 
3585 -0.000000 
3586 0.000000 
3587 -0.000000 
3588 0.000000 
3589 -0.000000 
3590 0.000000 
3591 -0.000000 
3592 -0.000000 
3593 0.000000 
3594 -0.000000 
3595 0.000000 
3596 -0.000000 
3597 0.000000 
3598 -0.000000 
3599 0.000000 
3600 -0.000000 
3601 0.000000 
3602 -0.000000 
3603 0.000000 
3604 -0.000000 
3605 0.000000 
3606 -0.000000 
3607 0.000000 
3608 -0.000000 
3609 0.000000 
3610 -0.000000 
3611 0.000000 
3612 -0.000000 
3613 0.000000 
3614 -0.000000 
3615 0.000000 
3616 -0.000000 
3617 0.000000 
3618 -0.000000 
3619 0.000000 
3620 -0.000000 
3621 0.000000 
3622 -0.000000 
3623 0.000000 
3624 -0.000000 
3625 0.000000 
3626 -0.000000 
3627 0.000000 
3628 -0.000000 
3629 0.000000 
3630 -0.000000 
3631 0.000000 
3632 -0.000000 
3633 0.000000 
3634 -0.000000 
3635 0.000000 
3636 -0.000000 
3637 0.000000 
3638 -0.000000 
3639 0.000000 
3640 -0.000000 
3641 0.000000 
3642 -0.000000 
3643 0.000000 
3644 -0.000000 
3645 0.000000 
3646 -0.000000 
3647 0.000000 
3648 -0.000000 
3649 0.000000 
3650 -0.000000 
3651 0.000000 
3652 -0.000000 
3653 0.000000 
3654 -0.000000 
3655 0.000000 
3656 -0.000000 
3657 0.000000 
3658 -0.000000 
3659 0.000000 
3660 -0.000000 
3661 0.000000 
3662 -0.000000 
3663 0.000000 
3664 -0.000000 
3665 0.000000 
3666 -0.000000 
3667 0.000000 
3668 -0.000000 
3669 0.000000 
3670 -0.000000 
3671 0.000000 
3672 -0.000000 
3673 0.000000 
3674 -0.000000 
3675 0.000000 
3676 -0.000000 
3677 0.000000 
3678 -0.000000 
3679 0.000000 
3680 -0.000000 
3681 0.000000 
3682 -0.000000 
3683 0.000000 
3684 -0.000000 
3685 0.000000 
3686 -0.000000 
3687 0.000000 
3688 -0.000000 
3689 0.000000 
3690 -0.000000 
3691 0.000000 
3692 -0.000000 
3693 0.000000 
3694 -0.000000 
3695 0.000000 
3696 -0.000000 
3697 0.000000 
3698 -0.000000 
3699 0.000000 
3700 -0.000000 
3701 0.000000 
3702 -0.000000 
3703 0.000000 
3704 -0.000000 
3705 -0.000000 
3706 0.000000 
3707 -0.000000 
3708 0.000000 
3709 -0.000000 
3710 0.000000 
3711 -0.000000 
3712 0.000000 
3713 -0.000000 
3714 0.000000 
3715 -0.000000 
3716 0.000000 
3717 -0.000000 
3718 0.000000 
3719 -0.000000 
3720 0.000000 
3721 -0.000000 
3722 0.000000 
3723 -0.000000 
3724 0.000000 
3725 -0.000000 
3726 0.000000 
3727 -0.000000 
3728 0.000000 
3729 -0.000000 
3730 0.000000 
3731 -0.000000 
3732 0.000000 
3733 -0.000000 
3734 0.000000 
3735 -0.000000 
3736 0.000000 
3737 -0.000000 
3738 0.000000 
3739 -0.000000 
3740 0.000000 
3741 -0.000000 
3742 0.000000 
3743 -0.000000 
3744 0.000000 
3745 -0.000000 
3746 0.000000 
3747 -0.000000 
3748 0.000000 
3749 -0.000000 
3750 0.000000 
3751 -0.000000 
3752 0.000000 
3753 -0.000000 
3754 0.000000 
3755 -0.000000 
3756 0.000000 
3757 -0.000000 
3758 0.000000 
3759 -0.000000 
3760 0.000000 
3761 -0.000000 
3762 0.000000 
3763 -0.000000 
3764 0.000000 
3765 -0.000000 
3766 0.000000 
3767 -0.000000 
3768 0.000000 
3769 -0.000000 
3770 0.000000 
3771 -0.000000 
3772 0.000000 
3773 -0.000000 
3774 0.000000 
3775 -0.000000 
3776 0.000000 
3777 -0.000000 
3778 0.000000 
3779 -0.000000 
3780 0.000000 
3781 -0.000000 
3782 0.000000 
3783 -0.000000 
3784 0.000000 
3785 -0.000000 
3786 0.000000 
3787 -0.000000 
3788 0.000000 
3789 -0.000000 
3790 0.000000 
3791 -0.000000 
3792 0.000000 
3793 -0.000000 
3794 0.000000 
3795 -0.000000 
3796 0.000000 
3797 -0.000000 
3798 0.000000 
3799 -0.000000 
3800 0.000000 
3801 -0.000000 
3802 0.000000 
3803 -0.000000 
3804 0.000000 
3805 -0.000000 
3806 0.000000 
3807 -0.000000 
3808 0.000000 
3809 -0.000000 
3810 0.000000 
3811 -0.000000 
3812 0.000000 
3813 -0.000000 
3814 0.000000 
3815 -0.000000 
3816 0.000000 
3817 -0.000000 
3818 0.000000 
3819 -0.000000 
3820 0.000000 
3821 -0.000000 
3822 0.000000 
3823 -0.000000 
3824 0.000000 
3825 -0.000000 
3826 0.000000 
3827 -0.000000 
3828 0.000000 
3829 -0.000000 
3830 0.000000 
3831 -0.000000 
3832 0.000000 
3833 -0.000000 
3834 0.000000 
3835 -0.000000 
3836 0.000000 
3837 -0.000000 
3838 0.000000 
3839 -0.000000 
3840 0.000000 
3841 -0.000000 
3842 0.000000 
3843 -0.000000 
3844 0.000000 
3845 -0.000000 
3846 0.000000 
3847 -0.000000 
3848 0.000000 
3849 -0.000000 
3850 0.000000 
3851 -0.000000 
3852 0.000000 
3853 -0.000000 
3854 0.000000 
3855 -0.000000 
3856 0.000000 
3857 -0.000000 
3858 0.000000 
3859 -0.000000 
3860 0.000000 
3861 -0.000000 
3862 0.000000 
3863 0.000000 
3864 -0.000000 
3865 0.000000 
3866 -0.000000 
3867 0.000000 
3868 -0.000000 
3869 0.000000 
3870 -0.000000 
3871 0.000000 
3872 -0.000000 
3873 0.000000 
3874 -0.000000 
3875 0.000000 
3876 -0.000000 
3877 0.000000 
3878 -0.000000 
3879 0.000000 
3880 -0.000000 
3881 0.000000 
3882 -0.000000 
3883 0.000000 
3884 -0.000000 
3885 0.000000 
3886 -0.000000 
3887 0.000000 
3888 -0.000000 
3889 0.000000 
3890 -0.000000 
3891 0.000000 
3892 -0.000000 
3893 0.000000 
3894 -0.000000 
3895 0.000000 
3896 -0.000000 
3897 0.000000 
3898 -0.000000 
3899 0.000000 
3900 -0.000000 
3901 0.000000 
3902 -0.000000 
3903 0.000000 
3904 -0.000000 
3905 0.000000 
3906 -0.000000 
3907 0.000000 
3908 -0.000000 
3909 0.000000 
3910 -0.000000 
3911 0.000000 
3912 -0.000000 
3913 0.000000 
3914 -0.000000 
3915 0.000000 
3916 -0.000000 
3917 0.000000 
3918 -0.000000 
3919 0.000000 
3920 -0.000000 
3921 0.000000 
3922 -0.000000 
3923 0.000000 
3924 -0.000000 
3925 0.000000 
3926 -0.000000 
3927 0.000000 
3928 -0.000000 
3929 0.000000 
3930 -0.000000 
3931 0.000000 
3932 -0.000000 
3933 0.000000 
3934 -0.000000 
3935 0.000000 
3936 -0.000000 
3937 0.000000 
3938 -0.000000 
3939 0.000000 
3940 -0.000000 
3941 0.000000 
3942 -0.000000 
3943 0.000000 
3944 -0.000000 
3945 0.000000 
3946 -0.000000 
3947 0.000000 
3948 -0.000000 
3949 0.000000 
3950 -0.000000 
3951 0.000000 
3952 -0.000000 
3953 0.000000 
3954 -0.000000 
3955 0.000000 
3956 -0.000000 
3957 0.000000 
3958 -0.000000 
3959 0.000000 
3960 -0.000000 
3961 0.000000 
3962 -0.000000 
3963 0.000000 
3964 -0.000000 
3965 0.000000 
3966 -0.000000 
3967 0.000000 
3968 -0.000000 
3969 0.000000 
3970 -0.000000 
3971 0.000000 
3972 -0.000000 
3973 0.000000 
3974 -0.000000 
3975 0.000000 
3976 -0.000000 
3977 0.000000 
3978 -0.000000 
3979 0.000000 
3980 -0.000000 
3981 0.000000 
3982 -0.000000 
3983 0.000000 
3984 -0.000000 
3985 0.000000 
3986 -0.000000 
3987 0.000000 
3988 -0.000000 
3989 0.000000 
3990 -0.000000 
3991 0.000000 
3992 -0.000000 
3993 0.000000 
3994 -0.000000 
3995 0.000000 
3996 -0.000000 
3997 0.000000 
3998 -0.000000 
3999 0.000000 
4000 -0.000000 
