0 20.811420 
1 -20.723995 
2 20.626605 
3 -20.519277 
4 20.402048 
5 -20.274960 
6 20.138064 
7 -19.991418 
8 19.835088 
9 -19.669148 
10 19.493681 
11 -19.308776 
12 19.114534 
13 -18.911062 
14 18.698477 
15 -18.476904 
16 18.246477 
17 -18.007339 
18 17.759645 
19 -17.503555 
20 17.239240 
21 -16.966881 
22 16.686667 
23 -16.398798 
24 16.103480 
25 -15.800932 
26 15.491378 
27 -15.175054 
28 14.852204 
29 -14.523079 
30 14.187941 
31 -13.847057 
32 13.500705 
33 -13.149168 
34 12.792739 
35 -12.431715 
36 12.066402 
37 -11.697112 
38 11.324161 
39 -10.947872 
40 10.568574 
41 -10.186598 
42 9.802281 
43 -9.415963 
44 9.027987 
45 -8.638699 
46 8.248446 
47 -7.857578 
48 7.466444 
49 -7.075394 
50 6.684779 
51 -6.294948 
52 5.906247 
53 -5.519022 
54 5.133617 
55 -4.750371 
56 4.369619 
57 -3.991692 
58 3.616918 
59 -3.245617 
60 2.878103 
61 -2.514685 
62 2.155664 
63 -1.801333 
64 1.451977 
65 -1.107873 
66 0.769289 
67 -0.436484 
68 0.109705 
69 0.210807 
70 -0.524826 
71 0.832134 
72 -1.132524 
73 1.425800 
74 -1.711779 
75 1.990288 
76 -2.261166 
77 2.524264 
78 -2.779445 
79 3.026583 
80 -3.265565 
81 3.496288 
82 -3.718662 
83 3.932609 
84 -4.138061 
85 4.334963 
86 -4.523268 
87 4.702943 
88 -4.873965 
89 5.036320 
90 -5.190005 
91 5.335025 
92 -5.471397 
93 5.599144 
94 -5.718300 
95 5.828906 
96 -5.931009 
97 6.024667 
98 -6.109940 
99 6.186898 
100 -6.255616 
101 6.316173 
102 -6.368654 
103 6.413148 
104 -6.449748 
105 6.478550 
106 -6.499654 
107 6.513161 
108 -6.519175 
109 6.517802 
110 -6.509148 
111 6.493319 
112 -6.470425 
113 6.440571 
114 -6.403865 
115 6.360413 
116 -6.310320 
117 6.253690 
118 -6.190625 
119 6.121224 
120 -6.045585 
121 5.963804 
122 -5.875974 
123 5.782183 
124 -5.682520 
125 5.577068 
126 -5.465909 
127 5.349121 
128 -5.226778 
129 5.098952 
130 -4.965711 
131 4.827123 
132 -4.683248 
133 4.534148 
134 -4.379879 
135 4.220495 
136 -4.056050 
137 3.886593 
138 -3.712172 
139 3.532834 
140 -3.348624 
141 3.159584 
142 -2.965759 
143 2.767188 
144 -2.563916 
145 2.355981 
146 -2.143428 
147 1.926296 
148 -1.704631 
149 1.478475 
150 -1.247874 
151 1.012877 
152 -0.773532 
153 0.529892 
154 -0.282010 
155 0.029946 
156 0.226241 
157 -0.486485 
158 0.750719 
159 -1.018871 
160 1.290863 
161 -1.566614 
162 1.846040 
163 -2.129049 
164 2.415545 
165 -2.705429 
166 2.998594 
167 -3.294929 
168 3.594317 
169 -3.896635 
170 4.201757 
171 -4.509549 
172 4.819872 
173 -5.132583 
174 5.447531 
175 -5.764561 
176 6.083514 
177 -6.404224 
178 6.726521 
179 -7.050230 
180 7.375172 
181 -7.701161 
182 8.028011 
183 -8.355527 
184 8.683515 
185 -9.011775 
186 9.340103 
187 -9.668294 
188 9.996139 
189 -10.323428 
190 10.649947 
191 -10.975480 
192 11.299813 
193 -11.622726 
194 11.944003 
195 -12.263422 
196 12.580766 
197 -12.895815 
198 13.208350 
199 -13.518152 
200 13.825004 
201 -14.128691 
202 14.428997 
203 -14.725709 
204 15.018617 
205 -15.307512 
206 15.592187 
207 -15.872440 
208 16.148069 
209 -16.418878 
210 16.684672 
211 -16.945260 
212 17.200456 
213 -17.450077 
214 17.693942 
215 -17.931878 
216 18.163711 
217 -18.389277 
218 18.608411 
219 -18.820955 
220 19.026756 
221 -19.225663 
222 19.417532 
223 -19.602221 
224 19.779596 
225 -19.949523 
226 20.111876 
227 -20.266533 
228 20.413374 
229 -20.552285 
230 20.683158 
231 -20.805887 
232 20.920372 
233 -21.026516 
234 21.124226 
235 -21.213415 
236 21.294000 
237 -21.365900 
238 21.429040 
239 -21.483350 
240 21.528763 
241 -21.565215 
242 21.592648 
243 -21.611007 
244 21.620243 
245 -21.620310 
246 21.611165 
247 -21.592773 
248 21.565099 
249 -21.528115 
250 21.481798 
251 -21.426128 
252 21.361090 
253 -21.286676 
254 21.202881 
255 -21.109704 
256 21.007152 
257 -20.895236 
258 20.773971 
259 -20.643381 
260 20.503493 
261 -20.354342 
262 20.195967 
263 -20.028416 
264 19.851740 
265 -19.666000 
266 19.471263 
267 -19.267601 
268 19.055095 
269 -18.833833 
270 18.603911 
271 -18.365432 
272 18.118506 
273 -17.863252 
274 17.599796 
275 -17.328274 
276 17.048827 
277 -16.761607 
278 16.466773 
279 -16.164492 
280 15.854941 
281 -15.538304 
282 15.214772 
283 -14.884548 
284 14.547838 
285 -14.204862 
286 13.855843 
287 -13.501014 
288 13.140617 
289 -12.774898 
290 12.404114 
291 -12.028526 
292 11.648404 
293 -11.264023 
294 10.875666 
295 -10.483621 
296 10.088181 
297 -9.689644 
298 9.288315 
299 -8.884501 
300 8.478515 
301 -8.070672 
302 7.661291 
303 -7.250693 
304 6.839201 
305 -6.427141 
306 6.014840 
307 -5.602623 
308 5.190819 
309 -4.779754 
310 4.369754 
311 -3.961142 
312 3.554242 
313 -3.149373 
314 2.746852 
315 -2.346992 
316 1.950101 
317 -1.556484 
318 1.166441 
319 -0.780264 
320 0.398242 
321 -0.020655 
322 -0.352223 
323 0.720125 
324 -1.082793 
325 1.439976 
326 -1.791432 
327 2.136929 
328 -2.476243 
329 2.809159 
330 -3.135474 
331 3.454993 
332 -3.767533 
333 4.072919 
334 -4.370990 
335 4.661594 
336 -4.944588 
337 5.219844 
338 -5.487242 
339 5.746674 
340 -5.998043 
341 6.241264 
342 -6.476262 
343 6.702973 
344 -6.921343 
345 7.131332 
346 -7.332906 
347 7.526044 
348 -7.710735 
349 7.886979 
350 -8.054783 
351 8.214166 
352 -8.365155 
353 8.507786 
354 -8.642105 
355 8.768165 
356 -8.886027 
357 8.995762 
358 -9.097445 
359 9.191160 
360 -9.276999 
361 9.355057 
362 -9.425438 
363 9.488251 
364 -9.543610 
365 9.591633 
366 -9.632445 
367 9.666173 
368 -9.692949 
369 9.712908 
370 -9.726190 
371 9.732936 
372 -9.733290 
373 9.727399 
374 -9.715411 
375 9.697477 
376 -9.673749 
377 9.644378 
378 -9.609520 
379 9.569329 
380 -9.523959 
381 9.473565 
382 -9.418303 
383 9.358328 
384 -9.293793 
385 9.224853 
386 -9.151661 
387 9.074368 
388 -8.993127 
389 8.908087 
390 -8.819397 
391 8.727205 
392 -8.631656 
393 8.532895 
394 -8.431064 
395 8.326306 
396 -8.218759 
397 8.108560 
398 -7.995847 
399 7.880752 
400 -7.763408 
401 7.643945 
402 -7.522492 
403 7.399175 
404 -7.274119 
405 7.147446 
406 -7.019277 
407 6.889732 
408 -6.758927 
409 6.626978 
410 -6.493998 
411 6.360098 
412 -6.225389 
413 6.089979 
414 -5.953973 
415 5.817477 
416 -5.680593 
417 5.543422 
418 -5.406063 
419 5.268614 
420 -5.131171 
421 4.993828 
422 -4.856678 
423 4.719811 
424 -4.583317 
425 4.447282 
426 -4.311793 
427 4.176933 
428 -4.042785 
429 3.909429 
430 -3.776944 
431 3.645406 
432 -3.514891 
433 3.385471 
434 -3.257218 
435 3.130201 
436 -3.004487 
437 2.880142 
438 -2.757230 
439 2.635811 
440 -2.515944 
441 2.397688 
442 -2.281096 
443 2.166221 
444 -2.053114 
445 1.941824 
446 -1.832395 
447 1.724871 
448 -1.619295 
449 1.515703 
450 -1.414134 
451 1.314620 
452 -1.217194 
453 1.121883 
454 -1.028716 
455 0.937715 
456 -0.848903 
457 0.762297 
458 -0.677915 
459 0.595771 
460 -0.515876 
461 0.438239 
462 -0.362866 
463 0.289762 
464 -0.218928 
465 0.150363 
466 -0.084064 
467 0.020025 
468 0.041761 
469 -0.101304 
470 0.158617 
471 -0.213713 
472 0.266610 
473 -0.317326 
474 0.365882 
475 -0.412299 
476 0.456601 
477 -0.498816 
478 0.538970 
479 -0.577093 
480 0.613215 
481 -0.647369 
482 0.679588 
483 -0.709906 
484 0.738361 
485 -0.764988 
486 0.789827 
487 -0.812916 
488 0.834295 
489 -0.854005 
490 0.872088 
491 -0.888584 
492 0.903537 
493 -0.916990 
494 0.928986 
495 -0.939568 
496 0.948780 
497 -0.956666 
498 0.963269 
499 -0.968634 
500 0.972805 
501 -0.975824 
502 0.977735 
503 -0.978582 
504 0.978406 
505 -0.977250 
506 0.975156 
507 -0.972165 
508 0.968318 
509 -0.963655 
510 0.958215 
511 -0.952037 
512 0.945159 
513 -0.937619 
514 0.929452 
515 -0.920696 
516 0.911383 
517 -0.901550 
518 0.891228 
519 -0.880450 
520 0.869248 
521 -0.857652 
522 0.845691 
523 -0.833395 
524 0.820792 
525 -0.807907 
526 0.794768 
527 -0.781399 
528 0.767825 
529 -0.754068 
530 0.740153 
531 -0.726099 
532 0.711928 
533 -0.697659 
534 0.683313 
535 -0.668907 
536 0.654458 
537 -0.639984 
538 0.625501 
539 -0.611023 
540 0.596565 
541 -0.582142 
542 0.567766 
543 -0.553450 
544 0.539205 
545 -0.525044 
546 0.510977 
547 -0.497013 
548 0.483162 
549 -0.469434 
550 0.455837 
551 -0.442378 
552 0.429066 
553 -0.415907 
554 0.402908 
555 -0.390075 
556 0.377414 
557 -0.364930 
558 0.352628 
559 -0.340512 
560 0.328587 
561 -0.316857 
562 0.305325 
563 -0.293994 
564 0.282867 
565 -0.271947 
566 0.261236 
567 -0.250736 
568 0.240450 
569 -0.230377 
570 0.220520 
571 -0.210880 
572 0.201457 
573 -0.192252 
574 0.183265 
575 -0.174496 
576 0.165946 
577 -0.157614 
578 0.149500 
579 -0.141602 
580 0.133921 
581 -0.126454 
582 0.119201 
583 -0.112161 
584 0.105332 
585 -0.098713 
586 0.092301 
587 -0.086094 
588 0.080092 
589 -0.074291 
590 0.068688 
591 -0.063283 
592 0.058072 
593 -0.053052 
594 0.048220 
595 -0.043575 
596 0.039112 
597 -0.034830 
598 0.030723 
599 -0.026791 
600 0.023028 
601 -0.019432 
602 0.016000 
603 -0.012728 
604 0.009612 
605 -0.006649 
606 0.003835 
607 -0.001167 
608 -0.001360 
609 0.003748 
610 -0.006001 
611 0.008124 
612 -0.010119 
613 0.011992 
614 -0.013744 
615 0.015381 
616 -0.016906 
617 0.018322 
618 -0.019633 
619 0.020843 
620 -0.021956 
621 0.022975 
622 -0.023903 
623 0.024745 
624 -0.025503 
625 0.026181 
626 -0.026783 
627 0.027311 
628 -0.027769 
629 0.028161 
630 -0.028489 
631 0.028756 
632 -0.028966 
633 0.029121 
634 -0.029224 
635 0.029278 
636 -0.029286 
637 0.029250 
638 -0.029173 
639 0.029058 
640 -0.028906 
641 0.028721 
642 -0.028504 
643 0.028258 
644 -0.027985 
645 0.027686 
646 -0.027364 
647 0.027021 
648 -0.026659 
649 0.026278 
650 -0.025882 
651 0.025471 
652 -0.025047 
653 0.024611 
654 -0.024165 
655 0.023711 
656 -0.023249 
657 0.022780 
658 -0.022306 
659 0.021828 
660 -0.021347 
661 0.020864 
662 -0.020379 
663 0.019893 
664 -0.019408 
665 0.018924 
666 -0.018442 
667 0.017961 
668 -0.017484 
669 0.017010 
670 -0.016541 
671 0.016075 
672 -0.015615 
673 0.015160 
674 -0.014711 
675 0.014267 
676 -0.013830 
677 0.013400 
678 -0.012976 
679 0.012559 
680 -0.012150 
681 0.011748 
682 -0.011353 
683 0.010966 
684 -0.010587 
685 0.010215 
686 -0.009852 
687 0.009497 
688 -0.009149 
689 0.008809 
690 -0.008478 
691 0.008154 
692 -0.007839 
693 0.007531 
694 -0.007232 
695 0.006940 
696 -0.006656 
697 0.006380 
698 -0.006111 
699 0.005850 
700 -0.005597 
701 0.005351 
702 -0.005112 
703 0.004881 
704 -0.004656 
705 0.004439 
706 -0.004229 
707 0.004025 
708 -0.003828 
709 0.003638 
710 -0.003454 
711 0.003276 
712 -0.003105 
713 0.002940 
714 -0.002780 
715 0.002627 
716 -0.002479 
717 0.002337 
718 -0.002200 
719 0.002068 
720 -0.001942 
721 0.001821 
722 -0.001704 
723 0.001593 
724 -0.001486 
725 0.001384 
726 -0.001286 
727 0.001192 
728 -0.001103 
729 0.001018 
730 -0.000937 
731 0.000859 
732 -0.000785 
733 0.000715 
734 -0.000649 
735 0.000585 
736 -0.000525 
737 0.000469 
738 -0.000415 
739 0.000364 
740 -0.000316 
741 0.000271 
742 -0.000228 
743 0.000188 
744 -0.000150 
745 0.000115 
746 -0.000082 
747 0.000051 
748 -0.000023 
749 -0.000004 
750 0.000029 
751 -0.000052 
752 0.000073 
753 -0.000093 
754 0.000111 
755 -0.000128 
756 0.000143 
757 -0.000157 
758 0.000169 
759 -0.000180 
760 0.000190 
761 -0.000199 
762 0.000207 
763 -0.000214 
764 0.000220 
765 -0.000225 
766 0.000229 
767 -0.000233 
768 0.000235 
769 -0.000238 
770 0.000239 
771 -0.000240 
772 0.000240 
773 -0.000240 
774 0.000239 
775 -0.000238 
776 0.000237 
777 -0.000235 
778 0.000232 
779 -0.000230 
780 0.000227 
781 -0.000224 
782 0.000221 
783 -0.000217 
784 0.000213 
785 -0.000209 
786 0.000205 
787 -0.000201 
788 0.000197 
789 -0.000193 
790 0.000188 
791 -0.000184 
792 0.000179 
793 -0.000175 
794 0.000170 
795 -0.000166 
796 0.000161 
797 -0.000157 
798 0.000152 
799 -0.000148 
800 0.000143 
801 -0.000139 
802 0.000135 
803 -0.000130 
804 0.000126 
805 -0.000122 
806 0.000118 
807 -0.000114 
808 0.000110 
809 -0.000106 
810 0.000102 
811 -0.000099 
812 0.000095 
813 -0.000091 
814 0.000088 
815 -0.000085 
816 0.000081 
817 -0.000078 
818 0.000075 
819 -0.000072 
820 0.000069 
821 -0.000066 
822 0.000064 
823 -0.000061 
824 0.000058 
825 -0.000056 
826 0.000053 
827 -0.000051 
828 0.000049 
829 -0.000047 
830 0.000044 
831 -0.000042 
832 0.000040 
833 -0.000038 
834 0.000037 
835 -0.000035 
836 0.000033 
837 -0.000032 
838 0.000030 
839 -0.000028 
840 0.000027 
841 -0.000026 
842 0.000024 
843 -0.000023 
844 0.000022 
845 -0.000021 
846 0.000019 
847 -0.000018 
848 0.000017 
849 -0.000016 
850 0.000015 
851 -0.000015 
852 0.000014 
853 -0.000013 
854 0.000012 
855 -0.000011 
856 0.000011 
857 -0.000010 
858 0.000009 
859 -0.000009 
860 0.000008 
861 -0.000008 
862 0.000007 
863 -0.000006 
864 0.000006 
865 -0.000006 
866 0.000005 
867 -0.000005 
868 0.000004 
869 -0.000004 
870 0.000004 
871 -0.000003 
872 0.000003 
873 -0.000003 
874 0.000003 
875 -0.000002 
876 0.000002 
877 -0.000002 
878 0.000002 
879 -0.000001 
880 0.000001 
881 -0.000001 
882 0.000001 
883 -0.000001 
884 0.000001 
885 -0.000001 
886 0.000000 
887 -0.000000 
888 0.000000 
889 -0.000000 
890 0.000000 
891 0.000000 
892 -0.000000 
893 0.000000 
894 -0.000000 
895 0.000000 
896 -0.000000 
897 0.000000 
898 -0.000000 
899 0.000000 
900 -0.000000 
901 0.000000 
902 -0.000000 
903 0.000000 
904 -0.000001 
905 0.000001 
906 -0.000001 
907 0.000001 
908 -0.000001 
909 0.000001 
910 -0.000001 
911 0.000001 
912 -0.000001 
913 0.000001 
914 -0.000001 
915 0.000001 
916 -0.000001 
917 0.000001 
918 -0.000001 
919 0.000001 
920 -0.000000 
921 0.000000 
922 -0.000000 
923 0.000000 
924 -0.000000 
925 0.000000 
926 -0.000000 
927 0.000000 
928 -0.000000 
929 0.000000 
930 -0.000000 
931 0.000000 
932 -0.000000 
933 0.000000 
934 -0.000000 
935 0.000000 
936 -0.000000 
937 0.000000 
938 -0.000000 
939 0.000000 
940 -0.000000 
941 0.000000 
942 -0.000000 
943 0.000000 
944 -0.000000 
945 0.000000 
946 -0.000000 
947 0.000000 
948 -0.000000 
949 0.000000 
950 -0.000000 
951 0.000000 
952 -0.000000 
953 0.000000 
954 -0.000000 
955 0.000000 
956 -0.000000 
957 0.000000 
958 -0.000000 
959 0.000000 
960 -0.000000 
961 0.000000 
962 -0.000000 
963 0.000000 
964 -0.000000 
965 0.000000 
966 -0.000000 
967 0.000000 
968 -0.000000 
969 0.000000 
970 -0.000000 
971 0.000000 
972 -0.000000 
973 0.000000 
974 -0.000000 
975 0.000000 
976 -0.000000 
977 0.000000 
978 -0.000000 
979 0.000000 
980 -0.000000 
981 0.000000 
982 -0.000000 
983 0.000000 
984 -0.000000 
985 0.000000 
986 -0.000000 
987 0.000000 
988 -0.000000 
989 0.000000 
990 -0.000000 
991 0.000000 
992 -0.000000 
993 0.000000 
994 -0.000000 
995 0.000000 
996 -0.000000 
997 0.000000 
998 -0.000000 
999 0.000000 
1000 -0.000000 
1001 0.000000 
1002 -0.000000 
1003 0.000000 
1004 -0.000000 
1005 0.000000 
1006 -0.000000 
1007 0.000000 
1008 -0.000000 
1009 0.000000 
1010 -0.000000 
1011 0.000000 
1012 -0.000000 
1013 0.000000 
1014 -0.000000 
1015 0.000000 
1016 -0.000000 
1017 0.000000 
1018 -0.000000 
1019 0.000000 
1020 -0.000000 
1021 0.000000 
1022 -0.000000 
1023 0.000000 
1024 -0.000000 
1025 0.000000 
1026 -0.000000 
1027 0.000000 
1028 -0.000000 
1029 0.000000 
1030 -0.000000 
1031 0.000000 
1032 0.000000 
1033 -0.000000 
1034 0.000000 
1035 -0.000000 
1036 0.000000 
1037 -0.000000 
1038 0.000000 
1039 -0.000000 
1040 0.000000 
1041 -0.000000 
1042 0.000000 
1043 -0.000000 
1044 0.000000 
1045 -0.000000 
1046 0.000000 
1047 -0.000000 
1048 0.000000 
1049 -0.000000 
1050 0.000000 
1051 -0.000000 
1052 0.000000 
1053 -0.000000 
1054 0.000000 
1055 -0.000000 
1056 0.000000 
1057 -0.000000 
1058 0.000000 
1059 -0.000000 
1060 0.000000 
1061 -0.000000 
1062 0.000000 
1063 -0.000000 
1064 0.000000 
1065 -0.000000 
1066 0.000000 
1067 -0.000000 
1068 0.000000 
1069 -0.000000 
1070 0.000000 
1071 -0.000000 
1072 0.000000 
1073 -0.000000 
1074 0.000000 
1075 -0.000000 
1076 0.000000 
1077 -0.000000 
1078 0.000000 
1079 -0.000000 
1080 0.000000 
1081 -0.000000 
1082 0.000000 
1083 -0.000000 
1084 0.000000 
1085 -0.000000 
1086 0.000000 
1087 -0.000000 
1088 0.000000 
1089 -0.000000 
1090 0.000000 
1091 -0.000000 
1092 0.000000 
1093 -0.000000 
1094 0.000000 
1095 -0.000000 
1096 0.000000 
1097 -0.000000 
1098 0.000000 
1099 -0.000000 
1100 0.000000 
1101 -0.000000 
1102 0.000000 
1103 -0.000000 
1104 0.000000 
1105 -0.000000 
1106 0.000000 
1107 -0.000000 
1108 0.000000 
1109 -0.000000 
1110 0.000000 
1111 -0.000000 
1112 0.000000 
1113 -0.000000 
1114 0.000000 
1115 -0.000000 
1116 0.000000 
1117 -0.000000 
1118 0.000000 
1119 -0.000000 
1120 0.000000 
1121 -0.000000 
1122 0.000000 
1123 -0.000000 
1124 0.000000 
1125 -0.000000 
1126 0.000000 
1127 -0.000000 
1128 0.000000 
1129 -0.000000 
1130 0.000000 
1131 -0.000000 
1132 0.000000 
1133 -0.000000 
1134 0.000000 
1135 -0.000000 
1136 0.000000 
1137 -0.000000 
1138 0.000000 
1139 -0.000000 
1140 0.000000 
1141 -0.000000 
1142 0.000000 
1143 -0.000000 
1144 0.000000 
1145 -0.000000 
1146 0.000000 
1147 -0.000000 
1148 0.000000 
1149 -0.000000 
1150 0.000000 
1151 -0.000000 
1152 0.000000 
1153 -0.000000 
1154 0.000000 
1155 -0.000000 
1156 0.000000 
1157 -0.000000 
1158 0.000000 
1159 -0.000000 
1160 0.000000 
1161 -0.000000 
1162 0.000000 
1163 -0.000000 
1164 0.000000 
1165 -0.000000 
1166 0.000000 
1167 -0.000000 
1168 0.000000 
1169 -0.000000 
1170 0.000000 
1171 -0.000000 
1172 0.000000 
1173 0.000000 
1174 -0.000000 
1175 0.000000 
1176 -0.000000 
1177 0.000000 
1178 -0.000000 
1179 0.000000 
1180 -0.000000 
1181 0.000000 
1182 -0.000000 
1183 0.000000 
1184 -0.000000 
1185 0.000000 
1186 -0.000000 
1187 0.000000 
1188 -0.000000 
1189 0.000000 
1190 -0.000000 
1191 0.000000 
1192 -0.000000 
1193 0.000000 
1194 -0.000000 
1195 0.000000 
1196 -0.000000 
1197 0.000000 
1198 -0.000000 
1199 0.000000 
1200 -0.000000 
1201 0.000000 
1202 -0.000000 
1203 0.000000 
1204 -0.000000 
1205 0.000000 
1206 -0.000000 
1207 0.000000 
1208 -0.000000 
1209 0.000000 
1210 -0.000000 
1211 0.000000 
1212 -0.000000 
1213 0.000000 
1214 -0.000000 
1215 0.000000 
1216 -0.000000 
1217 0.000000 
1218 -0.000000 
1219 0.000000 
1220 -0.000000 
1221 0.000000 
1222 -0.000000 
1223 0.000000 
1224 -0.000000 
1225 0.000000 
1226 -0.000000 
1227 0.000000 
1228 -0.000000 
1229 0.000000 
1230 -0.000000 
1231 0.000000 
1232 -0.000000 
1233 0.000000 
1234 -0.000000 
1235 0.000000 
1236 -0.000000 
1237 0.000000 
1238 -0.000000 
1239 0.000000 
1240 -0.000000 
1241 0.000000 
1242 -0.000000 
1243 0.000000 
1244 -0.000000 
1245 0.000000 
1246 -0.000000 
1247 0.000000 
1248 -0.000000 
1249 0.000000 
1250 -0.000000 
1251 0.000000 
1252 -0.000000 
1253 0.000000 
1254 -0.000000 
1255 0.000000 
1256 -0.000000 
1257 0.000000 
1258 -0.000000 
1259 0.000000 
1260 -0.000000 
1261 0.000000 
1262 -0.000000 
1263 0.000000 
1264 -0.000000 
1265 0.000000 
1266 -0.000000 
1267 0.000000 
1268 -0.000000 
1269 0.000000 
1270 -0.000000 
1271 0.000000 
1272 -0.000000 
1273 0.000000 
1274 -0.000000 
1275 0.000000 
1276 -0.000000 
1277 0.000000 
1278 -0.000000 
1279 0.000000 
1280 -0.000000 
1281 0.000000 
1282 -0.000000 
1283 0.000000 
1284 -0.000000 
1285 0.000000 
1286 -0.000000 
1287 0.000000 
1288 -0.000000 
1289 0.000000 
1290 -0.000000 
1291 0.000000 
1292 -0.000000 
1293 0.000000 
1294 -0.000000 
1295 0.000000 
1296 -0.000000 
1297 0.000000 
1298 -0.000000 
1299 0.000000 
1300 -0.000000 
1301 0.000000 
1302 -0.000000 
1303 0.000000 
1304 -0.000000 
1305 0.000000 
1306 -0.000000 
1307 0.000000 
1308 -0.000000 
1309 0.000000 
1310 -0.000000 
1311 0.000000 
1312 -0.000000 
1313 0.000000 
1314 -0.000000 
1315 0.000000 
1316 0.000000 
1317 -0.000000 
1318 0.000000 
1319 -0.000000 
1320 0.000000 
1321 -0.000000 
1322 0.000000 
1323 -0.000000 
1324 0.000000 
1325 -0.000000 
1326 0.000000 
1327 -0.000000 
1328 0.000000 
1329 -0.000000 
1330 0.000000 
1331 -0.000000 
1332 0.000000 
1333 -0.000000 
1334 0.000000 
1335 -0.000000 
1336 0.000000 
1337 -0.000000 
1338 0.000000 
1339 -0.000000 
1340 0.000000 
1341 -0.000000 
1342 0.000000 
1343 -0.000000 
1344 0.000000 
1345 -0.000000 
1346 0.000000 
1347 -0.000000 
1348 0.000000 
1349 -0.000000 
1350 0.000000 
1351 -0.000000 
1352 0.000000 
1353 -0.000000 
1354 0.000000 
1355 -0.000000 
1356 0.000000 
1357 -0.000000 
1358 0.000000 
1359 -0.000000 
1360 0.000000 
1361 -0.000000 
1362 0.000000 
1363 -0.000000 
1364 0.000000 
1365 -0.000000 
1366 0.000000 
1367 -0.000000 
1368 0.000000 
1369 -0.000000 
1370 0.000000 
1371 -0.000000 
1372 0.000000 
1373 -0.000000 
1374 0.000000 
1375 -0.000000 
1376 0.000000 
1377 -0.000000 
1378 0.000000 
1379 -0.000000 
1380 0.000000 
1381 -0.000000 
1382 0.000000 
1383 -0.000000 
1384 0.000000 
1385 -0.000000 
1386 0.000000 
1387 -0.000000 
1388 0.000000 
1389 -0.000000 
1390 0.000000 
1391 -0.000000 
1392 0.000000 
1393 -0.000000 
1394 0.000000 
1395 -0.000000 
1396 0.000000 
1397 -0.000000 
1398 0.000000 
1399 -0.000000 
1400 0.000000 
1401 -0.000000 
1402 0.000000 
1403 -0.000000 
1404 0.000000 
1405 -0.000000 
1406 0.000000 
1407 -0.000000 
1408 0.000000 
1409 -0.000000 
1410 0.000000 
1411 -0.000000 
1412 0.000000 
1413 -0.000000 
1414 0.000000 
1415 -0.000000 
1416 0.000000 
1417 -0.000000 
1418 0.000000 
1419 -0.000000 
1420 0.000000 
1421 -0.000000 
1422 0.000000 
1423 -0.000000 
1424 0.000000 
1425 -0.000000 
1426 0.000000 
1427 -0.000000 
1428 0.000000 
1429 -0.000000 
1430 0.000000 
1431 -0.000000 
1432 0.000000 
1433 -0.000000 
1434 0.000000 
1435 -0.000000 
1436 0.000000 
1437 -0.000000 
1438 0.000000 
1439 -0.000000 
1440 0.000000 
1441 -0.000000 
1442 0.000000 
1443 -0.000000 
1444 0.000000 
1445 -0.000000 
1446 0.000000 
1447 -0.000000 
1448 0.000000 
1449 -0.000000 
1450 0.000000 
1451 -0.000000 
1452 0.000000 
1453 -0.000000 
1454 0.000000 
1455 -0.000000 
1456 0.000000 
1457 0.000000 
1458 -0.000000 
1459 0.000000 
1460 -0.000000 
1461 0.000000 
1462 -0.000000 
1463 0.000000 
1464 -0.000000 
1465 0.000000 
1466 -0.000000 
1467 0.000000 
1468 -0.000000 
1469 0.000000 
1470 -0.000000 
1471 0.000000 
1472 -0.000000 
1473 0.000000 
1474 -0.000000 
1475 0.000000 
1476 -0.000000 
1477 0.000000 
1478 -0.000000 
1479 0.000000 
1480 -0.000000 
1481 0.000000 
1482 -0.000000 
1483 0.000000 
1484 -0.000000 
1485 0.000000 
1486 -0.000000 
1487 0.000000 
1488 -0.000000 
1489 0.000000 
1490 -0.000000 
1491 0.000000 
1492 -0.000000 
1493 0.000000 
1494 -0.000000 
1495 0.000000 
1496 -0.000000 
1497 0.000000 
1498 -0.000000 
1499 0.000000 
1500 -0.000000 
1501 0.000000 
1502 -0.000000 
1503 0.000000 
1504 -0.000000 
1505 0.000000 
1506 -0.000000 
1507 0.000000 
1508 -0.000000 
1509 0.000000 
1510 -0.000000 
1511 0.000000 
1512 -0.000000 
1513 0.000000 
1514 -0.000000 
1515 0.000000 
1516 -0.000000 
1517 0.000000 
1518 -0.000000 
1519 0.000000 
1520 -0.000000 
1521 0.000000 
1522 -0.000000 
1523 0.000000 
1524 -0.000000 
1525 0.000000 
1526 -0.000000 
1527 0.000000 
1528 -0.000000 
1529 0.000000 
1530 -0.000000 
1531 0.000000 
1532 -0.000000 
1533 0.000000 
1534 -0.000000 
1535 0.000000 
1536 -0.000000 
1537 0.000000 
1538 -0.000000 
1539 0.000000 
1540 -0.000000 
1541 0.000000 
1542 -0.000000 
1543 0.000000 
1544 -0.000000 
1545 0.000000 
1546 -0.000000 
1547 0.000000 
1548 -0.000000 
1549 0.000000 
1550 -0.000000 
1551 0.000000 
1552 -0.000000 
1553 0.000000 
1554 -0.000000 
1555 0.000000 
1556 -0.000000 
1557 0.000000 
1558 -0.000000 
1559 0.000000 
1560 -0.000000 
1561 0.000000 
1562 -0.000000 
1563 0.000000 
1564 -0.000000 
1565 0.000000 
1566 -0.000000 
1567 0.000000 
1568 -0.000000 
1569 0.000000 
1570 -0.000000 
1571 0.000000 
1572 -0.000000 
1573 0.000000 
1574 -0.000000 
1575 0.000000 
1576 -0.000000 
1577 0.000000 
1578 -0.000000 
1579 0.000000 
1580 -0.000000 
1581 0.000000 
1582 -0.000000 
1583 0.000000 
1584 -0.000000 
1585 0.000000 
1586 -0.000000 
1587 0.000000 
1588 -0.000000 
1589 0.000000 
1590 -0.000000 
1591 0.000000 
1592 -0.000000 
1593 0.000000 
1594 -0.000000 
1595 0.000000 
1596 -0.000000 
1597 0.000000 
1598 -0.000000 
1599 0.000000 
1600 -0.000000 
1601 0.000000 
1602 -0.000000 
1603 0.000000 
1604 -0.000000 
1605 -0.000000 
1606 0.000000 
1607 -0.000000 
1608 0.000000 
1609 -0.000000 
1610 0.000000 
1611 -0.000000 
1612 0.000000 
1613 -0.000000 
1614 0.000000 
1615 -0.000000 
1616 0.000000 
1617 -0.000000 
1618 0.000000 
1619 -0.000000 
1620 0.000000 
1621 -0.000000 
1622 0.000000 
1623 -0.000000 
1624 0.000000 
1625 -0.000000 
1626 0.000000 
1627 -0.000000 
1628 0.000000 
1629 -0.000000 
1630 0.000000 
1631 -0.000000 
1632 0.000000 
1633 -0.000000 
1634 0.000000 
1635 -0.000000 
1636 0.000000 
1637 -0.000000 
1638 0.000000 
1639 -0.000000 
1640 0.000000 
1641 -0.000000 
1642 0.000000 
1643 -0.000000 
1644 0.000000 
1645 -0.000000 
1646 0.000000 
1647 -0.000000 
1648 0.000000 
1649 -0.000000 
1650 0.000000 
1651 -0.000000 
1652 0.000000 
1653 -0.000000 
1654 0.000000 
1655 -0.000000 
1656 0.000000 
1657 -0.000000 
1658 0.000000 
1659 -0.000000 
1660 0.000000 
1661 -0.000000 
1662 0.000000 
1663 -0.000000 
1664 0.000000 
1665 -0.000000 
1666 0.000000 
1667 -0.000000 
1668 0.000000 
1669 -0.000000 
1670 0.000000 
1671 -0.000000 
1672 0.000000 
1673 -0.000000 
1674 0.000000 
1675 -0.000000 
1676 0.000000 
1677 -0.000000 
1678 0.000000 
1679 -0.000000 
1680 0.000000 
1681 -0.000000 
1682 0.000000 
1683 -0.000000 
1684 0.000000 
1685 -0.000000 
1686 0.000000 
1687 -0.000000 
1688 0.000000 
1689 -0.000000 
1690 0.000000 
1691 -0.000000 
1692 0.000000 
1693 -0.000000 
1694 0.000000 
1695 -0.000000 
1696 0.000000 
1697 -0.000000 
1698 0.000000 
1699 -0.000000 
1700 0.000000 
1701 -0.000000 
1702 0.000000 
1703 -0.000000 
1704 0.000000 
1705 -0.000000 
1706 0.000000 
1707 -0.000000 
1708 0.000000 
1709 -0.000000 
1710 0.000000 
1711 -0.000000 
1712 0.000000 
1713 -0.000000 
1714 0.000000 
1715 -0.000000 
1716 0.000000 
1717 -0.000000 
1718 0.000000 
1719 -0.000000 
1720 0.000000 
1721 -0.000000 
1722 0.000000 
1723 -0.000000 
1724 0.000000 
1725 -0.000000 
1726 0.000000 
1727 -0.000000 
1728 0.000000 
1729 -0.000000 
1730 0.000000 
1731 -0.000000 
1732 0.000000 
1733 -0.000000 
1734 0.000000 
1735 -0.000000 
1736 0.000000 
1737 0.000000 
1738 -0.000000 
1739 0.000000 
1740 -0.000000 
1741 0.000000 
1742 -0.000000 
1743 0.000000 
1744 -0.000000 
1745 0.000000 
1746 -0.000000 
1747 0.000000 
1748 -0.000000 
1749 0.000000 
1750 -0.000000 
1751 0.000000 
1752 -0.000000 
1753 0.000000 
1754 -0.000000 
1755 0.000000 
1756 -0.000000 
1757 0.000000 
1758 -0.000000 
1759 0.000000 
1760 -0.000000 
1761 0.000000 
1762 -0.000000 
1763 0.000000 
1764 -0.000000 
1765 0.000000 
1766 -0.000000 
1767 0.000000 
1768 -0.000000 
1769 0.000000 
1770 -0.000000 
1771 0.000000 
1772 -0.000000 
1773 0.000000 
1774 -0.000000 
1775 0.000000 
1776 -0.000000 
1777 0.000000 
1778 -0.000000 
1779 0.000000 
1780 -0.000000 
1781 0.000000 
1782 -0.000000 
1783 0.000000 
1784 -0.000000 
1785 0.000000 
1786 -0.000000 
1787 0.000000 
1788 -0.000000 
1789 0.000000 
1790 -0.000000 
1791 0.000000 
1792 -0.000000 
1793 0.000000 
1794 -0.000000 
1795 0.000000 
1796 -0.000000 
1797 0.000000 
1798 -0.000000 
1799 0.000000 
1800 -0.000000 
1801 0.000000 
1802 -0.000000 
1803 0.000000 
1804 -0.000000 
1805 0.000000 
1806 -0.000000 
1807 0.000000 
1808 -0.000000 
1809 0.000000 
1810 -0.000000 
1811 0.000000 
1812 -0.000000 
1813 0.000000 
1814 -0.000000 
1815 0.000000 
1816 -0.000000 
1817 0.000000 
1818 -0.000000 
1819 0.000000 
1820 -0.000000 
1821 0.000000 
1822 -0.000000 
1823 0.000000 
1824 -0.000000 
1825 0.000000 
1826 -0.000000 
1827 0.000000 
1828 -0.000000 
1829 0.000000 
1830 -0.000000 
1831 0.000000 
1832 -0.000000 
1833 0.000000 
1834 -0.000000 
1835 0.000000 
1836 -0.000000 
1837 0.000000 
1838 -0.000000 
1839 0.000000 
1840 -0.000000 
1841 0.000000 
1842 -0.000000 
1843 0.000000 
1844 -0.000000 
1845 0.000000 
1846 -0.000000 
1847 0.000000 
1848 -0.000000 
1849 0.000000 
1850 -0.000000 
1851 0.000000 
1852 -0.000000 
1853 0.000000 
1854 -0.000000 
1855 0.000000 
1856 -0.000000 
1857 0.000000 
1858 -0.000000 
1859 0.000000 
1860 -0.000000 
1861 0.000000 
1862 -0.000000 
1863 0.000000 
1864 -0.000000 
1865 0.000000 
1866 -0.000000 
1867 0.000000 
1868 -0.000000 
1869 0.000000 
1870 -0.000000 
1871 0.000000 
1872 -0.000000 
1873 0.000000 
1874 -0.000000 
1875 0.000000 
1876 -0.000000 
1877 0.000000 
1878 -0.000000 
1879 0.000000 
1880 -0.000000 
1881 0.000000 
1882 -0.000000 
1883 0.000000 
1884 -0.000000 
1885 0.000000 
1886 0.000000 
1887 -0.000000 
1888 0.000000 
1889 -0.000000 
1890 0.000000 
1891 -0.000000 
1892 0.000000 
1893 -0.000000 
1894 0.000000 
1895 -0.000000 
1896 0.000000 
1897 -0.000000 
1898 0.000000 
1899 -0.000000 
1900 0.000000 
1901 -0.000000 
1902 0.000000 
1903 -0.000000 
1904 0.000000 
1905 -0.000000 
1906 0.000000 
1907 -0.000000 
1908 0.000000 
1909 -0.000000 
1910 0.000000 
1911 -0.000000 
1912 0.000000 
1913 -0.000000 
1914 0.000000 
1915 -0.000000 
1916 0.000000 
1917 -0.000000 
1918 0.000000 
1919 -0.000000 
1920 0.000000 
1921 -0.000000 
1922 0.000000 
1923 -0.000000 
1924 0.000000 
1925 -0.000000 
1926 0.000000 
1927 -0.000000 
1928 0.000000 
1929 -0.000000 
1930 0.000000 
1931 -0.000000 
1932 0.000000 
1933 -0.000000 
1934 0.000000 
1935 -0.000000 
1936 0.000000 
1937 -0.000000 
1938 0.000000 
1939 -0.000000 
1940 0.000000 
1941 -0.000000 
1942 0.000000 
1943 -0.000000 
1944 0.000000 
1945 -0.000000 
1946 0.000000 
1947 -0.000000 
1948 0.000000 
1949 -0.000000 
1950 0.000000 
1951 -0.000000 
1952 0.000000 
1953 -0.000000 
1954 0.000000 
1955 -0.000000 
1956 0.000000 
1957 -0.000000 
1958 0.000000 
1959 -0.000000 
1960 0.000000 
1961 -0.000000 
1962 0.000000 
1963 -0.000000 
1964 0.000000 
1965 -0.000000 
1966 0.000000 
1967 -0.000000 
1968 0.000000 
1969 -0.000000 
1970 0.000000 
1971 -0.000000 
1972 0.000000 
1973 -0.000000 
1974 0.000000 
1975 -0.000000 
1976 0.000000 
1977 -0.000000 
1978 0.000000 
1979 -0.000000 
1980 0.000000 
1981 -0.000000 
1982 0.000000 
1983 -0.000000 
1984 0.000000 
1985 -0.000000 
1986 0.000000 
1987 -0.000000 
1988 0.000000 
1989 -0.000000 
1990 0.000000 
1991 -0.000000 
1992 0.000000 
1993 -0.000000 
1994 0.000000 
1995 -0.000000 
1996 0.000000 
1997 -0.000000 
1998 0.000000 
1999 -0.000000 
2000 0.000000 
2001 -0.000000 
2002 0.000000 
2003 -0.000000 
2004 0.000000 
2005 -0.000000 
2006 0.000000 
2007 -0.000000 
2008 0.000000 
2009 -0.000000 
2010 0.000000 
2011 -0.000000 
2012 0.000000 
2013 -0.000000 
2014 0.000000 
2015 -0.000000 
2016 0.000000 
2017 -0.000000 
2018 0.000000 
2019 -0.000000 
2020 0.000000 
2021 -0.000000 
2022 0.000000 
2023 -0.000000 
2024 -0.000000 
2025 0.000000 
2026 -0.000000 
2027 0.000000 
2028 -0.000000 
2029 0.000000 
2030 -0.000000 
2031 0.000000 
2032 -0.000000 
2033 0.000000 
2034 -0.000000 
2035 0.000000 
2036 -0.000000 
2037 0.000000 
2038 -0.000000 
2039 0.000000 
2040 -0.000000 
2041 0.000000 
2042 -0.000000 
2043 0.000000 
2044 -0.000000 
2045 0.000000 
2046 -0.000000 
2047 0.000000 
2048 -0.000000 
2049 0.000000 
2050 -0.000000 
2051 0.000000 
2052 -0.000000 
2053 0.000000 
2054 -0.000000 
2055 0.000000 
2056 -0.000000 
2057 0.000000 
2058 -0.000000 
2059 0.000000 
2060 -0.000000 
2061 0.000000 
2062 -0.000000 
2063 0.000000 
2064 -0.000000 
2065 0.000000 
2066 -0.000000 
2067 0.000000 
2068 -0.000000 
2069 0.000000 
2070 -0.000000 
2071 0.000000 
2072 -0.000000 
2073 0.000000 
2074 -0.000000 
2075 0.000000 
2076 -0.000000 
2077 0.000000 
2078 -0.000000 
2079 0.000000 
2080 -0.000000 
2081 0.000000 
2082 -0.000000 
2083 0.000000 
2084 -0.000000 
2085 0.000000 
2086 -0.000000 
2087 0.000000 
2088 -0.000000 
2089 0.000000 
2090 -0.000000 
2091 0.000000 
2092 -0.000000 
2093 0.000000 
2094 -0.000000 
2095 0.000000 
2096 -0.000000 
2097 0.000000 
2098 -0.000000 
2099 0.000000 
2100 -0.000000 
2101 0.000000 
2102 -0.000000 
2103 0.000000 
2104 -0.000000 
2105 0.000000 
2106 -0.000000 
2107 0.000000 
2108 -0.000000 
2109 0.000000 
2110 -0.000000 
2111 0.000000 
2112 -0.000000 
2113 0.000000 
2114 -0.000000 
2115 0.000000 
2116 -0.000000 
2117 0.000000 
2118 -0.000000 
2119 0.000000 
2120 -0.000000 
2121 0.000000 
2122 -0.000000 
2123 0.000000 
2124 -0.000000 
2125 0.000000 
2126 -0.000000 
2127 0.000000 
2128 -0.000000 
2129 0.000000 
2130 -0.000000 
2131 0.000000 
2132 -0.000000 
2133 0.000000 
2134 -0.000000 
2135 -0.000000 
2136 0.000000 
2137 -0.000000 
2138 0.000000 
2139 -0.000000 
2140 0.000000 
2141 -0.000000 
2142 0.000000 
2143 -0.000000 
2144 0.000000 
2145 -0.000000 
2146 0.000000 
2147 -0.000000 
2148 0.000000 
2149 -0.000000 
2150 0.000000 
2151 -0.000000 
2152 0.000000 
2153 -0.000000 
2154 0.000000 
2155 -0.000000 
2156 0.000000 
2157 -0.000000 
2158 0.000000 
2159 -0.000000 
2160 0.000000 
2161 -0.000000 
2162 0.000000 
2163 -0.000000 
2164 0.000000 
2165 -0.000000 
2166 0.000000 
2167 -0.000000 
2168 0.000000 
2169 -0.000000 
2170 0.000000 
2171 -0.000000 
2172 0.000000 
2173 -0.000000 
2174 0.000000 
2175 -0.000000 
2176 0.000000 
2177 -0.000000 
2178 0.000000 
2179 -0.000000 
2180 0.000000 
2181 -0.000000 
2182 0.000000 
2183 -0.000000 
2184 0.000000 
2185 -0.000000 
2186 0.000000 
2187 -0.000000 
2188 0.000000 
2189 -0.000000 
2190 0.000000 
2191 -0.000000 
2192 0.000000 
2193 -0.000000 
2194 0.000000 
2195 -0.000000 
2196 0.000000 
2197 -0.000000 
2198 0.000000 
2199 -0.000000 
2200 0.000000 
2201 -0.000000 
2202 0.000000 
2203 -0.000000 
2204 0.000000 
2205 -0.000000 
2206 0.000000 
2207 -0.000000 
2208 0.000000 
2209 -0.000000 
2210 0.000000 
2211 -0.000000 
2212 0.000000 
2213 -0.000000 
2214 0.000000 
2215 -0.000000 
2216 0.000000 
2217 -0.000000 
2218 0.000000 
2219 -0.000000 
2220 0.000000 
2221 -0.000000 
2222 -0.000000 
2223 0.000000 
2224 -0.000000 
2225 0.000000 
2226 -0.000000 
2227 0.000000 
2228 -0.000000 
2229 0.000000 
2230 -0.000000 
2231 0.000000 
2232 -0.000000 
2233 0.000000 
2234 -0.000000 
2235 0.000000 
2236 -0.000000 
2237 0.000000 
2238 -0.000000 
2239 0.000000 
2240 -0.000000 
2241 0.000000 
2242 -0.000000 
2243 0.000000 
2244 -0.000000 
2245 0.000000 
2246 -0.000000 
2247 0.000000 
2248 -0.000000 
2249 0.000000 
2250 -0.000000 
2251 0.000000 
2252 -0.000000 
2253 0.000000 
2254 -0.000000 
2255 0.000000 
2256 -0.000000 
2257 0.000000 
2258 -0.000000 
2259 0.000000 
2260 -0.000000 
2261 0.000000 
2262 -0.000000 
2263 0.000000 
2264 -0.000000 
2265 0.000000 
2266 -0.000000 
2267 0.000000 
2268 -0.000000 
2269 0.000000 
2270 -0.000000 
2271 0.000000 
2272 -0.000000 
2273 0.000000 
2274 -0.000000 
2275 0.000000 
2276 -0.000000 
2277 0.000000 
2278 -0.000000 
2279 0.000000 
2280 -0.000000 
2281 0.000000 
2282 -0.000000 
2283 0.000000 
2284 -0.000000 
2285 0.000000 
2286 -0.000000 
2287 0.000000 
2288 -0.000000 
2289 0.000000 
2290 -0.000000 
2291 0.000000 
2292 -0.000000 
2293 0.000000 
2294 -0.000000 
2295 0.000000 
2296 -0.000000 
2297 0.000000 
2298 -0.000000 
2299 0.000000 
2300 -0.000000 
2301 0.000000 
2302 -0.000000 
2303 0.000000 
2304 -0.000000 
2305 0.000000 
2306 -0.000000 
2307 0.000000 
2308 -0.000000 
2309 0.000000 
2310 -0.000000 
2311 0.000000 
2312 -0.000000 
2313 0.000000 
2314 -0.000000 
2315 0.000000 
2316 -0.000000 
2317 0.000000 
2318 -0.000000 
2319 0.000000 
2320 -0.000000 
2321 0.000000 
2322 -0.000000 
2323 0.000000 
2324 -0.000000 
2325 0.000000 
2326 -0.000000 
2327 0.000000 
2328 -0.000000 
2329 0.000000 
2330 -0.000000 
2331 0.000000 
2332 0.000000 
2333 -0.000000 
2334 0.000000 
2335 -0.000000 
2336 0.000000 
2337 -0.000000 
2338 0.000000 
2339 -0.000000 
2340 0.000000 
2341 -0.000000 
2342 0.000000 
2343 -0.000000 
2344 0.000000 
2345 -0.000000 
2346 0.000000 
2347 -0.000000 
2348 0.000000 
2349 -0.000000 
2350 0.000000 
2351 -0.000000 
2352 0.000000 
2353 -0.000000 
2354 0.000000 
2355 -0.000000 
2356 0.000000 
2357 -0.000000 
2358 0.000000 
2359 -0.000000 
2360 0.000000 
2361 -0.000000 
2362 0.000000 
2363 -0.000000 
2364 0.000000 
2365 -0.000000 
2366 0.000000 
2367 -0.000000 
2368 0.000000 
2369 -0.000000 
2370 0.000000 
2371 -0.000000 
2372 0.000000 
2373 -0.000000 
2374 0.000000 
2375 -0.000000 
2376 0.000000 
2377 -0.000000 
2378 0.000000 
2379 -0.000000 
2380 0.000000 
2381 -0.000000 
2382 0.000000 
2383 -0.000000 
2384 0.000000 
2385 -0.000000 
2386 0.000000 
2387 -0.000000 
2388 0.000000 
2389 -0.000000 
2390 0.000000 
2391 -0.000000 
2392 0.000000 
2393 -0.000000 
2394 0.000000 
2395 -0.000000 
2396 0.000000 
2397 -0.000000 
2398 0.000000 
2399 -0.000000 
2400 0.000000 
2401 -0.000000 
2402 0.000000 
2403 -0.000000 
2404 0.000000 
2405 -0.000000 
2406 0.000000 
2407 -0.000000 
2408 0.000000 
2409 -0.000000 
2410 0.000000 
2411 -0.000000 
2412 0.000000 
2413 -0.000000 
2414 0.000000 
2415 -0.000000 
2416 0.000000 
2417 -0.000000 
2418 0.000000 
2419 -0.000000 
2420 0.000000 
2421 -0.000000 
2422 0.000000 
2423 -0.000000 
2424 0.000000 
2425 -0.000000 
2426 0.000000 
2427 -0.000000 
2428 0.000000 
2429 -0.000000 
2430 0.000000 
2431 -0.000000 
2432 0.000000 
2433 -0.000000 
2434 0.000000 
2435 -0.000000 
2436 0.000000 
2437 -0.000000 
2438 0.000000 
2439 -0.000000 
2440 0.000000 
2441 -0.000000 
2442 0.000000 
2443 -0.000000 
2444 0.000000 
2445 -0.000000 
2446 0.000000 
2447 -0.000000 
2448 0.000000 
2449 -0.000000 
2450 0.000000 
2451 -0.000000 
2452 0.000000 
2453 -0.000000 
2454 0.000000 
2455 -0.000000 
2456 0.000000 
2457 -0.000000 
2458 0.000000 
2459 -0.000000 
2460 0.000000 
2461 -0.000000 
2462 0.000000 
2463 -0.000000 
2464 0.000000 
2465 -0.000000 
2466 0.000000 
2467 -0.000000 
2468 0.000000 
2469 -0.000000 
2470 0.000000 
2471 -0.000000 
2472 0.000000 
2473 -0.000000 
2474 0.000000 
2475 -0.000000 
2476 0.000000 
2477 -0.000000 
2478 0.000000 
2479 -0.000000 
2480 0.000000 
2481 -0.000000 
2482 0.000000 
2483 -0.000000 
2484 0.000000 
2485 -0.000000 
2486 0.000000 
2487 -0.000000 
2488 0.000000 
2489 -0.000000 
2490 0.000000 
2491 -0.000000 
2492 0.000000 
2493 -0.000000 
2494 0.000000 
2495 -0.000000 
2496 0.000000 
2497 -0.000000 
2498 0.000000 
2499 -0.000000 
2500 0.000000 
2501 -0.000000 
2502 0.000000 
2503 -0.000000 
2504 0.000000 
2505 -0.000000 
2506 0.000000 
2507 -0.000000 
2508 0.000000 
2509 -0.000000 
2510 0.000000 
2511 -0.000000 
2512 0.000000 
2513 -0.000000 
2514 0.000000 
2515 -0.000000 
2516 0.000000 
2517 -0.000000 
2518 0.000000 
2519 -0.000000 
2520 0.000000 
2521 -0.000000 
2522 0.000000 
2523 -0.000000 
2524 0.000000 
2525 -0.000000 
2526 0.000000 
2527 -0.000000 
2528 0.000000 
2529 -0.000000 
2530 0.000000 
2531 -0.000000 
2532 -0.000000 
2533 0.000000 
2534 -0.000000 
2535 0.000000 
2536 -0.000000 
2537 0.000000 
2538 -0.000000 
2539 0.000000 
2540 -0.000000 
2541 0.000000 
2542 -0.000000 
2543 0.000000 
2544 -0.000000 
2545 0.000000 
2546 -0.000000 
2547 0.000000 
2548 -0.000000 
2549 0.000000 
2550 -0.000000 
2551 0.000000 
2552 -0.000000 
2553 0.000000 
2554 -0.000000 
2555 0.000000 
2556 -0.000000 
2557 0.000000 
2558 -0.000000 
2559 0.000000 
2560 -0.000000 
2561 0.000000 
2562 -0.000000 
2563 0.000000 
2564 -0.000000 
2565 0.000000 
2566 -0.000000 
2567 0.000000 
2568 -0.000000 
2569 0.000000 
2570 -0.000000 
2571 0.000000 
2572 -0.000000 
2573 0.000000 
2574 -0.000000 
2575 0.000000 
2576 -0.000000 
2577 0.000000 
2578 -0.000000 
2579 0.000000 
2580 -0.000000 
2581 0.000000 
2582 -0.000000 
2583 0.000000 
2584 -0.000000 
2585 0.000000 
2586 -0.000000 
2587 0.000000 
2588 -0.000000 
2589 0.000000 
2590 -0.000000 
2591 0.000000 
2592 -0.000000 
2593 0.000000 
2594 -0.000000 
2595 0.000000 
2596 -0.000000 
2597 0.000000 
2598 -0.000000 
2599 0.000000 
2600 -0.000000 
2601 0.000000 
2602 -0.000000 
2603 0.000000 
2604 -0.000000 
2605 0.000000 
2606 -0.000000 
2607 0.000000 
2608 -0.000000 
2609 0.000000 
2610 -0.000000 
2611 0.000000 
2612 -0.000000 
2613 0.000000 
2614 -0.000000 
2615 0.000000 
2616 -0.000000 
2617 0.000000 
2618 -0.000000 
2619 0.000000 
2620 -0.000000 
2621 0.000000 
2622 -0.000000 
2623 0.000000 
2624 -0.000000 
2625 0.000000 
2626 -0.000000 
2627 0.000000 
2628 -0.000000 
2629 0.000000 
2630 -0.000000 
2631 0.000000 
2632 -0.000000 
2633 0.000000 
2634 -0.000000 
2635 0.000000 
2636 -0.000000 
2637 0.000000 
2638 -0.000000 
2639 0.000000 
2640 -0.000000 
2641 0.000000 
2642 -0.000000 
2643 0.000000 
2644 -0.000000 
2645 0.000000 
2646 -0.000000 
2647 0.000000 
2648 -0.000000 
2649 0.000000 
2650 -0.000000 
2651 0.000000 
2652 -0.000000 
2653 0.000000 
2654 -0.000000 
2655 0.000000 
2656 -0.000000 
2657 0.000000 
2658 -0.000000 
2659 0.000000 
2660 -0.000000 
2661 0.000000 
2662 -0.000000 
2663 0.000000 
2664 -0.000000 
2665 0.000000 
2666 -0.000000 
2667 0.000000 
2668 -0.000000 
2669 0.000000 
2670 -0.000000 
2671 0.000000 
2672 -0.000000 
2673 0.000000 
2674 -0.000000 
2675 0.000000 
2676 -0.000000 
2677 0.000000 
2678 -0.000000 
2679 0.000000 
2680 -0.000000 
2681 0.000000 
2682 -0.000000 
2683 0.000000 
2684 -0.000000 
2685 0.000000 
2686 -0.000000 
2687 0.000000 
2688 -0.000000 
2689 0.000000 
2690 -0.000000 
2691 0.000000 
2692 -0.000000 
2693 0.000000 
2694 -0.000000 
2695 0.000000 
2696 -0.000000 
2697 0.000000 
2698 -0.000000 
2699 0.000000 
2700 -0.000000 
2701 0.000000 
2702 -0.000000 
2703 0.000000 
2704 -0.000000 
2705 0.000000 
2706 -0.000000 
2707 0.000000 
2708 -0.000000 
2709 0.000000 
2710 -0.000000 
2711 0.000000 
2712 0.000000 
2713 -0.000000 
2714 0.000000 
2715 -0.000000 
2716 0.000000 
2717 -0.000000 
2718 0.000000 
2719 -0.000000 
2720 0.000000 
2721 -0.000000 
2722 0.000000 
2723 -0.000000 
2724 0.000000 
2725 -0.000000 
2726 0.000000 
2727 -0.000000 
2728 0.000000 
2729 -0.000000 
2730 0.000000 
2731 -0.000000 
2732 0.000000 
2733 -0.000000 
2734 0.000000 
2735 -0.000000 
2736 0.000000 
2737 -0.000000 
2738 0.000000 
2739 -0.000000 
2740 0.000000 
2741 -0.000000 
2742 0.000000 
2743 -0.000000 
2744 0.000000 
2745 -0.000000 
2746 0.000000 
2747 -0.000000 
2748 0.000000 
2749 -0.000000 
2750 0.000000 
2751 -0.000000 
2752 0.000000 
2753 -0.000000 
2754 0.000000 
2755 -0.000000 
2756 0.000000 
2757 -0.000000 
2758 0.000000 
2759 -0.000000 
2760 0.000000 
2761 -0.000000 
2762 0.000000 
2763 -0.000000 
2764 0.000000 
2765 -0.000000 
2766 0.000000 
2767 -0.000000 
2768 0.000000 
2769 -0.000000 
2770 0.000000 
2771 -0.000000 
2772 0.000000 
2773 -0.000000 
2774 0.000000 
2775 -0.000000 
2776 0.000000 
2777 -0.000000 
2778 0.000000 
2779 -0.000000 
2780 0.000000 
2781 -0.000000 
2782 0.000000 
2783 -0.000000 
2784 0.000000 
2785 -0.000000 
2786 0.000000 
2787 -0.000000 
2788 0.000000 
2789 -0.000000 
2790 0.000000 
2791 -0.000000 
2792 0.000000 
2793 -0.000000 
2794 0.000000 
2795 -0.000000 
2796 0.000000 
2797 -0.000000 
2798 0.000000 
2799 -0.000000 
2800 0.000000 
2801 -0.000000 
2802 0.000000 
2803 -0.000000 
2804 0.000000 
2805 -0.000000 
2806 0.000000 
2807 -0.000000 
2808 0.000000 
2809 -0.000000 
2810 -0.000000 
2811 0.000000 
2812 -0.000000 
2813 0.000000 
2814 -0.000000 
2815 0.000000 
2816 -0.000000 
2817 0.000000 
2818 -0.000000 
2819 0.000000 
2820 -0.000000 
2821 0.000000 
2822 -0.000000 
2823 0.000000 
2824 -0.000000 
2825 0.000000 
2826 -0.000000 
2827 0.000000 
2828 -0.000000 
2829 0.000000 
2830 -0.000000 
2831 0.000000 
2832 -0.000000 
2833 0.000000 
2834 -0.000000 
2835 0.000000 
2836 -0.000000 
2837 0.000000 
2838 -0.000000 
2839 0.000000 
2840 -0.000000 
2841 0.000000 
2842 -0.000000 
2843 0.000000 
2844 -0.000000 
2845 0.000000 
2846 -0.000000 
2847 0.000000 
2848 -0.000000 
2849 0.000000 
2850 -0.000000 
2851 0.000000 
2852 -0.000000 
2853 0.000000 
2854 -0.000000 
2855 0.000000 
2856 -0.000000 
2857 0.000000 
2858 -0.000000 
2859 0.000000 
2860 -0.000000 
2861 0.000000 
2862 -0.000000 
2863 0.000000 
2864 -0.000000 
2865 0.000000 
2866 -0.000000 
2867 0.000000 
2868 -0.000000 
2869 0.000000 
2870 -0.000000 
2871 0.000000 
2872 -0.000000 
2873 0.000000 
2874 -0.000000 
2875 0.000000 
2876 -0.000000 
2877 0.000000 
2878 -0.000000 
2879 0.000000 
2880 -0.000000 
2881 0.000000 
2882 -0.000000 
2883 0.000000 
2884 -0.000000 
2885 0.000000 
2886 -0.000000 
2887 0.000000 
2888 -0.000000 
2889 0.000000 
2890 -0.000000 
2891 0.000000 
2892 -0.000000 
2893 0.000000 
2894 -0.000000 
2895 0.000000 
2896 -0.000000 
2897 0.000000 
2898 -0.000000 
2899 0.000000 
2900 -0.000000 
2901 0.000000 
2902 -0.000000 
2903 0.000000 
2904 -0.000000 
2905 0.000000 
2906 -0.000000 
2907 0.000000 
2908 -0.000000 
2909 0.000000 
2910 -0.000000 
2911 0.000000 
2912 -0.000000 
2913 0.000000 
2914 -0.000000 
2915 0.000000 
2916 -0.000000 
2917 0.000000 
2918 -0.000000 
2919 0.000000 
2920 -0.000000 
2921 0.000000 
2922 -0.000000 
2923 0.000000 
2924 -0.000000 
2925 0.000000 
2926 -0.000000 
2927 0.000000 
2928 -0.000000 
2929 0.000000 
2930 -0.000000 
2931 0.000000 
2932 -0.000000 
2933 0.000000 
2934 -0.000000 
2935 0.000000 
2936 -0.000000 
2937 0.000000 
2938 -0.000000 
2939 0.000000 
2940 -0.000000 
2941 0.000000 
2942 -0.000000 
2943 0.000000 
2944 -0.000000 
2945 0.000000 
2946 -0.000000 
2947 0.000000 
2948 -0.000000 
2949 0.000000 
2950 -0.000000 
2951 0.000000 
2952 -0.000000 
2953 0.000000 
2954 -0.000000 
2955 0.000000 
2956 -0.000000 
2957 0.000000 
2958 -0.000000 
2959 0.000000 
2960 -0.000000 
2961 0.000000 
2962 -0.000000 
2963 0.000000 
2964 -0.000000 
2965 0.000000 
2966 0.000000 
2967 -0.000000 
2968 0.000000 
2969 -0.000000 
2970 0.000000 
2971 -0.000000 
2972 0.000000 
2973 -0.000000 
2974 0.000000 
2975 -0.000000 
2976 0.000000 
2977 -0.000000 
2978 0.000000 
2979 -0.000000 
2980 0.000000 
2981 -0.000000 
2982 0.000000 
2983 -0.000000 
2984 0.000000 
2985 -0.000000 
2986 0.000000 
2987 -0.000000 
2988 0.000000 
2989 -0.000000 
2990 0.000000 
2991 -0.000000 
2992 0.000000 
2993 -0.000000 
2994 0.000000 
2995 -0.000000 
2996 0.000000 
2997 -0.000000 
2998 0.000000 
2999 -0.000000 
3000 0.000000 
3001 -0.000000 
3002 0.000000 
3003 -0.000000 
3004 0.000000 
3005 -0.000000 
3006 0.000000 
3007 -0.000000 
3008 0.000000 
3009 -0.000000 
3010 0.000000 
3011 -0.000000 
3012 0.000000 
3013 -0.000000 
3014 0.000000 
3015 -0.000000 
3016 0.000000 
3017 -0.000000 
3018 0.000000 
3019 -0.000000 
3020 0.000000 
3021 -0.000000 
3022 0.000000 
3023 -0.000000 
3024 0.000000 
3025 -0.000000 
3026 -0.000000 
3027 0.000000 
3028 -0.000000 
3029 0.000000 
3030 -0.000000 
3031 0.000000 
3032 -0.000000 
3033 0.000000 
3034 -0.000000 
3035 0.000000 
3036 -0.000000 
3037 0.000000 
3038 -0.000000 
3039 0.000000 
3040 -0.000000 
3041 0.000000 
3042 -0.000000 
3043 0.000000 
3044 -0.000000 
3045 0.000000 
3046 -0.000000 
3047 0.000000 
3048 -0.000000 
3049 0.000000 
3050 -0.000000 
3051 0.000000 
3052 -0.000000 
3053 0.000000 
3054 -0.000000 
3055 0.000000 
3056 -0.000000 
3057 0.000000 
3058 -0.000000 
3059 0.000000 
3060 -0.000000 
3061 0.000000 
3062 -0.000000 
3063 0.000000 
3064 -0.000000 
3065 0.000000 
3066 -0.000000 
3067 0.000000 
3068 -0.000000 
3069 0.000000 
3070 -0.000000 
3071 0.000000 
3072 -0.000000 
3073 0.000000 
3074 -0.000000 
3075 0.000000 
3076 -0.000000 
3077 0.000000 
3078 -0.000000 
3079 0.000000 
3080 -0.000000 
3081 0.000000 
3082 -0.000000 
3083 0.000000 
3084 -0.000000 
3085 0.000000 
3086 -0.000000 
3087 0.000000 
3088 -0.000000 
3089 0.000000 
3090 -0.000000 
3091 0.000000 
3092 -0.000000 
3093 0.000000 
3094 -0.000000 
3095 0.000000 
3096 -0.000000 
3097 0.000000 
3098 -0.000000 
3099 0.000000 
3100 -0.000000 
3101 0.000000 
3102 -0.000000 
3103 0.000000 
3104 -0.000000 
3105 0.000000 
3106 -0.000000 
3107 0.000000 
3108 -0.000000 
3109 0.000000 
3110 -0.000000 
3111 0.000000 
3112 -0.000000 
3113 0.000000 
3114 -0.000000 
3115 0.000000 
3116 -0.000000 
3117 0.000000 
3118 -0.000000 
3119 0.000000 
3120 -0.000000 
3121 0.000000 
3122 -0.000000 
3123 0.000000 
3124 -0.000000 
3125 0.000000 
3126 -0.000000 
3127 0.000000 
3128 -0.000000 
3129 0.000000 
3130 -0.000000 
3131 0.000000 
3132 -0.000000 
3133 0.000000 
3134 -0.000000 
3135 0.000000 
3136 -0.000000 
3137 0.000000 
3138 -0.000000 
3139 0.000000 
3140 -0.000000 
3141 0.000000 
3142 -0.000000 
3143 0.000000 
3144 -0.000000 
3145 0.000000 
3146 -0.000000 
3147 0.000000 
3148 -0.000000 
3149 0.000000 
3150 -0.000000 
3151 0.000000 
3152 -0.000000 
3153 0.000000 
3154 -0.000000 
3155 0.000000 
3156 -0.000000 
3157 0.000000 
3158 -0.000000 
3159 0.000000 
3160 -0.000000 
3161 0.000000 
3162 -0.000000 
3163 0.000000 
3164 -0.000000 
3165 0.000000 
3166 -0.000000 
3167 0.000000 
3168 -0.000000 
3169 0.000000 
3170 -0.000000 
3171 0.000000 
3172 -0.000000 
3173 0.000000 
3174 -0.000000 
3175 0.000000 
3176 -0.000000 
3177 0.000000 
3178 -0.000000 
3179 0.000000 
3180 -0.000000 
3181 0.000000 
3182 -0.000000 
3183 0.000000 
3184 -0.000000 
3185 0.000000 
3186 -0.000000 
3187 0.000000 
3188 -0.000000 
3189 0.000000 
3190 -0.000000 
3191 0.000000 
3192 -0.000000 
3193 0.000000 
3194 -0.000000 
3195 0.000000 
3196 -0.000000 
3197 0.000000 
3198 0.000000 
3199 -0.000000 
3200 0.000000 
3201 -0.000000 
3202 0.000000 
3203 -0.000000 
3204 0.000000 
3205 -0.000000 
3206 0.000000 
3207 -0.000000 
3208 0.000000 
3209 -0.000000 
3210 0.000000 
3211 -0.000000 
3212 0.000000 
3213 -0.000000 
3214 0.000000 
3215 -0.000000 
3216 0.000000 
3217 -0.000000 
3218 0.000000 
3219 -0.000000 
3220 0.000000 
3221 -0.000000 
3222 0.000000 
3223 -0.000000 
3224 0.000000 
3225 -0.000000 
3226 0.000000 
3227 -0.000000 
3228 0.000000 
3229 -0.000000 
3230 0.000000 
3231 -0.000000 
3232 0.000000 
3233 -0.000000 
3234 0.000000 
3235 -0.000000 
3236 0.000000 
3237 -0.000000 
3238 0.000000 
3239 -0.000000 
3240 0.000000 
3241 -0.000000 
3242 0.000000 
3243 -0.000000 
3244 0.000000 
3245 -0.000000 
3246 0.000000 
3247 -0.000000 
3248 0.000000 
3249 -0.000000 
3250 0.000000 
3251 -0.000000 
3252 0.000000 
3253 -0.000000 
3254 0.000000 
3255 -0.000000 
3256 0.000000 
3257 -0.000000 
3258 0.000000 
3259 -0.000000 
3260 0.000000 
3261 -0.000000 
3262 0.000000 
3263 -0.000000 
3264 0.000000 
3265 -0.000000 
3266 0.000000 
3267 -0.000000 
3268 0.000000 
3269 -0.000000 
3270 0.000000 
3271 -0.000000 
3272 0.000000 
3273 -0.000000 
3274 0.000000 
3275 -0.000000 
3276 0.000000 
3277 -0.000000 
3278 0.000000 
3279 -0.000000 
3280 0.000000 
3281 -0.000000 
3282 0.000000 
3283 -0.000000 
3284 0.000000 
3285 -0.000000 
3286 0.000000 
3287 -0.000000 
3288 0.000000 
3289 -0.000000 
3290 0.000000 
3291 -0.000000 
3292 0.000000 
3293 -0.000000 
3294 0.000000 
3295 -0.000000 
3296 0.000000 
3297 -0.000000 
3298 0.000000 
3299 -0.000000 
3300 0.000000 
3301 -0.000000 
3302 0.000000 
3303 -0.000000 
3304 0.000000 
3305 -0.000000 
3306 0.000000 
3307 -0.000000 
3308 0.000000 
3309 -0.000000 
3310 0.000000 
3311 -0.000000 
3312 0.000000 
3313 -0.000000 
3314 0.000000 
3315 -0.000000 
3316 0.000000 
3317 -0.000000 
3318 0.000000 
3319 -0.000000 
3320 0.000000 
3321 -0.000000 
3322 0.000000 
3323 -0.000000 
3324 0.000000 
3325 -0.000000 
3326 0.000000 
3327 -0.000000 
3328 0.000000 
3329 -0.000000 
3330 0.000000 
3331 -0.000000 
3332 0.000000 
3333 -0.000000 
3334 0.000000 
3335 -0.000000 
3336 0.000000 
3337 -0.000000 
3338 0.000000 
3339 -0.000000 
3340 0.000000 
3341 0.000000 
3342 -0.000000 
3343 0.000000 
3344 -0.000000 
3345 0.000000 
3346 -0.000000 
3347 0.000000 
3348 -0.000000 
3349 0.000000 
3350 -0.000000 
3351 0.000000 
3352 -0.000000 
3353 0.000000 
3354 -0.000000 
3355 0.000000 
3356 -0.000000 
3357 0.000000 
3358 -0.000001 
3359 0.000001 
3360 -0.000001 
3361 0.000001 
3362 -0.000001 
3363 0.000001 
3364 -0.000001 
3365 0.000001 
3366 -0.000001 
3367 0.000001 
3368 -0.000001 
3369 0.000001 
3370 -0.000001 
3371 0.000002 
3372 -0.000002 
3373 0.000002 
3374 -0.000002 
3375 0.000002 
3376 -0.000002 
3377 0.000002 
3378 -0.000002 
3379 0.000003 
3380 -0.000003 
3381 0.000003 
3382 -0.000003 
3383 0.000003 
3384 -0.000004 
3385 0.000004 
3386 -0.000004 
3387 0.000004 
3388 -0.000004 
3389 0.000005 
3390 -0.000005 
3391 0.000005 
3392 -0.000006 
3393 0.000006 
3394 -0.000006 
3395 0.000007 
3396 -0.000007 
3397 0.000007 
3398 -0.000008 
3399 0.000008 
3400 -0.000008 
3401 0.000009 
3402 -0.000009 
3403 0.000010 
3404 -0.000010 
3405 0.000011 
3406 -0.000011 
3407 0.000012 
3408 -0.000012 
3409 0.000013 
3410 -0.000014 
3411 0.000014 
3412 -0.000015 
3413 0.000015 
3414 -0.000016 
3415 0.000017 
3416 -0.000017 
3417 0.000018 
3418 -0.000019 
3419 0.000020 
3420 -0.000020 
3421 0.000021 
3422 -0.000022 
3423 0.000023 
3424 -0.000024 
3425 0.000025 
3426 -0.000025 
3427 0.000026 
3428 -0.000027 
3429 0.000028 
3430 -0.000029 
3431 0.000030 
3432 -0.000031 
3433 0.000032 
3434 -0.000033 
3435 0.000034 
3436 -0.000035 
3437 0.000036 
3438 -0.000037 
3439 0.000038 
3440 -0.000039 
3441 0.000040 
3442 -0.000041 
3443 0.000042 
3444 -0.000043 
3445 0.000044 
3446 -0.000044 
3447 0.000045 
3448 -0.000046 
3449 0.000047 
3450 -0.000047 
3451 0.000048 
3452 -0.000049 
3453 0.000049 
3454 -0.000050 
3455 0.000050 
3456 -0.000050 
3457 0.000050 
3458 -0.000050 
3459 0.000050 
3460 -0.000050 
3461 0.000050 
3462 -0.000049 
3463 0.000049 
3464 -0.000048 
3465 0.000047 
3466 -0.000046 
3467 0.000044 
3468 -0.000043 
3469 0.000041 
3470 -0.000039 
3471 0.000036 
3472 -0.000034 
3473 0.000031 
3474 -0.000027 
3475 0.000024 
3476 -0.000020 
3477 0.000016 
3478 -0.000011 
3479 0.000006 
3480 -0.000000 
3481 -0.000006 
3482 0.000012 
3483 -0.000019 
3484 0.000027 
3485 -0.000035 
3486 0.000043 
3487 -0.000052 
3488 0.000062 
3489 -0.000073 
3490 0.000084 
3491 -0.000096 
3492 0.000108 
3493 -0.000122 
3494 0.000136 
3495 -0.000151 
3496 0.000167 
3497 -0.000183 
3498 0.000201 
3499 -0.000220 
3500 0.000239 
3501 -0.000260 
3502 0.000281 
3503 -0.000304 
3504 0.000328 
3505 -0.000353 
3506 0.000379 
3507 -0.000407 
3508 0.000435 
3509 -0.000465 
3510 0.000497 
3511 -0.000529 
3512 0.000564 
3513 -0.000599 
3514 0.000637 
3515 -0.000675 
3516 0.000716 
3517 -0.000758 
3518 0.000801 
3519 -0.000846 
3520 0.000893 
3521 -0.000942 
3522 0.000993 
3523 -0.001046 
3524 0.001100 
3525 -0.001156 
3526 0.001215 
3527 -0.001275 
3528 0.001338 
3529 -0.001402 
3530 0.001469 
3531 -0.001538 
3532 0.001609 
3533 -0.001682 
3534 0.001757 
3535 -0.001835 
3536 0.001915 
3537 -0.001998 
3538 0.002082 
3539 -0.002169 
3540 0.002259 
3541 -0.002351 
3542 0.002445 
3543 -0.002542 
3544 0.002641 
3545 -0.002742 
3546 0.002846 
3547 -0.002953 
3548 0.003061 
3549 -0.003172 
3550 0.003286 
3551 -0.003401 
3552 0.003519 
3553 -0.003639 
3554 0.003762 
3555 -0.003886 
3556 0.004012 
3557 -0.004141 
3558 0.004271 
3559 -0.004403 
3560 0.004536 
3561 -0.004671 
3562 0.004807 
3563 -0.004945 
3564 0.005084 
3565 -0.005223 
3566 0.005363 
3567 -0.005504 
3568 0.005645 
3569 -0.005786 
3570 0.005927 
3571 -0.006068 
3572 0.006208 
3573 -0.006346 
3574 0.006484 
3575 -0.006619 
3576 0.006753 
3577 -0.006884 
3578 0.007012 
3579 -0.007137 
3580 0.007258 
3581 -0.007375 
3582 0.007487 
3583 -0.007594 
3584 0.007695 
3585 -0.007790 
3586 0.007878 
3587 -0.007958 
3588 0.008030 
3589 -0.008092 
3590 0.008145 
3591 -0.008187 
3592 0.008219 
3593 -0.008238 
3594 0.008244 
3595 -0.008236 
3596 0.008213 
3597 -0.008175 
3598 0.008120 
3599 -0.008047 
3600 0.007956 
3601 -0.007844 
3602 0.007712 
3603 -0.007558 
3604 0.007381 
3605 -0.007179 
3606 0.006951 
3607 -0.006697 
3608 0.006414 
3609 -0.006102 
3610 0.005759 
3611 -0.005383 
3612 0.004974 
3613 -0.004530 
3614 0.004049 
3615 -0.003530 
3616 0.002971 
3617 -0.002372 
3618 0.001729 
3619 -0.001042 
3620 0.000310 
3621 0.000470 
3622 -0.001300 
3623 0.002180 
3624 -0.003113 
3625 0.004099 
3626 -0.005142 
3627 0.006243 
3628 -0.007402 
3629 0.008623 
3630 -0.009906 
3631 0.011254 
3632 -0.012668 
3633 0.014150 
3634 -0.015702 
3635 0.017325 
3636 -0.019021 
3637 0.020792 
3638 -0.022639 
3639 0.024565 
3640 -0.026570 
3641 0.028657 
3642 -0.030828 
3643 0.033083 
3644 -0.035424 
3645 0.037853 
3646 -0.040372 
3647 0.042981 
3648 -0.045683 
3649 0.048479 
3650 -0.051370 
3651 0.054358 
3652 -0.057444 
3653 0.060629 
3654 -0.063914 
3655 0.067301 
3656 -0.070791 
3657 0.074384 
3658 -0.078083 
3659 0.081887 
3660 -0.085797 
3661 0.089815 
3662 -0.093941 
3663 0.098176 
3664 -0.102520 
3665 0.106974 
3666 -0.111538 
3667 0.116213 
3668 -0.120998 
3669 0.125894 
3670 -0.130900 
3671 0.136017 
3672 -0.141244 
3673 0.146582 
3674 -0.152028 
3675 0.157583 
3676 -0.163246 
3677 0.169016 
3678 -0.174892 
3679 0.180872 
3680 -0.186954 
3681 0.193139 
3682 -0.199422 
3683 0.205803 
3684 -0.212278 
3685 0.218846 
3686 -0.225504 
3687 0.232248 
3688 -0.239076 
3689 0.245983 
3690 -0.252967 
3691 0.260022 
3692 -0.267146 
3693 0.274331 
3694 -0.281575 
3695 0.288871 
3696 -0.296214 
3697 0.303598 
3698 -0.311016 
3699 0.318460 
3700 -0.325926 
3701 0.333403 
3702 -0.340885 
3703 0.348362 
3704 -0.355827 
3705 0.363269 
3706 -0.370678 
3707 0.378045 
3708 -0.385357 
3709 0.392605 
3710 -0.399776 
3711 0.406858 
3712 -0.413837 
3713 0.420701 
3714 -0.427435 
3715 0.434025 
3716 -0.440455 
3717 0.446711 
3718 -0.452776 
3719 0.458633 
3720 -0.464265 
3721 0.469654 
3722 -0.474781 
3723 0.479629 
3724 -0.484177 
3725 0.488405 
3726 -0.492293 
3727 0.495820 
3728 -0.498964 
3729 0.501703 
3730 -0.504015 
3731 0.505877 
3732 -0.507265 
3733 0.508156 
3734 -0.508525 
3735 0.508349 
3736 -0.507601 
3737 0.506257 
3738 -0.504292 
3739 0.501680 
3740 -0.498394 
3741 0.494409 
3742 -0.489698 
3743 0.484236 
3744 -0.477995 
3745 0.470949 
3746 -0.463072 
3747 0.454338 
3748 -0.444719 
3749 0.434191 
3750 -0.422727 
3751 0.410300 
3752 -0.396887 
3753 0.382462 
3754 -0.367000 
3755 0.350476 
3756 -0.332868 
3757 0.314152 
3758 -0.294305 
3759 0.273305 
3760 -0.251132 
3761 0.227763 
3762 -0.203181 
3763 0.177364 
3764 -0.150296 
3765 0.121960 
3766 -0.092338 
3767 0.061416 
3768 -0.029179 
3769 -0.004385 
3770 0.039289 
3771 -0.075544 
3772 0.113158 
3773 -0.152142 
3774 0.192501 
3775 -0.234243 
3776 0.277370 
3777 -0.321888 
3778 0.367797 
3779 -0.415098 
3780 0.463790 
3781 -0.513872 
3782 0.565339 
3783 -0.618187 
3784 0.672408 
3785 -0.727996 
3786 0.784939 
3787 -0.843228 
3788 0.902851 
3789 -0.963792 
3790 1.026038 
3791 -1.089571 
3792 1.154373 
3793 -1.220424 
3794 1.287704 
3795 -1.356189 
3796 1.425856 
3797 -1.496679 
3798 1.568632 
3799 -1.641685 
3800 1.715810 
3801 -1.790976 
3802 1.867149 
3803 -1.944295 
3804 2.022380 
3805 -2.101367 
3806 2.181218 
3807 -2.261892 
3808 2.343350 
3809 -2.425549 
3810 2.508445 
3811 -2.591993 
3812 2.676146 
3813 -2.760857 
3814 2.846076 
3815 -2.931752 
3816 3.017833 
3817 -3.104265 
3818 3.190993 
3819 -3.277959 
3820 3.365105 
3821 -3.452371 
3822 3.539695 
3823 -3.627014 
3824 3.714263 
3825 -3.801375 
3826 3.888281 
3827 -3.974911 
3828 4.061192 
3829 -4.147052 
3830 4.232413 
3831 -4.317198 
3832 4.401327 
3833 -4.484718 
3834 4.567287 
3835 -4.648948 
3836 4.729614 
3837 -4.809193 
3838 4.887595 
3839 -4.964723 
3840 5.040483 
3841 -5.114775 
3842 5.187497 
3843 -5.258548 
3844 5.327822 
3845 -5.395211 
3846 5.460606 
3847 -5.523896 
3848 5.584967 
3849 -5.643703 
3850 5.699988 
3851 -5.753701 
3852 5.804722 
3853 -5.852928 
3854 5.898194 
3855 -5.940395 
3856 5.979403 
3857 -6.015090 
3858 6.047326 
3859 -6.075981 
3860 6.100923 
3861 -6.122020 
3862 6.139141 
3863 -6.152151 
3864 6.160919 
3865 -6.165312 
3866 6.165197 
3867 -6.160443 
3868 6.150920 
3869 -6.136498 
3870 6.117048 
3871 -6.092444 
3872 6.062562 
3873 -6.027279 
3874 5.986474 
3875 -5.940032 
3876 5.887837 
3877 -5.829779 
3878 5.765751 
3879 -5.695650 
3880 5.619377 
3881 -5.536838 
3882 5.447944 
3883 -5.352611 
3884 5.250759 
3885 -5.142317 
3886 5.027217 
3887 -4.905400 
3888 4.776811 
3889 -4.641403 
3890 4.499138 
3891 -4.349982 
3892 4.193911 
3893 -4.030908 
3894 3.860964 
3895 -3.684080 
3896 3.500262 
3897 -3.309527 
3898 3.111901 
3899 -2.907417 
3900 2.696119 
3901 -2.478058 
3902 2.253295 
3903 -2.021902 
3904 1.783956 
3905 -1.539547 
3906 1.288772 
3907 -1.031739 
3908 0.768563 
3909 -0.499369 
3910 0.224290 
3911 0.056530 
3912 -0.342940 
3913 0.634782 
3914 -0.931888 
3915 1.234080 
3916 -1.541177 
3917 1.852986 
3918 -2.169309 
3919 2.489941 
3920 -2.814669 
3921 3.143273 
3922 -3.475530 
3923 3.811209 
3924 -4.150072 
3925 4.491880 
3926 -4.836385 
3927 5.183337 
3928 -5.532482 
3929 5.883562 
3930 -6.236315 
3931 6.590477 
3932 -6.945781 
3933 7.301959 
3934 -7.658741 
3935 8.015854 
3936 -8.373027 
3937 8.729985 
3938 -9.086456 
3939 9.442168 
3940 -9.796846 
3941 10.150220 
3942 -10.502020 
3943 10.851976 
3944 -11.199822 
3945 11.545293 
3946 -11.888126 
3947 12.228063 
3948 -12.564847 
3949 12.898225 
3950 -13.227947 
3951 13.553766 
3952 -13.875441 
3953 14.192734 
3954 -14.505411 
3955 14.813242 
3956 -15.116002 
3957 15.413472 
3958 -15.705434 
3959 15.991680 
3960 -16.272002 
3961 16.546201 
3962 -16.814080 
3963 17.075449 
3964 -17.330121 
3965 17.577918 
3966 -17.818662 
3967 18.052185 
3968 -18.278320 
3969 18.496909 
3970 -18.707795 
3971 18.910830 
3972 -19.105869 
3973 19.292772 
3974 -19.471404 
3975 19.641636 
3976 -19.803343 
3977 19.956405 
3978 -20.100707 
3979 20.236139 
3980 -20.362596 
3981 20.479978 
3982 -20.588190 
3983 20.687140 
3984 -20.776743 
3985 20.856918 
3986 -20.927590 
3987 20.988687 
3988 -21.040144 
3989 21.081900 
3990 -21.113898 
3991 21.136090 
3992 -21.148428 
3993 21.150875 
3994 -21.143394 
3995 21.125959 
3996 -21.098545 
3997 21.061136 
3998 -21.013720 
3999 20.956294 
4000 -20.888858 
