0 0.000072 
1 -0.000073 
2 0.000074 
3 -0.000075 
4 0.000076 
5 -0.000077 
6 0.000077 
7 -0.000078 
8 0.000078 
9 -0.000078 
10 0.000077 
11 -0.000077 
12 0.000076 
13 -0.000075 
14 0.000074 
15 -0.000073 
16 0.000071 
17 -0.000069 
18 0.000066 
19 -0.000063 
20 0.000060 
21 -0.000056 
22 0.000052 
23 -0.000048 
24 0.000043 
25 -0.000037 
26 0.000031 
27 -0.000024 
28 0.000016 
29 -0.000008 
30 -0.000000 
31 0.000010 
32 -0.000020 
33 0.000031 
34 -0.000043 
35 0.000055 
36 -0.000069 
37 0.000083 
38 -0.000099 
39 0.000115 
40 -0.000132 
41 0.000151 
42 -0.000171 
43 0.000191 
44 -0.000213 
45 0.000236 
46 -0.000261 
47 0.000286 
48 -0.000313 
49 0.000342 
50 -0.000371 
51 0.000403 
52 -0.000436 
53 0.000470 
54 -0.000506 
55 0.000544 
56 -0.000583 
57 0.000624 
58 -0.000667 
59 0.000711 
60 -0.000758 
61 0.000806 
62 -0.000857 
63 0.000909 
64 -0.000964 
65 0.001020 
66 -0.001079 
67 0.001140 
68 -0.001203 
69 0.001269 
70 -0.001337 
71 0.001407 
72 -0.001479 
73 0.001555 
74 -0.001632 
75 0.001712 
76 -0.001795 
77 0.001881 
78 -0.001969 
79 0.002060 
80 -0.002154 
81 0.002251 
82 -0.002350 
83 0.002453 
84 -0.002558 
85 0.002667 
86 -0.002779 
87 0.002893 
88 -0.003011 
89 0.003132 
90 -0.003256 
91 0.003384 
92 -0.003514 
93 0.003648 
94 -0.003785 
95 0.003925 
96 -0.004069 
97 0.004215 
98 -0.004365 
99 0.004518 
100 -0.004675 
101 0.004834 
102 -0.004996 
103 0.005161 
104 -0.005330 
105 0.005501 
106 -0.005674 
107 0.005851 
108 -0.006029 
109 0.006210 
110 -0.006393 
111 0.006578 
112 -0.006765 
113 0.006953 
114 -0.007143 
115 0.007333 
116 -0.007524 
117 0.007715 
118 -0.007907 
119 0.008098 
120 -0.008288 
121 0.008477 
122 -0.008664 
123 0.008848 
124 -0.009030 
125 0.009209 
126 -0.009384 
127 0.009554 
128 -0.009718 
129 0.009877 
130 -0.010028 
131 0.010172 
132 -0.010308 
133 0.010433 
134 -0.010549 
135 0.010653 
136 -0.010745 
137 0.010823 
138 -0.010886 
139 0.010934 
140 -0.010964 
141 0.010976 
142 -0.010969 
143 0.010940 
144 -0.010889 
145 0.010814 
146 -0.010713 
147 0.010586 
148 -0.010430 
149 0.010243 
150 -0.010025 
151 0.009773 
152 -0.009486 
153 0.009162 
154 -0.008798 
155 0.008394 
156 -0.007947 
157 0.007456 
158 -0.006918 
159 0.006331 
160 -0.005694 
161 0.005004 
162 -0.004260 
163 0.003460 
164 -0.002600 
165 0.001680 
166 -0.000698 
167 -0.000349 
168 0.001463 
169 -0.002646 
170 0.003900 
171 -0.005226 
172 0.006628 
173 -0.008106 
174 0.009662 
175 -0.011300 
176 0.013020 
177 -0.014824 
178 0.016715 
179 -0.018694 
180 0.020763 
181 -0.022923 
182 0.025177 
183 -0.027526 
184 0.029971 
185 -0.032514 
186 0.035157 
187 -0.037901 
188 0.040748 
189 -0.043698 
190 0.046754 
191 -0.049916 
192 0.053186 
193 -0.056565 
194 0.060053 
195 -0.063653 
196 0.067364 
197 -0.071189 
198 0.075127 
199 -0.079180 
200 0.083348 
201 -0.087633 
202 0.092034 
203 -0.096554 
204 0.101191 
205 -0.105947 
206 0.110821 
207 -0.115816 
208 0.120930 
209 -0.126165 
210 0.131520 
211 -0.136996 
212 0.142593 
213 -0.148310 
214 0.154149 
215 -0.160108 
216 0.166188 
217 -0.172388 
218 0.178708 
219 -0.185147 
220 0.191706 
221 -0.198382 
222 0.205177 
223 -0.212087 
224 0.219113 
225 -0.226253 
226 0.233506 
227 -0.240870 
228 0.248343 
229 -0.255923 
230 0.263608 
231 -0.271395 
232 0.279281 
233 -0.287264 
234 0.295339 
235 -0.303503 
236 0.311752 
237 -0.320081 
238 0.328485 
239 -0.336959 
240 0.345496 
241 -0.354091 
242 0.362736 
243 -0.371425 
244 0.380148 
245 -0.388897 
246 0.397664 
247 -0.406438 
248 0.415208 
249 -0.423964 
250 0.432693 
251 -0.441383 
252 0.450019 
253 -0.458588 
254 0.467074 
255 -0.475461 
256 0.483733 
257 -0.491871 
258 0.499857 
259 -0.507672 
260 0.515294 
261 -0.522702 
262 0.529875 
263 -0.536788 
264 0.543418 
265 -0.549738 
266 0.555724 
267 -0.561349 
268 0.566583 
269 -0.571399 
270 0.575768 
271 -0.579658 
272 0.583038 
273 -0.585877 
274 0.588142 
275 -0.589800 
276 0.590816 
277 -0.591156 
278 0.590786 
279 -0.589670 
280 0.587771 
281 -0.585055 
282 0.581484 
283 -0.577022 
284 0.571632 
285 -0.565279 
286 0.557925 
287 -0.549534 
288 0.540070 
289 -0.529498 
290 0.517782 
291 -0.504888 
292 0.490782 
293 -0.475430 
294 0.458801 
295 -0.440862 
296 0.421584 
297 -0.400937 
298 0.378894 
299 -0.355428 
300 0.330513 
301 -0.304126 
302 0.276245 
303 -0.246850 
304 0.215921 
305 -0.183443 
306 0.149400 
307 -0.113778 
308 0.076568 
309 -0.037759 
310 -0.002654 
311 0.044677 
312 -0.088313 
313 0.133561 
314 -0.180421 
315 0.228889 
316 -0.278958 
317 0.330620 
318 -0.383865 
319 0.438682 
320 -0.495054 
321 0.552966 
322 -0.612400 
323 0.673335 
324 -0.735748 
325 0.799616 
326 -0.864912 
327 0.931610 
328 -0.999679 
329 1.069090 
330 -1.139810 
331 1.211806 
332 -1.285043 
333 1.359485 
334 -1.435096 
335 1.511837 
336 -1.589670 
337 1.668555 
338 -1.748452 
339 1.829319 
340 -1.911116 
341 1.993800 
342 -2.077328 
343 2.161659 
344 -2.246748 
345 2.332552 
346 -2.419028 
347 2.506131 
348 -2.593818 
349 2.682044 
350 -2.770765 
351 2.859936 
352 -2.949512 
353 3.039448 
354 -3.129699 
355 3.220219 
356 -3.310963 
357 3.401882 
358 -3.492931 
359 3.584061 
360 -3.675224 
361 3.766371 
362 -3.857450 
363 3.948411 
364 -4.039201 
365 4.129764 
366 -4.220046 
367 4.309989 
368 -4.399533 
369 4.488617 
370 -4.577177 
371 4.665145 
372 -4.752454 
373 4.839032 
374 -4.924803 
375 5.009690 
376 -5.093612 
377 5.176483 
378 -5.258216 
379 5.338718 
380 -5.417892 
381 5.495639 
382 -5.571854 
383 5.646428 
384 -5.719247 
385 5.790195 
386 -5.859148 
387 5.925979 
388 -5.990558 
389 6.052748 
390 -6.112407 
391 6.169392 
392 -6.223551 
393 6.274731 
394 -6.322773 
395 6.367515 
396 -6.408790 
397 6.446428 
398 -6.480255 
399 6.510094 
400 -6.535766 
401 6.557087 
402 -6.573873 
403 6.585937 
404 -6.593090 
405 6.595145 
406 -6.591910 
407 6.583195 
408 -6.568811 
409 6.548570 
410 -6.522283 
411 6.489766 
412 -6.450836 
413 6.405313 
414 -6.353022 
415 6.293792 
416 -6.227456 
417 6.153855 
418 -6.072834 
419 5.984246 
420 -5.887952 
421 5.783822 
422 -5.671733 
423 5.551572 
424 -5.423237 
425 5.286637 
426 -5.141691 
427 4.988332 
428 -4.826501 
429 4.656158 
430 -4.477271 
431 4.289824 
432 -4.093815 
433 3.889257 
434 -3.676176 
435 3.454614 
436 -3.224628 
437 2.986291 
438 -2.739690 
439 2.484929 
440 -2.222126 
441 1.951416 
442 -1.672948 
443 1.386887 
444 -1.093412 
445 0.792717 
446 -0.485012 
447 0.170517 
448 0.150530 
449 -0.477881 
450 0.811274 
451 -1.150436 
452 1.495082 
453 -1.844917 
454 2.199634 
455 -2.558919 
456 2.922449 
457 -3.289893 
458 3.660912 
459 -4.035162 
460 4.412295 
461 -4.791956 
462 5.173787 
463 -5.557429 
464 5.942520 
465 -6.328695 
466 6.715593 
467 -7.102851 
468 7.490106 
469 -7.877002 
470 8.263182 
471 -8.648294 
472 9.031991 
473 -9.413930 
474 9.793776 
475 -10.171198 
476 10.545873 
477 -10.917487 
478 11.285731 
479 -11.650307 
480 12.010924 
481 -12.367301 
482 12.719168 
483 -13.066260 
484 13.408327 
485 -13.745125 
486 14.076422 
487 -14.401995 
488 14.721633 
489 -15.035131 
490 15.342298 
491 -15.642949 
492 15.936912 
493 -16.224020 
494 16.504119 
495 -16.777060 
496 17.042705 
497 -17.300922 
498 17.551588 
499 -17.794586 
500 18.029805 
501 -18.257142 
502 18.476499 
503 -18.687782 
504 18.890904 
505 -19.085780 
506 19.272332 
507 -19.450481 
508 19.620156 
509 -19.781286 
510 19.933800 
511 -20.077633 
512 20.212720 
513 -20.338994 
514 20.456394 
515 -20.564855 
516 20.664314 
517 -20.754709 
518 20.835975 
519 -20.908050 
520 20.970870 
521 -21.024370 
522 21.068485 
523 -21.103149 
524 21.128297 
525 -21.143863 
526 21.149780 
527 -21.145982 
528 21.132404 
529 -21.108979 
530 21.075644 
531 -21.032336 
532 20.978993 
533 -20.915557 
534 20.841969 
535 -20.758178 
536 20.664133 
537 -20.559789 
538 20.445105 
539 -20.320046 
540 20.184582 
541 -20.038691 
542 19.882359 
543 -19.715577 
544 19.538347 
545 -19.350681 
546 19.152600 
547 -18.944134 
548 18.725329 
549 -18.496237 
550 18.256928 
551 -18.007482 
552 17.747993 
553 -17.478570 
554 17.199336 
555 -16.910431 
556 16.612008 
557 -16.304238 
558 15.987306 
559 -15.661415 
560 15.326785 
561 -14.983650 
562 14.632265 
563 -14.272899 
564 13.905837 
565 -13.531383 
566 13.149856 
567 -12.761590 
568 12.366937 
569 -11.966263 
570 11.559947 
571 -11.148386 
572 10.731988 
573 -10.311174 
574 9.886378 
575 -9.458043 
576 9.026626 
577 -8.592590 
578 8.156407 
579 -7.718559 
580 7.279531 
581 -6.839813 
582 6.399902 
583 -5.960295 
584 5.521491 
585 -5.083989 
586 4.648287 
587 -4.214882 
588 3.784264 
589 -3.356922 
590 2.933336 
591 -2.513979 
592 2.099316 
593 -1.689802 
594 1.285880 
595 -0.887980 
596 0.496521 
597 -0.111906 
598 -0.265478 
599 0.635258 
600 -0.997082 
601 1.350613 
602 -1.695535 
603 2.031550 
604 -2.358380 
605 2.675770 
606 -2.983485 
607 3.281309 
608 -3.569052 
609 3.846543 
610 -4.113635 
611 4.370202 
612 -4.616140 
613 4.851368 
614 -5.075826 
615 5.289476 
616 -5.492300 
617 5.684302 
618 -5.865506 
619 6.035955 
620 -6.195710 
621 6.344853 
622 -6.483480 
623 6.611706 
624 -6.729661 
625 6.837489 
626 -6.935349 
627 7.023413 
628 -7.101863 
629 7.170893 
630 -7.230706 
631 7.281515 
632 -7.323539 
633 7.357002 
634 -7.382137 
635 7.399177 
636 -7.408361 
637 7.409927 
638 -7.404117 
639 7.391170 
640 -7.371325 
641 7.344817 
642 -7.311880 
643 7.272743 
644 -7.227629 
645 7.176756 
646 -7.120333 
647 7.058565 
648 -6.991646 
649 6.919762 
650 -6.843089 
651 6.761794 
652 -6.676033 
653 6.585951 
654 -6.491681 
655 6.393347 
656 -6.291057 
657 6.184912 
658 -6.074998 
659 5.961390 
660 -5.844149 
661 5.723329 
662 -5.598967 
663 5.471093 
664 -5.339722 
665 5.204861 
666 -5.066505 
667 4.924642 
668 -4.779246 
669 4.630287 
670 -4.477723 
671 4.321507 
672 -4.161584 
673 3.997893 
674 -3.830368 
675 3.658939 
676 -3.483530 
677 3.304066 
678 -3.120466 
679 2.932650 
680 -2.740538 
681 2.544049 
682 -2.343106 
683 2.137632 
684 -1.927553 
685 1.712803 
686 -1.493317 
687 1.269036 
688 -1.039910 
689 0.805895 
690 -0.566955 
691 0.323063 
692 -0.074201 
693 -0.179638 
694 0.438452 
695 -0.702226 
696 0.970935 
697 -1.244541 
698 1.522994 
699 -1.806232 
700 2.094178 
701 -2.386746 
702 2.683832 
703 -2.985324 
704 3.291092 
705 -3.600996 
706 3.914882 
707 -4.232584 
708 4.553923 
709 -4.878708 
710 5.206737 
711 -5.537795 
712 5.871658 
713 -6.208091 
714 6.546849 
715 -6.887678 
716 7.230317 
717 -7.574495 
718 7.919936 
719 -8.266357 
720 8.613468 
721 -8.960978 
722 9.308588 
723 -9.655999 
724 10.002908 
725 -10.349012 
726 10.694007 
727 -11.037588 
728 11.379452 
729 -11.719299 
730 12.056829 
731 -12.391747 
732 12.723761 
733 -13.052586 
734 13.377939 
735 -13.699545 
736 14.017135 
737 -14.330447 
738 14.639226 
739 -14.943225 
740 15.242207 
741 -15.535941 
742 15.824206 
743 -16.106790 
744 16.383490 
745 -16.654114 
746 16.918476 
747 -17.176403 
748 17.427729 
749 -17.672299 
750 17.909966 
751 -18.140593 
752 18.364051 
753 -18.580219 
754 18.788987 
755 -18.990249 
756 19.183910 
757 -19.369881 
758 19.548079 
759 -19.718429 
760 19.880861 
761 -20.035309 
762 20.181714 
763 -20.320022 
764 20.450182 
765 -20.572145 
766 20.685867 
767 -20.791307 
768 20.888424 
769 -20.977181 
770 21.057542 
771 -21.129469 
772 21.192927 
773 -21.247882 
774 21.294297 
775 -21.332138 
776 21.361367 
777 -21.381946 
778 21.393838 
779 -21.397002 
780 21.391398 
781 -21.376983 
782 21.353714 
783 -21.321546 
784 21.280433 
785 -21.230328 
786 21.171183 
787 -21.102952 
788 21.025584 
789 -20.939032 
790 20.843249 
791 -20.738187 
792 20.623801 
793 -20.500048 
794 20.366885 
795 -20.224276 
796 20.072184 
797 -19.910580 
798 19.739438 
799 -19.558737 
800 19.368462 
801 -19.168606 
802 18.959169 
803 -18.740158 
804 18.511589 
805 -18.273490 
806 18.025895 
807 -17.768852 
808 17.502417 
809 -17.226662 
810 16.941669 
811 -16.647532 
812 16.344361 
813 -16.032279 
814 15.711422 
815 -15.381942 
816 15.044007 
817 -14.697797 
818 14.343511 
819 -13.981362 
820 13.611577 
821 -13.234402 
822 12.850097 
823 -12.458935 
824 12.061209 
825 -11.657224 
826 11.247299 
827 -10.831770 
828 10.410984 
829 -9.985303 
830 9.555102 
831 -9.120765 
832 8.682692 
833 -8.241289 
834 7.796975 
835 -7.350175 
836 6.901325 
837 -6.450865 
838 5.999242 
839 -5.546909 
840 5.094321 
841 -4.641936 
842 4.190214 
843 -3.739616 
844 3.290601 
845 -2.843627 
846 2.399148 
847 -1.957615 
848 1.519472 
849 -1.085158 
850 0.655105 
851 -0.229734 
852 -0.190541 
853 0.605319 
854 -1.014210 
855 1.416834 
856 -1.812828 
857 2.201842 
858 -2.583540 
859 2.957602 
860 -3.323726 
861 3.681624 
862 -4.031029 
863 4.371688 
864 -4.703369 
865 5.025857 
866 -5.338957 
867 5.642492 
868 -5.936304 
869 6.220255 
870 -6.494224 
871 6.758112 
872 -7.011836 
873 7.255332 
874 -7.488556 
875 7.711479 
876 -7.924091 
877 8.126401 
878 -8.318430 
879 8.500219 
880 -8.671822 
881 8.833309 
882 -8.984764 
883 9.126283 
884 -9.257976 
885 9.379965 
886 -9.492383 
887 9.595373 
888 -9.689088 
889 9.773691 
890 -9.849351 
891 9.916246 
892 -9.974560 
893 10.024482 
894 -10.066209 
895 10.099939 
896 -10.125875 
897 10.144223 
898 -10.155193 
899 10.158992 
900 -10.155834 
901 10.145928 
902 -10.129486 
903 10.106720 
904 -10.077837 
905 10.043047 
906 -10.002555 
907 9.956564 
908 -9.905276 
909 9.848887 
910 -9.787592 
911 9.721581 
912 -9.651042 
913 9.576156 
914 -9.497102 
915 9.414054 
916 -9.327183 
917 9.236652 
918 -9.142623 
919 9.045253 
920 -8.944692 
921 8.841088 
922 -8.734584 
923 8.625319 
924 -8.513426 
925 8.399036 
926 -8.282276 
927 8.163268 
928 -8.042130 
929 7.918979 
930 -7.793926 
931 7.667080 
932 -7.538547 
933 7.408431 
934 -7.276833 
935 7.143851 
936 -7.009581 
937 6.874118 
938 -6.737555 
939 6.599982 
940 -6.461490 
941 6.322168 
942 -6.182102 
943 6.041379 
944 -5.900086 
945 5.758307 
946 -5.616128 
947 5.473634 
948 -5.330907 
949 5.188033 
950 -5.045096 
951 4.902179 
952 -4.759366 
953 4.616742 
954 -4.474390 
955 4.332395 
956 -4.190840 
957 4.049810 
958 -3.909389 
959 3.769661 
960 -3.630710 
961 3.492619 
962 -3.355473 
963 3.219354 
964 -3.084344 
965 2.950526 
966 -2.817980 
967 2.686788 
968 -2.557028 
969 2.428779 
970 -2.302118 
971 2.177119 
972 -2.053856 
973 1.932403 
974 -1.812828 
975 1.695200 
976 -1.579585 
977 1.466046 
978 -1.354644 
979 1.245436 
980 -1.138480 
981 1.033826 
982 -0.931524 
983 0.831620 
984 -0.734158 
985 0.639176 
986 -0.546710 
987 0.456793 
988 -0.369454 
989 0.284716 
990 -0.202602 
991 0.123129 
992 -0.046310 
993 -0.027846 
994 0.099331 
995 -0.168145 
996 0.234288 
997 -0.297767 
998 0.358590 
999 -0.416770 
1000 0.472325 
1001 -0.525273 
1002 0.575637 
1003 -0.623446 
1004 0.668727 
1005 -0.711514 
1006 0.751843 
1007 -0.789751 
1008 0.825281 
1009 -0.858475 
1010 0.889379 
1011 -0.918042 
1012 0.944514 
1013 -0.968846 
1014 0.991092 
1015 -1.011307 
1016 1.029547 
1017 -1.045870 
1018 1.060335 
1019 -1.073001 
1020 1.083927 
1021 -1.093174 
1022 1.100804 
1023 -1.106876 
1024 1.111453 
1025 -1.114595 
1026 1.116363 
1027 -1.116816 
1028 1.116016 
1029 -1.114020 
1030 1.110888 
1031 -1.106676 
1032 1.101442 
1033 -1.095241 
1034 1.088127 
1035 -1.080154 
1036 1.071373 
1037 -1.061836 
1038 1.051591 
1039 -1.040686 
1040 1.029168 
1041 -1.017081 
1042 1.004469 
1043 -0.991374 
1044 0.977835 
1045 -0.963891 
1046 0.949579 
1047 -0.934936 
1048 0.919994 
1049 -0.904786 
1050 0.889344 
1051 -0.873696 
1052 0.857871 
1053 -0.841895 
1054 0.825794 
1055 -0.809590 
1056 0.793307 
1057 -0.776966 
1058 0.760587 
1059 -0.744189 
1060 0.727789 
1061 -0.711404 
1062 0.695049 
1063 -0.678740 
1064 0.662489 
1065 -0.646310 
1066 0.630214 
1067 -0.614213 
1068 0.598317 
1069 -0.582535 
1070 0.566876 
1071 -0.551349 
1072 0.535962 
1073 -0.520722 
1074 0.505635 
1075 -0.490708 
1076 0.475947 
1077 -0.461356 
1078 0.446942 
1079 -0.432709 
1080 0.418662 
1081 -0.404803 
1082 0.391139 
1083 -0.377671 
1084 0.364403 
1085 -0.351340 
1086 0.338483 
1087 -0.325835 
1088 0.313399 
1089 -0.301178 
1090 0.289174 
1091 -0.277389 
1092 0.265825 
1093 -0.254484 
1094 0.243367 
1095 -0.232477 
1096 0.221815 
1097 -0.211382 
1098 0.201179 
1099 -0.191208 
1100 0.181469 
1101 -0.171963 
1102 0.162691 
1103 -0.153654 
1104 0.144851 
1105 -0.136283 
1106 0.127949 
1107 -0.119851 
1108 0.111987 
1109 -0.104356 
1110 0.096959 
1111 -0.089794 
1112 0.082860 
1113 -0.076157 
1114 0.069682 
1115 -0.063434 
1116 0.057412 
1117 -0.051613 
1118 0.046035 
1119 -0.040676 
1120 0.035534 
1121 -0.030605 
1122 0.025887 
1123 -0.021377 
1124 0.017072 
1125 -0.012968 
1126 0.009062 
1127 -0.005351 
1128 0.001829 
1129 0.001505 
1130 -0.004657 
1131 0.007631 
1132 -0.010431 
1133 0.013060 
1134 -0.015525 
1135 0.017828 
1136 -0.019976 
1137 0.021971 
1138 -0.023820 
1139 0.025526 
1140 -0.027095 
1141 0.028532 
1142 -0.029840 
1143 0.031025 
1144 -0.032092 
1145 0.033046 
1146 -0.033890 
1147 0.034631 
1148 -0.035272 
1149 0.035818 
1150 -0.036273 
1151 0.036643 
1152 -0.036931 
1153 0.037142 
1154 -0.037280 
1155 0.037350 
1156 -0.037354 
1157 0.037298 
1158 -0.037184 
1159 0.037018 
1160 -0.036802 
1161 0.036539 
1162 -0.036234 
1163 0.035889 
1164 -0.035508 
1165 0.035094 
1166 -0.034649 
1167 0.034176 
1168 -0.033678 
1169 0.033158 
1170 -0.032618 
1171 0.032060 
1172 -0.031487 
1173 0.030900 
1174 -0.030301 
1175 0.029693 
1176 -0.029077 
1177 0.028454 
1178 -0.027827 
1179 0.027197 
1180 -0.026564 
1181 0.025931 
1182 -0.025298 
1183 0.024667 
1184 -0.024038 
1185 0.023412 
1186 -0.022791 
1187 0.022175 
1188 -0.021565 
1189 0.020960 
1190 -0.020363 
1191 0.019774 
1192 -0.019192 
1193 0.018618 
1194 -0.018053 
1195 0.017497 
1196 -0.016951 
1197 0.016414 
1198 -0.015886 
1199 0.015369 
1200 -0.014861 
1201 0.014364 
1202 -0.013877 
1203 0.013400 
1204 -0.012933 
1205 0.012477 
1206 -0.012031 
1207 0.011595 
1208 -0.011169 
1209 0.010754 
1210 -0.010349 
1211 0.009953 
1212 -0.009568 
1213 0.009192 
1214 -0.008827 
1215 0.008471 
1216 -0.008124 
1217 0.007787 
1218 -0.007459 
1219 0.007140 
1220 -0.006831 
1221 0.006530 
1222 -0.006238 
1223 0.005955 
1224 -0.005680 
1225 0.005414 
1226 -0.005155 
1227 0.004905 
1228 -0.004663 
1229 0.004429 
1230 -0.004202 
1231 0.003983 
1232 -0.003771 
1233 0.003566 
1234 -0.003369 
1235 0.003178 
1236 -0.002995 
1237 0.002818 
1238 -0.002648 
1239 0.002484 
1240 -0.002326 
1241 0.002175 
1242 -0.002029 
1243 0.001889 
1244 -0.001756 
1245 0.001627 
1246 -0.001505 
1247 0.001387 
1248 -0.001275 
1249 0.001168 
1250 -0.001066 
1251 0.000969 
1252 -0.000876 
1253 0.000788 
1254 -0.000705 
1255 0.000625 
1256 -0.000550 
1257 0.000479 
1258 -0.000412 
1259 0.000349 
1260 -0.000289 
1261 0.000233 
1262 -0.000180 
1263 0.000131 
1264 -0.000084 
1265 0.000041 
1266 -0.000001 
1267 -0.000036 
1268 0.000071 
1269 -0.000103 
1270 0.000132 
1271 -0.000160 
1272 0.000184 
1273 -0.000207 
1274 0.000228 
1275 -0.000246 
1276 0.000263 
1277 -0.000278 
1278 0.000291 
1279 -0.000303 
1280 0.000313 
1281 -0.000322 
1282 0.000329 
1283 -0.000335 
1284 0.000340 
1285 -0.000344 
1286 0.000347 
1287 -0.000349 
1288 0.000350 
1289 -0.000350 
1290 0.000349 
1291 -0.000347 
1292 0.000345 
1293 -0.000343 
1294 0.000339 
1295 -0.000336 
1296 0.000331 
1297 -0.000327 
1298 0.000322 
1299 -0.000317 
1300 0.000311 
1301 -0.000305 
1302 0.000299 
1303 -0.000293 
1304 0.000286 
1305 -0.000280 
1306 0.000273 
1307 -0.000266 
1308 0.000260 
1309 -0.000253 
1310 0.000246 
1311 -0.000239 
1312 0.000232 
1313 -0.000226 
1314 0.000219 
1315 -0.000212 
1316 0.000206 
1317 -0.000199 
1318 0.000193 
1319 -0.000186 
1320 0.000180 
1321 -0.000174 
1322 0.000168 
1323 -0.000162 
1324 0.000156 
1325 -0.000151 
1326 0.000145 
1327 -0.000140 
1328 0.000134 
1329 -0.000129 
1330 0.000124 
1331 -0.000119 
1332 0.000115 
1333 -0.000110 
1334 0.000106 
1335 -0.000101 
1336 0.000097 
1337 -0.000093 
1338 0.000089 
1339 -0.000085 
1340 0.000082 
1341 -0.000078 
1342 0.000075 
1343 -0.000071 
1344 0.000068 
1345 -0.000065 
1346 0.000062 
1347 -0.000059 
1348 0.000057 
1349 -0.000054 
1350 0.000051 
1351 -0.000049 
1352 0.000046 
1353 -0.000044 
1354 0.000042 
1355 -0.000040 
1356 0.000038 
1357 -0.000036 
1358 0.000034 
1359 -0.000032 
1360 0.000030 
1361 -0.000029 
1362 0.000027 
1363 -0.000026 
1364 0.000024 
1365 -0.000023 
1366 0.000022 
1367 -0.000020 
1368 0.000019 
1369 -0.000018 
1370 0.000017 
1371 -0.000016 
1372 0.000015 
1373 -0.000014 
1374 0.000013 
1375 -0.000012 
1376 0.000011 
1377 -0.000010 
1378 0.000010 
1379 -0.000009 
1380 0.000008 
1381 -0.000008 
1382 0.000007 
1383 -0.000006 
1384 0.000006 
1385 -0.000005 
1386 0.000005 
1387 -0.000004 
1388 0.000004 
1389 -0.000004 
1390 0.000003 
1391 -0.000003 
1392 0.000003 
1393 -0.000002 
1394 0.000002 
1395 -0.000002 
1396 0.000001 
1397 -0.000001 
1398 0.000001 
1399 -0.000001 
1400 0.000001 
1401 -0.000000 
1402 0.000000 
1403 -0.000000 
1404 0.000000 
1405 0.000000 
1406 -0.000000 
1407 0.000000 
1408 -0.000000 
1409 0.000000 
1410 -0.000001 
1411 0.000001 
1412 -0.000001 
1413 0.000001 
1414 -0.000001 
1415 0.000001 
1416 -0.000001 
1417 0.000001 
1418 -0.000001 
1419 0.000001 
1420 -0.000001 
1421 0.000001 
1422 -0.000001 
1423 0.000001 
1424 -0.000001 
1425 0.000001 
1426 -0.000001 
1427 0.000001 
1428 -0.000001 
1429 0.000001 
1430 -0.000001 
1431 0.000001 
1432 -0.000001 
1433 0.000001 
1434 -0.000001 
1435 0.000001 
1436 -0.000001 
1437 0.000001 
1438 -0.000001 
1439 0.000001 
1440 -0.000001 
1441 0.000001 
1442 -0.000001 
1443 0.000001 
1444 -0.000001 
1445 0.000001 
1446 -0.000001 
1447 0.000001 
1448 -0.000001 
1449 0.000001 
1450 -0.000001 
1451 0.000000 
1452 -0.000000 
1453 0.000000 
1454 -0.000000 
1455 0.000000 
1456 -0.000000 
1457 0.000000 
1458 -0.000000 
1459 0.000000 
1460 -0.000000 
1461 0.000000 
1462 -0.000000 
1463 0.000000 
1464 -0.000000 
1465 0.000000 
1466 -0.000000 
1467 0.000000 
1468 -0.000000 
1469 0.000000 
1470 -0.000000 
1471 0.000000 
1472 -0.000000 
1473 0.000000 
1474 -0.000000 
1475 0.000000 
1476 -0.000000 
1477 0.000000 
1478 -0.000000 
1479 0.000000 
1480 -0.000000 
1481 0.000000 
1482 -0.000000 
1483 0.000000 
1484 -0.000000 
1485 0.000000 
1486 -0.000000 
1487 0.000000 
1488 -0.000000 
1489 0.000000 
1490 -0.000000 
1491 0.000000 
1492 -0.000000 
1493 0.000000 
1494 -0.000000 
1495 0.000000 
1496 -0.000000 
1497 0.000000 
1498 -0.000000 
1499 0.000000 
1500 -0.000000 
1501 0.000000 
1502 -0.000000 
1503 0.000000 
1504 -0.000000 
1505 0.000000 
1506 -0.000000 
1507 0.000000 
1508 -0.000000 
1509 0.000000 
1510 -0.000000 
1511 0.000000 
1512 -0.000000 
1513 0.000000 
1514 -0.000000 
1515 0.000000 
1516 -0.000000 
1517 0.000000 
1518 -0.000000 
1519 0.000000 
1520 -0.000000 
1521 0.000000 
1522 -0.000000 
1523 0.000000 
1524 -0.000000 
1525 0.000000 
1526 -0.000000 
1527 0.000000 
1528 -0.000000 
1529 0.000000 
1530 -0.000000 
1531 0.000000 
1532 -0.000000 
1533 0.000000 
1534 -0.000000 
1535 0.000000 
1536 -0.000000 
1537 0.000000 
1538 -0.000000 
1539 0.000000 
1540 -0.000000 
1541 -0.000000 
1542 0.000000 
1543 -0.000000 
1544 0.000000 
1545 -0.000000 
1546 0.000000 
1547 -0.000000 
1548 0.000000 
1549 -0.000000 
1550 0.000000 
1551 -0.000000 
1552 0.000000 
1553 -0.000000 
1554 0.000000 
1555 -0.000000 
1556 0.000000 
1557 -0.000000 
1558 0.000000 
1559 -0.000000 
1560 0.000000 
1561 -0.000000 
1562 0.000000 
1563 -0.000000 
1564 0.000000 
1565 -0.000000 
1566 0.000000 
1567 -0.000000 
1568 0.000000 
1569 -0.000000 
1570 0.000000 
1571 -0.000000 
1572 0.000000 
1573 -0.000000 
1574 0.000000 
1575 -0.000000 
1576 0.000000 
1577 -0.000000 
1578 0.000000 
1579 -0.000000 
1580 0.000000 
1581 -0.000000 
1582 0.000000 
1583 -0.000000 
1584 0.000000 
1585 -0.000000 
1586 0.000000 
1587 -0.000000 
1588 0.000000 
1589 -0.000000 
1590 0.000000 
1591 -0.000000 
1592 0.000000 
1593 -0.000000 
1594 0.000000 
1595 -0.000000 
1596 0.000000 
1597 -0.000000 
1598 0.000000 
1599 -0.000000 
1600 0.000000 
1601 -0.000000 
1602 0.000000 
1603 -0.000000 
1604 0.000000 
1605 -0.000000 
1606 0.000000 
1607 -0.000000 
1608 0.000000 
1609 -0.000000 
1610 0.000000 
1611 -0.000000 
1612 0.000000 
1613 -0.000000 
1614 0.000000 
1615 -0.000000 
1616 0.000000 
1617 -0.000000 
1618 0.000000 
1619 -0.000000 
1620 0.000000 
1621 -0.000000 
1622 0.000000 
1623 -0.000000 
1624 0.000000 
1625 -0.000000 
1626 0.000000 
1627 -0.000000 
1628 0.000000 
1629 -0.000000 
1630 0.000000 
1631 -0.000000 
1632 0.000000 
1633 -0.000000 
1634 0.000000 
1635 -0.000000 
1636 0.000000 
1637 -0.000000 
1638 0.000000 
1639 -0.000000 
1640 0.000000 
1641 -0.000000 
1642 0.000000 
1643 -0.000000 
1644 0.000000 
1645 -0.000000 
1646 0.000000 
1647 -0.000000 
1648 0.000000 
1649 -0.000000 
1650 0.000000 
1651 -0.000000 
1652 0.000000 
1653 -0.000000 
1654 0.000000 
1655 -0.000000 
1656 0.000000 
1657 -0.000000 
1658 0.000000 
1659 -0.000000 
1660 0.000000 
1661 -0.000000 
1662 0.000000 
1663 -0.000000 
1664 0.000000 
1665 -0.000000 
1666 0.000000 
1667 -0.000000 
1668 0.000000 
1669 -0.000000 
1670 0.000000 
1671 -0.000000 
1672 0.000000 
1673 -0.000000 
1674 0.000000 
1675 -0.000000 
1676 0.000000 
1677 -0.000000 
1678 0.000000 
1679 0.000000 
1680 -0.000000 
1681 0.000000 
1682 -0.000000 
1683 0.000000 
1684 -0.000000 
1685 0.000000 
1686 -0.000000 
1687 0.000000 
1688 -0.000000 
1689 0.000000 
1690 -0.000000 
1691 0.000000 
1692 -0.000000 
1693 0.000000 
1694 -0.000000 
1695 0.000000 
1696 -0.000000 
1697 0.000000 
1698 -0.000000 
1699 0.000000 
1700 -0.000000 
1701 0.000000 
1702 -0.000000 
1703 0.000000 
1704 -0.000000 
1705 0.000000 
1706 -0.000000 
1707 0.000000 
1708 -0.000000 
1709 0.000000 
1710 -0.000000 
1711 0.000000 
1712 -0.000000 
1713 0.000000 
1714 -0.000000 
1715 0.000000 
1716 -0.000000 
1717 0.000000 
1718 -0.000000 
1719 0.000000 
1720 -0.000000 
1721 0.000000 
1722 -0.000000 
1723 0.000000 
1724 -0.000000 
1725 0.000000 
1726 -0.000000 
1727 0.000000 
1728 -0.000000 
1729 0.000000 
1730 -0.000000 
1731 0.000000 
1732 -0.000000 
1733 0.000000 
1734 -0.000000 
1735 0.000000 
1736 -0.000000 
1737 0.000000 
1738 -0.000000 
1739 0.000000 
1740 -0.000000 
1741 0.000000 
1742 -0.000000 
1743 0.000000 
1744 -0.000000 
1745 0.000000 
1746 -0.000000 
1747 0.000000 
1748 -0.000000 
1749 0.000000 
1750 -0.000000 
1751 0.000000 
1752 -0.000000 
1753 0.000000 
1754 -0.000000 
1755 0.000000 
1756 -0.000000 
1757 0.000000 
1758 -0.000000 
1759 0.000000 
1760 -0.000000 
1761 0.000000 
1762 -0.000000 
1763 0.000000 
1764 -0.000000 
1765 0.000000 
1766 -0.000000 
1767 0.000000 
1768 -0.000000 
1769 0.000000 
1770 -0.000000 
1771 0.000000 
1772 -0.000000 
1773 0.000000 
1774 -0.000000 
1775 0.000000 
1776 -0.000000 
1777 0.000000 
1778 -0.000000 
1779 0.000000 
1780 -0.000000 
1781 0.000000 
1782 -0.000000 
1783 0.000000 
1784 -0.000000 
1785 0.000000 
1786 -0.000000 
1787 0.000000 
1788 -0.000000 
1789 0.000000 
1790 -0.000000 
1791 0.000000 
1792 -0.000000 
1793 0.000000 
1794 -0.000000 
1795 0.000000 
1796 -0.000000 
1797 0.000000 
1798 -0.000000 
1799 0.000000 
1800 -0.000000 
1801 0.000000 
1802 -0.000000 
1803 0.000000 
1804 -0.000000 
1805 0.000000 
1806 -0.000000 
1807 0.000000 
1808 -0.000000 
1809 0.000000 
1810 -0.000000 
1811 0.000000 
1812 -0.000000 
1813 0.000000 
1814 -0.000000 
1815 0.000000 
1816 -0.000000 
1817 0.000000 
1818 0.000000 
1819 -0.000000 
1820 0.000000 
1821 -0.000000 
1822 0.000000 
1823 -0.000000 
1824 0.000000 
1825 -0.000000 
1826 0.000000 
1827 -0.000000 
1828 0.000000 
1829 -0.000000 
1830 0.000000 
1831 -0.000000 
1832 0.000000 
1833 -0.000000 
1834 0.000000 
1835 -0.000000 
1836 0.000000 
1837 -0.000000 
1838 0.000000 
1839 -0.000000 
1840 0.000000 
1841 -0.000000 
1842 0.000000 
1843 -0.000000 
1844 0.000000 
1845 -0.000000 
1846 0.000000 
1847 -0.000000 
1848 0.000000 
1849 -0.000000 
1850 0.000000 
1851 -0.000000 
1852 0.000000 
1853 -0.000000 
1854 0.000000 
1855 -0.000000 
1856 0.000000 
1857 -0.000000 
1858 0.000000 
1859 -0.000000 
1860 0.000000 
1861 -0.000000 
1862 0.000000 
1863 -0.000000 
1864 0.000000 
1865 -0.000000 
1866 0.000000 
1867 -0.000000 
1868 0.000000 
1869 -0.000000 
1870 0.000000 
1871 -0.000000 
1872 0.000000 
1873 -0.000000 
1874 0.000000 
1875 -0.000000 
1876 0.000000 
1877 -0.000000 
1878 0.000000 
1879 -0.000000 
1880 0.000000 
1881 -0.000000 
1882 0.000000 
1883 -0.000000 
1884 0.000000 
1885 -0.000000 
1886 0.000000 
1887 -0.000000 
1888 0.000000 
1889 -0.000000 
1890 0.000000 
1891 -0.000000 
1892 0.000000 
1893 -0.000000 
1894 0.000000 
1895 -0.000000 
1896 0.000000 
1897 -0.000000 
1898 0.000000 
1899 -0.000000 
1900 0.000000 
1901 -0.000000 
1902 0.000000 
1903 -0.000000 
1904 0.000000 
1905 -0.000000 
1906 0.000000 
1907 -0.000000 
1908 0.000000 
1909 -0.000000 
1910 0.000000 
1911 -0.000000 
1912 0.000000 
1913 -0.000000 
1914 0.000000 
1915 -0.000000 
1916 0.000000 
1917 -0.000000 
1918 0.000000 
1919 -0.000000 
1920 0.000000 
1921 -0.000000 
1922 0.000000 
1923 -0.000000 
1924 0.000000 
1925 -0.000000 
1926 0.000000 
1927 -0.000000 
1928 0.000000 
1929 -0.000000 
1930 0.000000 
1931 -0.000000 
1932 0.000000 
1933 -0.000000 
1934 0.000000 
1935 -0.000000 
1936 0.000000 
1937 -0.000000 
1938 0.000000 
1939 -0.000000 
1940 0.000000 
1941 -0.000000 
1942 0.000000 
1943 -0.000000 
1944 0.000000 
1945 -0.000000 
1946 0.000000 
1947 -0.000000 
1948 0.000000 
1949 -0.000000 
1950 0.000000 
1951 -0.000000 
1952 0.000000 
1953 -0.000000 
1954 0.000000 
1955 0.000000 
1956 -0.000000 
1957 0.000000 
1958 -0.000000 
1959 0.000000 
1960 -0.000000 
1961 0.000000 
1962 -0.000000 
1963 0.000000 
1964 -0.000000 
1965 0.000000 
1966 -0.000000 
1967 0.000000 
1968 -0.000000 
1969 0.000000 
1970 -0.000000 
1971 0.000000 
1972 -0.000000 
1973 0.000000 
1974 -0.000000 
1975 0.000000 
1976 -0.000000 
1977 0.000000 
1978 -0.000000 
1979 0.000000 
1980 -0.000000 
1981 0.000000 
1982 -0.000000 
1983 0.000000 
1984 -0.000000 
1985 0.000000 
1986 -0.000000 
1987 0.000000 
1988 -0.000000 
1989 0.000000 
1990 -0.000000 
1991 0.000000 
1992 -0.000000 
1993 0.000000 
1994 -0.000000 
1995 0.000000 
1996 -0.000000 
1997 0.000000 
1998 -0.000000 
1999 0.000000 
2000 -0.000000 
2001 0.000000 
2002 -0.000000 
2003 0.000000 
2004 -0.000000 
2005 0.000000 
2006 -0.000000 
2007 0.000000 
2008 -0.000000 
2009 0.000000 
2010 -0.000000 
2011 0.000000 
2012 -0.000000 
2013 0.000000 
2014 -0.000000 
2015 0.000000 
2016 -0.000000 
2017 0.000000 
2018 -0.000000 
2019 0.000000 
2020 -0.000000 
2021 0.000000 
2022 -0.000000 
2023 0.000000 
2024 -0.000000 
2025 0.000000 
2026 -0.000000 
2027 0.000000 
2028 -0.000000 
2029 0.000000 
2030 -0.000000 
2031 0.000000 
2032 -0.000000 
2033 0.000000 
2034 -0.000000 
2035 0.000000 
2036 -0.000000 
2037 0.000000 
2038 -0.000000 
2039 0.000000 
2040 -0.000000 
2041 0.000000 
2042 -0.000000 
2043 0.000000 
2044 -0.000000 
2045 0.000000 
2046 -0.000000 
2047 0.000000 
2048 -0.000000 
2049 0.000000 
2050 -0.000000 
2051 0.000000 
2052 -0.000000 
2053 0.000000 
2054 -0.000000 
2055 0.000000 
2056 -0.000000 
2057 0.000000 
2058 -0.000000 
2059 0.000000 
2060 -0.000000 
2061 0.000000 
2062 -0.000000 
2063 0.000000 
2064 -0.000000 
2065 0.000000 
2066 -0.000000 
2067 0.000000 
2068 -0.000000 
2069 0.000000 
2070 -0.000000 
2071 0.000000 
2072 -0.000000 
2073 0.000000 
2074 -0.000000 
2075 0.000000 
2076 -0.000000 
2077 0.000000 
2078 -0.000000 
2079 0.000000 
2080 -0.000000 
2081 0.000000 
2082 -0.000000 
2083 0.000000 
2084 -0.000000 
2085 0.000000 
2086 -0.000000 
2087 0.000000 
2088 -0.000000 
2089 0.000000 
2090 -0.000000 
2091 0.000000 
2092 -0.000000 
2093 0.000000 
2094 -0.000000 
2095 0.000000 
2096 -0.000000 
2097 0.000000 
2098 0.000000 
2099 -0.000000 
2100 0.000000 
2101 -0.000000 
2102 0.000000 
2103 -0.000000 
2104 0.000000 
2105 -0.000000 
2106 0.000000 
2107 -0.000000 
2108 0.000000 
2109 -0.000000 
2110 0.000000 
2111 -0.000000 
2112 0.000000 
2113 -0.000000 
2114 0.000000 
2115 -0.000000 
2116 0.000000 
2117 -0.000000 
2118 0.000000 
2119 -0.000000 
2120 0.000000 
2121 -0.000000 
2122 0.000000 
2123 -0.000000 
2124 0.000000 
2125 -0.000000 
2126 0.000000 
2127 -0.000000 
2128 0.000000 
2129 -0.000000 
2130 0.000000 
2131 -0.000000 
2132 0.000000 
2133 -0.000000 
2134 0.000000 
2135 -0.000000 
2136 0.000000 
2137 -0.000000 
2138 0.000000 
2139 -0.000000 
2140 0.000000 
2141 -0.000000 
2142 0.000000 
2143 -0.000000 
2144 0.000000 
2145 -0.000000 
2146 0.000000 
2147 -0.000000 
2148 0.000000 
2149 -0.000000 
2150 0.000000 
2151 -0.000000 
2152 0.000000 
2153 -0.000000 
2154 0.000000 
2155 -0.000000 
2156 0.000000 
2157 -0.000000 
2158 0.000000 
2159 -0.000000 
2160 0.000000 
2161 -0.000000 
2162 0.000000 
2163 -0.000000 
2164 0.000000 
2165 -0.000000 
2166 0.000000 
2167 -0.000000 
2168 0.000000 
2169 -0.000000 
2170 0.000000 
2171 -0.000000 
2172 0.000000 
2173 -0.000000 
2174 0.000000 
2175 -0.000000 
2176 0.000000 
2177 -0.000000 
2178 0.000000 
2179 -0.000000 
2180 0.000000 
2181 -0.000000 
2182 0.000000 
2183 -0.000000 
2184 0.000000 
2185 -0.000000 
2186 0.000000 
2187 -0.000000 
2188 0.000000 
2189 -0.000000 
2190 0.000000 
2191 -0.000000 
2192 0.000000 
2193 -0.000000 
2194 0.000000 
2195 -0.000000 
2196 0.000000 
2197 -0.000000 
2198 0.000000 
2199 -0.000000 
2200 0.000000 
2201 -0.000000 
2202 0.000000 
2203 -0.000000 
2204 0.000000 
2205 -0.000000 
2206 0.000000 
2207 -0.000000 
2208 0.000000 
2209 -0.000000 
2210 0.000000 
2211 -0.000000 
2212 0.000000 
2213 -0.000000 
2214 0.000000 
2215 -0.000000 
2216 0.000000 
2217 -0.000000 
2218 0.000000 
2219 -0.000000 
2220 0.000000 
2221 -0.000000 
2222 0.000000 
2223 -0.000000 
2224 0.000000 
2225 -0.000000 
2226 0.000000 
2227 -0.000000 
2228 -0.000000 
2229 0.000000 
2230 -0.000000 
2231 0.000000 
2232 -0.000000 
2233 0.000000 
2234 -0.000000 
2235 0.000000 
2236 -0.000000 
2237 0.000000 
2238 -0.000000 
2239 0.000000 
2240 -0.000000 
2241 0.000000 
2242 -0.000000 
2243 0.000000 
2244 -0.000000 
2245 0.000000 
2246 -0.000000 
2247 0.000000 
2248 -0.000000 
2249 0.000000 
2250 -0.000000 
2251 0.000000 
2252 -0.000000 
2253 0.000000 
2254 -0.000000 
2255 0.000000 
2256 -0.000000 
2257 0.000000 
2258 -0.000000 
2259 0.000000 
2260 -0.000000 
2261 0.000000 
2262 -0.000000 
2263 0.000000 
2264 -0.000000 
2265 0.000000 
2266 -0.000000 
2267 0.000000 
2268 -0.000000 
2269 0.000000 
2270 -0.000000 
2271 0.000000 
2272 -0.000000 
2273 0.000000 
2274 -0.000000 
2275 0.000000 
2276 -0.000000 
2277 0.000000 
2278 -0.000000 
2279 0.000000 
2280 -0.000000 
2281 0.000000 
2282 -0.000000 
2283 0.000000 
2284 -0.000000 
2285 0.000000 
2286 -0.000000 
2287 0.000000 
2288 -0.000000 
2289 0.000000 
2290 -0.000000 
2291 0.000000 
2292 -0.000000 
2293 0.000000 
2294 -0.000000 
2295 0.000000 
2296 -0.000000 
2297 0.000000 
2298 -0.000000 
2299 0.000000 
2300 -0.000000 
2301 0.000000 
2302 -0.000000 
2303 0.000000 
2304 -0.000000 
2305 0.000000 
2306 -0.000000 
2307 0.000000 
2308 -0.000000 
2309 0.000000 
2310 -0.000000 
2311 0.000000 
2312 -0.000000 
2313 0.000000 
2314 -0.000000 
2315 0.000000 
2316 -0.000000 
2317 0.000000 
2318 -0.000000 
2319 0.000000 
2320 -0.000000 
2321 0.000000 
2322 -0.000000 
2323 0.000000 
2324 -0.000000 
2325 0.000000 
2326 -0.000000 
2327 0.000000 
2328 -0.000000 
2329 0.000000 
2330 -0.000000 
2331 0.000000 
2332 -0.000000 
2333 0.000000 
2334 -0.000000 
2335 0.000000 
2336 -0.000000 
2337 0.000000 
2338 -0.000000 
2339 0.000000 
2340 -0.000000 
2341 0.000000 
2342 -0.000000 
2343 0.000000 
2344 -0.000000 
2345 0.000000 
2346 -0.000000 
2347 0.000000 
2348 -0.000000 
2349 0.000000 
2350 -0.000000 
2351 0.000000 
2352 -0.000000 
2353 0.000000 
2354 -0.000000 
2355 0.000000 
2356 -0.000000 
2357 0.000000 
2358 -0.000000 
2359 0.000000 
2360 -0.000000 
2361 0.000000 
2362 -0.000000 
2363 0.000000 
2364 -0.000000 
2365 0.000000 
2366 -0.000000 
2367 0.000000 
2368 -0.000000 
2369 0.000000 
2370 -0.000000 
2371 0.000000 
2372 0.000000 
2373 -0.000000 
2374 0.000000 
2375 -0.000000 
2376 0.000000 
2377 -0.000000 
2378 0.000000 
2379 -0.000000 
2380 0.000000 
2381 -0.000000 
2382 0.000000 
2383 -0.000000 
2384 0.000000 
2385 -0.000000 
2386 0.000000 
2387 -0.000000 
2388 0.000000 
2389 -0.000000 
2390 0.000000 
2391 -0.000000 
2392 0.000000 
2393 -0.000000 
2394 0.000000 
2395 -0.000000 
2396 0.000000 
2397 -0.000000 
2398 0.000000 
2399 -0.000000 
2400 0.000000 
2401 -0.000000 
2402 0.000000 
2403 -0.000000 
2404 0.000000 
2405 -0.000000 
2406 0.000000 
2407 -0.000000 
2408 0.000000 
2409 -0.000000 
2410 0.000000 
2411 -0.000000 
2412 0.000000 
2413 -0.000000 
2414 0.000000 
2415 -0.000000 
2416 0.000000 
2417 -0.000000 
2418 0.000000 
2419 -0.000000 
2420 0.000000 
2421 -0.000000 
2422 0.000000 
2423 -0.000000 
2424 0.000000 
2425 -0.000000 
2426 0.000000 
2427 -0.000000 
2428 0.000000 
2429 -0.000000 
2430 0.000000 
2431 -0.000000 
2432 0.000000 
2433 -0.000000 
2434 0.000000 
2435 -0.000000 
2436 0.000000 
2437 -0.000000 
2438 0.000000 
2439 -0.000000 
2440 0.000000 
2441 -0.000000 
2442 0.000000 
2443 -0.000000 
2444 0.000000 
2445 -0.000000 
2446 0.000000 
2447 -0.000000 
2448 0.000000 
2449 -0.000000 
2450 0.000000 
2451 -0.000000 
2452 0.000000 
2453 -0.000000 
2454 0.000000 
2455 -0.000000 
2456 0.000000 
2457 -0.000000 
2458 0.000000 
2459 -0.000000 
2460 0.000000 
2461 -0.000000 
2462 0.000000 
2463 -0.000000 
2464 0.000000 
2465 -0.000000 
2466 0.000000 
2467 -0.000000 
2468 0.000000 
2469 -0.000000 
2470 0.000000 
2471 -0.000000 
2472 0.000000 
2473 -0.000000 
2474 0.000000 
2475 -0.000000 
2476 0.000000 
2477 -0.000000 
2478 0.000000 
2479 -0.000000 
2480 0.000000 
2481 -0.000000 
2482 0.000000 
2483 -0.000000 
2484 0.000000 
2485 -0.000000 
2486 0.000000 
2487 -0.000000 
2488 0.000000 
2489 -0.000000 
2490 0.000000 
2491 -0.000000 
2492 0.000000 
2493 -0.000000 
2494 0.000000 
2495 -0.000000 
2496 0.000000 
2497 -0.000000 
2498 0.000000 
2499 -0.000000 
2500 0.000000 
2501 -0.000000 
2502 0.000000 
2503 -0.000000 
2504 0.000000 
2505 -0.000000 
2506 0.000000 
2507 0.000000 
2508 -0.000000 
2509 0.000000 
2510 -0.000000 
2511 0.000000 
2512 -0.000000 
2513 0.000000 
2514 -0.000000 
2515 0.000000 
2516 -0.000000 
2517 0.000000 
2518 -0.000000 
2519 0.000000 
2520 -0.000000 
2521 0.000000 
2522 -0.000000 
2523 0.000000 
2524 -0.000000 
2525 0.000000 
2526 -0.000000 
2527 0.000000 
2528 -0.000000 
2529 0.000000 
2530 -0.000000 
2531 0.000000 
2532 -0.000000 
2533 0.000000 
2534 -0.000000 
2535 0.000000 
2536 -0.000000 
2537 0.000000 
2538 -0.000000 
2539 0.000000 
2540 -0.000000 
2541 0.000000 
2542 -0.000000 
2543 0.000000 
2544 -0.000000 
2545 0.000000 
2546 -0.000000 
2547 0.000000 
2548 -0.000000 
2549 0.000000 
2550 -0.000000 
2551 0.000000 
2552 -0.000000 
2553 0.000000 
2554 -0.000000 
2555 0.000000 
2556 -0.000000 
2557 0.000000 
2558 -0.000000 
2559 0.000000 
2560 -0.000000 
2561 0.000000 
2562 -0.000000 
2563 0.000000 
2564 -0.000000 
2565 0.000000 
2566 -0.000000 
2567 0.000000 
2568 -0.000000 
2569 0.000000 
2570 -0.000000 
2571 0.000000 
2572 -0.000000 
2573 0.000000 
2574 -0.000000 
2575 0.000000 
2576 -0.000000 
2577 0.000000 
2578 -0.000000 
2579 0.000000 
2580 -0.000000 
2581 0.000000 
2582 -0.000000 
2583 0.000000 
2584 -0.000000 
2585 0.000000 
2586 -0.000000 
2587 0.000000 
2588 -0.000000 
2589 0.000000 
2590 -0.000000 
2591 0.000000 
2592 -0.000000 
2593 0.000000 
2594 -0.000000 
2595 0.000000 
2596 -0.000000 
2597 0.000000 
2598 -0.000000 
2599 0.000000 
2600 -0.000000 
2601 0.000000 
2602 -0.000000 
2603 0.000000 
2604 -0.000000 
2605 0.000000 
2606 -0.000000 
2607 0.000000 
2608 -0.000000 
2609 0.000000 
2610 -0.000000 
2611 0.000000 
2612 -0.000000 
2613 0.000000 
2614 -0.000000 
2615 0.000000 
2616 -0.000000 
2617 0.000000 
2618 -0.000000 
2619 0.000000 
2620 -0.000000 
2621 0.000000 
2622 -0.000000 
2623 0.000000 
2624 -0.000000 
2625 0.000000 
2626 -0.000000 
2627 0.000000 
2628 -0.000000 
2629 0.000000 
2630 -0.000000 
2631 0.000000 
2632 -0.000000 
2633 0.000000 
2634 -0.000000 
2635 0.000000 
2636 -0.000000 
2637 0.000000 
2638 -0.000000 
2639 0.000000 
2640 -0.000000 
2641 0.000000 
2642 -0.000000 
2643 0.000000 
2644 -0.000000 
2645 0.000000 
2646 -0.000000 
2647 0.000000 
2648 -0.000000 
2649 0.000000 
2650 -0.000000 
2651 0.000000 
2652 -0.000000 
2653 0.000000 
2654 -0.000000 
2655 0.000000 
2656 -0.000000 
2657 0.000000 
2658 -0.000000 
2659 0.000000 
2660 -0.000000 
2661 0.000000 
2662 -0.000000 
2663 0.000000 
2664 -0.000000 
2665 0.000000 
2666 -0.000000 
2667 0.000000 
2668 0.000000 
2669 -0.000000 
2670 0.000000 
2671 -0.000000 
2672 0.000000 
2673 -0.000000 
2674 0.000000 
2675 -0.000000 
2676 0.000000 
2677 -0.000000 
2678 0.000000 
2679 -0.000000 
2680 0.000000 
2681 -0.000000 
2682 0.000000 
2683 -0.000000 
2684 0.000000 
2685 -0.000000 
2686 0.000000 
2687 -0.000000 
2688 0.000000 
2689 -0.000000 
2690 0.000000 
2691 -0.000000 
2692 0.000000 
2693 -0.000000 
2694 0.000000 
2695 -0.000000 
2696 0.000000 
2697 -0.000000 
2698 0.000000 
2699 -0.000000 
2700 0.000000 
2701 -0.000000 
2702 0.000000 
2703 -0.000000 
2704 0.000000 
2705 -0.000000 
2706 0.000000 
2707 -0.000000 
2708 0.000000 
2709 -0.000000 
2710 0.000000 
2711 -0.000000 
2712 0.000000 
2713 -0.000000 
2714 0.000000 
2715 -0.000000 
2716 0.000000 
2717 -0.000000 
2718 0.000000 
2719 -0.000000 
2720 0.000000 
2721 -0.000000 
2722 0.000000 
2723 -0.000000 
2724 0.000000 
2725 -0.000000 
2726 0.000000 
2727 -0.000000 
2728 0.000000 
2729 -0.000000 
2730 0.000000 
2731 -0.000000 
2732 0.000000 
2733 -0.000000 
2734 0.000000 
2735 -0.000000 
2736 0.000000 
2737 -0.000000 
2738 0.000000 
2739 -0.000000 
2740 0.000000 
2741 -0.000000 
2742 0.000000 
2743 -0.000000 
2744 0.000000 
2745 -0.000000 
2746 0.000000 
2747 -0.000000 
2748 0.000000 
2749 -0.000000 
2750 0.000000 
2751 -0.000000 
2752 0.000000 
2753 -0.000000 
2754 0.000000 
2755 -0.000000 
2756 0.000000 
2757 -0.000000 
2758 0.000000 
2759 -0.000000 
2760 0.000000 
2761 -0.000000 
2762 0.000000 
2763 -0.000000 
2764 0.000000 
2765 -0.000000 
2766 0.000000 
2767 -0.000000 
2768 0.000000 
2769 -0.000000 
2770 0.000000 
2771 -0.000000 
2772 0.000000 
2773 -0.000000 
2774 0.000000 
2775 -0.000000 
2776 0.000000 
2777 -0.000000 
2778 0.000000 
2779 -0.000000 
2780 0.000000 
2781 -0.000000 
2782 0.000000 
2783 -0.000000 
2784 0.000000 
2785 -0.000000 
2786 0.000000 
2787 -0.000000 
2788 0.000000 
2789 -0.000000 
2790 0.000000 
2791 -0.000000 
2792 0.000000 
2793 -0.000000 
2794 0.000000 
2795 -0.000000 
2796 0.000000 
2797 -0.000000 
2798 -0.000000 
2799 0.000000 
2800 -0.000000 
2801 0.000000 
2802 -0.000000 
2803 0.000000 
2804 -0.000000 
2805 0.000000 
2806 -0.000000 
2807 0.000000 
2808 -0.000000 
2809 0.000000 
2810 -0.000000 
2811 0.000000 
2812 -0.000000 
2813 0.000000 
2814 -0.000000 
2815 0.000000 
2816 -0.000000 
2817 0.000000 
2818 -0.000000 
2819 0.000000 
2820 -0.000000 
2821 0.000000 
2822 -0.000000 
2823 0.000000 
2824 -0.000000 
2825 0.000000 
2826 -0.000000 
2827 0.000000 
2828 -0.000000 
2829 0.000000 
2830 -0.000000 
2831 0.000000 
2832 -0.000000 
2833 0.000000 
2834 -0.000000 
2835 0.000000 
2836 -0.000000 
2837 0.000000 
2838 -0.000000 
2839 0.000000 
2840 -0.000000 
2841 0.000000 
2842 -0.000000 
2843 0.000000 
2844 -0.000000 
2845 0.000000 
2846 -0.000000 
2847 0.000000 
2848 -0.000000 
2849 0.000000 
2850 -0.000000 
2851 0.000000 
2852 -0.000000 
2853 0.000000 
2854 -0.000000 
2855 0.000000 
2856 -0.000000 
2857 0.000000 
2858 -0.000000 
2859 0.000000 
2860 -0.000000 
2861 0.000000 
2862 -0.000000 
2863 0.000000 
2864 -0.000000 
2865 0.000000 
2866 -0.000000 
2867 0.000000 
2868 -0.000000 
2869 0.000000 
2870 -0.000000 
2871 0.000000 
2872 -0.000000 
2873 0.000000 
2874 -0.000000 
2875 0.000000 
2876 -0.000000 
2877 0.000000 
2878 -0.000000 
2879 0.000000 
2880 -0.000000 
2881 0.000000 
2882 -0.000000 
2883 0.000000 
2884 -0.000000 
2885 0.000000 
2886 -0.000000 
2887 0.000000 
2888 -0.000000 
2889 0.000000 
2890 -0.000000 
2891 0.000000 
2892 -0.000000 
2893 0.000000 
2894 -0.000000 
2895 0.000000 
2896 -0.000000 
2897 0.000000 
2898 -0.000000 
2899 0.000000 
2900 -0.000000 
2901 0.000000 
2902 -0.000000 
2903 0.000000 
2904 -0.000000 
2905 0.000000 
2906 -0.000000 
2907 0.000000 
2908 -0.000000 
2909 0.000000 
2910 -0.000000 
2911 0.000000 
2912 -0.000000 
2913 0.000000 
2914 -0.000000 
2915 0.000000 
2916 -0.000000 
2917 -0.000000 
2918 0.000000 
2919 -0.000000 
2920 0.000000 
2921 -0.000000 
2922 0.000000 
2923 -0.000000 
2924 0.000000 
2925 -0.000000 
2926 0.000000 
2927 -0.000000 
2928 0.000000 
2929 -0.000000 
2930 0.000000 
2931 -0.000000 
2932 0.000000 
2933 -0.000000 
2934 0.000000 
2935 -0.000000 
2936 0.000000 
2937 -0.000000 
2938 0.000000 
2939 -0.000000 
2940 0.000000 
2941 -0.000000 
2942 0.000000 
2943 -0.000000 
2944 0.000000 
2945 -0.000000 
2946 0.000000 
2947 -0.000000 
2948 0.000000 
2949 -0.000000 
2950 0.000000 
2951 -0.000000 
2952 0.000000 
2953 -0.000000 
2954 0.000000 
2955 -0.000000 
2956 0.000000 
2957 -0.000000 
2958 0.000000 
2959 -0.000000 
2960 0.000000 
2961 -0.000000 
2962 0.000000 
2963 -0.000000 
2964 0.000000 
2965 -0.000000 
2966 0.000000 
2967 -0.000000 
2968 0.000000 
2969 -0.000000 
2970 0.000000 
2971 -0.000000 
2972 0.000000 
2973 -0.000000 
2974 0.000000 
2975 -0.000000 
2976 0.000000 
2977 -0.000000 
2978 0.000000 
2979 -0.000000 
2980 0.000000 
2981 -0.000000 
2982 0.000000 
2983 -0.000000 
2984 0.000000 
2985 -0.000000 
2986 0.000000 
2987 -0.000000 
2988 0.000000 
2989 -0.000000 
2990 0.000000 
2991 -0.000000 
2992 0.000000 
2993 -0.000000 
2994 0.000000 
2995 -0.000000 
2996 0.000000 
2997 -0.000000 
2998 0.000000 
2999 -0.000000 
3000 0.000000 
3001 -0.000000 
3002 0.000000 
3003 -0.000000 
3004 0.000000 
3005 -0.000000 
3006 0.000000 
3007 -0.000000 
3008 0.000000 
3009 -0.000000 
3010 0.000000 
3011 -0.000000 
3012 0.000000 
3013 -0.000000 
3014 0.000000 
3015 -0.000000 
3016 0.000000 
3017 -0.000000 
3018 0.000000 
3019 -0.000000 
3020 0.000000 
3021 -0.000000 
3022 0.000000 
3023 -0.000000 
3024 0.000000 
3025 -0.000000 
3026 0.000000 
3027 -0.000000 
3028 0.000000 
3029 -0.000000 
3030 0.000000 
3031 -0.000000 
3032 0.000000 
3033 -0.000000 
3034 0.000000 
3035 -0.000000 
3036 0.000000 
3037 -0.000000 
3038 0.000000 
3039 -0.000000 
3040 0.000000 
3041 -0.000000 
3042 0.000000 
3043 -0.000000 
3044 0.000000 
3045 -0.000000 
3046 0.000000 
3047 -0.000000 
3048 0.000000 
3049 -0.000000 
3050 0.000000 
3051 -0.000000 
3052 0.000000 
3053 -0.000000 
3054 0.000000 
3055 -0.000000 
3056 0.000000 
3057 -0.000000 
3058 0.000000 
3059 -0.000000 
3060 0.000000 
3061 -0.000000 
3062 0.000000 
3063 -0.000000 
3064 0.000000 
3065 -0.000000 
3066 0.000000 
3067 -0.000000 
3068 0.000000 
3069 -0.000000 
3070 0.000000 
3071 -0.000000 
3072 0.000000 
3073 -0.000000 
3074 0.000000 
3075 -0.000000 
3076 0.000000 
3077 -0.000000 
3078 0.000000 
3079 -0.000000 
3080 0.000000 
3081 -0.000000 
3082 0.000000 
3083 -0.000000 
3084 0.000000 
3085 -0.000000 
3086 0.000000 
3087 -0.000000 
3088 0.000000 
3089 -0.000000 
3090 0.000000 
3091 -0.000000 
3092 0.000000 
3093 -0.000000 
3094 0.000000 
3095 -0.000000 
3096 0.000000 
3097 -0.000000 
3098 0.000000 
3099 -0.000000 
3100 0.000000 
3101 -0.000000 
3102 -0.000000 
3103 0.000000 
3104 -0.000000 
3105 0.000000 
3106 -0.000000 
3107 0.000000 
3108 -0.000000 
3109 0.000000 
3110 -0.000000 
3111 0.000000 
3112 -0.000000 
3113 0.000000 
3114 -0.000000 
3115 0.000000 
3116 -0.000000 
3117 0.000000 
3118 -0.000000 
3119 0.000000 
3120 -0.000000 
3121 0.000000 
3122 -0.000000 
3123 0.000000 
3124 -0.000000 
3125 0.000000 
3126 -0.000000 
3127 0.000000 
3128 -0.000000 
3129 0.000000 
3130 -0.000000 
3131 0.000000 
3132 -0.000000 
3133 0.000000 
3134 -0.000000 
3135 0.000000 
3136 -0.000000 
3137 0.000000 
3138 -0.000000 
3139 0.000000 
3140 -0.000000 
3141 0.000000 
3142 -0.000000 
3143 0.000000 
3144 -0.000000 
3145 0.000000 
3146 -0.000000 
3147 0.000000 
3148 -0.000000 
3149 0.000000 
3150 -0.000000 
3151 0.000000 
3152 -0.000000 
3153 0.000000 
3154 -0.000000 
3155 0.000000 
3156 -0.000000 
3157 0.000000 
3158 -0.000000 
3159 0.000000 
3160 -0.000000 
3161 0.000000 
3162 -0.000000 
3163 0.000000 
3164 -0.000000 
3165 0.000000 
3166 -0.000000 
3167 0.000000 
3168 -0.000000 
3169 0.000000 
3170 -0.000000 
3171 0.000000 
3172 -0.000000 
3173 0.000000 
3174 -0.000000 
3175 0.000000 
3176 -0.000000 
3177 0.000000 
3178 -0.000000 
3179 0.000000 
3180 -0.000000 
3181 0.000000 
3182 -0.000000 
3183 0.000000 
3184 -0.000000 
3185 0.000000 
3186 -0.000000 
3187 0.000000 
3188 -0.000000 
3189 0.000000 
3190 -0.000000 
3191 0.000000 
3192 -0.000000 
3193 0.000000 
3194 -0.000000 
3195 0.000000 
3196 -0.000000 
3197 0.000000 
3198 -0.000000 
3199 0.000000 
3200 -0.000000 
3201 0.000000 
3202 -0.000000 
3203 0.000000 
3204 -0.000000 
3205 0.000000 
3206 -0.000000 
3207 0.000000 
3208 -0.000000 
3209 0.000000 
3210 -0.000000 
3211 0.000000 
3212 -0.000000 
3213 0.000000 
3214 -0.000000 
3215 0.000000 
3216 -0.000000 
3217 0.000000 
3218 -0.000000 
3219 0.000000 
3220 -0.000000 
3221 0.000000 
3222 -0.000000 
3223 0.000000 
3224 -0.000000 
3225 0.000000 
3226 -0.000000 
3227 0.000000 
3228 -0.000000 
3229 0.000000 
3230 -0.000000 
3231 0.000000 
3232 -0.000000 
3233 0.000000 
3234 -0.000000 
3235 0.000000 
3236 -0.000000 
3237 0.000000 
3238 -0.000000 
3239 0.000000 
3240 -0.000000 
3241 0.000000 
3242 -0.000000 
3243 0.000000 
3244 -0.000000 
3245 0.000000 
3246 -0.000000 
3247 0.000000 
3248 -0.000000 
3249 0.000000 
3250 -0.000000 
3251 0.000000 
3252 -0.000000 
3253 0.000000 
3254 -0.000000 
3255 0.000000 
3256 -0.000000 
3257 0.000000 
3258 -0.000000 
3259 0.000000 
3260 -0.000000 
3261 0.000000 
3262 -0.000000 
3263 0.000000 
3264 -0.000000 
3265 0.000000 
3266 -0.000000 
3267 0.000000 
3268 -0.000000 
3269 0.000000 
3270 -0.000000 
3271 0.000000 
3272 -0.000000 
3273 0.000000 
3274 -0.000000 
3275 0.000000 
3276 -0.000000 
3277 0.000000 
3278 -0.000000 
3279 0.000000 
3280 -0.000000 
3281 0.000000 
3282 -0.000000 
3283 -0.000000 
3284 0.000000 
3285 -0.000000 
3286 0.000000 
3287 -0.000000 
3288 0.000000 
3289 -0.000000 
3290 0.000000 
3291 -0.000000 
3292 0.000000 
3293 -0.000000 
3294 0.000000 
3295 -0.000000 
3296 0.000000 
3297 -0.000000 
3298 0.000000 
3299 -0.000000 
3300 0.000000 
3301 -0.000000 
3302 0.000000 
3303 -0.000000 
3304 0.000000 
3305 -0.000000 
3306 0.000000 
3307 -0.000000 
3308 0.000000 
3309 -0.000000 
3310 0.000000 
3311 -0.000000 
3312 0.000000 
3313 -0.000000 
3314 0.000000 
3315 -0.000000 
3316 0.000000 
3317 -0.000000 
3318 0.000000 
3319 -0.000000 
3320 0.000000 
3321 -0.000000 
3322 0.000000 
3323 -0.000000 
3324 0.000000 
3325 -0.000000 
3326 0.000000 
3327 -0.000000 
3328 0.000000 
3329 -0.000000 
3330 0.000000 
3331 -0.000000 
3332 0.000000 
3333 -0.000000 
3334 0.000000 
3335 -0.000000 
3336 0.000000 
3337 -0.000000 
3338 0.000000 
3339 -0.000000 
3340 0.000000 
3341 -0.000000 
3342 0.000000 
3343 -0.000000 
3344 0.000000 
3345 -0.000000 
3346 0.000000 
3347 -0.000000 
3348 0.000000 
3349 -0.000000 
3350 0.000000 
3351 -0.000000 
3352 0.000000 
3353 -0.000000 
3354 0.000000 
3355 -0.000000 
3356 0.000000 
3357 -0.000000 
3358 0.000000 
3359 -0.000000 
3360 0.000000 
3361 -0.000000 
3362 0.000000 
3363 -0.000000 
3364 0.000000 
3365 -0.000000 
3366 0.000000 
3367 -0.000000 
3368 0.000000 
3369 -0.000000 
3370 0.000000 
3371 -0.000000 
3372 0.000000 
3373 -0.000000 
3374 0.000000 
3375 -0.000000 
3376 0.000000 
3377 -0.000000 
3378 0.000000 
3379 -0.000000 
3380 0.000000 
3381 -0.000000 
3382 -0.000000 
3383 0.000000 
3384 -0.000000 
3385 0.000000 
3386 -0.000000 
3387 0.000000 
3388 -0.000000 
3389 0.000000 
3390 -0.000000 
3391 0.000000 
3392 -0.000000 
3393 0.000000 
3394 -0.000000 
3395 0.000000 
3396 -0.000000 
3397 0.000000 
3398 -0.000000 
3399 0.000000 
3400 -0.000000 
3401 0.000000 
3402 -0.000000 
3403 0.000000 
3404 -0.000000 
3405 0.000000 
3406 -0.000000 
3407 0.000000 
3408 -0.000000 
3409 0.000000 
3410 -0.000000 
3411 0.000000 
3412 -0.000000 
3413 0.000000 
3414 -0.000000 
3415 0.000000 
3416 -0.000000 
3417 0.000000 
3418 -0.000000 
3419 0.000000 
3420 -0.000000 
3421 0.000000 
3422 -0.000000 
3423 0.000000 
3424 -0.000000 
3425 0.000000 
3426 -0.000000 
3427 0.000000 
3428 -0.000000 
3429 0.000000 
3430 -0.000000 
3431 0.000000 
3432 -0.000000 
3433 0.000000 
3434 -0.000000 
3435 0.000000 
3436 -0.000000 
3437 0.000000 
3438 -0.000000 
3439 0.000000 
3440 -0.000000 
3441 0.000000 
3442 -0.000000 
3443 0.000000 
3444 -0.000000 
3445 0.000000 
3446 -0.000000 
3447 0.000000 
3448 -0.000000 
3449 0.000000 
3450 -0.000000 
3451 0.000000 
3452 -0.000000 
3453 0.000000 
3454 -0.000000 
3455 0.000000 
3456 -0.000000 
3457 0.000000 
3458 -0.000000 
3459 0.000000 
3460 -0.000000 
3461 0.000000 
3462 -0.000000 
3463 0.000000 
3464 -0.000000 
3465 0.000000 
3466 -0.000000 
3467 0.000000 
3468 -0.000000 
3469 0.000000 
3470 -0.000000 
3471 0.000000 
3472 -0.000000 
3473 0.000000 
3474 -0.000000 
3475 0.000000 
3476 -0.000000 
3477 0.000000 
3478 -0.000000 
3479 0.000000 
3480 -0.000000 
3481 0.000000 
3482 -0.000000 
3483 0.000000 
3484 -0.000000 
3485 0.000000 
3486 -0.000000 
3487 0.000000 
3488 -0.000000 
3489 0.000000 
3490 -0.000000 
3491 0.000000 
3492 -0.000000 
3493 0.000000 
3494 -0.000000 
3495 0.000000 
3496 -0.000000 
3497 0.000000 
3498 -0.000000 
3499 0.000000 
3500 -0.000000 
3501 0.000000 
3502 -0.000000 
3503 0.000000 
3504 -0.000000 
3505 0.000000 
3506 -0.000000 
3507 0.000000 
3508 -0.000000 
3509 0.000000 
3510 -0.000000 
3511 0.000000 
3512 -0.000000 
3513 0.000000 
3514 -0.000000 
3515 0.000000 
3516 -0.000000 
3517 0.000000 
3518 -0.000000 
3519 0.000000 
3520 -0.000000 
3521 0.000000 
3522 -0.000000 
3523 0.000000 
3524 -0.000000 
3525 0.000000 
3526 -0.000000 
3527 0.000000 
3528 -0.000000 
3529 0.000000 
3530 -0.000000 
3531 0.000000 
3532 -0.000000 
3533 0.000000 
3534 -0.000000 
3535 0.000000 
3536 -0.000000 
3537 0.000000 
3538 -0.000000 
3539 0.000000 
3540 -0.000000 
3541 -0.000000 
3542 0.000000 
3543 -0.000000 
3544 0.000000 
3545 -0.000000 
3546 0.000000 
3547 -0.000000 
3548 0.000000 
3549 -0.000000 
3550 0.000000 
3551 -0.000000 
3552 0.000000 
3553 -0.000000 
3554 0.000000 
3555 -0.000000 
3556 0.000000 
3557 -0.000000 
3558 0.000000 
3559 -0.000000 
3560 0.000000 
3561 -0.000000 
3562 0.000000 
3563 -0.000000 
3564 0.000000 
3565 -0.000000 
3566 0.000000 
3567 -0.000000 
3568 0.000000 
3569 -0.000000 
3570 0.000000 
3571 -0.000000 
3572 0.000000 
3573 -0.000000 
3574 0.000000 
3575 -0.000000 
3576 0.000000 
3577 -0.000000 
3578 0.000000 
3579 -0.000000 
3580 0.000000 
3581 -0.000000 
3582 0.000000 
3583 -0.000000 
3584 0.000000 
3585 -0.000000 
3586 0.000000 
3587 -0.000000 
3588 0.000000 
3589 -0.000000 
3590 0.000000 
3591 -0.000000 
3592 0.000000 
3593 -0.000000 
3594 0.000000 
3595 -0.000000 
3596 0.000000 
3597 -0.000000 
3598 0.000000 
3599 -0.000000 
3600 0.000000 
3601 -0.000000 
3602 -0.000000 
3603 0.000000 
3604 -0.000000 
3605 0.000000 
3606 -0.000000 
3607 0.000000 
3608 -0.000000 
3609 0.000000 
3610 -0.000000 
3611 0.000000 
3612 -0.000000 
3613 0.000000 
3614 -0.000000 
3615 0.000000 
3616 -0.000000 
3617 0.000000 
3618 -0.000000 
3619 0.000000 
3620 -0.000000 
3621 0.000000 
3622 -0.000000 
3623 0.000000 
3624 -0.000000 
3625 0.000000 
3626 -0.000000 
3627 0.000000 
3628 -0.000000 
3629 0.000000 
3630 -0.000000 
3631 0.000000 
3632 -0.000000 
3633 0.000000 
3634 -0.000000 
3635 0.000000 
3636 -0.000000 
3637 0.000000 
3638 -0.000000 
3639 0.000000 
3640 -0.000000 
3641 0.000000 
3642 -0.000000 
3643 0.000000 
3644 -0.000000 
3645 0.000000 
3646 -0.000000 
3647 0.000000 
3648 -0.000000 
3649 0.000000 
3650 -0.000000 
3651 0.000000 
3652 -0.000000 
3653 0.000000 
3654 -0.000000 
3655 0.000000 
3656 -0.000000 
3657 0.000000 
3658 -0.000000 
3659 0.000000 
3660 -0.000000 
3661 0.000000 
3662 -0.000000 
3663 0.000000 
3664 -0.000000 
3665 0.000000 
3666 -0.000000 
3667 0.000000 
3668 -0.000000 
3669 0.000000 
3670 -0.000000 
3671 0.000000 
3672 -0.000000 
3673 0.000000 
3674 -0.000000 
3675 0.000000 
3676 -0.000000 
3677 0.000000 
3678 -0.000000 
3679 0.000000 
3680 -0.000000 
3681 0.000000 
3682 -0.000000 
3683 0.000000 
3684 -0.000000 
3685 0.000000 
3686 -0.000000 
3687 0.000000 
3688 -0.000000 
3689 0.000000 
3690 -0.000000 
3691 0.000000 
3692 -0.000000 
3693 0.000000 
3694 -0.000000 
3695 0.000000 
3696 -0.000000 
3697 0.000000 
3698 -0.000000 
3699 0.000000 
3700 -0.000000 
3701 0.000000 
3702 -0.000000 
3703 0.000000 
3704 -0.000000 
3705 0.000000 
3706 -0.000000 
3707 0.000000 
3708 -0.000000 
3709 0.000000 
3710 -0.000000 
3711 0.000000 
3712 -0.000000 
3713 0.000000 
3714 -0.000000 
3715 0.000000 
3716 -0.000000 
3717 0.000000 
3718 -0.000000 
3719 0.000000 
3720 -0.000000 
3721 0.000000 
3722 -0.000000 
3723 0.000000 
3724 -0.000000 
3725 0.000000 
3726 -0.000000 
3727 0.000000 
3728 -0.000000 
3729 0.000000 
3730 -0.000000 
3731 0.000000 
3732 -0.000000 
3733 0.000000 
3734 -0.000000 
3735 0.000000 
3736 -0.000000 
3737 0.000000 
3738 -0.000000 
3739 0.000000 
3740 -0.000000 
3741 0.000000 
3742 -0.000000 
3743 0.000000 
3744 -0.000000 
3745 0.000000 
3746 -0.000000 
3747 0.000000 
3748 -0.000000 
3749 0.000000 
3750 -0.000000 
3751 0.000000 
3752 -0.000000 
3753 0.000000 
3754 -0.000000 
3755 0.000000 
3756 -0.000000 
3757 -0.000000 
3758 0.000000 
3759 -0.000000 
3760 0.000000 
3761 -0.000000 
3762 0.000000 
3763 -0.000000 
3764 0.000000 
3765 -0.000000 
3766 0.000000 
3767 -0.000000 
3768 0.000000 
3769 -0.000000 
3770 0.000000 
3771 -0.000000 
3772 0.000000 
3773 -0.000000 
3774 0.000000 
3775 -0.000000 
3776 0.000000 
3777 -0.000000 
3778 0.000000 
3779 -0.000000 
3780 0.000000 
3781 -0.000000 
3782 0.000000 
3783 -0.000000 
3784 0.000000 
3785 -0.000000 
3786 0.000000 
3787 -0.000000 
3788 0.000000 
3789 -0.000000 
3790 0.000000 
3791 -0.000000 
3792 0.000000 
3793 -0.000000 
3794 0.000000 
3795 -0.000000 
3796 0.000000 
3797 -0.000000 
3798 0.000000 
3799 -0.000000 
3800 0.000000 
3801 -0.000000 
3802 0.000000 
3803 -0.000000 
3804 0.000000 
3805 -0.000000 
3806 0.000000 
3807 -0.000000 
3808 0.000000 
3809 -0.000000 
3810 0.000000 
3811 -0.000000 
3812 0.000000 
3813 -0.000000 
3814 0.000000 
3815 -0.000000 
3816 0.000000 
3817 -0.000000 
3818 0.000000 
3819 -0.000000 
3820 0.000000 
3821 -0.000000 
3822 0.000000 
3823 -0.000000 
3824 0.000000 
3825 -0.000000 
3826 0.000000 
3827 -0.000000 
3828 0.000000 
3829 -0.000000 
3830 0.000000 
3831 -0.000000 
3832 0.000000 
3833 -0.000000 
3834 0.000000 
3835 -0.000000 
3836 0.000000 
3837 -0.000000 
3838 0.000000 
3839 -0.000000 
3840 0.000000 
3841 -0.000000 
3842 0.000000 
3843 -0.000000 
3844 0.000000 
3845 -0.000000 
3846 0.000000 
3847 -0.000000 
3848 0.000000 
3849 -0.000000 
3850 0.000000 
3851 -0.000000 
3852 0.000000 
3853 -0.000000 
3854 0.000000 
3855 -0.000000 
3856 0.000000 
3857 -0.000000 
3858 0.000000 
3859 -0.000000 
3860 0.000000 
3861 -0.000000 
3862 0.000000 
3863 -0.000000 
3864 0.000000 
3865 -0.000000 
3866 0.000000 
3867 -0.000000 
3868 0.000000 
3869 -0.000000 
3870 0.000000 
3871 -0.000000 
3872 0.000000 
3873 -0.000000 
3874 0.000000 
3875 -0.000000 
3876 0.000000 
3877 -0.000000 
3878 0.000000 
3879 -0.000000 
3880 0.000000 
3881 -0.000000 
3882 0.000000 
3883 -0.000000 
3884 0.000000 
3885 -0.000000 
3886 0.000000 
3887 -0.000000 
3888 0.000000 
3889 -0.000000 
3890 0.000000 
3891 -0.000000 
3892 0.000000 
3893 -0.000000 
3894 0.000000 
3895 -0.000000 
3896 -0.000000 
3897 0.000000 
3898 -0.000000 
3899 0.000000 
3900 -0.000000 
3901 0.000000 
3902 -0.000000 
3903 0.000000 
3904 -0.000000 
3905 0.000000 
3906 -0.000000 
3907 0.000000 
3908 -0.000001 
3909 0.000001 
3910 -0.000001 
3911 0.000001 
3912 -0.000001 
3913 0.000001 
3914 -0.000001 
3915 0.000001 
3916 -0.000001 
3917 0.000001 
3918 -0.000001 
3919 0.000002 
3920 -0.000002 
3921 0.000002 
3922 -0.000002 
3923 0.000002 
3924 -0.000002 
3925 0.000003 
3926 -0.000003 
3927 0.000003 
3928 -0.000003 
3929 0.000003 
3930 -0.000004 
3931 0.000004 
3932 -0.000004 
3933 0.000004 
3934 -0.000005 
3935 0.000005 
3936 -0.000005 
3937 0.000006 
3938 -0.000006 
3939 0.000006 
3940 -0.000007 
3941 0.000007 
3942 -0.000007 
3943 0.000008 
3944 -0.000008 
3945 0.000009 
3946 -0.000009 
3947 0.000010 
3948 -0.000010 
3949 0.000011 
3950 -0.000011 
3951 0.000012 
3952 -0.000013 
3953 0.000013 
3954 -0.000014 
3955 0.000015 
3956 -0.000015 
3957 0.000016 
3958 -0.000017 
3959 0.000018 
3960 -0.000018 
3961 0.000019 
3962 -0.000020 
3963 0.000021 
3964 -0.000022 
3965 0.000023 
3966 -0.000024 
3967 0.000025 
3968 -0.000026 
3969 0.000027 
3970 -0.000028 
3971 0.000030 
3972 -0.000031 
3973 0.000032 
3974 -0.000033 
3975 0.000035 
3976 -0.000036 
3977 0.000037 
3978 -0.000039 
3979 0.000040 
3980 -0.000041 
3981 0.000043 
3982 -0.000044 
3983 0.000046 
3984 -0.000047 
3985 0.000049 
3986 -0.000051 
3987 0.000052 
3988 -0.000054 
3989 0.000055 
3990 -0.000057 
3991 0.000058 
3992 -0.000060 
3993 0.000061 
3994 -0.000063 
3995 0.000064 
3996 -0.000066 
3997 0.000067 
3998 -0.000069 
3999 0.000070 
4000 -0.000071 
