0 -0.019386 
1 0.019084 
2 -0.018773 
3 0.018454 
4 -0.018127 
5 0.017794 
6 -0.017455 
7 0.017112 
8 -0.016765 
9 0.016414 
10 -0.016061 
11 0.015706 
12 -0.015350 
13 0.014994 
14 -0.014637 
15 0.014280 
16 -0.013925 
17 0.013571 
18 -0.013218 
19 0.012868 
20 -0.012521 
21 0.012176 
22 -0.011835 
23 0.011497 
24 -0.011164 
25 0.010834 
26 -0.010509 
27 0.010188 
28 -0.009872 
29 0.009561 
30 -0.009255 
31 0.008955 
32 -0.008660 
33 0.008370 
34 -0.008086 
35 0.007807 
36 -0.007534 
37 0.007267 
38 -0.007006 
39 0.006751 
40 -0.006501 
41 0.006258 
42 -0.006020 
43 0.005788 
44 -0.005562 
45 0.005342 
46 -0.005128 
47 0.004919 
48 -0.004716 
49 0.004519 
50 -0.004328 
51 0.004142 
52 -0.003961 
53 0.003786 
54 -0.003617 
55 0.003452 
56 -0.003293 
57 0.003139 
58 -0.002990 
59 0.002846 
60 -0.002707 
61 0.002572 
62 -0.002442 
63 0.002317 
64 -0.002196 
65 0.002080 
66 -0.001968 
67 0.001860 
68 -0.001756 
69 0.001657 
70 -0.001561 
71 0.001469 
72 -0.001380 
73 0.001296 
74 -0.001214 
75 0.001137 
76 -0.001062 
77 0.000991 
78 -0.000923 
79 0.000858 
80 -0.000796 
81 0.000736 
82 -0.000680 
83 0.000626 
84 -0.000575 
85 0.000526 
86 -0.000480 
87 0.000436 
88 -0.000394 
89 0.000355 
90 -0.000317 
91 0.000282 
92 -0.000248 
93 0.000217 
94 -0.000187 
95 0.000159 
96 -0.000133 
97 0.000108 
98 -0.000085 
99 0.000063 
100 -0.000043 
101 0.000024 
102 -0.000007 
103 -0.000010 
104 0.000025 
105 -0.000039 
106 0.000052 
107 -0.000064 
108 0.000075 
109 -0.000085 
110 0.000094 
111 -0.000103 
112 0.000110 
113 -0.000117 
114 0.000123 
115 -0.000129 
116 0.000133 
117 -0.000137 
118 0.000141 
119 -0.000144 
120 0.000147 
121 -0.000149 
122 0.000151 
123 -0.000152 
124 0.000153 
125 -0.000153 
126 0.000153 
127 -0.000153 
128 0.000153 
129 -0.000152 
130 0.000151 
131 -0.000150 
132 0.000149 
133 -0.000147 
134 0.000145 
135 -0.000143 
136 0.000141 
137 -0.000139 
138 0.000137 
139 -0.000134 
140 0.000132 
141 -0.000129 
142 0.000127 
143 -0.000124 
144 0.000121 
145 -0.000119 
146 0.000116 
147 -0.000113 
148 0.000110 
149 -0.000107 
150 0.000105 
151 -0.000102 
152 0.000099 
153 -0.000096 
154 0.000093 
155 -0.000091 
156 0.000088 
157 -0.000085 
158 0.000083 
159 -0.000080 
160 0.000077 
161 -0.000075 
162 0.000072 
163 -0.000070 
164 0.000067 
165 -0.000065 
166 0.000063 
167 -0.000060 
168 0.000058 
169 -0.000056 
170 0.000054 
171 -0.000052 
172 0.000050 
173 -0.000048 
174 0.000046 
175 -0.000044 
176 0.000042 
177 -0.000041 
178 0.000039 
179 -0.000037 
180 0.000036 
181 -0.000034 
182 0.000033 
183 -0.000031 
184 0.000030 
185 -0.000029 
186 0.000027 
187 -0.000026 
188 0.000025 
189 -0.000024 
190 0.000023 
191 -0.000021 
192 0.000020 
193 -0.000019 
194 0.000018 
195 -0.000018 
196 0.000017 
197 -0.000016 
198 0.000015 
199 -0.000014 
200 0.000013 
201 -0.000013 
202 0.000012 
203 -0.000011 
204 0.000011 
205 -0.000010 
206 0.000010 
207 -0.000009 
208 0.000008 
209 -0.000008 
210 0.000007 
211 -0.000007 
212 0.000007 
213 -0.000006 
214 0.000006 
215 -0.000005 
216 0.000005 
217 -0.000005 
218 0.000004 
219 -0.000004 
220 0.000004 
221 -0.000004 
222 0.000003 
223 -0.000003 
224 0.000003 
225 -0.000003 
226 0.000002 
227 -0.000002 
228 0.000002 
229 -0.000002 
230 0.000002 
231 -0.000002 
232 0.000001 
233 -0.000001 
234 0.000001 
235 -0.000001 
236 0.000001 
237 -0.000001 
238 0.000001 
239 -0.000001 
240 0.000001 
241 -0.000000 
242 0.000000 
243 -0.000000 
244 0.000000 
245 -0.000000 
246 0.000000 
247 -0.000000 
248 0.000000 
249 -0.000000 
250 -0.000000 
251 0.000000 
252 -0.000000 
253 0.000000 
254 -0.000000 
255 0.000000 
256 -0.000000 
257 0.000000 
258 -0.000000 
259 0.000000 
260 -0.000000 
261 0.000000 
262 -0.000000 
263 0.000000 
264 -0.000000 
265 0.000000 
266 -0.000000 
267 0.000000 
268 -0.000000 
269 0.000000 
270 -0.000000 
271 0.000000 
272 -0.000000 
273 0.000000 
274 -0.000000 
275 0.000000 
276 -0.000000 
277 0.000000 
278 -0.000000 
279 0.000000 
280 -0.000000 
281 0.000000 
282 -0.000000 
283 0.000000 
284 -0.000000 
285 0.000000 
286 -0.000000 
287 0.000000 
288 -0.000000 
289 0.000000 
290 -0.000000 
291 0.000000 
292 -0.000000 
293 0.000000 
294 -0.000000 
295 0.000000 
296 -0.000000 
297 0.000000 
298 -0.000000 
299 0.000000 
300 -0.000000 
301 0.000000 
302 -0.000000 
303 0.000000 
304 -0.000000 
305 0.000000 
306 -0.000000 
307 0.000000 
308 -0.000000 
309 0.000000 
310 -0.000000 
311 0.000000 
312 -0.000000 
313 0.000000 
314 -0.000000 
315 0.000000 
316 -0.000000 
317 0.000000 
318 -0.000000 
319 0.000000 
320 -0.000000 
321 0.000000 
322 -0.000000 
323 0.000000 
324 -0.000000 
325 0.000000 
326 -0.000000 
327 0.000000 
328 -0.000000 
329 0.000000 
330 -0.000000 
331 0.000000 
332 -0.000000 
333 0.000000 
334 -0.000000 
335 0.000000 
336 -0.000000 
337 0.000000 
338 -0.000000 
339 0.000000 
340 -0.000000 
341 0.000000 
342 -0.000000 
343 0.000000 
344 -0.000000 
345 0.000000 
346 -0.000000 
347 0.000000 
348 -0.000000 
349 0.000000 
350 -0.000000 
351 0.000000 
352 -0.000000 
353 0.000000 
354 -0.000000 
355 0.000000 
356 -0.000000 
357 0.000000 
358 -0.000000 
359 0.000000 
360 -0.000000 
361 0.000000 
362 -0.000000 
363 0.000000 
364 -0.000000 
365 0.000000 
366 -0.000000 
367 0.000000 
368 -0.000000 
369 0.000000 
370 -0.000000 
371 0.000000 
372 -0.000000 
373 0.000000 
374 -0.000000 
375 0.000000 
376 -0.000000 
377 0.000000 
378 -0.000000 
379 0.000000 
380 -0.000000 
381 0.000000 
382 -0.000000 
383 0.000000 
384 -0.000000 
385 0.000000 
386 -0.000000 
387 0.000000 
388 -0.000000 
389 0.000000 
390 -0.000000 
391 0.000000 
392 -0.000000 
393 0.000000 
394 -0.000000 
395 -0.000000 
396 0.000000 
397 -0.000000 
398 0.000000 
399 -0.000000 
400 0.000000 
401 -0.000000 
402 0.000000 
403 -0.000000 
404 0.000000 
405 -0.000000 
406 0.000000 
407 -0.000000 
408 0.000000 
409 -0.000000 
410 0.000000 
411 -0.000000 
412 0.000000 
413 -0.000000 
414 0.000000 
415 -0.000000 
416 0.000000 
417 -0.000000 
418 0.000000 
419 -0.000000 
420 0.000000 
421 -0.000000 
422 0.000000 
423 -0.000000 
424 0.000000 
425 -0.000000 
426 0.000000 
427 -0.000000 
428 0.000000 
429 -0.000000 
430 0.000000 
431 -0.000000 
432 0.000000 
433 -0.000000 
434 0.000000 
435 -0.000000 
436 0.000000 
437 -0.000000 
438 0.000000 
439 -0.000000 
440 0.000000 
441 -0.000000 
442 0.000000 
443 -0.000000 
444 0.000000 
445 -0.000000 
446 0.000000 
447 -0.000000 
448 0.000000 
449 -0.000000 
450 0.000000 
451 -0.000000 
452 0.000000 
453 -0.000000 
454 0.000000 
455 -0.000000 
456 0.000000 
457 -0.000000 
458 0.000000 
459 -0.000000 
460 0.000000 
461 -0.000000 
462 0.000000 
463 -0.000000 
464 0.000000 
465 -0.000000 
466 0.000000 
467 -0.000000 
468 0.000000 
469 -0.000000 
470 0.000000 
471 -0.000000 
472 0.000000 
473 -0.000000 
474 0.000000 
475 -0.000000 
476 0.000000 
477 -0.000000 
478 0.000000 
479 -0.000000 
480 0.000000 
481 -0.000000 
482 0.000000 
483 -0.000000 
484 0.000000 
485 -0.000000 
486 0.000000 
487 -0.000000 
488 0.000000 
489 -0.000000 
490 0.000000 
491 -0.000000 
492 0.000000 
493 -0.000000 
494 0.000000 
495 -0.000000 
496 0.000000 
497 -0.000000 
498 0.000000 
499 -0.000000 
500 0.000000 
501 -0.000000 
502 0.000000 
503 -0.000000 
504 0.000000 
505 -0.000000 
506 0.000000 
507 -0.000000 
508 0.000000 
509 -0.000000 
510 0.000000 
511 -0.000000 
512 0.000000 
513 -0.000000 
514 0.000000 
515 -0.000000 
516 0.000000 
517 -0.000000 
518 0.000000 
519 -0.000000 
520 0.000000 
521 -0.000000 
522 0.000000 
523 -0.000000 
524 0.000000 
525 -0.000000 
526 0.000000 
527 -0.000000 
528 0.000000 
529 -0.000000 
530 0.000000 
531 -0.000000 
532 0.000000 
533 -0.000000 
534 0.000000 
535 -0.000000 
536 0.000000 
537 -0.000000 
538 0.000000 
539 -0.000000 
540 0.000000 
541 0.000000 
542 -0.000000 
543 0.000000 
544 -0.000000 
545 0.000000 
546 -0.000000 
547 0.000000 
548 -0.000000 
549 0.000000 
550 -0.000000 
551 0.000000 
552 -0.000000 
553 0.000000 
554 -0.000000 
555 0.000000 
556 -0.000000 
557 0.000000 
558 -0.000000 
559 0.000000 
560 -0.000000 
561 0.000000 
562 -0.000000 
563 0.000000 
564 -0.000000 
565 0.000000 
566 -0.000000 
567 0.000000 
568 -0.000000 
569 0.000000 
570 -0.000000 
571 0.000000 
572 -0.000000 
573 0.000000 
574 -0.000000 
575 0.000000 
576 -0.000000 
577 0.000000 
578 -0.000000 
579 0.000000 
580 -0.000000 
581 0.000000 
582 -0.000000 
583 0.000000 
584 -0.000000 
585 0.000000 
586 -0.000000 
587 0.000000 
588 -0.000000 
589 0.000000 
590 -0.000000 
591 0.000000 
592 -0.000000 
593 0.000000 
594 -0.000000 
595 0.000000 
596 -0.000000 
597 0.000000 
598 -0.000000 
599 0.000000 
600 -0.000000 
601 0.000000 
602 -0.000000 
603 0.000000 
604 -0.000000 
605 0.000000 
606 -0.000000 
607 0.000000 
608 -0.000000 
609 0.000000 
610 -0.000000 
611 0.000000 
612 -0.000000 
613 0.000000 
614 -0.000000 
615 0.000000 
616 -0.000000 
617 0.000000 
618 -0.000000 
619 0.000000 
620 -0.000000 
621 0.000000 
622 -0.000000 
623 0.000000 
624 -0.000000 
625 0.000000 
626 -0.000000 
627 0.000000 
628 -0.000000 
629 0.000000 
630 -0.000000 
631 0.000000 
632 -0.000000 
633 0.000000 
634 -0.000000 
635 0.000000 
636 -0.000000 
637 0.000000 
638 -0.000000 
639 0.000000 
640 -0.000000 
641 0.000000 
642 -0.000000 
643 0.000000 
644 -0.000000 
645 0.000000 
646 -0.000000 
647 0.000000 
648 -0.000000 
649 0.000000 
650 -0.000000 
651 0.000000 
652 -0.000000 
653 0.000000 
654 -0.000000 
655 0.000000 
656 -0.000000 
657 0.000000 
658 -0.000000 
659 0.000000 
660 -0.000000 
661 0.000000 
662 -0.000000 
663 0.000000 
664 -0.000000 
665 0.000000 
666 -0.000000 
667 0.000000 
668 -0.000000 
669 0.000000 
670 -0.000000 
671 0.000000 
672 -0.000000 
673 0.000000 
674 -0.000000 
675 0.000000 
676 -0.000000 
677 0.000000 
678 -0.000000 
679 0.000000 
680 -0.000000 
681 0.000000 
682 -0.000000 
683 0.000000 
684 -0.000000 
685 0.000000 
686 -0.000000 
687 0.000000 
688 -0.000000 
689 0.000000 
690 0.000000 
691 -0.000000 
692 0.000000 
693 -0.000000 
694 0.000000 
695 -0.000000 
696 0.000000 
697 -0.000000 
698 0.000000 
699 -0.000000 
700 0.000000 
701 -0.000000 
702 0.000000 
703 -0.000000 
704 0.000000 
705 -0.000000 
706 0.000000 
707 -0.000000 
708 0.000000 
709 -0.000000 
710 0.000000 
711 -0.000000 
712 0.000000 
713 -0.000000 
714 0.000000 
715 -0.000000 
716 0.000000 
717 -0.000000 
718 0.000000 
719 -0.000000 
720 0.000000 
721 -0.000000 
722 0.000000 
723 -0.000000 
724 0.000000 
725 -0.000000 
726 0.000000 
727 -0.000000 
728 0.000000 
729 -0.000000 
730 0.000000 
731 -0.000000 
732 0.000000 
733 -0.000000 
734 0.000000 
735 -0.000000 
736 0.000000 
737 -0.000000 
738 0.000000 
739 -0.000000 
740 0.000000 
741 -0.000000 
742 0.000000 
743 -0.000000 
744 0.000000 
745 -0.000000 
746 0.000000 
747 -0.000000 
748 0.000000 
749 -0.000000 
750 0.000000 
751 -0.000000 
752 0.000000 
753 -0.000000 
754 0.000000 
755 -0.000000 
756 0.000000 
757 -0.000000 
758 0.000000 
759 -0.000000 
760 0.000000 
761 -0.000000 
762 0.000000 
763 -0.000000 
764 0.000000 
765 -0.000000 
766 0.000000 
767 -0.000000 
768 0.000000 
769 -0.000000 
770 0.000000 
771 -0.000000 
772 0.000000 
773 -0.000000 
774 0.000000 
775 -0.000000 
776 0.000000 
777 -0.000000 
778 0.000000 
779 -0.000000 
780 0.000000 
781 -0.000000 
782 0.000000 
783 -0.000000 
784 0.000000 
785 -0.000000 
786 0.000000 
787 -0.000000 
788 0.000000 
789 -0.000000 
790 0.000000 
791 -0.000000 
792 0.000000 
793 -0.000000 
794 0.000000 
795 -0.000000 
796 0.000000 
797 -0.000000 
798 0.000000 
799 -0.000000 
800 0.000000 
801 -0.000000 
802 0.000000 
803 -0.000000 
804 0.000000 
805 -0.000000 
806 0.000000 
807 -0.000000 
808 0.000000 
809 -0.000000 
810 0.000000 
811 -0.000000 
812 0.000000 
813 -0.000000 
814 0.000000 
815 -0.000000 
816 0.000000 
817 -0.000000 
818 0.000000 
819 -0.000000 
820 0.000000 
821 -0.000000 
822 0.000000 
823 -0.000000 
824 0.000000 
825 -0.000000 
826 0.000000 
827 -0.000000 
828 0.000000 
829 -0.000000 
830 0.000000 
831 -0.000000 
832 0.000000 
833 -0.000000 
834 0.000000 
835 0.000000 
836 -0.000000 
837 0.000000 
838 -0.000000 
839 0.000000 
840 -0.000000 
841 0.000000 
842 -0.000000 
843 0.000000 
844 -0.000000 
845 0.000000 
846 -0.000000 
847 0.000000 
848 -0.000000 
849 0.000000 
850 -0.000000 
851 0.000000 
852 -0.000000 
853 0.000000 
854 -0.000000 
855 0.000000 
856 -0.000000 
857 0.000000 
858 -0.000000 
859 0.000000 
860 -0.000000 
861 0.000000 
862 -0.000000 
863 0.000000 
864 -0.000000 
865 0.000000 
866 -0.000000 
867 0.000000 
868 -0.000000 
869 0.000000 
870 -0.000000 
871 0.000000 
872 -0.000000 
873 0.000000 
874 -0.000000 
875 0.000000 
876 -0.000000 
877 0.000000 
878 -0.000000 
879 0.000000 
880 -0.000000 
881 0.000000 
882 -0.000000 
883 0.000000 
884 -0.000000 
885 0.000000 
886 -0.000000 
887 0.000000 
888 -0.000000 
889 0.000000 
890 -0.000000 
891 0.000000 
892 -0.000000 
893 0.000000 
894 -0.000000 
895 0.000000 
896 -0.000000 
897 0.000000 
898 -0.000000 
899 0.000000 
900 -0.000000 
901 0.000000 
902 -0.000000 
903 0.000000 
904 -0.000000 
905 0.000000 
906 -0.000000 
907 0.000000 
908 -0.000000 
909 0.000000 
910 -0.000000 
911 0.000000 
912 -0.000000 
913 0.000000 
914 -0.000000 
915 0.000000 
916 -0.000000 
917 0.000000 
918 -0.000000 
919 0.000000 
920 -0.000000 
921 0.000000 
922 -0.000000 
923 0.000000 
924 -0.000000 
925 0.000000 
926 -0.000000 
927 0.000000 
928 -0.000000 
929 0.000000 
930 -0.000000 
931 0.000000 
932 -0.000000 
933 0.000000 
934 -0.000000 
935 0.000000 
936 -0.000000 
937 0.000000 
938 -0.000000 
939 0.000000 
940 -0.000000 
941 0.000000 
942 -0.000000 
943 0.000000 
944 -0.000000 
945 0.000000 
946 -0.000000 
947 0.000000 
948 -0.000000 
949 0.000000 
950 -0.000000 
951 0.000000 
952 -0.000000 
953 0.000000 
954 -0.000000 
955 0.000000 
956 -0.000000 
957 0.000000 
958 -0.000000 
959 0.000000 
960 -0.000000 
961 0.000000 
962 -0.000000 
963 0.000000 
964 -0.000000 
965 0.000000 
966 -0.000000 
967 0.000000 
968 -0.000000 
969 0.000000 
970 -0.000000 
971 0.000000 
972 -0.000000 
973 0.000000 
974 -0.000000 
975 0.000000 
976 -0.000000 
977 0.000000 
978 -0.000000 
979 0.000000 
980 -0.000000 
981 0.000000 
982 -0.000000 
983 0.000000 
984 -0.000000 
985 0.000000 
986 -0.000000 
987 0.000000 
988 0.000000 
989 -0.000000 
990 0.000000 
991 -0.000000 
992 0.000000 
993 -0.000000 
994 0.000000 
995 -0.000000 
996 0.000000 
997 -0.000000 
998 0.000000 
999 -0.000000 
1000 0.000000 
1001 -0.000000 
1002 0.000000 
1003 -0.000000 
1004 0.000000 
1005 -0.000000 
1006 0.000000 
1007 -0.000000 
1008 0.000000 
1009 -0.000000 
1010 0.000000 
1011 -0.000000 
1012 0.000000 
1013 -0.000000 
1014 0.000000 
1015 -0.000000 
1016 0.000000 
1017 -0.000000 
1018 0.000000 
1019 -0.000000 
1020 0.000000 
1021 -0.000000 
1022 0.000000 
1023 -0.000000 
1024 0.000000 
1025 -0.000000 
1026 0.000000 
1027 -0.000000 
1028 0.000000 
1029 -0.000000 
1030 0.000000 
1031 -0.000000 
1032 0.000000 
1033 -0.000000 
1034 0.000000 
1035 -0.000000 
1036 0.000000 
1037 -0.000000 
1038 0.000000 
1039 -0.000000 
1040 0.000000 
1041 -0.000000 
1042 0.000000 
1043 -0.000000 
1044 0.000000 
1045 -0.000000 
1046 0.000000 
1047 -0.000000 
1048 0.000000 
1049 -0.000000 
1050 0.000000 
1051 -0.000000 
1052 0.000000 
1053 -0.000000 
1054 0.000000 
1055 -0.000000 
1056 0.000000 
1057 -0.000000 
1058 0.000000 
1059 -0.000000 
1060 0.000000 
1061 -0.000000 
1062 0.000000 
1063 -0.000000 
1064 0.000000 
1065 -0.000000 
1066 0.000000 
1067 -0.000000 
1068 0.000000 
1069 -0.000000 
1070 0.000000 
1071 -0.000000 
1072 0.000000 
1073 -0.000000 
1074 0.000000 
1075 -0.000000 
1076 0.000000 
1077 -0.000000 
1078 0.000000 
1079 -0.000000 
1080 0.000000 
1081 -0.000000 
1082 0.000000 
1083 -0.000000 
1084 0.000000 
1085 -0.000000 
1086 0.000000 
1087 -0.000000 
1088 0.000000 
1089 -0.000000 
1090 0.000000 
1091 -0.000000 
1092 0.000000 
1093 -0.000000 
1094 0.000000 
1095 -0.000000 
1096 0.000000 
1097 -0.000000 
1098 0.000000 
1099 -0.000000 
1100 0.000000 
1101 -0.000000 
1102 0.000000 
1103 -0.000000 
1104 0.000000 
1105 -0.000000 
1106 0.000000 
1107 -0.000000 
1108 0.000000 
1109 -0.000000 
1110 0.000000 
1111 -0.000000 
1112 0.000000 
1113 -0.000000 
1114 0.000000 
1115 -0.000000 
1116 0.000000 
1117 -0.000000 
1118 0.000000 
1119 -0.000000 
1120 0.000000 
1121 -0.000000 
1122 0.000000 
1123 0.000000 
1124 -0.000000 
1125 0.000000 
1126 -0.000000 
1127 0.000000 
1128 -0.000000 
1129 0.000000 
1130 -0.000000 
1131 0.000000 
1132 -0.000000 
1133 0.000000 
1134 -0.000000 
1135 0.000000 
1136 -0.000000 
1137 0.000000 
1138 -0.000000 
1139 0.000000 
1140 -0.000000 
1141 0.000000 
1142 -0.000000 
1143 0.000000 
1144 -0.000000 
1145 0.000000 
1146 -0.000000 
1147 0.000000 
1148 -0.000000 
1149 0.000000 
1150 -0.000000 
1151 0.000000 
1152 -0.000000 
1153 0.000000 
1154 -0.000000 
1155 0.000000 
1156 -0.000000 
1157 0.000000 
1158 -0.000000 
1159 0.000000 
1160 -0.000000 
1161 0.000000 
1162 -0.000000 
1163 0.000000 
1164 -0.000000 
1165 0.000000 
1166 -0.000000 
1167 0.000000 
1168 -0.000000 
1169 0.000000 
1170 -0.000000 
1171 0.000000 
1172 -0.000000 
1173 0.000000 
1174 -0.000000 
1175 0.000000 
1176 -0.000000 
1177 0.000000 
1178 -0.000000 
1179 0.000000 
1180 -0.000000 
1181 0.000000 
1182 -0.000000 
1183 0.000000 
1184 -0.000000 
1185 0.000000 
1186 -0.000000 
1187 0.000000 
1188 -0.000000 
1189 0.000000 
1190 -0.000000 
1191 0.000000 
1192 -0.000000 
1193 0.000000 
1194 -0.000000 
1195 0.000000 
1196 -0.000000 
1197 0.000000 
1198 -0.000000 
1199 0.000000 
1200 -0.000000 
1201 0.000000 
1202 -0.000000 
1203 0.000000 
1204 -0.000000 
1205 0.000000 
1206 -0.000000 
1207 0.000000 
1208 -0.000000 
1209 0.000000 
1210 -0.000000 
1211 0.000000 
1212 -0.000000 
1213 0.000000 
1214 -0.000000 
1215 0.000000 
1216 -0.000000 
1217 0.000000 
1218 -0.000000 
1219 0.000000 
1220 -0.000000 
1221 0.000000 
1222 -0.000000 
1223 0.000000 
1224 -0.000000 
1225 0.000000 
1226 -0.000000 
1227 0.000000 
1228 -0.000000 
1229 0.000000 
1230 -0.000000 
1231 0.000000 
1232 -0.000000 
1233 0.000000 
1234 -0.000000 
1235 0.000000 
1236 -0.000000 
1237 0.000000 
1238 -0.000000 
1239 0.000000 
1240 -0.000000 
1241 0.000000 
1242 -0.000000 
1243 0.000000 
1244 -0.000000 
1245 0.000000 
1246 -0.000000 
1247 0.000000 
1248 -0.000000 
1249 0.000000 
1250 -0.000000 
1251 0.000000 
1252 -0.000000 
1253 0.000000 
1254 -0.000000 
1255 0.000000 
1256 -0.000000 
1257 0.000000 
1258 -0.000000 
1259 0.000000 
1260 -0.000000 
1261 0.000000 
1262 -0.000000 
1263 0.000000 
1264 -0.000000 
1265 0.000000 
1266 -0.000000 
1267 0.000000 
1268 -0.000000 
1269 0.000000 
1270 -0.000000 
1271 0.000000 
1272 -0.000000 
1273 0.000000 
1274 -0.000000 
1275 0.000000 
1276 -0.000000 
1277 0.000000 
1278 -0.000000 
1279 -0.000000 
1280 0.000000 
1281 -0.000000 
1282 0.000000 
1283 -0.000000 
1284 0.000000 
1285 -0.000000 
1286 0.000000 
1287 -0.000000 
1288 0.000000 
1289 -0.000000 
1290 0.000000 
1291 -0.000000 
1292 0.000000 
1293 -0.000000 
1294 0.000000 
1295 -0.000000 
1296 0.000000 
1297 -0.000000 
1298 0.000000 
1299 -0.000000 
1300 0.000000 
1301 -0.000000 
1302 0.000000 
1303 -0.000000 
1304 0.000000 
1305 -0.000000 
1306 0.000000 
1307 -0.000000 
1308 0.000000 
1309 -0.000000 
1310 0.000000 
1311 -0.000000 
1312 0.000000 
1313 -0.000000 
1314 0.000000 
1315 -0.000000 
1316 0.000000 
1317 -0.000000 
1318 0.000000 
1319 -0.000000 
1320 0.000000 
1321 -0.000000 
1322 0.000000 
1323 -0.000000 
1324 0.000000 
1325 -0.000000 
1326 0.000000 
1327 -0.000000 
1328 0.000000 
1329 -0.000000 
1330 0.000000 
1331 -0.000000 
1332 0.000000 
1333 -0.000000 
1334 0.000000 
1335 -0.000000 
1336 0.000000 
1337 -0.000000 
1338 0.000000 
1339 -0.000000 
1340 0.000000 
1341 -0.000000 
1342 0.000000 
1343 -0.000000 
1344 0.000000 
1345 -0.000000 
1346 0.000000 
1347 -0.000000 
1348 0.000000 
1349 -0.000000 
1350 0.000000 
1351 -0.000000 
1352 0.000000 
1353 -0.000000 
1354 0.000000 
1355 -0.000000 
1356 0.000000 
1357 -0.000000 
1358 0.000000 
1359 -0.000000 
1360 0.000000 
1361 -0.000000 
1362 0.000000 
1363 -0.000000 
1364 0.000000 
1365 -0.000000 
1366 0.000000 
1367 -0.000000 
1368 0.000000 
1369 -0.000000 
1370 0.000000 
1371 -0.000000 
1372 0.000000 
1373 -0.000000 
1374 0.000000 
1375 -0.000000 
1376 0.000000 
1377 -0.000000 
1378 0.000000 
1379 -0.000000 
1380 0.000000 
1381 -0.000000 
1382 0.000000 
1383 -0.000000 
1384 0.000000 
1385 -0.000000 
1386 0.000000 
1387 -0.000000 
1388 0.000000 
1389 -0.000000 
1390 0.000000 
1391 -0.000000 
1392 0.000000 
1393 -0.000000 
1394 0.000000 
1395 -0.000000 
1396 0.000000 
1397 -0.000000 
1398 0.000000 
1399 -0.000000 
1400 0.000000 
1401 -0.000000 
1402 0.000000 
1403 -0.000000 
1404 -0.000000 
1405 0.000000 
1406 -0.000000 
1407 0.000000 
1408 -0.000000 
1409 0.000000 
1410 -0.000000 
1411 0.000000 
1412 -0.000000 
1413 0.000000 
1414 -0.000000 
1415 0.000000 
1416 -0.000000 
1417 0.000000 
1418 -0.000000 
1419 0.000000 
1420 -0.000000 
1421 0.000000 
1422 -0.000000 
1423 0.000000 
1424 -0.000000 
1425 0.000000 
1426 -0.000000 
1427 0.000000 
1428 -0.000000 
1429 0.000000 
1430 -0.000000 
1431 0.000000 
1432 -0.000000 
1433 0.000000 
1434 -0.000000 
1435 0.000000 
1436 -0.000000 
1437 0.000000 
1438 -0.000000 
1439 0.000000 
1440 -0.000000 
1441 0.000000 
1442 -0.000000 
1443 0.000000 
1444 -0.000000 
1445 0.000000 
1446 -0.000000 
1447 0.000000 
1448 -0.000000 
1449 0.000000 
1450 -0.000000 
1451 0.000000 
1452 -0.000000 
1453 0.000000 
1454 -0.000000 
1455 0.000000 
1456 -0.000000 
1457 0.000000 
1458 -0.000000 
1459 0.000000 
1460 -0.000000 
1461 0.000000 
1462 -0.000000 
1463 0.000000 
1464 -0.000000 
1465 0.000000 
1466 -0.000000 
1467 0.000000 
1468 0.000000 
1469 -0.000000 
1470 0.000000 
1471 -0.000000 
1472 0.000000 
1473 -0.000000 
1474 0.000000 
1475 -0.000000 
1476 0.000000 
1477 -0.000000 
1478 0.000000 
1479 -0.000000 
1480 0.000000 
1481 -0.000000 
1482 0.000000 
1483 -0.000000 
1484 0.000000 
1485 -0.000000 
1486 0.000000 
1487 -0.000000 
1488 0.000000 
1489 -0.000000 
1490 0.000000 
1491 -0.000000 
1492 0.000000 
1493 -0.000000 
1494 0.000000 
1495 -0.000000 
1496 0.000000 
1497 -0.000000 
1498 0.000000 
1499 -0.000000 
1500 0.000000 
1501 -0.000000 
1502 0.000000 
1503 -0.000000 
1504 0.000000 
1505 -0.000000 
1506 0.000000 
1507 -0.000000 
1508 0.000000 
1509 -0.000000 
1510 0.000000 
1511 -0.000000 
1512 0.000000 
1513 -0.000000 
1514 0.000000 
1515 -0.000000 
1516 0.000000 
1517 -0.000000 
1518 0.000000 
1519 -0.000000 
1520 0.000000 
1521 -0.000000 
1522 -0.000000 
1523 0.000000 
1524 -0.000000 
1525 0.000000 
1526 -0.000000 
1527 0.000000 
1528 -0.000000 
1529 0.000000 
1530 -0.000000 
1531 0.000000 
1532 -0.000000 
1533 0.000000 
1534 -0.000000 
1535 0.000000 
1536 -0.000000 
1537 0.000000 
1538 -0.000000 
1539 0.000000 
1540 -0.000000 
1541 0.000000 
1542 -0.000000 
1543 0.000000 
1544 -0.000000 
1545 0.000000 
1546 -0.000000 
1547 0.000000 
1548 -0.000000 
1549 0.000000 
1550 -0.000000 
1551 0.000000 
1552 -0.000000 
1553 0.000000 
1554 -0.000000 
1555 0.000000 
1556 -0.000000 
1557 0.000000 
1558 -0.000000 
1559 0.000000 
1560 -0.000000 
1561 0.000000 
1562 -0.000000 
1563 0.000000 
1564 -0.000000 
1565 0.000000 
1566 -0.000000 
1567 0.000000 
1568 -0.000000 
1569 0.000000 
1570 -0.000000 
1571 0.000000 
1572 -0.000000 
1573 0.000000 
1574 -0.000000 
1575 0.000000 
1576 -0.000000 
1577 0.000000 
1578 -0.000000 
1579 0.000000 
1580 -0.000000 
1581 0.000000 
1582 -0.000000 
1583 0.000000 
1584 -0.000000 
1585 0.000000 
1586 -0.000000 
1587 0.000000 
1588 -0.000000 
1589 0.000000 
1590 -0.000000 
1591 0.000000 
1592 -0.000000 
1593 0.000000 
1594 -0.000000 
1595 0.000000 
1596 -0.000000 
1597 0.000000 
1598 -0.000000 
1599 0.000000 
1600 0.000000 
1601 -0.000000 
1602 0.000000 
1603 -0.000000 
1604 0.000000 
1605 -0.000000 
1606 0.000000 
1607 -0.000000 
1608 0.000000 
1609 -0.000000 
1610 0.000000 
1611 -0.000000 
1612 0.000000 
1613 -0.000000 
1614 0.000000 
1615 -0.000000 
1616 0.000000 
1617 -0.000000 
1618 0.000000 
1619 -0.000000 
1620 0.000000 
1621 -0.000000 
1622 0.000000 
1623 -0.000000 
1624 0.000000 
1625 -0.000000 
1626 0.000000 
1627 -0.000000 
1628 0.000000 
1629 -0.000000 
1630 0.000000 
1631 -0.000000 
1632 0.000000 
1633 -0.000000 
1634 0.000000 
1635 -0.000000 
1636 0.000000 
1637 -0.000000 
1638 0.000000 
1639 -0.000000 
1640 0.000000 
1641 -0.000000 
1642 0.000000 
1643 -0.000000 
1644 0.000000 
1645 -0.000000 
1646 0.000000 
1647 -0.000000 
1648 0.000000 
1649 -0.000000 
1650 0.000000 
1651 -0.000000 
1652 0.000000 
1653 -0.000000 
1654 0.000000 
1655 -0.000000 
1656 0.000000 
1657 -0.000000 
1658 0.000000 
1659 -0.000000 
1660 0.000000 
1661 -0.000000 
1662 0.000000 
1663 -0.000000 
1664 0.000000 
1665 -0.000000 
1666 0.000000 
1667 -0.000000 
1668 0.000000 
1669 -0.000000 
1670 0.000000 
1671 -0.000000 
1672 0.000000 
1673 -0.000000 
1674 0.000000 
1675 -0.000000 
1676 0.000000 
1677 -0.000000 
1678 0.000000 
1679 -0.000000 
1680 0.000000 
1681 -0.000000 
1682 0.000000 
1683 -0.000000 
1684 0.000000 
1685 -0.000000 
1686 0.000000 
1687 -0.000000 
1688 0.000000 
1689 -0.000000 
1690 0.000000 
1691 -0.000000 
1692 0.000000 
1693 -0.000000 
1694 0.000000 
1695 -0.000000 
1696 0.000000 
1697 -0.000000 
1698 0.000000 
1699 -0.000000 
1700 0.000000 
1701 -0.000000 
1702 0.000000 
1703 -0.000000 
1704 0.000000 
1705 -0.000000 
1706 0.000000 
1707 -0.000000 
1708 0.000000 
1709 -0.000000 
1710 0.000000 
1711 -0.000000 
1712 0.000000 
1713 -0.000000 
1714 0.000000 
1715 -0.000000 
1716 0.000000 
1717 -0.000000 
1718 0.000000 
1719 -0.000000 
1720 0.000000 
1721 -0.000000 
1722 0.000000 
1723 -0.000000 
1724 0.000000 
1725 -0.000000 
1726 0.000000 
1727 -0.000000 
1728 0.000000 
1729 -0.000000 
1730 0.000000 
1731 -0.000000 
1732 0.000000 
1733 -0.000000 
1734 0.000000 
1735 -0.000000 
1736 0.000000 
1737 -0.000000 
1738 0.000000 
1739 -0.000000 
1740 0.000000 
1741 -0.000000 
1742 0.000000 
1743 -0.000000 
1744 0.000000 
1745 -0.000000 
1746 0.000000 
1747 -0.000000 
1748 0.000000 
1749 -0.000000 
1750 0.000000 
1751 -0.000000 
1752 0.000000 
1753 -0.000000 
1754 0.000000 
1755 -0.000000 
1756 0.000000 
1757 -0.000000 
1758 0.000000 
1759 -0.000000 
1760 0.000000 
1761 -0.000000 
1762 0.000000 
1763 -0.000000 
1764 0.000000 
1765 -0.000000 
1766 0.000000 
1767 -0.000000 
1768 0.000000 
1769 -0.000000 
1770 0.000000 
1771 -0.000000 
1772 0.000000 
1773 -0.000000 
1774 0.000000 
1775 -0.000000 
1776 0.000000 
1777 -0.000000 
1778 0.000000 
1779 -0.000000 
1780 0.000000 
1781 -0.000000 
1782 0.000000 
1783 -0.000000 
1784 0.000000 
1785 -0.000000 
1786 0.000000 
1787 -0.000000 
1788 0.000000 
1789 -0.000000 
1790 0.000000 
1791 -0.000000 
1792 0.000000 
1793 -0.000000 
1794 0.000000 
1795 -0.000000 
1796 0.000000 
1797 -0.000000 
1798 0.000000 
1799 -0.000000 
1800 0.000000 
1801 -0.000000 
1802 0.000000 
1803 -0.000000 
1804 0.000000 
1805 -0.000000 
1806 0.000000 
1807 -0.000000 
1808 0.000000 
1809 -0.000000 
1810 0.000000 
1811 -0.000000 
1812 0.000000 
1813 -0.000000 
1814 0.000000 
1815 0.000000 
1816 -0.000000 
1817 0.000000 
1818 -0.000000 
1819 0.000000 
1820 -0.000000 
1821 0.000000 
1822 -0.000000 
1823 0.000000 
1824 -0.000000 
1825 0.000000 
1826 -0.000000 
1827 0.000000 
1828 -0.000000 
1829 0.000000 
1830 -0.000000 
1831 0.000000 
1832 -0.000000 
1833 0.000000 
1834 -0.000000 
1835 0.000000 
1836 -0.000000 
1837 0.000000 
1838 -0.000000 
1839 0.000000 
1840 -0.000000 
1841 0.000000 
1842 -0.000000 
1843 0.000000 
1844 -0.000000 
1845 0.000000 
1846 -0.000000 
1847 0.000000 
1848 -0.000000 
1849 0.000000 
1850 -0.000000 
1851 0.000000 
1852 -0.000000 
1853 0.000000 
1854 -0.000000 
1855 0.000000 
1856 -0.000000 
1857 0.000000 
1858 -0.000000 
1859 0.000000 
1860 -0.000000 
1861 0.000000 
1862 -0.000000 
1863 0.000000 
1864 -0.000000 
1865 0.000000 
1866 -0.000000 
1867 0.000000 
1868 -0.000000 
1869 0.000000 
1870 -0.000000 
1871 0.000000 
1872 -0.000000 
1873 0.000000 
1874 -0.000000 
1875 0.000000 
1876 -0.000000 
1877 0.000000 
1878 -0.000000 
1879 0.000000 
1880 -0.000000 
1881 0.000000 
1882 -0.000000 
1883 0.000000 
1884 -0.000000 
1885 0.000000 
1886 -0.000000 
1887 0.000000 
1888 -0.000000 
1889 0.000000 
1890 -0.000000 
1891 0.000000 
1892 -0.000000 
1893 0.000000 
1894 -0.000000 
1895 0.000000 
1896 -0.000000 
1897 0.000000 
1898 -0.000000 
1899 0.000000 
1900 -0.000000 
1901 0.000000 
1902 -0.000000 
1903 0.000000 
1904 -0.000000 
1905 0.000000 
1906 -0.000000 
1907 0.000000 
1908 -0.000000 
1909 0.000000 
1910 -0.000000 
1911 0.000000 
1912 -0.000000 
1913 0.000000 
1914 -0.000000 
1915 0.000000 
1916 -0.000000 
1917 0.000000 
1918 -0.000000 
1919 0.000000 
1920 -0.000000 
1921 0.000000 
1922 -0.000000 
1923 0.000000 
1924 -0.000000 
1925 0.000000 
1926 -0.000000 
1927 0.000000 
1928 -0.000000 
1929 0.000000 
1930 -0.000000 
1931 0.000000 
1932 -0.000000 
1933 0.000000 
1934 -0.000000 
1935 0.000000 
1936 -0.000000 
1937 0.000000 
1938 -0.000000 
1939 0.000000 
1940 -0.000000 
1941 0.000000 
1942 -0.000000 
1943 0.000000 
1944 -0.000000 
1945 0.000000 
1946 -0.000000 
1947 0.000000 
1948 -0.000000 
1949 0.000000 
1950 -0.000000 
1951 0.000000 
1952 -0.000000 
1953 0.000000 
1954 -0.000000 
1955 0.000000 
1956 -0.000000 
1957 0.000000 
1958 -0.000000 
1959 0.000000 
1960 -0.000000 
1961 0.000000 
1962 -0.000000 
1963 0.000000 
1964 -0.000000 
1965 0.000000 
1966 -0.000000 
1967 0.000000 
1968 -0.000000 
1969 0.000000 
1970 -0.000000 
1971 0.000000 
1972 -0.000000 
1973 0.000000 
1974 -0.000000 
1975 0.000000 
1976 -0.000000 
1977 0.000000 
1978 -0.000000 
1979 0.000000 
1980 -0.000000 
1981 0.000000 
1982 -0.000000 
1983 0.000000 
1984 -0.000000 
1985 0.000000 
1986 -0.000000 
1987 0.000000 
1988 -0.000000 
1989 0.000000 
1990 -0.000000 
1991 0.000000 
1992 -0.000000 
1993 0.000000 
1994 -0.000000 
1995 0.000000 
1996 -0.000000 
1997 0.000000 
1998 0.000000 
1999 -0.000000 
2000 0.000000 
2001 -0.000000 
2002 0.000000 
2003 -0.000000 
2004 0.000000 
2005 -0.000000 
2006 0.000000 
2007 -0.000000 
2008 0.000000 
2009 -0.000000 
2010 0.000000 
2011 -0.000000 
2012 0.000000 
2013 -0.000000 
2014 0.000000 
2015 -0.000000 
2016 0.000000 
2017 -0.000000 
2018 0.000000 
2019 -0.000000 
2020 0.000000 
2021 -0.000000 
2022 0.000000 
2023 -0.000000 
2024 0.000000 
2025 -0.000000 
2026 0.000000 
2027 -0.000000 
2028 0.000000 
2029 -0.000000 
2030 0.000000 
2031 -0.000000 
2032 0.000000 
2033 -0.000000 
2034 0.000000 
2035 -0.000000 
2036 0.000000 
2037 -0.000000 
2038 0.000000 
2039 -0.000000 
2040 0.000000 
2041 -0.000000 
2042 0.000000 
2043 -0.000000 
2044 0.000000 
2045 -0.000000 
2046 0.000000 
2047 -0.000000 
2048 0.000000 
2049 -0.000000 
2050 0.000000 
2051 -0.000000 
2052 0.000000 
2053 -0.000000 
2054 0.000000 
2055 -0.000000 
2056 0.000000 
2057 -0.000000 
2058 0.000000 
2059 -0.000000 
2060 0.000000 
2061 -0.000000 
2062 0.000000 
2063 -0.000000 
2064 0.000000 
2065 -0.000000 
2066 0.000000 
2067 -0.000000 
2068 0.000000 
2069 -0.000000 
2070 0.000000 
2071 -0.000000 
2072 0.000000 
2073 -0.000000 
2074 0.000000 
2075 -0.000000 
2076 0.000000 
2077 -0.000000 
2078 0.000000 
2079 -0.000000 
2080 0.000000 
2081 -0.000000 
2082 0.000000 
2083 -0.000000 
2084 0.000000 
2085 -0.000000 
2086 0.000000 
2087 -0.000000 
2088 0.000000 
2089 -0.000000 
2090 0.000000 
2091 -0.000000 
2092 0.000000 
2093 -0.000000 
2094 0.000000 
2095 0.000000 
2096 -0.000000 
2097 0.000000 
2098 -0.000000 
2099 0.000000 
2100 -0.000000 
2101 0.000000 
2102 -0.000000 
2103 0.000000 
2104 -0.000000 
2105 0.000000 
2106 -0.000000 
2107 0.000000 
2108 -0.000000 
2109 0.000000 
2110 -0.000000 
2111 0.000000 
2112 -0.000000 
2113 0.000000 
2114 -0.000000 
2115 0.000000 
2116 -0.000000 
2117 0.000000 
2118 -0.000000 
2119 0.000000 
2120 -0.000000 
2121 0.000000 
2122 -0.000000 
2123 0.000000 
2124 -0.000000 
2125 0.000000 
2126 -0.000000 
2127 0.000000 
2128 -0.000000 
2129 0.000000 
2130 -0.000000 
2131 0.000000 
2132 -0.000000 
2133 0.000000 
2134 -0.000000 
2135 0.000000 
2136 -0.000000 
2137 0.000000 
2138 -0.000000 
2139 0.000000 
2140 -0.000000 
2141 0.000000 
2142 -0.000000 
2143 0.000000 
2144 -0.000000 
2145 0.000000 
2146 -0.000000 
2147 0.000000 
2148 -0.000000 
2149 0.000000 
2150 -0.000000 
2151 0.000000 
2152 -0.000000 
2153 0.000000 
2154 -0.000000 
2155 0.000000 
2156 -0.000000 
2157 0.000000 
2158 -0.000000 
2159 0.000000 
2160 -0.000000 
2161 0.000000 
2162 -0.000000 
2163 0.000000 
2164 -0.000000 
2165 0.000000 
2166 -0.000000 
2167 0.000000 
2168 -0.000000 
2169 0.000000 
2170 -0.000000 
2171 0.000000 
2172 -0.000000 
2173 0.000000 
2174 -0.000000 
2175 0.000000 
2176 -0.000000 
2177 0.000000 
2178 -0.000000 
2179 0.000000 
2180 -0.000000 
2181 0.000000 
2182 -0.000000 
2183 0.000000 
2184 -0.000000 
2185 0.000000 
2186 -0.000000 
2187 0.000000 
2188 -0.000000 
2189 0.000000 
2190 -0.000000 
2191 0.000000 
2192 -0.000000 
2193 0.000000 
2194 -0.000000 
2195 0.000000 
2196 -0.000000 
2197 0.000000 
2198 -0.000000 
2199 0.000000 
2200 -0.000000 
2201 0.000000 
2202 -0.000000 
2203 0.000000 
2204 -0.000000 
2205 0.000000 
2206 -0.000000 
2207 0.000000 
2208 -0.000000 
2209 0.000000 
2210 -0.000000 
2211 0.000000 
2212 -0.000000 
2213 0.000000 
2214 -0.000000 
2215 0.000000 
2216 -0.000000 
2217 0.000000 
2218 -0.000000 
2219 0.000000 
2220 -0.000000 
2221 0.000000 
2222 -0.000000 
2223 0.000000 
2224 -0.000000 
2225 0.000000 
2226 -0.000000 
2227 0.000000 
2228 -0.000000 
2229 0.000000 
2230 -0.000000 
2231 0.000000 
2232 -0.000000 
2233 0.000000 
2234 -0.000000 
2235 0.000000 
2236 -0.000000 
2237 0.000000 
2238 -0.000000 
2239 0.000000 
2240 -0.000000 
2241 0.000000 
2242 -0.000000 
2243 0.000000 
2244 -0.000000 
2245 0.000000 
2246 -0.000000 
2247 0.000000 
2248 -0.000000 
2249 0.000000 
2250 -0.000000 
2251 0.000000 
2252 0.000000 
2253 -0.000000 
2254 0.000000 
2255 -0.000000 
2256 0.000000 
2257 -0.000000 
2258 0.000000 
2259 -0.000000 
2260 0.000000 
2261 -0.000000 
2262 0.000000 
2263 -0.000000 
2264 0.000000 
2265 -0.000000 
2266 0.000000 
2267 -0.000000 
2268 0.000000 
2269 -0.000000 
2270 0.000000 
2271 -0.000000 
2272 0.000000 
2273 -0.000000 
2274 0.000000 
2275 -0.000000 
2276 0.000000 
2277 -0.000000 
2278 0.000000 
2279 -0.000000 
2280 0.000000 
2281 -0.000000 
2282 0.000000 
2283 -0.000000 
2284 0.000000 
2285 -0.000000 
2286 0.000000 
2287 -0.000000 
2288 0.000000 
2289 -0.000000 
2290 0.000000 
2291 -0.000000 
2292 0.000000 
2293 -0.000000 
2294 0.000000 
2295 -0.000000 
2296 0.000000 
2297 -0.000000 
2298 0.000000 
2299 -0.000000 
2300 0.000000 
2301 -0.000000 
2302 0.000000 
2303 0.000000 
2304 -0.000000 
2305 0.000000 
2306 -0.000000 
2307 0.000000 
2308 -0.000000 
2309 0.000000 
2310 -0.000000 
2311 0.000000 
2312 -0.000000 
2313 0.000000 
2314 -0.000000 
2315 0.000000 
2316 -0.000000 
2317 0.000000 
2318 -0.000000 
2319 0.000000 
2320 -0.000000 
2321 0.000000 
2322 -0.000000 
2323 0.000000 
2324 -0.000000 
2325 0.000000 
2326 -0.000000 
2327 0.000000 
2328 -0.000000 
2329 0.000000 
2330 -0.000000 
2331 0.000000 
2332 -0.000000 
2333 0.000000 
2334 -0.000000 
2335 0.000000 
2336 -0.000000 
2337 0.000000 
2338 -0.000000 
2339 0.000000 
2340 -0.000000 
2341 0.000000 
2342 -0.000000 
2343 0.000000 
2344 -0.000000 
2345 0.000000 
2346 -0.000000 
2347 0.000000 
2348 -0.000000 
2349 0.000000 
2350 -0.000000 
2351 0.000000 
2352 -0.000000 
2353 0.000000 
2354 -0.000000 
2355 0.000000 
2356 -0.000000 
2357 0.000000 
2358 -0.000000 
2359 0.000000 
2360 -0.000000 
2361 0.000000 
2362 -0.000000 
2363 0.000000 
2364 -0.000000 
2365 0.000000 
2366 -0.000000 
2367 0.000000 
2368 -0.000000 
2369 0.000000 
2370 -0.000000 
2371 0.000000 
2372 -0.000000 
2373 0.000000 
2374 -0.000000 
2375 0.000000 
2376 -0.000000 
2377 0.000000 
2378 -0.000000 
2379 0.000000 
2380 -0.000000 
2381 0.000000 
2382 -0.000000 
2383 0.000000 
2384 -0.000000 
2385 0.000000 
2386 -0.000000 
2387 0.000000 
2388 -0.000000 
2389 0.000000 
2390 -0.000000 
2391 0.000000 
2392 -0.000000 
2393 0.000000 
2394 -0.000000 
2395 0.000000 
2396 -0.000000 
2397 0.000000 
2398 -0.000000 
2399 0.000000 
2400 -0.000000 
2401 0.000000 
2402 -0.000000 
2403 0.000000 
2404 -0.000000 
2405 0.000000 
2406 -0.000000 
2407 0.000000 
2408 -0.000000 
2409 0.000000 
2410 -0.000000 
2411 0.000000 
2412 -0.000000 
2413 0.000000 
2414 -0.000000 
2415 0.000000 
2416 -0.000000 
2417 0.000000 
2418 -0.000000 
2419 0.000000 
2420 -0.000000 
2421 0.000000 
2422 -0.000000 
2423 0.000000 
2424 -0.000000 
2425 0.000000 
2426 -0.000000 
2427 0.000000 
2428 -0.000000 
2429 0.000000 
2430 -0.000000 
2431 0.000000 
2432 -0.000000 
2433 0.000000 
2434 -0.000000 
2435 0.000000 
2436 -0.000000 
2437 0.000000 
2438 -0.000000 
2439 0.000000 
2440 -0.000000 
2441 0.000000 
2442 -0.000000 
2443 0.000000 
2444 -0.000000 
2445 0.000000 
2446 -0.000000 
2447 0.000000 
2448 -0.000000 
2449 0.000000 
2450 -0.000000 
2451 0.000000 
2452 -0.000000 
2453 0.000000 
2454 -0.000000 
2455 0.000000 
2456 -0.000000 
2457 0.000000 
2458 -0.000000 
2459 0.000000 
2460 -0.000000 
2461 0.000000 
2462 -0.000000 
2463 0.000000 
2464 -0.000000 
2465 0.000000 
2466 -0.000000 
2467 0.000000 
2468 -0.000000 
2469 0.000000 
2470 -0.000000 
2471 0.000000 
2472 -0.000000 
2473 0.000000 
2474 -0.000000 
2475 0.000000 
2476 -0.000000 
2477 0.000000 
2478 -0.000000 
2479 0.000000 
2480 -0.000000 
2481 0.000000 
2482 -0.000000 
2483 0.000000 
2484 -0.000000 
2485 0.000000 
2486 -0.000000 
2487 0.000000 
2488 -0.000000 
2489 0.000000 
2490 -0.000000 
2491 0.000000 
2492 -0.000000 
2493 0.000000 
2494 -0.000000 
2495 0.000000 
2496 -0.000000 
2497 0.000000 
2498 -0.000000 
2499 -0.000000 
2500 0.000000 
2501 -0.000000 
2502 0.000000 
2503 -0.000000 
2504 0.000000 
2505 -0.000000 
2506 0.000000 
2507 -0.000000 
2508 0.000000 
2509 -0.000000 
2510 0.000000 
2511 -0.000000 
2512 0.000000 
2513 -0.000000 
2514 0.000000 
2515 -0.000000 
2516 0.000000 
2517 -0.000000 
2518 0.000000 
2519 -0.000000 
2520 0.000000 
2521 -0.000000 
2522 0.000000 
2523 -0.000000 
2524 0.000000 
2525 -0.000000 
2526 0.000000 
2527 -0.000000 
2528 0.000000 
2529 -0.000000 
2530 0.000000 
2531 -0.000000 
2532 0.000000 
2533 -0.000000 
2534 0.000000 
2535 -0.000000 
2536 0.000000 
2537 -0.000000 
2538 0.000000 
2539 -0.000000 
2540 0.000000 
2541 -0.000000 
2542 0.000000 
2543 -0.000000 
2544 0.000000 
2545 -0.000000 
2546 0.000000 
2547 -0.000000 
2548 0.000000 
2549 -0.000000 
2550 0.000000 
2551 -0.000000 
2552 0.000000 
2553 -0.000000 
2554 0.000000 
2555 -0.000000 
2556 0.000000 
2557 -0.000000 
2558 0.000000 
2559 -0.000000 
2560 0.000000 
2561 -0.000000 
2562 0.000000 
2563 -0.000000 
2564 0.000000 
2565 -0.000000 
2566 0.000000 
2567 -0.000000 
2568 0.000000 
2569 -0.000000 
2570 0.000000 
2571 -0.000000 
2572 0.000000 
2573 -0.000000 
2574 0.000000 
2575 -0.000000 
2576 0.000000 
2577 -0.000000 
2578 0.000000 
2579 -0.000000 
2580 0.000000 
2581 -0.000000 
2582 0.000000 
2583 -0.000000 
2584 0.000000 
2585 -0.000000 
2586 0.000000 
2587 -0.000000 
2588 0.000000 
2589 -0.000000 
2590 0.000000 
2591 -0.000000 
2592 0.000000 
2593 -0.000000 
2594 0.000000 
2595 -0.000000 
2596 0.000000 
2597 -0.000000 
2598 0.000000 
2599 -0.000000 
2600 0.000000 
2601 -0.000000 
2602 0.000000 
2603 -0.000000 
2604 0.000000 
2605 -0.000000 
2606 0.000000 
2607 -0.000000 
2608 0.000000 
2609 -0.000000 
2610 0.000000 
2611 -0.000000 
2612 0.000000 
2613 -0.000000 
2614 0.000000 
2615 -0.000000 
2616 0.000000 
2617 -0.000000 
2618 0.000000 
2619 -0.000000 
2620 0.000000 
2621 -0.000000 
2622 0.000000 
2623 -0.000000 
2624 0.000000 
2625 -0.000000 
2626 0.000000 
2627 -0.000000 
2628 0.000000 
2629 -0.000000 
2630 0.000000 
2631 -0.000000 
2632 0.000000 
2633 -0.000000 
2634 0.000000 
2635 -0.000000 
2636 0.000000 
2637 -0.000000 
2638 0.000000 
2639 -0.000000 
2640 0.000000 
2641 -0.000000 
2642 0.000000 
2643 -0.000000 
2644 0.000000 
2645 -0.000000 
2646 0.000000 
2647 0.000000 
2648 -0.000000 
2649 0.000000 
2650 -0.000000 
2651 0.000000 
2652 -0.000000 
2653 0.000000 
2654 -0.000000 
2655 0.000000 
2656 -0.000000 
2657 0.000000 
2658 -0.000000 
2659 0.000000 
2660 -0.000000 
2661 0.000000 
2662 -0.000000 
2663 0.000000 
2664 -0.000000 
2665 0.000000 
2666 -0.000000 
2667 0.000000 
2668 -0.000000 
2669 0.000000 
2670 -0.000000 
2671 0.000000 
2672 -0.000000 
2673 0.000001 
2674 -0.000001 
2675 0.000001 
2676 -0.000001 
2677 0.000001 
2678 -0.000001 
2679 0.000001 
2680 -0.000001 
2681 0.000001 
2682 -0.000001 
2683 0.000001 
2684 -0.000001 
2685 0.000001 
2686 -0.000001 
2687 0.000001 
2688 -0.000002 
2689 0.000002 
2690 -0.000002 
2691 0.000002 
2692 -0.000002 
2693 0.000002 
2694 -0.000002 
2695 0.000002 
2696 -0.000002 
2697 0.000003 
2698 -0.000003 
2699 0.000003 
2700 -0.000003 
2701 0.000003 
2702 -0.000003 
2703 0.000004 
2704 -0.000004 
2705 0.000004 
2706 -0.000004 
2707 0.000004 
2708 -0.000005 
2709 0.000005 
2710 -0.000005 
2711 0.000005 
2712 -0.000006 
2713 0.000006 
2714 -0.000006 
2715 0.000006 
2716 -0.000007 
2717 0.000007 
2718 -0.000007 
2719 0.000008 
2720 -0.000008 
2721 0.000008 
2722 -0.000009 
2723 0.000009 
2724 -0.000010 
2725 0.000010 
2726 -0.000010 
2727 0.000011 
2728 -0.000011 
2729 0.000012 
2730 -0.000012 
2731 0.000013 
2732 -0.000013 
2733 0.000013 
2734 -0.000014 
2735 0.000014 
2736 -0.000015 
2737 0.000016 
2738 -0.000016 
2739 0.000017 
2740 -0.000017 
2741 0.000018 
2742 -0.000018 
2743 0.000019 
2744 -0.000019 
2745 0.000020 
2746 -0.000021 
2747 0.000021 
2748 -0.000022 
2749 0.000022 
2750 -0.000023 
2751 0.000023 
2752 -0.000024 
2753 0.000024 
2754 -0.000025 
2755 0.000026 
2756 -0.000026 
2757 0.000027 
2758 -0.000027 
2759 0.000027 
2760 -0.000028 
2761 0.000028 
2762 -0.000029 
2763 0.000029 
2764 -0.000029 
2765 0.000029 
2766 -0.000030 
2767 0.000030 
2768 -0.000030 
2769 0.000030 
2770 -0.000030 
2771 0.000030 
2772 -0.000030 
2773 0.000029 
2774 -0.000029 
2775 0.000028 
2776 -0.000028 
2777 0.000027 
2778 -0.000026 
2779 0.000026 
2780 -0.000024 
2781 0.000023 
2782 -0.000022 
2783 0.000020 
2784 -0.000019 
2785 0.000017 
2786 -0.000015 
2787 0.000013 
2788 -0.000010 
2789 0.000007 
2790 -0.000004 
2791 0.000001 
2792 0.000002 
2793 -0.000006 
2794 0.000010 
2795 -0.000014 
2796 0.000019 
2797 -0.000024 
2798 0.000029 
2799 -0.000035 
2800 0.000041 
2801 -0.000047 
2802 0.000054 
2803 -0.000062 
2804 0.000069 
2805 -0.000078 
2806 0.000086 
2807 -0.000096 
2808 0.000105 
2809 -0.000116 
2810 0.000127 
2811 -0.000138 
2812 0.000150 
2813 -0.000163 
2814 0.000177 
2815 -0.000191 
2816 0.000206 
2817 -0.000221 
2818 0.000238 
2819 -0.000255 
2820 0.000273 
2821 -0.000292 
2822 0.000311 
2823 -0.000332 
2824 0.000354 
2825 -0.000376 
2826 0.000400 
2827 -0.000424 
2828 0.000450 
2829 -0.000476 
2830 0.000504 
2831 -0.000533 
2832 0.000563 
2833 -0.000594 
2834 0.000626 
2835 -0.000660 
2836 0.000695 
2837 -0.000731 
2838 0.000769 
2839 -0.000807 
2840 0.000848 
2841 -0.000889 
2842 0.000932 
2843 -0.000977 
2844 0.001023 
2845 -0.001071 
2846 0.001120 
2847 -0.001170 
2848 0.001223 
2849 -0.001276 
2850 0.001332 
2851 -0.001389 
2852 0.001447 
2853 -0.001508 
2854 0.001570 
2855 -0.001633 
2856 0.001699 
2857 -0.001766 
2858 0.001834 
2859 -0.001905 
2860 0.001977 
2861 -0.002050 
2862 0.002126 
2863 -0.002203 
2864 0.002281 
2865 -0.002362 
2866 0.002443 
2867 -0.002527 
2868 0.002611 
2869 -0.002698 
2870 0.002785 
2871 -0.002874 
2872 0.002965 
2873 -0.003056 
2874 0.003149 
2875 -0.003243 
2876 0.003337 
2877 -0.003433 
2878 0.003529 
2879 -0.003626 
2880 0.003724 
2881 -0.003822 
2882 0.003920 
2883 -0.004019 
2884 0.004117 
2885 -0.004216 
2886 0.004313 
2887 -0.004411 
2888 0.004507 
2889 -0.004603 
2890 0.004697 
2891 -0.004790 
2892 0.004881 
2893 -0.004971 
2894 0.005058 
2895 -0.005142 
2896 0.005224 
2897 -0.005302 
2898 0.005377 
2899 -0.005447 
2900 0.005514 
2901 -0.005576 
2902 0.005633 
2903 -0.005684 
2904 0.005729 
2905 -0.005768 
2906 0.005800 
2907 -0.005824 
2908 0.005840 
2909 -0.005848 
2910 0.005847 
2911 -0.005836 
2912 0.005814 
2913 -0.005782 
2914 0.005738 
2915 -0.005681 
2916 0.005612 
2917 -0.005529 
2918 0.005431 
2919 -0.005318 
2920 0.005189 
2921 -0.005043 
2922 0.004879 
2923 -0.004697 
2924 0.004495 
2925 -0.004273 
2926 0.004029 
2927 -0.003763 
2928 0.003474 
2929 -0.003160 
2930 0.002821 
2931 -0.002456 
2932 0.002063 
2933 -0.001641 
2934 0.001190 
2935 -0.000708 
2936 0.000193 
2937 0.000354 
2938 -0.000936 
2939 0.001554 
2940 -0.002209 
2941 0.002902 
2942 -0.003634 
2943 0.004407 
2944 -0.005222 
2945 0.006081 
2946 -0.006984 
2947 0.007934 
2948 -0.008931 
2949 0.009977 
2950 -0.011073 
2951 0.012221 
2952 -0.013422 
2953 0.014677 
2954 -0.015989 
2955 0.017357 
2956 -0.018785 
2957 0.020273 
2958 -0.021822 
2959 0.023434 
2960 -0.025111 
2961 0.026853 
2962 -0.028663 
2963 0.030541 
2964 -0.032490 
2965 0.034509 
2966 -0.036602 
2967 0.038768 
2968 -0.041009 
2969 0.043327 
2970 -0.045723 
2971 0.048198 
2972 -0.050752 
2973 0.053388 
2974 -0.056107 
2975 0.058909 
2976 -0.061795 
2977 0.064766 
2978 -0.067824 
2979 0.070969 
2980 -0.074202 
2981 0.077523 
2982 -0.080934 
2983 0.084435 
2984 -0.088026 
2985 0.091707 
2986 -0.095480 
2987 0.099345 
2988 -0.103301 
2989 0.107348 
2990 -0.111487 
2991 0.115718 
2992 -0.120040 
2993 0.124452 
2994 -0.128955 
2995 0.133548 
2996 -0.138229 
2997 0.142999 
2998 -0.147856 
2999 0.152798 
3000 -0.157825 
3001 0.162935 
3002 -0.168126 
3003 0.173397 
3004 -0.178745 
3005 0.184168 
3006 -0.189664 
3007 0.195230 
3008 -0.200864 
3009 0.206561 
3010 -0.212320 
3011 0.218136 
3012 -0.224006 
3013 0.229925 
3014 -0.235891 
3015 0.241897 
3016 -0.247940 
3017 0.254014 
3018 -0.260114 
3019 0.266235 
3020 -0.272370 
3021 0.278514 
3022 -0.284660 
3023 0.290801 
3024 -0.296930 
3025 0.303040 
3026 -0.309124 
3027 0.315172 
3028 -0.321177 
3029 0.327130 
3030 -0.333022 
3031 0.338843 
3032 -0.344584 
3033 0.350234 
3034 -0.355784 
3035 0.361222 
3036 -0.366536 
3037 0.371716 
3038 -0.376749 
3039 0.381624 
3040 -0.386327 
3041 0.390845 
3042 -0.395165 
3043 0.399273 
3044 -0.403155 
3045 0.406796 
3046 -0.410182 
3047 0.413297 
3048 -0.416126 
3049 0.418652 
3050 -0.420860 
3051 0.422734 
3052 -0.424255 
3053 0.425407 
3054 -0.426172 
3055 0.426533 
3056 -0.426472 
3057 0.425969 
3058 -0.425007 
3059 0.423567 
3060 -0.421629 
3061 0.419175 
3062 -0.416185 
3063 0.412640 
3064 -0.408519 
3065 0.403802 
3066 -0.398470 
3067 0.392503 
3068 -0.385881 
3069 0.378582 
3070 -0.370588 
3071 0.361877 
3072 -0.352430 
3073 0.342226 
3074 -0.331246 
3075 0.319468 
3076 -0.306874 
3077 0.293444 
3078 -0.279158 
3079 0.263997 
3080 -0.247942 
3081 0.230975 
3082 -0.213075 
3083 0.194227 
3084 -0.174411 
3085 0.153611 
3086 -0.131809 
3087 0.108989 
3088 -0.085136 
3089 0.060233 
3090 -0.034266 
3091 0.007221 
3092 0.020917 
3093 -0.050159 
3094 0.080519 
3095 -0.112008 
3096 0.144636 
3097 -0.178415 
3098 0.213352 
3099 -0.249457 
3100 0.286737 
3101 -0.325199 
3102 0.364849 
3103 -0.405690 
3104 0.447727 
3105 -0.490963 
3106 0.535399 
3107 -0.581036 
3108 0.627874 
3109 -0.675910 
3110 0.725143 
3111 -0.775567 
3112 0.827179 
3113 -0.879971 
3114 0.933936 
3115 -0.989065 
3116 1.045349 
3117 -1.102774 
3118 1.161330 
3119 -1.221001 
3120 1.281772 
3121 -1.343626 
3122 1.406545 
3123 -1.470508 
3124 1.535496 
3125 -1.601484 
3126 1.668449 
3127 -1.736366 
3128 1.805207 
3129 -1.874943 
3130 1.945544 
3131 -2.016978 
3132 2.089213 
3133 -2.162213 
3134 2.235941 
3135 -2.310360 
3136 2.385430 
3137 -2.461109 
3138 2.537355 
3139 -2.614122 
3140 2.691365 
3141 -2.769036 
3142 2.847085 
3143 -2.925461 
3144 3.004111 
3145 -3.082980 
3146 3.162012 
3147 -3.241149 
3148 3.320332 
3149 -3.399499 
3150 3.478586 
3151 -3.557531 
3152 3.636265 
3153 -3.714721 
3154 3.792830 
3155 -3.870519 
3156 3.947716 
3157 -4.024347 
3158 4.100334 
3159 -4.175600 
3160 4.250066 
3161 -4.323651 
3162 4.396271 
3163 -4.467843 
3164 4.538282 
3165 -4.607500 
3166 4.675408 
3167 -4.741918 
3168 4.806937 
3169 -4.870374 
3170 4.932134 
3171 -4.992123 
3172 5.050245 
3173 -5.106402 
3174 5.160497 
3175 -5.212430 
3176 5.262101 
3177 -5.309409 
3178 5.354253 
3179 -5.396531 
3180 5.436140 
3181 -5.472976 
3182 5.506937 
3183 -5.537917 
3184 5.565814 
3185 -5.590522 
3186 5.611939 
3187 -5.629959 
3188 5.644480 
3189 -5.655398 
3190 5.662611 
3191 -5.666015 
3192 5.665511 
3193 -5.660999 
3194 5.652377 
3195 -5.639550 
3196 5.622420 
3197 -5.600893 
3198 5.574874 
3199 -5.544273 
3200 5.509000 
3201 -5.468968 
3202 5.424091 
3203 -5.374287 
3204 5.319477 
3205 -5.259583 
3206 5.194531 
3207 -5.124250 
3208 5.048672 
3209 -4.967734 
3210 4.881375 
3211 -4.789537 
3212 4.692169 
3213 -4.589220 
3214 4.480648 
3215 -4.366411 
3216 4.246475 
3217 -4.120807 
3218 3.989383 
3219 -3.852180 
3220 3.709183 
3221 -3.560381 
3222 3.405769 
3223 -3.245345 
3224 3.079116 
3225 -2.907092 
3226 2.729290 
3227 -2.545732 
3228 2.356447 
3229 -2.161469 
3230 1.960837 
3231 -1.754599 
3232 1.542806 
3233 -1.325516 
3234 1.102794 
3235 -0.874710 
3236 0.641341 
3237 -0.402769 
3238 0.159084 
3239 0.089620 
3240 -0.343242 
3241 0.601675 
3242 -0.864806 
3243 1.132518 
3244 -1.404684 
3245 1.681177 
3246 -1.961858 
3247 2.246588 
3248 -2.535221 
3249 2.827603 
3250 -3.123578 
3251 3.422984 
3252 -3.725654 
3253 4.031417 
3254 -4.340097 
3255 4.651512 
3256 -4.965478 
3257 5.281807 
3258 -5.600305 
3259 5.920777 
3260 -6.243023 
3261 6.566838 
3262 -6.892018 
3263 7.218354 
3264 -7.545633 
3265 7.873641 
3266 -8.202163 
3267 8.530979 
3268 -8.859870 
3269 9.188613 
3270 -9.516986 
3271 9.844764 
3272 -10.171723 
3273 10.497635 
3274 -10.822276 
3275 11.145418 
3276 -11.466834 
3277 11.786299 
3278 -12.103585 
3279 12.418469 
3280 -12.730724 
3281 13.040128 
3282 -13.346458 
3283 13.649493 
3284 -13.949013 
3285 14.244802 
3286 -14.536643 
3287 14.824323 
3288 -15.107632 
3289 15.386361 
3290 -15.660304 
3291 15.929258 
3292 -16.193025 
3293 16.451406 
3294 -16.704210 
3295 16.951247 
3296 -17.192330 
3297 17.427278 
3298 -17.655912 
3299 17.878060 
3300 -18.093550 
3301 18.302217 
3302 -18.503902 
3303 18.698446 
3304 -18.885700 
3305 19.065515 
3306 -19.237751 
3307 19.402271 
3308 -19.558942 
3309 19.707640 
3310 -19.848242 
3311 19.980635 
3312 -20.104707 
3313 20.220354 
3314 -20.327479 
3315 20.425988 
3316 -20.515794 
3317 20.596818 
3318 -20.668984 
3319 20.732224 
3320 -20.786475 
3321 20.831681 
3322 -20.867793 
3323 20.894768 
3324 -20.912568 
3325 20.921164 
3326 -20.920532 
3327 20.910655 
3328 -20.891523 
3329 20.863132 
3330 -20.825486 
3331 20.778596 
3332 -20.722478 
3333 20.657156 
3334 -20.582662 
3335 20.499034 
3336 -20.406317 
3337 20.304563 
3338 -20.193832 
3339 20.074190 
3340 -19.945710 
3341 19.808473 
3342 -19.662566 
3343 19.508084 
3344 -19.345129 
3345 19.173809 
3346 -18.994240 
3347 18.806545 
3348 -18.610852 
3349 18.407299 
3350 -18.196027 
3351 17.977187 
3352 -17.750935 
3353 17.517433 
3354 -17.276850 
3355 17.029362 
3356 -16.775150 
3357 16.514402 
3358 -16.247310 
3359 15.974074 
3360 -15.694898 
3361 15.409992 
3362 -15.119572 
3363 14.823856 
3364 -14.523072 
3365 14.217447 
3366 -13.907217 
3367 13.592618 
3368 -13.273894 
3369 12.951289 
3370 -12.625054 
3371 12.295441 
3372 -11.962705 
3373 11.627103 
3374 -11.288898 
3375 10.948350 
3376 -10.605724 
3377 10.261287 
3378 -9.915305 
3379 9.568046 
3380 -9.219779 
3381 8.870773 
3382 -8.521297 
3383 8.171620 
3384 -7.822009 
3385 7.472732 
3386 -7.124055 
3387 6.776242 
3388 -6.429556 
3389 6.084258 
3390 -5.740605 
3391 5.398854 
3392 -5.059256 
3393 4.722061 
3394 -4.387514 
3395 4.055858 
3396 -3.727329 
3397 3.402162 
3398 -3.080586 
3399 2.762825 
3400 -2.449097 
3401 2.139617 
3402 -1.834593 
3403 1.534229 
3404 -1.238720 
3405 0.948260 
3406 -0.663032 
3407 0.383216 
3408 -0.108984 
3409 -0.159497 
3410 0.422069 
3411 -0.678578 
3412 0.928878 
3413 -1.172829 
3414 1.410300 
3415 -1.641165 
3416 1.865304 
3417 -2.082605 
3418 2.292964 
3419 -2.496283 
3420 2.692469 
3421 -2.881438 
3422 3.063112 
3423 -3.237420 
3424 3.404297 
3425 -3.563684 
3426 3.715530 
3427 -3.859788 
3428 3.996419 
3429 -4.125390 
3430 4.246672 
3431 -4.360244 
3432 4.466088 
3433 -4.564194 
3434 4.654557 
3435 -4.737174 
3436 4.812050 
3437 -4.879195 
3438 4.938621 
3439 -4.990346 
3440 5.034392 
3441 -5.070786 
3442 5.099556 
3443 -5.120737 
3444 5.134366 
3445 -5.140483 
3446 5.139132 
3447 -5.130358 
3448 5.114212 
3449 -5.090745 
3450 5.060012 
3451 -5.022070 
3452 4.976978 
3453 -4.924797 
3454 4.865590 
3455 -4.799423 
3456 4.726361 
3457 -4.646473 
3458 4.559830 
3459 -4.466502 
3460 4.366563 
3461 -4.260085 
3462 4.147144 
3463 -4.027817 
3464 3.902181 
3465 -3.770314 
3466 3.632296 
3467 -3.488207 
3468 3.338128 
3469 -3.182143 
3470 3.020335 
3471 -2.852787 
3472 2.679586 
3473 -2.500818 
3474 2.316571 
3475 -2.126932 
3476 1.931992 
3477 -1.731842 
3478 1.526573 
3479 -1.316279 
3480 1.101055 
3481 -0.880996 
3482 0.656200 
3483 -0.426766 
3484 0.192793 
3485 0.045615 
3486 -0.288355 
3487 0.535322 
3488 -0.786408 
3489 1.041505 
3490 -1.300500 
3491 1.563282 
3492 -1.829735 
3493 2.099741 
3494 -2.373182 
3495 2.649936 
3496 -2.929878 
3497 3.212883 
3498 -3.498822 
3499 3.787565 
3500 -4.078978 
3501 4.372925 
3502 -4.669269 
3503 4.967869 
3504 -5.268583 
3505 5.571264 
3506 -5.875765 
3507 6.181937 
3508 -6.489626 
3509 6.798678 
3510 -7.108936 
3511 7.420241 
3512 -7.732431 
3513 8.045342 
3514 -8.358810 
3515 8.672665 
3516 -8.986740 
3517 9.300863 
3518 -9.614859 
3519 9.928556 
3520 -10.241776 
3521 10.554342 
3522 -10.866075 
3523 11.176795 
3524 -11.486321 
3525 11.794470 
3526 -12.101060 
3527 12.405907 
3528 -12.708827 
3529 13.009636 
3530 -13.308148 
3531 13.604179 
3532 -13.897543 
3533 14.188057 
3534 -14.475536 
3535 14.759796 
3536 -15.040654 
3537 15.317927 
3538 -15.591434 
3539 15.860994 
3540 -16.126428 
3541 16.387559 
3542 -16.644210 
3543 16.896207 
3544 -17.143376 
3545 17.385546 
3546 -17.622551 
3547 17.854221 
3548 -18.080394 
3549 18.300909 
3550 -18.515605 
3551 18.724327 
3552 -18.926921 
3553 19.123238 
3554 -19.313130 
3555 19.496454 
3556 -19.673069 
3557 19.842838 
3558 -20.005628 
3559 20.161310 
3560 -20.309757 
3561 20.450848 
3562 -20.584465 
3563 20.710495 
3564 -20.828827 
3565 20.939358 
3566 -21.041987 
3567 21.136617 
3568 -21.223156 
3569 21.301519 
3570 -21.371623 
3571 21.433390 
3572 -21.486749 
3573 21.531632 
3574 -21.567977 
3575 21.595727 
3576 -21.614830 
3577 21.625239 
3578 -21.626914 
3579 21.619819 
3580 -21.603923 
3581 21.579202 
3582 -21.545637 
3583 21.503215 
3584 -21.451927 
3585 21.391772 
3586 -21.322755 
3587 21.244884 
3588 -21.158177 
3589 21.062654 
3590 -20.958345 
3591 20.845281 
3592 -20.723505 
3593 20.593062 
3594 -20.454004 
3595 20.306390 
3596 -20.150285 
3597 19.985760 
3598 -19.812892 
3599 19.631764 
3600 -19.442467 
3601 19.245095 
3602 -19.039753 
3603 18.826546 
3604 -18.605591 
3605 18.377008 
3606 -18.140924 
3607 17.897471 
3608 -17.646788 
3609 17.389021 
3610 -17.124319 
3611 16.852840 
3612 -16.574746 
3613 16.290203 
3614 -15.999386 
3615 15.702474 
3616 -15.399650 
3617 15.091104 
3618 -14.777029 
3619 14.457626 
3620 -14.133097 
3621 13.803651 
3622 -13.469502 
3623 13.130866 
3624 -12.787963 
3625 12.441020 
3626 -12.090264 
3627 11.735928 
3628 -11.378246 
3629 11.017457 
3630 -10.653801 
3631 10.287522 
3632 -9.918866 
3633 9.548079 
3634 -9.175411 
3635 8.801112 
3636 -8.425436 
3637 8.048633 
3638 -7.670959 
3639 7.292666 
3640 -6.914009 
3641 6.535241 
3642 -6.156615 
3643 5.778384 
3644 -5.400799 
3645 5.024110 
3646 -4.648565 
3647 4.274411 
3648 -3.901891 
3649 3.531248 
3650 -3.162721 
3651 2.796544 
3652 -2.432951 
3653 2.072170 
3654 -1.714427 
3655 1.359942 
3656 -1.008932 
3657 0.661609 
3658 -0.318181 
3659 -0.021151 
3660 0.356190 
3661 -0.686743 
3662 1.012626 
3663 -1.333657 
3664 1.649664 
3665 -1.960478 
3666 2.265938 
3667 -2.565888 
3668 2.860180 
3669 -3.148673 
3670 3.431230 
3671 -3.707725 
3672 3.978037 
3673 -4.242050 
3674 4.499658 
3675 -4.750762 
3676 4.995269 
3677 -5.233094 
3678 5.464158 
3679 -5.688390 
3680 5.905728 
3681 -6.116114 
3682 6.319499 
3683 -6.515842 
3684 6.705106 
3685 -6.887264 
3686 7.062295 
3687 -7.230183 
3688 7.390922 
3689 -7.544511 
3690 7.690954 
3691 -7.830263 
3692 7.962457 
3693 -8.087560 
3694 8.205602 
3695 -8.316619 
3696 8.420652 
3697 -8.517749 
3698 8.607963 
3699 -8.691350 
3700 8.767973 
3701 -8.837901 
3702 8.901205 
3703 -8.957962 
3704 9.008253 
3705 -9.052163 
3706 9.089780 
3707 -9.121197 
3708 9.146511 
3709 -9.165821 
3710 9.179230 
3711 -9.186843 
3712 9.188769 
3713 -9.185119 
3714 9.176006 
3715 -9.161546 
3716 9.141858 
3717 -9.117059 
3718 9.087273 
3719 -9.052621 
3720 9.013229 
3721 -8.969223 
3722 8.920727 
3723 -8.867871 
3724 8.810783 
3725 -8.749592 
3726 8.684428 
3727 -8.615419 
3728 8.542697 
3729 -8.466392 
3730 8.386634 
3731 -8.303553 
3732 8.217278 
3733 -8.127940 
3734 8.035668 
3735 -7.940589 
3736 7.842832 
3737 -7.742524 
3738 7.639790 
3739 -7.534757 
3740 7.427548 
3741 -7.318286 
3742 7.207094 
3743 -7.094092 
3744 6.979401 
3745 -6.863137 
3746 6.745418 
3747 -6.626359 
3748 6.506073 
3749 -6.384673 
3750 6.262270 
3751 -6.138972 
3752 6.014887 
3753 -5.890119 
3754 5.764773 
3755 -5.638950 
3756 5.512751 
3757 -5.386273 
3758 5.259612 
3759 -5.132863 
3760 5.006117 
3761 -4.879466 
3762 4.752998 
3763 -4.626797 
3764 4.500950 
3765 -4.375537 
3766 4.250639 
3767 -4.126333 
3768 4.002695 
3769 -3.879798 
3770 3.757715 
3771 -3.636514 
3772 3.516262 
3773 -3.397023 
3774 3.278862 
3775 -3.161838 
3776 3.046009 
3777 -2.931431 
3778 2.818159 
3779 -2.706243 
3780 2.595734 
3781 -2.486678 
3782 2.379119 
3783 -2.273102 
3784 2.168667 
3785 -2.065851 
3786 1.964691 
3787 -1.865221 
3788 1.767472 
3789 -1.671475 
3790 1.577256 
3791 -1.484841 
3792 1.394254 
3793 -1.305515 
3794 1.218644 
3795 -1.133657 
3796 1.050569 
3797 -0.969394 
3798 0.890142 
3799 -0.812823 
3800 0.737443 
3801 -0.664008 
3802 0.592521 
3803 -0.522984 
3804 0.455396 
3805 -0.389756 
3806 0.326059 
3807 -0.264301 
3808 0.204474 
3809 -0.146570 
3810 0.090578 
3811 -0.036487 
3812 -0.015716 
3813 0.066046 
3814 -0.114518 
3815 0.161150 
3816 -0.205961 
3817 0.248969 
3818 -0.290196 
3819 0.329664 
3820 -0.367395 
3821 0.403415 
3822 -0.437747 
3823 0.470418 
3824 -0.501454 
3825 0.530883 
3826 -0.558733 
3827 0.585033 
3828 -0.609813 
3829 0.633103 
3830 -0.654933 
3831 0.675336 
3832 -0.694342 
3833 0.711984 
3834 -0.728294 
3835 0.743305 
3836 -0.757049 
3837 0.769560 
3838 -0.780871 
3839 0.791016 
3840 -0.800028 
3841 0.807940 
3842 -0.814786 
3843 0.820599 
3844 -0.825413 
3845 0.829261 
3846 -0.832175 
3847 0.834189 
3848 -0.835335 
3849 0.835645 
3850 -0.835152 
3851 0.833887 
3852 -0.831881 
3853 0.829165 
3854 -0.825770 
3855 0.821726 
3856 -0.817062 
3857 0.811808 
3858 -0.805993 
3859 0.799644 
3860 -0.792789 
3861 0.785456 
3862 -0.777670 
3863 0.769459 
3864 -0.760847 
3865 0.751859 
3866 -0.742520 
3867 0.732853 
3868 -0.722881 
3869 0.712628 
3870 -0.702114 
3871 0.691362 
3872 -0.680391 
3873 0.669223 
3874 -0.657876 
3875 0.646369 
3876 -0.634721 
3877 0.622949 
3878 -0.611071 
3879 0.599102 
3880 -0.587059 
3881 0.574958 
3882 -0.562812 
3883 0.550636 
3884 -0.538444 
3885 0.526249 
3886 -0.514063 
3887 0.501899 
3888 -0.489768 
3889 0.477680 
3890 -0.465647 
3891 0.453678 
3892 -0.441783 
3893 0.429971 
3894 -0.418250 
3895 0.406628 
3896 -0.395114 
3897 0.383714 
3898 -0.372436 
3899 0.361285 
3900 -0.350268 
3901 0.339389 
3902 -0.328656 
3903 0.318071 
3904 -0.307641 
3905 0.297368 
3906 -0.287257 
3907 0.277311 
3908 -0.267534 
3909 0.257928 
3910 -0.248496 
3911 0.239240 
3912 -0.230162 
3913 0.221263 
3914 -0.212547 
3915 0.204012 
3916 -0.195661 
3917 0.187495 
3918 -0.179513 
3919 0.171716 
3920 -0.164105 
3921 0.156678 
3922 -0.149436 
3923 0.142379 
3924 -0.135505 
3925 0.128814 
3926 -0.122305 
3927 0.115977 
3928 -0.109828 
3929 0.103857 
3930 -0.098063 
3931 0.092443 
3932 -0.086997 
3933 0.081721 
3934 -0.076615 
3935 0.071676 
3936 -0.066902 
3937 0.062290 
3938 -0.057839 
3939 0.053545 
3940 -0.049407 
3941 0.045421 
3942 -0.041585 
3943 0.037896 
3944 -0.034353 
3945 0.030950 
3946 -0.027687 
3947 0.024560 
3948 -0.021567 
3949 0.018703 
3950 -0.015967 
3951 0.013356 
3952 -0.010866 
3953 0.008494 
3954 -0.006238 
3955 0.004094 
3956 -0.002060 
3957 0.000132 
3958 0.001692 
3959 -0.003415 
3960 0.005041 
3961 -0.006572 
3962 0.008012 
3963 -0.009362 
3964 0.010626 
3965 -0.011807 
3966 0.012908 
3967 -0.013931 
3968 0.014879 
3969 -0.015754 
3970 0.016561 
3971 -0.017300 
3972 0.017975 
3973 -0.018588 
3974 0.019141 
3975 -0.019638 
3976 0.020080 
3977 -0.020471 
3978 0.020811 
3979 -0.021103 
3980 0.021351 
3981 -0.021555 
3982 0.021717 
3983 -0.021841 
3984 0.021927 
3985 -0.021979 
3986 0.021996 
3987 -0.021983 
3988 0.021940 
3989 -0.021868 
3990 0.021771 
3991 -0.021648 
3992 0.021503 
3993 -0.021336 
3994 0.021149 
3995 -0.020943 
3996 0.020719 
3997 -0.020480 
3998 0.020226 
3999 -0.019958 
4000 0.019677 
