0 -0.000000 
1 0.000000 
2 -0.000000 
3 0.000000 
4 -0.000000 
5 0.000000 
6 -0.000000 
7 0.000000 
8 -0.000000 
9 0.000000 
10 -0.000000 
11 0.000000 
12 -0.000000 
13 0.000000 
14 -0.000000 
15 0.000000 
16 -0.000000 
17 0.000000 
18 -0.000000 
19 0.000000 
20 -0.000000 
21 0.000000 
22 -0.000000 
23 0.000000 
24 -0.000000 
25 0.000000 
26 -0.000000 
27 0.000000 
28 -0.000000 
29 0.000000 
30 -0.000000 
31 0.000000 
32 -0.000000 
33 0.000000 
34 -0.000000 
35 0.000000 
36 -0.000000 
37 0.000000 
38 -0.000000 
39 0.000000 
40 -0.000000 
41 0.000000 
42 -0.000000 
43 0.000000 
44 -0.000000 
45 0.000000 
46 -0.000000 
47 0.000000 
48 -0.000000 
49 0.000000 
50 -0.000000 
51 0.000000 
52 -0.000000 
53 0.000000 
54 -0.000000 
55 0.000000 
56 -0.000000 
57 0.000000 
58 -0.000000 
59 0.000000 
60 -0.000000 
61 0.000000 
62 -0.000000 
63 -0.000000 
64 0.000000 
65 -0.000000 
66 0.000000 
67 -0.000000 
68 0.000000 
69 -0.000000 
70 0.000000 
71 -0.000000 
72 0.000000 
73 -0.000000 
74 0.000000 
75 -0.000000 
76 0.000000 
77 -0.000000 
78 0.000000 
79 -0.000000 
80 0.000000 
81 -0.000000 
82 0.000000 
83 -0.000000 
84 0.000000 
85 -0.000000 
86 0.000000 
87 -0.000000 
88 0.000000 
89 -0.000000 
90 0.000000 
91 -0.000000 
92 0.000000 
93 -0.000000 
94 0.000000 
95 -0.000000 
96 0.000000 
97 -0.000000 
98 0.000000 
99 -0.000000 
100 0.000000 
101 -0.000000 
102 0.000000 
103 -0.000000 
104 0.000000 
105 -0.000000 
106 0.000000 
107 -0.000000 
108 0.000000 
109 -0.000000 
110 0.000000 
111 -0.000000 
112 0.000000 
113 -0.000000 
114 0.000000 
115 -0.000000 
116 0.000000 
117 -0.000000 
118 0.000000 
119 -0.000000 
120 0.000000 
121 -0.000000 
122 0.000000 
123 -0.000000 
124 0.000000 
125 -0.000000 
126 0.000000 
127 -0.000000 
128 0.000000 
129 -0.000000 
130 0.000000 
131 -0.000000 
132 0.000000 
133 -0.000000 
134 0.000000 
135 -0.000000 
136 0.000000 
137 -0.000000 
138 0.000000 
139 -0.000000 
140 0.000000 
141 -0.000000 
142 0.000000 
143 -0.000000 
144 0.000000 
145 -0.000000 
146 0.000000 
147 -0.000000 
148 0.000000 
149 -0.000000 
150 0.000000 
151 -0.000000 
152 0.000000 
153 -0.000000 
154 0.000000 
155 -0.000000 
156 0.000000 
157 -0.000000 
158 0.000000 
159 -0.000000 
160 0.000000 
161 -0.000000 
162 0.000000 
163 -0.000000 
164 0.000000 
165 -0.000000 
166 0.000000 
167 -0.000000 
168 0.000000 
169 -0.000000 
170 0.000000 
171 -0.000000 
172 0.000000 
173 -0.000000 
174 0.000000 
175 -0.000000 
176 0.000000 
177 -0.000000 
178 0.000000 
179 -0.000000 
180 0.000000 
181 -0.000000 
182 0.000000 
183 -0.000000 
184 0.000000 
185 -0.000000 
186 0.000000 
187 -0.000000 
188 0.000000 
189 -0.000000 
190 0.000000 
191 -0.000000 
192 0.000000 
193 -0.000000 
194 0.000000 
195 -0.000000 
196 0.000000 
197 -0.000000 
198 0.000000 
199 -0.000000 
200 0.000000 
201 -0.000000 
202 0.000000 
203 -0.000000 
204 0.000000 
205 -0.000000 
206 0.000000 
207 -0.000000 
208 0.000000 
209 -0.000000 
210 0.000000 
211 -0.000000 
212 0.000000 
213 0.000000 
214 -0.000000 
215 0.000000 
216 -0.000000 
217 0.000000 
218 -0.000000 
219 0.000000 
220 -0.000000 
221 0.000000 
222 -0.000000 
223 0.000000 
224 -0.000000 
225 0.000000 
226 -0.000000 
227 0.000000 
228 -0.000000 
229 0.000000 
230 -0.000000 
231 0.000000 
232 -0.000000 
233 0.000000 
234 -0.000000 
235 0.000000 
236 -0.000000 
237 0.000000 
238 -0.000000 
239 0.000000 
240 -0.000000 
241 0.000000 
242 -0.000000 
243 0.000000 
244 -0.000000 
245 0.000000 
246 -0.000000 
247 0.000000 
248 -0.000000 
249 0.000000 
250 -0.000000 
251 0.000000 
252 -0.000000 
253 0.000000 
254 -0.000000 
255 0.000000 
256 -0.000000 
257 0.000000 
258 -0.000000 
259 0.000000 
260 -0.000000 
261 0.000000 
262 -0.000000 
263 0.000000 
264 -0.000000 
265 0.000000 
266 -0.000000 
267 0.000000 
268 -0.000000 
269 0.000000 
270 -0.000000 
271 0.000000 
272 -0.000000 
273 0.000000 
274 -0.000000 
275 0.000000 
276 -0.000000 
277 0.000000 
278 -0.000000 
279 0.000000 
280 -0.000000 
281 0.000000 
282 -0.000000 
283 0.000000 
284 -0.000000 
285 0.000000 
286 -0.000000 
287 0.000000 
288 -0.000000 
289 0.000000 
290 -0.000000 
291 0.000000 
292 -0.000000 
293 0.000000 
294 -0.000000 
295 0.000000 
296 -0.000000 
297 0.000000 
298 -0.000000 
299 0.000000 
300 -0.000000 
301 0.000000 
302 -0.000000 
303 0.000000 
304 -0.000000 
305 0.000000 
306 -0.000000 
307 0.000000 
308 -0.000000 
309 0.000000 
310 -0.000000 
311 0.000000 
312 -0.000000 
313 0.000000 
314 -0.000000 
315 0.000000 
316 -0.000000 
317 0.000000 
318 -0.000000 
319 0.000000 
320 -0.000000 
321 0.000000 
322 -0.000000 
323 0.000000 
324 -0.000000 
325 0.000000 
326 -0.000000 
327 0.000000 
328 -0.000000 
329 0.000000 
330 -0.000000 
331 0.000000 
332 -0.000000 
333 0.000000 
334 -0.000000 
335 0.000000 
336 -0.000000 
337 0.000000 
338 -0.000000 
339 0.000000 
340 -0.000000 
341 0.000000 
342 -0.000000 
343 0.000000 
344 -0.000000 
345 0.000000 
346 -0.000000 
347 0.000000 
348 -0.000000 
349 0.000000 
350 -0.000000 
351 0.000000 
352 -0.000000 
353 0.000000 
354 -0.000000 
355 0.000000 
356 -0.000000 
357 0.000000 
358 -0.000000 
359 0.000000 
360 -0.000000 
361 0.000000 
362 -0.000000 
363 0.000000 
364 -0.000000 
365 0.000000 
366 -0.000000 
367 0.000000 
368 -0.000000 
369 0.000000 
370 -0.000000 
371 -0.000000 
372 0.000000 
373 -0.000000 
374 0.000000 
375 -0.000000 
376 0.000000 
377 -0.000000 
378 0.000000 
379 -0.000000 
380 0.000000 
381 -0.000000 
382 0.000000 
383 -0.000000 
384 0.000000 
385 -0.000000 
386 0.000000 
387 -0.000000 
388 0.000000 
389 -0.000000 
390 0.000000 
391 -0.000000 
392 0.000000 
393 -0.000000 
394 0.000000 
395 -0.000000 
396 0.000000 
397 -0.000000 
398 0.000000 
399 -0.000000 
400 0.000000 
401 -0.000000 
402 0.000000 
403 -0.000000 
404 0.000000 
405 -0.000000 
406 0.000000 
407 -0.000000 
408 0.000000 
409 -0.000000 
410 0.000000 
411 -0.000000 
412 0.000000 
413 -0.000000 
414 0.000000 
415 -0.000000 
416 0.000000 
417 -0.000000 
418 0.000000 
419 -0.000000 
420 0.000000 
421 -0.000000 
422 0.000000 
423 -0.000000 
424 0.000000 
425 -0.000000 
426 0.000000 
427 -0.000000 
428 0.000000 
429 -0.000000 
430 0.000000 
431 -0.000000 
432 0.000000 
433 -0.000000 
434 0.000000 
435 -0.000000 
436 0.000000 
437 -0.000000 
438 0.000000 
439 -0.000000 
440 0.000000 
441 -0.000000 
442 0.000000 
443 -0.000000 
444 0.000000 
445 -0.000000 
446 0.000000 
447 -0.000000 
448 0.000000 
449 -0.000000 
450 0.000000 
451 -0.000000 
452 0.000000 
453 -0.000000 
454 0.000000 
455 -0.000000 
456 0.000000 
457 -0.000000 
458 0.000000 
459 -0.000000 
460 0.000000 
461 -0.000000 
462 0.000000 
463 -0.000000 
464 0.000000 
465 -0.000000 
466 0.000000 
467 -0.000000 
468 0.000000 
469 -0.000000 
470 0.000000 
471 -0.000000 
472 0.000000 
473 -0.000000 
474 0.000000 
475 -0.000000 
476 0.000000 
477 -0.000000 
478 0.000000 
479 -0.000000 
480 0.000000 
481 -0.000000 
482 0.000000 
483 -0.000000 
484 0.000000 
485 -0.000000 
486 0.000000 
487 -0.000000 
488 0.000000 
489 -0.000000 
490 0.000000 
491 -0.000000 
492 0.000000 
493 -0.000000 
494 0.000000 
495 -0.000000 
496 0.000000 
497 -0.000000 
498 0.000000 
499 -0.000000 
500 0.000000 
501 -0.000000 
502 0.000000 
503 -0.000000 
504 0.000000 
505 -0.000000 
506 0.000000 
507 -0.000000 
508 0.000000 
509 -0.000000 
510 -0.000000 
511 0.000000 
512 -0.000000 
513 0.000000 
514 -0.000000 
515 0.000000 
516 -0.000000 
517 0.000000 
518 -0.000000 
519 0.000000 
520 -0.000000 
521 0.000000 
522 -0.000000 
523 0.000000 
524 -0.000000 
525 0.000000 
526 -0.000000 
527 0.000000 
528 -0.000000 
529 0.000000 
530 -0.000000 
531 0.000000 
532 -0.000000 
533 0.000000 
534 -0.000000 
535 0.000000 
536 -0.000000 
537 0.000000 
538 -0.000000 
539 0.000000 
540 -0.000000 
541 0.000000 
542 -0.000000 
543 0.000000 
544 -0.000000 
545 0.000000 
546 -0.000000 
547 0.000000 
548 -0.000000 
549 0.000000 
550 -0.000000 
551 0.000000 
552 -0.000000 
553 0.000000 
554 -0.000000 
555 0.000000 
556 -0.000000 
557 0.000000 
558 -0.000000 
559 0.000000 
560 -0.000000 
561 0.000000 
562 -0.000000 
563 0.000000 
564 -0.000000 
565 0.000000 
566 -0.000000 
567 0.000000 
568 -0.000000 
569 0.000000 
570 -0.000000 
571 0.000000 
572 -0.000000 
573 0.000000 
574 -0.000000 
575 0.000000 
576 -0.000000 
577 0.000000 
578 -0.000000 
579 0.000000 
580 -0.000000 
581 0.000000 
582 -0.000000 
583 0.000000 
584 -0.000000 
585 0.000000 
586 -0.000000 
587 0.000000 
588 -0.000000 
589 0.000000 
590 -0.000000 
591 0.000000 
592 -0.000000 
593 0.000000 
594 -0.000000 
595 0.000000 
596 -0.000000 
597 0.000000 
598 -0.000000 
599 0.000000 
600 -0.000000 
601 0.000000 
602 -0.000000 
603 0.000000 
604 -0.000000 
605 0.000000 
606 -0.000000 
607 0.000000 
608 -0.000000 
609 0.000000 
610 -0.000000 
611 0.000000 
612 -0.000000 
613 0.000000 
614 -0.000000 
615 0.000000 
616 -0.000000 
617 0.000000 
618 -0.000000 
619 0.000000 
620 -0.000000 
621 0.000000 
622 -0.000000 
623 0.000000 
624 -0.000000 
625 0.000000 
626 -0.000000 
627 0.000000 
628 -0.000000 
629 0.000000 
630 -0.000000 
631 0.000000 
632 -0.000000 
633 0.000000 
634 -0.000000 
635 0.000000 
636 -0.000000 
637 0.000000 
638 -0.000000 
639 0.000000 
640 -0.000000 
641 0.000000 
642 -0.000000 
643 0.000000 
644 -0.000000 
645 0.000000 
646 -0.000000 
647 0.000000 
648 -0.000000 
649 0.000000 
650 -0.000000 
651 0.000000 
652 -0.000000 
653 0.000000 
654 -0.000000 
655 0.000000 
656 -0.000000 
657 0.000000 
658 -0.000000 
659 0.000000 
660 -0.000000 
661 0.000000 
662 -0.000000 
663 0.000000 
664 -0.000000 
665 0.000000 
666 -0.000000 
667 0.000000 
668 -0.000000 
669 0.000000 
670 -0.000000 
671 -0.000000 
672 0.000000 
673 -0.000000 
674 0.000000 
675 -0.000000 
676 0.000000 
677 -0.000000 
678 0.000000 
679 -0.000000 
680 0.000000 
681 -0.000000 
682 0.000000 
683 -0.000000 
684 0.000000 
685 -0.000000 
686 0.000000 
687 -0.000000 
688 0.000000 
689 -0.000000 
690 0.000000 
691 -0.000000 
692 0.000000 
693 -0.000000 
694 0.000000 
695 -0.000000 
696 0.000000 
697 -0.000000 
698 0.000000 
699 -0.000000 
700 0.000000 
701 -0.000000 
702 0.000000 
703 -0.000000 
704 0.000000 
705 -0.000000 
706 0.000000 
707 -0.000000 
708 0.000000 
709 -0.000000 
710 0.000000 
711 -0.000000 
712 0.000000 
713 -0.000000 
714 0.000000 
715 -0.000000 
716 0.000000 
717 -0.000000 
718 0.000000 
719 -0.000000 
720 0.000000 
721 -0.000000 
722 0.000000 
723 -0.000000 
724 0.000000 
725 -0.000000 
726 0.000000 
727 -0.000000 
728 0.000000 
729 -0.000000 
730 0.000000 
731 -0.000000 
732 0.000000 
733 -0.000000 
734 0.000000 
735 -0.000000 
736 0.000000 
737 -0.000000 
738 0.000000 
739 -0.000000 
740 0.000000 
741 -0.000000 
742 0.000000 
743 -0.000000 
744 0.000000 
745 -0.000000 
746 0.000000 
747 -0.000000 
748 0.000000 
749 -0.000000 
750 0.000000 
751 -0.000000 
752 0.000000 
753 -0.000000 
754 0.000000 
755 -0.000000 
756 0.000000 
757 -0.000000 
758 0.000000 
759 -0.000000 
760 0.000000 
761 -0.000000 
762 0.000000 
763 -0.000000 
764 0.000000 
765 -0.000000 
766 0.000000 
767 -0.000000 
768 0.000000 
769 -0.000000 
770 0.000000 
771 -0.000000 
772 0.000000 
773 -0.000000 
774 0.000000 
775 -0.000000 
776 0.000000 
777 -0.000000 
778 0.000000 
779 0.000000 
780 -0.000000 
781 0.000000 
782 -0.000000 
783 0.000000 
784 -0.000000 
785 0.000000 
786 -0.000000 
787 0.000000 
788 -0.000000 
789 0.000000 
790 -0.000000 
791 0.000000 
792 -0.000000 
793 0.000000 
794 -0.000000 
795 0.000000 
796 -0.000000 
797 0.000000 
798 -0.000000 
799 0.000000 
800 -0.000000 
801 0.000000 
802 -0.000000 
803 0.000000 
804 -0.000000 
805 0.000000 
806 0.000000 
807 -0.000000 
808 0.000000 
809 -0.000000 
810 0.000000 
811 -0.000000 
812 0.000000 
813 -0.000000 
814 0.000000 
815 0.000000 
816 -0.000000 
817 0.000000 
818 -0.000000 
819 0.000000 
820 -0.000000 
821 0.000000 
822 -0.000000 
823 0.000000 
824 -0.000000 
825 0.000000 
826 -0.000000 
827 0.000000 
828 -0.000000 
829 0.000000 
830 -0.000000 
831 0.000000 
832 -0.000000 
833 0.000000 
834 -0.000000 
835 0.000000 
836 -0.000000 
837 0.000000 
838 -0.000000 
839 0.000000 
840 -0.000000 
841 0.000000 
842 -0.000000 
843 0.000000 
844 -0.000000 
845 0.000000 
846 -0.000000 
847 0.000000 
848 -0.000000 
849 0.000000 
850 -0.000000 
851 0.000000 
852 -0.000000 
853 0.000000 
854 -0.000000 
855 0.000000 
856 -0.000000 
857 0.000000 
858 -0.000000 
859 0.000000 
860 -0.000000 
861 0.000000 
862 -0.000000 
863 0.000000 
864 -0.000000 
865 0.000000 
866 -0.000000 
867 -0.000000 
868 0.000000 
869 -0.000000 
870 0.000000 
871 -0.000000 
872 0.000000 
873 -0.000000 
874 0.000000 
875 -0.000000 
876 0.000000 
877 -0.000000 
878 0.000000 
879 -0.000000 
880 0.000000 
881 -0.000000 
882 0.000000 
883 -0.000000 
884 0.000000 
885 -0.000000 
886 0.000000 
887 -0.000000 
888 0.000000 
889 -0.000000 
890 0.000000 
891 -0.000000 
892 0.000000 
893 -0.000000 
894 0.000000 
895 -0.000000 
896 0.000000 
897 -0.000000 
898 0.000000 
899 -0.000000 
900 0.000000 
901 -0.000000 
902 0.000000 
903 -0.000000 
904 0.000000 
905 -0.000000 
906 0.000000 
907 -0.000000 
908 0.000000 
909 -0.000000 
910 0.000000 
911 -0.000000 
912 0.000000 
913 -0.000000 
914 0.000000 
915 -0.000000 
916 0.000000 
917 -0.000000 
918 0.000000 
919 -0.000000 
920 0.000000 
921 -0.000000 
922 0.000000 
923 -0.000000 
924 0.000000 
925 -0.000000 
926 0.000000 
927 -0.000000 
928 0.000000 
929 -0.000000 
930 0.000000 
931 -0.000000 
932 0.000000 
933 -0.000000 
934 0.000000 
935 -0.000000 
936 0.000000 
937 -0.000000 
938 0.000000 
939 -0.000000 
940 0.000000 
941 -0.000000 
942 0.000000 
943 -0.000000 
944 0.000000 
945 -0.000000 
946 0.000000 
947 -0.000000 
948 0.000000 
949 -0.000000 
950 0.000000 
951 -0.000000 
952 0.000000 
953 -0.000000 
954 0.000000 
955 -0.000000 
956 0.000000 
957 -0.000000 
958 0.000000 
959 -0.000000 
960 0.000000 
961 -0.000000 
962 0.000000 
963 -0.000000 
964 0.000000 
965 -0.000000 
966 0.000000 
967 -0.000000 
968 0.000000 
969 -0.000000 
970 0.000000 
971 -0.000000 
972 0.000000 
973 -0.000000 
974 0.000000 
975 -0.000000 
976 0.000000 
977 -0.000000 
978 0.000000 
979 -0.000000 
980 0.000000 
981 -0.000000 
982 0.000000 
983 -0.000000 
984 0.000000 
985 -0.000000 
986 0.000000 
987 -0.000000 
988 0.000000 
989 -0.000000 
990 0.000000 
991 -0.000000 
992 0.000000 
993 -0.000000 
994 0.000000 
995 -0.000000 
996 0.000000 
997 -0.000000 
998 0.000000 
999 -0.000000 
1000 0.000000 
1001 -0.000000 
1002 0.000000 
1003 -0.000000 
1004 0.000000 
1005 -0.000000 
1006 0.000000 
1007 -0.000000 
1008 0.000000 
1009 -0.000000 
1010 0.000000 
1011 -0.000000 
1012 0.000000 
1013 -0.000000 
1014 0.000000 
1015 -0.000000 
1016 0.000000 
1017 -0.000000 
1018 0.000000 
1019 -0.000000 
1020 0.000000 
1021 -0.000000 
1022 0.000000 
1023 -0.000000 
1024 0.000000 
1025 -0.000000 
1026 0.000000 
1027 -0.000000 
1028 0.000000 
1029 -0.000000 
1030 0.000000 
1031 -0.000000 
1032 0.000000 
1033 -0.000000 
1034 0.000000 
1035 -0.000000 
1036 0.000000 
1037 -0.000000 
1038 0.000000 
1039 -0.000000 
1040 0.000000 
1041 -0.000000 
1042 0.000000 
1043 -0.000000 
1044 0.000000 
1045 -0.000000 
1046 0.000000 
1047 -0.000000 
1048 0.000000 
1049 -0.000000 
1050 0.000000 
1051 -0.000000 
1052 0.000000 
1053 -0.000000 
1054 0.000000 
1055 -0.000000 
1056 0.000000 
1057 -0.000000 
1058 0.000000 
1059 -0.000000 
1060 0.000000 
1061 -0.000000 
1062 0.000000 
1063 -0.000000 
1064 0.000000 
1065 -0.000000 
1066 0.000000 
1067 -0.000000 
1068 0.000000 
1069 -0.000000 
1070 0.000000 
1071 -0.000000 
1072 0.000000 
1073 -0.000000 
1074 0.000000 
1075 -0.000000 
1076 0.000000 
1077 -0.000000 
1078 0.000000 
1079 -0.000000 
1080 0.000000 
1081 -0.000000 
1082 0.000000 
1083 -0.000000 
1084 0.000000 
1085 -0.000000 
1086 0.000000 
1087 -0.000000 
1088 0.000000 
1089 -0.000000 
1090 0.000000 
1091 -0.000000 
1092 0.000000 
1093 -0.000000 
1094 0.000000 
1095 -0.000000 
1096 0.000000 
1097 -0.000000 
1098 -0.000000 
1099 0.000000 
1100 -0.000000 
1101 0.000000 
1102 -0.000000 
1103 0.000000 
1104 -0.000000 
1105 0.000000 
1106 -0.000000 
1107 0.000000 
1108 -0.000000 
1109 0.000000 
1110 -0.000000 
1111 0.000000 
1112 -0.000000 
1113 0.000000 
1114 -0.000000 
1115 0.000000 
1116 -0.000000 
1117 0.000000 
1118 -0.000000 
1119 0.000000 
1120 -0.000000 
1121 0.000000 
1122 -0.000000 
1123 0.000000 
1124 -0.000000 
1125 0.000000 
1126 -0.000000 
1127 0.000000 
1128 -0.000000 
1129 0.000000 
1130 -0.000000 
1131 0.000000 
1132 -0.000000 
1133 0.000000 
1134 -0.000000 
1135 0.000000 
1136 -0.000000 
1137 0.000000 
1138 -0.000000 
1139 0.000000 
1140 -0.000000 
1141 0.000000 
1142 -0.000000 
1143 0.000000 
1144 -0.000000 
1145 0.000000 
1146 -0.000000 
1147 0.000000 
1148 -0.000000 
1149 0.000000 
1150 -0.000000 
1151 0.000000 
1152 -0.000000 
1153 0.000000 
1154 -0.000000 
1155 0.000000 
1156 -0.000000 
1157 0.000000 
1158 -0.000000 
1159 0.000000 
1160 -0.000000 
1161 0.000000 
1162 -0.000000 
1163 0.000000 
1164 -0.000000 
1165 0.000000 
1166 -0.000000 
1167 0.000000 
1168 -0.000000 
1169 0.000000 
1170 -0.000000 
1171 0.000000 
1172 -0.000000 
1173 0.000000 
1174 -0.000000 
1175 0.000000 
1176 -0.000000 
1177 0.000000 
1178 -0.000000 
1179 0.000000 
1180 -0.000000 
1181 0.000000 
1182 -0.000000 
1183 0.000000 
1184 -0.000000 
1185 0.000000 
1186 -0.000000 
1187 0.000000 
1188 -0.000000 
1189 0.000000 
1190 -0.000000 
1191 0.000000 
1192 -0.000000 
1193 0.000000 
1194 -0.000000 
1195 0.000000 
1196 -0.000000 
1197 0.000000 
1198 -0.000000 
1199 0.000000 
1200 -0.000000 
1201 0.000000 
1202 -0.000000 
1203 0.000000 
1204 -0.000000 
1205 0.000000 
1206 -0.000000 
1207 0.000000 
1208 -0.000000 
1209 0.000000 
1210 -0.000000 
1211 0.000000 
1212 -0.000000 
1213 0.000000 
1214 -0.000000 
1215 0.000000 
1216 -0.000000 
1217 0.000000 
1218 -0.000000 
1219 0.000000 
1220 -0.000000 
1221 0.000000 
1222 -0.000000 
1223 0.000000 
1224 -0.000000 
1225 0.000000 
1226 -0.000000 
1227 0.000000 
1228 -0.000000 
1229 0.000000 
1230 -0.000000 
1231 0.000000 
1232 -0.000000 
1233 0.000000 
1234 -0.000000 
1235 0.000000 
1236 -0.000000 
1237 0.000000 
1238 -0.000000 
1239 0.000000 
1240 -0.000000 
1241 0.000000 
1242 -0.000000 
1243 0.000000 
1244 -0.000000 
1245 0.000000 
1246 -0.000000 
1247 0.000000 
1248 -0.000000 
1249 0.000000 
1250 -0.000000 
1251 0.000000 
1252 -0.000000 
1253 0.000000 
1254 -0.000000 
1255 0.000000 
1256 -0.000000 
1257 0.000000 
1258 -0.000000 
1259 0.000000 
1260 -0.000000 
1261 0.000000 
1262 -0.000000 
1263 0.000000 
1264 -0.000000 
1265 0.000000 
1266 -0.000000 
1267 0.000000 
1268 -0.000000 
1269 0.000000 
1270 -0.000000 
1271 0.000000 
1272 -0.000000 
1273 0.000000 
1274 -0.000000 
1275 0.000000 
1276 -0.000000 
1277 0.000000 
1278 -0.000000 
1279 0.000000 
1280 -0.000000 
1281 0.000000 
1282 -0.000000 
1283 0.000000 
1284 -0.000000 
1285 -0.000000 
1286 0.000000 
1287 -0.000000 
1288 0.000000 
1289 -0.000000 
1290 0.000000 
1291 -0.000000 
1292 0.000000 
1293 -0.000000 
1294 0.000000 
1295 -0.000000 
1296 0.000000 
1297 -0.000000 
1298 0.000000 
1299 -0.000000 
1300 0.000000 
1301 -0.000000 
1302 0.000000 
1303 -0.000000 
1304 0.000000 
1305 -0.000000 
1306 0.000000 
1307 -0.000000 
1308 0.000000 
1309 -0.000000 
1310 0.000000 
1311 -0.000000 
1312 0.000000 
1313 -0.000000 
1314 0.000000 
1315 -0.000000 
1316 0.000000 
1317 -0.000000 
1318 0.000000 
1319 -0.000000 
1320 0.000000 
1321 -0.000000 
1322 0.000000 
1323 -0.000000 
1324 0.000000 
1325 -0.000000 
1326 0.000000 
1327 -0.000000 
1328 0.000000 
1329 -0.000000 
1330 0.000000 
1331 -0.000000 
1332 0.000000 
1333 -0.000000 
1334 0.000000 
1335 -0.000000 
1336 0.000000 
1337 -0.000000 
1338 0.000000 
1339 -0.000000 
1340 0.000000 
1341 -0.000000 
1342 0.000000 
1343 -0.000000 
1344 0.000000 
1345 -0.000000 
1346 0.000000 
1347 -0.000000 
1348 0.000000 
1349 -0.000000 
1350 0.000000 
1351 -0.000000 
1352 0.000000 
1353 -0.000000 
1354 0.000000 
1355 -0.000000 
1356 0.000000 
1357 -0.000000 
1358 0.000000 
1359 -0.000000 
1360 0.000000 
1361 -0.000000 
1362 0.000000 
1363 -0.000000 
1364 0.000000 
1365 -0.000000 
1366 0.000000 
1367 -0.000000 
1368 0.000000 
1369 -0.000000 
1370 0.000000 
1371 -0.000000 
1372 0.000000 
1373 -0.000000 
1374 0.000000 
1375 -0.000000 
1376 0.000000 
1377 -0.000000 
1378 0.000000 
1379 -0.000000 
1380 -0.000000 
1381 0.000000 
1382 -0.000000 
1383 0.000000 
1384 -0.000000 
1385 0.000000 
1386 -0.000000 
1387 0.000000 
1388 -0.000000 
1389 0.000000 
1390 -0.000000 
1391 0.000000 
1392 -0.000000 
1393 0.000000 
1394 -0.000000 
1395 0.000000 
1396 -0.000000 
1397 0.000000 
1398 -0.000000 
1399 0.000000 
1400 -0.000000 
1401 0.000000 
1402 -0.000000 
1403 0.000000 
1404 -0.000000 
1405 0.000000 
1406 -0.000000 
1407 0.000000 
1408 -0.000000 
1409 0.000000 
1410 -0.000000 
1411 0.000000 
1412 -0.000000 
1413 0.000000 
1414 -0.000000 
1415 0.000000 
1416 -0.000000 
1417 0.000000 
1418 -0.000000 
1419 0.000000 
1420 -0.000000 
1421 0.000000 
1422 -0.000000 
1423 0.000000 
1424 -0.000000 
1425 0.000000 
1426 -0.000000 
1427 0.000000 
1428 -0.000000 
1429 0.000000 
1430 -0.000000 
1431 0.000000 
1432 -0.000000 
1433 0.000000 
1434 -0.000000 
1435 0.000000 
1436 -0.000000 
1437 0.000000 
1438 -0.000000 
1439 0.000000 
1440 -0.000000 
1441 0.000000 
1442 -0.000000 
1443 0.000000 
1444 -0.000000 
1445 0.000000 
1446 -0.000000 
1447 0.000000 
1448 -0.000000 
1449 0.000000 
1450 -0.000000 
1451 0.000000 
1452 -0.000000 
1453 0.000000 
1454 -0.000000 
1455 0.000000 
1456 -0.000000 
1457 0.000000 
1458 -0.000000 
1459 0.000000 
1460 -0.000000 
1461 0.000000 
1462 -0.000000 
1463 0.000000 
1464 -0.000000 
1465 0.000000 
1466 -0.000000 
1467 0.000000 
1468 -0.000000 
1469 0.000000 
1470 -0.000000 
1471 0.000000 
1472 -0.000000 
1473 0.000000 
1474 -0.000000 
1475 0.000000 
1476 -0.000000 
1477 0.000000 
1478 -0.000000 
1479 0.000000 
1480 -0.000000 
1481 0.000000 
1482 -0.000000 
1483 0.000000 
1484 -0.000000 
1485 0.000000 
1486 -0.000000 
1487 0.000000 
1488 -0.000000 
1489 0.000000 
1490 -0.000000 
1491 0.000000 
1492 -0.000000 
1493 0.000000 
1494 -0.000000 
1495 0.000000 
1496 -0.000000 
1497 0.000000 
1498 -0.000000 
1499 0.000000 
1500 -0.000000 
1501 0.000000 
1502 -0.000000 
1503 0.000000 
1504 -0.000000 
1505 0.000000 
1506 -0.000000 
1507 0.000000 
1508 -0.000000 
1509 0.000000 
1510 -0.000000 
1511 0.000000 
1512 -0.000000 
1513 0.000000 
1514 -0.000000 
1515 0.000000 
1516 -0.000000 
1517 0.000000 
1518 -0.000000 
1519 0.000000 
1520 -0.000000 
1521 0.000000 
1522 -0.000000 
1523 0.000000 
1524 -0.000000 
1525 0.000000 
1526 -0.000000 
1527 0.000000 
1528 -0.000000 
1529 0.000000 
1530 -0.000000 
1531 0.000000 
1532 -0.000000 
1533 0.000000 
1534 -0.000000 
1535 0.000000 
1536 -0.000000 
1537 0.000000 
1538 -0.000000 
1539 0.000000 
1540 -0.000000 
1541 0.000000 
1542 -0.000000 
1543 0.000000 
1544 -0.000000 
1545 0.000000 
1546 -0.000000 
1547 0.000000 
1548 0.000000 
1549 -0.000000 
1550 0.000000 
1551 -0.000000 
1552 0.000000 
1553 -0.000000 
1554 0.000000 
1555 -0.000000 
1556 0.000000 
1557 -0.000000 
1558 0.000000 
1559 -0.000000 
1560 0.000000 
1561 -0.000000 
1562 0.000000 
1563 -0.000000 
1564 0.000000 
1565 -0.000000 
1566 0.000000 
1567 -0.000000 
1568 0.000000 
1569 -0.000000 
1570 0.000000 
1571 -0.000000 
1572 -0.000000 
1573 0.000000 
1574 -0.000000 
1575 0.000000 
1576 -0.000000 
1577 0.000000 
1578 -0.000000 
1579 0.000000 
1580 -0.000000 
1581 0.000000 
1582 -0.000000 
1583 0.000000 
1584 -0.000000 
1585 0.000000 
1586 -0.000000 
1587 0.000000 
1588 -0.000000 
1589 0.000000 
1590 -0.000000 
1591 0.000000 
1592 -0.000000 
1593 0.000000 
1594 -0.000000 
1595 0.000000 
1596 -0.000000 
1597 0.000000 
1598 -0.000000 
1599 0.000000 
1600 -0.000000 
1601 0.000000 
1602 -0.000000 
1603 0.000000 
1604 -0.000000 
1605 0.000000 
1606 -0.000000 
1607 0.000000 
1608 -0.000000 
1609 0.000000 
1610 -0.000000 
1611 0.000000 
1612 -0.000000 
1613 0.000000 
1614 -0.000000 
1615 0.000000 
1616 -0.000000 
1617 0.000000 
1618 -0.000000 
1619 0.000000 
1620 -0.000000 
1621 0.000000 
1622 -0.000000 
1623 0.000000 
1624 -0.000000 
1625 0.000000 
1626 -0.000000 
1627 0.000000 
1628 -0.000000 
1629 0.000000 
1630 -0.000000 
1631 0.000000 
1632 -0.000000 
1633 0.000000 
1634 -0.000000 
1635 0.000000 
1636 -0.000000 
1637 0.000000 
1638 -0.000000 
1639 0.000000 
1640 -0.000000 
1641 0.000000 
1642 -0.000000 
1643 0.000000 
1644 -0.000000 
1645 0.000000 
1646 -0.000000 
1647 0.000000 
1648 -0.000000 
1649 0.000000 
1650 -0.000000 
1651 0.000000 
1652 -0.000000 
1653 0.000000 
1654 -0.000000 
1655 0.000000 
1656 -0.000000 
1657 0.000000 
1658 -0.000000 
1659 0.000000 
1660 -0.000000 
1661 0.000000 
1662 -0.000000 
1663 0.000000 
1664 -0.000000 
1665 0.000000 
1666 -0.000000 
1667 0.000000 
1668 -0.000000 
1669 0.000000 
1670 -0.000000 
1671 0.000000 
1672 -0.000000 
1673 0.000000 
1674 -0.000000 
1675 0.000000 
1676 -0.000000 
1677 0.000000 
1678 -0.000000 
1679 0.000000 
1680 -0.000000 
1681 0.000000 
1682 -0.000000 
1683 0.000000 
1684 -0.000000 
1685 0.000000 
1686 -0.000000 
1687 0.000000 
1688 -0.000000 
1689 0.000000 
1690 -0.000000 
1691 0.000000 
1692 -0.000000 
1693 0.000000 
1694 -0.000000 
1695 0.000000 
1696 -0.000000 
1697 0.000000 
1698 -0.000000 
1699 0.000000 
1700 -0.000000 
1701 0.000000 
1702 -0.000000 
1703 0.000000 
1704 -0.000000 
1705 0.000000 
1706 -0.000000 
1707 0.000000 
1708 -0.000000 
1709 0.000000 
1710 -0.000000 
1711 0.000000 
1712 -0.000000 
1713 0.000000 
1714 -0.000000 
1715 0.000000 
1716 -0.000000 
1717 0.000000 
1718 -0.000000 
1719 0.000000 
1720 -0.000000 
1721 0.000000 
1722 -0.000000 
1723 0.000000 
1724 -0.000000 
1725 0.000000 
1726 -0.000000 
1727 0.000000 
1728 -0.000000 
1729 0.000000 
1730 -0.000000 
1731 0.000000 
1732 -0.000000 
1733 0.000000 
1734 -0.000000 
1735 0.000000 
1736 -0.000000 
1737 0.000000 
1738 -0.000000 
1739 0.000000 
1740 -0.000000 
1741 0.000000 
1742 -0.000000 
1743 0.000000 
1744 -0.000000 
1745 0.000000 
1746 -0.000000 
1747 0.000000 
1748 -0.000000 
1749 0.000000 
1750 -0.000000 
1751 0.000000 
1752 -0.000000 
1753 0.000000 
1754 -0.000000 
1755 0.000000 
1756 -0.000000 
1757 0.000000 
1758 -0.000000 
1759 0.000000 
1760 -0.000000 
1761 0.000000 
1762 -0.000000 
1763 0.000000 
1764 -0.000000 
1765 0.000000 
1766 -0.000000 
1767 0.000000 
1768 -0.000000 
1769 0.000000 
1770 -0.000000 
1771 0.000000 
1772 -0.000000 
1773 0.000000 
1774 -0.000000 
1775 0.000000 
1776 -0.000000 
1777 0.000000 
1778 -0.000000 
1779 0.000000 
1780 -0.000000 
1781 0.000000 
1782 -0.000000 
1783 0.000000 
1784 -0.000000 
1785 0.000000 
1786 -0.000000 
1787 0.000000 
1788 -0.000000 
1789 0.000000 
1790 -0.000000 
1791 0.000000 
1792 -0.000000 
1793 0.000000 
1794 -0.000000 
1795 0.000000 
1796 -0.000000 
1797 0.000000 
1798 -0.000000 
1799 -0.000000 
1800 0.000000 
1801 -0.000000 
1802 0.000000 
1803 -0.000000 
1804 0.000000 
1805 -0.000000 
1806 0.000000 
1807 -0.000000 
1808 0.000000 
1809 -0.000000 
1810 0.000000 
1811 -0.000000 
1812 0.000000 
1813 -0.000000 
1814 0.000000 
1815 -0.000000 
1816 0.000000 
1817 -0.000000 
1818 0.000000 
1819 -0.000000 
1820 0.000000 
1821 -0.000000 
1822 0.000000 
1823 -0.000000 
1824 0.000000 
1825 -0.000000 
1826 0.000000 
1827 -0.000000 
1828 0.000000 
1829 -0.000000 
1830 0.000000 
1831 -0.000000 
1832 0.000000 
1833 -0.000000 
1834 0.000000 
1835 -0.000000 
1836 0.000000 
1837 -0.000000 
1838 0.000000 
1839 -0.000000 
1840 0.000000 
1841 -0.000000 
1842 0.000000 
1843 -0.000000 
1844 0.000000 
1845 -0.000000 
1846 0.000000 
1847 -0.000000 
1848 0.000000 
1849 -0.000000 
1850 0.000000 
1851 -0.000000 
1852 0.000000 
1853 -0.000000 
1854 0.000000 
1855 -0.000000 
1856 0.000000 
1857 -0.000000 
1858 0.000000 
1859 -0.000000 
1860 0.000000 
1861 -0.000000 
1862 0.000000 
1863 -0.000000 
1864 0.000000 
1865 -0.000000 
1866 0.000000 
1867 -0.000000 
1868 0.000000 
1869 -0.000000 
1870 0.000000 
1871 -0.000000 
1872 0.000000 
1873 -0.000000 
1874 0.000000 
1875 -0.000000 
1876 0.000000 
1877 -0.000000 
1878 0.000000 
1879 -0.000000 
1880 0.000000 
1881 -0.000000 
1882 0.000000 
1883 -0.000000 
1884 0.000000 
1885 -0.000000 
1886 0.000000 
1887 -0.000000 
1888 0.000000 
1889 -0.000000 
1890 0.000000 
1891 -0.000000 
1892 0.000000 
1893 -0.000000 
1894 0.000000 
1895 -0.000000 
1896 0.000000 
1897 -0.000000 
1898 0.000000 
1899 -0.000000 
1900 0.000000 
1901 -0.000000 
1902 0.000000 
1903 -0.000000 
1904 0.000000 
1905 -0.000000 
1906 0.000000 
1907 -0.000000 
1908 0.000000 
1909 -0.000000 
1910 0.000000 
1911 -0.000000 
1912 0.000000 
1913 -0.000000 
1914 0.000000 
1915 -0.000000 
1916 0.000000 
1917 -0.000000 
1918 0.000000 
1919 -0.000000 
1920 0.000000 
1921 -0.000000 
1922 0.000000 
1923 -0.000000 
1924 0.000000 
1925 -0.000000 
1926 0.000000 
1927 -0.000000 
1928 0.000000 
1929 -0.000000 
1930 0.000000 
1931 -0.000000 
1932 0.000000 
1933 -0.000000 
1934 0.000000 
1935 -0.000000 
1936 0.000000 
1937 -0.000000 
1938 0.000000 
1939 -0.000000 
1940 0.000000 
1941 -0.000000 
1942 0.000000 
1943 -0.000000 
1944 0.000000 
1945 -0.000000 
1946 0.000000 
1947 -0.000000 
1948 0.000000 
1949 -0.000000 
1950 0.000000 
1951 -0.000000 
1952 0.000000 
1953 0.000000 
1954 -0.000000 
1955 0.000000 
1956 -0.000000 
1957 0.000000 
1958 -0.000000 
1959 0.000000 
1960 -0.000000 
1961 0.000000 
1962 -0.000000 
1963 0.000000 
1964 -0.000000 
1965 0.000000 
1966 -0.000000 
1967 0.000000 
1968 -0.000000 
1969 0.000000 
1970 -0.000000 
1971 0.000000 
1972 -0.000000 
1973 0.000000 
1974 -0.000000 
1975 0.000000 
1976 -0.000000 
1977 0.000000 
1978 -0.000000 
1979 0.000000 
1980 -0.000000 
1981 0.000000 
1982 -0.000000 
1983 0.000000 
1984 -0.000000 
1985 0.000000 
1986 -0.000000 
1987 0.000000 
1988 -0.000000 
1989 0.000001 
1990 -0.000001 
1991 0.000001 
1992 -0.000001 
1993 0.000001 
1994 -0.000001 
1995 0.000001 
1996 -0.000001 
1997 0.000001 
1998 -0.000001 
1999 0.000001 
2000 -0.000001 
2001 0.000001 
2002 -0.000001 
2003 0.000001 
2004 -0.000001 
2005 0.000001 
2006 -0.000001 
2007 0.000002 
2008 -0.000002 
2009 0.000002 
2010 -0.000002 
2011 0.000002 
2012 -0.000002 
2013 0.000002 
2014 -0.000002 
2015 0.000002 
2016 -0.000002 
2017 0.000003 
2018 -0.000003 
2019 0.000003 
2020 -0.000003 
2021 0.000003 
2022 -0.000003 
2023 0.000003 
2024 -0.000004 
2025 0.000004 
2026 -0.000004 
2027 0.000004 
2028 -0.000004 
2029 0.000005 
2030 -0.000005 
2031 0.000005 
2032 -0.000005 
2033 0.000005 
2034 -0.000006 
2035 0.000006 
2036 -0.000006 
2037 0.000006 
2038 -0.000007 
2039 0.000007 
2040 -0.000007 
2041 0.000007 
2042 -0.000008 
2043 0.000008 
2044 -0.000008 
2045 0.000008 
2046 -0.000009 
2047 0.000009 
2048 -0.000009 
2049 0.000010 
2050 -0.000010 
2051 0.000010 
2052 -0.000011 
2053 0.000011 
2054 -0.000011 
2055 0.000012 
2056 -0.000012 
2057 0.000012 
2058 -0.000013 
2059 0.000013 
2060 -0.000013 
2061 0.000014 
2062 -0.000014 
2063 0.000014 
2064 -0.000015 
2065 0.000015 
2066 -0.000015 
2067 0.000016 
2068 -0.000016 
2069 0.000016 
2070 -0.000016 
2071 0.000017 
2072 -0.000017 
2073 0.000017 
2074 -0.000017 
2075 0.000017 
2076 -0.000018 
2077 0.000018 
2078 -0.000018 
2079 0.000018 
2080 -0.000018 
2081 0.000018 
2082 -0.000018 
2083 0.000018 
2084 -0.000018 
2085 0.000017 
2086 -0.000017 
2087 0.000017 
2088 -0.000016 
2089 0.000016 
2090 -0.000015 
2091 0.000015 
2092 -0.000014 
2093 0.000013 
2094 -0.000012 
2095 0.000011 
2096 -0.000010 
2097 0.000009 
2098 -0.000008 
2099 0.000006 
2100 -0.000005 
2101 0.000003 
2102 -0.000001 
2103 -0.000001 
2104 0.000003 
2105 -0.000005 
2106 0.000008 
2107 -0.000010 
2108 0.000013 
2109 -0.000016 
2110 0.000020 
2111 -0.000023 
2112 0.000027 
2113 -0.000031 
2114 0.000035 
2115 -0.000040 
2116 0.000045 
2117 -0.000050 
2118 0.000055 
2119 -0.000061 
2120 0.000067 
2121 -0.000074 
2122 0.000081 
2123 -0.000088 
2124 0.000095 
2125 -0.000103 
2126 0.000112 
2127 -0.000120 
2128 0.000130 
2129 -0.000140 
2130 0.000150 
2131 -0.000161 
2132 0.000172 
2133 -0.000184 
2134 0.000196 
2135 -0.000209 
2136 0.000222 
2137 -0.000236 
2138 0.000251 
2139 -0.000267 
2140 0.000283 
2141 -0.000299 
2142 0.000317 
2143 -0.000335 
2144 0.000354 
2145 -0.000374 
2146 0.000394 
2147 -0.000415 
2148 0.000438 
2149 -0.000461 
2150 0.000484 
2151 -0.000509 
2152 0.000535 
2153 -0.000561 
2154 0.000589 
2155 -0.000617 
2156 0.000646 
2157 -0.000677 
2158 0.000708 
2159 -0.000741 
2160 0.000774 
2161 -0.000809 
2162 0.000844 
2163 -0.000881 
2164 0.000919 
2165 -0.000958 
2166 0.000998 
2167 -0.001039 
2168 0.001081 
2169 -0.001125 
2170 0.001170 
2171 -0.001215 
2172 0.001262 
2173 -0.001310 
2174 0.001360 
2175 -0.001410 
2176 0.001462 
2177 -0.001515 
2178 0.001568 
2179 -0.001623 
2180 0.001680 
2181 -0.001737 
2182 0.001795 
2183 -0.001854 
2184 0.001915 
2185 -0.001976 
2186 0.002038 
2187 -0.002101 
2188 0.002165 
2189 -0.002230 
2190 0.002295 
2191 -0.002362 
2192 0.002429 
2193 -0.002496 
2194 0.002564 
2195 -0.002632 
2196 0.002701 
2197 -0.002769 
2198 0.002838 
2199 -0.002907 
2200 0.002976 
2201 -0.003045 
2202 0.003113 
2203 -0.003181 
2204 0.003248 
2205 -0.003315 
2206 0.003380 
2207 -0.003444 
2208 0.003507 
2209 -0.003569 
2210 0.003629 
2211 -0.003687 
2212 0.003743 
2213 -0.003797 
2214 0.003848 
2215 -0.003896 
2216 0.003941 
2217 -0.003983 
2218 0.004021 
2219 -0.004055 
2220 0.004085 
2221 -0.004110 
2222 0.004130 
2223 -0.004145 
2224 0.004155 
2225 -0.004158 
2226 0.004155 
2227 -0.004145 
2228 0.004127 
2229 -0.004102 
2230 0.004069 
2231 -0.004027 
2232 0.003976 
2233 -0.003915 
2234 0.003844 
2235 -0.003763 
2236 0.003670 
2237 -0.003565 
2238 0.003447 
2239 -0.003317 
2240 0.003173 
2241 -0.003014 
2242 0.002841 
2243 -0.002651 
2244 0.002446 
2245 -0.002223 
2246 0.001982 
2247 -0.001723 
2248 0.001444 
2249 -0.001145 
2250 0.000825 
2251 -0.000483 
2252 0.000119 
2253 0.000269 
2254 -0.000682 
2255 0.001119 
2256 -0.001583 
2257 0.002074 
2258 -0.002594 
2259 0.003142 
2260 -0.003720 
2261 0.004330 
2262 -0.004971 
2263 0.005646 
2264 -0.006354 
2265 0.007098 
2266 -0.007878 
2267 0.008695 
2268 -0.009551 
2269 0.010446 
2270 -0.011382 
2271 0.012359 
2272 -0.013379 
2273 0.014443 
2274 -0.015552 
2275 0.016707 
2276 -0.017909 
2277 0.019160 
2278 -0.020460 
2279 0.021811 
2280 -0.023214 
2281 0.024669 
2282 -0.026179 
2283 0.027743 
2284 -0.029364 
2285 0.031042 
2286 -0.032779 
2287 0.034575 
2288 -0.036431 
2289 0.038349 
2290 -0.040329 
2291 0.042373 
2292 -0.044481 
2293 0.046654 
2294 -0.048894 
2295 0.051201 
2296 -0.053575 
2297 0.056019 
2298 -0.058531 
2299 0.061114 
2300 -0.063768 
2301 0.066493 
2302 -0.069290 
2303 0.072159 
2304 -0.075101 
2305 0.078116 
2306 -0.081205 
2307 0.084367 
2308 -0.087603 
2309 0.090914 
2310 -0.094298 
2311 0.097756 
2312 -0.101288 
2313 0.104893 
2314 -0.108571 
2315 0.112322 
2316 -0.116145 
2317 0.120039 
2318 -0.124003 
2319 0.128038 
2320 -0.132141 
2321 0.136311 
2322 -0.140547 
2323 0.144848 
2324 -0.149213 
2325 0.153638 
2326 -0.158124 
2327 0.162667 
2328 -0.167265 
2329 0.171916 
2330 -0.176617 
2331 0.181367 
2332 -0.186161 
2333 0.190997 
2334 -0.195872 
2335 0.200782 
2336 -0.205724 
2337 0.210693 
2338 -0.215687 
2339 0.220699 
2340 -0.225726 
2341 0.230764 
2342 -0.235807 
2343 0.240851 
2344 -0.245889 
2345 0.250916 
2346 -0.255927 
2347 0.260915 
2348 -0.265873 
2349 0.270796 
2350 -0.275677 
2351 0.280507 
2352 -0.285281 
2353 0.289990 
2354 -0.294626 
2355 0.299181 
2356 -0.303647 
2357 0.308015 
2358 -0.312276 
2359 0.316420 
2360 -0.320439 
2361 0.324322 
2362 -0.328059 
2363 0.331640 
2364 -0.335054 
2365 0.338290 
2366 -0.341337 
2367 0.344183 
2368 -0.346818 
2369 0.349228 
2370 -0.351401 
2371 0.353326 
2372 -0.354988 
2373 0.356376 
2374 -0.357475 
2375 0.358273 
2376 -0.358755 
2377 0.358908 
2378 -0.358717 
2379 0.358168 
2380 -0.357246 
2381 0.355936 
2382 -0.354224 
2383 0.352093 
2384 -0.349530 
2385 0.346518 
2386 -0.343042 
2387 0.339085 
2388 -0.334632 
2389 0.329667 
2390 -0.324174 
2391 0.318136 
2392 -0.311538 
2393 0.304363 
2394 -0.296594 
2395 0.288215 
2396 -0.279211 
2397 0.269564 
2398 -0.259258 
2399 0.248277 
2400 -0.236605 
2401 0.224226 
2402 -0.211123 
2403 0.197281 
2404 -0.182685 
2405 0.167318 
2406 -0.151166 
2407 0.134213 
2408 -0.116445 
2409 0.097847 
2410 -0.078404 
2411 0.058103 
2412 -0.036930 
2413 0.014873 
2414 0.008083 
2415 -0.031950 
2416 0.056739 
2417 -0.082462 
2418 0.109130 
2419 -0.136753 
2420 0.165343 
2421 -0.194907 
2422 0.225455 
2423 -0.256995 
2424 0.289535 
2425 -0.323082 
2426 0.357641 
2427 -0.393218 
2428 0.429819 
2429 -0.467446 
2430 0.506103 
2431 -0.545792 
2432 0.586515 
2433 -0.628272 
2434 0.671063 
2435 -0.714886 
2436 0.759740 
2437 -0.805620 
2438 0.852524 
2439 -0.900444 
2440 0.949376 
2441 -0.999311 
2442 1.050241 
2443 -1.102157 
2444 1.155047 
2445 -1.208899 
2446 1.263701 
2447 -1.319438 
2448 1.376093 
2449 -1.433651 
2450 1.492093 
2451 -1.551399 
2452 1.611549 
2453 -1.672521 
2454 1.734291 
2455 -1.796833 
2456 1.860123 
2457 -1.924132 
2458 1.988832 
2459 -2.054191 
2460 2.120178 
2461 -2.186760 
2462 2.253901 
2463 -2.321567 
2464 2.389718 
2465 -2.458316 
2466 2.527319 
2467 -2.596687 
2468 2.666375 
2469 -2.736338 
2470 2.806530 
2471 -2.876902 
2472 2.947405 
2473 -3.017987 
2474 3.088597 
2475 -3.159180 
2476 3.229680 
2477 -3.300041 
2478 3.370205 
2479 -3.440110 
2480 3.509697 
2481 -3.578902 
2482 3.647662 
2483 -3.715911 
2484 3.783581 
2485 -3.850606 
2486 3.916916 
2487 -3.982440 
2488 4.047106 
2489 -4.110841 
2490 4.173571 
2491 -4.235220 
2492 4.295712 
2493 -4.354969 
2494 4.412914 
2495 -4.469465 
2496 4.524543 
2497 -4.578066 
2498 4.629952 
2499 -4.680119 
2500 4.728482 
2501 -4.774957 
2502 4.819459 
2503 -4.861903 
2504 4.902203 
2505 -4.940272 
2506 4.976024 
2507 -5.009372 
2508 5.040229 
2509 -5.068508 
2510 5.094122 
2511 -5.116983 
2512 5.137005 
2513 -5.154100 
2514 5.168183 
2515 -5.179168 
2516 5.186968 
2517 -5.191500 
2518 5.192679 
2519 -5.190422 
2520 5.184646 
2521 -5.175270 
2522 5.162214 
2523 -5.145398 
2524 5.124745 
2525 -5.100178 
2526 5.071623 
2527 -5.039006 
2528 5.002256 
2529 -4.961304 
2530 4.916081 
2531 -4.866522 
2532 4.812564 
2533 -4.754146 
2534 4.691210 
2535 -4.623698 
2536 4.551558 
2537 -4.474739 
2538 4.393192 
2539 -4.306874 
2540 4.215742 
2541 -4.119757 
2542 4.018883 
2543 -3.913089 
2544 3.802346 
2545 -3.686629 
2546 3.565916 
2547 -3.440189 
2548 3.309435 
2549 -3.173642 
2550 3.032806 
2551 -2.886923 
2552 2.735996 
2553 -2.580031 
2554 2.419039 
2555 -2.253034 
2556 2.082035 
2557 -1.906065 
2558 1.725154 
2559 -1.539332 
2560 1.348638 
2561 -1.153112 
2562 0.952801 
2563 -0.747756 
2564 0.538032 
2565 -0.323689 
2566 0.104792 
2567 0.118589 
2568 -0.346382 
2569 0.578506 
2570 -0.814880 
2571 1.055414 
2572 -1.300017 
2573 1.548592 
2574 -1.801037 
2575 2.057245 
2576 -2.317108 
2577 2.580511 
2578 -2.847333 
2579 3.117454 
2580 -3.390744 
2581 3.667073 
2582 -3.946305 
2583 4.228302 
2584 -4.512921 
2585 4.800014 
2586 -5.089432 
2587 5.381021 
2588 -5.674624 
2589 5.970081 
2590 -6.267228 
2591 6.565899 
2592 -6.865925 
2593 7.167134 
2594 -7.469351 
2595 7.772399 
2596 -8.076099 
2597 8.380270 
2598 -8.684728 
2599 8.989288 
2600 -9.293763 
2601 9.597964 
2602 -9.901701 
2603 10.204784 
2604 -10.507021 
2605 10.808217 
2606 -11.108181 
2607 11.406716 
2608 -11.703630 
2609 11.998727 
2610 -12.291811 
2611 12.582690 
2612 -12.871167 
2613 13.157049 
2614 -13.440144 
2615 13.720258 
2616 -13.997201 
2617 14.270781 
2618 -14.540810 
2619 14.807102 
2620 -15.069469 
2621 15.327728 
2622 -15.581698 
2623 15.831199 
2624 -16.076052 
2625 16.316085 
2626 -16.551123 
2627 16.780998 
2628 -17.005544 
2629 17.224597 
2630 -17.437997 
2631 17.645587 
2632 -17.847214 
2633 18.042728 
2634 -18.231985 
2635 18.414842 
2636 -18.591162 
2637 18.760811 
2638 -18.923660 
2639 19.079586 
2640 -19.228466 
2641 19.370187 
2642 -19.504638 
2643 19.631714 
2644 -19.751313 
2645 19.863340 
2646 -19.967705 
2647 20.064323 
2648 -20.153115 
2649 20.234006 
2650 -20.306928 
2651 20.371818 
2652 -20.428619 
2653 20.477280 
2654 -20.517754 
2655 20.550003 
2656 -20.573992 
2657 20.589694 
2658 -20.597087 
2659 20.596156 
2660 -20.586891 
2661 20.569289 
2662 -20.543352 
2663 20.509091 
2664 -20.466519 
2665 20.415658 
2666 -20.356537 
2667 20.289189 
2668 -20.213654 
2669 20.129978 
2670 -20.038215 
2671 19.938422 
2672 -19.830665 
2673 19.715014 
2674 -19.591547 
2675 19.460346 
2676 -19.321500 
2677 19.175105 
2678 -19.021260 
2679 18.860073 
2680 -18.691656 
2681 18.516125 
2682 -18.333606 
2683 18.144226 
2684 -17.948119 
2685 17.745426 
2686 -17.536290 
2687 17.320861 
2688 -17.099294 
2689 16.871747 
2690 -16.638384 
2691 16.399375 
2692 -16.154890 
2693 15.905109 
2694 -15.650211 
2695 15.390381 
2696 -15.125808 
2697 14.856685 
2698 -14.583207 
2699 14.305572 
2700 -14.023984 
2701 13.738647 
2702 -13.449768 
2703 13.157557 
2704 -12.862228 
2705 12.563995 
2706 -12.263074 
2707 11.959683 
2708 -11.654043 
2709 11.346374 
2710 -11.036898 
2711 10.725840 
2712 -10.413423 
2713 10.099871 
2714 -9.785410 
2715 9.470264 
2716 -9.154657 
2717 8.838815 
2718 -8.522962 
2719 8.207321 
2720 -7.892114 
2721 7.577563 
2722 -7.263888 
2723 6.951306 
2724 -6.640036 
2725 6.330293 
2726 -6.022288 
2727 5.716233 
2728 -5.412336 
2729 5.110803 
2730 -4.811838 
2731 4.515639 
2732 -4.222404 
2733 3.932327 
2734 -3.645598 
2735 3.362404 
2736 -3.082929 
2737 2.807352 
2738 -2.535849 
2739 2.268591 
2740 -2.005745 
2741 1.747475 
2742 -1.493941 
2743 1.245295 
2744 -1.001690 
2745 0.763269 
2746 -0.530173 
2747 0.302540 
2748 -0.080499 
2749 -0.135822 
2750 0.346302 
2751 -0.550824 
2752 0.749277 
2753 -0.941553 
2754 1.127550 
2755 -1.307173 
2756 1.480328 
2757 -1.646930 
2758 1.806896 
2759 -1.960148 
2760 2.106616 
2761 -2.246233 
2762 2.378935 
2763 -2.504665 
2764 2.623372 
2765 -2.735008 
2766 2.839529 
2767 -2.936898 
2768 3.027080 
2769 -3.110048 
2770 3.185775 
2771 -3.254243 
2772 3.315436 
2773 -3.369342 
2774 3.415954 
2775 -3.455270 
2776 3.487291 
2777 -3.512021 
2778 3.529471 
2779 -3.539654 
2780 3.542586 
2781 -3.538289 
2782 3.526786 
2783 -3.508106 
2784 3.482280 
2785 -3.449343 
2786 3.409334 
2787 -3.362293 
2788 3.308267 
2789 -3.247301 
2790 3.179449 
2791 -3.104764 
2792 3.023302 
2793 -2.935124 
2794 2.840292 
2795 -2.738872 
2796 2.630932 
2797 -2.516543 
2798 2.395777 
2799 -2.268712 
2800 2.135426 
2801 -1.995999 
2802 1.850514 
2803 -1.699058 
2804 1.541719 
2805 -1.378585 
2806 1.209752 
2807 -1.035312 
2808 0.855362 
2809 -0.670003 
2810 0.479335 
2811 -0.283461 
2812 0.082487 
2813 0.123479 
2814 -0.334329 
2815 0.549950 
2816 -0.770230 
2817 0.995053 
2818 -1.224300 
2819 1.457854 
2820 -1.695592 
2821 1.937392 
2822 -2.183128 
2823 2.432674 
2824 -2.685900 
2825 2.942677 
2826 -3.202870 
2827 3.466347 
2828 -3.732972 
2829 4.002606 
2830 -4.275109 
2831 4.550342 
2832 -4.828161 
2833 5.108420 
2834 -5.390975 
2835 5.675678 
2836 -5.962378 
2837 6.250926 
2838 -6.541169 
2839 6.832953 
2840 -7.126123 
2841 7.420522 
2842 -7.715993 
2843 8.012376 
2844 -8.309512 
2845 8.607238 
2846 -8.905393 
2847 9.203811 
2848 -9.502330 
2849 9.800783 
2850 -10.099004 
2851 10.396827 
2852 -10.694082 
2853 10.990603 
2854 -11.286219 
2855 11.580762 
2856 -11.874061 
2857 12.165948 
2858 -12.456251 
2859 12.744800 
2860 -13.031425 
2861 13.315956 
2862 -13.598222 
2863 13.878054 
2864 -14.155283 
2865 14.429740 
2866 -14.701255 
2867 14.969663 
2868 -15.234796 
2869 15.496488 
2870 -15.754575 
2871 16.008892 
2872 -16.259278 
2873 16.505571 
2874 -16.747613 
2875 16.985244 
2876 -17.218310 
2877 17.446654 
2878 -17.670126 
2879 17.888575 
2880 -18.101852 
2881 18.309811 
2882 -18.512310 
2883 18.709207 
2884 -18.900364 
2885 19.085645 
2886 -19.264917 
2887 19.438052 
2888 -19.604921 
2889 19.765402 
2890 -19.919375 
2891 20.066722 
2892 -20.207330 
2893 20.341091 
2894 -20.467896 
2895 20.587646 
2896 -20.700240 
2897 20.805586 
2898 -20.903592 
2899 20.994174 
2900 -21.077248 
2901 21.152739 
2902 -21.220572 
2903 21.280680 
2904 -21.332999 
2905 21.377469 
2906 -21.414037 
2907 21.442652 
2908 -21.463271 
2909 21.475854 
2910 -21.480365 
2911 21.476776 
2912 -21.465061 
2913 21.445202 
2914 -21.417184 
2915 21.380999 
2916 -21.336643 
2917 21.284118 
2918 -21.223431 
2919 21.154595 
2920 -21.077627 
2921 20.992552 
2922 -20.899397 
2923 20.798198 
2924 -20.688994 
2925 20.571830 
2926 -20.446757 
2927 20.313831 
2928 -20.173115 
2929 20.024674 
2930 -19.868581 
2931 19.704915 
2932 -19.533758 
2933 19.355199 
2934 -19.169332 
2935 18.976255 
2936 -18.776072 
2937 18.568893 
2938 -18.354832 
2939 18.134008 
2940 -17.906546 
2941 17.672573 
2942 -17.432224 
2943 17.185637 
2944 -16.932955 
2945 16.674325 
2946 -16.409898 
2947 16.139830 
2948 -15.864281 
2949 15.583416 
2950 -15.297400 
2951 15.006407 
2952 -14.710612 
2953 14.410191 
2954 -14.105328 
2955 13.796208 
2956 -13.483017 
2957 13.165948 
2958 -12.845193 
2959 12.520948 
2960 -12.193412 
2961 11.862785 
2962 -11.529269 
2963 11.193070 
2964 -10.854392 
2965 10.513443 
2966 -10.170432 
2967 9.825568 
2968 -9.479062 
2969 9.131125 
2970 -8.781969 
2971 8.431806 
2972 -8.080847 
2973 7.729306 
2974 -7.377393 
2975 7.025320 
2976 -6.673298 
2977 6.321535 
2978 -5.970241 
2979 5.619623 
2980 -5.269886 
2981 4.921235 
2982 -4.573872 
2983 4.227997 
2984 -3.883809 
2985 3.541503 
2986 -3.201271 
2987 2.863305 
2988 -2.527791 
2989 2.194915 
2990 -1.864856 
2991 1.537792 
2992 -1.213898 
2993 0.893344 
2994 -0.576296 
2995 0.262916 
2996 0.046636 
2997 -0.352207 
2998 0.653648 
2999 -0.950813 
3000 1.243562 
3001 -1.531758 
3002 1.815271 
3003 -2.093974 
3004 2.367747 
3005 -2.636472 
3006 2.900040 
3007 -3.158344 
3008 3.411284 
3009 -3.658764 
3010 3.900694 
3011 -4.136990 
3012 4.367572 
3013 -4.592366 
3014 4.811305 
3015 -5.024325 
3016 5.231368 
3017 -5.432382 
3018 5.627321 
3019 -5.816144 
3020 5.998813 
3021 -6.175299 
3022 6.345575 
3023 -6.509623 
3024 6.667427 
3025 -6.818977 
3026 6.964268 
3027 -7.103301 
3028 7.236080 
3029 -7.362617 
3030 7.482925 
3031 -7.597025 
3032 7.704940 
3033 -7.806699 
3034 7.902336 
3035 -7.991887 
3036 8.075394 
3037 -8.152903 
3038 8.224464 
3039 -8.290130 
3040 8.349958 
3041 -8.404010 
3042 8.452350 
3043 -8.495045 
3044 8.532168 
3045 -8.563792 
3046 8.589994 
3047 -8.610855 
3048 8.626459 
3049 -8.636889 
3050 8.642236 
3051 -8.642588 
3052 8.638040 
3053 -8.628686 
3054 8.614622 
3055 -8.595949 
3056 8.572766 
3057 -8.545175 
3058 8.513280 
3059 -8.477187 
3060 8.437001 
3061 -8.392830 
3062 8.344783 
3063 -8.292968 
3064 8.237497 
3065 -8.178479 
3066 8.116026 
3067 -8.050251 
3068 7.981264 
3069 -7.909179 
3070 7.834108 
3071 -7.756163 
3072 7.675457 
3073 -7.592103 
3074 7.506211 
3075 -7.417895 
3076 7.327265 
3077 -7.234432 
3078 7.139506 
3079 -7.042597 
3080 6.943813 
3081 -6.843262 
3082 6.741051 
3083 -6.637286 
3084 6.532072 
3085 -6.425513 
3086 6.317710 
3087 -6.208767 
3088 6.098781 
3089 -5.987854 
3090 5.876081 
3091 -5.763558 
3092 5.650380 
3093 -5.536639 
3094 5.422428 
3095 -5.307834 
3096 5.192947 
3097 -5.077853 
3098 4.962635 
3099 -4.847376 
3100 4.732158 
3101 -4.617059 
3102 4.502157 
3103 -4.387526 
3104 4.273241 
3105 -4.159372 
3106 4.045989 
3107 -3.933160 
3108 3.820951 
3109 -3.709424 
3110 3.598642 
3111 -3.488664 
3112 3.379548 
3113 -3.271349 
3114 3.164122 
3115 -3.057917 
3116 2.952784 
3117 -2.848771 
3118 2.745924 
3119 -2.644286 
3120 2.543898 
3121 -2.444800 
3122 2.347031 
3123 -2.250625 
3124 2.155616 
3125 -2.062036 
3126 1.969915 
3127 -1.879281 
3128 1.790159 
3129 -1.702575 
3130 1.616551 
3131 -1.532106 
3132 1.449260 
3133 -1.368030 
3134 1.288431 
3135 -1.210477 
3136 1.134179 
3137 -1.059548 
3138 0.986591 
3139 -0.915317 
3140 0.845729 
3141 -0.777833 
3142 0.711630 
3143 -0.647122 
3144 0.584307 
3145 -0.523183 
3146 0.463747 
3147 -0.405995 
3148 0.349920 
3149 -0.295515 
3150 0.242772 
3151 -0.191680 
3152 0.142230 
3153 -0.094408 
3154 0.048202 
3155 -0.003599 
3156 -0.039418 
3157 0.080864 
3158 -0.120756 
3159 0.159111 
3160 -0.195949 
3161 0.231288 
3162 -0.265149 
3163 0.297552 
3164 -0.328519 
3165 0.358073 
3166 -0.386235 
3167 0.413029 
3168 -0.438479 
3169 0.462609 
3170 -0.485444 
3171 0.507008 
3172 -0.527328 
3173 0.546428 
3174 -0.564336 
3175 0.581077 
3176 -0.596677 
3177 0.611165 
3178 -0.624565 
3179 0.636906 
3180 -0.648215 
3181 0.658518 
3182 -0.667843 
3183 0.676218 
3184 -0.683668 
3185 0.690222 
3186 -0.695906 
3187 0.700748 
3188 -0.704773 
3189 0.708010 
3190 -0.710484 
3191 0.712221 
3192 -0.713248 
3193 0.713590 
3194 -0.713274 
3195 0.712323 
3196 -0.710764 
3197 0.708621 
3198 -0.705919 
3199 0.702681 
3200 -0.698930 
3201 0.694692 
3202 -0.689987 
3203 0.684840 
3204 -0.679272 
3205 0.673304 
3206 -0.666958 
3207 0.660256 
3208 -0.653217 
3209 0.645861 
3210 -0.638209 
3211 0.630279 
3212 -0.622089 
3213 0.613659 
3214 -0.605005 
3215 0.596146 
3216 -0.587098 
3217 0.577877 
3218 -0.568500 
3219 0.558981 
3220 -0.549337 
3221 0.539580 
3222 -0.529726 
3223 0.519788 
3224 -0.509780 
3225 0.499713 
3226 -0.489600 
3227 0.479454 
3228 -0.469285 
3229 0.459104 
3230 -0.448923 
3231 0.438750 
3232 -0.428597 
3233 0.418471 
3234 -0.408382 
3235 0.398339 
3236 -0.388349 
3237 0.378421 
3238 -0.368561 
3239 0.358776 
3240 -0.349074 
3241 0.339460 
3242 -0.329941 
3243 0.320521 
3244 -0.311207 
3245 0.302002 
3246 -0.292913 
3247 0.283942 
3248 -0.275094 
3249 0.266372 
3250 -0.257781 
3251 0.249322 
3252 -0.241000 
3253 0.232816 
3254 -0.224773 
3255 0.216872 
3256 -0.209117 
3257 0.201508 
3258 -0.194047 
3259 0.186736 
3260 -0.179574 
3261 0.172563 
3262 -0.165703 
3263 0.158995 
3264 -0.152440 
3265 0.146036 
3266 -0.139785 
3267 0.133685 
3268 -0.127736 
3269 0.121939 
3270 -0.116291 
3271 0.110793 
3272 -0.105443 
3273 0.100240 
3274 -0.095183 
3275 0.090271 
3276 -0.085503 
3277 0.080876 
3278 -0.076390 
3279 0.072042 
3280 -0.067831 
3281 0.063756 
3282 -0.059813 
3283 0.056002 
3284 -0.052321 
3285 0.048766 
3286 -0.045337 
3287 0.042031 
3288 -0.038846 
3289 0.035779 
3290 -0.032828 
3291 0.029992 
3292 -0.027267 
3293 0.024652 
3294 -0.022144 
3295 0.019741 
3296 -0.017440 
3297 0.015239 
3298 -0.013135 
3299 0.011127 
3300 -0.009212 
3301 0.007387 
3302 -0.005650 
3303 0.003999 
3304 -0.002431 
3305 0.000944 
3306 0.000464 
3307 -0.001796 
3308 0.003054 
3309 -0.004240 
3310 0.005357 
3311 -0.006406 
3312 0.007390 
3313 -0.008311 
3314 0.009171 
3315 -0.009973 
3316 0.010717 
3317 -0.011408 
3318 0.012045 
3319 -0.012632 
3320 0.013170 
3321 -0.013662 
3322 0.014108 
3323 -0.014511 
3324 0.014873 
3325 -0.015196 
3326 0.015480 
3327 -0.015729 
3328 0.015942 
3329 -0.016123 
3330 0.016273 
3331 -0.016392 
3332 0.016483 
3333 -0.016547 
3334 0.016586 
3335 -0.016600 
3336 0.016591 
3337 -0.016561 
3338 0.016510 
3339 -0.016440 
3340 0.016352 
3341 -0.016247 
3342 0.016126 
3343 -0.015990 
3344 0.015841 
3345 -0.015678 
3346 0.015504 
3347 -0.015319 
3348 0.015124 
3349 -0.014919 
3350 0.014706 
3351 -0.014485 
3352 0.014258 
3353 -0.014024 
3354 0.013784 
3355 -0.013540 
3356 0.013291 
3357 -0.013039 
3358 0.012783 
3359 -0.012525 
3360 0.012265 
3361 -0.012003 
3362 0.011740 
3363 -0.011476 
3364 0.011212 
3365 -0.010948 
3366 0.010684 
3367 -0.010421 
3368 0.010159 
3369 -0.009899 
3370 0.009640 
3371 -0.009384 
3372 0.009129 
3373 -0.008877 
3374 0.008628 
3375 -0.008381 
3376 0.008138 
3377 -0.007897 
3378 0.007660 
3379 -0.007427 
3380 0.007197 
3381 -0.006971 
3382 0.006749 
3383 -0.006530 
3384 0.006316 
3385 -0.006105 
3386 0.005899 
3387 -0.005697 
3388 0.005499 
3389 -0.005306 
3390 0.005116 
3391 -0.004931 
3392 0.004751 
3393 -0.004574 
3394 0.004402 
3395 -0.004234 
3396 0.004071 
3397 -0.003911 
3398 0.003756 
3399 -0.003605 
3400 0.003459 
3401 -0.003316 
3402 0.003178 
3403 -0.003043 
3404 0.002913 
3405 -0.002786 
3406 0.002663 
3407 -0.002544 
3408 0.002429 
3409 -0.002318 
3410 0.002210 
3411 -0.002106 
3412 0.002005 
3413 -0.001908 
3414 0.001814 
3415 -0.001723 
3416 0.001636 
3417 -0.001551 
3418 0.001470 
3419 -0.001392 
3420 0.001317 
3421 -0.001245 
3422 0.001175 
3423 -0.001108 
3424 0.001044 
3425 -0.000983 
3426 0.000924 
3427 -0.000867 
3428 0.000813 
3429 -0.000761 
3430 0.000711 
3431 -0.000664 
3432 0.000619 
3433 -0.000575 
3434 0.000534 
3435 -0.000495 
3436 0.000457 
3437 -0.000421 
3438 0.000387 
3439 -0.000355 
3440 0.000324 
3441 -0.000295 
3442 0.000268 
3443 -0.000241 
3444 0.000217 
3445 -0.000193 
3446 0.000171 
3447 -0.000150 
3448 0.000130 
3449 -0.000112 
3450 0.000094 
3451 -0.000078 
3452 0.000063 
3453 -0.000048 
3454 0.000035 
3455 -0.000022 
3456 0.000011 
3457 0.000000 
3458 -0.000011 
3459 0.000020 
3460 -0.000029 
3461 0.000037 
3462 -0.000044 
3463 0.000051 
3464 -0.000057 
3465 0.000063 
3466 -0.000068 
3467 0.000072 
3468 -0.000077 
3469 0.000080 
3470 -0.000084 
3471 0.000086 
3472 -0.000089 
3473 0.000091 
3474 -0.000093 
3475 0.000095 
3476 -0.000096 
3477 0.000097 
3478 -0.000098 
3479 0.000098 
3480 -0.000098 
3481 0.000098 
3482 -0.000098 
3483 0.000098 
3484 -0.000098 
3485 0.000097 
3486 -0.000096 
3487 0.000095 
3488 -0.000094 
3489 0.000093 
3490 -0.000092 
3491 0.000091 
3492 -0.000089 
3493 0.000088 
3494 -0.000086 
3495 0.000085 
3496 -0.000083 
3497 0.000082 
3498 -0.000080 
3499 0.000078 
3500 -0.000076 
3501 0.000075 
3502 -0.000073 
3503 0.000071 
3504 -0.000069 
3505 0.000068 
3506 -0.000066 
3507 0.000064 
3508 -0.000062 
3509 0.000060 
3510 -0.000059 
3511 0.000057 
3512 -0.000055 
3513 0.000054 
3514 -0.000052 
3515 0.000050 
3516 -0.000049 
3517 0.000047 
3518 -0.000046 
3519 0.000044 
3520 -0.000042 
3521 0.000041 
3522 -0.000040 
3523 0.000038 
3524 -0.000037 
3525 0.000035 
3526 -0.000034 
3527 0.000033 
3528 -0.000032 
3529 0.000030 
3530 -0.000029 
3531 0.000028 
3532 -0.000027 
3533 0.000026 
3534 -0.000025 
3535 0.000024 
3536 -0.000023 
3537 0.000022 
3538 -0.000021 
3539 0.000020 
3540 -0.000019 
3541 0.000018 
3542 -0.000017 
3543 0.000017 
3544 -0.000016 
3545 0.000015 
3546 -0.000014 
3547 0.000014 
3548 -0.000013 
3549 0.000012 
3550 -0.000012 
3551 0.000011 
3552 -0.000011 
3553 0.000010 
3554 -0.000010 
3555 0.000009 
3556 -0.000009 
3557 0.000008 
3558 -0.000008 
3559 0.000007 
3560 -0.000007 
3561 0.000007 
3562 -0.000006 
3563 0.000006 
3564 -0.000006 
3565 0.000005 
3566 -0.000005 
3567 0.000005 
3568 -0.000004 
3569 0.000004 
3570 -0.000004 
3571 0.000004 
3572 -0.000003 
3573 0.000003 
3574 -0.000003 
3575 0.000003 
3576 -0.000003 
3577 0.000002 
3578 -0.000002 
3579 0.000002 
3580 -0.000002 
3581 0.000002 
3582 -0.000002 
3583 0.000002 
3584 -0.000001 
3585 0.000001 
3586 -0.000001 
3587 0.000001 
3588 -0.000001 
3589 0.000001 
3590 -0.000001 
3591 0.000001 
3592 -0.000001 
3593 0.000001 
3594 -0.000001 
3595 0.000000 
3596 -0.000000 
3597 0.000000 
3598 -0.000000 
3599 0.000000 
3600 -0.000000 
3601 0.000000 
3602 -0.000000 
3603 0.000000 
3604 -0.000000 
3605 0.000000 
3606 -0.000000 
3607 0.000000 
3608 -0.000000 
3609 -0.000000 
3610 0.000000 
3611 -0.000000 
3612 0.000000 
3613 -0.000000 
3614 0.000000 
3615 -0.000000 
3616 0.000000 
3617 -0.000000 
3618 0.000000 
3619 -0.000000 
3620 0.000000 
3621 -0.000000 
3622 0.000000 
3623 -0.000000 
3624 0.000000 
3625 -0.000000 
3626 0.000000 
3627 -0.000000 
3628 0.000000 
3629 -0.000000 
3630 0.000000 
3631 -0.000000 
3632 0.000000 
3633 -0.000000 
3634 0.000000 
3635 -0.000000 
3636 0.000000 
3637 -0.000000 
3638 0.000000 
3639 -0.000000 
3640 0.000000 
3641 -0.000000 
3642 0.000000 
3643 -0.000000 
3644 0.000000 
3645 -0.000000 
3646 0.000000 
3647 -0.000000 
3648 0.000000 
3649 -0.000000 
3650 0.000000 
3651 -0.000000 
3652 0.000000 
3653 -0.000000 
3654 0.000000 
3655 -0.000000 
3656 0.000000 
3657 -0.000000 
3658 0.000000 
3659 -0.000000 
3660 0.000000 
3661 -0.000000 
3662 0.000000 
3663 -0.000000 
3664 0.000000 
3665 -0.000000 
3666 0.000000 
3667 -0.000000 
3668 0.000000 
3669 -0.000000 
3670 0.000000 
3671 -0.000000 
3672 0.000000 
3673 -0.000000 
3674 0.000000 
3675 -0.000000 
3676 0.000000 
3677 -0.000000 
3678 0.000000 
3679 -0.000000 
3680 0.000000 
3681 -0.000000 
3682 0.000000 
3683 -0.000000 
3684 0.000000 
3685 -0.000000 
3686 0.000000 
3687 -0.000000 
3688 0.000000 
3689 -0.000000 
3690 0.000000 
3691 -0.000000 
3692 0.000000 
3693 -0.000000 
3694 0.000000 
3695 -0.000000 
3696 0.000000 
3697 -0.000000 
3698 0.000000 
3699 -0.000000 
3700 0.000000 
3701 -0.000000 
3702 0.000000 
3703 -0.000000 
3704 0.000000 
3705 -0.000000 
3706 0.000000 
3707 -0.000000 
3708 0.000000 
3709 -0.000000 
3710 0.000000 
3711 -0.000000 
3712 0.000000 
3713 -0.000000 
3714 0.000000 
3715 -0.000000 
3716 0.000000 
3717 -0.000000 
3718 0.000000 
3719 -0.000000 
3720 0.000000 
3721 -0.000000 
3722 0.000000 
3723 -0.000000 
3724 0.000000 
3725 -0.000000 
3726 0.000000 
3727 -0.000000 
3728 0.000000 
3729 -0.000000 
3730 0.000000 
3731 -0.000000 
3732 0.000000 
3733 -0.000000 
3734 0.000000 
3735 -0.000000 
3736 0.000000 
3737 -0.000000 
3738 0.000000 
3739 -0.000000 
3740 0.000000 
3741 -0.000000 
3742 0.000000 
3743 -0.000000 
3744 0.000000 
3745 -0.000000 
3746 0.000000 
3747 -0.000000 
3748 0.000000 
3749 -0.000000 
3750 0.000000 
3751 -0.000000 
3752 0.000000 
3753 -0.000000 
3754 0.000000 
3755 -0.000000 
3756 0.000000 
3757 -0.000000 
3758 0.000000 
3759 -0.000000 
3760 -0.000000 
3761 0.000000 
3762 -0.000000 
3763 0.000000 
3764 -0.000000 
3765 0.000000 
3766 -0.000000 
3767 0.000000 
3768 -0.000000 
3769 0.000000 
3770 -0.000000 
3771 0.000000 
3772 -0.000000 
3773 0.000000 
3774 -0.000000 
3775 0.000000 
3776 -0.000000 
3777 0.000000 
3778 -0.000000 
3779 0.000000 
3780 -0.000000 
3781 0.000000 
3782 -0.000000 
3783 0.000000 
3784 -0.000000 
3785 0.000000 
3786 -0.000000 
3787 0.000000 
3788 -0.000000 
3789 0.000000 
3790 -0.000000 
3791 0.000000 
3792 -0.000000 
3793 0.000000 
3794 -0.000000 
3795 0.000000 
3796 -0.000000 
3797 0.000000 
3798 -0.000000 
3799 0.000000 
3800 -0.000000 
3801 0.000000 
3802 -0.000000 
3803 0.000000 
3804 -0.000000 
3805 0.000000 
3806 -0.000000 
3807 0.000000 
3808 -0.000000 
3809 0.000000 
3810 -0.000000 
3811 0.000000 
3812 -0.000000 
3813 0.000000 
3814 -0.000000 
3815 0.000000 
3816 -0.000000 
3817 0.000000 
3818 -0.000000 
3819 0.000000 
3820 -0.000000 
3821 0.000000 
3822 -0.000000 
3823 0.000000 
3824 -0.000000 
3825 0.000000 
3826 -0.000000 
3827 0.000000 
3828 -0.000000 
3829 0.000000 
3830 -0.000000 
3831 0.000000 
3832 -0.000000 
3833 0.000000 
3834 -0.000000 
3835 0.000000 
3836 -0.000000 
3837 0.000000 
3838 -0.000000 
3839 0.000000 
3840 -0.000000 
3841 0.000000 
3842 -0.000000 
3843 0.000000 
3844 -0.000000 
3845 0.000000 
3846 -0.000000 
3847 0.000000 
3848 -0.000000 
3849 0.000000 
3850 -0.000000 
3851 0.000000 
3852 -0.000000 
3853 0.000000 
3854 -0.000000 
3855 0.000000 
3856 -0.000000 
3857 0.000000 
3858 -0.000000 
3859 0.000000 
3860 -0.000000 
3861 0.000000 
3862 -0.000000 
3863 0.000000 
3864 -0.000000 
3865 0.000000 
3866 -0.000000 
3867 0.000000 
3868 -0.000000 
3869 0.000000 
3870 -0.000000 
3871 0.000000 
3872 -0.000000 
3873 0.000000 
3874 -0.000000 
3875 0.000000 
3876 -0.000000 
3877 0.000000 
3878 -0.000000 
3879 0.000000 
3880 -0.000000 
3881 0.000000 
3882 -0.000000 
3883 0.000000 
3884 -0.000000 
3885 0.000000 
3886 -0.000000 
3887 0.000000 
3888 -0.000000 
3889 0.000000 
3890 -0.000000 
3891 0.000000 
3892 -0.000000 
3893 0.000000 
3894 -0.000000 
3895 0.000000 
3896 -0.000000 
3897 0.000000 
3898 -0.000000 
3899 0.000000 
3900 -0.000000 
3901 0.000000 
3902 -0.000000 
3903 0.000000 
3904 -0.000000 
3905 0.000000 
3906 -0.000000 
3907 0.000000 
3908 -0.000000 
3909 0.000000 
3910 0.000000 
3911 -0.000000 
3912 0.000000 
3913 -0.000000 
3914 0.000000 
3915 -0.000000 
3916 0.000000 
3917 -0.000000 
3918 0.000000 
3919 -0.000000 
3920 0.000000 
3921 -0.000000 
3922 0.000000 
3923 -0.000000 
3924 0.000000 
3925 -0.000000 
3926 0.000000 
3927 -0.000000 
3928 0.000000 
3929 -0.000000 
3930 0.000000 
3931 -0.000000 
3932 0.000000 
3933 -0.000000 
3934 0.000000 
3935 -0.000000 
3936 0.000000 
3937 -0.000000 
3938 0.000000 
3939 -0.000000 
3940 0.000000 
3941 -0.000000 
3942 0.000000 
3943 -0.000000 
3944 0.000000 
3945 -0.000000 
3946 0.000000 
3947 -0.000000 
3948 0.000000 
3949 -0.000000 
3950 0.000000 
3951 -0.000000 
3952 0.000000 
3953 -0.000000 
3954 0.000000 
3955 -0.000000 
3956 0.000000 
3957 -0.000000 
3958 0.000000 
3959 -0.000000 
3960 0.000000 
3961 -0.000000 
3962 0.000000 
3963 -0.000000 
3964 0.000000 
3965 -0.000000 
3966 0.000000 
3967 -0.000000 
3968 0.000000 
3969 -0.000000 
3970 0.000000 
3971 -0.000000 
3972 0.000000 
3973 -0.000000 
3974 0.000000 
3975 -0.000000 
3976 0.000000 
3977 -0.000000 
3978 0.000000 
3979 -0.000000 
3980 0.000000 
3981 -0.000000 
3982 0.000000 
3983 -0.000000 
3984 0.000000 
3985 -0.000000 
3986 0.000000 
3987 -0.000000 
3988 0.000000 
3989 -0.000000 
3990 0.000000 
3991 -0.000000 
3992 0.000000 
3993 -0.000000 
3994 0.000000 
3995 -0.000000 
3996 0.000000 
3997 -0.000000 
3998 0.000000 
3999 -0.000000 
4000 0.000000 
