0 -0.000000 
1 0.000000 
2 -0.000000 
3 0.000000 
4 -0.000000 
5 0.000000 
6 -0.000000 
7 0.000000 
8 -0.000000 
9 0.000000 
10 -0.000000 
11 0.000000 
12 -0.000000 
13 0.000000 
14 -0.000000 
15 0.000000 
16 -0.000000 
17 0.000000 
18 -0.000000 
19 0.000000 
20 -0.000000 
21 0.000000 
22 -0.000000 
23 0.000000 
24 -0.000000 
25 0.000000 
26 -0.000000 
27 0.000000 
28 -0.000000 
29 0.000000 
30 -0.000000 
31 0.000000 
32 -0.000000 
33 0.000000 
34 -0.000000 
35 0.000000 
36 -0.000000 
37 0.000000 
38 -0.000000 
39 0.000000 
40 -0.000000 
41 0.000000 
42 -0.000000 
43 0.000000 
44 -0.000000 
45 0.000000 
46 -0.000000 
47 0.000000 
48 -0.000000 
49 0.000000 
50 -0.000000 
51 0.000000 
52 -0.000000 
53 0.000000 
54 -0.000000 
55 0.000000 
56 -0.000000 
57 0.000000 
58 -0.000000 
59 0.000000 
60 -0.000000 
61 0.000000 
62 -0.000000 
63 0.000000 
64 -0.000000 
65 0.000000 
66 -0.000000 
67 0.000000 
68 -0.000000 
69 0.000000 
70 -0.000000 
71 0.000000 
72 -0.000000 
73 0.000000 
74 -0.000000 
75 0.000000 
76 -0.000000 
77 0.000000 
78 -0.000000 
79 0.000000 
80 -0.000000 
81 0.000000 
82 -0.000000 
83 0.000000 
84 -0.000000 
85 0.000000 
86 -0.000000 
87 0.000000 
88 -0.000000 
89 0.000000 
90 -0.000000 
91 0.000000 
92 -0.000000 
93 0.000000 
94 -0.000000 
95 0.000000 
96 -0.000000 
97 0.000000 
98 -0.000000 
99 0.000000 
100 -0.000000 
101 0.000000 
102 -0.000000 
103 0.000000 
104 -0.000000 
105 0.000000 
106 -0.000000 
107 0.000000 
108 -0.000000 
109 0.000000 
110 -0.000000 
111 0.000000 
112 -0.000000 
113 0.000000 
114 -0.000000 
115 0.000000 
116 -0.000000 
117 0.000000 
118 -0.000000 
119 0.000000 
120 -0.000000 
121 0.000000 
122 -0.000000 
123 0.000000 
124 -0.000000 
125 0.000000 
126 -0.000000 
127 0.000000 
128 -0.000000 
129 0.000000 
130 -0.000000 
131 0.000000 
132 -0.000000 
133 0.000000 
134 -0.000000 
135 0.000000 
136 -0.000000 
137 0.000000 
138 -0.000000 
139 0.000000 
140 -0.000000 
141 -0.000000 
142 0.000000 
143 -0.000000 
144 0.000000 
145 -0.000000 
146 0.000000 
147 -0.000000 
148 0.000000 
149 -0.000000 
150 0.000000 
151 -0.000000 
152 0.000000 
153 -0.000000 
154 0.000000 
155 -0.000000 
156 0.000000 
157 -0.000000 
158 0.000000 
159 -0.000000 
160 0.000000 
161 -0.000000 
162 0.000000 
163 -0.000000 
164 0.000000 
165 -0.000000 
166 0.000000 
167 -0.000000 
168 0.000000 
169 -0.000000 
170 0.000000 
171 -0.000000 
172 0.000000 
173 -0.000000 
174 0.000000 
175 -0.000000 
176 0.000000 
177 -0.000000 
178 0.000000 
179 -0.000000 
180 0.000000 
181 -0.000000 
182 0.000000 
183 -0.000000 
184 0.000000 
185 -0.000000 
186 0.000000 
187 -0.000000 
188 0.000000 
189 -0.000000 
190 0.000000 
191 -0.000000 
192 0.000000 
193 -0.000000 
194 0.000000 
195 -0.000000 
196 0.000000 
197 -0.000000 
198 0.000000 
199 -0.000000 
200 0.000000 
201 -0.000000 
202 0.000000 
203 -0.000000 
204 0.000000 
205 -0.000000 
206 0.000000 
207 -0.000000 
208 0.000000 
209 -0.000000 
210 0.000000 
211 -0.000000 
212 0.000000 
213 -0.000000 
214 0.000000 
215 -0.000000 
216 0.000000 
217 -0.000000 
218 0.000000 
219 -0.000000 
220 0.000000 
221 -0.000000 
222 0.000000 
223 -0.000000 
224 0.000000 
225 -0.000000 
226 0.000000 
227 -0.000000 
228 0.000000 
229 -0.000000 
230 0.000000 
231 -0.000000 
232 0.000000 
233 -0.000000 
234 0.000000 
235 -0.000000 
236 0.000000 
237 -0.000000 
238 0.000000 
239 -0.000000 
240 0.000000 
241 -0.000000 
242 0.000000 
243 -0.000000 
244 0.000000 
245 -0.000000 
246 0.000000 
247 -0.000000 
248 0.000000 
249 -0.000000 
250 0.000000 
251 -0.000000 
252 0.000000 
253 -0.000000 
254 0.000000 
255 -0.000000 
256 0.000000 
257 -0.000000 
258 0.000000 
259 -0.000000 
260 0.000000 
261 -0.000000 
262 0.000000 
263 -0.000000 
264 0.000000 
265 -0.000000 
266 0.000000 
267 -0.000000 
268 0.000000 
269 -0.000000 
270 0.000000 
271 -0.000000 
272 0.000000 
273 -0.000000 
274 0.000000 
275 -0.000000 
276 0.000000 
277 -0.000000 
278 0.000000 
279 -0.000000 
280 0.000000 
281 -0.000000 
282 0.000000 
283 -0.000000 
284 0.000000 
285 -0.000000 
286 0.000000 
287 -0.000000 
288 -0.000000 
289 0.000000 
290 -0.000000 
291 0.000000 
292 -0.000000 
293 0.000000 
294 -0.000000 
295 0.000000 
296 -0.000000 
297 0.000000 
298 -0.000000 
299 0.000000 
300 -0.000000 
301 0.000000 
302 -0.000000 
303 0.000000 
304 -0.000000 
305 0.000000 
306 -0.000000 
307 0.000000 
308 -0.000000 
309 0.000000 
310 -0.000000 
311 0.000000 
312 -0.000000 
313 0.000000 
314 -0.000000 
315 0.000000 
316 -0.000000 
317 0.000000 
318 -0.000000 
319 0.000000 
320 -0.000000 
321 0.000000 
322 -0.000000 
323 0.000000 
324 -0.000000 
325 0.000000 
326 -0.000000 
327 0.000000 
328 -0.000000 
329 0.000000 
330 -0.000000 
331 0.000000 
332 -0.000000 
333 0.000000 
334 -0.000000 
335 0.000000 
336 -0.000000 
337 0.000000 
338 -0.000000 
339 0.000000 
340 -0.000000 
341 0.000000 
342 -0.000000 
343 0.000000 
344 -0.000000 
345 0.000000 
346 -0.000000 
347 0.000000 
348 -0.000000 
349 0.000000 
350 -0.000000 
351 0.000000 
352 -0.000000 
353 0.000000 
354 -0.000000 
355 0.000000 
356 -0.000000 
357 0.000000 
358 -0.000000 
359 0.000000 
360 -0.000000 
361 0.000000 
362 -0.000000 
363 0.000000 
364 -0.000000 
365 0.000000 
366 -0.000000 
367 0.000000 
368 -0.000000 
369 0.000000 
370 -0.000000 
371 0.000000 
372 -0.000000 
373 0.000000 
374 -0.000000 
375 0.000000 
376 -0.000000 
377 0.000000 
378 -0.000000 
379 0.000000 
380 -0.000000 
381 0.000000 
382 -0.000000 
383 0.000000 
384 -0.000000 
385 0.000000 
386 -0.000000 
387 0.000000 
388 -0.000000 
389 0.000000 
390 -0.000000 
391 0.000000 
392 -0.000000 
393 0.000000 
394 -0.000000 
395 0.000000 
396 -0.000000 
397 0.000000 
398 -0.000000 
399 0.000000 
400 -0.000000 
401 0.000000 
402 -0.000000 
403 0.000000 
404 -0.000000 
405 0.000000 
406 -0.000000 
407 0.000000 
408 -0.000000 
409 0.000000 
410 -0.000000 
411 0.000000 
412 -0.000000 
413 0.000000 
414 -0.000000 
415 0.000000 
416 -0.000000 
417 0.000000 
418 -0.000000 
419 0.000000 
420 -0.000000 
421 0.000000 
422 -0.000000 
423 0.000000 
424 -0.000000 
425 0.000000 
426 -0.000000 
427 0.000000 
428 -0.000000 
429 0.000000 
430 -0.000000 
431 0.000000 
432 -0.000000 
433 0.000000 
434 -0.000000 
435 0.000000 
436 -0.000000 
437 0.000000 
438 -0.000000 
439 -0.000000 
440 0.000000 
441 -0.000000 
442 0.000000 
443 -0.000000 
444 0.000000 
445 -0.000000 
446 0.000000 
447 -0.000000 
448 0.000000 
449 -0.000000 
450 0.000000 
451 -0.000000 
452 0.000000 
453 -0.000000 
454 0.000000 
455 -0.000000 
456 0.000000 
457 -0.000000 
458 0.000000 
459 -0.000000 
460 0.000000 
461 -0.000000 
462 0.000000 
463 -0.000000 
464 0.000000 
465 -0.000000 
466 0.000000 
467 -0.000000 
468 0.000000 
469 -0.000000 
470 0.000000 
471 -0.000000 
472 0.000000 
473 -0.000000 
474 0.000000 
475 -0.000000 
476 0.000000 
477 -0.000000 
478 0.000000 
479 -0.000000 
480 0.000000 
481 -0.000000 
482 0.000000 
483 -0.000000 
484 0.000000 
485 -0.000000 
486 0.000000 
487 -0.000000 
488 0.000000 
489 -0.000000 
490 0.000000 
491 -0.000000 
492 0.000000 
493 -0.000000 
494 0.000000 
495 -0.000000 
496 0.000000 
497 -0.000000 
498 0.000000 
499 -0.000000 
500 0.000000 
501 -0.000000 
502 0.000000 
503 -0.000000 
504 0.000000 
505 -0.000000 
506 0.000000 
507 -0.000000 
508 0.000000 
509 -0.000000 
510 0.000000 
511 -0.000000 
512 0.000000 
513 -0.000000 
514 0.000000 
515 -0.000000 
516 0.000000 
517 -0.000000 
518 0.000000 
519 -0.000000 
520 0.000000 
521 -0.000000 
522 0.000000 
523 -0.000000 
524 0.000000 
525 -0.000000 
526 0.000000 
527 -0.000000 
528 0.000000 
529 -0.000000 
530 0.000000 
531 -0.000000 
532 0.000000 
533 -0.000000 
534 0.000000 
535 -0.000000 
536 0.000000 
537 -0.000000 
538 0.000000 
539 -0.000000 
540 0.000000 
541 -0.000000 
542 0.000000 
543 -0.000000 
544 0.000000 
545 -0.000000 
546 0.000000 
547 -0.000000 
548 0.000000 
549 -0.000000 
550 0.000000 
551 -0.000000 
552 0.000000 
553 -0.000000 
554 0.000000 
555 -0.000000 
556 0.000000 
557 -0.000000 
558 0.000000 
559 -0.000000 
560 0.000000 
561 -0.000000 
562 0.000000 
563 -0.000000 
564 0.000000 
565 -0.000000 
566 0.000000 
567 -0.000000 
568 0.000000 
569 -0.000000 
570 0.000000 
571 -0.000000 
572 0.000000 
573 -0.000000 
574 0.000000 
575 -0.000000 
576 0.000000 
577 -0.000000 
578 0.000000 
579 -0.000000 
580 0.000000 
581 -0.000000 
582 0.000000 
583 -0.000000 
584 0.000000 
585 -0.000000 
586 -0.000000 
587 0.000000 
588 -0.000000 
589 0.000000 
590 -0.000000 
591 0.000000 
592 -0.000000 
593 0.000000 
594 -0.000000 
595 0.000000 
596 -0.000000 
597 0.000000 
598 -0.000000 
599 0.000000 
600 -0.000000 
601 0.000000 
602 -0.000000 
603 0.000000 
604 -0.000000 
605 0.000000 
606 -0.000000 
607 0.000000 
608 -0.000000 
609 0.000000 
610 -0.000000 
611 0.000000 
612 -0.000000 
613 0.000000 
614 -0.000000 
615 0.000000 
616 -0.000000 
617 0.000000 
618 -0.000000 
619 0.000000 
620 -0.000000 
621 0.000000 
622 -0.000000 
623 0.000000 
624 -0.000000 
625 0.000000 
626 -0.000000 
627 0.000000 
628 -0.000000 
629 0.000000 
630 -0.000000 
631 0.000000 
632 -0.000000 
633 0.000000 
634 -0.000000 
635 0.000000 
636 -0.000000 
637 0.000000 
638 -0.000000 
639 0.000000 
640 -0.000000 
641 0.000000 
642 -0.000000 
643 0.000000 
644 -0.000000 
645 0.000000 
646 -0.000000 
647 0.000000 
648 -0.000000 
649 0.000000 
650 -0.000000 
651 0.000000 
652 -0.000000 
653 0.000000 
654 -0.000000 
655 0.000000 
656 -0.000000 
657 0.000000 
658 -0.000000 
659 0.000000 
660 -0.000000 
661 0.000000 
662 -0.000000 
663 0.000000 
664 -0.000000 
665 0.000000 
666 -0.000000 
667 0.000000 
668 -0.000000 
669 0.000000 
670 -0.000000 
671 0.000000 
672 -0.000000 
673 0.000000 
674 -0.000000 
675 0.000000 
676 -0.000000 
677 0.000000 
678 -0.000000 
679 0.000000 
680 -0.000000 
681 0.000000 
682 -0.000000 
683 0.000000 
684 -0.000000 
685 0.000000 
686 -0.000000 
687 0.000000 
688 -0.000000 
689 0.000000 
690 -0.000000 
691 0.000000 
692 -0.000000 
693 0.000000 
694 -0.000000 
695 0.000000 
696 -0.000000 
697 0.000000 
698 -0.000000 
699 0.000000 
700 -0.000000 
701 0.000000 
702 -0.000000 
703 0.000000 
704 -0.000000 
705 0.000000 
706 -0.000000 
707 0.000000 
708 -0.000000 
709 0.000000 
710 -0.000000 
711 0.000000 
712 -0.000000 
713 0.000000 
714 -0.000000 
715 0.000000 
716 -0.000000 
717 0.000000 
718 -0.000000 
719 0.000000 
720 -0.000000 
721 0.000000 
722 -0.000000 
723 0.000000 
724 -0.000000 
725 0.000000 
726 -0.000000 
727 0.000000 
728 -0.000000 
729 0.000000 
730 -0.000000 
731 0.000000 
732 -0.000000 
733 0.000000 
734 -0.000000 
735 0.000000 
736 -0.000000 
737 0.000000 
738 -0.000000 
739 0.000000 
740 -0.000000 
741 -0.000000 
742 0.000000 
743 -0.000000 
744 0.000000 
745 -0.000000 
746 0.000000 
747 -0.000000 
748 0.000000 
749 -0.000000 
750 0.000000 
751 -0.000000 
752 0.000000 
753 -0.000000 
754 0.000000 
755 -0.000000 
756 0.000000 
757 -0.000000 
758 0.000000 
759 -0.000000 
760 0.000000 
761 -0.000000 
762 0.000000 
763 -0.000000 
764 0.000000 
765 -0.000000 
766 0.000000 
767 -0.000000 
768 0.000000 
769 -0.000000 
770 0.000000 
771 -0.000000 
772 0.000000 
773 -0.000000 
774 0.000000 
775 -0.000000 
776 0.000000 
777 -0.000000 
778 0.000000 
779 -0.000000 
780 0.000000 
781 -0.000000 
782 0.000000 
783 -0.000000 
784 0.000000 
785 -0.000000 
786 0.000000 
787 -0.000000 
788 0.000000 
789 -0.000000 
790 0.000000 
791 -0.000000 
792 0.000000 
793 -0.000000 
794 0.000000 
795 -0.000000 
796 0.000000 
797 -0.000000 
798 0.000000 
799 -0.000000 
800 0.000000 
801 -0.000000 
802 0.000000 
803 -0.000000 
804 0.000000 
805 -0.000000 
806 0.000000 
807 -0.000000 
808 0.000000 
809 -0.000000 
810 0.000000 
811 -0.000000 
812 0.000000 
813 -0.000000 
814 0.000000 
815 -0.000000 
816 0.000000 
817 -0.000000 
818 0.000000 
819 -0.000000 
820 0.000000 
821 -0.000000 
822 0.000000 
823 -0.000000 
824 0.000000 
825 -0.000000 
826 0.000000 
827 -0.000000 
828 0.000000 
829 -0.000000 
830 0.000000 
831 -0.000000 
832 0.000000 
833 -0.000000 
834 0.000000 
835 -0.000000 
836 0.000000 
837 -0.000000 
838 0.000000 
839 -0.000000 
840 0.000000 
841 -0.000000 
842 0.000000 
843 -0.000000 
844 0.000000 
845 -0.000000 
846 0.000000 
847 -0.000000 
848 0.000000 
849 -0.000000 
850 0.000000 
851 -0.000000 
852 0.000000 
853 -0.000000 
854 0.000000 
855 -0.000000 
856 0.000000 
857 -0.000000 
858 0.000000 
859 -0.000000 
860 0.000000 
861 -0.000000 
862 0.000000 
863 -0.000000 
864 0.000000 
865 -0.000000 
866 0.000000 
867 -0.000000 
868 0.000000 
869 -0.000000 
870 0.000000 
871 -0.000000 
872 0.000000 
873 -0.000000 
874 0.000000 
875 -0.000000 
876 0.000000 
877 -0.000000 
878 -0.000000 
879 0.000000 
880 -0.000000 
881 0.000000 
882 -0.000000 
883 0.000000 
884 -0.000000 
885 0.000000 
886 -0.000000 
887 0.000000 
888 -0.000000 
889 0.000000 
890 -0.000000 
891 0.000000 
892 -0.000000 
893 0.000000 
894 -0.000000 
895 0.000000 
896 -0.000000 
897 0.000000 
898 -0.000000 
899 0.000000 
900 -0.000000 
901 0.000000 
902 -0.000000 
903 0.000000 
904 -0.000000 
905 0.000000 
906 -0.000000 
907 0.000000 
908 -0.000000 
909 0.000000 
910 -0.000000 
911 0.000000 
912 -0.000000 
913 0.000000 
914 -0.000000 
915 0.000000 
916 -0.000000 
917 0.000000 
918 -0.000000 
919 0.000000 
920 -0.000000 
921 0.000000 
922 -0.000000 
923 0.000000 
924 -0.000000 
925 0.000000 
926 -0.000000 
927 0.000000 
928 -0.000000 
929 0.000000 
930 -0.000000 
931 0.000000 
932 -0.000000 
933 0.000000 
934 -0.000000 
935 0.000000 
936 -0.000000 
937 0.000000 
938 -0.000000 
939 0.000000 
940 -0.000000 
941 0.000000 
942 -0.000000 
943 0.000000 
944 -0.000000 
945 0.000000 
946 -0.000000 
947 0.000000 
948 -0.000000 
949 0.000000 
950 -0.000000 
951 0.000000 
952 -0.000000 
953 0.000000 
954 -0.000000 
955 0.000000 
956 -0.000000 
957 0.000000 
958 -0.000000 
959 0.000000 
960 -0.000000 
961 0.000000 
962 -0.000000 
963 0.000000 
964 -0.000000 
965 0.000000 
966 -0.000000 
967 0.000000 
968 -0.000000 
969 0.000000 
970 -0.000000 
971 0.000000 
972 -0.000000 
973 0.000000 
974 -0.000000 
975 0.000000 
976 -0.000000 
977 0.000000 
978 -0.000000 
979 0.000000 
980 -0.000000 
981 0.000000 
982 -0.000000 
983 0.000000 
984 -0.000000 
985 0.000000 
986 -0.000000 
987 0.000000 
988 -0.000000 
989 0.000000 
990 -0.000000 
991 0.000000 
992 -0.000000 
993 0.000000 
994 -0.000000 
995 0.000000 
996 -0.000000 
997 0.000000 
998 -0.000000 
999 0.000000 
1000 -0.000000 
1001 0.000000 
1002 -0.000000 
1003 0.000000 
1004 -0.000000 
1005 0.000000 
1006 -0.000000 
1007 0.000000 
1008 -0.000000 
1009 0.000000 
1010 -0.000000 
1011 0.000000 
1012 -0.000000 
1013 0.000000 
1014 -0.000000 
1015 0.000000 
1016 -0.000000 
1017 0.000000 
1018 -0.000000 
1019 0.000000 
1020 -0.000000 
1021 0.000000 
1022 -0.000000 
1023 0.000000 
1024 -0.000000 
1025 0.000000 
1026 -0.000000 
1027 0.000000 
1028 -0.000000 
1029 0.000000 
1030 -0.000000 
1031 0.000000 
1032 -0.000000 
1033 0.000000 
1034 -0.000000 
1035 0.000000 
1036 0.000000 
1037 -0.000000 
1038 0.000000 
1039 -0.000000 
1040 0.000000 
1041 -0.000000 
1042 0.000000 
1043 -0.000000 
1044 0.000000 
1045 -0.000000 
1046 0.000000 
1047 -0.000000 
1048 0.000000 
1049 -0.000000 
1050 0.000000 
1051 -0.000000 
1052 0.000000 
1053 -0.000000 
1054 0.000000 
1055 -0.000000 
1056 0.000000 
1057 -0.000000 
1058 0.000000 
1059 -0.000000 
1060 0.000000 
1061 -0.000000 
1062 0.000000 
1063 -0.000000 
1064 0.000000 
1065 -0.000000 
1066 0.000000 
1067 -0.000000 
1068 0.000000 
1069 -0.000000 
1070 0.000000 
1071 -0.000000 
1072 0.000000 
1073 -0.000000 
1074 0.000000 
1075 -0.000000 
1076 0.000000 
1077 -0.000000 
1078 0.000000 
1079 -0.000000 
1080 0.000000 
1081 -0.000000 
1082 0.000000 
1083 -0.000000 
1084 0.000000 
1085 -0.000000 
1086 0.000000 
1087 -0.000000 
1088 0.000000 
1089 -0.000000 
1090 0.000000 
1091 -0.000000 
1092 0.000000 
1093 -0.000000 
1094 0.000000 
1095 -0.000000 
1096 0.000000 
1097 -0.000000 
1098 0.000000 
1099 -0.000000 
1100 0.000000 
1101 -0.000000 
1102 0.000000 
1103 -0.000000 
1104 0.000000 
1105 -0.000000 
1106 0.000000 
1107 -0.000000 
1108 0.000000 
1109 -0.000000 
1110 0.000000 
1111 -0.000000 
1112 0.000000 
1113 -0.000000 
1114 0.000000 
1115 -0.000000 
1116 0.000000 
1117 -0.000000 
1118 0.000000 
1119 -0.000000 
1120 0.000000 
1121 -0.000000 
1122 0.000000 
1123 -0.000000 
1124 0.000000 
1125 -0.000000 
1126 0.000000 
1127 -0.000000 
1128 0.000000 
1129 -0.000000 
1130 0.000000 
1131 -0.000000 
1132 0.000000 
1133 -0.000000 
1134 0.000000 
1135 -0.000000 
1136 0.000000 
1137 -0.000000 
1138 0.000000 
1139 -0.000000 
1140 0.000000 
1141 -0.000000 
1142 0.000000 
1143 -0.000000 
1144 0.000000 
1145 -0.000000 
1146 0.000000 
1147 -0.000000 
1148 0.000000 
1149 -0.000000 
1150 0.000000 
1151 -0.000000 
1152 0.000000 
1153 0.000000 
1154 -0.000000 
1155 0.000000 
1156 -0.000000 
1157 0.000000 
1158 -0.000000 
1159 0.000000 
1160 -0.000000 
1161 0.000000 
1162 -0.000000 
1163 0.000000 
1164 -0.000000 
1165 0.000000 
1166 -0.000000 
1167 0.000000 
1168 -0.000000 
1169 0.000000 
1170 -0.000000 
1171 0.000000 
1172 -0.000000 
1173 0.000000 
1174 -0.000000 
1175 0.000000 
1176 -0.000000 
1177 0.000000 
1178 -0.000000 
1179 0.000000 
1180 -0.000000 
1181 0.000000 
1182 -0.000000 
1183 0.000000 
1184 -0.000000 
1185 0.000000 
1186 -0.000000 
1187 0.000000 
1188 -0.000000 
1189 0.000000 
1190 -0.000000 
1191 0.000000 
1192 -0.000000 
1193 0.000000 
1194 -0.000000 
1195 0.000000 
1196 -0.000000 
1197 0.000000 
1198 -0.000000 
1199 0.000000 
1200 -0.000000 
1201 0.000000 
1202 0.000000 
1203 -0.000000 
1204 0.000000 
1205 -0.000000 
1206 0.000000 
1207 -0.000000 
1208 0.000000 
1209 -0.000000 
1210 0.000000 
1211 -0.000000 
1212 0.000000 
1213 -0.000000 
1214 0.000000 
1215 -0.000000 
1216 0.000000 
1217 -0.000000 
1218 0.000000 
1219 -0.000000 
1220 0.000000 
1221 -0.000000 
1222 0.000000 
1223 -0.000000 
1224 0.000000 
1225 -0.000000 
1226 0.000000 
1227 -0.000000 
1228 0.000000 
1229 -0.000000 
1230 0.000000 
1231 -0.000000 
1232 0.000000 
1233 -0.000000 
1234 0.000000 
1235 -0.000000 
1236 0.000000 
1237 -0.000000 
1238 0.000000 
1239 -0.000000 
1240 0.000000 
1241 -0.000000 
1242 -0.000000 
1243 0.000000 
1244 -0.000000 
1245 0.000000 
1246 -0.000000 
1247 0.000000 
1248 -0.000000 
1249 0.000000 
1250 -0.000000 
1251 0.000000 
1252 -0.000000 
1253 0.000000 
1254 -0.000000 
1255 0.000000 
1256 -0.000000 
1257 0.000000 
1258 -0.000000 
1259 0.000000 
1260 -0.000000 
1261 0.000000 
1262 -0.000000 
1263 0.000000 
1264 -0.000000 
1265 0.000000 
1266 -0.000000 
1267 0.000000 
1268 -0.000000 
1269 0.000000 
1270 -0.000000 
1271 0.000000 
1272 -0.000000 
1273 0.000000 
1274 -0.000000 
1275 0.000000 
1276 -0.000000 
1277 0.000000 
1278 -0.000000 
1279 0.000000 
1280 -0.000000 
1281 0.000000 
1282 -0.000000 
1283 0.000000 
1284 -0.000000 
1285 0.000000 
1286 -0.000000 
1287 0.000000 
1288 -0.000000 
1289 0.000000 
1290 -0.000000 
1291 0.000000 
1292 -0.000000 
1293 0.000000 
1294 -0.000000 
1295 0.000000 
1296 -0.000000 
1297 0.000000 
1298 -0.000000 
1299 0.000000 
1300 -0.000000 
1301 0.000000 
1302 -0.000000 
1303 0.000000 
1304 -0.000000 
1305 0.000000 
1306 -0.000000 
1307 -0.000000 
1308 0.000000 
1309 -0.000000 
1310 0.000000 
1311 -0.000000 
1312 0.000000 
1313 -0.000000 
1314 0.000000 
1315 -0.000000 
1316 0.000000 
1317 -0.000000 
1318 0.000000 
1319 -0.000000 
1320 0.000000 
1321 -0.000000 
1322 0.000000 
1323 -0.000000 
1324 0.000000 
1325 -0.000000 
1326 0.000000 
1327 -0.000000 
1328 0.000000 
1329 -0.000000 
1330 0.000000 
1331 -0.000000 
1332 0.000000 
1333 -0.000000 
1334 0.000000 
1335 -0.000000 
1336 0.000000 
1337 -0.000000 
1338 0.000000 
1339 -0.000000 
1340 0.000000 
1341 -0.000000 
1342 0.000000 
1343 -0.000000 
1344 0.000000 
1345 -0.000000 
1346 0.000000 
1347 -0.000000 
1348 0.000000 
1349 -0.000000 
1350 0.000000 
1351 -0.000000 
1352 0.000000 
1353 -0.000000 
1354 0.000000 
1355 -0.000000 
1356 0.000000 
1357 -0.000000 
1358 0.000000 
1359 -0.000000 
1360 0.000000 
1361 -0.000000 
1362 0.000000 
1363 -0.000000 
1364 0.000000 
1365 -0.000000 
1366 0.000000 
1367 -0.000000 
1368 0.000000 
1369 -0.000000 
1370 0.000000 
1371 -0.000000 
1372 0.000000 
1373 -0.000000 
1374 0.000000 
1375 -0.000000 
1376 0.000000 
1377 -0.000000 
1378 0.000000 
1379 -0.000000 
1380 0.000000 
1381 -0.000000 
1382 0.000000 
1383 -0.000000 
1384 0.000000 
1385 -0.000000 
1386 0.000000 
1387 -0.000000 
1388 0.000000 
1389 -0.000000 
1390 0.000000 
1391 -0.000000 
1392 0.000000 
1393 -0.000000 
1394 0.000000 
1395 -0.000000 
1396 0.000000 
1397 -0.000000 
1398 0.000000 
1399 -0.000000 
1400 0.000000 
1401 -0.000000 
1402 0.000000 
1403 -0.000000 
1404 0.000000 
1405 -0.000000 
1406 0.000000 
1407 -0.000000 
1408 0.000000 
1409 -0.000000 
1410 0.000000 
1411 -0.000000 
1412 0.000000 
1413 -0.000000 
1414 0.000000 
1415 -0.000000 
1416 0.000000 
1417 -0.000000 
1418 0.000000 
1419 -0.000000 
1420 0.000000 
1421 -0.000000 
1422 0.000000 
1423 -0.000000 
1424 0.000000 
1425 -0.000000 
1426 0.000000 
1427 -0.000000 
1428 0.000000 
1429 -0.000000 
1430 0.000000 
1431 -0.000000 
1432 0.000000 
1433 -0.000000 
1434 0.000000 
1435 -0.000000 
1436 0.000000 
1437 -0.000000 
1438 0.000000 
1439 -0.000000 
1440 0.000000 
1441 -0.000000 
1442 0.000000 
1443 -0.000000 
1444 0.000000 
1445 -0.000000 
1446 0.000000 
1447 -0.000000 
1448 0.000000 
1449 -0.000000 
1450 0.000000 
1451 -0.000000 
1452 0.000000 
1453 -0.000000 
1454 0.000000 
1455 -0.000000 
1456 0.000000 
1457 -0.000000 
1458 0.000000 
1459 -0.000000 
1460 0.000000 
1461 -0.000000 
1462 0.000000 
1463 -0.000000 
1464 0.000000 
1465 -0.000000 
1466 0.000000 
1467 -0.000000 
1468 0.000000 
1469 -0.000000 
1470 0.000000 
1471 -0.000000 
1472 0.000000 
1473 -0.000000 
1474 0.000000 
1475 -0.000000 
1476 0.000000 
1477 -0.000000 
1478 0.000000 
1479 -0.000000 
1480 0.000000 
1481 -0.000000 
1482 0.000000 
1483 -0.000000 
1484 0.000000 
1485 -0.000000 
1486 0.000000 
1487 -0.000000 
1488 0.000000 
1489 -0.000000 
1490 0.000000 
1491 -0.000000 
1492 0.000000 
1493 -0.000000 
1494 0.000000 
1495 -0.000000 
1496 0.000000 
1497 -0.000000 
1498 0.000000 
1499 -0.000000 
1500 0.000000 
1501 -0.000000 
1502 0.000000 
1503 -0.000000 
1504 0.000000 
1505 -0.000000 
1506 0.000000 
1507 -0.000000 
1508 0.000000 
1509 -0.000000 
1510 0.000000 
1511 -0.000000 
1512 0.000000 
1513 -0.000000 
1514 0.000000 
1515 -0.000000 
1516 0.000000 
1517 -0.000000 
1518 0.000000 
1519 -0.000000 
1520 0.000000 
1521 -0.000000 
1522 0.000000 
1523 -0.000000 
1524 0.000000 
1525 -0.000000 
1526 0.000000 
1527 -0.000000 
1528 -0.000000 
1529 0.000000 
1530 -0.000000 
1531 0.000000 
1532 -0.000000 
1533 0.000000 
1534 -0.000000 
1535 0.000000 
1536 -0.000000 
1537 0.000000 
1538 -0.000000 
1539 0.000000 
1540 -0.000000 
1541 0.000000 
1542 -0.000000 
1543 0.000000 
1544 -0.000000 
1545 0.000000 
1546 -0.000000 
1547 0.000000 
1548 -0.000000 
1549 0.000000 
1550 -0.000000 
1551 0.000000 
1552 -0.000000 
1553 0.000000 
1554 -0.000000 
1555 0.000000 
1556 -0.000000 
1557 0.000000 
1558 -0.000000 
1559 0.000000 
1560 -0.000000 
1561 0.000000 
1562 -0.000000 
1563 0.000000 
1564 -0.000000 
1565 0.000000 
1566 -0.000000 
1567 0.000000 
1568 -0.000000 
1569 0.000000 
1570 -0.000000 
1571 0.000000 
1572 -0.000000 
1573 0.000000 
1574 -0.000000 
1575 0.000000 
1576 -0.000000 
1577 0.000000 
1578 -0.000000 
1579 0.000000 
1580 -0.000000 
1581 0.000000 
1582 -0.000000 
1583 0.000000 
1584 -0.000000 
1585 0.000000 
1586 -0.000000 
1587 0.000000 
1588 -0.000000 
1589 0.000000 
1590 -0.000000 
1591 0.000000 
1592 -0.000000 
1593 0.000000 
1594 -0.000000 
1595 0.000000 
1596 -0.000000 
1597 0.000000 
1598 -0.000000 
1599 0.000000 
1600 -0.000000 
1601 0.000000 
1602 -0.000000 
1603 0.000000 
1604 -0.000000 
1605 0.000000 
1606 -0.000000 
1607 0.000000 
1608 -0.000000 
1609 0.000000 
1610 -0.000000 
1611 0.000000 
1612 -0.000000 
1613 0.000000 
1614 -0.000000 
1615 0.000000 
1616 -0.000000 
1617 0.000000 
1618 -0.000000 
1619 0.000000 
1620 -0.000000 
1621 0.000000 
1622 -0.000000 
1623 0.000000 
1624 -0.000000 
1625 0.000000 
1626 -0.000000 
1627 0.000000 
1628 -0.000000 
1629 0.000000 
1630 -0.000000 
1631 0.000000 
1632 -0.000000 
1633 0.000000 
1634 -0.000000 
1635 0.000000 
1636 -0.000000 
1637 0.000000 
1638 -0.000000 
1639 0.000000 
1640 -0.000000 
1641 0.000000 
1642 -0.000000 
1643 0.000000 
1644 -0.000000 
1645 0.000000 
1646 -0.000000 
1647 0.000000 
1648 -0.000000 
1649 0.000000 
1650 -0.000000 
1651 0.000000 
1652 -0.000000 
1653 0.000000 
1654 -0.000000 
1655 0.000000 
1656 -0.000000 
1657 0.000000 
1658 -0.000000 
1659 0.000000 
1660 -0.000000 
1661 0.000000 
1662 -0.000000 
1663 0.000000 
1664 -0.000000 
1665 0.000000 
1666 -0.000000 
1667 0.000000 
1668 -0.000000 
1669 0.000000 
1670 -0.000000 
1671 0.000000 
1672 -0.000000 
1673 0.000000 
1674 -0.000000 
1675 0.000000 
1676 -0.000000 
1677 0.000000 
1678 -0.000000 
1679 0.000000 
1680 -0.000000 
1681 0.000000 
1682 -0.000000 
1683 0.000000 
1684 -0.000000 
1685 0.000000 
1686 -0.000000 
1687 0.000000 
1688 -0.000000 
1689 0.000000 
1690 -0.000000 
1691 0.000000 
1692 -0.000000 
1693 0.000000 
1694 -0.000000 
1695 0.000000 
1696 -0.000000 
1697 0.000000 
1698 -0.000000 
1699 0.000000 
1700 -0.000000 
1701 0.000000 
1702 -0.000000 
1703 0.000000 
1704 -0.000000 
1705 0.000000 
1706 -0.000000 
1707 0.000000 
1708 -0.000000 
1709 0.000000 
1710 -0.000000 
1711 0.000000 
1712 -0.000000 
1713 -0.000000 
1714 0.000000 
1715 -0.000000 
1716 0.000000 
1717 -0.000000 
1718 0.000000 
1719 -0.000000 
1720 0.000000 
1721 -0.000000 
1722 0.000000 
1723 -0.000000 
1724 0.000000 
1725 -0.000000 
1726 0.000000 
1727 -0.000000 
1728 0.000000 
1729 -0.000000 
1730 0.000000 
1731 -0.000000 
1732 0.000000 
1733 -0.000000 
1734 0.000000 
1735 -0.000000 
1736 0.000000 
1737 -0.000000 
1738 0.000000 
1739 -0.000000 
1740 0.000000 
1741 -0.000000 
1742 0.000000 
1743 -0.000000 
1744 0.000000 
1745 -0.000000 
1746 0.000000 
1747 -0.000000 
1748 0.000000 
1749 -0.000000 
1750 0.000000 
1751 -0.000000 
1752 0.000000 
1753 -0.000000 
1754 0.000000 
1755 -0.000000 
1756 0.000000 
1757 -0.000000 
1758 0.000000 
1759 -0.000000 
1760 0.000000 
1761 -0.000000 
1762 0.000000 
1763 -0.000000 
1764 0.000000 
1765 -0.000000 
1766 0.000000 
1767 -0.000000 
1768 0.000000 
1769 -0.000000 
1770 0.000000 
1771 -0.000000 
1772 0.000000 
1773 -0.000000 
1774 0.000000 
1775 -0.000000 
1776 0.000000 
1777 -0.000000 
1778 0.000000 
1779 -0.000000 
1780 0.000000 
1781 -0.000000 
1782 0.000000 
1783 -0.000000 
1784 0.000000 
1785 -0.000000 
1786 0.000000 
1787 -0.000000 
1788 0.000000 
1789 -0.000000 
1790 0.000000 
1791 -0.000000 
1792 0.000000 
1793 -0.000000 
1794 0.000000 
1795 -0.000000 
1796 0.000000 
1797 -0.000000 
1798 0.000000 
1799 -0.000000 
1800 0.000000 
1801 -0.000000 
1802 0.000000 
1803 -0.000000 
1804 0.000000 
1805 -0.000000 
1806 0.000000 
1807 -0.000000 
1808 0.000000 
1809 0.000000 
1810 -0.000000 
1811 0.000000 
1812 -0.000000 
1813 0.000000 
1814 -0.000000 
1815 0.000000 
1816 -0.000000 
1817 0.000000 
1818 -0.000000 
1819 0.000000 
1820 -0.000000 
1821 0.000000 
1822 -0.000000 
1823 0.000000 
1824 -0.000000 
1825 0.000000 
1826 -0.000000 
1827 0.000000 
1828 -0.000000 
1829 0.000000 
1830 -0.000000 
1831 0.000000 
1832 -0.000000 
1833 0.000000 
1834 -0.000000 
1835 0.000000 
1836 -0.000000 
1837 0.000000 
1838 -0.000000 
1839 0.000000 
1840 -0.000000 
1841 0.000000 
1842 -0.000000 
1843 0.000000 
1844 -0.000000 
1845 0.000000 
1846 -0.000000 
1847 0.000000 
1848 -0.000000 
1849 0.000000 
1850 -0.000000 
1851 0.000000 
1852 -0.000000 
1853 0.000000 
1854 -0.000000 
1855 0.000000 
1856 -0.000000 
1857 0.000000 
1858 -0.000000 
1859 0.000000 
1860 -0.000000 
1861 0.000000 
1862 -0.000000 
1863 0.000000 
1864 -0.000000 
1865 0.000000 
1866 -0.000000 
1867 0.000000 
1868 -0.000000 
1869 0.000000 
1870 -0.000000 
1871 0.000000 
1872 -0.000000 
1873 0.000000 
1874 -0.000000 
1875 0.000000 
1876 -0.000000 
1877 0.000000 
1878 -0.000000 
1879 0.000000 
1880 -0.000000 
1881 0.000000 
1882 -0.000000 
1883 0.000000 
1884 -0.000000 
1885 0.000000 
1886 -0.000000 
1887 0.000000 
1888 -0.000000 
1889 0.000000 
1890 -0.000000 
1891 0.000000 
1892 -0.000000 
1893 0.000000 
1894 -0.000000 
1895 0.000000 
1896 -0.000000 
1897 0.000000 
1898 -0.000000 
1899 0.000000 
1900 -0.000000 
1901 0.000000 
1902 -0.000000 
1903 0.000000 
1904 -0.000000 
1905 0.000000 
1906 -0.000000 
1907 0.000000 
1908 -0.000000 
1909 0.000000 
1910 -0.000000 
1911 0.000000 
1912 -0.000000 
1913 0.000000 
1914 -0.000000 
1915 0.000000 
1916 -0.000000 
1917 0.000000 
1918 -0.000000 
1919 0.000000 
1920 -0.000000 
1921 0.000000 
1922 -0.000000 
1923 0.000000 
1924 -0.000000 
1925 0.000000 
1926 -0.000000 
1927 0.000000 
1928 -0.000000 
1929 0.000000 
1930 -0.000000 
1931 0.000000 
1932 -0.000000 
1933 0.000000 
1934 -0.000000 
1935 0.000000 
1936 -0.000000 
1937 0.000000 
1938 -0.000000 
1939 0.000000 
1940 -0.000000 
1941 0.000000 
1942 -0.000000 
1943 0.000000 
1944 -0.000000 
1945 0.000000 
1946 -0.000000 
1947 0.000000 
1948 -0.000000 
1949 0.000000 
1950 -0.000000 
1951 0.000000 
1952 -0.000000 
1953 0.000000 
1954 -0.000000 
1955 0.000000 
1956 -0.000000 
1957 0.000000 
1958 -0.000000 
1959 0.000000 
1960 -0.000000 
1961 0.000000 
1962 -0.000000 
1963 0.000000 
1964 -0.000000 
1965 0.000000 
1966 -0.000000 
1967 0.000000 
1968 -0.000000 
1969 -0.000000 
1970 0.000000 
1971 -0.000000 
1972 0.000000 
1973 -0.000000 
1974 0.000000 
1975 -0.000000 
1976 0.000000 
1977 -0.000000 
1978 0.000000 
1979 -0.000000 
1980 0.000000 
1981 -0.000000 
1982 0.000000 
1983 -0.000000 
1984 0.000000 
1985 -0.000000 
1986 0.000000 
1987 -0.000000 
1988 0.000000 
1989 -0.000000 
1990 0.000000 
1991 -0.000000 
1992 0.000000 
1993 -0.000000 
1994 0.000000 
1995 -0.000000 
1996 0.000000 
1997 -0.000000 
1998 0.000000 
1999 -0.000000 
2000 0.000000 
2001 -0.000000 
2002 0.000000 
2003 -0.000000 
2004 0.000000 
2005 -0.000000 
2006 0.000000 
2007 -0.000000 
2008 0.000000 
2009 -0.000000 
2010 0.000000 
2011 -0.000000 
2012 -0.000000 
2013 0.000000 
2014 -0.000000 
2015 0.000000 
2016 -0.000000 
2017 0.000000 
2018 -0.000000 
2019 0.000000 
2020 -0.000000 
2021 0.000000 
2022 -0.000000 
2023 0.000000 
2024 -0.000000 
2025 0.000000 
2026 -0.000000 
2027 0.000000 
2028 -0.000000 
2029 0.000000 
2030 -0.000000 
2031 0.000000 
2032 -0.000000 
2033 0.000000 
2034 -0.000000 
2035 0.000000 
2036 -0.000000 
2037 0.000000 
2038 -0.000000 
2039 0.000000 
2040 -0.000000 
2041 0.000000 
2042 -0.000000 
2043 0.000000 
2044 -0.000000 
2045 0.000000 
2046 -0.000000 
2047 0.000000 
2048 -0.000000 
2049 0.000000 
2050 -0.000000 
2051 0.000000 
2052 -0.000000 
2053 0.000000 
2054 -0.000000 
2055 0.000000 
2056 -0.000000 
2057 0.000000 
2058 -0.000000 
2059 0.000000 
2060 -0.000000 
2061 0.000000 
2062 -0.000000 
2063 0.000000 
2064 -0.000000 
2065 0.000000 
2066 -0.000000 
2067 0.000000 
2068 -0.000000 
2069 0.000000 
2070 -0.000000 
2071 0.000000 
2072 -0.000000 
2073 0.000000 
2074 -0.000000 
2075 0.000000 
2076 -0.000000 
2077 0.000000 
2078 -0.000000 
2079 0.000000 
2080 -0.000000 
2081 0.000000 
2082 -0.000000 
2083 0.000000 
2084 -0.000000 
2085 0.000000 
2086 -0.000000 
2087 0.000000 
2088 -0.000000 
2089 0.000000 
2090 -0.000000 
2091 0.000000 
2092 -0.000000 
2093 0.000000 
2094 -0.000000 
2095 0.000000 
2096 -0.000000 
2097 0.000000 
2098 -0.000000 
2099 0.000000 
2100 -0.000000 
2101 0.000000 
2102 -0.000000 
2103 0.000000 
2104 -0.000000 
2105 0.000000 
2106 -0.000000 
2107 0.000000 
2108 -0.000000 
2109 0.000000 
2110 -0.000000 
2111 0.000000 
2112 -0.000000 
2113 0.000000 
2114 -0.000000 
2115 0.000000 
2116 -0.000000 
2117 0.000000 
2118 -0.000000 
2119 0.000000 
2120 -0.000000 
2121 0.000000 
2122 -0.000000 
2123 0.000000 
2124 -0.000000 
2125 0.000000 
2126 -0.000000 
2127 0.000000 
2128 -0.000000 
2129 0.000000 
2130 -0.000000 
2131 0.000000 
2132 -0.000000 
2133 0.000000 
2134 -0.000000 
2135 0.000000 
2136 -0.000000 
2137 0.000000 
2138 -0.000000 
2139 0.000000 
2140 -0.000000 
2141 0.000000 
2142 -0.000000 
2143 0.000000 
2144 -0.000000 
2145 0.000000 
2146 -0.000000 
2147 0.000000 
2148 -0.000000 
2149 0.000000 
2150 -0.000000 
2151 0.000000 
2152 -0.000000 
2153 0.000000 
2154 -0.000000 
2155 0.000000 
2156 -0.000000 
2157 0.000000 
2158 -0.000000 
2159 0.000000 
2160 -0.000000 
2161 0.000000 
2162 -0.000000 
2163 0.000000 
2164 -0.000000 
2165 0.000000 
2166 -0.000000 
2167 0.000000 
2168 -0.000000 
2169 0.000000 
2170 -0.000000 
2171 0.000000 
2172 -0.000000 
2173 0.000000 
2174 -0.000000 
2175 0.000000 
2176 -0.000000 
2177 0.000000 
2178 -0.000000 
2179 0.000000 
2180 -0.000000 
2181 0.000000 
2182 -0.000000 
2183 0.000000 
2184 -0.000000 
2185 0.000000 
2186 -0.000000 
2187 0.000000 
2188 -0.000000 
2189 0.000000 
2190 -0.000000 
2191 0.000000 
2192 -0.000000 
2193 0.000000 
2194 -0.000000 
2195 0.000000 
2196 -0.000000 
2197 0.000000 
2198 -0.000000 
2199 0.000000 
2200 -0.000000 
2201 0.000000 
2202 -0.000000 
2203 0.000000 
2204 -0.000000 
2205 0.000000 
2206 -0.000000 
2207 0.000000 
2208 -0.000000 
2209 0.000000 
2210 -0.000000 
2211 0.000000 
2212 -0.000000 
2213 0.000000 
2214 -0.000000 
2215 0.000000 
2216 -0.000000 
2217 0.000000 
2218 -0.000000 
2219 -0.000000 
2220 0.000000 
2221 -0.000000 
2222 0.000000 
2223 -0.000000 
2224 0.000000 
2225 -0.000000 
2226 0.000000 
2227 -0.000000 
2228 0.000000 
2229 -0.000000 
2230 0.000000 
2231 -0.000000 
2232 0.000000 
2233 -0.000000 
2234 0.000000 
2235 -0.000000 
2236 0.000000 
2237 -0.000000 
2238 0.000000 
2239 -0.000000 
2240 0.000000 
2241 -0.000000 
2242 0.000000 
2243 -0.000000 
2244 0.000000 
2245 -0.000000 
2246 0.000000 
2247 -0.000000 
2248 0.000000 
2249 -0.000000 
2250 0.000000 
2251 -0.000000 
2252 0.000000 
2253 -0.000000 
2254 0.000000 
2255 -0.000000 
2256 0.000000 
2257 -0.000000 
2258 0.000000 
2259 -0.000000 
2260 0.000000 
2261 -0.000000 
2262 0.000000 
2263 -0.000000 
2264 0.000000 
2265 -0.000000 
2266 0.000000 
2267 -0.000000 
2268 0.000000 
2269 -0.000000 
2270 0.000000 
2271 -0.000000 
2272 0.000000 
2273 -0.000000 
2274 0.000000 
2275 -0.000000 
2276 0.000000 
2277 -0.000000 
2278 0.000000 
2279 -0.000000 
2280 0.000000 
2281 -0.000000 
2282 0.000000 
2283 -0.000000 
2284 0.000000 
2285 -0.000000 
2286 0.000000 
2287 -0.000000 
2288 0.000000 
2289 -0.000000 
2290 0.000000 
2291 -0.000000 
2292 0.000000 
2293 -0.000000 
2294 0.000000 
2295 -0.000000 
2296 0.000000 
2297 -0.000000 
2298 0.000000 
2299 -0.000000 
2300 0.000000 
2301 -0.000000 
2302 0.000000 
2303 -0.000000 
2304 0.000000 
2305 -0.000000 
2306 0.000000 
2307 -0.000000 
2308 0.000000 
2309 -0.000000 
2310 0.000000 
2311 -0.000000 
2312 0.000000 
2313 -0.000000 
2314 0.000000 
2315 -0.000000 
2316 0.000000 
2317 -0.000000 
2318 0.000000 
2319 -0.000000 
2320 0.000000 
2321 -0.000000 
2322 0.000000 
2323 -0.000000 
2324 0.000000 
2325 -0.000000 
2326 0.000000 
2327 -0.000000 
2328 0.000000 
2329 -0.000000 
2330 0.000000 
2331 -0.000000 
2332 0.000000 
2333 -0.000000 
2334 0.000000 
2335 -0.000000 
2336 0.000000 
2337 -0.000000 
2338 0.000000 
2339 -0.000000 
2340 0.000000 
2341 -0.000000 
2342 0.000000 
2343 -0.000000 
2344 0.000000 
2345 -0.000000 
2346 0.000000 
2347 -0.000000 
2348 0.000000 
2349 -0.000000 
2350 0.000000 
2351 -0.000000 
2352 0.000000 
2353 -0.000000 
2354 0.000000 
2355 -0.000000 
2356 0.000000 
2357 -0.000000 
2358 0.000000 
2359 -0.000000 
2360 0.000000 
2361 -0.000000 
2362 0.000000 
2363 -0.000000 
2364 0.000000 
2365 -0.000000 
2366 0.000000 
2367 -0.000000 
2368 0.000000 
2369 0.000000 
2370 -0.000000 
2371 0.000000 
2372 -0.000000 
2373 0.000000 
2374 -0.000000 
2375 0.000000 
2376 -0.000000 
2377 0.000000 
2378 -0.000000 
2379 0.000000 
2380 -0.000000 
2381 0.000000 
2382 -0.000000 
2383 0.000000 
2384 -0.000000 
2385 0.000000 
2386 -0.000000 
2387 0.000000 
2388 -0.000000 
2389 0.000000 
2390 -0.000000 
2391 0.000000 
2392 -0.000000 
2393 0.000000 
2394 -0.000000 
2395 0.000000 
2396 -0.000000 
2397 0.000000 
2398 -0.000000 
2399 0.000001 
2400 -0.000001 
2401 0.000001 
2402 -0.000001 
2403 0.000001 
2404 -0.000001 
2405 0.000001 
2406 -0.000001 
2407 0.000001 
2408 -0.000001 
2409 0.000001 
2410 -0.000001 
2411 0.000001 
2412 -0.000001 
2413 0.000001 
2414 -0.000001 
2415 0.000001 
2416 -0.000002 
2417 0.000002 
2418 -0.000002 
2419 0.000002 
2420 -0.000002 
2421 0.000002 
2422 -0.000002 
2423 0.000002 
2424 -0.000002 
2425 0.000003 
2426 -0.000003 
2427 0.000003 
2428 -0.000003 
2429 0.000003 
2430 -0.000003 
2431 0.000004 
2432 -0.000004 
2433 0.000004 
2434 -0.000004 
2435 0.000004 
2436 -0.000005 
2437 0.000005 
2438 -0.000005 
2439 0.000005 
2440 -0.000005 
2441 0.000006 
2442 -0.000006 
2443 0.000006 
2444 -0.000007 
2445 0.000007 
2446 -0.000007 
2447 0.000007 
2448 -0.000008 
2449 0.000008 
2450 -0.000008 
2451 0.000009 
2452 -0.000009 
2453 0.000009 
2454 -0.000010 
2455 0.000010 
2456 -0.000011 
2457 0.000011 
2458 -0.000011 
2459 0.000012 
2460 -0.000012 
2461 0.000013 
2462 -0.000013 
2463 0.000013 
2464 -0.000014 
2465 0.000014 
2466 -0.000015 
2467 0.000015 
2468 -0.000016 
2469 0.000016 
2470 -0.000017 
2471 0.000017 
2472 -0.000018 
2473 0.000018 
2474 -0.000018 
2475 0.000019 
2476 -0.000019 
2477 0.000020 
2478 -0.000020 
2479 0.000021 
2480 -0.000021 
2481 0.000021 
2482 -0.000022 
2483 0.000022 
2484 -0.000023 
2485 0.000023 
2486 -0.000023 
2487 0.000023 
2488 -0.000024 
2489 0.000024 
2490 -0.000024 
2491 0.000024 
2492 -0.000024 
2493 0.000024 
2494 -0.000024 
2495 0.000024 
2496 -0.000024 
2497 0.000024 
2498 -0.000024 
2499 0.000023 
2500 -0.000023 
2501 0.000022 
2502 -0.000022 
2503 0.000021 
2504 -0.000020 
2505 0.000019 
2506 -0.000018 
2507 0.000017 
2508 -0.000016 
2509 0.000014 
2510 -0.000013 
2511 0.000011 
2512 -0.000009 
2513 0.000007 
2514 -0.000005 
2515 0.000002 
2516 0.000000 
2517 -0.000003 
2518 0.000006 
2519 -0.000010 
2520 0.000013 
2521 -0.000017 
2522 0.000021 
2523 -0.000026 
2524 0.000031 
2525 -0.000036 
2526 0.000041 
2527 -0.000047 
2528 0.000053 
2529 -0.000060 
2530 0.000066 
2531 -0.000074 
2532 0.000082 
2533 -0.000090 
2534 0.000098 
2535 -0.000108 
2536 0.000117 
2537 -0.000127 
2538 0.000138 
2539 -0.000149 
2540 0.000161 
2541 -0.000174 
2542 0.000187 
2543 -0.000200 
2544 0.000215 
2545 -0.000230 
2546 0.000246 
2547 -0.000262 
2548 0.000279 
2549 -0.000297 
2550 0.000316 
2551 -0.000336 
2552 0.000356 
2553 -0.000378 
2554 0.000400 
2555 -0.000423 
2556 0.000448 
2557 -0.000473 
2558 0.000499 
2559 -0.000526 
2560 0.000554 
2561 -0.000584 
2562 0.000614 
2563 -0.000646 
2564 0.000678 
2565 -0.000712 
2566 0.000747 
2567 -0.000784 
2568 0.000821 
2569 -0.000860 
2570 0.000900 
2571 -0.000941 
2572 0.000984 
2573 -0.001028 
2574 0.001073 
2575 -0.001120 
2576 0.001168 
2577 -0.001218 
2578 0.001269 
2579 -0.001321 
2580 0.001375 
2581 -0.001431 
2582 0.001487 
2583 -0.001546 
2584 0.001605 
2585 -0.001666 
2586 0.001729 
2587 -0.001793 
2588 0.001858 
2589 -0.001925 
2590 0.001993 
2591 -0.002063 
2592 0.002134 
2593 -0.002206 
2594 0.002280 
2595 -0.002354 
2596 0.002430 
2597 -0.002508 
2598 0.002586 
2599 -0.002665 
2600 0.002746 
2601 -0.002827 
2602 0.002909 
2603 -0.002992 
2604 0.003075 
2605 -0.003160 
2606 0.003244 
2607 -0.003329 
2608 0.003415 
2609 -0.003500 
2610 0.003585 
2611 -0.003671 
2612 0.003755 
2613 -0.003840 
2614 0.003924 
2615 -0.004007 
2616 0.004089 
2617 -0.004169 
2618 0.004249 
2619 -0.004326 
2620 0.004402 
2621 -0.004476 
2622 0.004547 
2623 -0.004615 
2624 0.004681 
2625 -0.004743 
2626 0.004801 
2627 -0.004855 
2628 0.004906 
2629 -0.004951 
2630 0.004991 
2631 -0.005026 
2632 0.005055 
2633 -0.005078 
2634 0.005094 
2635 -0.005102 
2636 0.005103 
2637 -0.005096 
2638 0.005079 
2639 -0.005054 
2640 0.005019 
2641 -0.004973 
2642 0.004916 
2643 -0.004847 
2644 0.004766 
2645 -0.004672 
2646 0.004565 
2647 -0.004443 
2648 0.004306 
2649 -0.004153 
2650 0.003983 
2651 -0.003796 
2652 0.003591 
2653 -0.003366 
2654 0.003122 
2655 -0.002857 
2656 0.002571 
2657 -0.002261 
2658 0.001929 
2659 -0.001571 
2660 0.001189 
2661 -0.000780 
2662 0.000343 
2663 0.000122 
2664 -0.000617 
2665 0.001142 
2666 -0.001700 
2667 0.002290 
2668 -0.002914 
2669 0.003573 
2670 -0.004268 
2671 0.005001 
2672 -0.005773 
2673 0.006585 
2674 -0.007437 
2675 0.008332 
2676 -0.009271 
2677 0.010255 
2678 -0.011284 
2679 0.012361 
2680 -0.013487 
2681 0.014663 
2682 -0.015890 
2683 0.017170 
2684 -0.018503 
2685 0.019892 
2686 -0.021337 
2687 0.022840 
2688 -0.024402 
2689 0.026024 
2690 -0.027708 
2691 0.029455 
2692 -0.031266 
2693 0.033142 
2694 -0.035085 
2695 0.037096 
2696 -0.039176 
2697 0.041326 
2698 -0.043547 
2699 0.045841 
2700 -0.048208 
2701 0.050650 
2702 -0.053167 
2703 0.055761 
2704 -0.058433 
2705 0.061183 
2706 -0.064012 
2707 0.066921 
2708 -0.069910 
2709 0.072981 
2710 -0.076135 
2711 0.079370 
2712 -0.082689 
2713 0.086091 
2714 -0.089577 
2715 0.093147 
2716 -0.096801 
2717 0.100539 
2718 -0.104362 
2719 0.108268 
2720 -0.112259 
2721 0.116333 
2722 -0.120490 
2723 0.124730 
2724 -0.129051 
2725 0.133453 
2726 -0.137936 
2727 0.142498 
2728 -0.147137 
2729 0.151853 
2730 -0.156643 
2731 0.161507 
2732 -0.166442 
2733 0.171446 
2734 -0.176518 
2735 0.181654 
2736 -0.186853 
2737 0.192110 
2738 -0.197425 
2739 0.202792 
2740 -0.208209 
2741 0.213673 
2742 -0.219179 
2743 0.224724 
2744 -0.230303 
2745 0.235911 
2746 -0.241544 
2747 0.247197 
2748 -0.252865 
2749 0.258542 
2750 -0.264222 
2751 0.269899 
2752 -0.275567 
2753 0.281219 
2754 -0.286848 
2755 0.292447 
2756 -0.298009 
2757 0.303525 
2758 -0.308988 
2759 0.314389 
2760 -0.319719 
2761 0.324970 
2762 -0.330131 
2763 0.335194 
2764 -0.340148 
2765 0.344983 
2766 -0.349688 
2767 0.354252 
2768 -0.358664 
2769 0.362913 
2770 -0.366986 
2771 0.370870 
2772 -0.374554 
2773 0.378025 
2774 -0.381269 
2775 0.384272 
2776 -0.387021 
2777 0.389502 
2778 -0.391699 
2779 0.393599 
2780 -0.395186 
2781 0.396445 
2782 -0.397360 
2783 0.397916 
2784 -0.398095 
2785 0.397882 
2786 -0.397261 
2787 0.396213 
2788 -0.394723 
2789 0.392772 
2790 -0.390344 
2791 0.387420 
2792 -0.383983 
2793 0.380015 
2794 -0.375497 
2795 0.370412 
2796 -0.364741 
2797 0.358466 
2798 -0.351568 
2799 0.344029 
2800 -0.335831 
2801 0.326953 
2802 -0.317380 
2803 0.307091 
2804 -0.296068 
2805 0.284293 
2806 -0.271748 
2807 0.258415 
2808 -0.244276 
2809 0.229313 
2810 -0.213509 
2811 0.196846 
2812 -0.179307 
2813 0.160876 
2814 -0.141537 
2815 0.121272 
2816 -0.100068 
2817 0.077907 
2818 -0.054776 
2819 0.030661 
2820 -0.005546 
2821 -0.020581 
2822 0.047732 
2823 -0.075921 
2824 0.105159 
2825 -0.135456 
2826 0.166824 
2827 -0.199271 
2828 0.232807 
2829 -0.267441 
2830 0.303178 
2831 -0.340026 
2832 0.377991 
2833 -0.417078 
2834 0.457289 
2835 -0.498630 
2836 0.541101 
2837 -0.584704 
2838 0.629438 
2839 -0.675304 
2840 0.722299 
2841 -0.770419 
2842 0.819661 
2843 -0.870020 
2844 0.921489 
2845 -0.974060 
2846 1.027725 
2847 -1.082473 
2848 1.138293 
2849 -1.195173 
2850 1.253098 
2851 -1.312054 
2852 1.372023 
2853 -1.432988 
2854 1.494930 
2855 -1.557827 
2856 1.621658 
2857 -1.686399 
2858 1.752025 
2859 -1.818510 
2860 1.885825 
2861 -1.953942 
2862 2.022829 
2863 -2.092453 
2864 2.162781 
2865 -2.233777 
2866 2.305404 
2867 -2.377623 
2868 2.450394 
2869 -2.523675 
2870 2.597423 
2871 -2.671592 
2872 2.746136 
2873 -2.821006 
2874 2.896153 
2875 -2.971524 
2876 3.047068 
2877 -3.122728 
2878 3.198450 
2879 -3.274174 
2880 3.349840 
2881 -3.425389 
2882 3.500757 
2883 -3.575880 
2884 3.650691 
2885 -3.725123 
2886 3.799108 
2887 -3.872574 
2888 3.945449 
2889 -4.017661 
2890 4.089133 
2891 -4.159789 
2892 4.229552 
2893 -4.298342 
2894 4.366078 
2895 -4.432679 
2896 4.498061 
2897 -4.562139 
2898 4.624828 
2899 -4.686042 
2900 4.745692 
2901 -4.803689 
2902 4.859942 
2903 -4.914363 
2904 4.966857 
2905 -5.017333 
2906 5.065697 
2907 -5.111856 
2908 5.155713 
2909 -5.197176 
2910 5.236146 
2911 -5.272529 
2912 5.306228 
2913 -5.337146 
2914 5.365188 
2915 -5.390255 
2916 5.412252 
2917 -5.431082 
2918 5.446650 
2919 -5.458858 
2920 5.467613 
2921 -5.472820 
2922 5.474384 
2923 -5.472214 
2924 5.466216 
2925 -5.456300 
2926 5.442377 
2927 -5.424359 
2928 5.402157 
2929 -5.375688 
2930 5.344868 
2931 -5.309615 
2932 5.269851 
2933 -5.225497 
2934 5.176478 
2935 -5.122723 
2936 5.064160 
2937 -5.000723 
2938 4.932347 
2939 -4.858971 
2940 4.780536 
2941 -4.696987 
2942 4.608272 
2943 -4.514344 
2944 4.415156 
2945 -4.310670 
2946 4.200847 
2947 -4.085654 
2948 3.965063 
2949 -3.839050 
2950 3.707593 
2951 -3.570677 
2952 3.428292 
2953 -3.280429 
2954 3.127088 
2955 -2.968271 
2956 2.803987 
2957 -2.634248 
2958 2.459073 
2959 -2.278484 
2960 2.092510 
2961 -1.901184 
2962 1.704546 
2963 -1.502639 
2964 1.295513 
2965 -1.083223 
2966 0.865829 
2967 -0.643398 
2968 0.416000 
2969 -0.183712 
2970 -0.053384 
2971 0.295200 
2972 -0.541644 
2973 0.792618 
2974 -1.048017 
2975 1.307734 
2976 -1.571654 
2977 1.839659 
2978 -2.111624 
2979 2.387421 
2980 -2.666915 
2981 2.949968 
2982 -3.236436 
2983 3.526172 
2984 -3.819023 
2985 4.114833 
2986 -4.413439 
2987 4.714678 
2988 -5.018379 
2989 5.324371 
2990 -5.632476 
2991 5.942514 
2992 -6.254302 
2993 6.567653 
2994 -6.882378 
2995 7.198284 
2996 -7.515175 
2997 7.832855 
2998 -8.151122 
2999 8.469775 
3000 -8.788609 
3001 9.107419 
3002 -9.425997 
3003 9.744133 
3004 -10.061619 
3005 10.378243 
3006 -10.693792 
3007 11.008055 
3008 -11.320819 
3009 11.631870 
3010 -11.940994 
3011 12.247980 
3012 -12.552615 
3013 12.854686 
3014 -13.153982 
3015 13.450293 
3016 -13.743409 
3017 14.033123 
3018 -14.319228 
3019 14.601519 
3020 -14.879794 
3021 15.153852 
3022 -15.423494 
3023 15.688523 
3024 -15.948748 
3025 16.203975 
3026 -16.454019 
3027 16.698693 
3028 -16.937815 
3029 17.171209 
3030 -17.398698 
3031 17.620112 
3032 -17.835284 
3033 18.044050 
3034 -18.246251 
3035 18.441732 
3036 -18.630342 
3037 18.811936 
3038 -18.986372 
3039 19.153514 
3040 -19.313229 
3041 19.465391 
3042 -19.609878 
3043 19.746574 
3044 -19.875367 
3045 19.996152 
3046 -20.108829 
3047 20.213303 
3048 -20.309485 
3049 20.397291 
3050 -20.476646 
3051 20.547477 
3052 -20.609719 
3053 20.663314 
3054 -20.708207 
3055 20.744354 
3056 -20.771712 
3057 20.790249 
3058 -20.799937 
3059 20.800754 
3060 -20.792686 
3061 20.775726 
3062 -20.749871 
3063 20.715127 
3064 -20.671506 
3065 20.619027 
3066 -20.557714 
3067 20.487600 
3068 -20.408725 
3069 20.321132 
3070 -20.224875 
3071 20.120013 
3072 -20.006611 
3073 19.884742 
3074 -19.754485 
3075 19.615925 
3076 -19.469156 
3077 19.314275 
3078 -19.151389 
3079 18.980610 
3080 -18.802055 
3081 18.615849 
3082 -18.422124 
3083 18.221016 
3084 -18.012669 
3085 17.797231 
3086 -17.574857 
3087 17.345709 
3088 -17.109953 
3089 16.867760 
3090 -16.619308 
3091 16.364779 
3092 -16.104361 
3093 15.838246 
3094 -15.566632 
3095 15.289720 
3096 -15.007717 
3097 14.720832 
3098 -14.429282 
3099 14.133283 
3100 -13.833059 
3101 13.528834 
3102 -13.220836 
3103 12.909299 
3104 -12.594455 
3105 12.276543 
3106 -11.955800 
3107 11.632469 
3108 -11.306793 
3109 10.979015 
3110 -10.649383 
3111 10.318144 
3112 -9.985545 
3113 9.651835 
3114 -9.317263 
3115 8.982077 
3116 -8.646527 
3117 8.310860 
3118 -7.975325 
3119 7.640168 
3120 -7.305633 
3121 6.971967 
3122 -6.639409 
3123 6.308202 
3124 -5.978582 
3125 5.650787 
3126 -5.325048 
3127 5.001595 
3128 -4.680657 
3129 4.362457 
3130 -4.047215 
3131 3.735147 
3132 -3.426467 
3133 3.121382 
3134 -2.820097 
3135 2.522812 
3136 -2.229722 
3137 1.941017 
3138 -1.656883 
3139 1.377500 
3140 -1.103044 
3141 0.833683 
3142 -0.569584 
3143 0.310905 
3144 -0.057800 
3145 -0.189584 
3146 0.431105 
3147 -0.666625 
3148 0.896016 
3149 -1.119151 
3150 1.335912 
3151 -1.546186 
3152 1.749867 
3153 -1.946853 
3154 2.137049 
3155 -2.320366 
3156 2.496720 
3157 -2.666033 
3158 2.828235 
3159 -2.983258 
3160 3.131042 
3161 -3.271532 
3162 3.404679 
3163 -3.530438 
3164 3.648772 
3165 -3.759646 
3166 3.863032 
3167 -3.958908 
3168 4.047254 
3169 -4.128057 
3170 4.201308 
3171 -4.267003 
3172 4.325143 
3173 -4.375731 
3174 4.418777 
3175 -4.454294 
3176 4.482298 
3177 -4.502811 
3178 4.515857 
3179 -4.521463 
3180 4.519662 
3181 -4.510488 
3182 4.493980 
3183 -4.470179 
3184 4.439130 
3185 -4.400879 
3186 4.355477 
3187 -4.302976 
3188 4.243432 
3189 -4.176904 
3190 4.103450 
3191 -4.023134 
3192 3.936021 
3193 -3.842177 
3194 3.741673 
3195 -3.634579 
3196 3.520968 
3197 -3.400915 
3198 3.274498 
3199 -3.141795 
3200 3.002888 
3201 -2.857857 
3202 2.706788 
3203 -2.549765 
3204 2.386877 
3205 -2.218213 
3206 2.043863 
3207 -1.863919 
3208 1.678475 
3209 -1.487628 
3210 1.291474 
3211 -1.090112 
3212 0.883642 
3213 -0.672167 
3214 0.455791 
3215 -0.234618 
3216 0.008757 
3217 0.221685 
3218 -0.456596 
3219 0.695863 
3220 -0.939373 
3221 1.187010 
3222 -1.438656 
3223 1.694191 
3224 -1.953494 
3225 2.216441 
3226 -2.482906 
3227 2.752764 
3228 -3.025883 
3229 3.302134 
3230 -3.581383 
3231 3.863495 
3232 -4.148333 
3233 4.435758 
3234 -4.725629 
3235 5.017803 
3236 -5.312136 
3237 5.608479 
3238 -5.906685 
3239 6.206603 
3240 -6.508081 
3241 6.810963 
3242 -7.115095 
3243 7.420317 
3244 -7.726471 
3245 8.033396 
3246 -8.340927 
3247 8.648901 
3248 -8.957153 
3249 9.265514 
3250 -9.573816 
3251 9.881888 
3252 -10.189561 
3253 10.496661 
3254 -10.803016 
3255 11.108450 
3256 -11.412790 
3257 11.715859 
3258 -12.017481 
3259 12.317479 
3260 -12.615676 
3261 12.911894 
3262 -13.205956 
3263 13.497683 
3264 -13.786898 
3265 14.073424 
3266 -14.357082 
3267 14.637697 
3268 -14.915091 
3269 15.189090 
3270 -15.459518 
3271 15.726203 
3272 -15.988970 
3273 16.247648 
3274 -16.502068 
3275 16.752061 
3276 -16.997459 
3277 17.238097 
3278 -17.473811 
3279 17.704441 
3280 -17.929826 
3281 18.149810 
3282 -18.364238 
3283 18.572958 
3284 -18.775820 
3285 18.972677 
3286 -19.163386 
3287 19.347805 
3288 -19.525798 
3289 19.697228 
3290 -19.861966 
3291 20.019883 
3292 -20.170856 
3293 20.314763 
3294 -20.451490 
3295 20.580922 
3296 -20.702951 
3297 20.817473 
3298 -20.924388 
3299 21.023599 
3300 -21.115015 
3301 21.198549 
3302 -21.274119 
3303 21.341647 
3304 -21.401059 
3305 21.452289 
3306 -21.495272 
3307 21.529950 
3308 -21.556271 
3309 21.574187 
3310 -21.583654 
3311 21.584637 
3312 -21.577101 
3313 21.561022 
3314 -21.536378 
3315 21.503153 
3316 -21.461338 
3317 21.410928 
3318 -21.351925 
3319 21.284336 
3320 -21.208173 
3321 21.123455 
3322 -21.030208 
3323 20.928460 
3324 -20.818249 
3325 20.699617 
3326 -20.572611 
3327 20.437286 
3328 -20.293701 
3329 20.141923 
3330 -19.982023 
3331 19.814079 
3332 -19.638173 
3333 19.454397 
3334 -19.262844 
3335 19.063617 
3336 -18.856821 
3337 18.642569 
3338 -18.420980 
3339 18.192178 
3340 -17.956291 
3341 17.713455 
3342 -17.463810 
3343 17.207501 
3344 -16.944680 
3345 16.675503 
3346 -16.400130 
3347 16.118727 
3348 -15.831465 
3349 15.538521 
3350 -15.240073 
3351 14.936306 
3352 -14.627409 
3353 14.313575 
3354 -13.995001 
3355 13.671887 
3356 -13.344438 
3357 13.012861 
3358 -12.677367 
3359 12.338171 
3360 -11.995489 
3361 11.649542 
3362 -11.300551 
3363 10.948742 
3364 -10.594340 
3365 10.237574 
3366 -9.878675 
3367 9.517873 
3368 -9.155402 
3369 8.791495 
3370 -8.426386 
3371 8.060311 
3372 -7.693504 
3373 7.326201 
3374 -6.958636 
3375 6.591044 
3376 -6.223659 
3377 5.856712 
3378 -5.490436 
3379 5.125061 
3380 -4.760814 
3381 4.397923 
3382 -4.036611 
3383 3.677100 
3384 -3.319610 
3385 2.964357 
3386 -2.611553 
3387 2.261410 
3388 -1.914132 
3389 1.569924 
3390 -1.228984 
3391 0.891507 
3392 -0.557682 
3393 0.227697 
3394 0.098268 
3395 -0.420037 
3396 0.737438 
3397 -1.050304 
3398 1.358475 
3399 -1.661795 
3400 1.960114 
3401 -2.253288 
3402 2.541177 
3403 -2.823651 
3404 3.100581 
3405 -3.371847 
3406 3.637334 
3407 -3.896935 
3408 4.150546 
3409 -4.398073 
3410 4.639426 
3411 -4.874521 
3412 5.103283 
3413 -5.325640 
3414 5.541528 
3415 -5.750890 
3416 5.953675 
3417 -6.149837 
3418 6.339339 
3419 -6.522146 
3420 6.698234 
3421 -6.867582 
3422 7.030176 
3423 -7.186007 
3424 7.335074 
3425 -7.477379 
3426 7.612933 
3427 -7.741750 
3428 7.863850 
3429 -7.979259 
3430 8.088009 
3431 -8.190134 
3432 8.285676 
3433 -8.374682 
3434 8.457201 
3435 -8.533290 
3436 8.603007 
3437 -8.666417 
3438 8.723587 
3439 -8.774591 
3440 8.819505 
3441 -8.858407 
3442 8.891381 
3443 -8.918513 
3444 8.939894 
3445 -8.955617 
3446 8.965777 
3447 -8.970472 
3448 8.969805 
3449 -8.963878 
3450 8.952797 
3451 -8.936671 
3452 8.915609 
3453 -8.889723 
3454 8.859126 
3455 -8.823934 
3456 8.784263 
3457 -8.740230 
3458 8.691955 
3459 -8.639556 
3460 8.583155 
3461 -8.522873 
3462 8.458830 
3463 -8.391151 
3464 8.319957 
3465 -8.245370 
3466 8.167515 
3467 -8.086513 
3468 8.002488 
3469 -7.915561 
3470 7.825856 
3471 -7.733494 
3472 7.638595 
3473 -7.541282 
3474 7.441672 
3475 -7.339887 
3476 7.236043 
3477 -7.130258 
3478 7.022648 
3479 -6.913328 
3480 6.802413 
3481 -6.690015 
3482 6.576245 
3483 -6.461214 
3484 6.345029 
3485 -6.227799 
3486 6.109628 
3487 -5.990621 
3488 5.870880 
3489 -5.750506 
3490 5.629598 
3491 -5.508252 
3492 5.386566 
3493 -5.264631 
3494 5.142540 
3495 -5.020383 
3496 4.898248 
3497 -4.776220 
3498 4.654383 
3499 -4.532820 
3500 4.411611 
3501 -4.290833 
3502 4.170562 
3503 -4.050873 
3504 3.931836 
3505 -3.813522 
3506 3.695997 
3507 -3.579327 
3508 3.463576 
3509 -3.348804 
3510 3.235070 
3511 -3.122431 
3512 3.010942 
3513 -2.900655 
3514 2.791620 
3515 -2.683885 
3516 2.577497 
3517 -2.472500 
3518 2.368934 
3519 -2.266840 
3520 2.166255 
3521 -2.067214 
3522 1.969751 
3523 -1.873897 
3524 1.779680 
3525 -1.687129 
3526 1.596269 
3527 -1.507121 
3528 1.419708 
3529 -1.334048 
3530 1.250159 
3531 -1.168056 
3532 1.087752 
3533 -1.009258 
3534 0.932586 
3535 -0.857741 
3536 0.784731 
3537 -0.713560 
3538 0.644230 
3539 -0.576743 
3540 0.511098 
3541 -0.447293 
3542 0.385324 
3543 -0.325185 
3544 0.266871 
3545 -0.210372 
3546 0.155679 
3547 -0.102782 
3548 0.051668 
3549 -0.002323 
3550 -0.045267 
3551 0.091118 
3552 -0.135248 
3553 0.177673 
3554 -0.218414 
3555 0.257490 
3556 -0.294923 
3557 0.330735 
3558 -0.364949 
3559 0.397587 
3560 -0.428675 
3561 0.458238 
3562 -0.486302 
3563 0.512893 
3564 -0.538037 
3565 0.561764 
3566 -0.584100 
3567 0.605074 
3568 -0.624716 
3569 0.643054 
3570 -0.660117 
3571 0.675937 
3572 -0.690542 
3573 0.703963 
3574 -0.716231 
3575 0.727377 
3576 -0.737429 
3577 0.746421 
3578 -0.754381 
3579 0.761341 
3580 -0.767331 
3581 0.772383 
3582 -0.776525 
3583 0.779789 
3584 -0.782204 
3585 0.783800 
3586 -0.784607 
3587 0.784655 
3588 -0.783971 
3589 0.782586 
3590 -0.780526 
3591 0.777821 
3592 -0.774498 
3593 0.770584 
3594 -0.766106 
3595 0.761090 
3596 -0.755563 
3597 0.749551 
3598 -0.743077 
3599 0.736166 
3600 -0.728844 
3601 0.721133 
3602 -0.713056 
3603 0.704637 
3604 -0.695896 
3605 0.686857 
3606 -0.677539 
3607 0.667963 
3608 -0.658149 
3609 0.648117 
3610 -0.637885 
3611 0.627471 
3612 -0.616894 
3613 0.606171 
3614 -0.595319 
3615 0.584352 
3616 -0.573288 
3617 0.562142 
3618 -0.550927 
3619 0.539658 
3620 -0.528349 
3621 0.517012 
3622 -0.505661 
3623 0.494306 
3624 -0.482961 
3625 0.471635 
3626 -0.460340 
3627 0.449085 
3628 -0.437880 
3629 0.426735 
3630 -0.415658 
3631 0.404658 
3632 -0.393743 
3633 0.382919 
3634 -0.372195 
3635 0.361576 
3636 -0.351070 
3637 0.340681 
3638 -0.330417 
3639 0.320281 
3640 -0.310279 
3641 0.300416 
3642 -0.290695 
3643 0.281120 
3644 -0.271695 
3645 0.262424 
3646 -0.253308 
3647 0.244351 
3648 -0.235555 
3649 0.226922 
3650 -0.218455 
3651 0.210154 
3652 -0.202021 
3653 0.194057 
3654 -0.186263 
3655 0.178640 
3656 -0.171188 
3657 0.163908 
3658 -0.156799 
3659 0.149862 
3660 -0.143095 
3661 0.136500 
3662 -0.130074 
3663 0.123818 
3664 -0.117730 
3665 0.111809 
3666 -0.106054 
3667 0.100464 
3668 -0.095038 
3669 0.089773 
3670 -0.084668 
3671 0.079721 
3672 -0.074931 
3673 0.070295 
3674 -0.065812 
3675 0.061479 
3676 -0.057294 
3677 0.053255 
3678 -0.049359 
3679 0.045604 
3680 -0.041988 
3681 0.038508 
3682 -0.035162 
3683 0.031947 
3684 -0.028860 
3685 0.025899 
3686 -0.023061 
3687 0.020344 
3688 -0.017744 
3689 0.015260 
3690 -0.012888 
3691 0.010625 
3692 -0.008469 
3693 0.006417 
3694 -0.004467 
3695 0.002616 
3696 -0.000860 
3697 -0.000802 
3698 0.002374 
3699 -0.003858 
3700 0.005257 
3701 -0.006573 
3702 0.007809 
3703 -0.008968 
3704 0.010052 
3705 -0.011063 
3706 0.012005 
3707 -0.012879 
3708 0.013688 
3709 -0.014434 
3710 0.015121 
3711 -0.015749 
3712 0.016321 
3713 -0.016840 
3714 0.017308 
3715 -0.017727 
3716 0.018098 
3717 -0.018425 
3718 0.018708 
3719 -0.018951 
3720 0.019154 
3721 -0.019320 
3722 0.019450 
3723 -0.019547 
3724 0.019612 
3725 -0.019646 
3726 0.019652 
3727 -0.019630 
3728 0.019584 
3729 -0.019512 
3730 0.019419 
3731 -0.019304 
3732 0.019169 
3733 -0.019016 
3734 0.018845 
3735 -0.018658 
3736 0.018456 
3737 -0.018241 
3738 0.018012 
3739 -0.017772 
3740 0.017521 
3741 -0.017261 
3742 0.016992 
3743 -0.016715 
3744 0.016430 
3745 -0.016140 
3746 0.015844 
3747 -0.015543 
3748 0.015238 
3749 -0.014930 
3750 0.014619 
3751 -0.014306 
3752 0.013991 
3753 -0.013675 
3754 0.013359 
3755 -0.013043 
3756 0.012727 
3757 -0.012412 
3758 0.012098 
3759 -0.011786 
3760 0.011475 
3761 -0.011168 
3762 0.010862 
3763 -0.010560 
3764 0.010261 
3765 -0.009965 
3766 0.009673 
3767 -0.009384 
3768 0.009100 
3769 -0.008820 
3770 0.008544 
3771 -0.008273 
3772 0.008006 
3773 -0.007744 
3774 0.007487 
3775 -0.007235 
3776 0.006987 
3777 -0.006745 
3778 0.006508 
3779 -0.006276 
3780 0.006049 
3781 -0.005828 
3782 0.005611 
3783 -0.005400 
3784 0.005194 
3785 -0.004993 
3786 0.004797 
3787 -0.004607 
3788 0.004421 
3789 -0.004241 
3790 0.004065 
3791 -0.003895 
3792 0.003729 
3793 -0.003569 
3794 0.003413 
3795 -0.003262 
3796 0.003115 
3797 -0.002974 
3798 0.002836 
3799 -0.002703 
3800 0.002575 
3801 -0.002451 
3802 0.002331 
3803 -0.002215 
3804 0.002103 
3805 -0.001996 
3806 0.001892 
3807 -0.001792 
3808 0.001695 
3809 -0.001603 
3810 0.001513 
3811 -0.001428 
3812 0.001345 
3813 -0.001266 
3814 0.001190 
3815 -0.001118 
3816 0.001048 
3817 -0.000981 
3818 0.000917 
3819 -0.000856 
3820 0.000798 
3821 -0.000742 
3822 0.000689 
3823 -0.000638 
3824 0.000589 
3825 -0.000543 
3826 0.000499 
3827 -0.000457 
3828 0.000418 
3829 -0.000380 
3830 0.000344 
3831 -0.000311 
3832 0.000278 
3833 -0.000248 
3834 0.000220 
3835 -0.000192 
3836 0.000167 
3837 -0.000143 
3838 0.000120 
3839 -0.000099 
3840 0.000079 
3841 -0.000061 
3842 0.000043 
3843 -0.000027 
3844 0.000012 
3845 0.000002 
3846 -0.000016 
3847 0.000028 
3848 -0.000039 
3849 0.000049 
3850 -0.000059 
3851 0.000068 
3852 -0.000076 
3853 0.000083 
3854 -0.000090 
3855 0.000095 
3856 -0.000101 
3857 0.000106 
3858 -0.000110 
3859 0.000114 
3860 -0.000117 
3861 0.000120 
3862 -0.000122 
3863 0.000124 
3864 -0.000125 
3865 0.000127 
3866 -0.000128 
3867 0.000128 
3868 -0.000128 
3869 0.000128 
3870 -0.000128 
3871 0.000128 
3872 -0.000127 
3873 0.000126 
3874 -0.000125 
3875 0.000124 
3876 -0.000123 
3877 0.000121 
3878 -0.000119 
3879 0.000118 
3880 -0.000116 
3881 0.000114 
3882 -0.000112 
3883 0.000110 
3884 -0.000108 
3885 0.000105 
3886 -0.000103 
3887 0.000101 
3888 -0.000099 
3889 0.000096 
3890 -0.000094 
3891 0.000092 
3892 -0.000089 
3893 0.000087 
3894 -0.000085 
3895 0.000082 
3896 -0.000080 
3897 0.000078 
3898 -0.000075 
3899 0.000073 
3900 -0.000071 
3901 0.000069 
3902 -0.000066 
3903 0.000064 
3904 -0.000062 
3905 0.000060 
3906 -0.000058 
3907 0.000056 
3908 -0.000054 
3909 0.000052 
3910 -0.000050 
3911 0.000049 
3912 -0.000047 
3913 0.000045 
3914 -0.000043 
3915 0.000042 
3916 -0.000040 
3917 0.000038 
3918 -0.000037 
3919 0.000035 
3920 -0.000034 
3921 0.000033 
3922 -0.000031 
3923 0.000030 
3924 -0.000029 
3925 0.000027 
3926 -0.000026 
3927 0.000025 
3928 -0.000024 
3929 0.000023 
3930 -0.000022 
3931 0.000021 
3932 -0.000020 
3933 0.000019 
3934 -0.000018 
3935 0.000017 
3936 -0.000016 
3937 0.000015 
3938 -0.000015 
3939 0.000014 
3940 -0.000013 
3941 0.000013 
3942 -0.000012 
3943 0.000011 
3944 -0.000011 
3945 0.000010 
3946 -0.000010 
3947 0.000009 
3948 -0.000009 
3949 0.000008 
3950 -0.000008 
3951 0.000007 
3952 -0.000007 
3953 0.000006 
3954 -0.000006 
3955 0.000006 
3956 -0.000005 
3957 0.000005 
3958 -0.000005 
3959 0.000004 
3960 -0.000004 
3961 0.000004 
3962 -0.000004 
3963 0.000003 
3964 -0.000003 
3965 0.000003 
3966 -0.000003 
3967 0.000002 
3968 -0.000002 
3969 0.000002 
3970 -0.000002 
3971 0.000002 
3972 -0.000002 
3973 0.000001 
3974 -0.000001 
3975 0.000001 
3976 -0.000001 
3977 0.000001 
3978 -0.000001 
3979 0.000001 
3980 -0.000001 
3981 0.000001 
3982 -0.000001 
3983 0.000000 
3984 -0.000000 
3985 0.000000 
3986 -0.000000 
3987 0.000000 
3988 -0.000000 
3989 0.000000 
3990 -0.000000 
3991 0.000000 
3992 -0.000000 
3993 0.000000 
3994 0.000000 
3995 -0.000000 
3996 0.000000 
3997 -0.000000 
3998 0.000000 
3999 -0.000000 
4000 0.000000 
