0 0.000000 
1 -0.000000 
2 0.000000 
3 -0.000000 
4 0.000000 
5 -0.000000 
6 0.000000 
7 -0.000000 
8 0.000000 
9 -0.000000 
10 0.000000 
11 -0.000000 
12 0.000000 
13 -0.000000 
14 0.000000 
15 -0.000000 
16 0.000000 
17 -0.000000 
18 0.000000 
19 -0.000000 
20 0.000000 
21 -0.000000 
22 0.000000 
23 -0.000000 
24 0.000000 
25 -0.000000 
26 0.000000 
27 -0.000000 
28 0.000000 
29 -0.000000 
30 0.000000 
31 -0.000000 
32 0.000000 
33 -0.000000 
34 0.000000 
35 -0.000000 
36 0.000000 
37 -0.000000 
38 0.000000 
39 -0.000000 
40 0.000000 
41 -0.000000 
42 0.000000 
43 -0.000000 
44 0.000000 
45 -0.000000 
46 0.000000 
47 -0.000000 
48 0.000000 
49 -0.000000 
50 0.000000 
51 -0.000000 
52 0.000000 
53 -0.000000 
54 0.000000 
55 -0.000000 
56 0.000000 
57 -0.000000 
58 0.000000 
59 -0.000000 
60 0.000000 
61 -0.000000 
62 0.000000 
63 -0.000000 
64 0.000000 
65 -0.000000 
66 0.000000 
67 -0.000000 
68 0.000000 
69 -0.000000 
70 0.000000 
71 -0.000000 
72 0.000000 
73 -0.000000 
74 0.000000 
75 -0.000000 
76 0.000000 
77 -0.000000 
78 0.000000 
79 -0.000000 
80 0.000000 
81 -0.000000 
82 0.000000 
83 -0.000000 
84 0.000000 
85 -0.000000 
86 0.000000 
87 -0.000000 
88 0.000000 
89 -0.000000 
90 0.000000 
91 -0.000000 
92 0.000000 
93 -0.000000 
94 0.000000 
95 -0.000000 
96 0.000000 
97 -0.000000 
98 0.000000 
99 -0.000000 
100 0.000000 
101 -0.000000 
102 0.000000 
103 -0.000000 
104 0.000000 
105 -0.000000 
106 0.000000 
107 -0.000000 
108 0.000000 
109 -0.000000 
110 0.000000 
111 -0.000000 
112 0.000000 
113 -0.000000 
114 0.000000 
115 -0.000000 
116 0.000000 
117 -0.000000 
118 0.000000 
119 -0.000000 
120 0.000000 
121 -0.000000 
122 0.000000 
123 -0.000000 
124 0.000000 
125 -0.000000 
126 0.000000 
127 -0.000000 
128 0.000000 
129 -0.000000 
130 0.000000 
131 -0.000000 
132 0.000000 
133 -0.000000 
134 0.000000 
135 -0.000000 
136 0.000000 
137 -0.000000 
138 0.000000 
139 -0.000000 
140 0.000000 
141 -0.000000 
142 0.000000 
143 -0.000000 
144 0.000000 
145 -0.000000 
146 0.000000 
147 -0.000000 
148 0.000000 
149 -0.000000 
150 0.000000 
151 -0.000000 
152 0.000000 
153 -0.000000 
154 0.000000 
155 -0.000000 
156 0.000000 
157 -0.000000 
158 0.000000 
159 -0.000000 
160 0.000000 
161 -0.000000 
162 0.000000 
163 -0.000000 
164 0.000000 
165 -0.000000 
166 0.000000 
167 -0.000000 
168 0.000000 
169 -0.000000 
170 0.000000 
171 -0.000000 
172 0.000000 
173 -0.000000 
174 0.000000 
175 -0.000000 
176 0.000000 
177 -0.000000 
178 0.000000 
179 -0.000000 
180 0.000000 
181 -0.000000 
182 0.000000 
183 -0.000000 
184 0.000000 
185 -0.000000 
186 0.000000 
187 -0.000000 
188 0.000000 
189 -0.000000 
190 0.000000 
191 -0.000000 
192 0.000000 
193 -0.000000 
194 0.000000 
195 -0.000000 
196 0.000000 
197 -0.000000 
198 0.000000 
199 -0.000000 
200 0.000000 
201 -0.000000 
202 0.000000 
203 -0.000000 
204 0.000000 
205 -0.000000 
206 0.000000 
207 -0.000000 
208 0.000000 
209 -0.000000 
210 0.000000 
211 -0.000000 
212 0.000000 
213 -0.000000 
214 0.000000 
215 -0.000000 
216 0.000000 
217 -0.000000 
218 0.000000 
219 -0.000000 
220 0.000000 
221 -0.000000 
222 0.000000 
223 -0.000000 
224 0.000000 
225 -0.000000 
226 0.000000 
227 -0.000000 
228 0.000000 
229 -0.000000 
230 0.000000 
231 -0.000000 
232 0.000000 
233 -0.000000 
234 0.000000 
235 -0.000000 
236 0.000000 
237 0.000000 
238 -0.000000 
239 0.000000 
240 -0.000000 
241 0.000000 
242 -0.000000 
243 0.000000 
244 -0.000000 
245 0.000000 
246 -0.000000 
247 0.000000 
248 -0.000000 
249 0.000000 
250 -0.000000 
251 0.000000 
252 -0.000000 
253 0.000000 
254 -0.000000 
255 0.000000 
256 -0.000000 
257 0.000000 
258 -0.000000 
259 0.000000 
260 -0.000000 
261 0.000000 
262 -0.000000 
263 0.000000 
264 -0.000000 
265 0.000000 
266 -0.000000 
267 0.000000 
268 -0.000000 
269 0.000000 
270 -0.000000 
271 0.000000 
272 -0.000000 
273 0.000000 
274 -0.000000 
275 0.000000 
276 -0.000000 
277 0.000000 
278 -0.000000 
279 0.000000 
280 -0.000000 
281 0.000000 
282 -0.000000 
283 0.000000 
284 -0.000000 
285 0.000000 
286 -0.000000 
287 0.000000 
288 -0.000000 
289 0.000000 
290 -0.000000 
291 0.000000 
292 -0.000000 
293 0.000000 
294 -0.000000 
295 0.000000 
296 -0.000000 
297 0.000000 
298 -0.000000 
299 0.000000 
300 -0.000000 
301 0.000000 
302 -0.000000 
303 0.000000 
304 -0.000000 
305 0.000000 
306 -0.000000 
307 0.000000 
308 -0.000000 
309 0.000000 
310 -0.000000 
311 0.000000 
312 -0.000000 
313 0.000000 
314 -0.000000 
315 0.000000 
316 -0.000000 
317 0.000000 
318 -0.000000 
319 0.000000 
320 -0.000000 
321 0.000000 
322 -0.000000 
323 0.000000 
324 -0.000000 
325 0.000000 
326 -0.000000 
327 0.000000 
328 -0.000000 
329 0.000000 
330 -0.000000 
331 0.000000 
332 -0.000000 
333 0.000000 
334 -0.000000 
335 0.000000 
336 -0.000000 
337 0.000000 
338 -0.000000 
339 0.000000 
340 -0.000000 
341 0.000000 
342 -0.000000 
343 0.000000 
344 -0.000000 
345 0.000000 
346 -0.000000 
347 0.000000 
348 -0.000000 
349 0.000000 
350 -0.000000 
351 0.000000 
352 -0.000000 
353 0.000000 
354 -0.000000 
355 0.000000 
356 -0.000000 
357 0.000000 
358 -0.000000 
359 0.000000 
360 -0.000000 
361 0.000000 
362 -0.000000 
363 0.000000 
364 -0.000000 
365 0.000000 
366 -0.000000 
367 0.000000 
368 -0.000000 
369 0.000000 
370 -0.000000 
371 0.000000 
372 -0.000000 
373 0.000000 
374 -0.000000 
375 0.000000 
376 -0.000000 
377 0.000000 
378 -0.000000 
379 0.000000 
380 -0.000000 
381 0.000000 
382 -0.000000 
383 0.000000 
384 -0.000000 
385 0.000000 
386 -0.000000 
387 0.000000 
388 -0.000000 
389 0.000000 
390 -0.000000 
391 0.000000 
392 -0.000000 
393 0.000000 
394 -0.000000 
395 0.000000 
396 -0.000000 
397 0.000000 
398 -0.000000 
399 0.000000 
400 -0.000000 
401 0.000000 
402 -0.000000 
403 0.000000 
404 -0.000000 
405 0.000000 
406 -0.000000 
407 0.000000 
408 -0.000000 
409 0.000000 
410 -0.000000 
411 0.000000 
412 -0.000000 
413 0.000000 
414 -0.000000 
415 0.000000 
416 -0.000000 
417 0.000000 
418 -0.000000 
419 0.000000 
420 -0.000000 
421 0.000000 
422 -0.000000 
423 0.000000 
424 -0.000000 
425 0.000000 
426 -0.000000 
427 0.000000 
428 -0.000000 
429 0.000000 
430 -0.000000 
431 -0.000000 
432 0.000000 
433 -0.000000 
434 0.000000 
435 -0.000000 
436 0.000000 
437 -0.000000 
438 0.000000 
439 -0.000000 
440 0.000000 
441 -0.000000 
442 0.000000 
443 -0.000000 
444 0.000000 
445 -0.000000 
446 0.000000 
447 -0.000000 
448 0.000000 
449 -0.000000 
450 0.000000 
451 -0.000000 
452 0.000000 
453 -0.000000 
454 0.000000 
455 -0.000000 
456 0.000000 
457 -0.000000 
458 0.000000 
459 -0.000000 
460 0.000000 
461 -0.000000 
462 0.000000 
463 -0.000000 
464 0.000000 
465 -0.000000 
466 0.000000 
467 -0.000000 
468 0.000000 
469 -0.000000 
470 0.000000 
471 -0.000000 
472 0.000000 
473 -0.000000 
474 0.000000 
475 -0.000000 
476 0.000000 
477 -0.000000 
478 0.000000 
479 -0.000000 
480 0.000000 
481 -0.000000 
482 0.000000 
483 -0.000000 
484 0.000000 
485 -0.000000 
486 0.000000 
487 -0.000000 
488 0.000000 
489 -0.000000 
490 0.000000 
491 -0.000000 
492 0.000000 
493 -0.000000 
494 0.000000 
495 -0.000000 
496 0.000000 
497 -0.000000 
498 0.000000 
499 -0.000000 
500 0.000000 
501 -0.000000 
502 0.000000 
503 -0.000000 
504 0.000000 
505 -0.000000 
506 0.000000 
507 -0.000000 
508 0.000000 
509 -0.000000 
510 0.000000 
511 -0.000000 
512 0.000000 
513 -0.000000 
514 0.000000 
515 -0.000000 
516 0.000000 
517 -0.000000 
518 0.000000 
519 -0.000000 
520 0.000000 
521 0.000000 
522 -0.000000 
523 0.000000 
524 -0.000000 
525 0.000000 
526 -0.000000 
527 0.000000 
528 -0.000000 
529 0.000000 
530 -0.000000 
531 0.000000 
532 -0.000000 
533 0.000000 
534 -0.000000 
535 0.000000 
536 -0.000000 
537 0.000000 
538 -0.000000 
539 0.000000 
540 -0.000000 
541 0.000000 
542 -0.000000 
543 0.000000 
544 -0.000000 
545 0.000000 
546 -0.000000 
547 0.000000 
548 -0.000000 
549 0.000000 
550 -0.000000 
551 0.000000 
552 -0.000000 
553 0.000000 
554 -0.000000 
555 0.000000 
556 -0.000000 
557 0.000000 
558 -0.000000 
559 0.000000 
560 -0.000000 
561 0.000000 
562 -0.000000 
563 0.000000 
564 -0.000000 
565 0.000000 
566 -0.000000 
567 0.000000 
568 -0.000000 
569 0.000000 
570 -0.000000 
571 0.000000 
572 -0.000000 
573 0.000000 
574 -0.000000 
575 0.000000 
576 -0.000000 
577 0.000000 
578 -0.000000 
579 0.000000 
580 -0.000000 
581 0.000000 
582 -0.000000 
583 0.000000 
584 -0.000000 
585 0.000000 
586 -0.000000 
587 0.000000 
588 -0.000000 
589 0.000000 
590 -0.000000 
591 0.000000 
592 -0.000000 
593 0.000000 
594 -0.000000 
595 0.000000 
596 -0.000000 
597 0.000000 
598 -0.000000 
599 0.000000 
600 -0.000000 
601 0.000000 
602 -0.000000 
603 0.000000 
604 -0.000000 
605 0.000000 
606 -0.000000 
607 0.000000 
608 -0.000000 
609 0.000000 
610 -0.000000 
611 0.000000 
612 -0.000000 
613 0.000000 
614 -0.000000 
615 0.000000 
616 -0.000000 
617 0.000000 
618 -0.000000 
619 0.000000 
620 -0.000000 
621 0.000000 
622 -0.000000 
623 0.000000 
624 -0.000000 
625 0.000000 
626 -0.000000 
627 0.000000 
628 -0.000000 
629 0.000000 
630 -0.000000 
631 0.000000 
632 -0.000000 
633 0.000000 
634 -0.000000 
635 0.000000 
636 -0.000000 
637 0.000000 
638 -0.000000 
639 0.000000 
640 -0.000000 
641 0.000000 
642 -0.000000 
643 0.000000 
644 -0.000000 
645 0.000000 
646 -0.000000 
647 0.000000 
648 -0.000000 
649 0.000000 
650 -0.000000 
651 0.000000 
652 -0.000000 
653 0.000000 
654 -0.000000 
655 0.000000 
656 -0.000000 
657 0.000000 
658 -0.000000 
659 0.000000 
660 -0.000000 
661 0.000000 
662 -0.000000 
663 0.000000 
664 -0.000000 
665 0.000000 
666 -0.000000 
667 0.000000 
668 -0.000000 
669 0.000000 
670 -0.000000 
671 0.000000 
672 -0.000000 
673 0.000000 
674 -0.000000 
675 0.000000 
676 -0.000000 
677 0.000000 
678 -0.000000 
679 0.000000 
680 -0.000000 
681 0.000000 
682 -0.000000 
683 0.000000 
684 -0.000000 
685 0.000000 
686 -0.000000 
687 0.000000 
688 -0.000000 
689 0.000000 
690 -0.000000 
691 0.000000 
692 -0.000000 
693 0.000000 
694 -0.000000 
695 0.000000 
696 -0.000000 
697 0.000000 
698 -0.000000 
699 0.000000 
700 -0.000000 
701 0.000000 
702 -0.000000 
703 0.000000 
704 -0.000000 
705 0.000000 
706 -0.000000 
707 0.000000 
708 -0.000000 
709 0.000000 
710 -0.000000 
711 0.000000 
712 -0.000000 
713 0.000000 
714 -0.000000 
715 0.000000 
716 -0.000000 
717 0.000000 
718 -0.000000 
719 0.000000 
720 -0.000000 
721 0.000000 
722 -0.000000 
723 0.000000 
724 -0.000000 
725 0.000000 
726 -0.000000 
727 0.000000 
728 -0.000000 
729 0.000000 
730 -0.000000 
731 0.000000 
732 -0.000000 
733 0.000000 
734 -0.000000 
735 0.000000 
736 -0.000000 
737 0.000000 
738 -0.000000 
739 0.000000 
740 -0.000000 
741 0.000000 
742 -0.000000 
743 0.000000 
744 -0.000000 
745 0.000000 
746 -0.000000 
747 0.000000 
748 -0.000000 
749 0.000000 
750 -0.000000 
751 0.000000 
752 -0.000000 
753 0.000000 
754 -0.000000 
755 0.000000 
756 -0.000000 
757 0.000000 
758 -0.000000 
759 0.000000 
760 -0.000000 
761 0.000000 
762 -0.000000 
763 0.000000 
764 -0.000000 
765 0.000000 
766 -0.000000 
767 0.000000 
768 -0.000000 
769 0.000000 
770 -0.000000 
771 0.000000 
772 -0.000000 
773 0.000000 
774 -0.000000 
775 0.000000 
776 -0.000000 
777 0.000000 
778 -0.000000 
779 0.000000 
780 -0.000000 
781 0.000000 
782 -0.000000 
783 0.000000 
784 -0.000000 
785 0.000000 
786 -0.000000 
787 0.000000 
788 -0.000000 
789 0.000000 
790 -0.000000 
791 0.000000 
792 -0.000000 
793 0.000000 
794 -0.000000 
795 0.000000 
796 -0.000000 
797 0.000000 
798 -0.000000 
799 0.000000 
800 -0.000000 
801 0.000000 
802 -0.000000 
803 0.000000 
804 -0.000000 
805 0.000000 
806 -0.000000 
807 0.000000 
808 -0.000000 
809 0.000000 
810 -0.000000 
811 0.000000 
812 -0.000000 
813 0.000000 
814 -0.000000 
815 0.000000 
816 -0.000000 
817 0.000000 
818 -0.000000 
819 0.000000 
820 -0.000000 
821 0.000000 
822 -0.000000 
823 0.000000 
824 -0.000000 
825 0.000000 
826 -0.000000 
827 0.000000 
828 -0.000000 
829 0.000000 
830 -0.000000 
831 0.000000 
832 -0.000000 
833 0.000000 
834 -0.000000 
835 0.000000 
836 -0.000000 
837 0.000000 
838 -0.000000 
839 0.000000 
840 -0.000000 
841 0.000000 
842 -0.000000 
843 0.000000 
844 -0.000000 
845 0.000000 
846 -0.000000 
847 0.000000 
848 -0.000000 
849 0.000000 
850 -0.000000 
851 0.000000 
852 -0.000000 
853 0.000000 
854 -0.000000 
855 0.000000 
856 -0.000000 
857 0.000000 
858 -0.000000 
859 0.000000 
860 -0.000000 
861 0.000000 
862 -0.000000 
863 0.000000 
864 -0.000000 
865 0.000000 
866 -0.000000 
867 0.000000 
868 -0.000000 
869 0.000000 
870 -0.000000 
871 0.000000 
872 -0.000000 
873 0.000000 
874 -0.000000 
875 0.000000 
876 -0.000000 
877 0.000000 
878 -0.000000 
879 0.000000 
880 -0.000000 
881 0.000000 
882 -0.000000 
883 0.000000 
884 -0.000000 
885 0.000000 
886 -0.000000 
887 0.000000 
888 -0.000000 
889 0.000000 
890 -0.000000 
891 0.000000 
892 -0.000000 
893 0.000000 
894 -0.000000 
895 0.000000 
896 -0.000000 
897 0.000000 
898 -0.000000 
899 0.000000 
900 -0.000000 
901 0.000000 
902 -0.000000 
903 0.000000 
904 -0.000000 
905 0.000000 
906 -0.000000 
907 0.000000 
908 -0.000000 
909 0.000000 
910 -0.000000 
911 0.000000 
912 -0.000000 
913 0.000000 
914 -0.000000 
915 0.000000 
916 -0.000000 
917 0.000000 
918 -0.000000 
919 0.000000 
920 -0.000000 
921 0.000000 
922 -0.000000 
923 0.000000 
924 -0.000000 
925 0.000000 
926 -0.000000 
927 0.000000 
928 -0.000000 
929 0.000000 
930 -0.000000 
931 0.000000 
932 -0.000000 
933 0.000000 
934 -0.000000 
935 0.000000 
936 -0.000000 
937 0.000000 
938 -0.000000 
939 0.000000 
940 -0.000000 
941 0.000000 
942 -0.000000 
943 0.000000 
944 -0.000000 
945 0.000000 
946 -0.000000 
947 0.000000 
948 -0.000000 
949 0.000000 
950 -0.000000 
951 0.000000 
952 -0.000000 
953 0.000000 
954 -0.000000 
955 0.000000 
956 -0.000000 
957 0.000000 
958 -0.000000 
959 0.000000 
960 0.000000 
961 -0.000000 
962 0.000000 
963 -0.000000 
964 0.000000 
965 -0.000000 
966 0.000000 
967 -0.000000 
968 0.000000 
969 -0.000000 
970 0.000000 
971 -0.000000 
972 0.000000 
973 -0.000000 
974 0.000000 
975 -0.000000 
976 0.000000 
977 -0.000000 
978 0.000000 
979 -0.000000 
980 0.000000 
981 -0.000000 
982 0.000000 
983 -0.000000 
984 0.000000 
985 -0.000000 
986 0.000000 
987 -0.000000 
988 0.000000 
989 -0.000000 
990 0.000000 
991 -0.000000 
992 0.000000 
993 -0.000000 
994 0.000000 
995 -0.000000 
996 0.000000 
997 -0.000000 
998 0.000000 
999 -0.000000 
1000 0.000000 
1001 -0.000000 
1002 0.000000 
1003 -0.000000 
1004 0.000000 
1005 -0.000000 
1006 0.000000 
1007 -0.000000 
1008 0.000000 
1009 -0.000000 
1010 0.000000 
1011 -0.000000 
1012 0.000000 
1013 -0.000000 
1014 0.000000 
1015 -0.000000 
1016 0.000000 
1017 -0.000000 
1018 0.000000 
1019 -0.000000 
1020 0.000000 
1021 -0.000000 
1022 0.000000 
1023 -0.000000 
1024 0.000000 
1025 -0.000000 
1026 0.000000 
1027 -0.000000 
1028 0.000000 
1029 -0.000000 
1030 0.000000 
1031 -0.000000 
1032 0.000000 
1033 -0.000000 
1034 0.000000 
1035 -0.000000 
1036 0.000000 
1037 -0.000000 
1038 0.000000 
1039 -0.000000 
1040 0.000000 
1041 -0.000000 
1042 0.000000 
1043 -0.000000 
1044 0.000000 
1045 -0.000000 
1046 0.000000 
1047 -0.000000 
1048 0.000000 
1049 -0.000000 
1050 0.000000 
1051 -0.000000 
1052 0.000000 
1053 -0.000000 
1054 0.000000 
1055 -0.000000 
1056 0.000000 
1057 -0.000000 
1058 0.000000 
1059 -0.000000 
1060 0.000000 
1061 -0.000000 
1062 0.000000 
1063 -0.000000 
1064 0.000000 
1065 -0.000000 
1066 0.000000 
1067 -0.000000 
1068 0.000000 
1069 -0.000000 
1070 0.000000 
1071 -0.000000 
1072 0.000000 
1073 -0.000000 
1074 0.000000 
1075 -0.000000 
1076 0.000000 
1077 -0.000000 
1078 0.000000 
1079 -0.000000 
1080 0.000000 
1081 -0.000000 
1082 0.000000 
1083 -0.000000 
1084 0.000000 
1085 -0.000000 
1086 0.000000 
1087 -0.000000 
1088 0.000000 
1089 -0.000000 
1090 0.000000 
1091 -0.000000 
1092 0.000000 
1093 -0.000000 
1094 0.000000 
1095 -0.000000 
1096 0.000000 
1097 -0.000000 
1098 0.000000 
1099 -0.000000 
1100 0.000000 
1101 -0.000000 
1102 0.000000 
1103 -0.000000 
1104 0.000000 
1105 -0.000000 
1106 0.000000 
1107 -0.000000 
1108 0.000000 
1109 -0.000000 
1110 0.000000 
1111 -0.000000 
1112 0.000000 
1113 -0.000000 
1114 0.000000 
1115 -0.000000 
1116 0.000000 
1117 -0.000000 
1118 0.000000 
1119 -0.000000 
1120 -0.000000 
1121 0.000000 
1122 -0.000000 
1123 0.000000 
1124 -0.000000 
1125 0.000000 
1126 -0.000000 
1127 0.000000 
1128 -0.000000 
1129 0.000000 
1130 -0.000000 
1131 0.000000 
1132 -0.000000 
1133 0.000000 
1134 -0.000000 
1135 0.000000 
1136 -0.000000 
1137 0.000000 
1138 -0.000000 
1139 0.000000 
1140 -0.000000 
1141 0.000000 
1142 -0.000000 
1143 0.000000 
1144 -0.000000 
1145 0.000000 
1146 -0.000000 
1147 0.000000 
1148 -0.000000 
1149 0.000000 
1150 -0.000000 
1151 0.000000 
1152 -0.000000 
1153 0.000000 
1154 -0.000000 
1155 0.000000 
1156 -0.000000 
1157 0.000000 
1158 -0.000000 
1159 0.000000 
1160 -0.000000 
1161 0.000000 
1162 -0.000000 
1163 0.000000 
1164 -0.000000 
1165 0.000000 
1166 -0.000000 
1167 0.000000 
1168 -0.000000 
1169 0.000000 
1170 -0.000001 
1171 0.000001 
1172 -0.000001 
1173 0.000001 
1174 -0.000001 
1175 0.000001 
1176 -0.000001 
1177 0.000001 
1178 -0.000001 
1179 0.000001 
1180 -0.000001 
1181 0.000001 
1182 -0.000001 
1183 0.000001 
1184 -0.000001 
1185 0.000001 
1186 -0.000001 
1187 0.000001 
1188 -0.000001 
1189 0.000001 
1190 -0.000001 
1191 0.000002 
1192 -0.000002 
1193 0.000002 
1194 -0.000002 
1195 0.000002 
1196 -0.000002 
1197 0.000002 
1198 -0.000002 
1199 0.000002 
1200 -0.000002 
1201 0.000002 
1202 -0.000002 
1203 0.000003 
1204 -0.000003 
1205 0.000003 
1206 -0.000003 
1207 0.000003 
1208 -0.000003 
1209 0.000003 
1210 -0.000003 
1211 0.000004 
1212 -0.000004 
1213 0.000004 
1214 -0.000004 
1215 0.000004 
1216 -0.000004 
1217 0.000004 
1218 -0.000005 
1219 0.000005 
1220 -0.000005 
1221 0.000005 
1222 -0.000005 
1223 0.000005 
1224 -0.000006 
1225 0.000006 
1226 -0.000006 
1227 0.000006 
1228 -0.000006 
1229 0.000006 
1230 -0.000007 
1231 0.000007 
1232 -0.000007 
1233 0.000007 
1234 -0.000007 
1235 0.000008 
1236 -0.000008 
1237 0.000008 
1238 -0.000008 
1239 0.000008 
1240 -0.000008 
1241 0.000008 
1242 -0.000009 
1243 0.000009 
1244 -0.000009 
1245 0.000009 
1246 -0.000009 
1247 0.000009 
1248 -0.000009 
1249 0.000009 
1250 -0.000010 
1251 0.000010 
1252 -0.000010 
1253 0.000010 
1254 -0.000010 
1255 0.000010 
1256 -0.000010 
1257 0.000009 
1258 -0.000009 
1259 0.000009 
1260 -0.000009 
1261 0.000009 
1262 -0.000009 
1263 0.000008 
1264 -0.000008 
1265 0.000008 
1266 -0.000007 
1267 0.000007 
1268 -0.000006 
1269 0.000006 
1270 -0.000005 
1271 0.000005 
1272 -0.000004 
1273 0.000003 
1274 -0.000002 
1275 0.000001 
1276 -0.000000 
1277 -0.000001 
1278 0.000002 
1279 -0.000003 
1280 0.000005 
1281 -0.000006 
1282 0.000008 
1283 -0.000010 
1284 0.000011 
1285 -0.000013 
1286 0.000015 
1287 -0.000018 
1288 0.000020 
1289 -0.000023 
1290 0.000025 
1291 -0.000028 
1292 0.000031 
1293 -0.000034 
1294 0.000038 
1295 -0.000041 
1296 0.000045 
1297 -0.000049 
1298 0.000053 
1299 -0.000058 
1300 0.000062 
1301 -0.000067 
1302 0.000072 
1303 -0.000078 
1304 0.000083 
1305 -0.000089 
1306 0.000096 
1307 -0.000102 
1308 0.000109 
1309 -0.000116 
1310 0.000124 
1311 -0.000132 
1312 0.000140 
1313 -0.000148 
1314 0.000157 
1315 -0.000167 
1316 0.000176 
1317 -0.000187 
1318 0.000197 
1319 -0.000208 
1320 0.000220 
1321 -0.000232 
1322 0.000244 
1323 -0.000257 
1324 0.000270 
1325 -0.000284 
1326 0.000299 
1327 -0.000314 
1328 0.000329 
1329 -0.000346 
1330 0.000362 
1331 -0.000379 
1332 0.000397 
1333 -0.000416 
1334 0.000435 
1335 -0.000455 
1336 0.000475 
1337 -0.000496 
1338 0.000518 
1339 -0.000540 
1340 0.000563 
1341 -0.000587 
1342 0.000612 
1343 -0.000637 
1344 0.000663 
1345 -0.000689 
1346 0.000717 
1347 -0.000745 
1348 0.000773 
1349 -0.000803 
1350 0.000833 
1351 -0.000864 
1352 0.000896 
1353 -0.000929 
1354 0.000962 
1355 -0.000996 
1356 0.001031 
1357 -0.001066 
1358 0.001102 
1359 -0.001139 
1360 0.001177 
1361 -0.001215 
1362 0.001254 
1363 -0.001293 
1364 0.001333 
1365 -0.001374 
1366 0.001415 
1367 -0.001457 
1368 0.001499 
1369 -0.001542 
1370 0.001585 
1371 -0.001628 
1372 0.001672 
1373 -0.001716 
1374 0.001761 
1375 -0.001805 
1376 0.001850 
1377 -0.001894 
1378 0.001939 
1379 -0.001984 
1380 0.002028 
1381 -0.002072 
1382 0.002116 
1383 -0.002160 
1384 0.002202 
1385 -0.002245 
1386 0.002286 
1387 -0.002327 
1388 0.002366 
1389 -0.002405 
1390 0.002442 
1391 -0.002478 
1392 0.002513 
1393 -0.002545 
1394 0.002576 
1395 -0.002605 
1396 0.002632 
1397 -0.002656 
1398 0.002677 
1399 -0.002696 
1400 0.002712 
1401 -0.002725 
1402 0.002734 
1403 -0.002740 
1404 0.002741 
1405 -0.002739 
1406 0.002732 
1407 -0.002720 
1408 0.002703 
1409 -0.002681 
1410 0.002653 
1411 -0.002620 
1412 0.002580 
1413 -0.002533 
1414 0.002480 
1415 -0.002419 
1416 0.002351 
1417 -0.002274 
1418 0.002189 
1419 -0.002095 
1420 0.001992 
1421 -0.001878 
1422 0.001755 
1423 -0.001621 
1424 0.001476 
1425 -0.001319 
1426 0.001150 
1427 -0.000968 
1428 0.000774 
1429 -0.000565 
1430 0.000342 
1431 -0.000105 
1432 -0.000148 
1433 0.000418 
1434 -0.000703 
1435 0.001006 
1436 -0.001327 
1437 0.001666 
1438 -0.002025 
1439 0.002403 
1440 -0.002802 
1441 0.003222 
1442 -0.003664 
1443 0.004129 
1444 -0.004617 
1445 0.005129 
1446 -0.005666 
1447 0.006228 
1448 -0.006817 
1449 0.007433 
1450 -0.008077 
1451 0.008749 
1452 -0.009451 
1453 0.010184 
1454 -0.010948 
1455 0.011743 
1456 -0.012571 
1457 0.013433 
1458 -0.014330 
1459 0.015262 
1460 -0.016230 
1461 0.017234 
1462 -0.018277 
1463 0.019358 
1464 -0.020479 
1465 0.021640 
1466 -0.022843 
1467 0.024087 
1468 -0.025374 
1469 0.026705 
1470 -0.028080 
1471 0.029500 
1472 -0.030967 
1473 0.032480 
1474 -0.034041 
1475 0.035649 
1476 -0.037307 
1477 0.039015 
1478 -0.040773 
1479 0.042581 
1480 -0.044442 
1481 0.046355 
1482 -0.048320 
1483 0.050339 
1484 -0.052411 
1485 0.054538 
1486 -0.056720 
1487 0.058956 
1488 -0.061249 
1489 0.063596 
1490 -0.066000 
1491 0.068461 
1492 -0.070977 
1493 0.073550 
1494 -0.076180 
1495 0.078865 
1496 -0.081608 
1497 0.084407 
1498 -0.087261 
1499 0.090172 
1500 -0.093137 
1501 0.096158 
1502 -0.099233 
1503 0.102362 
1504 -0.105544 
1505 0.108778 
1506 -0.112064 
1507 0.115400 
1508 -0.118786 
1509 0.122220 
1510 -0.125700 
1511 0.129226 
1512 -0.132796 
1513 0.136409 
1514 -0.140062 
1515 0.143753 
1516 -0.147482 
1517 0.151244 
1518 -0.155040 
1519 0.158865 
1520 -0.162717 
1521 0.166594 
1522 -0.170493 
1523 0.174411 
1524 -0.178344 
1525 0.182289 
1526 -0.186244 
1527 0.190204 
1528 -0.194165 
1529 0.198123 
1530 -0.202075 
1531 0.206017 
1532 -0.209942 
1533 0.213847 
1534 -0.217728 
1535 0.221578 
1536 -0.225393 
1537 0.229168 
1538 -0.232895 
1539 0.236571 
1540 -0.240189 
1541 0.243742 
1542 -0.247224 
1543 0.250629 
1544 -0.253950 
1545 0.257180 
1546 -0.260311 
1547 0.263336 
1548 -0.266247 
1549 0.269037 
1550 -0.271698 
1551 0.274221 
1552 -0.276598 
1553 0.278820 
1554 -0.280878 
1555 0.282763 
1556 -0.284467 
1557 0.285979 
1558 -0.287290 
1559 0.288389 
1560 -0.289268 
1561 0.289915 
1562 -0.290321 
1563 0.290474 
1564 -0.290364 
1565 0.289980 
1566 -0.289311 
1567 0.288345 
1568 -0.287072 
1569 0.285479 
1570 -0.283554 
1571 0.281287 
1572 -0.278664 
1573 0.275674 
1574 -0.272305 
1575 0.268544 
1576 -0.264378 
1577 0.259795 
1578 -0.254783 
1579 0.249329 
1580 -0.243420 
1581 0.237043 
1582 -0.230185 
1583 0.222834 
1584 -0.214976 
1585 0.206599 
1586 -0.197690 
1587 0.188235 
1588 -0.178223 
1589 0.167640 
1590 -0.156473 
1591 0.144710 
1592 -0.132338 
1593 0.119345 
1594 -0.105719 
1595 0.091447 
1596 -0.076517 
1597 0.060917 
1598 -0.044636 
1599 0.027661 
1600 -0.009983 
1601 -0.008410 
1602 0.027530 
1603 -0.047386 
1604 0.067988 
1605 -0.089348 
1606 0.111473 
1607 -0.134373 
1608 0.158058 
1609 -0.182535 
1610 0.207812 
1611 -0.233898 
1612 0.260799 
1613 -0.288521 
1614 0.317072 
1615 -0.346456 
1616 0.376679 
1617 -0.407744 
1618 0.439657 
1619 -0.472421 
1620 0.506037 
1621 -0.540509 
1622 0.575837 
1623 -0.612023 
1624 0.649065 
1625 -0.686965 
1626 0.725719 
1627 -0.765326 
1628 0.805782 
1629 -0.847085 
1630 0.889228 
1631 -0.932207 
1632 0.976015 
1633 -1.020645 
1634 1.066088 
1635 -1.112335 
1636 1.159376 
1637 -1.207201 
1638 1.255796 
1639 -1.305149 
1640 1.355246 
1641 -1.406071 
1642 1.457608 
1643 -1.509840 
1644 1.562748 
1645 -1.616314 
1646 1.670516 
1647 -1.725333 
1648 1.780742 
1649 -1.836718 
1650 1.893238 
1651 -1.950273 
1652 2.007798 
1653 -2.065782 
1654 2.124197 
1655 -2.183011 
1656 2.242192 
1657 -2.301706 
1658 2.361519 
1659 -2.421594 
1660 2.481895 
1661 -2.542384 
1662 2.603019 
1663 -2.663762 
1664 2.724569 
1665 -2.785398 
1666 2.846204 
1667 -2.906942 
1668 2.967564 
1669 -3.028023 
1670 3.088270 
1671 -3.148254 
1672 3.207924 
1673 -3.267227 
1674 3.326110 
1675 -3.384519 
1676 3.442396 
1677 -3.499686 
1678 3.556330 
1679 -3.612270 
1680 3.667446 
1681 -3.721797 
1682 3.775261 
1683 -3.827776 
1684 3.879278 
1685 -3.929703 
1686 3.978986 
1687 -4.027061 
1688 4.073862 
1689 -4.119321 
1690 4.163371 
1691 -4.205943 
1692 4.246969 
1693 -4.286378 
1694 4.324102 
1695 -4.360069 
1696 4.394209 
1697 -4.426452 
1698 4.456726 
1699 -4.484960 
1700 4.511082 
1701 -4.535021 
1702 4.556706 
1703 -4.576064 
1704 4.593026 
1705 -4.607519 
1706 4.619473 
1707 -4.628817 
1708 4.635482 
1709 -4.639397 
1710 4.640493 
1711 -4.638702 
1712 4.633956 
1713 -4.626187 
1714 4.615330 
1715 -4.601320 
1716 4.584090 
1717 -4.563579 
1718 4.539724 
1719 -4.512464 
1720 4.481739 
1721 -4.447491 
1722 4.409662 
1723 -4.368198 
1724 4.323044 
1725 -4.274148 
1726 4.221460 
1727 -4.164931 
1728 4.104514 
1729 -4.040164 
1730 3.971840 
1731 -3.899499 
1732 3.823105 
1733 -3.742620 
1734 3.658012 
1735 -3.569248 
1736 3.476300 
1737 -3.379142 
1738 3.277749 
1739 -3.172102 
1740 3.062182 
1741 -2.947974 
1742 2.829465 
1743 -2.706645 
1744 2.579509 
1745 -2.448053 
1746 2.312276 
1747 -2.172181 
1748 2.027774 
1749 -1.879066 
1750 1.726067 
1751 -1.568795 
1752 1.407269 
1753 -1.241510 
1754 1.071546 
1755 -0.897406 
1756 0.719124 
1757 -0.536735 
1758 0.350280 
1759 -0.159804 
1760 -0.034648 
1761 0.233024 
1762 -0.435269 
1763 0.641326 
1764 -0.851133 
1765 1.064624 
1766 -1.281732 
1767 1.502383 
1768 -1.726502 
1769 1.954010 
1770 -2.184823 
1771 2.418856 
1772 -2.656019 
1773 2.896219 
1774 -3.139359 
1775 3.385339 
1776 -3.634057 
1777 3.885407 
1778 -4.139279 
1779 4.395560 
1780 -4.654135 
1781 4.914886 
1782 -5.177692 
1783 5.442427 
1784 -5.708966 
1785 5.977179 
1786 -6.246933 
1787 6.518094 
1788 -6.790525 
1789 7.064086 
1790 -7.338636 
1791 7.614031 
1792 -7.890125 
1793 8.166771 
1794 -8.443819 
1795 8.721118 
1796 -8.998515 
1797 9.275856 
1798 -9.552986 
1799 9.829746 
1800 -10.105980 
1801 10.381529 
1802 -10.656232 
1803 10.929928 
1804 -11.202458 
1805 11.473659 
1806 -11.743368 
1807 12.011425 
1808 -12.277665 
1809 12.541928 
1810 -12.804050 
1811 13.063870 
1812 -13.321226 
1813 13.575958 
1814 -13.827906 
1815 14.076909 
1816 -14.322810 
1817 14.565452 
1818 -14.804678 
1819 15.040335 
1820 -15.272268 
1821 15.500327 
1822 -15.724363 
1823 15.944227 
1824 -16.159773 
1825 16.370860 
1826 -16.577345 
1827 16.779090 
1828 -16.975958 
1829 17.167817 
1830 -17.354536 
1831 17.535988 
1832 -17.712047 
1833 17.882592 
1834 -18.047506 
1835 18.206673 
1836 -18.359982 
1837 18.507326 
1838 -18.648601 
1839 18.783707 
1840 -18.912547 
1841 19.035029 
1842 -19.151065 
1843 19.260572 
1844 -19.363470 
1845 19.459683 
1846 -19.549140 
1847 19.631776 
1848 -19.707528 
1849 19.776338 
1850 -19.838156 
1851 19.892933 
1852 -19.940625 
1853 19.981196 
1854 -20.014612 
1855 20.040844 
1856 -20.059870 
1857 20.071671 
1858 -20.076234 
1859 20.073551 
1860 -20.063620 
1861 20.046442 
1862 -20.022025 
1863 19.990381 
1864 -19.951528 
1865 19.905488 
1866 -19.852290 
1867 19.791966 
1868 -19.724554 
1869 19.650098 
1870 -19.568647 
1871 19.480252 
1872 -19.384973 
1873 19.282873 
1874 -19.174020 
1875 19.058487 
1876 -18.936353 
1877 18.807699 
1878 -18.672613 
1879 18.531188 
1880 -18.383520 
1881 18.229709 
1882 -18.069863 
1883 17.904090 
1884 -17.732506 
1885 17.555228 
1886 -17.372378 
1887 17.184085 
1888 -16.990477 
1889 16.791689 
1890 -16.587860 
1891 16.379130 
1892 -16.165645 
1893 15.947553 
1894 -15.725005 
1895 15.498156 
1896 -15.267164 
1897 15.032190 
1898 -14.793397 
1899 14.550950 
1900 -14.305017 
1901 14.055771 
1902 -13.803383 
1903 13.548028 
1904 -13.289884 
1905 13.029128 
1906 -12.765942 
1907 12.500506 
1908 -12.233004 
1909 11.963620 
1910 -11.692540 
1911 11.419949 
1912 -11.146035 
1913 10.870985 
1914 -10.594987 
1915 10.318230 
1916 -10.040901 
1917 9.763190 
1918 -9.485284 
1919 9.207372 
1920 -8.929641 
1921 8.652278 
1922 -8.375470 
1923 8.099402 
1924 -7.824258 
1925 7.550223 
1926 -7.277477 
1927 7.006203 
1928 -6.736578 
1929 6.468780 
1930 -6.202985 
1931 5.939368 
1932 -5.678099 
1933 5.419349 
1934 -5.163284 
1935 4.910070 
1936 -4.659869 
1937 4.412842 
1938 -4.169146 
1939 3.928934 
1940 -3.692359 
1941 3.459570 
1942 -3.230711 
1943 3.005926 
1944 -2.785353 
1945 2.569129 
1946 -2.357386 
1947 2.150253 
1948 -1.947856 
1949 1.750316 
1950 -1.557752 
1951 1.370279 
1952 -1.188007 
1953 1.011044 
1954 -0.839493 
1955 0.673453 
1956 -0.513020 
1957 0.358285 
1958 -0.209337 
1959 0.066258 
1960 0.070872 
1961 -0.201977 
1962 0.326986 
1963 -0.445832 
1964 0.558451 
1965 -0.664783 
1966 0.764775 
1967 -0.858374 
1968 0.945534 
1969 -1.026212 
1970 1.100369 
1971 -1.167970 
1972 1.228985 
1973 -1.283386 
1974 1.331152 
1975 -1.372264 
1976 1.406706 
1977 -1.434469 
1978 1.455545 
1979 -1.469931 
1980 1.477629 
1981 -1.478643 
1982 1.472982 
1983 -1.460658 
1984 1.441687 
1985 -1.416089 
1986 1.383887 
1987 -1.345109 
1988 1.299785 
1989 -1.247949 
1990 1.189639 
1991 -1.124897 
1992 1.053766 
1993 -0.976295 
1994 0.892535 
1995 -0.802540 
1996 0.706368 
1997 -0.604081 
1998 0.495741 
1999 -0.381418 
2000 0.261180 
2001 -0.135101 
2002 0.003258 
2003 0.134271 
2004 -0.277403 
2005 0.426054 
2006 -0.580136 
2007 0.739559 
2008 -0.904229 
2009 1.074051 
2010 -1.248926 
2011 1.428755 
2012 -1.613433 
2013 1.802854 
2014 -1.996912 
2015 2.195495 
2016 -2.398490 
2017 2.605783 
2018 -2.817256 
2019 3.032790 
2020 -3.252264 
2021 3.475554 
2022 -3.702534 
2023 3.933077 
2024 -4.167054 
2025 4.404333 
2026 -4.644782 
2027 4.888266 
2028 -5.134647 
2029 5.383790 
2030 -5.635553 
2031 5.889795 
2032 -6.146375 
2033 6.405147 
2034 -6.665966 
2035 6.928687 
2036 -7.193160 
2037 7.459238 
2038 -7.726768 
2039 7.995601 
2040 -8.265585 
2041 8.536565 
2042 -8.808388 
2043 9.080899 
2044 -9.353942 
2045 9.627362 
2046 -9.901002 
2047 10.174703 
2048 -10.448310 
2049 10.721662 
2050 -10.994603 
2051 11.266973 
2052 -11.538613 
2053 11.809365 
2054 -12.079071 
2055 12.347570 
2056 -12.614705 
2057 12.880317 
2058 -13.144248 
2059 13.406342 
2060 -13.666439 
2061 13.924385 
2062 -14.180024 
2063 14.433200 
2064 -14.683759 
2065 14.931548 
2066 -15.176414 
2067 15.418207 
2068 -15.656777 
2069 15.891975 
2070 -16.123654 
2071 16.351668 
2072 -16.575873 
2073 16.796127 
2074 -17.012288 
2075 17.224218 
2076 -17.431779 
2077 17.634838 
2078 -17.833260 
2079 18.026917 
2080 -18.215678 
2081 18.399418 
2082 -18.578014 
2083 18.751345 
2084 -18.919292 
2085 19.081741 
2086 -19.238578 
2087 19.389694 
2088 -19.534982 
2089 19.674338 
2090 -19.807663 
2091 19.934858 
2092 -20.055829 
2093 20.170488 
2094 -20.278745 
2095 20.380518 
2096 -20.475728 
2097 20.564297 
2098 -20.646153 
2099 20.721229 
2100 -20.789459 
2101 20.850782 
2102 -20.905142 
2103 20.952487 
2104 -20.992767 
2105 21.025939 
2106 -21.051962 
2107 21.070801 
2108 -21.082424 
2109 21.086804 
2110 -21.083919 
2111 21.073749 
2112 -21.056281 
2113 21.031506 
2114 -20.999419 
2115 20.960020 
2116 -20.913312 
2117 20.859305 
2118 -20.798012 
2119 20.729451 
2120 -20.653645 
2121 20.570620 
2122 -20.480408 
2123 20.383046 
2124 -20.278575 
2125 20.167039 
2126 -20.048489 
2127 19.922980 
2128 -19.790569 
2129 19.651321 
2130 -19.505303 
2131 19.352588 
2132 -19.193252 
2133 19.027375 
2134 -18.855044 
2135 18.676346 
2136 -18.491375 
2137 18.300229 
2138 -18.103009 
2139 17.899821 
2140 -17.690773 
2141 17.475979 
2142 -17.255556 
2143 17.029622 
2144 -16.798304 
2145 16.561726 
2146 -16.320022 
2147 16.073323 
2148 -15.821768 
2149 15.565496 
2150 -15.304650 
2151 15.039377 
2152 -14.769825 
2153 14.496144 
2154 -14.218489 
2155 13.937016 
2156 -13.651883 
2157 13.363250 
2158 -13.071279 
2159 12.776136 
2160 -12.477986 
2161 12.176997 
2162 -11.873337 
2163 11.567177 
2164 -11.258688 
2165 10.948044 
2166 -10.635418 
2167 10.320984 
2168 -10.004916 
2169 9.687391 
2170 -9.368585 
2171 9.048672 
2172 -8.727830 
2173 8.406234 
2174 -8.084060 
2175 7.761483 
2176 -7.438678 
2177 7.115820 
2178 -6.793081 
2179 6.470635 
2180 -6.148652 
2181 5.827303 
2182 -5.506757 
2183 5.187182 
2184 -4.868742 
2185 4.551602 
2186 -4.235925 
2187 3.921870 
2188 -3.609596 
2189 3.299259 
2190 -2.991012 
2191 2.685006 
2192 -2.381389 
2193 2.080309 
2194 -1.781907 
2195 1.486324 
2196 -1.193697 
2197 0.904160 
2198 -0.617844 
2199 0.334877 
2200 -0.055383 
2201 -0.220517 
2202 0.492705 
2203 -0.761068 
2204 1.025496 
2205 -1.285882 
2206 1.542124 
2207 -1.794121 
2208 2.041781 
2209 -2.285010 
2210 2.523723 
2211 -2.757836 
2212 2.987270 
2213 -3.211950 
2214 3.431804 
2215 -3.646767 
2216 3.856775 
2217 -4.061770 
2218 4.261697 
2219 -4.456506 
2220 4.646151 
2221 -4.830589 
2222 5.009784 
2223 -5.183700 
2224 5.352309 
2225 -5.515585 
2226 5.673507 
2227 -5.826056 
2228 5.973219 
2229 -6.114988 
2230 6.251355 
2231 -6.382320 
2232 6.507884 
2233 -6.628054 
2234 6.742838 
2235 -6.852250 
2236 6.956308 
2237 -7.055031 
2238 7.148443 
2239 -7.236571 
2240 7.319447 
2241 -7.397103 
2242 7.469578 
2243 -7.536912 
2244 7.599147 
2245 -7.656329 
2246 7.708509 
2247 -7.755738 
2248 7.798071 
2249 -7.835565 
2250 7.868279 
2251 -7.896276 
2252 7.919621 
2253 -7.938380 
2254 7.952623 
2255 -7.962420 
2256 7.967846 
2257 -7.968974 
2258 7.965882 
2259 -7.958649 
2260 7.947354 
2261 -7.932079 
2262 7.912908 
2263 -7.889924 
2264 7.863215 
2265 -7.832866 
2266 7.798965 
2267 -7.761602 
2268 7.720867 
2269 -7.676849 
2270 7.629640 
2271 -7.579333 
2272 7.526020 
2273 -7.469793 
2274 7.410746 
2275 -7.348972 
2276 7.284566 
2277 -7.217620 
2278 7.148230 
2279 -7.076488 
2280 7.002489 
2281 -6.926326 
2282 6.848093 
2283 -6.767881 
2284 6.685785 
2285 -6.601895 
2286 6.516304 
2287 -6.429102 
2288 6.340380 
2289 -6.250227 
2290 6.158732 
2291 -6.065983 
2292 5.972066 
2293 -5.877068 
2294 5.781074 
2295 -5.684168 
2296 5.586433 
2297 -5.487950 
2298 5.388801 
2299 -5.289064 
2300 5.188817 
2301 -5.088138 
2302 4.987102 
2303 -4.885782 
2304 4.784252 
2305 -4.682582 
2306 4.580844 
2307 -4.479103 
2308 4.377429 
2309 -4.275885 
2310 4.174536 
2311 -4.073443 
2312 3.972667 
2313 -3.872267 
2314 3.772300 
2315 -3.672822 
2316 3.573887 
2317 -3.475548 
2318 3.377854 
2319 -3.280855 
2320 3.184599 
2321 -3.089131 
2322 2.994494 
2323 -2.900733 
2324 2.807887 
2325 -2.715994 
2326 2.625094 
2327 -2.535221 
2328 2.446410 
2329 -2.358693 
2330 2.272100 
2331 -2.186662 
2332 2.102406 
2333 -2.019357 
2334 1.937541 
2335 -1.856980 
2336 1.777696 
2337 -1.699709 
2338 1.623037 
2339 -1.547697 
2340 1.473704 
2341 -1.401073 
2342 1.329817 
2343 -1.259945 
2344 1.191469 
2345 -1.124397 
2346 1.058737 
2347 -0.994493 
2348 0.931671 
2349 -0.870274 
2350 0.810305 
2351 -0.751764 
2352 0.694652 
2353 -0.638967 
2354 0.584707 
2355 -0.531868 
2356 0.480447 
2357 -0.430438 
2358 0.381835 
2359 -0.334629 
2360 0.288814 
2361 -0.244380 
2362 0.201317 
2363 -0.159614 
2364 0.119260 
2365 -0.080242 
2366 0.042548 
2367 -0.006164 
2368 -0.028924 
2369 0.062732 
2370 -0.095275 
2371 0.126569 
2372 -0.156631 
2373 0.185478 
2374 -0.213128 
2375 0.239599 
2376 -0.264909 
2377 0.289077 
2378 -0.312123 
2379 0.334067 
2380 -0.354927 
2381 0.374725 
2382 -0.393482 
2383 0.411216 
2384 -0.427951 
2385 0.443706 
2386 -0.458504 
2387 0.472365 
2388 -0.485310 
2389 0.497363 
2390 -0.508543 
2391 0.518873 
2392 -0.528375 
2393 0.537071 
2394 -0.544981 
2395 0.552128 
2396 -0.558533 
2397 0.564218 
2398 -0.569204 
2399 0.573512 
2400 -0.577164 
2401 0.580181 
2402 -0.582583 
2403 0.584392 
2404 -0.585627 
2405 0.586309 
2406 -0.586458 
2407 0.586094 
2408 -0.585237 
2409 0.583906 
2410 -0.582120 
2411 0.579898 
2412 -0.577258 
2413 0.574220 
2414 -0.570800 
2415 0.567016 
2416 -0.562886 
2417 0.558428 
2418 -0.553657 
2419 0.548590 
2420 -0.543243 
2421 0.537632 
2422 -0.531773 
2423 0.525680 
2424 -0.519368 
2425 0.512852 
2426 -0.506146 
2427 0.499263 
2428 -0.492216 
2429 0.485020 
2430 -0.477685 
2431 0.470226 
2432 -0.462652 
2433 0.454977 
2434 -0.447212 
2435 0.439367 
2436 -0.431452 
2437 0.423479 
2438 -0.415457 
2439 0.407395 
2440 -0.399303 
2441 0.391189 
2442 -0.383063 
2443 0.374931 
2444 -0.366804 
2445 0.358686 
2446 -0.350588 
2447 0.342514 
2448 -0.334472 
2449 0.326468 
2450 -0.318508 
2451 0.310598 
2452 -0.302744 
2453 0.294950 
2454 -0.287222 
2455 0.279565 
2456 -0.271982 
2457 0.264478 
2458 -0.257058 
2459 0.249723 
2460 -0.242479 
2461 0.235328 
2462 -0.228274 
2463 0.221318 
2464 -0.214464 
2465 0.207714 
2466 -0.201071 
2467 0.194535 
2468 -0.188109 
2469 0.181794 
2470 -0.175592 
2471 0.169504 
2472 -0.163532 
2473 0.157675 
2474 -0.151935 
2475 0.146312 
2476 -0.140807 
2477 0.135420 
2478 -0.130151 
2479 0.125000 
2480 -0.119968 
2481 0.115053 
2482 -0.110256 
2483 0.105577 
2484 -0.101014 
2485 0.096567 
2486 -0.092235 
2487 0.088018 
2488 -0.083915 
2489 0.079924 
2490 -0.076044 
2491 0.072276 
2492 -0.068616 
2493 0.065065 
2494 -0.061620 
2495 0.058281 
2496 -0.055046 
2497 0.051913 
2498 -0.048881 
2499 0.045948 
2500 -0.043114 
2501 0.040375 
2502 -0.037732 
2503 0.035181 
2504 -0.032721 
2505 0.030351 
2506 -0.028068 
2507 0.025872 
2508 -0.023759 
2509 0.021729 
2510 -0.019780 
2511 0.017910 
2512 -0.016116 
2513 0.014398 
2514 -0.012754 
2515 0.011181 
2516 -0.009677 
2517 0.008242 
2518 -0.006873 
2519 0.005569 
2520 -0.004328 
2521 0.003147 
2522 -0.002026 
2523 0.000962 
2524 0.000046 
2525 -0.000999 
2526 0.001900 
2527 -0.002751 
2528 0.003551 
2529 -0.004305 
2530 0.005012 
2531 -0.005674 
2532 0.006294 
2533 -0.006872 
2534 0.007410 
2535 -0.007909 
2536 0.008371 
2537 -0.008798 
2538 0.009190 
2539 -0.009549 
2540 0.009876 
2541 -0.010173 
2542 0.010440 
2543 -0.010680 
2544 0.010893 
2545 -0.011080 
2546 0.011242 
2547 -0.011382 
2548 0.011499 
2549 -0.011595 
2550 0.011670 
2551 -0.011727 
2552 0.011765 
2553 -0.011786 
2554 0.011791 
2555 -0.011780 
2556 0.011755 
2557 -0.011716 
2558 0.011664 
2559 -0.011599 
2560 0.011524 
2561 -0.011437 
2562 0.011341 
2563 -0.011235 
2564 0.011121 
2565 -0.010999 
2566 0.010869 
2567 -0.010732 
2568 0.010589 
2569 -0.010441 
2570 0.010287 
2571 -0.010128 
2572 0.009966 
2573 -0.009799 
2574 0.009629 
2575 -0.009456 
2576 0.009281 
2577 -0.009103 
2578 0.008924 
2579 -0.008743 
2580 0.008561 
2581 -0.008378 
2582 0.008195 
2583 -0.008011 
2584 0.007828 
2585 -0.007644 
2586 0.007462 
2587 -0.007279 
2588 0.007098 
2589 -0.006918 
2590 0.006739 
2591 -0.006562 
2592 0.006386 
2593 -0.006212 
2594 0.006040 
2595 -0.005870 
2596 0.005702 
2597 -0.005536 
2598 0.005373 
2599 -0.005212 
2600 0.005054 
2601 -0.004898 
2602 0.004745 
2603 -0.004594 
2604 0.004446 
2605 -0.004301 
2606 0.004159 
2607 -0.004020 
2608 0.003884 
2609 -0.003750 
2610 0.003620 
2611 -0.003492 
2612 0.003367 
2613 -0.003245 
2614 0.003127 
2615 -0.003011 
2616 0.002898 
2617 -0.002787 
2618 0.002680 
2619 -0.002576 
2620 0.002474 
2621 -0.002375 
2622 0.002279 
2623 -0.002186 
2624 0.002095 
2625 -0.002008 
2626 0.001922 
2627 -0.001840 
2628 0.001760 
2629 -0.001682 
2630 0.001607 
2631 -0.001534 
2632 0.001464 
2633 -0.001396 
2634 0.001330 
2635 -0.001267 
2636 0.001205 
2637 -0.001146 
2638 0.001089 
2639 -0.001034 
2640 0.000982 
2641 -0.000931 
2642 0.000882 
2643 -0.000834 
2644 0.000789 
2645 -0.000746 
2646 0.000704 
2647 -0.000664 
2648 0.000625 
2649 -0.000588 
2650 0.000553 
2651 -0.000519 
2652 0.000486 
2653 -0.000455 
2654 0.000426 
2655 -0.000397 
2656 0.000370 
2657 -0.000344 
2658 0.000320 
2659 -0.000296 
2660 0.000274 
2661 -0.000252 
2662 0.000232 
2663 -0.000213 
2664 0.000195 
2665 -0.000177 
2666 0.000161 
2667 -0.000145 
2668 0.000131 
2669 -0.000117 
2670 0.000104 
2671 -0.000091 
2672 0.000079 
2673 -0.000068 
2674 0.000058 
2675 -0.000048 
2676 0.000039 
2677 -0.000031 
2678 0.000023 
2679 -0.000015 
2680 0.000008 
2681 -0.000002 
2682 -0.000004 
2683 0.000010 
2684 -0.000015 
2685 0.000020 
2686 -0.000024 
2687 0.000028 
2688 -0.000032 
2689 0.000036 
2690 -0.000039 
2691 0.000041 
2692 -0.000044 
2693 0.000046 
2694 -0.000048 
2695 0.000050 
2696 -0.000052 
2697 0.000053 
2698 -0.000054 
2699 0.000055 
2700 -0.000056 
2701 0.000056 
2702 -0.000057 
2703 0.000057 
2704 -0.000058 
2705 0.000058 
2706 -0.000058 
2707 0.000058 
2708 -0.000057 
2709 0.000057 
2710 -0.000057 
2711 0.000056 
2712 -0.000056 
2713 0.000055 
2714 -0.000054 
2715 0.000054 
2716 -0.000053 
2717 0.000052 
2718 -0.000051 
2719 0.000050 
2720 -0.000049 
2721 0.000048 
2722 -0.000048 
2723 0.000047 
2724 -0.000046 
2725 0.000045 
2726 -0.000044 
2727 0.000043 
2728 -0.000041 
2729 0.000040 
2730 -0.000039 
2731 0.000038 
2732 -0.000037 
2733 0.000036 
2734 -0.000035 
2735 0.000034 
2736 -0.000033 
2737 0.000032 
2738 -0.000031 
2739 0.000030 
2740 -0.000029 
2741 0.000029 
2742 -0.000028 
2743 0.000027 
2744 -0.000026 
2745 0.000025 
2746 -0.000024 
2747 0.000023 
2748 -0.000022 
2749 0.000022 
2750 -0.000021 
2751 0.000020 
2752 -0.000019 
2753 0.000019 
2754 -0.000018 
2755 0.000017 
2756 -0.000017 
2757 0.000016 
2758 -0.000015 
2759 0.000015 
2760 -0.000014 
2761 0.000014 
2762 -0.000013 
2763 0.000012 
2764 -0.000012 
2765 0.000011 
2766 -0.000011 
2767 0.000010 
2768 -0.000010 
2769 0.000010 
2770 -0.000009 
2771 0.000009 
2772 -0.000008 
2773 0.000008 
2774 -0.000008 
2775 0.000007 
2776 -0.000007 
2777 0.000007 
2778 -0.000006 
2779 0.000006 
2780 -0.000006 
2781 0.000005 
2782 -0.000005 
2783 0.000005 
2784 -0.000005 
2785 0.000004 
2786 -0.000004 
2787 0.000004 
2788 -0.000004 
2789 0.000003 
2790 -0.000003 
2791 0.000003 
2792 -0.000003 
2793 0.000003 
2794 -0.000003 
2795 0.000002 
2796 -0.000002 
2797 0.000002 
2798 -0.000002 
2799 0.000002 
2800 -0.000002 
2801 0.000002 
2802 -0.000002 
2803 0.000001 
2804 -0.000001 
2805 0.000001 
2806 -0.000001 
2807 0.000001 
2808 -0.000001 
2809 0.000001 
2810 -0.000001 
2811 0.000001 
2812 -0.000001 
2813 0.000001 
2814 -0.000001 
2815 0.000001 
2816 -0.000001 
2817 0.000001 
2818 -0.000000 
2819 0.000000 
2820 -0.000000 
2821 0.000000 
2822 -0.000000 
2823 0.000000 
2824 -0.000000 
2825 0.000000 
2826 -0.000000 
2827 0.000000 
2828 -0.000000 
2829 0.000000 
2830 -0.000000 
2831 0.000000 
2832 -0.000000 
2833 0.000000 
2834 -0.000000 
2835 0.000000 
2836 -0.000000 
2837 0.000000 
2838 -0.000000 
2839 -0.000000 
2840 0.000000 
2841 -0.000000 
2842 0.000000 
2843 -0.000000 
2844 0.000000 
2845 -0.000000 
2846 0.000000 
2847 -0.000000 
2848 0.000000 
2849 -0.000000 
2850 0.000000 
2851 -0.000000 
2852 0.000000 
2853 -0.000000 
2854 0.000000 
2855 -0.000000 
2856 0.000000 
2857 -0.000000 
2858 0.000000 
2859 -0.000000 
2860 0.000000 
2861 -0.000000 
2862 0.000000 
2863 -0.000000 
2864 0.000000 
2865 -0.000000 
2866 0.000000 
2867 -0.000000 
2868 0.000000 
2869 -0.000000 
2870 0.000000 
2871 -0.000000 
2872 0.000000 
2873 -0.000000 
2874 0.000000 
2875 -0.000000 
2876 0.000000 
2877 -0.000000 
2878 0.000000 
2879 -0.000000 
2880 0.000000 
2881 -0.000000 
2882 0.000000 
2883 -0.000000 
2884 0.000000 
2885 -0.000000 
2886 0.000000 
2887 -0.000000 
2888 0.000000 
2889 -0.000000 
2890 0.000000 
2891 -0.000000 
2892 0.000000 
2893 -0.000000 
2894 0.000000 
2895 -0.000000 
2896 0.000000 
2897 -0.000000 
2898 0.000000 
2899 -0.000000 
2900 0.000000 
2901 -0.000000 
2902 0.000000 
2903 -0.000000 
2904 0.000000 
2905 -0.000000 
2906 0.000000 
2907 -0.000000 
2908 0.000000 
2909 -0.000000 
2910 0.000000 
2911 -0.000000 
2912 0.000000 
2913 -0.000000 
2914 0.000000 
2915 -0.000000 
2916 0.000000 
2917 -0.000000 
2918 0.000000 
2919 -0.000000 
2920 0.000000 
2921 -0.000000 
2922 0.000000 
2923 -0.000000 
2924 0.000000 
2925 -0.000000 
2926 0.000000 
2927 -0.000000 
2928 0.000000 
2929 -0.000000 
2930 0.000000 
2931 -0.000000 
2932 0.000000 
2933 -0.000000 
2934 0.000000 
2935 -0.000000 
2936 0.000000 
2937 -0.000000 
2938 0.000000 
2939 -0.000000 
2940 0.000000 
2941 -0.000000 
2942 0.000000 
2943 -0.000000 
2944 0.000000 
2945 -0.000000 
2946 0.000000 
2947 -0.000000 
2948 0.000000 
2949 -0.000000 
2950 0.000000 
2951 -0.000000 
2952 0.000000 
2953 -0.000000 
2954 0.000000 
2955 -0.000000 
2956 0.000000 
2957 -0.000000 
2958 0.000000 
2959 -0.000000 
2960 0.000000 
2961 -0.000000 
2962 0.000000 
2963 -0.000000 
2964 0.000000 
2965 -0.000000 
2966 0.000000 
2967 -0.000000 
2968 0.000000 
2969 -0.000000 
2970 0.000000 
2971 -0.000000 
2972 0.000000 
2973 -0.000000 
2974 0.000000 
2975 -0.000000 
2976 0.000000 
2977 -0.000000 
2978 0.000000 
2979 -0.000000 
2980 0.000000 
2981 -0.000000 
2982 0.000000 
2983 -0.000000 
2984 0.000000 
2985 -0.000000 
2986 0.000000 
2987 -0.000000 
2988 0.000000 
2989 -0.000000 
2990 0.000000 
2991 -0.000000 
2992 0.000000 
2993 -0.000000 
2994 0.000000 
2995 -0.000000 
2996 -0.000000 
2997 0.000000 
2998 -0.000000 
2999 0.000000 
3000 -0.000000 
3001 0.000000 
3002 -0.000000 
3003 0.000000 
3004 -0.000000 
3005 0.000000 
3006 -0.000000 
3007 0.000000 
3008 -0.000000 
3009 0.000000 
3010 -0.000000 
3011 0.000000 
3012 -0.000000 
3013 0.000000 
3014 -0.000000 
3015 0.000000 
3016 -0.000000 
3017 0.000000 
3018 -0.000000 
3019 0.000000 
3020 -0.000000 
3021 0.000000 
3022 -0.000000 
3023 0.000000 
3024 -0.000000 
3025 0.000000 
3026 -0.000000 
3027 0.000000 
3028 -0.000000 
3029 0.000000 
3030 -0.000000 
3031 0.000000 
3032 -0.000000 
3033 0.000000 
3034 -0.000000 
3035 0.000000 
3036 -0.000000 
3037 0.000000 
3038 -0.000000 
3039 0.000000 
3040 -0.000000 
3041 0.000000 
3042 -0.000000 
3043 0.000000 
3044 -0.000000 
3045 0.000000 
3046 -0.000000 
3047 0.000000 
3048 -0.000000 
3049 0.000000 
3050 -0.000000 
3051 0.000000 
3052 -0.000000 
3053 0.000000 
3054 -0.000000 
3055 0.000000 
3056 -0.000000 
3057 0.000000 
3058 -0.000000 
3059 0.000000 
3060 -0.000000 
3061 0.000000 
3062 -0.000000 
3063 0.000000 
3064 -0.000000 
3065 0.000000 
3066 -0.000000 
3067 0.000000 
3068 -0.000000 
3069 0.000000 
3070 -0.000000 
3071 0.000000 
3072 -0.000000 
3073 0.000000 
3074 -0.000000 
3075 0.000000 
3076 -0.000000 
3077 0.000000 
3078 -0.000000 
3079 0.000000 
3080 -0.000000 
3081 0.000000 
3082 -0.000000 
3083 0.000000 
3084 -0.000000 
3085 0.000000 
3086 -0.000000 
3087 0.000000 
3088 -0.000000 
3089 0.000000 
3090 -0.000000 
3091 0.000000 
3092 -0.000000 
3093 0.000000 
3094 -0.000000 
3095 0.000000 
3096 -0.000000 
3097 0.000000 
3098 -0.000000 
3099 0.000000 
3100 -0.000000 
3101 0.000000 
3102 -0.000000 
3103 0.000000 
3104 -0.000000 
3105 0.000000 
3106 -0.000000 
3107 0.000000 
3108 -0.000000 
3109 0.000000 
3110 -0.000000 
3111 0.000000 
3112 -0.000000 
3113 0.000000 
3114 -0.000000 
3115 0.000000 
3116 -0.000000 
3117 0.000000 
3118 -0.000000 
3119 0.000000 
3120 -0.000000 
3121 0.000000 
3122 -0.000000 
3123 0.000000 
3124 -0.000000 
3125 0.000000 
3126 -0.000000 
3127 0.000000 
3128 -0.000000 
3129 0.000000 
3130 -0.000000 
3131 0.000000 
3132 -0.000000 
3133 0.000000 
3134 -0.000000 
3135 0.000000 
3136 -0.000000 
3137 0.000000 
3138 -0.000000 
3139 0.000000 
3140 -0.000000 
3141 0.000000 
3142 -0.000000 
3143 0.000000 
3144 -0.000000 
3145 0.000000 
3146 -0.000000 
3147 0.000000 
3148 -0.000000 
3149 0.000000 
3150 -0.000000 
3151 0.000000 
3152 0.000000 
3153 -0.000000 
3154 0.000000 
3155 -0.000000 
3156 0.000000 
3157 -0.000000 
3158 0.000000 
3159 -0.000000 
3160 0.000000 
3161 -0.000000 
3162 0.000000 
3163 -0.000000 
3164 0.000000 
3165 -0.000000 
3166 0.000000 
3167 -0.000000 
3168 0.000000 
3169 -0.000000 
3170 0.000000 
3171 -0.000000 
3172 0.000000 
3173 -0.000000 
3174 0.000000 
3175 -0.000000 
3176 0.000000 
3177 -0.000000 
3178 0.000000 
3179 -0.000000 
3180 0.000000 
3181 -0.000000 
3182 0.000000 
3183 -0.000000 
3184 0.000000 
3185 -0.000000 
3186 0.000000 
3187 -0.000000 
3188 0.000000 
3189 -0.000000 
3190 0.000000 
3191 -0.000000 
3192 0.000000 
3193 -0.000000 
3194 0.000000 
3195 -0.000000 
3196 0.000000 
3197 -0.000000 
3198 0.000000 
3199 -0.000000 
3200 0.000000 
3201 -0.000000 
3202 0.000000 
3203 -0.000000 
3204 0.000000 
3205 -0.000000 
3206 0.000000 
3207 -0.000000 
3208 0.000000 
3209 -0.000000 
3210 0.000000 
3211 -0.000000 
3212 0.000000 
3213 -0.000000 
3214 0.000000 
3215 -0.000000 
3216 0.000000 
3217 -0.000000 
3218 0.000000 
3219 -0.000000 
3220 0.000000 
3221 -0.000000 
3222 0.000000 
3223 -0.000000 
3224 0.000000 
3225 -0.000000 
3226 0.000000 
3227 -0.000000 
3228 0.000000 
3229 -0.000000 
3230 0.000000 
3231 -0.000000 
3232 0.000000 
3233 -0.000000 
3234 0.000000 
3235 -0.000000 
3236 0.000000 
3237 -0.000000 
3238 0.000000 
3239 -0.000000 
3240 0.000000 
3241 -0.000000 
3242 0.000000 
3243 -0.000000 
3244 0.000000 
3245 -0.000000 
3246 0.000000 
3247 -0.000000 
3248 0.000000 
3249 -0.000000 
3250 0.000000 
3251 -0.000000 
3252 0.000000 
3253 -0.000000 
3254 0.000000 
3255 -0.000000 
3256 0.000000 
3257 -0.000000 
3258 0.000000 
3259 -0.000000 
3260 0.000000 
3261 -0.000000 
3262 0.000000 
3263 -0.000000 
3264 0.000000 
3265 -0.000000 
3266 0.000000 
3267 -0.000000 
3268 0.000000 
3269 -0.000000 
3270 0.000000 
3271 -0.000000 
3272 0.000000 
3273 -0.000000 
3274 0.000000 
3275 -0.000000 
3276 0.000000 
3277 -0.000000 
3278 0.000000 
3279 -0.000000 
3280 0.000000 
3281 -0.000000 
3282 0.000000 
3283 -0.000000 
3284 0.000000 
3285 -0.000000 
3286 0.000000 
3287 -0.000000 
3288 0.000000 
3289 -0.000000 
3290 0.000000 
3291 -0.000000 
3292 0.000000 
3293 -0.000000 
3294 0.000000 
3295 -0.000000 
3296 0.000000 
3297 -0.000000 
3298 0.000000 
3299 -0.000000 
3300 0.000000 
3301 -0.000000 
3302 0.000000 
3303 -0.000000 
3304 0.000000 
3305 -0.000000 
3306 0.000000 
3307 -0.000000 
3308 0.000000 
3309 -0.000000 
3310 0.000000 
3311 -0.000000 
3312 -0.000000 
3313 0.000000 
3314 -0.000000 
3315 0.000000 
3316 -0.000000 
3317 0.000000 
3318 -0.000000 
3319 0.000000 
3320 -0.000000 
3321 0.000000 
3322 -0.000000 
3323 0.000000 
3324 -0.000000 
3325 0.000000 
3326 -0.000000 
3327 0.000000 
3328 -0.000000 
3329 0.000000 
3330 -0.000000 
3331 0.000000 
3332 -0.000000 
3333 0.000000 
3334 -0.000000 
3335 0.000000 
3336 -0.000000 
3337 0.000000 
3338 -0.000000 
3339 0.000000 
3340 -0.000000 
3341 0.000000 
3342 -0.000000 
3343 0.000000 
3344 -0.000000 
3345 0.000000 
3346 -0.000000 
3347 0.000000 
3348 -0.000000 
3349 0.000000 
3350 -0.000000 
3351 0.000000 
3352 -0.000000 
3353 0.000000 
3354 -0.000000 
3355 0.000000 
3356 -0.000000 
3357 0.000000 
3358 -0.000000 
3359 0.000000 
3360 -0.000000 
3361 0.000000 
3362 -0.000000 
3363 0.000000 
3364 -0.000000 
3365 0.000000 
3366 -0.000000 
3367 0.000000 
3368 -0.000000 
3369 0.000000 
3370 -0.000000 
3371 0.000000 
3372 -0.000000 
3373 0.000000 
3374 -0.000000 
3375 0.000000 
3376 -0.000000 
3377 0.000000 
3378 -0.000000 
3379 0.000000 
3380 -0.000000 
3381 0.000000 
3382 -0.000000 
3383 0.000000 
3384 -0.000000 
3385 0.000000 
3386 -0.000000 
3387 0.000000 
3388 -0.000000 
3389 0.000000 
3390 -0.000000 
3391 0.000000 
3392 -0.000000 
3393 0.000000 
3394 -0.000000 
3395 0.000000 
3396 -0.000000 
3397 0.000000 
3398 -0.000000 
3399 0.000000 
3400 -0.000000 
3401 0.000000 
3402 -0.000000 
3403 0.000000 
3404 -0.000000 
3405 0.000000 
3406 -0.000000 
3407 0.000000 
3408 -0.000000 
3409 0.000000 
3410 -0.000000 
3411 0.000000 
3412 -0.000000 
3413 0.000000 
3414 -0.000000 
3415 0.000000 
3416 -0.000000 
3417 0.000000 
3418 -0.000000 
3419 0.000000 
3420 -0.000000 
3421 0.000000 
3422 -0.000000 
3423 0.000000 
3424 -0.000000 
3425 0.000000 
3426 -0.000000 
3427 0.000000 
3428 -0.000000 
3429 0.000000 
3430 -0.000000 
3431 0.000000 
3432 -0.000000 
3433 0.000000 
3434 -0.000000 
3435 0.000000 
3436 -0.000000 
3437 0.000000 
3438 -0.000000 
3439 0.000000 
3440 -0.000000 
3441 0.000000 
3442 -0.000000 
3443 0.000000 
3444 -0.000000 
3445 0.000000 
3446 -0.000000 
3447 0.000000 
3448 -0.000000 
3449 0.000000 
3450 -0.000000 
3451 0.000000 
3452 -0.000000 
3453 0.000000 
3454 -0.000000 
3455 0.000000 
3456 -0.000000 
3457 0.000000 
3458 -0.000000 
3459 0.000000 
3460 -0.000000 
3461 0.000000 
3462 -0.000000 
3463 0.000000 
3464 -0.000000 
3465 0.000000 
3466 -0.000000 
3467 -0.000000 
3468 0.000000 
3469 -0.000000 
3470 0.000000 
3471 -0.000000 
3472 0.000000 
3473 -0.000000 
3474 0.000000 
3475 -0.000000 
3476 0.000000 
3477 -0.000000 
3478 0.000000 
3479 -0.000000 
3480 0.000000 
3481 -0.000000 
3482 0.000000 
3483 -0.000000 
3484 0.000000 
3485 -0.000000 
3486 0.000000 
3487 -0.000000 
3488 0.000000 
3489 -0.000000 
3490 0.000000 
3491 -0.000000 
3492 0.000000 
3493 -0.000000 
3494 0.000000 
3495 -0.000000 
3496 0.000000 
3497 -0.000000 
3498 0.000000 
3499 -0.000000 
3500 0.000000 
3501 -0.000000 
3502 0.000000 
3503 -0.000000 
3504 0.000000 
3505 -0.000000 
3506 0.000000 
3507 -0.000000 
3508 0.000000 
3509 -0.000000 
3510 0.000000 
3511 -0.000000 
3512 0.000000 
3513 -0.000000 
3514 0.000000 
3515 -0.000000 
3516 0.000000 
3517 -0.000000 
3518 0.000000 
3519 -0.000000 
3520 0.000000 
3521 -0.000000 
3522 0.000000 
3523 -0.000000 
3524 0.000000 
3525 -0.000000 
3526 0.000000 
3527 -0.000000 
3528 0.000000 
3529 -0.000000 
3530 0.000000 
3531 -0.000000 
3532 0.000000 
3533 -0.000000 
3534 0.000000 
3535 -0.000000 
3536 0.000000 
3537 -0.000000 
3538 0.000000 
3539 -0.000000 
3540 0.000000 
3541 -0.000000 
3542 0.000000 
3543 -0.000000 
3544 0.000000 
3545 -0.000000 
3546 0.000000 
3547 -0.000000 
3548 0.000000 
3549 -0.000000 
3550 0.000000 
3551 -0.000000 
3552 0.000000 
3553 -0.000000 
3554 0.000000 
3555 -0.000000 
3556 0.000000 
3557 -0.000000 
3558 0.000000 
3559 -0.000000 
3560 0.000000 
3561 -0.000000 
3562 0.000000 
3563 -0.000000 
3564 0.000000 
3565 -0.000000 
3566 0.000000 
3567 -0.000000 
3568 0.000000 
3569 -0.000000 
3570 0.000000 
3571 -0.000000 
3572 0.000000 
3573 -0.000000 
3574 0.000000 
3575 -0.000000 
3576 0.000000 
3577 -0.000000 
3578 0.000000 
3579 -0.000000 
3580 0.000000 
3581 -0.000000 
3582 0.000000 
3583 -0.000000 
3584 0.000000 
3585 -0.000000 
3586 0.000000 
3587 -0.000000 
3588 0.000000 
3589 -0.000000 
3590 0.000000 
3591 -0.000000 
3592 0.000000 
3593 -0.000000 
3594 0.000000 
3595 -0.000000 
3596 0.000000 
3597 -0.000000 
3598 0.000000 
3599 -0.000000 
3600 0.000000 
3601 -0.000000 
3602 0.000000 
3603 -0.000000 
3604 0.000000 
3605 -0.000000 
3606 0.000000 
3607 -0.000000 
3608 0.000000 
3609 -0.000000 
3610 0.000000 
3611 -0.000000 
3612 0.000000 
3613 -0.000000 
3614 0.000000 
3615 -0.000000 
3616 0.000000 
3617 -0.000000 
3618 0.000000 
3619 -0.000000 
3620 0.000000 
3621 -0.000000 
3622 0.000000 
3623 -0.000000 
3624 0.000000 
3625 -0.000000 
3626 0.000000 
3627 -0.000000 
3628 0.000000 
3629 -0.000000 
3630 0.000000 
3631 -0.000000 
3632 -0.000000 
3633 0.000000 
3634 -0.000000 
3635 0.000000 
3636 -0.000000 
3637 0.000000 
3638 -0.000000 
3639 0.000000 
3640 -0.000000 
3641 0.000000 
3642 -0.000000 
3643 0.000000 
3644 -0.000000 
3645 0.000000 
3646 -0.000000 
3647 0.000000 
3648 -0.000000 
3649 0.000000 
3650 -0.000000 
3651 0.000000 
3652 -0.000000 
3653 0.000000 
3654 -0.000000 
3655 0.000000 
3656 -0.000000 
3657 0.000000 
3658 -0.000000 
3659 0.000000 
3660 -0.000000 
3661 0.000000 
3662 -0.000000 
3663 0.000000 
3664 -0.000000 
3665 0.000000 
3666 -0.000000 
3667 0.000000 
3668 -0.000000 
3669 0.000000 
3670 -0.000000 
3671 0.000000 
3672 -0.000000 
3673 0.000000 
3674 -0.000000 
3675 0.000000 
3676 -0.000000 
3677 0.000000 
3678 -0.000000 
3679 0.000000 
3680 -0.000000 
3681 0.000000 
3682 -0.000000 
3683 0.000000 
3684 -0.000000 
3685 0.000000 
3686 -0.000000 
3687 0.000000 
3688 -0.000000 
3689 0.000000 
3690 -0.000000 
3691 0.000000 
3692 -0.000000 
3693 0.000000 
3694 -0.000000 
3695 0.000000 
3696 -0.000000 
3697 0.000000 
3698 -0.000000 
3699 0.000000 
3700 -0.000000 
3701 0.000000 
3702 -0.000000 
3703 0.000000 
3704 -0.000000 
3705 0.000000 
3706 -0.000000 
3707 0.000000 
3708 -0.000000 
3709 0.000000 
3710 -0.000000 
3711 0.000000 
3712 -0.000000 
3713 0.000000 
3714 -0.000000 
3715 0.000000 
3716 -0.000000 
3717 0.000000 
3718 -0.000000 
3719 0.000000 
3720 -0.000000 
3721 0.000000 
3722 -0.000000 
3723 0.000000 
3724 -0.000000 
3725 0.000000 
3726 -0.000000 
3727 0.000000 
3728 -0.000000 
3729 0.000000 
3730 -0.000000 
3731 0.000000 
3732 -0.000000 
3733 0.000000 
3734 -0.000000 
3735 0.000000 
3736 -0.000000 
3737 0.000000 
3738 -0.000000 
3739 0.000000 
3740 -0.000000 
3741 0.000000 
3742 -0.000000 
3743 0.000000 
3744 -0.000000 
3745 0.000000 
3746 -0.000000 
3747 0.000000 
3748 -0.000000 
3749 0.000000 
3750 -0.000000 
3751 0.000000 
3752 -0.000000 
3753 0.000000 
3754 -0.000000 
3755 0.000000 
3756 -0.000000 
3757 0.000000 
3758 -0.000000 
3759 0.000000 
3760 -0.000000 
3761 0.000000 
3762 -0.000000 
3763 0.000000 
3764 -0.000000 
3765 0.000000 
3766 -0.000000 
3767 0.000000 
3768 -0.000000 
3769 0.000000 
3770 -0.000000 
3771 0.000000 
3772 -0.000000 
3773 0.000000 
3774 0.000000 
3775 -0.000000 
3776 0.000000 
3777 -0.000000 
3778 0.000000 
3779 -0.000000 
3780 0.000000 
3781 -0.000000 
3782 0.000000 
3783 -0.000000 
3784 0.000000 
3785 -0.000000 
3786 0.000000 
3787 -0.000000 
3788 0.000000 
3789 -0.000000 
3790 0.000000 
3791 -0.000000 
3792 0.000000 
3793 -0.000000 
3794 0.000000 
3795 -0.000000 
3796 0.000000 
3797 -0.000000 
3798 0.000000 
3799 -0.000000 
3800 0.000000 
3801 -0.000000 
3802 0.000000 
3803 -0.000000 
3804 0.000000 
3805 -0.000000 
3806 0.000000 
3807 -0.000000 
3808 0.000000 
3809 -0.000000 
3810 0.000000 
3811 -0.000000 
3812 0.000000 
3813 -0.000000 
3814 0.000000 
3815 -0.000000 
3816 0.000000 
3817 -0.000000 
3818 0.000000 
3819 -0.000000 
3820 0.000000 
3821 -0.000000 
3822 0.000000 
3823 -0.000000 
3824 0.000000 
3825 -0.000000 
3826 0.000000 
3827 -0.000000 
3828 0.000000 
3829 -0.000000 
3830 0.000000 
3831 -0.000000 
3832 0.000000 
3833 -0.000000 
3834 0.000000 
3835 -0.000000 
3836 0.000000 
3837 -0.000000 
3838 0.000000 
3839 -0.000000 
3840 0.000000 
3841 -0.000000 
3842 0.000000 
3843 -0.000000 
3844 0.000000 
3845 -0.000000 
3846 0.000000 
3847 -0.000000 
3848 0.000000 
3849 -0.000000 
3850 0.000000 
3851 -0.000000 
3852 0.000000 
3853 -0.000000 
3854 0.000000 
3855 -0.000000 
3856 0.000000 
3857 -0.000000 
3858 0.000000 
3859 -0.000000 
3860 0.000000 
3861 -0.000000 
3862 0.000000 
3863 -0.000000 
3864 0.000000 
3865 -0.000000 
3866 0.000000 
3867 -0.000000 
3868 0.000000 
3869 -0.000000 
3870 0.000000 
3871 -0.000000 
3872 0.000000 
3873 -0.000000 
3874 0.000000 
3875 -0.000000 
3876 0.000000 
3877 -0.000000 
3878 0.000000 
3879 -0.000000 
3880 0.000000 
3881 -0.000000 
3882 0.000000 
3883 -0.000000 
3884 0.000000 
3885 -0.000000 
3886 0.000000 
3887 -0.000000 
3888 0.000000 
3889 -0.000000 
3890 0.000000 
3891 -0.000000 
3892 0.000000 
3893 -0.000000 
3894 0.000000 
3895 -0.000000 
3896 0.000000 
3897 -0.000000 
3898 0.000000 
3899 -0.000000 
3900 0.000000 
3901 -0.000000 
3902 0.000000 
3903 -0.000000 
3904 0.000000 
3905 -0.000000 
3906 0.000000 
3907 -0.000000 
3908 0.000000 
3909 -0.000000 
3910 0.000000 
3911 -0.000000 
3912 0.000000 
3913 -0.000000 
3914 0.000000 
3915 -0.000000 
3916 0.000000 
3917 -0.000000 
3918 0.000000 
3919 -0.000000 
3920 0.000000 
3921 -0.000000 
3922 0.000000 
3923 -0.000000 
3924 0.000000 
3925 -0.000000 
3926 0.000000 
3927 -0.000000 
3928 0.000000 
3929 -0.000000 
3930 0.000000 
3931 -0.000000 
3932 0.000000 
3933 -0.000000 
3934 0.000000 
3935 -0.000000 
3936 0.000000 
3937 -0.000000 
3938 0.000000 
3939 -0.000000 
3940 0.000000 
3941 -0.000000 
3942 0.000000 
3943 0.000000 
3944 -0.000000 
3945 0.000000 
3946 -0.000000 
3947 0.000000 
3948 -0.000000 
3949 0.000000 
3950 -0.000000 
3951 0.000000 
3952 -0.000000 
3953 0.000000 
3954 -0.000000 
3955 0.000000 
3956 -0.000000 
3957 0.000000 
3958 -0.000000 
3959 0.000000 
3960 -0.000000 
3961 0.000000 
3962 -0.000000 
3963 0.000000 
3964 -0.000000 
3965 0.000000 
3966 -0.000000 
3967 0.000000 
3968 -0.000000 
3969 0.000000 
3970 -0.000000 
3971 0.000000 
3972 -0.000000 
3973 0.000000 
3974 -0.000000 
3975 0.000000 
3976 -0.000000 
3977 0.000000 
3978 -0.000000 
3979 0.000000 
3980 -0.000000 
3981 0.000000 
3982 -0.000000 
3983 0.000000 
3984 -0.000000 
3985 0.000000 
3986 -0.000000 
3987 0.000000 
3988 -0.000000 
3989 0.000000 
3990 -0.000000 
3991 0.000000 
3992 -0.000000 
3993 0.000000 
3994 -0.000000 
3995 0.000000 
3996 -0.000000 
3997 0.000000 
3998 -0.000000 
3999 0.000000 
4000 -0.000000 
