0 -0.184321 
1 0.184761 
2 -0.185061 
3 0.185215 
4 -0.185218 
5 0.185062 
6 -0.184741 
7 0.184248 
8 -0.183578 
9 0.182722 
10 -0.181676 
11 0.180430 
12 -0.178979 
13 0.177315 
14 -0.175432 
15 0.173321 
16 -0.170976 
17 0.168388 
18 -0.165551 
19 0.162457 
20 -0.159098 
21 0.155467 
22 -0.151555 
23 0.147355 
24 -0.142859 
25 0.138059 
26 -0.132948 
27 0.127516 
28 -0.121757 
29 0.115662 
30 -0.109222 
31 0.102431 
32 -0.095280 
33 0.087761 
34 -0.079866 
35 0.071587 
36 -0.062917 
37 0.053846 
38 -0.044368 
39 0.034474 
40 -0.024157 
41 0.013409 
42 -0.002223 
43 -0.009409 
44 0.021494 
45 -0.034040 
46 0.047053 
47 -0.060541 
48 0.074511 
49 -0.088969 
50 0.103921 
51 -0.119375 
52 0.135336 
53 -0.151810 
54 0.168803 
55 -0.186321 
56 0.204369 
57 -0.222951 
58 0.242074 
59 -0.261741 
60 0.281956 
61 -0.302724 
62 0.324049 
63 -0.345933 
64 0.368379 
65 -0.391391 
66 0.414971 
67 -0.439120 
68 0.463841 
69 -0.489134 
70 0.515000 
71 -0.541440 
72 0.568453 
73 -0.596039 
74 0.624198 
75 -0.652927 
76 0.682224 
77 -0.712088 
78 0.742515 
79 -0.773502 
80 0.805044 
81 -0.837138 
82 0.869779 
83 -0.902960 
84 0.936675 
85 -0.970918 
86 1.005681 
87 -1.040957 
88 1.076735 
89 -1.113008 
90 1.149765 
91 -1.186996 
92 1.224689 
93 -1.262833 
94 1.301414 
95 -1.340420 
96 1.379836 
97 -1.419648 
98 1.459840 
99 -1.500397 
100 1.541300 
101 -1.582534 
102 1.624078 
103 -1.665915 
104 1.708024 
105 -1.750384 
106 1.792975 
107 -1.835774 
108 1.878758 
109 -1.921903 
110 1.965186 
111 -2.008580 
112 2.052061 
113 -2.095600 
114 2.139171 
115 -2.182746 
116 2.226294 
117 -2.269787 
118 2.313194 
119 -2.356484 
120 2.399624 
121 -2.442582 
122 2.485324 
123 -2.527816 
124 2.570023 
125 -2.611910 
126 2.653439 
127 -2.694575 
128 2.735279 
129 -2.775513 
130 2.815238 
131 -2.854415 
132 2.893002 
133 -2.930960 
134 2.968247 
135 -3.004821 
136 3.040639 
137 -3.075659 
138 3.109837 
139 -3.143128 
140 3.175489 
141 -3.206875 
142 3.237240 
143 -3.266539 
144 3.294725 
145 -3.321753 
146 3.347575 
147 -3.372145 
148 3.395415 
149 -3.417339 
150 3.437868 
151 -3.456955 
152 3.474552 
153 -3.490612 
154 3.505086 
155 -3.517926 
156 3.529084 
157 -3.538513 
158 3.546164 
159 -3.551991 
160 3.555945 
161 -3.557980 
162 3.558047 
163 -3.556102 
164 3.552097 
165 -3.545986 
166 3.537724 
167 -3.527265 
168 3.514565 
169 -3.499580 
170 3.482267 
171 -3.462582 
172 3.440483 
173 -3.415929 
174 3.388880 
175 -3.359294 
176 3.327134 
177 -3.292361 
178 3.254937 
179 -3.214827 
180 3.171996 
181 -3.126408 
182 3.078032 
183 -3.026836 
184 2.972788 
185 -2.915860 
186 2.856022 
187 -2.793250 
188 2.727516 
189 -2.658798 
190 2.587072 
191 -2.512318 
192 2.434516 
193 -2.353649 
194 2.269699 
195 -2.182653 
196 2.092498 
197 -1.999222 
198 1.902816 
199 -1.803272 
200 1.700585 
201 -1.594751 
202 1.485767 
203 -1.373634 
204 1.258354 
205 -1.139930 
206 1.018368 
207 -0.893677 
208 0.765866 
209 -0.634947 
210 0.500935 
211 -0.363845 
212 0.223697 
213 -0.080511 
214 -0.065691 
215 0.214883 
216 -0.367038 
217 0.522127 
218 -0.680118 
219 0.840977 
220 -1.004669 
221 1.171155 
222 -1.340395 
223 1.512345 
224 -1.686961 
225 1.864196 
226 -2.044000 
227 2.226321 
228 -2.411107 
229 2.598300 
230 -2.787843 
231 2.979675 
232 -3.173735 
233 3.369956 
234 -3.568274 
235 3.768618 
236 -3.970919 
237 4.175104 
238 -4.381097 
239 4.588822 
240 -4.798201 
241 5.009153 
242 -5.221596 
243 5.435445 
244 -5.650615 
245 5.867019 
246 -6.084567 
247 6.303168 
248 -6.522730 
249 6.743159 
250 -6.964360 
251 7.186235 
252 -7.408688 
253 7.631618 
254 -7.854925 
255 8.078507 
256 -8.302261 
257 8.526083 
258 -8.749869 
259 8.973512 
260 -9.196907 
261 9.419945 
262 -9.642519 
263 9.864520 
264 -10.085838 
265 10.306365 
266 -10.525989 
267 10.744601 
268 -10.962090 
269 11.178345 
270 -11.393255 
271 11.606710 
272 -11.818598 
273 12.028810 
274 -12.237234 
275 12.443760 
276 -12.648279 
277 12.850683 
278 -13.050861 
279 13.248706 
280 -13.444112 
281 13.636971 
282 -13.827179 
283 14.014630 
284 -14.199222 
285 14.380852 
286 -14.559418 
287 14.734823 
288 -14.906966 
289 15.075752 
290 -15.241084 
291 15.402870 
292 -15.561018 
293 15.715437 
294 -15.866038 
295 16.012737 
296 -16.155447 
297 16.294088 
298 -16.428579 
299 16.558841 
300 -16.684801 
301 16.806383 
302 -16.923518 
303 17.036136 
304 -17.144173 
305 17.247565 
306 -17.346251 
307 17.440174 
308 -17.529279 
309 17.613513 
310 -17.692827 
311 17.767174 
312 -17.836512 
313 17.900799 
314 -17.959999 
315 18.014076 
316 -18.063000 
317 18.106743 
318 -18.145279 
319 18.178587 
320 -18.206650 
321 18.229451 
322 -18.246978 
323 18.259225 
324 -18.266184 
325 18.267854 
326 -18.264238 
327 18.255339 
328 -18.241166 
329 18.221731 
330 -18.197048 
331 18.167136 
332 -18.132017 
333 18.091716 
334 -18.046261 
335 17.995685 
336 -17.940021 
337 17.879309 
338 -17.813591 
339 17.742911 
340 -17.667318 
341 17.586862 
342 -17.501599 
343 17.411587 
344 -17.316886 
345 17.217560 
346 -17.113676 
347 17.005305 
348 -16.892518 
349 16.775392 
350 -16.654006 
351 16.528441 
352 -16.398781 
353 16.265113 
354 -16.127527 
355 15.986114 
356 -15.840969 
357 15.692190 
358 -15.539875 
359 15.384127 
360 -15.225049 
361 15.062747 
362 -14.897329 
363 14.728907 
364 -14.557591 
365 14.383496 
366 -14.206738 
367 14.027433 
368 -13.845702 
369 13.661665 
370 -13.475444 
371 13.287163 
372 -13.096946 
373 12.904919 
374 -12.711209 
375 12.515945 
376 -12.319256 
377 12.121271 
378 -11.922120 
379 11.721937 
380 -11.520852 
381 11.318997 
382 -11.116506 
383 10.913512 
384 -10.710148 
385 10.506547 
386 -10.302844 
387 10.099170 
388 -9.895661 
389 9.692448 
390 -9.489665 
391 9.287444 
392 -9.085917 
393 8.885215 
394 -8.685468 
395 8.486807 
396 -8.289361 
397 8.093257 
398 -7.898623 
399 7.705584 
400 -7.514266 
401 7.324793 
402 -7.137285 
403 6.951865 
404 -6.768651 
405 6.587762 
406 -6.409313 
407 6.233418 
408 -6.060192 
409 5.889744 
410 -5.722183 
411 5.557617 
412 -5.396150 
413 5.237885 
414 -5.082923 
415 4.931362 
416 -4.783298 
417 4.638825 
418 -4.498035 
419 4.361016 
420 -4.227855 
421 4.098636 
422 -3.973441 
423 3.852347 
424 -3.735431 
425 3.622766 
426 -3.514424 
427 3.410471 
428 -3.310972 
429 3.215991 
430 -3.125585 
431 3.039811 
432 -2.958723 
433 2.882371 
434 -2.810801 
435 2.744060 
436 -2.682187 
437 2.625221 
438 -2.573198 
439 2.526148 
440 -2.484103 
441 2.447086 
442 -2.415122 
443 2.388229 
444 -2.366424 
445 2.349721 
446 -2.338129 
447 2.331657 
448 -2.330308 
449 2.334083 
450 -2.342979 
451 2.356992 
452 -2.376113 
453 2.400330 
454 -2.429629 
455 2.463992 
456 -2.503399 
457 2.547826 
458 -2.597247 
459 2.651630 
460 -2.710945 
461 2.775155 
462 -2.844221 
463 2.918104 
464 -2.996757 
465 3.080134 
466 -3.168186 
467 3.260859 
468 -3.358099 
469 3.459847 
470 -3.566042 
471 3.676622 
472 -3.791520 
473 3.910667 
474 -4.033993 
475 4.161425 
476 -4.292886 
477 4.428298 
478 -4.567581 
479 4.710652 
480 -4.857426 
481 5.007814 
482 -5.161729 
483 5.319079 
484 -5.479769 
485 5.643705 
486 -5.810789 
487 5.980921 
488 -6.154001 
489 6.329925 
490 -6.508589 
491 6.689886 
492 -6.873709 
493 7.059949 
494 -7.248493 
495 7.439230 
496 -7.632047 
497 7.826827 
498 -8.023456 
499 8.221815 
500 -8.421786 
501 8.623249 
502 -8.826084 
503 9.030170 
504 -9.235384 
505 9.441602 
506 -9.648702 
507 9.856559 
508 -10.065047 
509 10.274041 
510 -10.483416 
511 10.693044 
512 -10.902799 
513 11.112554 
514 -11.322182 
515 11.531556 
516 -11.740549 
517 11.949032 
518 -12.156880 
519 12.363966 
520 -12.570162 
521 12.775342 
522 -12.979381 
523 13.182152 
524 -13.383531 
525 13.583394 
526 -13.781617 
527 13.978076 
528 -14.172651 
529 14.365218 
530 -14.555659 
531 14.743854 
532 -14.929685 
533 15.113034 
534 -15.293786 
535 15.471827 
536 -15.647043 
537 15.819322 
538 -15.988555 
539 16.154632 
540 -16.317446 
541 16.476893 
542 -16.632868 
543 16.785270 
544 -16.933999 
545 17.078957 
546 -17.220048 
547 17.357178 
548 -17.490254 
549 17.619189 
550 -17.743893 
551 17.864282 
552 -17.980274 
553 18.091787 
554 -18.198744 
555 18.301070 
556 -18.398690 
557 18.491536 
558 -18.579539 
559 18.662635 
560 -18.740760 
561 18.813856 
562 -18.881865 
563 18.944734 
564 -19.002412 
565 19.054850 
566 -19.102004 
567 19.143830 
568 -19.180291 
569 19.211349 
570 -19.236971 
571 19.257128 
572 -19.271793 
573 19.280941 
574 -19.284552 
575 19.282609 
576 -19.275096 
577 19.262004 
578 -19.243323 
579 19.219049 
580 -19.189181 
581 19.153719 
582 -19.112669 
583 19.066039 
584 -19.013840 
585 18.956086 
586 -18.892795 
587 18.823988 
588 -18.749688 
589 18.669923 
590 -18.584723 
591 18.494120 
592 -18.398153 
593 18.296859 
594 -18.190282 
595 18.078467 
596 -17.961462 
597 17.839320 
598 -17.712093 
599 17.579841 
600 -17.442622 
601 17.300500 
602 -17.153541 
603 17.001812 
604 -16.845385 
605 16.684333 
606 -16.518733 
607 16.348664 
608 -16.174207 
609 15.995444 
610 -15.812463 
611 15.625352 
612 -15.434201 
613 15.239102 
614 -15.040151 
615 14.837445 
616 -14.631081 
617 14.421161 
618 -14.207786 
619 13.991063 
620 -13.771095 
621 13.547991 
622 -13.321860 
623 13.092812 
624 -12.860959 
625 12.626414 
626 -12.389291 
627 12.149707 
628 -11.907777 
629 11.663619 
630 -11.417352 
631 11.169094 
632 -10.918966 
633 10.667089 
634 -10.413582 
635 10.158569 
636 -9.902170 
637 9.644509 
638 -9.385707 
639 9.125888 
640 -8.865174 
641 8.603687 
642 -8.341551 
643 8.078888 
644 -7.815819 
645 7.552467 
646 -7.288953 
647 7.025396 
648 -6.761919 
649 6.498639 
650 -6.235676 
651 5.973147 
652 -5.711169 
653 5.449859 
654 -5.189330 
655 4.929697 
656 -4.671072 
657 4.413566 
658 -4.157289 
659 3.902349 
660 -3.648853 
661 3.396907 
662 -3.146613 
663 2.898075 
664 -2.651393 
665 2.406663 
666 -2.163985 
667 1.923451 
668 -1.685155 
669 1.449188 
670 -1.215637 
671 0.984590 
672 -0.756131 
673 0.530342 
674 -0.307302 
675 0.087090 
676 0.130219 
677 -0.344552 
678 0.555839 
679 -0.764011 
680 0.969003 
681 -1.170752 
682 1.369197 
683 -1.564279 
684 1.755944 
685 -1.944137 
686 2.128808 
687 -2.309909 
688 2.487395 
689 -2.661223 
690 2.831352 
691 -2.997746 
692 3.160368 
693 -3.319187 
694 3.474172 
695 -3.625297 
696 3.772537 
697 -3.915869 
698 4.055275 
699 -4.190737 
700 4.322241 
701 -4.449774 
702 4.573328 
703 -4.692896 
704 4.808473 
705 -4.920058 
706 5.027650 
707 -5.131252 
708 5.230870 
709 -5.326511 
710 5.418184 
711 -5.505903 
712 5.589680 
713 -5.669533 
714 5.745480 
715 -5.817541 
716 5.885740 
717 -5.950100 
718 6.010650 
719 -6.067417 
720 6.120432 
721 -6.169727 
722 6.215337 
723 -6.257298 
724 6.295646 
725 -6.330422 
726 6.361666 
727 -6.389421 
728 6.413731 
729 -6.434641 
730 6.452197 
731 -6.466448 
732 6.477443 
733 -6.485234 
734 6.489870 
735 -6.491407 
736 6.489896 
737 -6.485395 
738 6.477957 
739 -6.467641 
740 6.454504 
741 -6.438604 
742 6.420001 
743 -6.398755 
744 6.374926 
745 -6.348575 
746 6.319764 
747 -6.288555 
748 6.255011 
749 -6.219195 
750 6.181169 
751 -6.140999 
752 6.098746 
753 -6.054475 
754 6.008251 
755 -5.960137 
756 5.910197 
757 -5.858496 
758 5.805097 
759 -5.750065 
760 5.693463 
761 -5.635355 
762 5.575804 
763 -5.514874 
764 5.452627 
765 -5.389125 
766 5.324430 
767 -5.258605 
768 5.191709 
769 -5.123804 
770 5.054949 
771 -4.985204 
772 4.914628 
773 -4.843279 
774 4.771214 
775 -4.698490 
776 4.625164 
777 -4.551290 
778 4.476923 
779 -4.402117 
780 4.326924 
781 -4.251397 
782 4.175587 
783 -4.099544 
784 4.023317 
785 -3.946956 
786 3.870506 
787 -3.794015 
788 3.717528 
789 -3.641091 
790 3.564745 
791 -3.488535 
792 3.412501 
793 -3.336683 
794 3.261122 
795 -3.185855 
796 3.110920 
797 -3.036354 
798 2.962190 
799 -2.888464 
800 2.815209 
801 -2.742455 
802 2.670235 
803 -2.598578 
804 2.527513 
805 -2.457067 
806 2.387268 
807 -2.318140 
808 2.249708 
809 -2.181996 
810 2.115025 
811 -2.048818 
812 1.983395 
813 -1.918775 
814 1.854976 
815 -1.792015 
816 1.729909 
817 -1.668673 
818 1.608322 
819 -1.548868 
820 1.490325 
821 -1.432703 
822 1.376013 
823 -1.320266 
824 1.265469 
825 -1.211631 
826 1.158758 
827 -1.106857 
828 1.055933 
829 -1.005991 
830 0.957035 
831 -0.909066 
832 0.862089 
833 -0.816103 
834 0.771110 
835 -0.727110 
836 0.684101 
837 -0.642084 
838 0.601055 
839 -0.561012 
840 0.521951 
841 -0.483870 
842 0.446763 
843 -0.410625 
844 0.375451 
845 -0.341234 
846 0.307969 
847 -0.275647 
848 0.244261 
849 -0.213804 
850 0.184267 
851 -0.155641 
852 0.127916 
853 -0.101083 
854 0.075132 
855 -0.050052 
856 0.025834 
857 -0.002465 
858 -0.020065 
859 0.041769 
860 -0.062657 
861 0.082742 
862 -0.102037 
863 0.120553 
864 -0.138304 
865 0.155303 
866 -0.171561 
867 0.187094 
868 -0.201914 
869 0.216034 
870 -0.229468 
871 0.242230 
872 -0.254333 
873 0.265792 
874 -0.276619 
875 0.286830 
876 -0.296437 
877 0.305456 
878 -0.313899 
879 0.321780 
880 -0.329114 
881 0.335915 
882 -0.342196 
883 0.347970 
884 -0.353253 
885 0.358056 
886 -0.362395 
887 0.366282 
888 -0.369731 
889 0.372754 
890 -0.375366 
891 0.377579 
892 -0.379407 
893 0.380861 
894 -0.381954 
895 0.382700 
896 -0.383110 
897 0.383196 
898 -0.382972 
899 0.382447 
900 -0.381635 
901 0.380546 
902 -0.379192 
903 0.377584 
904 -0.375734 
905 0.373651 
906 -0.371346 
907 0.368830 
908 -0.366114 
909 0.363206 
910 -0.360116 
911 0.356855 
912 -0.353432 
913 0.349856 
914 -0.346135 
915 0.342279 
916 -0.338295 
917 0.334194 
918 -0.329981 
919 0.325667 
920 -0.321257 
921 0.316760 
922 -0.312183 
923 0.307533 
924 -0.302817 
925 0.298042 
926 -0.293213 
927 0.288338 
928 -0.283423 
929 0.278473 
930 -0.273494 
931 0.268491 
932 -0.263471 
933 0.258437 
934 -0.253396 
935 0.248351 
936 -0.243307 
937 0.238269 
938 -0.233240 
939 0.228226 
940 -0.223229 
941 0.218254 
942 -0.213303 
943 0.208381 
944 -0.203491 
945 0.198635 
946 -0.193816 
947 0.189038 
948 -0.184302 
949 0.179612 
950 -0.174969 
951 0.170376 
952 -0.165835 
953 0.161348 
954 -0.156916 
955 0.152542 
956 -0.148226 
957 0.143970 
958 -0.139776 
959 0.135644 
960 -0.131577 
961 0.127573 
962 -0.123636 
963 0.119765 
964 -0.115961 
965 0.112225 
966 -0.108557 
967 0.104958 
968 -0.101427 
969 0.097966 
970 -0.094574 
971 0.091252 
972 -0.088000 
973 0.084817 
974 -0.081703 
975 0.078659 
976 -0.075684 
977 0.072777 
978 -0.069940 
979 0.067170 
980 -0.064468 
981 0.061833 
982 -0.059265 
983 0.056763 
984 -0.054326 
985 0.051954 
986 -0.049647 
987 0.047403 
988 -0.045222 
989 0.043102 
990 -0.041044 
991 0.039047 
992 -0.037108 
993 0.035229 
994 -0.033407 
995 0.031642 
996 -0.029933 
997 0.028279 
998 -0.026679 
999 0.025132 
1000 -0.023637 
1001 0.022193 
1002 -0.020799 
1003 0.019455 
1004 -0.018159 
1005 0.016910 
1006 -0.015707 
1007 0.014549 
1008 -0.013435 
1009 0.012365 
1010 -0.011337 
1011 0.010350 
1012 -0.009403 
1013 0.008495 
1014 -0.007625 
1015 0.006793 
1016 -0.005997 
1017 0.005236 
1018 -0.004509 
1019 0.003816 
1020 -0.003156 
1021 0.002526 
1022 -0.001928 
1023 0.001359 
1024 -0.000819 
1025 0.000307 
1026 0.000178 
1027 -0.000636 
1028 0.001070 
1029 -0.001478 
1030 0.001863 
1031 -0.002225 
1032 0.002565 
1033 -0.002883 
1034 0.003181 
1035 -0.003459 
1036 0.003717 
1037 -0.003958 
1038 0.004180 
1039 -0.004385 
1040 0.004574 
1041 -0.004747 
1042 0.004905 
1043 -0.005048 
1044 0.005178 
1045 -0.005294 
1046 0.005397 
1047 -0.005488 
1048 0.005568 
1049 -0.005636 
1050 0.005694 
1051 -0.005741 
1052 0.005779 
1053 -0.005808 
1054 0.005829 
1055 -0.005840 
1056 0.005845 
1057 -0.005841 
1058 0.005831 
1059 -0.005815 
1060 0.005792 
1061 -0.005763 
1062 0.005729 
1063 -0.005689 
1064 0.005645 
1065 -0.005596 
1066 0.005543 
1067 -0.005487 
1068 0.005426 
1069 -0.005363 
1070 0.005296 
1071 -0.005226 
1072 0.005154 
1073 -0.005080 
1074 0.005003 
1075 -0.004925 
1076 0.004845 
1077 -0.004763 
1078 0.004680 
1079 -0.004596 
1080 0.004511 
1081 -0.004425 
1082 0.004338 
1083 -0.004251 
1084 0.004164 
1085 -0.004076 
1086 0.003989 
1087 -0.003901 
1088 0.003813 
1089 -0.003726 
1090 0.003639 
1091 -0.003552 
1092 0.003466 
1093 -0.003381 
1094 0.003296 
1095 -0.003212 
1096 0.003129 
1097 -0.003046 
1098 0.002965 
1099 -0.002884 
1100 0.002805 
1101 -0.002726 
1102 0.002649 
1103 -0.002573 
1104 0.002498 
1105 -0.002424 
1106 0.002351 
1107 -0.002280 
1108 0.002210 
1109 -0.002141 
1110 0.002074 
1111 -0.002007 
1112 0.001943 
1113 -0.001879 
1114 0.001817 
1115 -0.001756 
1116 0.001697 
1117 -0.001639 
1118 0.001582 
1119 -0.001527 
1120 0.001473 
1121 -0.001420 
1122 0.001368 
1123 -0.001318 
1124 0.001269 
1125 -0.001222 
1126 0.001176 
1127 -0.001131 
1128 0.001087 
1129 -0.001045 
1130 0.001003 
1131 -0.000963 
1132 0.000924 
1133 -0.000886 
1134 0.000850 
1135 -0.000814 
1136 0.000780 
1137 -0.000747 
1138 0.000714 
1139 -0.000683 
1140 0.000653 
1141 -0.000624 
1142 0.000596 
1143 -0.000568 
1144 0.000542 
1145 -0.000517 
1146 0.000492 
1147 -0.000469 
1148 0.000446 
1149 -0.000424 
1150 0.000403 
1151 -0.000382 
1152 0.000363 
1153 -0.000344 
1154 0.000326 
1155 -0.000308 
1156 0.000292 
1157 -0.000276 
1158 0.000260 
1159 -0.000246 
1160 0.000231 
1161 -0.000218 
1162 0.000205 
1163 -0.000192 
1164 0.000181 
1165 -0.000169 
1166 0.000158 
1167 -0.000148 
1168 0.000138 
1169 -0.000129 
1170 0.000120 
1171 -0.000111 
1172 0.000103 
1173 -0.000095 
1174 0.000088 
1175 -0.000081 
1176 0.000074 
1177 -0.000068 
1178 0.000062 
1179 -0.000056 
1180 0.000051 
1181 -0.000046 
1182 0.000041 
1183 -0.000036 
1184 0.000032 
1185 -0.000028 
1186 0.000024 
1187 -0.000020 
1188 0.000017 
1189 -0.000014 
1190 0.000011 
1191 -0.000008 
1192 0.000006 
1193 -0.000003 
1194 0.000001 
1195 0.000001 
1196 -0.000003 
1197 0.000005 
1198 -0.000006 
1199 0.000008 
1200 -0.000009 
1201 0.000011 
1202 -0.000012 
1203 0.000013 
1204 -0.000014 
1205 0.000015 
1206 -0.000016 
1207 0.000016 
1208 -0.000017 
1209 0.000017 
1210 -0.000018 
1211 0.000018 
1212 -0.000019 
1213 0.000019 
1214 -0.000019 
1215 0.000019 
1216 -0.000020 
1217 0.000020 
1218 -0.000020 
1219 0.000020 
1220 -0.000020 
1221 0.000020 
1222 -0.000020 
1223 0.000019 
1224 -0.000019 
1225 0.000019 
1226 -0.000019 
1227 0.000019 
1228 -0.000019 
1229 0.000018 
1230 -0.000018 
1231 0.000018 
1232 -0.000017 
1233 0.000017 
1234 -0.000017 
1235 0.000017 
1236 -0.000016 
1237 0.000016 
1238 -0.000016 
1239 0.000015 
1240 -0.000015 
1241 0.000015 
1242 -0.000014 
1243 0.000014 
1244 -0.000014 
1245 0.000013 
1246 -0.000013 
1247 0.000012 
1248 -0.000012 
1249 0.000012 
1250 -0.000011 
1251 0.000011 
1252 -0.000011 
1253 0.000011 
1254 -0.000010 
1255 0.000010 
1256 -0.000010 
1257 0.000009 
1258 -0.000009 
1259 0.000009 
1260 -0.000008 
1261 0.000008 
1262 -0.000008 
1263 0.000008 
1264 -0.000007 
1265 0.000007 
1266 -0.000007 
1267 0.000007 
1268 -0.000006 
1269 0.000006 
1270 -0.000006 
1271 0.000006 
1272 -0.000005 
1273 0.000005 
1274 -0.000005 
1275 0.000005 
1276 -0.000005 
1277 0.000004 
1278 -0.000004 
1279 0.000004 
1280 -0.000004 
1281 0.000004 
1282 -0.000004 
1283 0.000003 
1284 -0.000003 
1285 0.000003 
1286 -0.000003 
1287 0.000003 
1288 -0.000003 
1289 0.000003 
1290 -0.000003 
1291 0.000002 
1292 -0.000002 
1293 0.000002 
1294 -0.000002 
1295 0.000002 
1296 -0.000002 
1297 0.000002 
1298 -0.000002 
1299 0.000002 
1300 -0.000002 
1301 0.000001 
1302 -0.000001 
1303 0.000001 
1304 -0.000001 
1305 0.000001 
1306 -0.000001 
1307 0.000001 
1308 -0.000001 
1309 0.000001 
1310 -0.000001 
1311 0.000001 
1312 -0.000001 
1313 0.000001 
1314 -0.000001 
1315 0.000001 
1316 -0.000001 
1317 0.000001 
1318 -0.000001 
1319 0.000001 
1320 -0.000001 
1321 0.000000 
1322 -0.000000 
1323 0.000000 
1324 -0.000000 
1325 0.000000 
1326 -0.000000 
1327 0.000000 
1328 -0.000000 
1329 0.000000 
1330 -0.000000 
1331 0.000000 
1332 -0.000000 
1333 0.000000 
1334 -0.000000 
1335 0.000000 
1336 -0.000000 
1337 0.000000 
1338 -0.000000 
1339 0.000000 
1340 -0.000000 
1341 0.000000 
1342 -0.000000 
1343 0.000000 
1344 -0.000000 
1345 0.000000 
1346 -0.000000 
1347 0.000000 
1348 -0.000000 
1349 0.000000 
1350 -0.000000 
1351 0.000000 
1352 -0.000000 
1353 0.000000 
1354 -0.000000 
1355 0.000000 
1356 -0.000000 
1357 0.000000 
1358 -0.000000 
1359 0.000000 
1360 -0.000000 
1361 0.000000 
1362 -0.000000 
1363 0.000000 
1364 0.000000 
1365 -0.000000 
1366 0.000000 
1367 -0.000000 
1368 0.000000 
1369 -0.000000 
1370 0.000000 
1371 -0.000000 
1372 0.000000 
1373 -0.000000 
1374 0.000000 
1375 -0.000000 
1376 0.000000 
1377 -0.000000 
1378 0.000000 
1379 -0.000000 
1380 0.000000 
1381 -0.000000 
1382 0.000000 
1383 -0.000000 
1384 0.000000 
1385 -0.000000 
1386 0.000000 
1387 -0.000000 
1388 0.000000 
1389 -0.000000 
1390 0.000000 
1391 -0.000000 
1392 0.000000 
1393 -0.000000 
1394 0.000000 
1395 -0.000000 
1396 0.000000 
1397 -0.000000 
1398 0.000000 
1399 -0.000000 
1400 0.000000 
1401 -0.000000 
1402 0.000000 
1403 -0.000000 
1404 0.000000 
1405 -0.000000 
1406 0.000000 
1407 -0.000000 
1408 0.000000 
1409 -0.000000 
1410 0.000000 
1411 -0.000000 
1412 0.000000 
1413 -0.000000 
1414 0.000000 
1415 -0.000000 
1416 0.000000 
1417 -0.000000 
1418 0.000000 
1419 -0.000000 
1420 0.000000 
1421 -0.000000 
1422 0.000000 
1423 -0.000000 
1424 0.000000 
1425 -0.000000 
1426 0.000000 
1427 -0.000000 
1428 0.000000 
1429 -0.000000 
1430 0.000000 
1431 -0.000000 
1432 0.000000 
1433 -0.000000 
1434 0.000000 
1435 -0.000000 
1436 0.000000 
1437 -0.000000 
1438 0.000000 
1439 -0.000000 
1440 0.000000 
1441 -0.000000 
1442 0.000000 
1443 -0.000000 
1444 0.000000 
1445 -0.000000 
1446 0.000000 
1447 -0.000000 
1448 0.000000 
1449 -0.000000 
1450 0.000000 
1451 -0.000000 
1452 0.000000 
1453 -0.000000 
1454 0.000000 
1455 -0.000000 
1456 0.000000 
1457 -0.000000 
1458 0.000000 
1459 -0.000000 
1460 0.000000 
1461 -0.000000 
1462 0.000000 
1463 -0.000000 
1464 0.000000 
1465 -0.000000 
1466 0.000000 
1467 -0.000000 
1468 0.000000 
1469 -0.000000 
1470 0.000000 
1471 -0.000000 
1472 0.000000 
1473 -0.000000 
1474 0.000000 
1475 -0.000000 
1476 0.000000 
1477 -0.000000 
1478 0.000000 
1479 -0.000000 
1480 0.000000 
1481 -0.000000 
1482 0.000000 
1483 -0.000000 
1484 0.000000 
1485 -0.000000 
1486 0.000000 
1487 -0.000000 
1488 0.000000 
1489 -0.000000 
1490 0.000000 
1491 -0.000000 
1492 0.000000 
1493 -0.000000 
1494 0.000000 
1495 -0.000000 
1496 0.000000 
1497 -0.000000 
1498 0.000000 
1499 -0.000000 
1500 0.000000 
1501 -0.000000 
1502 0.000000 
1503 -0.000000 
1504 0.000000 
1505 -0.000000 
1506 0.000000 
1507 -0.000000 
1508 0.000000 
1509 -0.000000 
1510 0.000000 
1511 -0.000000 
1512 0.000000 
1513 -0.000000 
1514 0.000000 
1515 -0.000000 
1516 0.000000 
1517 -0.000000 
1518 0.000000 
1519 -0.000000 
1520 0.000000 
1521 -0.000000 
1522 0.000000 
1523 -0.000000 
1524 0.000000 
1525 -0.000000 
1526 0.000000 
1527 -0.000000 
1528 0.000000 
1529 -0.000000 
1530 0.000000 
1531 -0.000000 
1532 -0.000000 
1533 0.000000 
1534 -0.000000 
1535 0.000000 
1536 -0.000000 
1537 0.000000 
1538 -0.000000 
1539 0.000000 
1540 -0.000000 
1541 0.000000 
1542 -0.000000 
1543 0.000000 
1544 -0.000000 
1545 0.000000 
1546 -0.000000 
1547 0.000000 
1548 -0.000000 
1549 0.000000 
1550 -0.000000 
1551 0.000000 
1552 -0.000000 
1553 0.000000 
1554 -0.000000 
1555 0.000000 
1556 -0.000000 
1557 0.000000 
1558 -0.000000 
1559 0.000000 
1560 -0.000000 
1561 0.000000 
1562 -0.000000 
1563 0.000000 
1564 -0.000000 
1565 0.000000 
1566 -0.000000 
1567 0.000000 
1568 -0.000000 
1569 0.000000 
1570 -0.000000 
1571 0.000000 
1572 -0.000000 
1573 0.000000 
1574 -0.000000 
1575 0.000000 
1576 -0.000000 
1577 0.000000 
1578 -0.000000 
1579 0.000000 
1580 -0.000000 
1581 0.000000 
1582 -0.000000 
1583 0.000000 
1584 -0.000000 
1585 0.000000 
1586 -0.000000 
1587 0.000000 
1588 -0.000000 
1589 0.000000 
1590 -0.000000 
1591 0.000000 
1592 -0.000000 
1593 0.000000 
1594 -0.000000 
1595 0.000000 
1596 -0.000000 
1597 0.000000 
1598 -0.000000 
1599 0.000000 
1600 -0.000000 
1601 0.000000 
1602 -0.000000 
1603 0.000000 
1604 -0.000000 
1605 0.000000 
1606 -0.000000 
1607 0.000000 
1608 -0.000000 
1609 0.000000 
1610 -0.000000 
1611 0.000000 
1612 -0.000000 
1613 0.000000 
1614 -0.000000 
1615 0.000000 
1616 -0.000000 
1617 0.000000 
1618 -0.000000 
1619 0.000000 
1620 -0.000000 
1621 0.000000 
1622 -0.000000 
1623 0.000000 
1624 -0.000000 
1625 0.000000 
1626 -0.000000 
1627 0.000000 
1628 -0.000000 
1629 0.000000 
1630 -0.000000 
1631 0.000000 
1632 -0.000000 
1633 0.000000 
1634 -0.000000 
1635 0.000000 
1636 -0.000000 
1637 0.000000 
1638 -0.000000 
1639 0.000000 
1640 -0.000000 
1641 0.000000 
1642 -0.000000 
1643 0.000000 
1644 -0.000000 
1645 0.000000 
1646 -0.000000 
1647 0.000000 
1648 -0.000000 
1649 0.000000 
1650 -0.000000 
1651 0.000000 
1652 -0.000000 
1653 0.000000 
1654 -0.000000 
1655 0.000000 
1656 -0.000000 
1657 0.000000 
1658 -0.000000 
1659 0.000000 
1660 -0.000000 
1661 0.000000 
1662 -0.000000 
1663 0.000000 
1664 -0.000000 
1665 0.000000 
1666 -0.000000 
1667 0.000000 
1668 -0.000000 
1669 0.000000 
1670 -0.000000 
1671 0.000000 
1672 -0.000000 
1673 0.000000 
1674 -0.000000 
1675 0.000000 
1676 -0.000000 
1677 0.000000 
1678 -0.000000 
1679 0.000000 
1680 -0.000000 
1681 0.000000 
1682 -0.000000 
1683 0.000000 
1684 -0.000000 
1685 0.000000 
1686 -0.000000 
1687 0.000000 
1688 -0.000000 
1689 0.000000 
1690 -0.000000 
1691 0.000000 
1692 -0.000000 
1693 0.000000 
1694 -0.000000 
1695 0.000000 
1696 -0.000000 
1697 0.000000 
1698 0.000000 
1699 -0.000000 
1700 0.000000 
1701 -0.000000 
1702 0.000000 
1703 -0.000000 
1704 0.000000 
1705 -0.000000 
1706 0.000000 
1707 -0.000000 
1708 0.000000 
1709 -0.000000 
1710 0.000000 
1711 -0.000000 
1712 0.000000 
1713 -0.000000 
1714 0.000000 
1715 -0.000000 
1716 0.000000 
1717 -0.000000 
1718 0.000000 
1719 -0.000000 
1720 0.000000 
1721 -0.000000 
1722 0.000000 
1723 -0.000000 
1724 0.000000 
1725 -0.000000 
1726 0.000000 
1727 -0.000000 
1728 0.000000 
1729 -0.000000 
1730 0.000000 
1731 -0.000000 
1732 0.000000 
1733 -0.000000 
1734 0.000000 
1735 -0.000000 
1736 0.000000 
1737 -0.000000 
1738 0.000000 
1739 -0.000000 
1740 0.000000 
1741 -0.000000 
1742 0.000000 
1743 -0.000000 
1744 0.000000 
1745 -0.000000 
1746 0.000000 
1747 -0.000000 
1748 0.000000 
1749 -0.000000 
1750 0.000000 
1751 -0.000000 
1752 0.000000 
1753 -0.000000 
1754 0.000000 
1755 -0.000000 
1756 0.000000 
1757 -0.000000 
1758 0.000000 
1759 -0.000000 
1760 0.000000 
1761 -0.000000 
1762 0.000000 
1763 -0.000000 
1764 0.000000 
1765 -0.000000 
1766 0.000000 
1767 -0.000000 
1768 0.000000 
1769 -0.000000 
1770 0.000000 
1771 -0.000000 
1772 0.000000 
1773 -0.000000 
1774 0.000000 
1775 -0.000000 
1776 0.000000 
1777 -0.000000 
1778 0.000000 
1779 -0.000000 
1780 0.000000 
1781 -0.000000 
1782 0.000000 
1783 -0.000000 
1784 0.000000 
1785 -0.000000 
1786 0.000000 
1787 -0.000000 
1788 0.000000 
1789 -0.000000 
1790 0.000000 
1791 -0.000000 
1792 0.000000 
1793 -0.000000 
1794 0.000000 
1795 -0.000000 
1796 0.000000 
1797 -0.000000 
1798 0.000000 
1799 -0.000000 
1800 0.000000 
1801 -0.000000 
1802 0.000000 
1803 -0.000000 
1804 0.000000 
1805 -0.000000 
1806 0.000000 
1807 -0.000000 
1808 0.000000 
1809 -0.000000 
1810 0.000000 
1811 -0.000000 
1812 0.000000 
1813 -0.000000 
1814 0.000000 
1815 -0.000000 
1816 0.000000 
1817 -0.000000 
1818 0.000000 
1819 -0.000000 
1820 0.000000 
1821 -0.000000 
1822 0.000000 
1823 -0.000000 
1824 0.000000 
1825 -0.000000 
1826 0.000000 
1827 -0.000000 
1828 0.000000 
1829 -0.000000 
1830 0.000000 
1831 -0.000000 
1832 0.000000 
1833 -0.000000 
1834 0.000000 
1835 -0.000000 
1836 0.000000 
1837 -0.000000 
1838 0.000000 
1839 -0.000000 
1840 0.000000 
1841 -0.000000 
1842 0.000000 
1843 -0.000000 
1844 0.000000 
1845 -0.000000 
1846 0.000000 
1847 -0.000000 
1848 0.000000 
1849 -0.000000 
1850 0.000000 
1851 -0.000000 
1852 0.000000 
1853 -0.000000 
1854 0.000000 
1855 -0.000000 
1856 0.000000 
1857 -0.000000 
1858 0.000000 
1859 -0.000000 
1860 0.000000 
1861 -0.000000 
1862 0.000000 
1863 -0.000000 
1864 0.000000 
1865 -0.000000 
1866 0.000000 
1867 -0.000000 
1868 0.000000 
1869 -0.000000 
1870 0.000000 
1871 0.000000 
1872 -0.000000 
1873 0.000000 
1874 -0.000000 
1875 0.000000 
1876 -0.000000 
1877 0.000000 
1878 -0.000000 
1879 0.000000 
1880 -0.000000 
1881 0.000000 
1882 -0.000000 
1883 0.000000 
1884 -0.000000 
1885 0.000000 
1886 -0.000000 
1887 0.000000 
1888 -0.000000 
1889 0.000000 
1890 -0.000000 
1891 0.000000 
1892 -0.000000 
1893 0.000000 
1894 -0.000000 
1895 0.000000 
1896 -0.000000 
1897 0.000000 
1898 -0.000000 
1899 0.000000 
1900 -0.000000 
1901 0.000000 
1902 -0.000000 
1903 0.000000 
1904 -0.000000 
1905 0.000000 
1906 -0.000000 
1907 0.000000 
1908 -0.000000 
1909 0.000000 
1910 -0.000000 
1911 0.000000 
1912 -0.000000 
1913 0.000000 
1914 -0.000000 
1915 0.000000 
1916 -0.000000 
1917 0.000000 
1918 -0.000000 
1919 0.000000 
1920 -0.000000 
1921 0.000000 
1922 -0.000000 
1923 0.000000 
1924 -0.000000 
1925 0.000000 
1926 -0.000000 
1927 0.000000 
1928 -0.000000 
1929 0.000000 
1930 -0.000000 
1931 0.000000 
1932 -0.000000 
1933 0.000000 
1934 -0.000000 
1935 0.000000 
1936 -0.000000 
1937 0.000000 
1938 -0.000000 
1939 0.000000 
1940 -0.000000 
1941 0.000000 
1942 -0.000000 
1943 0.000000 
1944 -0.000000 
1945 0.000000 
1946 -0.000000 
1947 0.000000 
1948 -0.000000 
1949 0.000000 
1950 -0.000000 
1951 0.000000 
1952 -0.000000 
1953 0.000000 
1954 -0.000000 
1955 0.000000 
1956 -0.000000 
1957 0.000000 
1958 -0.000000 
1959 0.000000 
1960 -0.000000 
1961 0.000000 
1962 -0.000000 
1963 0.000000 
1964 -0.000000 
1965 0.000000 
1966 -0.000000 
1967 0.000000 
1968 -0.000000 
1969 0.000000 
1970 -0.000000 
1971 0.000000 
1972 -0.000000 
1973 0.000000 
1974 -0.000000 
1975 0.000000 
1976 -0.000000 
1977 0.000000 
1978 -0.000000 
1979 0.000000 
1980 -0.000000 
1981 0.000000 
1982 -0.000000 
1983 0.000000 
1984 -0.000000 
1985 0.000000 
1986 -0.000000 
1987 0.000000 
1988 -0.000000 
1989 0.000000 
1990 -0.000000 
1991 0.000000 
1992 -0.000000 
1993 0.000000 
1994 -0.000000 
1995 0.000000 
1996 -0.000000 
1997 0.000000 
1998 -0.000000 
1999 0.000000 
2000 -0.000000 
2001 0.000000 
2002 -0.000000 
2003 0.000000 
2004 -0.000000 
2005 0.000000 
2006 -0.000000 
2007 0.000000 
2008 -0.000000 
2009 0.000000 
2010 -0.000000 
2011 0.000000 
2012 -0.000000 
2013 0.000000 
2014 -0.000000 
2015 0.000000 
2016 -0.000000 
2017 0.000000 
2018 -0.000000 
2019 0.000000 
2020 -0.000000 
2021 0.000000 
2022 -0.000000 
2023 0.000000 
2024 -0.000000 
2025 0.000000 
2026 -0.000000 
2027 0.000000 
2028 -0.000000 
2029 0.000000 
2030 -0.000000 
2031 0.000000 
2032 -0.000000 
2033 0.000000 
2034 -0.000000 
2035 0.000000 
2036 0.000000 
2037 -0.000000 
2038 0.000000 
2039 -0.000000 
2040 0.000000 
2041 -0.000000 
2042 0.000000 
2043 -0.000000 
2044 0.000000 
2045 -0.000000 
2046 0.000000 
2047 -0.000000 
2048 0.000000 
2049 -0.000000 
2050 0.000000 
2051 -0.000000 
2052 0.000000 
2053 -0.000000 
2054 0.000000 
2055 -0.000000 
2056 0.000000 
2057 -0.000000 
2058 0.000000 
2059 -0.000000 
2060 0.000000 
2061 -0.000000 
2062 0.000000 
2063 -0.000000 
2064 0.000000 
2065 -0.000000 
2066 0.000000 
2067 -0.000000 
2068 0.000000 
2069 -0.000000 
2070 0.000000 
2071 -0.000000 
2072 0.000000 
2073 -0.000000 
2074 0.000000 
2075 -0.000000 
2076 0.000000 
2077 -0.000000 
2078 0.000000 
2079 -0.000000 
2080 0.000000 
2081 -0.000000 
2082 0.000000 
2083 -0.000000 
2084 0.000000 
2085 -0.000000 
2086 0.000000 
2087 -0.000000 
2088 0.000000 
2089 -0.000000 
2090 0.000000 
2091 -0.000000 
2092 0.000000 
2093 -0.000000 
2094 0.000000 
2095 -0.000000 
2096 0.000000 
2097 -0.000000 
2098 0.000000 
2099 -0.000000 
2100 0.000000 
2101 -0.000000 
2102 0.000000 
2103 -0.000000 
2104 0.000000 
2105 -0.000000 
2106 0.000000 
2107 -0.000000 
2108 0.000000 
2109 -0.000000 
2110 0.000000 
2111 -0.000000 
2112 0.000000 
2113 -0.000000 
2114 0.000000 
2115 -0.000000 
2116 0.000000 
2117 -0.000000 
2118 0.000000 
2119 -0.000000 
2120 0.000000 
2121 -0.000000 
2122 0.000000 
2123 -0.000000 
2124 0.000000 
2125 -0.000000 
2126 0.000000 
2127 -0.000000 
2128 0.000000 
2129 -0.000000 
2130 0.000000 
2131 -0.000000 
2132 0.000000 
2133 -0.000000 
2134 0.000000 
2135 -0.000000 
2136 0.000000 
2137 -0.000000 
2138 0.000000 
2139 -0.000000 
2140 0.000000 
2141 -0.000000 
2142 0.000000 
2143 -0.000000 
2144 0.000000 
2145 -0.000000 
2146 0.000000 
2147 -0.000000 
2148 0.000000 
2149 -0.000000 
2150 0.000000 
2151 -0.000000 
2152 0.000000 
2153 -0.000000 
2154 0.000000 
2155 -0.000000 
2156 0.000000 
2157 -0.000000 
2158 0.000000 
2159 -0.000000 
2160 0.000000 
2161 -0.000000 
2162 0.000000 
2163 -0.000000 
2164 0.000000 
2165 -0.000000 
2166 0.000000 
2167 -0.000000 
2168 0.000000 
2169 -0.000000 
2170 0.000000 
2171 -0.000000 
2172 0.000000 
2173 -0.000000 
2174 0.000000 
2175 -0.000000 
2176 0.000000 
2177 -0.000000 
2178 0.000000 
2179 -0.000000 
2180 0.000000 
2181 -0.000000 
2182 0.000000 
2183 -0.000000 
2184 0.000000 
2185 -0.000000 
2186 0.000000 
2187 -0.000000 
2188 0.000000 
2189 -0.000000 
2190 0.000000 
2191 -0.000000 
2192 0.000000 
2193 -0.000000 
2194 0.000000 
2195 -0.000000 
2196 0.000000 
2197 -0.000000 
2198 0.000000 
2199 -0.000000 
2200 0.000000 
2201 -0.000000 
2202 0.000000 
2203 -0.000000 
2204 0.000000 
2205 -0.000000 
2206 0.000000 
2207 -0.000000 
2208 0.000000 
2209 -0.000000 
2210 0.000000 
2211 -0.000000 
2212 0.000000 
2213 -0.000000 
2214 -0.000000 
2215 0.000000 
2216 -0.000000 
2217 0.000000 
2218 -0.000000 
2219 0.000000 
2220 -0.000000 
2221 0.000000 
2222 -0.000000 
2223 0.000000 
2224 -0.000000 
2225 0.000000 
2226 -0.000000 
2227 0.000000 
2228 -0.000000 
2229 0.000000 
2230 -0.000000 
2231 0.000000 
2232 -0.000000 
2233 0.000000 
2234 -0.000000 
2235 0.000000 
2236 -0.000000 
2237 0.000000 
2238 -0.000000 
2239 0.000000 
2240 -0.000000 
2241 0.000000 
2242 -0.000000 
2243 0.000000 
2244 -0.000000 
2245 0.000000 
2246 -0.000000 
2247 0.000000 
2248 -0.000000 
2249 0.000000 
2250 -0.000000 
2251 0.000000 
2252 -0.000000 
2253 0.000000 
2254 -0.000000 
2255 0.000000 
2256 -0.000000 
2257 0.000000 
2258 -0.000000 
2259 0.000000 
2260 -0.000000 
2261 0.000000 
2262 -0.000000 
2263 0.000000 
2264 -0.000000 
2265 0.000000 
2266 -0.000000 
2267 0.000000 
2268 -0.000000 
2269 0.000000 
2270 -0.000000 
2271 0.000000 
2272 -0.000000 
2273 0.000000 
2274 -0.000000 
2275 0.000000 
2276 -0.000000 
2277 0.000000 
2278 -0.000000 
2279 0.000000 
2280 -0.000000 
2281 0.000000 
2282 -0.000000 
2283 0.000000 
2284 -0.000000 
2285 0.000000 
2286 -0.000000 
2287 0.000000 
2288 -0.000000 
2289 0.000000 
2290 -0.000000 
2291 0.000000 
2292 -0.000000 
2293 0.000000 
2294 -0.000000 
2295 0.000000 
2296 -0.000000 
2297 0.000000 
2298 -0.000000 
2299 0.000000 
2300 -0.000000 
2301 0.000000 
2302 -0.000000 
2303 0.000000 
2304 -0.000000 
2305 0.000000 
2306 -0.000000 
2307 0.000000 
2308 -0.000000 
2309 0.000000 
2310 -0.000000 
2311 0.000000 
2312 -0.000000 
2313 0.000000 
2314 -0.000000 
2315 0.000000 
2316 -0.000000 
2317 0.000000 
2318 -0.000000 
2319 0.000000 
2320 -0.000000 
2321 0.000000 
2322 -0.000000 
2323 0.000000 
2324 -0.000000 
2325 0.000000 
2326 -0.000000 
2327 0.000000 
2328 -0.000000 
2329 0.000000 
2330 -0.000000 
2331 0.000000 
2332 -0.000000 
2333 0.000000 
2334 -0.000000 
2335 0.000000 
2336 -0.000000 
2337 0.000000 
2338 -0.000000 
2339 0.000000 
2340 -0.000000 
2341 0.000000 
2342 -0.000000 
2343 0.000000 
2344 -0.000000 
2345 0.000000 
2346 -0.000000 
2347 0.000000 
2348 -0.000000 
2349 0.000000 
2350 -0.000000 
2351 0.000000 
2352 -0.000000 
2353 0.000000 
2354 -0.000000 
2355 0.000000 
2356 -0.000000 
2357 0.000000 
2358 -0.000000 
2359 0.000000 
2360 -0.000000 
2361 0.000000 
2362 -0.000000 
2363 -0.000000 
2364 0.000000 
2365 -0.000000 
2366 0.000000 
2367 -0.000000 
2368 0.000000 
2369 -0.000000 
2370 0.000000 
2371 -0.000000 
2372 0.000000 
2373 -0.000000 
2374 0.000000 
2375 -0.000000 
2376 0.000000 
2377 -0.000000 
2378 0.000000 
2379 -0.000000 
2380 0.000000 
2381 -0.000000 
2382 0.000000 
2383 -0.000000 
2384 0.000000 
2385 -0.000000 
2386 0.000000 
2387 -0.000000 
2388 0.000000 
2389 -0.000000 
2390 0.000000 
2391 -0.000000 
2392 0.000000 
2393 -0.000000 
2394 0.000000 
2395 -0.000000 
2396 0.000000 
2397 -0.000000 
2398 0.000000 
2399 -0.000000 
2400 0.000000 
2401 -0.000000 
2402 0.000000 
2403 -0.000000 
2404 0.000000 
2405 -0.000000 
2406 0.000000 
2407 -0.000000 
2408 0.000000 
2409 -0.000000 
2410 0.000000 
2411 -0.000000 
2412 0.000000 
2413 -0.000000 
2414 0.000000 
2415 -0.000000 
2416 0.000000 
2417 -0.000000 
2418 0.000000 
2419 -0.000000 
2420 0.000000 
2421 -0.000000 
2422 0.000000 
2423 -0.000000 
2424 0.000000 
2425 -0.000000 
2426 0.000000 
2427 -0.000000 
2428 0.000000 
2429 -0.000000 
2430 0.000000 
2431 -0.000000 
2432 0.000000 
2433 -0.000000 
2434 0.000000 
2435 -0.000000 
2436 0.000000 
2437 -0.000000 
2438 0.000000 
2439 -0.000000 
2440 0.000000 
2441 -0.000000 
2442 0.000000 
2443 -0.000000 
2444 0.000000 
2445 -0.000000 
2446 0.000000 
2447 -0.000000 
2448 0.000000 
2449 -0.000000 
2450 0.000000 
2451 -0.000000 
2452 0.000000 
2453 -0.000000 
2454 0.000000 
2455 -0.000000 
2456 0.000000 
2457 -0.000000 
2458 0.000000 
2459 -0.000000 
2460 0.000000 
2461 -0.000000 
2462 0.000000 
2463 -0.000000 
2464 0.000000 
2465 -0.000000 
2466 -0.000000 
2467 0.000000 
2468 -0.000000 
2469 0.000000 
2470 -0.000000 
2471 0.000000 
2472 -0.000000 
2473 0.000000 
2474 -0.000000 
2475 0.000000 
2476 -0.000000 
2477 0.000000 
2478 -0.000000 
2479 0.000000 
2480 -0.000000 
2481 0.000000 
2482 -0.000000 
2483 0.000000 
2484 -0.000000 
2485 0.000000 
2486 -0.000000 
2487 0.000000 
2488 -0.000000 
2489 0.000000 
2490 -0.000000 
2491 0.000000 
2492 -0.000000 
2493 0.000000 
2494 -0.000000 
2495 0.000000 
2496 -0.000000 
2497 0.000000 
2498 -0.000000 
2499 0.000000 
2500 -0.000000 
2501 0.000000 
2502 -0.000000 
2503 0.000000 
2504 -0.000000 
2505 0.000000 
2506 -0.000000 
2507 0.000000 
2508 -0.000000 
2509 0.000000 
2510 -0.000000 
2511 0.000000 
2512 -0.000000 
2513 0.000000 
2514 -0.000000 
2515 0.000000 
2516 -0.000000 
2517 0.000000 
2518 -0.000000 
2519 0.000000 
2520 -0.000000 
2521 0.000000 
2522 -0.000000 
2523 0.000000 
2524 -0.000000 
2525 0.000000 
2526 -0.000000 
2527 0.000000 
2528 -0.000000 
2529 0.000000 
2530 -0.000000 
2531 0.000000 
2532 -0.000000 
2533 0.000000 
2534 -0.000000 
2535 0.000000 
2536 -0.000000 
2537 0.000000 
2538 -0.000000 
2539 0.000000 
2540 -0.000000 
2541 0.000000 
2542 -0.000000 
2543 0.000000 
2544 -0.000000 
2545 0.000000 
2546 -0.000000 
2547 0.000000 
2548 -0.000000 
2549 0.000000 
2550 -0.000000 
2551 0.000000 
2552 -0.000000 
2553 0.000000 
2554 -0.000000 
2555 0.000000 
2556 -0.000000 
2557 0.000000 
2558 -0.000000 
2559 0.000000 
2560 -0.000000 
2561 0.000000 
2562 -0.000000 
2563 0.000000 
2564 -0.000000 
2565 0.000000 
2566 -0.000000 
2567 0.000000 
2568 -0.000000 
2569 0.000000 
2570 -0.000000 
2571 0.000000 
2572 -0.000000 
2573 0.000000 
2574 -0.000000 
2575 0.000000 
2576 -0.000000 
2577 0.000000 
2578 -0.000000 
2579 0.000000 
2580 -0.000000 
2581 0.000000 
2582 -0.000000 
2583 0.000000 
2584 -0.000000 
2585 0.000000 
2586 -0.000000 
2587 -0.000000 
2588 0.000000 
2589 -0.000000 
2590 0.000000 
2591 -0.000000 
2592 0.000000 
2593 -0.000000 
2594 0.000000 
2595 -0.000000 
2596 0.000000 
2597 -0.000000 
2598 0.000000 
2599 -0.000000 
2600 0.000000 
2601 -0.000000 
2602 0.000000 
2603 -0.000000 
2604 0.000000 
2605 -0.000000 
2606 0.000000 
2607 -0.000000 
2608 0.000000 
2609 -0.000000 
2610 0.000000 
2611 -0.000000 
2612 0.000000 
2613 -0.000000 
2614 0.000000 
2615 -0.000000 
2616 0.000000 
2617 -0.000000 
2618 0.000000 
2619 -0.000000 
2620 0.000000 
2621 -0.000000 
2622 0.000000 
2623 -0.000000 
2624 0.000000 
2625 -0.000000 
2626 0.000000 
2627 -0.000000 
2628 0.000000 
2629 -0.000000 
2630 0.000000 
2631 -0.000000 
2632 0.000000 
2633 -0.000000 
2634 0.000000 
2635 -0.000000 
2636 0.000000 
2637 -0.000000 
2638 0.000000 
2639 -0.000000 
2640 0.000000 
2641 -0.000000 
2642 0.000000 
2643 -0.000000 
2644 0.000000 
2645 -0.000000 
2646 0.000000 
2647 -0.000000 
2648 0.000000 
2649 -0.000000 
2650 0.000000 
2651 -0.000000 
2652 0.000000 
2653 -0.000000 
2654 0.000000 
2655 -0.000000 
2656 0.000000 
2657 -0.000000 
2658 0.000000 
2659 -0.000000 
2660 0.000000 
2661 -0.000000 
2662 0.000000 
2663 -0.000000 
2664 0.000000 
2665 -0.000000 
2666 0.000000 
2667 -0.000000 
2668 0.000000 
2669 -0.000000 
2670 0.000000 
2671 -0.000000 
2672 0.000000 
2673 -0.000000 
2674 0.000000 
2675 -0.000000 
2676 0.000000 
2677 -0.000000 
2678 0.000000 
2679 -0.000000 
2680 0.000000 
2681 -0.000000 
2682 0.000000 
2683 -0.000000 
2684 0.000000 
2685 -0.000000 
2686 0.000000 
2687 -0.000000 
2688 0.000000 
2689 -0.000000 
2690 0.000000 
2691 -0.000000 
2692 0.000000 
2693 -0.000000 
2694 0.000000 
2695 -0.000000 
2696 0.000000 
2697 -0.000000 
2698 0.000000 
2699 -0.000000 
2700 0.000000 
2701 -0.000000 
2702 0.000000 
2703 -0.000000 
2704 0.000000 
2705 -0.000000 
2706 0.000000 
2707 -0.000000 
2708 0.000000 
2709 -0.000000 
2710 0.000000 
2711 -0.000000 
2712 0.000000 
2713 -0.000000 
2714 0.000000 
2715 -0.000000 
2716 0.000000 
2717 -0.000000 
2718 0.000000 
2719 -0.000000 
2720 0.000000 
2721 -0.000000 
2722 0.000000 
2723 -0.000000 
2724 0.000000 
2725 -0.000000 
2726 0.000000 
2727 -0.000000 
2728 0.000000 
2729 -0.000000 
2730 0.000000 
2731 -0.000000 
2732 0.000000 
2733 -0.000000 
2734 0.000000 
2735 -0.000000 
2736 0.000000 
2737 -0.000000 
2738 0.000000 
2739 -0.000000 
2740 0.000000 
2741 -0.000000 
2742 0.000000 
2743 -0.000000 
2744 0.000000 
2745 -0.000000 
2746 0.000000 
2747 -0.000000 
2748 0.000000 
2749 -0.000000 
2750 0.000000 
2751 -0.000000 
2752 0.000000 
2753 -0.000000 
2754 0.000000 
2755 -0.000000 
2756 0.000000 
2757 -0.000000 
2758 0.000000 
2759 -0.000000 
2760 0.000000 
2761 -0.000000 
2762 0.000000 
2763 -0.000000 
2764 0.000000 
2765 -0.000000 
2766 0.000000 
2767 -0.000000 
2768 0.000000 
2769 -0.000000 
2770 0.000000 
2771 -0.000000 
2772 0.000000 
2773 -0.000000 
2774 0.000000 
2775 -0.000000 
2776 0.000000 
2777 -0.000000 
2778 0.000000 
2779 -0.000000 
2780 0.000000 
2781 -0.000000 
2782 0.000000 
2783 -0.000000 
2784 0.000000 
2785 -0.000000 
2786 0.000000 
2787 -0.000000 
2788 0.000000 
2789 -0.000000 
2790 0.000000 
2791 -0.000000 
2792 0.000000 
2793 -0.000000 
2794 0.000000 
2795 -0.000000 
2796 0.000000 
2797 -0.000000 
2798 0.000000 
2799 -0.000000 
2800 -0.000000 
2801 0.000000 
2802 -0.000000 
2803 0.000000 
2804 -0.000000 
2805 0.000000 
2806 -0.000000 
2807 0.000000 
2808 -0.000000 
2809 0.000000 
2810 -0.000000 
2811 0.000000 
2812 -0.000000 
2813 0.000000 
2814 -0.000000 
2815 0.000000 
2816 -0.000000 
2817 0.000000 
2818 -0.000000 
2819 0.000000 
2820 -0.000000 
2821 0.000000 
2822 -0.000000 
2823 0.000000 
2824 -0.000000 
2825 0.000000 
2826 -0.000000 
2827 0.000000 
2828 -0.000000 
2829 0.000000 
2830 -0.000000 
2831 0.000000 
2832 -0.000000 
2833 0.000000 
2834 -0.000000 
2835 0.000000 
2836 -0.000000 
2837 0.000000 
2838 -0.000000 
2839 0.000000 
2840 -0.000000 
2841 0.000000 
2842 -0.000000 
2843 0.000000 
2844 -0.000000 
2845 0.000000 
2846 -0.000000 
2847 0.000000 
2848 -0.000000 
2849 0.000000 
2850 -0.000000 
2851 0.000000 
2852 -0.000000 
2853 0.000000 
2854 -0.000000 
2855 0.000000 
2856 -0.000000 
2857 0.000000 
2858 -0.000000 
2859 0.000000 
2860 -0.000000 
2861 0.000000 
2862 -0.000000 
2863 0.000000 
2864 -0.000000 
2865 0.000000 
2866 -0.000000 
2867 0.000000 
2868 -0.000000 
2869 0.000000 
2870 -0.000000 
2871 -0.000000 
2872 0.000000 
2873 -0.000000 
2874 0.000000 
2875 -0.000000 
2876 0.000000 
2877 -0.000000 
2878 0.000000 
2879 -0.000000 
2880 0.000000 
2881 -0.000000 
2882 0.000000 
2883 -0.000000 
2884 0.000000 
2885 -0.000000 
2886 0.000000 
2887 -0.000000 
2888 0.000000 
2889 -0.000000 
2890 0.000000 
2891 -0.000000 
2892 0.000000 
2893 -0.000000 
2894 0.000000 
2895 -0.000000 
2896 0.000000 
2897 -0.000000 
2898 0.000000 
2899 -0.000000 
2900 0.000000 
2901 -0.000000 
2902 0.000000 
2903 -0.000000 
2904 0.000000 
2905 -0.000000 
2906 0.000000 
2907 -0.000000 
2908 0.000000 
2909 -0.000000 
2910 0.000000 
2911 -0.000000 
2912 0.000000 
2913 -0.000000 
2914 0.000000 
2915 -0.000000 
2916 0.000000 
2917 -0.000000 
2918 0.000000 
2919 -0.000000 
2920 0.000000 
2921 -0.000000 
2922 0.000000 
2923 -0.000000 
2924 0.000000 
2925 -0.000000 
2926 0.000000 
2927 -0.000000 
2928 0.000000 
2929 -0.000000 
2930 0.000000 
2931 -0.000000 
2932 0.000000 
2933 -0.000000 
2934 0.000000 
2935 -0.000000 
2936 0.000000 
2937 -0.000000 
2938 0.000000 
2939 -0.000000 
2940 0.000000 
2941 -0.000000 
2942 0.000000 
2943 -0.000000 
2944 0.000000 
2945 -0.000000 
2946 0.000000 
2947 -0.000000 
2948 0.000000 
2949 -0.000000 
2950 0.000000 
2951 -0.000000 
2952 0.000000 
2953 -0.000000 
2954 0.000000 
2955 -0.000000 
2956 0.000000 
2957 -0.000000 
2958 0.000000 
2959 -0.000000 
2960 0.000000 
2961 -0.000000 
2962 0.000000 
2963 -0.000000 
2964 0.000000 
2965 -0.000000 
2966 0.000000 
2967 -0.000000 
2968 0.000000 
2969 -0.000000 
2970 0.000000 
2971 -0.000000 
2972 0.000000 
2973 -0.000000 
2974 0.000000 
2975 -0.000000 
2976 0.000000 
2977 -0.000000 
2978 0.000000 
2979 -0.000000 
2980 0.000000 
2981 -0.000000 
2982 0.000000 
2983 -0.000000 
2984 0.000000 
2985 -0.000000 
2986 0.000000 
2987 -0.000000 
2988 0.000000 
2989 -0.000000 
2990 0.000000 
2991 -0.000000 
2992 0.000000 
2993 -0.000000 
2994 0.000000 
2995 -0.000000 
2996 0.000000 
2997 -0.000000 
2998 0.000000 
2999 -0.000000 
3000 0.000000 
3001 -0.000000 
3002 0.000000 
3003 -0.000000 
3004 0.000000 
3005 -0.000000 
3006 0.000000 
3007 -0.000000 
3008 0.000000 
3009 -0.000000 
3010 0.000000 
3011 -0.000000 
3012 0.000000 
3013 -0.000000 
3014 0.000000 
3015 -0.000000 
3016 0.000000 
3017 -0.000000 
3018 0.000000 
3019 -0.000000 
3020 0.000000 
3021 -0.000000 
3022 0.000000 
3023 -0.000000 
3024 0.000000 
3025 -0.000000 
3026 0.000000 
3027 -0.000000 
3028 0.000000 
3029 -0.000000 
3030 0.000000 
3031 -0.000000 
3032 0.000000 
3033 -0.000000 
3034 0.000000 
3035 -0.000000 
3036 0.000000 
3037 -0.000000 
3038 0.000000 
3039 -0.000000 
3040 0.000000 
3041 -0.000000 
3042 0.000000 
3043 -0.000000 
3044 0.000000 
3045 -0.000000 
3046 0.000000 
3047 -0.000000 
3048 0.000000 
3049 -0.000000 
3050 0.000000 
3051 -0.000000 
3052 0.000000 
3053 -0.000000 
3054 0.000000 
3055 -0.000000 
3056 0.000000 
3057 -0.000000 
3058 0.000000 
3059 -0.000000 
3060 0.000000 
3061 -0.000000 
3062 0.000000 
3063 -0.000000 
3064 0.000000 
3065 -0.000000 
3066 0.000000 
3067 -0.000000 
3068 0.000000 
3069 -0.000000 
3070 0.000000 
3071 -0.000000 
3072 0.000000 
3073 -0.000000 
3074 0.000000 
3075 -0.000000 
3076 0.000000 
3077 -0.000000 
3078 0.000000 
3079 -0.000000 
3080 0.000000 
3081 -0.000000 
3082 0.000000 
3083 -0.000000 
3084 0.000000 
3085 -0.000000 
3086 0.000000 
3087 -0.000000 
3088 0.000000 
3089 -0.000000 
3090 0.000000 
3091 -0.000000 
3092 0.000000 
3093 -0.000000 
3094 0.000000 
3095 -0.000000 
3096 0.000000 
3097 -0.000000 
3098 0.000000 
3099 -0.000000 
3100 0.000000 
3101 -0.000000 
3102 0.000000 
3103 -0.000000 
3104 0.000000 
3105 -0.000000 
3106 0.000000 
3107 -0.000000 
3108 0.000000 
3109 -0.000000 
3110 0.000000 
3111 -0.000000 
3112 0.000000 
3113 -0.000000 
3114 0.000000 
3115 -0.000000 
3116 0.000000 
3117 -0.000000 
3118 0.000000 
3119 -0.000000 
3120 0.000000 
3121 -0.000000 
3122 0.000000 
3123 -0.000000 
3124 0.000000 
3125 -0.000000 
3126 0.000000 
3127 -0.000000 
3128 0.000000 
3129 -0.000000 
3130 0.000000 
3131 -0.000000 
3132 0.000000 
3133 -0.000000 
3134 0.000000 
3135 -0.000000 
3136 0.000000 
3137 -0.000000 
3138 0.000000 
3139 -0.000000 
3140 0.000000 
3141 -0.000000 
3142 0.000000 
3143 -0.000000 
3144 0.000000 
3145 -0.000000 
3146 0.000000 
3147 -0.000000 
3148 0.000000 
3149 -0.000000 
3150 0.000000 
3151 -0.000000 
3152 0.000000 
3153 -0.000000 
3154 0.000000 
3155 -0.000000 
3156 0.000000 
3157 -0.000000 
3158 0.000000 
3159 -0.000000 
3160 0.000000 
3161 -0.000000 
3162 0.000000 
3163 -0.000000 
3164 0.000000 
3165 -0.000000 
3166 0.000000 
3167 -0.000000 
3168 0.000000 
3169 -0.000000 
3170 0.000000 
3171 -0.000000 
3172 0.000000 
3173 -0.000000 
3174 0.000000 
3175 -0.000000 
3176 0.000000 
3177 -0.000000 
3178 0.000000 
3179 -0.000000 
3180 0.000000 
3181 -0.000000 
3182 0.000000 
3183 -0.000000 
3184 0.000000 
3185 -0.000000 
3186 0.000000 
3187 -0.000000 
3188 0.000000 
3189 -0.000000 
3190 0.000000 
3191 -0.000000 
3192 0.000000 
3193 -0.000000 
3194 0.000000 
3195 -0.000000 
3196 0.000000 
3197 -0.000000 
3198 0.000000 
3199 -0.000000 
3200 0.000000 
3201 -0.000000 
3202 0.000000 
3203 -0.000000 
3204 0.000000 
3205 -0.000000 
3206 0.000000 
3207 -0.000000 
3208 0.000000 
3209 -0.000000 
3210 0.000000 
3211 -0.000000 
3212 0.000000 
3213 -0.000000 
3214 0.000000 
3215 -0.000000 
3216 0.000000 
3217 -0.000000 
3218 0.000000 
3219 -0.000000 
3220 0.000000 
3221 -0.000000 
3222 0.000000 
3223 -0.000000 
3224 0.000000 
3225 -0.000000 
3226 0.000000 
3227 -0.000000 
3228 0.000000 
3229 -0.000000 
3230 0.000000 
3231 -0.000000 
3232 0.000000 
3233 -0.000000 
3234 0.000000 
3235 -0.000000 
3236 0.000000 
3237 -0.000000 
3238 0.000000 
3239 -0.000000 
3240 0.000000 
3241 -0.000000 
3242 0.000000 
3243 -0.000000 
3244 0.000000 
3245 -0.000000 
3246 0.000000 
3247 -0.000000 
3248 0.000000 
3249 -0.000000 
3250 0.000000 
3251 -0.000000 
3252 0.000000 
3253 -0.000000 
3254 0.000000 
3255 -0.000000 
3256 0.000000 
3257 -0.000000 
3258 0.000000 
3259 -0.000000 
3260 0.000000 
3261 -0.000000 
3262 0.000000 
3263 -0.000000 
3264 0.000000 
3265 -0.000000 
3266 0.000000 
3267 -0.000000 
3268 0.000000 
3269 -0.000000 
3270 0.000000 
3271 -0.000000 
3272 0.000000 
3273 -0.000000 
3274 0.000000 
3275 -0.000000 
3276 0.000000 
3277 -0.000000 
3278 0.000000 
3279 -0.000000 
3280 0.000000 
3281 -0.000000 
3282 0.000000 
3283 -0.000000 
3284 0.000000 
3285 -0.000000 
3286 0.000000 
3287 -0.000000 
3288 0.000000 
3289 -0.000000 
3290 0.000000 
3291 -0.000000 
3292 0.000000 
3293 -0.000000 
3294 0.000000 
3295 -0.000000 
3296 0.000000 
3297 -0.000000 
3298 0.000000 
3299 -0.000000 
3300 0.000000 
3301 -0.000000 
3302 0.000000 
3303 -0.000000 
3304 0.000000 
3305 -0.000000 
3306 0.000000 
3307 -0.000000 
3308 0.000000 
3309 -0.000000 
3310 0.000000 
3311 -0.000000 
3312 0.000000 
3313 -0.000000 
3314 0.000000 
3315 -0.000000 
3316 0.000000 
3317 -0.000000 
3318 0.000000 
3319 -0.000000 
3320 0.000000 
3321 -0.000000 
3322 0.000000 
3323 -0.000000 
3324 0.000000 
3325 -0.000000 
3326 0.000000 
3327 -0.000000 
3328 0.000000 
3329 -0.000000 
3330 0.000000 
3331 -0.000000 
3332 0.000000 
3333 -0.000000 
3334 0.000000 
3335 -0.000000 
3336 0.000000 
3337 -0.000000 
3338 0.000000 
3339 -0.000000 
3340 0.000000 
3341 -0.000000 
3342 0.000000 
3343 -0.000000 
3344 0.000000 
3345 -0.000000 
3346 0.000000 
3347 -0.000000 
3348 0.000000 
3349 -0.000000 
3350 0.000000 
3351 -0.000000 
3352 0.000000 
3353 0.000000 
3354 -0.000000 
3355 0.000000 
3356 -0.000000 
3357 0.000000 
3358 -0.000000 
3359 0.000000 
3360 -0.000000 
3361 0.000000 
3362 -0.000000 
3363 0.000000 
3364 -0.000000 
3365 0.000000 
3366 -0.000000 
3367 0.000000 
3368 -0.000000 
3369 0.000000 
3370 -0.000000 
3371 0.000000 
3372 -0.000000 
3373 0.000000 
3374 -0.000000 
3375 0.000000 
3376 -0.000000 
3377 0.000000 
3378 -0.000000 
3379 0.000000 
3380 -0.000000 
3381 0.000000 
3382 -0.000000 
3383 0.000000 
3384 -0.000000 
3385 0.000000 
3386 -0.000000 
3387 0.000000 
3388 -0.000000 
3389 0.000000 
3390 -0.000000 
3391 0.000000 
3392 -0.000000 
3393 0.000000 
3394 -0.000000 
3395 0.000000 
3396 -0.000000 
3397 0.000000 
3398 -0.000000 
3399 0.000000 
3400 -0.000000 
3401 0.000000 
3402 -0.000000 
3403 0.000000 
3404 -0.000000 
3405 0.000000 
3406 -0.000000 
3407 0.000000 
3408 -0.000000 
3409 0.000000 
3410 -0.000000 
3411 0.000000 
3412 -0.000000 
3413 0.000000 
3414 -0.000000 
3415 0.000000 
3416 -0.000000 
3417 0.000000 
3418 -0.000000 
3419 0.000000 
3420 -0.000000 
3421 0.000000 
3422 -0.000000 
3423 0.000000 
3424 -0.000000 
3425 0.000000 
3426 -0.000000 
3427 0.000000 
3428 -0.000000 
3429 0.000000 
3430 -0.000000 
3431 0.000000 
3432 -0.000000 
3433 0.000000 
3434 -0.000000 
3435 0.000000 
3436 -0.000000 
3437 0.000000 
3438 -0.000000 
3439 0.000000 
3440 -0.000000 
3441 0.000000 
3442 -0.000000 
3443 0.000000 
3444 -0.000000 
3445 0.000000 
3446 -0.000000 
3447 0.000000 
3448 -0.000000 
3449 0.000000 
3450 -0.000000 
3451 0.000000 
3452 -0.000000 
3453 0.000000 
3454 -0.000000 
3455 0.000000 
3456 -0.000000 
3457 0.000000 
3458 -0.000000 
3459 0.000000 
3460 -0.000000 
3461 0.000000 
3462 -0.000000 
3463 0.000000 
3464 -0.000000 
3465 0.000000 
3466 -0.000000 
3467 0.000000 
3468 -0.000000 
3469 0.000000 
3470 -0.000000 
3471 0.000000 
3472 -0.000000 
3473 0.000000 
3474 -0.000000 
3475 0.000000 
3476 -0.000000 
3477 0.000000 
3478 -0.000000 
3479 0.000000 
3480 -0.000000 
3481 0.000000 
3482 -0.000000 
3483 0.000000 
3484 -0.000000 
3485 0.000000 
3486 -0.000000 
3487 0.000000 
3488 -0.000000 
3489 0.000000 
3490 -0.000000 
3491 0.000000 
3492 -0.000000 
3493 0.000000 
3494 -0.000000 
3495 0.000000 
3496 -0.000000 
3497 0.000000 
3498 -0.000000 
3499 0.000000 
3500 -0.000000 
3501 0.000000 
3502 -0.000000 
3503 0.000000 
3504 -0.000000 
3505 0.000000 
3506 -0.000000 
3507 0.000000 
3508 -0.000000 
3509 0.000000 
3510 -0.000000 
3511 0.000000 
3512 -0.000000 
3513 0.000000 
3514 -0.000000 
3515 0.000000 
3516 -0.000000 
3517 0.000000 
3518 -0.000000 
3519 0.000000 
3520 -0.000000 
3521 0.000000 
3522 -0.000000 
3523 0.000000 
3524 -0.000000 
3525 -0.000000 
3526 0.000000 
3527 -0.000000 
3528 0.000000 
3529 -0.000000 
3530 0.000000 
3531 -0.000000 
3532 0.000000 
3533 -0.000000 
3534 0.000000 
3535 -0.000000 
3536 0.000000 
3537 -0.000000 
3538 0.000000 
3539 -0.000000 
3540 0.000000 
3541 -0.000000 
3542 0.000000 
3543 -0.000000 
3544 0.000000 
3545 -0.000000 
3546 0.000000 
3547 -0.000000 
3548 0.000000 
3549 -0.000000 
3550 0.000000 
3551 -0.000000 
3552 0.000000 
3553 -0.000000 
3554 0.000000 
3555 -0.000000 
3556 0.000000 
3557 -0.000000 
3558 0.000000 
3559 -0.000000 
3560 0.000000 
3561 -0.000000 
3562 0.000000 
3563 -0.000000 
3564 0.000000 
3565 -0.000000 
3566 0.000000 
3567 -0.000000 
3568 0.000000 
3569 -0.000000 
3570 0.000000 
3571 -0.000000 
3572 0.000000 
3573 -0.000000 
3574 0.000000 
3575 -0.000000 
3576 0.000000 
3577 -0.000000 
3578 0.000000 
3579 -0.000000 
3580 0.000000 
3581 -0.000000 
3582 0.000000 
3583 -0.000000 
3584 0.000000 
3585 -0.000000 
3586 0.000000 
3587 -0.000000 
3588 0.000000 
3589 -0.000000 
3590 0.000000 
3591 -0.000000 
3592 0.000000 
3593 -0.000000 
3594 0.000000 
3595 -0.000000 
3596 0.000000 
3597 -0.000000 
3598 0.000000 
3599 -0.000000 
3600 0.000000 
3601 -0.000000 
3602 0.000000 
3603 -0.000000 
3604 0.000000 
3605 -0.000000 
3606 0.000000 
3607 -0.000000 
3608 0.000000 
3609 -0.000001 
3610 0.000001 
3611 -0.000001 
3612 0.000001 
3613 -0.000001 
3614 0.000001 
3615 -0.000001 
3616 0.000001 
3617 -0.000001 
3618 0.000001 
3619 -0.000001 
3620 0.000001 
3621 -0.000001 
3622 0.000001 
3623 -0.000001 
3624 0.000001 
3625 -0.000001 
3626 0.000001 
3627 -0.000001 
3628 0.000001 
3629 -0.000001 
3630 0.000001 
3631 -0.000001 
3632 0.000001 
3633 -0.000001 
3634 0.000001 
3635 -0.000001 
3636 0.000001 
3637 -0.000001 
3638 0.000002 
3639 -0.000002 
3640 0.000002 
3641 -0.000002 
3642 0.000002 
3643 -0.000002 
3644 0.000002 
3645 -0.000002 
3646 0.000002 
3647 -0.000002 
3648 0.000002 
3649 -0.000002 
3650 0.000002 
3651 -0.000002 
3652 0.000002 
3653 -0.000002 
3654 0.000002 
3655 -0.000002 
3656 0.000002 
3657 -0.000002 
3658 0.000002 
3659 -0.000003 
3660 0.000003 
3661 -0.000003 
3662 0.000003 
3663 -0.000003 
3664 0.000003 
3665 -0.000003 
3666 0.000003 
3667 -0.000003 
3668 0.000003 
3669 -0.000003 
3670 0.000003 
3671 -0.000003 
3672 0.000003 
3673 -0.000003 
3674 0.000003 
3675 -0.000003 
3676 0.000003 
3677 -0.000003 
3678 0.000003 
3679 -0.000002 
3680 0.000002 
3681 -0.000002 
3682 0.000002 
3683 -0.000002 
3684 0.000002 
3685 -0.000002 
3686 0.000002 
3687 -0.000002 
3688 0.000001 
3689 -0.000001 
3690 0.000001 
3691 -0.000001 
3692 0.000000 
3693 -0.000000 
3694 -0.000000 
3695 0.000001 
3696 -0.000001 
3697 0.000001 
3698 -0.000002 
3699 0.000002 
3700 -0.000003 
3701 0.000003 
3702 -0.000004 
3703 0.000005 
3704 -0.000005 
3705 0.000006 
3706 -0.000007 
3707 0.000007 
3708 -0.000008 
3709 0.000009 
3710 -0.000010 
3711 0.000011 
3712 -0.000012 
3713 0.000013 
3714 -0.000014 
3715 0.000016 
3716 -0.000017 
3717 0.000018 
3718 -0.000020 
3719 0.000021 
3720 -0.000023 
3721 0.000024 
3722 -0.000026 
3723 0.000028 
3724 -0.000030 
3725 0.000032 
3726 -0.000034 
3727 0.000036 
3728 -0.000039 
3729 0.000041 
3730 -0.000044 
3731 0.000046 
3732 -0.000049 
3733 0.000052 
3734 -0.000055 
3735 0.000058 
3736 -0.000062 
3737 0.000065 
3738 -0.000069 
3739 0.000073 
3740 -0.000077 
3741 0.000081 
3742 -0.000085 
3743 0.000089 
3744 -0.000094 
3745 0.000099 
3746 -0.000104 
3747 0.000109 
3748 -0.000114 
3749 0.000120 
3750 -0.000125 
3751 0.000131 
3752 -0.000137 
3753 0.000144 
3754 -0.000150 
3755 0.000157 
3756 -0.000164 
3757 0.000172 
3758 -0.000179 
3759 0.000187 
3760 -0.000195 
3761 0.000203 
3762 -0.000212 
3763 0.000221 
3764 -0.000230 
3765 0.000239 
3766 -0.000249 
3767 0.000259 
3768 -0.000269 
3769 0.000279 
3770 -0.000290 
3771 0.000301 
3772 -0.000312 
3773 0.000324 
3774 -0.000336 
3775 0.000348 
3776 -0.000361 
3777 0.000374 
3778 -0.000387 
3779 0.000400 
3780 -0.000414 
3781 0.000428 
3782 -0.000442 
3783 0.000457 
3784 -0.000472 
3785 0.000487 
3786 -0.000502 
3787 0.000518 
3788 -0.000534 
3789 0.000550 
3790 -0.000567 
3791 0.000584 
3792 -0.000601 
3793 0.000618 
3794 -0.000635 
3795 0.000653 
3796 -0.000670 
3797 0.000688 
3798 -0.000707 
3799 0.000725 
3800 -0.000743 
3801 0.000761 
3802 -0.000780 
3803 0.000798 
3804 -0.000817 
3805 0.000836 
3806 -0.000854 
3807 0.000872 
3808 -0.000891 
3809 0.000909 
3810 -0.000927 
3811 0.000945 
3812 -0.000962 
3813 0.000979 
3814 -0.000996 
3815 0.001013 
3816 -0.001029 
3817 0.001044 
3818 -0.001059 
3819 0.001073 
3820 -0.001087 
3821 0.001100 
3822 -0.001112 
3823 0.001123 
3824 -0.001133 
3825 0.001142 
3826 -0.001150 
3827 0.001157 
3828 -0.001162 
3829 0.001166 
3830 -0.001169 
3831 0.001170 
3832 -0.001169 
3833 0.001166 
3834 -0.001162 
3835 0.001155 
3836 -0.001146 
3837 0.001135 
3838 -0.001122 
3839 0.001106 
3840 -0.001087 
3841 0.001066 
3842 -0.001041 
3843 0.001013 
3844 -0.000982 
3845 0.000947 
3846 -0.000909 
3847 0.000867 
3848 -0.000821 
3849 0.000771 
3850 -0.000716 
3851 0.000656 
3852 -0.000592 
3853 0.000523 
3854 -0.000448 
3855 0.000368 
3856 -0.000283 
3857 0.000191 
3858 -0.000093 
3859 -0.000011 
3860 0.000123 
3861 -0.000241 
3862 0.000366 
3863 -0.000499 
3864 0.000640 
3865 -0.000788 
3866 0.000946 
3867 -0.001112 
3868 0.001287 
3869 -0.001471 
3870 0.001665 
3871 -0.001869 
3872 0.002083 
3873 -0.002308 
3874 0.002544 
3875 -0.002792 
3876 0.003051 
3877 -0.003322 
3878 0.003606 
3879 -0.003903 
3880 0.004213 
3881 -0.004537 
3882 0.004874 
3883 -0.005227 
3884 0.005594 
3885 -0.005976 
3886 0.006375 
3887 -0.006789 
3888 0.007220 
3889 -0.007668 
3890 0.008133 
3891 -0.008617 
3892 0.009118 
3893 -0.009639 
3894 0.010178 
3895 -0.010738 
3896 0.011317 
3897 -0.011917 
3898 0.012539 
3899 -0.013181 
3900 0.013846 
3901 -0.014533 
3902 0.015243 
3903 -0.015976 
3904 0.016733 
3905 -0.017515 
3906 0.018321 
3907 -0.019152 
3908 0.020009 
3909 -0.020891 
3910 0.021800 
3911 -0.022736 
3912 0.023700 
3913 -0.024690 
3914 0.025709 
3915 -0.026756 
3916 0.027833 
3917 -0.028938 
3918 0.030072 
3919 -0.031237 
3920 0.032432 
3921 -0.033657 
3922 0.034913 
3923 -0.036199 
3924 0.037517 
3925 -0.038867 
3926 0.040248 
3927 -0.041661 
3928 0.043106 
3929 -0.044583 
3930 0.046093 
3931 -0.047634 
3932 0.049209 
3933 -0.050815 
3934 0.052454 
3935 -0.054125 
3936 0.055829 
3937 -0.057564 
3938 0.059332 
3939 -0.061131 
3940 0.062962 
3941 -0.064824 
3942 0.066716 
3943 -0.068640 
3944 0.070594 
3945 -0.072577 
3946 0.074589 
3947 -0.076630 
3948 0.078699 
3949 -0.080795 
3950 0.082917 
3951 -0.085066 
3952 0.087239 
3953 -0.089436 
3954 0.091655 
3955 -0.093897 
3956 0.096160 
3957 -0.098441 
3958 0.100742 
3959 -0.103059 
3960 0.105391 
3961 -0.107738 
3962 0.110097 
3963 -0.112466 
3964 0.114845 
3965 -0.117230 
3966 0.119621 
3967 -0.122015 
3968 0.124410 
3969 -0.126804 
3970 0.129195 
3971 -0.131580 
3972 0.133957 
3973 -0.136323 
3974 0.138675 
3975 -0.141011 
3976 0.143328 
3977 -0.145623 
3978 0.147892 
3979 -0.150133 
3980 0.152343 
3981 -0.154517 
3982 0.156652 
3983 -0.158745 
3984 0.160792 
3985 -0.162789 
3986 0.164731 
3987 -0.166616 
3988 0.168438 
3989 -0.170194 
3990 0.171879 
3991 -0.173488 
3992 0.175016 
3993 -0.176459 
3994 0.177812 
3995 -0.179070 
3996 0.180228 
3997 -0.181280 
3998 0.182220 
3999 -0.183045 
4000 0.183747 
