0 0.448362 
1 -0.473012 
2 0.498224 
3 -0.524000 
4 0.550340 
5 -0.577243 
6 0.604709 
7 -0.632736 
8 0.661323 
9 -0.690467 
10 0.720167 
11 -0.750419 
12 0.781219 
13 -0.812563 
14 0.844447 
15 -0.876865 
16 0.909812 
17 -0.943280 
18 0.977264 
19 -1.011756 
20 1.046747 
21 -1.082229 
22 1.118192 
23 -1.154626 
24 1.191521 
25 -1.228865 
26 1.266647 
27 -1.304853 
28 1.343470 
29 -1.382484 
30 1.421881 
31 -1.461645 
32 1.501759 
33 -1.542208 
34 1.582973 
35 -1.624036 
36 1.665377 
37 -1.706978 
38 1.748818 
39 -1.790875 
40 1.833127 
41 -1.875551 
42 1.918125 
43 -1.960823 
44 2.003621 
45 -2.046492 
46 2.089411 
47 -2.132350 
48 2.175281 
49 -2.218175 
50 2.261002 
51 -2.303733 
52 2.346335 
53 -2.388779 
54 2.431030 
55 -2.473057 
56 2.514824 
57 -2.556298 
58 2.597444 
59 -2.638224 
60 2.678603 
61 -2.718544 
62 2.758008 
63 -2.796957 
64 2.835353 
65 -2.873154 
66 2.910321 
67 -2.946814 
68 2.982590 
69 -3.017608 
70 3.051825 
71 -3.085199 
72 3.117685 
73 -3.149241 
74 3.179822 
75 -3.209383 
76 3.237880 
77 -3.265267 
78 3.291498 
79 -3.316527 
80 3.340309 
81 -3.362797 
82 3.383944 
83 -3.403704 
84 3.422029 
85 -3.438873 
86 3.454188 
87 -3.467928 
88 3.480044 
89 -3.490491 
90 3.499220 
91 -3.506186 
92 3.511341 
93 -3.514639 
94 3.516032 
95 -3.515476 
96 3.512924 
97 -3.508330 
98 3.501651 
99 -3.492839 
100 3.481853 
101 -3.468647 
102 3.453178 
103 -3.435405 
104 3.415284 
105 -3.392775 
106 3.367836 
107 -3.340428 
108 3.310512 
109 -3.278050 
110 3.243004 
111 -3.205337 
112 3.165015 
113 -3.122002 
114 3.076266 
115 -3.027774 
116 2.976494 
117 -2.922398 
118 2.865456 
119 -2.805641 
120 2.742926 
121 -2.677287 
122 2.608701 
123 -2.537145 
124 2.462599 
125 -2.385044 
126 2.304463 
127 -2.220840 
128 2.134160 
129 -2.044411 
130 1.951582 
131 -1.855665 
132 1.756652 
133 -1.654536 
134 1.549316 
135 -1.440988 
136 1.329554 
137 -1.215014 
138 1.097373 
139 -0.976637 
140 0.852814 
141 -0.725913 
142 0.595948 
143 -0.462931 
144 0.326878 
145 -0.187809 
146 0.045744 
147 0.099296 
148 -0.247284 
149 0.398196 
150 -0.552000 
151 0.708668 
152 -0.868164 
153 1.030454 
154 -1.195500 
155 1.363262 
156 -1.533698 
157 1.706763 
158 -1.882412 
159 2.060596 
160 -2.241263 
161 2.424362 
162 -2.609836 
163 2.797629 
164 -2.987682 
165 3.179933 
166 -3.374318 
167 3.570772 
168 -3.769228 
169 3.969616 
170 -4.171865 
171 4.375901 
172 -4.581648 
173 4.789030 
174 -4.997968 
175 5.208380 
176 -5.420184 
177 5.633296 
178 -5.847629 
179 6.063096 
180 -6.279608 
181 6.497074 
182 -6.715402 
183 6.934497 
184 -7.154266 
185 7.374611 
186 -7.595434 
187 7.816638 
188 -8.038122 
189 8.259784 
190 -8.481524 
191 8.703237 
192 -8.924819 
193 9.146167 
194 -9.367174 
195 9.587734 
196 -9.807740 
197 10.027085 
198 -10.245661 
199 10.463360 
200 -10.680074 
201 10.895692 
202 -11.110108 
203 11.323210 
204 -11.534891 
205 11.745042 
206 -11.953552 
207 12.160315 
208 -12.365221 
209 12.568163 
210 -12.769033 
211 12.967725 
212 -13.164131 
213 13.358147 
214 -13.549668 
215 13.738589 
216 -13.924809 
217 14.108224 
218 -14.288735 
219 14.466241 
220 -14.640645 
221 14.811849 
222 -14.979758 
223 15.144278 
224 -15.305317 
225 15.462783 
226 -15.616588 
227 15.766645 
228 -15.912868 
229 16.055173 
230 -16.193481 
231 16.327711 
232 -16.457786 
233 16.583631 
234 -16.705174 
235 16.822346 
236 -16.935077 
237 17.043303 
238 -17.146961 
239 17.245991 
240 -17.340335 
241 17.429940 
242 -17.514751 
243 17.594722 
244 -17.669805 
245 17.739956 
246 -17.805136 
247 17.865306 
248 -17.920433 
249 17.970484 
250 -18.015433 
251 18.055252 
252 -18.089921 
253 18.119420 
254 -18.143734 
255 18.162850 
256 -18.176760 
257 18.185457 
258 -18.188938 
259 18.187205 
260 -18.180260 
261 18.168113 
262 -18.150772 
263 18.128253 
264 -18.100571 
265 18.067748 
266 -18.029808 
267 17.986777 
268 -17.938687 
269 17.885570 
270 -17.827463 
271 17.764407 
272 -17.696446 
273 17.623625 
274 -17.545994 
275 17.463607 
276 -17.376519 
277 17.284789 
278 -17.188479 
279 17.087655 
280 -16.982383 
281 16.872736 
282 -16.758787 
283 16.640613 
284 -16.518292 
285 16.391907 
286 -16.261543 
287 16.127286 
288 -15.989228 
289 15.847459 
290 -15.702075 
291 15.553174 
292 -15.400853 
293 15.245215 
294 -15.086365 
295 14.924406 
296 -14.759448 
297 14.591600 
298 -14.420974 
299 14.247683 
300 -14.071843 
301 13.893569 
302 -13.712981 
303 13.530199 
304 -13.345342 
305 13.158534 
306 -12.969899 
307 12.779561 
308 -12.587646 
309 12.394281 
310 -12.199593 
311 12.003711 
312 -11.806764 
313 11.608882 
314 -11.410194 
315 11.210833 
316 -11.010928 
317 10.810611 
318 -10.610013 
319 10.409267 
320 -10.208503 
321 10.007852 
322 -9.807447 
323 9.607417 
324 -9.407894 
325 9.209008 
326 -9.010888 
327 8.813663 
328 -8.617461 
329 8.422410 
330 -8.228636 
331 8.036266 
332 -7.845423 
333 7.656231 
334 -7.468812 
335 7.283288 
336 -7.099778 
337 6.918400 
338 -6.739271 
339 6.562505 
340 -6.388218 
341 6.216520 
342 -6.047521 
343 5.881330 
344 -5.718052 
345 5.557792 
346 -5.400653 
347 5.246734 
348 -5.096133 
349 4.948946 
350 -4.805266 
351 4.665185 
352 -4.528791 
353 4.396171 
354 -4.267407 
355 4.142583 
356 -4.021776 
357 3.905061 
358 -3.792514 
359 3.684204 
360 -3.580200 
361 3.480566 
362 -3.385366 
363 3.294658 
364 -3.208499 
365 3.126943 
366 -3.050042 
367 2.977842 
368 -2.910389 
369 2.847726 
370 -2.789890 
371 2.736917 
372 -2.688842 
373 2.645693 
374 -2.607497 
375 2.574278 
376 -2.546057 
377 2.522851 
378 -2.504675 
379 2.491540 
380 -2.483454 
381 2.480423 
382 -2.482448 
383 2.489529 
384 -2.501662 
385 2.518839 
386 -2.541051 
387 2.568283 
388 -2.600521 
389 2.637744 
390 -2.679931 
391 2.727056 
392 -2.779090 
393 2.836004 
394 -2.897762 
395 2.964329 
396 -3.035663 
397 3.111723 
398 -3.192463 
399 3.277834 
400 -3.367786 
401 3.462266 
402 -3.561216 
403 3.664578 
404 -3.772289 
405 3.884287 
406 -4.000503 
407 4.120870 
408 -4.245314 
409 4.373763 
410 -4.506138 
411 4.642363 
412 -4.782355 
413 4.926031 
414 -5.073306 
415 5.224092 
416 -5.378300 
417 5.535837 
418 -5.696610 
419 5.860523 
420 -6.027478 
421 6.197377 
422 -6.370117 
423 6.545596 
424 -6.723710 
425 6.904353 
426 -7.087416 
427 7.272790 
428 -7.460365 
429 7.650030 
430 -7.841669 
431 8.035170 
432 -8.230416 
433 8.427291 
434 -8.625677 
435 8.825454 
436 -9.026503 
437 9.228704 
438 -9.431934 
439 9.636073 
440 -9.840996 
441 10.046580 
442 -10.252702 
443 10.459238 
444 -10.666061 
445 10.873047 
446 -11.080072 
447 11.287008 
448 -11.493730 
449 11.700114 
450 -11.906032 
451 12.111359 
452 -12.315970 
453 12.519739 
454 -12.722542 
455 12.924253 
456 -13.124750 
457 13.323907 
458 -13.521602 
459 13.717713 
460 -13.912118 
461 14.104695 
462 -14.295325 
463 14.483889 
464 -14.670268 
465 14.854346 
466 -15.036006 
467 15.215133 
468 -15.391615 
469 15.565339 
470 -15.736193 
471 15.904070 
472 -16.068860 
473 16.230458 
474 -16.388760 
475 16.543661 
476 -16.695062 
477 16.842863 
478 -16.986967 
479 17.127278 
480 -17.263703 
481 17.396150 
482 -17.524532 
483 17.648759 
484 -17.768749 
485 17.884418 
486 -17.995686 
487 18.102475 
488 -18.204712 
489 18.302321 
490 -18.395234 
491 18.483383 
492 -18.566703 
493 18.645131 
494 -18.718608 
495 18.787077 
496 -18.850483 
497 18.908777 
498 -18.961908 
499 19.009832 
500 -19.052507 
501 19.089892 
502 -19.121951 
503 19.148650 
504 -19.169959 
505 19.185851 
506 -19.196299 
507 19.201284 
508 -19.200787 
509 19.194793 
510 -19.183290 
511 19.166268 
512 -19.143722 
513 19.115650 
514 -19.082052 
515 19.042932 
516 -18.998296 
517 18.948155 
518 -18.892521 
519 18.831411 
520 -18.764845 
521 18.692845 
522 -18.615437 
523 18.532649 
524 -18.444513 
525 18.351064 
526 -18.252340 
527 18.148382 
528 -18.039234 
529 17.924942 
530 -17.805557 
531 17.681130 
532 -17.551718 
533 17.417378 
534 -17.278172 
535 17.134163 
536 -16.985418 
537 16.832006 
538 -16.673999 
539 16.511470 
540 -16.344497 
541 16.173159 
542 -15.997537 
543 15.817715 
544 -15.633779 
545 15.445818 
546 -15.253922 
547 15.058183 
548 -14.858697 
549 14.655559 
550 -14.448869 
551 14.238726 
552 -14.025233 
553 13.808493 
554 -13.588611 
555 13.365695 
556 -13.139852 
557 12.911192 
558 -12.679826 
559 12.445867 
560 -12.209427 
561 11.970621 
562 -11.729564 
563 11.486373 
564 -11.241165 
565 10.994057 
566 -10.745169 
567 10.494618 
568 -10.242525 
569 9.989010 
570 -9.734193 
571 9.478194 
572 -9.221135 
573 8.963136 
574 -8.704318 
575 8.444802 
576 -8.184708 
577 7.924157 
578 -7.663268 
579 7.402162 
580 -7.140957 
581 6.879772 
582 -6.618725 
583 6.357934 
584 -6.097513 
585 5.837580 
586 -5.578249 
587 5.319632 
588 -5.061844 
589 4.804994 
590 -4.549193 
591 4.294551 
592 -4.041173 
593 3.789166 
594 -3.538636 
595 3.289683 
596 -3.042411 
597 2.796918 
598 -2.553302 
599 2.311659 
600 -2.072084 
601 1.834669 
602 -1.599504 
603 1.366677 
604 -1.136275 
605 0.908382 
606 -0.683080 
607 0.460449 
608 -0.240566 
609 0.023507 
610 0.190654 
611 -0.401848 
612 0.610006 
613 -0.815061 
614 1.016951 
615 -1.215613 
616 1.410990 
617 -1.603024 
618 1.791662 
619 -1.976854 
620 2.158549 
621 -2.336702 
622 2.511268 
623 -2.682208 
624 2.849482 
625 -3.013055 
626 3.172892 
627 -3.328963 
628 3.481239 
629 -3.629695 
630 3.774307 
631 -3.915055 
632 4.051920 
633 -4.184887 
634 4.313942 
635 -4.439074 
636 4.560275 
637 -4.677539 
638 4.790863 
639 -4.900245 
640 5.005687 
641 -5.107192 
642 5.204766 
643 -5.298417 
644 5.388156 
645 -5.473994 
646 5.555947 
647 -5.634032 
648 5.708267 
649 -5.778673 
650 5.845274 
651 -5.908093 
652 5.967160 
653 -6.022501 
654 6.074147 
655 -6.122132 
656 6.166488 
657 -6.207253 
658 6.244463 
659 -6.278157 
660 6.308377 
661 -6.335164 
662 6.358561 
663 -6.378615 
664 6.395371 
665 -6.408877 
666 6.419182 
667 -6.426336 
668 6.430390 
669 -6.431397 
670 6.429409 
671 -6.424482 
672 6.416670 
673 -6.406030 
674 6.392618 
675 -6.376493 
676 6.357712 
677 -6.336335 
678 6.312422 
679 -6.286032 
680 6.257228 
681 -6.226069 
682 6.192617 
683 -6.156935 
684 6.119085 
685 -6.079130 
686 6.037131 
687 -5.993152 
688 5.947257 
689 -5.899507 
690 5.849967 
691 -5.798699 
692 5.745766 
693 -5.691231 
694 5.635157 
695 -5.577607 
696 5.518642 
697 -5.458325 
698 5.396717 
699 -5.333879 
700 5.269873 
701 -5.204759 
702 5.138597 
703 -5.071446 
704 5.003365 
705 -4.934413 
706 4.864648 
707 -4.794126 
708 4.722904 
709 -4.651037 
710 4.578582 
711 -4.505591 
712 4.432119 
713 -4.358218 
714 4.283941 
715 -4.209338 
716 4.134459 
717 -4.059354 
718 3.984072 
719 -3.908659 
720 3.833162 
721 -3.757628 
722 3.682100 
723 -3.606623 
724 3.531238 
725 -3.455989 
726 3.380915 
727 -3.306056 
728 3.231451 
729 -3.157137 
730 3.083152 
731 -3.009530 
732 2.936307 
733 -2.863515 
734 2.791187 
735 -2.719354 
736 2.648048 
737 -2.577296 
738 2.507128 
739 -2.437570 
740 2.368648 
741 -2.300388 
742 2.232814 
743 -2.165948 
744 2.099812 
745 -2.034429 
746 1.969816 
747 -1.905995 
748 1.842981 
749 -1.780793 
750 1.719446 
751 -1.658956 
752 1.599336 
753 -1.540600 
754 1.482760 
755 -1.425826 
756 1.369810 
757 -1.314721 
758 1.260568 
759 -1.207358 
760 1.155098 
761 -1.103795 
762 1.053454 
763 -1.004078 
764 0.955673 
765 -0.908240 
766 0.861782 
767 -0.816300 
768 0.771796 
769 -0.728268 
770 0.685718 
771 -0.644142 
772 0.603540 
773 -0.563908 
774 0.525244 
775 -0.487543 
776 0.450802 
777 -0.415015 
778 0.380177 
779 -0.346282 
780 0.313323 
781 -0.281294 
782 0.250188 
783 -0.219995 
784 0.190709 
785 -0.162320 
786 0.134820 
787 -0.108198 
788 0.082445 
789 -0.057551 
790 0.033505 
791 -0.010297 
792 -0.012085 
793 0.033651 
794 -0.054414 
795 0.074385 
796 -0.093576 
797 0.112000 
798 -0.129669 
799 0.146596 
800 -0.162793 
801 0.178274 
802 -0.193051 
803 0.207137 
804 -0.220547 
805 0.233293 
806 -0.245389 
807 0.256848 
808 -0.267684 
809 0.277911 
810 -0.287542 
811 0.296591 
812 -0.305071 
813 0.312996 
814 -0.320380 
815 0.327237 
816 -0.333579 
817 0.339421 
818 -0.344776 
819 0.349658 
820 -0.354079 
821 0.358053 
822 -0.361592 
823 0.364711 
824 -0.367422 
825 0.369738 
826 -0.371672 
827 0.373235 
828 -0.374441 
829 0.375301 
830 -0.375829 
831 0.376035 
832 -0.375932 
833 0.375532 
834 -0.374845 
835 0.373884 
836 -0.372659 
837 0.371181 
838 -0.369461 
839 0.367510 
840 -0.365338 
841 0.362956 
842 -0.360373 
843 0.357599 
844 -0.354644 
845 0.351517 
846 -0.348228 
847 0.344785 
848 -0.341198 
849 0.337474 
850 -0.333623 
851 0.329653 
852 -0.325572 
853 0.321387 
854 -0.317106 
855 0.312737 
856 -0.308287 
857 0.303763 
858 -0.299171 
859 0.294518 
860 -0.289811 
861 0.285056 
862 -0.280258 
863 0.275425 
864 -0.270561 
865 0.265671 
866 -0.260762 
867 0.255838 
868 -0.250904 
869 0.245964 
870 -0.241024 
871 0.236088 
872 -0.231159 
873 0.226242 
874 -0.221341 
875 0.216459 
876 -0.211600 
877 0.206767 
878 -0.201964 
879 0.197193 
880 -0.192458 
881 0.187760 
882 -0.183104 
883 0.178490 
884 -0.173922 
885 0.169402 
886 -0.164932 
887 0.160513 
888 -0.156147 
889 0.151837 
890 -0.147584 
891 0.143388 
892 -0.139253 
893 0.135177 
894 -0.131164 
895 0.127213 
896 -0.123327 
897 0.119504 
898 -0.115747 
899 0.112056 
900 -0.108432 
901 0.104874 
902 -0.101383 
903 0.097960 
904 -0.094605 
905 0.091318 
906 -0.088099 
907 0.084947 
908 -0.081864 
909 0.078848 
910 -0.075900 
911 0.073020 
912 -0.070206 
913 0.067459 
914 -0.064779 
915 0.062164 
916 -0.059615 
917 0.057131 
918 -0.054711 
919 0.052355 
920 -0.050061 
921 0.047831 
922 -0.045661 
923 0.043553 
924 -0.041505 
925 0.039517 
926 -0.037587 
927 0.035714 
928 -0.033899 
929 0.032139 
930 -0.030435 
931 0.028785 
932 -0.027188 
933 0.025644 
934 -0.024151 
935 0.022708 
936 -0.021315 
937 0.019971 
938 -0.018674 
939 0.017424 
940 -0.016219 
941 0.015059 
942 -0.013943 
943 0.012870 
944 -0.011838 
945 0.010847 
946 -0.009896 
947 0.008983 
948 -0.008109 
949 0.007271 
950 -0.006469 
951 0.005703 
952 -0.004970 
953 0.004271 
954 -0.003604 
955 0.002968 
956 -0.002362 
957 0.001787 
958 -0.001239 
959 0.000720 
960 -0.000228 
961 -0.000238 
962 0.000679 
963 -0.001096 
964 0.001489 
965 -0.001858 
966 0.002206 
967 -0.002532 
968 0.002838 
969 -0.003124 
970 0.003390 
971 -0.003638 
972 0.003868 
973 -0.004082 
974 0.004278 
975 -0.004459 
976 0.004625 
977 -0.004776 
978 0.004913 
979 -0.005036 
980 0.005147 
981 -0.005246 
982 0.005332 
983 -0.005408 
984 0.005473 
985 -0.005527 
986 0.005572 
987 -0.005608 
988 0.005635 
989 -0.005653 
990 0.005664 
991 -0.005667 
992 0.005663 
993 -0.005653 
994 0.005636 
995 -0.005613 
996 0.005584 
997 -0.005551 
998 0.005512 
999 -0.005468 
1000 0.005421 
1001 -0.005369 
1002 0.005314 
1003 -0.005255 
1004 0.005193 
1005 -0.005128 
1006 0.005060 
1007 -0.004990 
1008 0.004918 
1009 -0.004844 
1010 0.004767 
1011 -0.004690 
1012 0.004611 
1013 -0.004530 
1014 0.004449 
1015 -0.004366 
1016 0.004283 
1017 -0.004199 
1018 0.004115 
1019 -0.004030 
1020 0.003945 
1021 -0.003860 
1022 0.003776 
1023 -0.003691 
1024 0.003606 
1025 -0.003522 
1026 0.003438 
1027 -0.003355 
1028 0.003272 
1029 -0.003190 
1030 0.003109 
1031 -0.003028 
1032 0.002948 
1033 -0.002870 
1034 0.002792 
1035 -0.002715 
1036 0.002639 
1037 -0.002564 
1038 0.002490 
1039 -0.002418 
1040 0.002346 
1041 -0.002276 
1042 0.002207 
1043 -0.002139 
1044 0.002073 
1045 -0.002008 
1046 0.001944 
1047 -0.001881 
1048 0.001820 
1049 -0.001760 
1050 0.001701 
1051 -0.001643 
1052 0.001587 
1053 -0.001532 
1054 0.001479 
1055 -0.001427 
1056 0.001376 
1057 -0.001326 
1058 0.001277 
1059 -0.001230 
1060 0.001184 
1061 -0.001140 
1062 0.001096 
1063 -0.001054 
1064 0.001013 
1065 -0.000973 
1066 0.000934 
1067 -0.000896 
1068 0.000860 
1069 -0.000824 
1070 0.000790 
1071 -0.000757 
1072 0.000724 
1073 -0.000693 
1074 0.000663 
1075 -0.000634 
1076 0.000606 
1077 -0.000578 
1078 0.000552 
1079 -0.000526 
1080 0.000502 
1081 -0.000478 
1082 0.000455 
1083 -0.000433 
1084 0.000412 
1085 -0.000392 
1086 0.000372 
1087 -0.000353 
1088 0.000335 
1089 -0.000317 
1090 0.000300 
1091 -0.000284 
1092 0.000268 
1093 -0.000254 
1094 0.000239 
1095 -0.000226 
1096 0.000212 
1097 -0.000200 
1098 0.000188 
1099 -0.000176 
1100 0.000165 
1101 -0.000155 
1102 0.000145 
1103 -0.000135 
1104 0.000126 
1105 -0.000117 
1106 0.000109 
1107 -0.000101 
1108 0.000093 
1109 -0.000086 
1110 0.000079 
1111 -0.000073 
1112 0.000067 
1113 -0.000061 
1114 0.000055 
1115 -0.000050 
1116 0.000045 
1117 -0.000040 
1118 0.000036 
1119 -0.000032 
1120 0.000028 
1121 -0.000024 
1122 0.000021 
1123 -0.000017 
1124 0.000014 
1125 -0.000011 
1126 0.000009 
1127 -0.000006 
1128 0.000004 
1129 -0.000002 
1130 -0.000000 
1131 0.000002 
1132 -0.000004 
1133 0.000006 
1134 -0.000007 
1135 0.000008 
1136 -0.000010 
1137 0.000011 
1138 -0.000012 
1139 0.000013 
1140 -0.000014 
1141 0.000015 
1142 -0.000015 
1143 0.000016 
1144 -0.000016 
1145 0.000017 
1146 -0.000017 
1147 0.000018 
1148 -0.000018 
1149 0.000018 
1150 -0.000018 
1151 0.000019 
1152 -0.000019 
1153 0.000019 
1154 -0.000019 
1155 0.000019 
1156 -0.000019 
1157 0.000019 
1158 -0.000019 
1159 0.000018 
1160 -0.000018 
1161 0.000018 
1162 -0.000018 
1163 0.000018 
1164 -0.000018 
1165 0.000017 
1166 -0.000017 
1167 0.000017 
1168 -0.000016 
1169 0.000016 
1170 -0.000016 
1171 0.000016 
1172 -0.000015 
1173 0.000015 
1174 -0.000015 
1175 0.000014 
1176 -0.000014 
1177 0.000014 
1178 -0.000013 
1179 0.000013 
1180 -0.000013 
1181 0.000012 
1182 -0.000012 
1183 0.000012 
1184 -0.000011 
1185 0.000011 
1186 -0.000011 
1187 0.000010 
1188 -0.000010 
1189 0.000010 
1190 -0.000010 
1191 0.000009 
1192 -0.000009 
1193 0.000009 
1194 -0.000008 
1195 0.000008 
1196 -0.000008 
1197 0.000008 
1198 -0.000007 
1199 0.000007 
1200 -0.000007 
1201 0.000007 
1202 -0.000006 
1203 0.000006 
1204 -0.000006 
1205 0.000006 
1206 -0.000005 
1207 0.000005 
1208 -0.000005 
1209 0.000005 
1210 -0.000005 
1211 0.000005 
1212 -0.000004 
1213 0.000004 
1214 -0.000004 
1215 0.000004 
1216 -0.000004 
1217 0.000004 
1218 -0.000003 
1219 0.000003 
1220 -0.000003 
1221 0.000003 
1222 -0.000003 
1223 0.000003 
1224 -0.000003 
1225 0.000002 
1226 -0.000002 
1227 0.000002 
1228 -0.000002 
1229 0.000002 
1230 -0.000002 
1231 0.000002 
1232 -0.000002 
1233 0.000002 
1234 -0.000002 
1235 0.000002 
1236 -0.000001 
1237 0.000001 
1238 -0.000001 
1239 0.000001 
1240 -0.000001 
1241 0.000001 
1242 -0.000001 
1243 0.000001 
1244 -0.000001 
1245 0.000001 
1246 -0.000001 
1247 0.000001 
1248 -0.000001 
1249 0.000001 
1250 -0.000001 
1251 0.000001 
1252 -0.000001 
1253 0.000001 
1254 -0.000001 
1255 0.000001 
1256 -0.000000 
1257 0.000000 
1258 -0.000000 
1259 0.000000 
1260 -0.000000 
1261 0.000000 
1262 -0.000000 
1263 0.000000 
1264 -0.000000 
1265 0.000000 
1266 -0.000000 
1267 0.000000 
1268 -0.000000 
1269 0.000000 
1270 -0.000000 
1271 0.000000 
1272 -0.000000 
1273 0.000000 
1274 -0.000000 
1275 0.000000 
1276 -0.000000 
1277 0.000000 
1278 -0.000000 
1279 0.000000 
1280 -0.000000 
1281 0.000000 
1282 -0.000000 
1283 0.000000 
1284 -0.000000 
1285 0.000000 
1286 -0.000000 
1287 0.000000 
1288 -0.000000 
1289 0.000000 
1290 -0.000000 
1291 0.000000 
1292 -0.000000 
1293 0.000000 
1294 -0.000000 
1295 0.000000 
1296 -0.000000 
1297 0.000000 
1298 -0.000000 
1299 0.000000 
1300 0.000000 
1301 -0.000000 
1302 0.000000 
1303 -0.000000 
1304 0.000000 
1305 -0.000000 
1306 0.000000 
1307 -0.000000 
1308 0.000000 
1309 -0.000000 
1310 0.000000 
1311 -0.000000 
1312 0.000000 
1313 -0.000000 
1314 0.000000 
1315 -0.000000 
1316 0.000000 
1317 -0.000000 
1318 0.000000 
1319 -0.000000 
1320 0.000000 
1321 -0.000000 
1322 0.000000 
1323 -0.000000 
1324 0.000000 
1325 -0.000000 
1326 0.000000 
1327 -0.000000 
1328 0.000000 
1329 -0.000000 
1330 0.000000 
1331 -0.000000 
1332 0.000000 
1333 -0.000000 
1334 0.000000 
1335 -0.000000 
1336 0.000000 
1337 -0.000000 
1338 0.000000 
1339 -0.000000 
1340 0.000000 
1341 -0.000000 
1342 0.000000 
1343 -0.000000 
1344 0.000000 
1345 -0.000000 
1346 0.000000 
1347 -0.000000 
1348 0.000000 
1349 -0.000000 
1350 0.000000 
1351 -0.000000 
1352 0.000000 
1353 -0.000000 
1354 0.000000 
1355 -0.000000 
1356 0.000000 
1357 -0.000000 
1358 0.000000 
1359 -0.000000 
1360 0.000000 
1361 -0.000000 
1362 0.000000 
1363 -0.000000 
1364 0.000000 
1365 -0.000000 
1366 0.000000 
1367 -0.000000 
1368 0.000000 
1369 -0.000000 
1370 0.000000 
1371 -0.000000 
1372 0.000000 
1373 -0.000000 
1374 0.000000 
1375 -0.000000 
1376 0.000000 
1377 -0.000000 
1378 0.000000 
1379 -0.000000 
1380 0.000000 
1381 -0.000000 
1382 0.000000 
1383 -0.000000 
1384 0.000000 
1385 -0.000000 
1386 0.000000 
1387 -0.000000 
1388 0.000000 
1389 -0.000000 
1390 0.000000 
1391 -0.000000 
1392 0.000000 
1393 -0.000000 
1394 0.000000 
1395 -0.000000 
1396 0.000000 
1397 -0.000000 
1398 0.000000 
1399 -0.000000 
1400 0.000000 
1401 -0.000000 
1402 0.000000 
1403 -0.000000 
1404 0.000000 
1405 -0.000000 
1406 0.000000 
1407 -0.000000 
1408 0.000000 
1409 -0.000000 
1410 0.000000 
1411 -0.000000 
1412 0.000000 
1413 -0.000000 
1414 0.000000 
1415 -0.000000 
1416 0.000000 
1417 -0.000000 
1418 0.000000 
1419 -0.000000 
1420 0.000000 
1421 -0.000000 
1422 0.000000 
1423 -0.000000 
1424 0.000000 
1425 -0.000000 
1426 0.000000 
1427 -0.000000 
1428 0.000000 
1429 -0.000000 
1430 0.000000 
1431 -0.000000 
1432 0.000000 
1433 -0.000000 
1434 0.000000 
1435 -0.000000 
1436 0.000000 
1437 -0.000000 
1438 0.000000 
1439 -0.000000 
1440 0.000000 
1441 -0.000000 
1442 0.000000 
1443 -0.000000 
1444 0.000000 
1445 -0.000000 
1446 0.000000 
1447 -0.000000 
1448 0.000000 
1449 -0.000000 
1450 0.000000 
1451 -0.000000 
1452 0.000000 
1453 -0.000000 
1454 0.000000 
1455 -0.000000 
1456 0.000000 
1457 -0.000000 
1458 0.000000 
1459 -0.000000 
1460 0.000000 
1461 -0.000000 
1462 0.000000 
1463 -0.000000 
1464 0.000000 
1465 -0.000000 
1466 0.000000 
1467 -0.000000 
1468 -0.000000 
1469 0.000000 
1470 -0.000000 
1471 0.000000 
1472 -0.000000 
1473 0.000000 
1474 -0.000000 
1475 0.000000 
1476 -0.000000 
1477 0.000000 
1478 -0.000000 
1479 0.000000 
1480 -0.000000 
1481 0.000000 
1482 -0.000000 
1483 0.000000 
1484 -0.000000 
1485 0.000000 
1486 -0.000000 
1487 0.000000 
1488 -0.000000 
1489 0.000000 
1490 -0.000000 
1491 0.000000 
1492 -0.000000 
1493 0.000000 
1494 -0.000000 
1495 0.000000 
1496 -0.000000 
1497 0.000000 
1498 -0.000000 
1499 0.000000 
1500 -0.000000 
1501 0.000000 
1502 -0.000000 
1503 0.000000 
1504 -0.000000 
1505 0.000000 
1506 -0.000000 
1507 0.000000 
1508 -0.000000 
1509 0.000000 
1510 -0.000000 
1511 0.000000 
1512 -0.000000 
1513 0.000000 
1514 -0.000000 
1515 0.000000 
1516 -0.000000 
1517 0.000000 
1518 -0.000000 
1519 0.000000 
1520 -0.000000 
1521 0.000000 
1522 -0.000000 
1523 0.000000 
1524 -0.000000 
1525 0.000000 
1526 -0.000000 
1527 0.000000 
1528 -0.000000 
1529 0.000000 
1530 -0.000000 
1531 0.000000 
1532 -0.000000 
1533 0.000000 
1534 -0.000000 
1535 0.000000 
1536 -0.000000 
1537 0.000000 
1538 -0.000000 
1539 0.000000 
1540 -0.000000 
1541 0.000000 
1542 -0.000000 
1543 0.000000 
1544 -0.000000 
1545 0.000000 
1546 -0.000000 
1547 0.000000 
1548 -0.000000 
1549 0.000000 
1550 -0.000000 
1551 0.000000 
1552 -0.000000 
1553 0.000000 
1554 -0.000000 
1555 0.000000 
1556 -0.000000 
1557 0.000000 
1558 -0.000000 
1559 0.000000 
1560 -0.000000 
1561 0.000000 
1562 -0.000000 
1563 0.000000 
1564 -0.000000 
1565 0.000000 
1566 -0.000000 
1567 0.000000 
1568 -0.000000 
1569 0.000000 
1570 -0.000000 
1571 0.000000 
1572 -0.000000 
1573 0.000000 
1574 -0.000000 
1575 0.000000 
1576 -0.000000 
1577 0.000000 
1578 -0.000000 
1579 0.000000 
1580 -0.000000 
1581 0.000000 
1582 -0.000000 
1583 0.000000 
1584 -0.000000 
1585 0.000000 
1586 -0.000000 
1587 0.000000 
1588 -0.000000 
1589 0.000000 
1590 -0.000000 
1591 0.000000 
1592 -0.000000 
1593 0.000000 
1594 -0.000000 
1595 0.000000 
1596 -0.000000 
1597 0.000000 
1598 -0.000000 
1599 0.000000 
1600 -0.000000 
1601 0.000000 
1602 -0.000000 
1603 0.000000 
1604 -0.000000 
1605 0.000000 
1606 -0.000000 
1607 0.000000 
1608 -0.000000 
1609 0.000000 
1610 -0.000000 
1611 0.000000 
1612 -0.000000 
1613 0.000000 
1614 -0.000000 
1615 0.000000 
1616 -0.000000 
1617 0.000000 
1618 -0.000000 
1619 0.000000 
1620 -0.000000 
1621 0.000000 
1622 -0.000000 
1623 0.000000 
1624 -0.000000 
1625 0.000000 
1626 -0.000000 
1627 0.000000 
1628 -0.000000 
1629 0.000000 
1630 -0.000000 
1631 0.000000 
1632 -0.000000 
1633 0.000000 
1634 -0.000000 
1635 -0.000000 
1636 0.000000 
1637 -0.000000 
1638 0.000000 
1639 -0.000000 
1640 0.000000 
1641 -0.000000 
1642 0.000000 
1643 -0.000000 
1644 0.000000 
1645 -0.000000 
1646 0.000000 
1647 -0.000000 
1648 0.000000 
1649 -0.000000 
1650 0.000000 
1651 -0.000000 
1652 0.000000 
1653 -0.000000 
1654 0.000000 
1655 -0.000000 
1656 0.000000 
1657 -0.000000 
1658 0.000000 
1659 -0.000000 
1660 0.000000 
1661 -0.000000 
1662 0.000000 
1663 -0.000000 
1664 0.000000 
1665 -0.000000 
1666 0.000000 
1667 -0.000000 
1668 0.000000 
1669 -0.000000 
1670 0.000000 
1671 -0.000000 
1672 0.000000 
1673 -0.000000 
1674 0.000000 
1675 -0.000000 
1676 0.000000 
1677 -0.000000 
1678 0.000000 
1679 -0.000000 
1680 0.000000 
1681 -0.000000 
1682 0.000000 
1683 -0.000000 
1684 0.000000 
1685 -0.000000 
1686 0.000000 
1687 -0.000000 
1688 0.000000 
1689 -0.000000 
1690 0.000000 
1691 -0.000000 
1692 0.000000 
1693 -0.000000 
1694 0.000000 
1695 -0.000000 
1696 0.000000 
1697 -0.000000 
1698 0.000000 
1699 -0.000000 
1700 0.000000 
1701 -0.000000 
1702 0.000000 
1703 -0.000000 
1704 0.000000 
1705 -0.000000 
1706 0.000000 
1707 -0.000000 
1708 0.000000 
1709 -0.000000 
1710 0.000000 
1711 -0.000000 
1712 0.000000 
1713 -0.000000 
1714 0.000000 
1715 -0.000000 
1716 0.000000 
1717 -0.000000 
1718 0.000000 
1719 -0.000000 
1720 0.000000 
1721 -0.000000 
1722 0.000000 
1723 -0.000000 
1724 0.000000 
1725 -0.000000 
1726 0.000000 
1727 -0.000000 
1728 0.000000 
1729 -0.000000 
1730 0.000000 
1731 -0.000000 
1732 0.000000 
1733 -0.000000 
1734 0.000000 
1735 -0.000000 
1736 0.000000 
1737 -0.000000 
1738 0.000000 
1739 -0.000000 
1740 0.000000 
1741 -0.000000 
1742 0.000000 
1743 -0.000000 
1744 0.000000 
1745 -0.000000 
1746 0.000000 
1747 -0.000000 
1748 0.000000 
1749 -0.000000 
1750 0.000000 
1751 -0.000000 
1752 0.000000 
1753 -0.000000 
1754 0.000000 
1755 -0.000000 
1756 0.000000 
1757 -0.000000 
1758 0.000000 
1759 -0.000000 
1760 0.000000 
1761 -0.000000 
1762 0.000000 
1763 -0.000000 
1764 0.000000 
1765 -0.000000 
1766 0.000000 
1767 -0.000000 
1768 0.000000 
1769 -0.000000 
1770 0.000000 
1771 -0.000000 
1772 0.000000 
1773 -0.000000 
1774 0.000000 
1775 -0.000000 
1776 0.000000 
1777 -0.000000 
1778 0.000000 
1779 -0.000000 
1780 0.000000 
1781 -0.000000 
1782 0.000000 
1783 -0.000000 
1784 0.000000 
1785 -0.000000 
1786 0.000000 
1787 -0.000000 
1788 0.000000 
1789 -0.000000 
1790 0.000000 
1791 -0.000000 
1792 0.000000 
1793 -0.000000 
1794 0.000000 
1795 -0.000000 
1796 0.000000 
1797 -0.000000 
1798 0.000000 
1799 -0.000000 
1800 0.000000 
1801 -0.000000 
1802 0.000000 
1803 -0.000000 
1804 0.000000 
1805 -0.000000 
1806 0.000000 
1807 -0.000000 
1808 0.000000 
1809 0.000000 
1810 -0.000000 
1811 0.000000 
1812 -0.000000 
1813 0.000000 
1814 -0.000000 
1815 0.000000 
1816 -0.000000 
1817 0.000000 
1818 -0.000000 
1819 0.000000 
1820 -0.000000 
1821 0.000000 
1822 -0.000000 
1823 0.000000 
1824 -0.000000 
1825 0.000000 
1826 -0.000000 
1827 0.000000 
1828 -0.000000 
1829 0.000000 
1830 -0.000000 
1831 0.000000 
1832 -0.000000 
1833 0.000000 
1834 -0.000000 
1835 0.000000 
1836 -0.000000 
1837 0.000000 
1838 -0.000000 
1839 0.000000 
1840 -0.000000 
1841 0.000000 
1842 -0.000000 
1843 0.000000 
1844 -0.000000 
1845 0.000000 
1846 -0.000000 
1847 0.000000 
1848 -0.000000 
1849 0.000000 
1850 -0.000000 
1851 0.000000 
1852 -0.000000 
1853 0.000000 
1854 -0.000000 
1855 0.000000 
1856 -0.000000 
1857 0.000000 
1858 -0.000000 
1859 0.000000 
1860 -0.000000 
1861 0.000000 
1862 -0.000000 
1863 0.000000 
1864 -0.000000 
1865 0.000000 
1866 -0.000000 
1867 0.000000 
1868 -0.000000 
1869 0.000000 
1870 -0.000000 
1871 0.000000 
1872 -0.000000 
1873 0.000000 
1874 -0.000000 
1875 0.000000 
1876 -0.000000 
1877 0.000000 
1878 -0.000000 
1879 0.000000 
1880 -0.000000 
1881 0.000000 
1882 -0.000000 
1883 0.000000 
1884 -0.000000 
1885 0.000000 
1886 -0.000000 
1887 0.000000 
1888 -0.000000 
1889 0.000000 
1890 -0.000000 
1891 0.000000 
1892 -0.000000 
1893 0.000000 
1894 -0.000000 
1895 0.000000 
1896 -0.000000 
1897 0.000000 
1898 -0.000000 
1899 0.000000 
1900 -0.000000 
1901 0.000000 
1902 -0.000000 
1903 0.000000 
1904 -0.000000 
1905 0.000000 
1906 -0.000000 
1907 0.000000 
1908 -0.000000 
1909 0.000000 
1910 -0.000000 
1911 0.000000 
1912 -0.000000 
1913 0.000000 
1914 -0.000000 
1915 0.000000 
1916 -0.000000 
1917 0.000000 
1918 -0.000000 
1919 0.000000 
1920 -0.000000 
1921 0.000000 
1922 -0.000000 
1923 0.000000 
1924 -0.000000 
1925 0.000000 
1926 -0.000000 
1927 0.000000 
1928 -0.000000 
1929 0.000000 
1930 -0.000000 
1931 0.000000 
1932 -0.000000 
1933 0.000000 
1934 -0.000000 
1935 0.000000 
1936 -0.000000 
1937 0.000000 
1938 -0.000000 
1939 0.000000 
1940 -0.000000 
1941 0.000000 
1942 -0.000000 
1943 0.000000 
1944 -0.000000 
1945 0.000000 
1946 -0.000000 
1947 0.000000 
1948 -0.000000 
1949 0.000000 
1950 -0.000000 
1951 0.000000 
1952 -0.000000 
1953 0.000000 
1954 -0.000000 
1955 0.000000 
1956 -0.000000 
1957 0.000000 
1958 -0.000000 
1959 0.000000 
1960 -0.000000 
1961 0.000000 
1962 -0.000000 
1963 0.000000 
1964 -0.000000 
1965 0.000000 
1966 -0.000000 
1967 0.000000 
1968 -0.000000 
1969 0.000000 
1970 -0.000000 
1971 0.000000 
1972 -0.000000 
1973 -0.000000 
1974 0.000000 
1975 -0.000000 
1976 0.000000 
1977 -0.000000 
1978 0.000000 
1979 -0.000000 
1980 0.000000 
1981 -0.000000 
1982 0.000000 
1983 -0.000000 
1984 0.000000 
1985 -0.000000 
1986 0.000000 
1987 -0.000000 
1988 0.000000 
1989 -0.000000 
1990 0.000000 
1991 -0.000000 
1992 0.000000 
1993 -0.000000 
1994 0.000000 
1995 -0.000000 
1996 0.000000 
1997 -0.000000 
1998 0.000000 
1999 -0.000000 
2000 0.000000 
2001 -0.000000 
2002 0.000000 
2003 -0.000000 
2004 0.000000 
2005 -0.000000 
2006 0.000000 
2007 -0.000000 
2008 0.000000 
2009 -0.000000 
2010 0.000000 
2011 -0.000000 
2012 0.000000 
2013 -0.000000 
2014 0.000000 
2015 -0.000000 
2016 0.000000 
2017 -0.000000 
2018 0.000000 
2019 -0.000000 
2020 0.000000 
2021 -0.000000 
2022 0.000000 
2023 -0.000000 
2024 0.000000 
2025 -0.000000 
2026 0.000000 
2027 -0.000000 
2028 0.000000 
2029 -0.000000 
2030 0.000000 
2031 -0.000000 
2032 0.000000 
2033 -0.000000 
2034 0.000000 
2035 -0.000000 
2036 0.000000 
2037 -0.000000 
2038 0.000000 
2039 -0.000000 
2040 0.000000 
2041 -0.000000 
2042 0.000000 
2043 -0.000000 
2044 0.000000 
2045 -0.000000 
2046 0.000000 
2047 -0.000000 
2048 0.000000 
2049 -0.000000 
2050 0.000000 
2051 -0.000000 
2052 0.000000 
2053 -0.000000 
2054 0.000000 
2055 -0.000000 
2056 0.000000 
2057 -0.000000 
2058 0.000000 
2059 -0.000000 
2060 0.000000 
2061 -0.000000 
2062 0.000000 
2063 -0.000000 
2064 0.000000 
2065 -0.000000 
2066 0.000000 
2067 -0.000000 
2068 0.000000 
2069 -0.000000 
2070 0.000000 
2071 -0.000000 
2072 0.000000 
2073 -0.000000 
2074 0.000000 
2075 -0.000000 
2076 0.000000 
2077 -0.000000 
2078 0.000000 
2079 -0.000000 
2080 0.000000 
2081 -0.000000 
2082 0.000000 
2083 -0.000000 
2084 0.000000 
2085 -0.000000 
2086 0.000000 
2087 -0.000000 
2088 0.000000 
2089 -0.000000 
2090 0.000000 
2091 -0.000000 
2092 0.000000 
2093 -0.000000 
2094 0.000000 
2095 -0.000000 
2096 0.000000 
2097 -0.000000 
2098 0.000000 
2099 -0.000000 
2100 0.000000 
2101 -0.000000 
2102 0.000000 
2103 -0.000000 
2104 0.000000 
2105 -0.000000 
2106 0.000000 
2107 -0.000000 
2108 0.000000 
2109 -0.000000 
2110 0.000000 
2111 -0.000000 
2112 0.000000 
2113 -0.000000 
2114 0.000000 
2115 -0.000000 
2116 0.000000 
2117 -0.000000 
2118 0.000000 
2119 -0.000000 
2120 0.000000 
2121 -0.000000 
2122 0.000000 
2123 -0.000000 
2124 0.000000 
2125 -0.000000 
2126 0.000000 
2127 -0.000000 
2128 0.000000 
2129 -0.000000 
2130 0.000000 
2131 -0.000000 
2132 0.000000 
2133 -0.000000 
2134 0.000000 
2135 -0.000000 
2136 0.000000 
2137 -0.000000 
2138 0.000000 
2139 -0.000000 
2140 0.000000 
2141 -0.000000 
2142 0.000000 
2143 -0.000000 
2144 0.000000 
2145 -0.000000 
2146 0.000000 
2147 -0.000000 
2148 0.000000 
2149 -0.000000 
2150 0.000000 
2151 -0.000000 
2152 -0.000000 
2153 0.000000 
2154 -0.000000 
2155 0.000000 
2156 -0.000000 
2157 0.000000 
2158 -0.000000 
2159 0.000000 
2160 -0.000000 
2161 0.000000 
2162 -0.000000 
2163 0.000000 
2164 -0.000000 
2165 0.000000 
2166 -0.000000 
2167 0.000000 
2168 -0.000000 
2169 0.000000 
2170 -0.000000 
2171 0.000000 
2172 -0.000000 
2173 0.000000 
2174 -0.000000 
2175 0.000000 
2176 -0.000000 
2177 0.000000 
2178 -0.000000 
2179 0.000000 
2180 -0.000000 
2181 0.000000 
2182 -0.000000 
2183 0.000000 
2184 -0.000000 
2185 0.000000 
2186 -0.000000 
2187 0.000000 
2188 -0.000000 
2189 0.000000 
2190 -0.000000 
2191 0.000000 
2192 -0.000000 
2193 0.000000 
2194 -0.000000 
2195 0.000000 
2196 -0.000000 
2197 0.000000 
2198 -0.000000 
2199 0.000000 
2200 -0.000000 
2201 0.000000 
2202 -0.000000 
2203 0.000000 
2204 -0.000000 
2205 0.000000 
2206 -0.000000 
2207 0.000000 
2208 -0.000000 
2209 0.000000 
2210 -0.000000 
2211 0.000000 
2212 -0.000000 
2213 0.000000 
2214 -0.000000 
2215 0.000000 
2216 -0.000000 
2217 0.000000 
2218 -0.000000 
2219 0.000000 
2220 -0.000000 
2221 0.000000 
2222 -0.000000 
2223 0.000000 
2224 -0.000000 
2225 0.000000 
2226 -0.000000 
2227 0.000000 
2228 -0.000000 
2229 0.000000 
2230 -0.000000 
2231 0.000000 
2232 -0.000000 
2233 0.000000 
2234 -0.000000 
2235 0.000000 
2236 -0.000000 
2237 0.000000 
2238 -0.000000 
2239 0.000000 
2240 -0.000000 
2241 0.000000 
2242 -0.000000 
2243 0.000000 
2244 -0.000000 
2245 0.000000 
2246 -0.000000 
2247 0.000000 
2248 -0.000000 
2249 0.000000 
2250 -0.000000 
2251 0.000000 
2252 -0.000000 
2253 0.000000 
2254 -0.000000 
2255 0.000000 
2256 -0.000000 
2257 0.000000 
2258 -0.000000 
2259 0.000000 
2260 -0.000000 
2261 0.000000 
2262 -0.000000 
2263 0.000000 
2264 -0.000000 
2265 0.000000 
2266 -0.000000 
2267 0.000000 
2268 -0.000000 
2269 0.000000 
2270 -0.000000 
2271 0.000000 
2272 -0.000000 
2273 0.000000 
2274 -0.000000 
2275 0.000000 
2276 -0.000000 
2277 0.000000 
2278 -0.000000 
2279 0.000000 
2280 -0.000000 
2281 0.000000 
2282 -0.000000 
2283 0.000000 
2284 -0.000000 
2285 0.000000 
2286 -0.000000 
2287 0.000000 
2288 -0.000000 
2289 0.000000 
2290 -0.000000 
2291 0.000000 
2292 -0.000000 
2293 0.000000 
2294 -0.000000 
2295 0.000000 
2296 -0.000000 
2297 0.000000 
2298 -0.000000 
2299 0.000000 
2300 -0.000000 
2301 -0.000000 
2302 0.000000 
2303 -0.000000 
2304 0.000000 
2305 -0.000000 
2306 0.000000 
2307 -0.000000 
2308 0.000000 
2309 -0.000000 
2310 0.000000 
2311 -0.000000 
2312 0.000000 
2313 -0.000000 
2314 0.000000 
2315 -0.000000 
2316 0.000000 
2317 -0.000000 
2318 0.000000 
2319 -0.000000 
2320 0.000000 
2321 -0.000000 
2322 0.000000 
2323 -0.000000 
2324 0.000000 
2325 -0.000000 
2326 0.000000 
2327 -0.000000 
2328 0.000000 
2329 -0.000000 
2330 0.000000 
2331 -0.000000 
2332 0.000000 
2333 -0.000000 
2334 0.000000 
2335 -0.000000 
2336 0.000000 
2337 -0.000000 
2338 0.000000 
2339 -0.000000 
2340 0.000000 
2341 -0.000000 
2342 0.000000 
2343 -0.000000 
2344 0.000000 
2345 -0.000000 
2346 0.000000 
2347 -0.000000 
2348 0.000000 
2349 -0.000000 
2350 0.000000 
2351 -0.000000 
2352 0.000000 
2353 -0.000000 
2354 0.000000 
2355 -0.000000 
2356 0.000000 
2357 -0.000000 
2358 0.000000 
2359 -0.000000 
2360 0.000000 
2361 -0.000000 
2362 0.000000 
2363 -0.000000 
2364 0.000000 
2365 -0.000000 
2366 0.000000 
2367 -0.000000 
2368 0.000000 
2369 -0.000000 
2370 0.000000 
2371 -0.000000 
2372 0.000000 
2373 -0.000000 
2374 0.000000 
2375 -0.000000 
2376 0.000000 
2377 -0.000000 
2378 0.000000 
2379 -0.000000 
2380 0.000000 
2381 -0.000000 
2382 0.000000 
2383 -0.000000 
2384 0.000000 
2385 -0.000000 
2386 0.000000 
2387 -0.000000 
2388 0.000000 
2389 -0.000000 
2390 0.000000 
2391 -0.000000 
2392 0.000000 
2393 -0.000000 
2394 0.000000 
2395 -0.000000 
2396 0.000000 
2397 -0.000000 
2398 0.000000 
2399 0.000000 
2400 -0.000000 
2401 0.000000 
2402 -0.000000 
2403 0.000000 
2404 -0.000000 
2405 0.000000 
2406 -0.000000 
2407 0.000000 
2408 -0.000000 
2409 0.000000 
2410 -0.000000 
2411 0.000000 
2412 -0.000000 
2413 0.000000 
2414 -0.000000 
2415 0.000000 
2416 -0.000000 
2417 0.000000 
2418 -0.000000 
2419 0.000000 
2420 -0.000000 
2421 0.000000 
2422 -0.000000 
2423 0.000000 
2424 -0.000000 
2425 0.000000 
2426 -0.000000 
2427 0.000000 
2428 -0.000000 
2429 0.000000 
2430 -0.000000 
2431 0.000000 
2432 -0.000000 
2433 0.000000 
2434 -0.000000 
2435 0.000000 
2436 -0.000000 
2437 0.000000 
2438 -0.000000 
2439 0.000000 
2440 -0.000000 
2441 0.000000 
2442 -0.000000 
2443 0.000000 
2444 -0.000000 
2445 0.000000 
2446 -0.000000 
2447 0.000000 
2448 -0.000000 
2449 0.000000 
2450 -0.000000 
2451 0.000000 
2452 -0.000000 
2453 0.000000 
2454 -0.000000 
2455 0.000000 
2456 -0.000000 
2457 0.000000 
2458 -0.000000 
2459 0.000000 
2460 -0.000000 
2461 0.000000 
2462 -0.000000 
2463 0.000000 
2464 -0.000000 
2465 0.000000 
2466 -0.000000 
2467 0.000000 
2468 -0.000000 
2469 0.000000 
2470 -0.000000 
2471 0.000000 
2472 -0.000000 
2473 0.000000 
2474 -0.000000 
2475 0.000000 
2476 -0.000000 
2477 0.000000 
2478 -0.000000 
2479 0.000000 
2480 -0.000000 
2481 0.000000 
2482 -0.000000 
2483 0.000000 
2484 -0.000000 
2485 0.000000 
2486 -0.000000 
2487 0.000000 
2488 -0.000000 
2489 0.000000 
2490 -0.000000 
2491 0.000000 
2492 -0.000000 
2493 0.000000 
2494 -0.000000 
2495 0.000000 
2496 -0.000000 
2497 0.000000 
2498 -0.000000 
2499 0.000000 
2500 -0.000000 
2501 0.000000 
2502 -0.000000 
2503 0.000000 
2504 -0.000000 
2505 0.000000 
2506 -0.000000 
2507 0.000000 
2508 -0.000000 
2509 0.000000 
2510 -0.000000 
2511 0.000000 
2512 -0.000000 
2513 0.000000 
2514 -0.000000 
2515 -0.000000 
2516 0.000000 
2517 -0.000000 
2518 0.000000 
2519 -0.000000 
2520 0.000000 
2521 -0.000000 
2522 0.000000 
2523 -0.000000 
2524 0.000000 
2525 -0.000000 
2526 0.000000 
2527 -0.000000 
2528 0.000000 
2529 -0.000000 
2530 0.000000 
2531 -0.000000 
2532 0.000000 
2533 -0.000000 
2534 0.000000 
2535 -0.000000 
2536 0.000000 
2537 -0.000000 
2538 0.000000 
2539 -0.000000 
2540 0.000000 
2541 -0.000000 
2542 0.000000 
2543 -0.000000 
2544 0.000000 
2545 -0.000000 
2546 0.000000 
2547 -0.000000 
2548 0.000000 
2549 -0.000000 
2550 0.000000 
2551 -0.000000 
2552 0.000000 
2553 -0.000000 
2554 0.000000 
2555 -0.000000 
2556 0.000000 
2557 -0.000000 
2558 0.000000 
2559 -0.000000 
2560 0.000000 
2561 -0.000000 
2562 0.000000 
2563 -0.000000 
2564 0.000000 
2565 -0.000000 
2566 0.000000 
2567 -0.000000 
2568 0.000000 
2569 -0.000000 
2570 0.000000 
2571 -0.000000 
2572 0.000000 
2573 -0.000000 
2574 0.000000 
2575 -0.000000 
2576 0.000000 
2577 -0.000000 
2578 0.000000 
2579 -0.000000 
2580 0.000000 
2581 -0.000000 
2582 0.000000 
2583 -0.000000 
2584 0.000000 
2585 -0.000000 
2586 0.000000 
2587 -0.000000 
2588 0.000000 
2589 -0.000000 
2590 0.000000 
2591 -0.000000 
2592 0.000000 
2593 -0.000000 
2594 0.000000 
2595 -0.000000 
2596 0.000000 
2597 -0.000000 
2598 0.000000 
2599 -0.000000 
2600 0.000000 
2601 -0.000000 
2602 0.000000 
2603 -0.000000 
2604 0.000000 
2605 -0.000000 
2606 0.000000 
2607 -0.000000 
2608 0.000000 
2609 -0.000000 
2610 0.000000 
2611 -0.000000 
2612 0.000000 
2613 -0.000000 
2614 0.000000 
2615 -0.000000 
2616 0.000000 
2617 -0.000000 
2618 0.000000 
2619 -0.000000 
2620 0.000000 
2621 -0.000000 
2622 0.000000 
2623 -0.000000 
2624 0.000000 
2625 -0.000000 
2626 0.000000 
2627 -0.000000 
2628 0.000000 
2629 -0.000000 
2630 0.000000 
2631 -0.000000 
2632 0.000000 
2633 -0.000000 
2634 0.000000 
2635 -0.000000 
2636 0.000000 
2637 -0.000000 
2638 0.000000 
2639 -0.000000 
2640 0.000000 
2641 -0.000000 
2642 0.000000 
2643 -0.000000 
2644 0.000000 
2645 -0.000000 
2646 0.000000 
2647 -0.000000 
2648 0.000000 
2649 -0.000000 
2650 0.000000 
2651 -0.000000 
2652 0.000000 
2653 -0.000000 
2654 0.000000 
2655 -0.000000 
2656 0.000000 
2657 -0.000000 
2658 0.000000 
2659 -0.000000 
2660 0.000000 
2661 -0.000000 
2662 0.000000 
2663 -0.000000 
2664 0.000000 
2665 -0.000000 
2666 0.000000 
2667 -0.000000 
2668 0.000000 
2669 -0.000000 
2670 0.000000 
2671 -0.000000 
2672 0.000000 
2673 -0.000000 
2674 0.000000 
2675 -0.000000 
2676 0.000000 
2677 -0.000000 
2678 0.000000 
2679 -0.000000 
2680 0.000000 
2681 -0.000000 
2682 0.000000 
2683 -0.000000 
2684 0.000000 
2685 -0.000000 
2686 0.000000 
2687 -0.000000 
2688 0.000000 
2689 -0.000000 
2690 0.000000 
2691 -0.000000 
2692 0.000000 
2693 -0.000000 
2694 0.000000 
2695 -0.000000 
2696 0.000000 
2697 -0.000000 
2698 0.000000 
2699 -0.000000 
2700 0.000000 
2701 -0.000000 
2702 0.000000 
2703 -0.000000 
2704 0.000000 
2705 -0.000000 
2706 0.000000 
2707 -0.000000 
2708 0.000000 
2709 -0.000000 
2710 0.000000 
2711 -0.000000 
2712 0.000000 
2713 -0.000000 
2714 0.000000 
2715 -0.000000 
2716 0.000000 
2717 -0.000000 
2718 0.000000 
2719 -0.000000 
2720 0.000000 
2721 -0.000000 
2722 0.000000 
2723 -0.000000 
2724 0.000000 
2725 -0.000000 
2726 0.000000 
2727 -0.000000 
2728 0.000000 
2729 0.000000 
2730 -0.000000 
2731 0.000000 
2732 -0.000000 
2733 0.000000 
2734 -0.000000 
2735 0.000000 
2736 -0.000000 
2737 0.000000 
2738 -0.000000 
2739 0.000000 
2740 -0.000000 
2741 0.000000 
2742 -0.000000 
2743 0.000000 
2744 -0.000000 
2745 0.000000 
2746 -0.000000 
2747 0.000000 
2748 -0.000000 
2749 0.000000 
2750 -0.000000 
2751 0.000000 
2752 -0.000000 
2753 0.000000 
2754 -0.000000 
2755 0.000000 
2756 -0.000000 
2757 0.000000 
2758 -0.000000 
2759 0.000000 
2760 -0.000000 
2761 0.000000 
2762 -0.000000 
2763 0.000000 
2764 -0.000000 
2765 0.000000 
2766 -0.000000 
2767 0.000000 
2768 -0.000000 
2769 0.000000 
2770 -0.000000 
2771 0.000000 
2772 -0.000000 
2773 0.000000 
2774 -0.000000 
2775 0.000000 
2776 -0.000000 
2777 0.000000 
2778 -0.000000 
2779 0.000000 
2780 -0.000000 
2781 0.000000 
2782 -0.000000 
2783 0.000000 
2784 -0.000000 
2785 0.000000 
2786 -0.000000 
2787 0.000000 
2788 -0.000000 
2789 0.000000 
2790 -0.000000 
2791 0.000000 
2792 -0.000000 
2793 0.000000 
2794 -0.000000 
2795 0.000000 
2796 -0.000000 
2797 0.000000 
2798 -0.000000 
2799 0.000000 
2800 0.000000 
2801 -0.000000 
2802 0.000000 
2803 -0.000000 
2804 0.000000 
2805 -0.000000 
2806 0.000000 
2807 -0.000000 
2808 0.000000 
2809 -0.000000 
2810 0.000000 
2811 -0.000000 
2812 0.000000 
2813 -0.000000 
2814 0.000000 
2815 -0.000000 
2816 0.000000 
2817 -0.000000 
2818 0.000000 
2819 -0.000000 
2820 0.000000 
2821 -0.000000 
2822 0.000000 
2823 -0.000000 
2824 0.000000 
2825 -0.000000 
2826 0.000000 
2827 -0.000000 
2828 0.000000 
2829 -0.000000 
2830 0.000000 
2831 -0.000000 
2832 0.000000 
2833 -0.000000 
2834 0.000000 
2835 -0.000000 
2836 0.000000 
2837 -0.000000 
2838 0.000000 
2839 -0.000000 
2840 0.000000 
2841 -0.000000 
2842 0.000000 
2843 -0.000000 
2844 0.000000 
2845 -0.000000 
2846 0.000000 
2847 -0.000000 
2848 0.000000 
2849 -0.000000 
2850 0.000000 
2851 -0.000000 
2852 0.000000 
2853 -0.000000 
2854 0.000000 
2855 -0.000000 
2856 0.000000 
2857 -0.000000 
2858 0.000000 
2859 -0.000000 
2860 0.000000 
2861 -0.000000 
2862 0.000000 
2863 -0.000000 
2864 0.000000 
2865 -0.000000 
2866 0.000000 
2867 -0.000000 
2868 0.000000 
2869 -0.000000 
2870 0.000000 
2871 -0.000000 
2872 0.000000 
2873 -0.000000 
2874 0.000000 
2875 -0.000000 
2876 0.000000 
2877 -0.000000 
2878 0.000000 
2879 -0.000000 
2880 0.000000 
2881 -0.000000 
2882 0.000000 
2883 -0.000000 
2884 0.000000 
2885 -0.000000 
2886 0.000000 
2887 -0.000000 
2888 0.000000 
2889 -0.000000 
2890 0.000000 
2891 -0.000000 
2892 0.000000 
2893 -0.000000 
2894 0.000000 
2895 -0.000000 
2896 0.000000 
2897 -0.000000 
2898 0.000000 
2899 -0.000000 
2900 0.000000 
2901 -0.000000 
2902 0.000000 
2903 -0.000000 
2904 0.000000 
2905 -0.000000 
2906 0.000000 
2907 -0.000000 
2908 0.000000 
2909 -0.000000 
2910 0.000000 
2911 -0.000000 
2912 0.000000 
2913 -0.000000 
2914 0.000000 
2915 -0.000000 
2916 0.000000 
2917 -0.000000 
2918 0.000000 
2919 -0.000000 
2920 0.000000 
2921 -0.000000 
2922 0.000000 
2923 -0.000000 
2924 0.000000 
2925 -0.000000 
2926 0.000000 
2927 -0.000000 
2928 0.000000 
2929 -0.000000 
2930 0.000000 
2931 -0.000000 
2932 0.000000 
2933 -0.000000 
2934 0.000000 
2935 -0.000000 
2936 0.000000 
2937 -0.000000 
2938 0.000000 
2939 -0.000000 
2940 0.000000 
2941 -0.000000 
2942 0.000000 
2943 -0.000000 
2944 0.000000 
2945 -0.000000 
2946 0.000000 
2947 -0.000000 
2948 0.000000 
2949 -0.000000 
2950 0.000000 
2951 -0.000000 
2952 0.000000 
2953 -0.000000 
2954 0.000000 
2955 -0.000000 
2956 0.000000 
2957 -0.000000 
2958 0.000000 
2959 -0.000000 
2960 0.000000 
2961 -0.000000 
2962 0.000000 
2963 -0.000000 
2964 0.000000 
2965 -0.000000 
2966 0.000000 
2967 -0.000000 
2968 0.000000 
2969 -0.000000 
2970 0.000000 
2971 -0.000000 
2972 0.000000 
2973 -0.000000 
2974 0.000000 
2975 -0.000000 
2976 0.000000 
2977 -0.000000 
2978 0.000000 
2979 -0.000000 
2980 0.000000 
2981 -0.000000 
2982 0.000000 
2983 -0.000000 
2984 0.000000 
2985 -0.000000 
2986 0.000000 
2987 -0.000000 
2988 0.000000 
2989 -0.000000 
2990 0.000000 
2991 -0.000000 
2992 0.000000 
2993 -0.000000 
2994 0.000000 
2995 -0.000000 
2996 0.000000 
2997 -0.000000 
2998 0.000000 
2999 -0.000000 
3000 0.000000 
3001 -0.000000 
3002 0.000000 
3003 -0.000000 
3004 0.000000 
3005 -0.000000 
3006 0.000000 
3007 -0.000000 
3008 0.000000 
3009 -0.000000 
3010 0.000000 
3011 -0.000000 
3012 0.000000 
3013 -0.000000 
3014 0.000000 
3015 -0.000000 
3016 0.000000 
3017 -0.000000 
3018 0.000000 
3019 -0.000000 
3020 0.000000 
3021 -0.000000 
3022 0.000000 
3023 -0.000000 
3024 0.000000 
3025 -0.000000 
3026 0.000000 
3027 -0.000000 
3028 0.000000 
3029 -0.000000 
3030 0.000000 
3031 -0.000000 
3032 0.000000 
3033 -0.000000 
3034 0.000000 
3035 -0.000000 
3036 0.000000 
3037 -0.000000 
3038 0.000000 
3039 -0.000000 
3040 0.000000 
3041 -0.000000 
3042 0.000000 
3043 -0.000000 
3044 0.000000 
3045 -0.000000 
3046 0.000000 
3047 -0.000000 
3048 0.000000 
3049 -0.000000 
3050 0.000000 
3051 -0.000000 
3052 0.000000 
3053 -0.000000 
3054 0.000000 
3055 -0.000000 
3056 0.000000 
3057 -0.000000 
3058 0.000000 
3059 -0.000000 
3060 0.000000 
3061 -0.000000 
3062 0.000000 
3063 -0.000000 
3064 0.000000 
3065 -0.000000 
3066 0.000000 
3067 -0.000000 
3068 0.000000 
3069 -0.000000 
3070 0.000000 
3071 -0.000000 
3072 0.000000 
3073 -0.000000 
3074 0.000000 
3075 -0.000000 
3076 0.000000 
3077 -0.000000 
3078 0.000000 
3079 -0.000000 
3080 0.000000 
3081 -0.000000 
3082 0.000000 
3083 -0.000000 
3084 0.000000 
3085 -0.000000 
3086 0.000000 
3087 -0.000000 
3088 0.000000 
3089 -0.000000 
3090 0.000000 
3091 -0.000000 
3092 0.000000 
3093 -0.000000 
3094 0.000000 
3095 -0.000000 
3096 0.000000 
3097 -0.000000 
3098 0.000000 
3099 -0.000000 
3100 0.000000 
3101 -0.000000 
3102 0.000000 
3103 -0.000000 
3104 0.000000 
3105 -0.000000 
3106 0.000000 
3107 -0.000000 
3108 0.000000 
3109 -0.000000 
3110 0.000000 
3111 -0.000000 
3112 0.000000 
3113 -0.000000 
3114 0.000000 
3115 -0.000000 
3116 0.000000 
3117 -0.000000 
3118 0.000000 
3119 -0.000000 
3120 0.000000 
3121 -0.000000 
3122 0.000000 
3123 -0.000000 
3124 0.000000 
3125 -0.000000 
3126 0.000000 
3127 -0.000000 
3128 0.000000 
3129 -0.000000 
3130 0.000000 
3131 -0.000000 
3132 0.000000 
3133 -0.000000 
3134 0.000000 
3135 -0.000000 
3136 0.000000 
3137 -0.000000 
3138 0.000000 
3139 -0.000000 
3140 0.000000 
3141 -0.000000 
3142 0.000000 
3143 -0.000000 
3144 0.000000 
3145 -0.000000 
3146 0.000000 
3147 -0.000000 
3148 0.000000 
3149 -0.000000 
3150 0.000000 
3151 -0.000000 
3152 0.000000 
3153 -0.000000 
3154 0.000000 
3155 -0.000000 
3156 0.000000 
3157 -0.000000 
3158 0.000000 
3159 -0.000000 
3160 0.000000 
3161 -0.000000 
3162 0.000000 
3163 -0.000000 
3164 0.000000 
3165 -0.000000 
3166 0.000000 
3167 -0.000000 
3168 0.000000 
3169 -0.000000 
3170 0.000000 
3171 -0.000000 
3172 0.000000 
3173 -0.000000 
3174 0.000000 
3175 -0.000000 
3176 0.000000 
3177 -0.000000 
3178 0.000000 
3179 -0.000000 
3180 0.000000 
3181 -0.000000 
3182 0.000000 
3183 -0.000000 
3184 0.000000 
3185 -0.000000 
3186 0.000000 
3187 -0.000000 
3188 0.000000 
3189 -0.000000 
3190 0.000000 
3191 -0.000000 
3192 0.000000 
3193 -0.000000 
3194 0.000000 
3195 -0.000000 
3196 0.000000 
3197 -0.000000 
3198 0.000000 
3199 -0.000000 
3200 0.000000 
3201 -0.000000 
3202 0.000000 
3203 -0.000000 
3204 0.000000 
3205 -0.000000 
3206 0.000000 
3207 -0.000000 
3208 0.000000 
3209 -0.000000 
3210 0.000000 
3211 -0.000000 
3212 0.000000 
3213 -0.000000 
3214 0.000000 
3215 -0.000000 
3216 0.000000 
3217 -0.000000 
3218 0.000000 
3219 -0.000000 
3220 0.000000 
3221 -0.000000 
3222 0.000000 
3223 -0.000000 
3224 0.000000 
3225 -0.000000 
3226 0.000000 
3227 -0.000000 
3228 0.000000 
3229 -0.000000 
3230 0.000000 
3231 -0.000000 
3232 0.000000 
3233 -0.000000 
3234 0.000000 
3235 -0.000000 
3236 0.000000 
3237 -0.000000 
3238 0.000000 
3239 -0.000000 
3240 0.000000 
3241 -0.000000 
3242 0.000000 
3243 -0.000000 
3244 0.000000 
3245 -0.000000 
3246 0.000000 
3247 -0.000000 
3248 0.000000 
3249 -0.000000 
3250 0.000000 
3251 -0.000000 
3252 0.000000 
3253 -0.000000 
3254 0.000000 
3255 -0.000000 
3256 0.000000 
3257 -0.000000 
3258 0.000000 
3259 -0.000000 
3260 0.000000 
3261 -0.000000 
3262 0.000000 
3263 -0.000000 
3264 0.000000 
3265 -0.000000 
3266 0.000000 
3267 -0.000000 
3268 0.000000 
3269 -0.000000 
3270 0.000000 
3271 -0.000000 
3272 0.000000 
3273 -0.000000 
3274 0.000000 
3275 -0.000000 
3276 0.000000 
3277 -0.000000 
3278 0.000000 
3279 -0.000000 
3280 0.000000 
3281 -0.000000 
3282 0.000000 
3283 0.000000 
3284 -0.000000 
3285 0.000000 
3286 -0.000000 
3287 0.000000 
3288 -0.000000 
3289 0.000000 
3290 -0.000000 
3291 0.000000 
3292 -0.000000 
3293 0.000000 
3294 -0.000000 
3295 0.000000 
3296 -0.000000 
3297 0.000000 
3298 -0.000000 
3299 0.000000 
3300 -0.000000 
3301 0.000000 
3302 -0.000000 
3303 0.000000 
3304 -0.000000 
3305 0.000000 
3306 -0.000000 
3307 0.000000 
3308 -0.000000 
3309 0.000000 
3310 -0.000000 
3311 0.000000 
3312 -0.000000 
3313 0.000000 
3314 -0.000000 
3315 0.000000 
3316 -0.000000 
3317 0.000000 
3318 -0.000000 
3319 0.000000 
3320 -0.000000 
3321 0.000000 
3322 -0.000000 
3323 0.000000 
3324 -0.000000 
3325 0.000000 
3326 -0.000000 
3327 0.000000 
3328 -0.000000 
3329 0.000000 
3330 -0.000000 
3331 0.000000 
3332 -0.000000 
3333 0.000000 
3334 -0.000000 
3335 0.000000 
3336 -0.000000 
3337 0.000000 
3338 -0.000000 
3339 0.000000 
3340 -0.000000 
3341 0.000000 
3342 -0.000000 
3343 0.000000 
3344 -0.000000 
3345 0.000000 
3346 -0.000000 
3347 0.000000 
3348 -0.000000 
3349 0.000000 
3350 -0.000000 
3351 0.000000 
3352 -0.000000 
3353 0.000000 
3354 -0.000000 
3355 0.000000 
3356 -0.000000 
3357 0.000000 
3358 -0.000000 
3359 0.000000 
3360 -0.000000 
3361 0.000000 
3362 -0.000000 
3363 0.000000 
3364 -0.000000 
3365 0.000000 
3366 -0.000000 
3367 0.000000 
3368 -0.000000 
3369 0.000000 
3370 -0.000000 
3371 0.000000 
3372 -0.000000 
3373 0.000000 
3374 -0.000000 
3375 0.000000 
3376 -0.000000 
3377 0.000000 
3378 -0.000000 
3379 0.000000 
3380 -0.000000 
3381 0.000000 
3382 -0.000000 
3383 0.000000 
3384 -0.000000 
3385 0.000000 
3386 -0.000000 
3387 0.000000 
3388 -0.000000 
3389 0.000000 
3390 -0.000000 
3391 0.000000 
3392 -0.000000 
3393 0.000000 
3394 -0.000000 
3395 0.000000 
3396 -0.000000 
3397 0.000000 
3398 -0.000000 
3399 0.000000 
3400 -0.000000 
3401 0.000000 
3402 -0.000000 
3403 0.000000 
3404 -0.000000 
3405 0.000000 
3406 -0.000000 
3407 0.000000 
3408 -0.000000 
3409 0.000000 
3410 -0.000000 
3411 0.000000 
3412 -0.000000 
3413 0.000000 
3414 -0.000000 
3415 0.000000 
3416 -0.000000 
3417 0.000000 
3418 -0.000000 
3419 0.000000 
3420 -0.000000 
3421 0.000000 
3422 -0.000000 
3423 0.000000 
3424 -0.000000 
3425 0.000000 
3426 -0.000000 
3427 0.000000 
3428 -0.000000 
3429 0.000000 
3430 -0.000000 
3431 0.000000 
3432 -0.000000 
3433 0.000000 
3434 -0.000000 
3435 0.000000 
3436 -0.000000 
3437 0.000000 
3438 -0.000000 
3439 0.000000 
3440 -0.000000 
3441 0.000000 
3442 -0.000000 
3443 0.000000 
3444 -0.000000 
3445 0.000000 
3446 -0.000000 
3447 0.000000 
3448 -0.000000 
3449 0.000000 
3450 -0.000000 
3451 0.000000 
3452 -0.000000 
3453 0.000000 
3454 -0.000000 
3455 0.000000 
3456 0.000000 
3457 -0.000000 
3458 0.000000 
3459 -0.000000 
3460 0.000000 
3461 -0.000000 
3462 0.000000 
3463 -0.000000 
3464 0.000000 
3465 -0.000000 
3466 0.000000 
3467 -0.000000 
3468 0.000000 
3469 -0.000000 
3470 0.000000 
3471 -0.000000 
3472 0.000000 
3473 -0.000000 
3474 0.000000 
3475 -0.000000 
3476 0.000000 
3477 -0.000000 
3478 0.000000 
3479 -0.000000 
3480 0.000000 
3481 -0.000000 
3482 0.000000 
3483 -0.000000 
3484 0.000000 
3485 -0.000000 
3486 0.000000 
3487 -0.000000 
3488 0.000000 
3489 -0.000000 
3490 0.000000 
3491 -0.000000 
3492 0.000000 
3493 -0.000000 
3494 0.000000 
3495 -0.000000 
3496 0.000000 
3497 -0.000000 
3498 0.000000 
3499 -0.000000 
3500 0.000000 
3501 -0.000000 
3502 0.000000 
3503 -0.000000 
3504 0.000000 
3505 -0.000000 
3506 0.000000 
3507 -0.000000 
3508 0.000000 
3509 -0.000000 
3510 0.000000 
3511 -0.000000 
3512 0.000000 
3513 -0.000000 
3514 0.000000 
3515 -0.000000 
3516 0.000000 
3517 -0.000000 
3518 0.000000 
3519 -0.000000 
3520 0.000000 
3521 -0.000000 
3522 0.000000 
3523 -0.000000 
3524 0.000000 
3525 -0.000000 
3526 0.000000 
3527 -0.000000 
3528 0.000000 
3529 -0.000000 
3530 0.000000 
3531 -0.000000 
3532 0.000000 
3533 -0.000000 
3534 0.000000 
3535 -0.000000 
3536 0.000000 
3537 -0.000000 
3538 0.000000 
3539 -0.000000 
3540 0.000000 
3541 -0.000001 
3542 0.000001 
3543 -0.000001 
3544 0.000001 
3545 -0.000001 
3546 0.000001 
3547 -0.000001 
3548 0.000001 
3549 -0.000001 
3550 0.000001 
3551 -0.000001 
3552 0.000001 
3553 -0.000001 
3554 0.000001 
3555 -0.000001 
3556 0.000001 
3557 -0.000001 
3558 0.000001 
3559 -0.000001 
3560 0.000001 
3561 -0.000001 
3562 0.000001 
3563 -0.000001 
3564 0.000001 
3565 -0.000001 
3566 0.000001 
3567 -0.000001 
3568 0.000001 
3569 -0.000001 
3570 0.000001 
3571 -0.000002 
3572 0.000002 
3573 -0.000002 
3574 0.000002 
3575 -0.000002 
3576 0.000002 
3577 -0.000002 
3578 0.000002 
3579 -0.000002 
3580 0.000002 
3581 -0.000002 
3582 0.000002 
3583 -0.000002 
3584 0.000002 
3585 -0.000002 
3586 0.000002 
3587 -0.000002 
3588 0.000002 
3589 -0.000002 
3590 0.000002 
3591 -0.000002 
3592 0.000002 
3593 -0.000003 
3594 0.000003 
3595 -0.000003 
3596 0.000003 
3597 -0.000003 
3598 0.000003 
3599 -0.000003 
3600 0.000003 
3601 -0.000003 
3602 0.000003 
3603 -0.000003 
3604 0.000003 
3605 -0.000003 
3606 0.000003 
3607 -0.000003 
3608 0.000002 
3609 -0.000002 
3610 0.000002 
3611 -0.000002 
3612 0.000002 
3613 -0.000002 
3614 0.000002 
3615 -0.000002 
3616 0.000002 
3617 -0.000002 
3618 0.000001 
3619 -0.000001 
3620 0.000001 
3621 -0.000001 
3622 0.000001 
3623 -0.000000 
3624 0.000000 
3625 0.000000 
3626 -0.000001 
3627 0.000001 
3628 -0.000001 
3629 0.000002 
3630 -0.000002 
3631 0.000003 
3632 -0.000003 
3633 0.000004 
3634 -0.000004 
3635 0.000005 
3636 -0.000005 
3637 0.000006 
3638 -0.000007 
3639 0.000008 
3640 -0.000009 
3641 0.000009 
3642 -0.000010 
3643 0.000011 
3644 -0.000012 
3645 0.000013 
3646 -0.000015 
3647 0.000016 
3648 -0.000017 
3649 0.000018 
3650 -0.000020 
3651 0.000021 
3652 -0.000023 
3653 0.000025 
3654 -0.000026 
3655 0.000028 
3656 -0.000030 
3657 0.000032 
3658 -0.000034 
3659 0.000036 
3660 -0.000039 
3661 0.000041 
3662 -0.000044 
3663 0.000046 
3664 -0.000049 
3665 0.000052 
3666 -0.000055 
3667 0.000058 
3668 -0.000061 
3669 0.000065 
3670 -0.000068 
3671 0.000072 
3672 -0.000076 
3673 0.000080 
3674 -0.000084 
3675 0.000088 
3676 -0.000093 
3677 0.000098 
3678 -0.000103 
3679 0.000108 
3680 -0.000113 
3681 0.000118 
3682 -0.000124 
3683 0.000130 
3684 -0.000136 
3685 0.000142 
3686 -0.000148 
3687 0.000155 
3688 -0.000162 
3689 0.000169 
3690 -0.000176 
3691 0.000184 
3692 -0.000192 
3693 0.000200 
3694 -0.000208 
3695 0.000217 
3696 -0.000226 
3697 0.000235 
3698 -0.000244 
3699 0.000254 
3700 -0.000264 
3701 0.000274 
3702 -0.000285 
3703 0.000295 
3704 -0.000306 
3705 0.000318 
3706 -0.000329 
3707 0.000341 
3708 -0.000354 
3709 0.000366 
3710 -0.000379 
3711 0.000392 
3712 -0.000405 
3713 0.000419 
3714 -0.000433 
3715 0.000447 
3716 -0.000461 
3717 0.000476 
3718 -0.000491 
3719 0.000506 
3720 -0.000522 
3721 0.000538 
3722 -0.000554 
3723 0.000570 
3724 -0.000586 
3725 0.000603 
3726 -0.000620 
3727 0.000637 
3728 -0.000654 
3729 0.000671 
3730 -0.000689 
3731 0.000706 
3732 -0.000724 
3733 0.000742 
3734 -0.000759 
3735 0.000777 
3736 -0.000795 
3737 0.000813 
3738 -0.000831 
3739 0.000848 
3740 -0.000866 
3741 0.000883 
3742 -0.000900 
3743 0.000917 
3744 -0.000934 
3745 0.000950 
3746 -0.000967 
3747 0.000982 
3748 -0.000997 
3749 0.001012 
3750 -0.001026 
3751 0.001039 
3752 -0.001052 
3753 0.001064 
3754 -0.001075 
3755 0.001086 
3756 -0.001095 
3757 0.001103 
3758 -0.001111 
3759 0.001116 
3760 -0.001121 
3761 0.001124 
3762 -0.001126 
3763 0.001126 
3764 -0.001125 
3765 0.001122 
3766 -0.001116 
3767 0.001109 
3768 -0.001100 
3769 0.001088 
3770 -0.001074 
3771 0.001058 
3772 -0.001039 
3773 0.001017 
3774 -0.000992 
3775 0.000964 
3776 -0.000932 
3777 0.000897 
3778 -0.000859 
3779 0.000817 
3780 -0.000771 
3781 0.000720 
3782 -0.000666 
3783 0.000607 
3784 -0.000543 
3785 0.000474 
3786 -0.000400 
3787 0.000321 
3788 -0.000236 
3789 0.000145 
3790 -0.000048 
3791 -0.000055 
3792 0.000165 
3793 -0.000282 
3794 0.000405 
3795 -0.000536 
3796 0.000675 
3797 -0.000822 
3798 0.000977 
3799 -0.001140 
3800 0.001312 
3801 -0.001494 
3802 0.001685 
3803 -0.001885 
3804 0.002096 
3805 -0.002317 
3806 0.002549 
3807 -0.002792 
3808 0.003047 
3809 -0.003314 
3810 0.003592 
3811 -0.003883 
3812 0.004188 
3813 -0.004505 
3814 0.004837 
3815 -0.005182 
3816 0.005542 
3817 -0.005917 
3818 0.006308 
3819 -0.006714 
3820 0.007136 
3821 -0.007575 
3822 0.008031 
3823 -0.008504 
3824 0.008996 
3825 -0.009505 
3826 0.010034 
3827 -0.010581 
3828 0.011149 
3829 -0.011736 
3830 0.012344 
3831 -0.012973 
3832 0.013623 
3833 -0.014295 
3834 0.014990 
3835 -0.015707 
3836 0.016448 
3837 -0.017212 
3838 0.018000 
3839 -0.018813 
3840 0.019650 
3841 -0.020513 
3842 0.021402 
3843 -0.022317 
3844 0.023259 
3845 -0.024227 
3846 0.025223 
3847 -0.026246 
3848 0.027298 
3849 -0.028378 
3850 0.029487 
3851 -0.030625 
3852 0.031792 
3853 -0.032989 
3854 0.034216 
3855 -0.035473 
3856 0.036761 
3857 -0.038079 
3858 0.039428 
3859 -0.040808 
3860 0.042220 
3861 -0.043663 
3862 0.045137 
3863 -0.046643 
3864 0.048181 
3865 -0.049750 
3866 0.051350 
3867 -0.052983 
3868 0.054646 
3869 -0.056341 
3870 0.058068 
3871 -0.059825 
3872 0.061613 
3873 -0.063432 
3874 0.065281 
3875 -0.067159 
3876 0.069067 
3877 -0.071004 
3878 0.072970 
3879 -0.074964 
3880 0.076985 
3881 -0.079032 
3882 0.081106 
3883 -0.083204 
3884 0.085327 
3885 -0.087474 
3886 0.089643 
3887 -0.091833 
3888 0.094044 
3889 -0.096274 
3890 0.098522 
3891 -0.100786 
3892 0.103066 
3893 -0.105360 
3894 0.107666 
3895 -0.109983 
3896 0.112308 
3897 -0.114641 
3898 0.116980 
3899 -0.119321 
3900 0.121665 
3901 -0.124007 
3902 0.126346 
3903 -0.128680 
3904 0.131007 
3905 -0.133323 
3906 0.135627 
3907 -0.137915 
3908 0.140185 
3909 -0.142433 
3910 0.144658 
3911 -0.146855 
3912 0.149021 
3913 -0.151154 
3914 0.153250 
3915 -0.155305 
3916 0.157315 
3917 -0.159277 
3918 0.161188 
3919 -0.163042 
3920 0.164836 
3921 -0.166565 
3922 0.168226 
3923 -0.169814 
3924 0.171324 
3925 -0.172752 
3926 0.174092 
3927 -0.175340 
3928 0.176492 
3929 -0.177541 
3930 0.178482 
3931 -0.179311 
3932 0.180021 
3933 -0.180608 
3934 0.181065 
3935 -0.181386 
3936 0.181566 
3937 -0.181598 
3938 0.181477 
3939 -0.181196 
3940 0.180748 
3941 -0.180128 
3942 0.179329 
3943 -0.178344 
3944 0.177166 
3945 -0.175789 
3946 0.174205 
3947 -0.172408 
3948 0.170390 
3949 -0.168144 
3950 0.165664 
3951 -0.162941 
3952 0.159968 
3953 -0.156737 
3954 0.153242 
3955 -0.149475 
3956 0.145427 
3957 -0.141092 
3958 0.136461 
3959 -0.131527 
3960 0.126282 
3961 -0.120717 
3962 0.114826 
3963 -0.108601 
3964 0.102033 
3965 -0.095114 
3966 0.087837 
3967 -0.080195 
3968 0.072178 
3969 -0.063779 
3970 0.054991 
3971 -0.045806 
3972 0.036216 
3973 -0.026213 
3974 0.015791 
3975 -0.004941 
3976 -0.006344 
3977 0.018071 
3978 -0.030247 
3979 0.042880 
3980 -0.055975 
3981 0.069541 
3982 -0.083583 
3983 0.098109 
3984 -0.113124 
3985 0.128635 
3986 -0.144647 
3987 0.161166 
3988 -0.178199 
3989 0.195749 
3990 -0.213823 
3991 0.232425 
3992 -0.251560 
3993 0.271232 
3994 -0.291445 
3995 0.312203 
3996 -0.333509 
3997 0.355367 
3998 -0.377778 
3999 0.400747 
4000 -0.424274 
