0 3.054011 
1 -2.988783 
2 2.923785 
3 -2.859049 
4 2.794603 
5 -2.730477 
6 2.666699 
7 -2.603296 
8 2.540295 
9 -2.477720 
10 2.415598 
11 -2.353951 
12 2.292803 
13 -2.232176 
14 2.172091 
15 -2.112568 
16 2.053628 
17 -1.995288 
18 1.937568 
19 -1.880484 
20 1.824051 
21 -1.768287 
22 1.713206 
23 -1.658821 
24 1.605145 
25 -1.552192 
26 1.499972 
27 -1.448496 
28 1.397776 
29 -1.347818 
30 1.298634 
31 -1.250230 
32 1.202613 
33 -1.155790 
34 1.109768 
35 -1.064550 
36 1.020142 
37 -0.976547 
38 0.933769 
39 -0.891810 
40 0.850672 
41 -0.810357 
42 0.770865 
43 -0.732197 
44 0.694353 
45 -0.657331 
46 0.621131 
47 -0.585749 
48 0.551185 
49 -0.517435 
50 0.484497 
51 -0.452365 
52 0.421036 
53 -0.390506 
54 0.360769 
55 -0.331821 
56 0.303654 
57 -0.276264 
58 0.249643 
59 -0.223785 
60 0.198683 
61 -0.174329 
62 0.150715 
63 -0.127834 
64 0.105676 
65 -0.084234 
66 0.063499 
67 -0.043461 
68 0.024112 
69 -0.005442 
70 -0.012559 
71 0.029901 
72 -0.046593 
73 0.062646 
74 -0.078070 
75 0.092875 
76 -0.107072 
77 0.120672 
78 -0.133685 
79 0.146122 
80 -0.157994 
81 0.169312 
82 -0.180087 
83 0.190330 
84 -0.200052 
85 0.209264 
86 -0.217977 
87 0.226203 
88 -0.233953 
89 0.241237 
90 -0.248067 
91 0.254454 
92 -0.260409 
93 0.265943 
94 -0.271066 
95 0.275791 
96 -0.280126 
97 0.284085 
98 -0.287676 
99 0.290911 
100 -0.293800 
101 0.296353 
102 -0.298581 
103 0.300495 
104 -0.302104 
105 0.303417 
106 -0.304446 
107 0.305200 
108 -0.305688 
109 0.305920 
110 -0.305906 
111 0.305654 
112 -0.305173 
113 0.304474 
114 -0.303563 
115 0.302451 
116 -0.301146 
117 0.299655 
118 -0.297988 
119 0.296152 
120 -0.294155 
121 0.292005 
122 -0.289710 
123 0.287277 
124 -0.284713 
125 0.282025 
126 -0.279221 
127 0.276307 
128 -0.273289 
129 0.270175 
130 -0.266970 
131 0.263682 
132 -0.260314 
133 0.256875 
134 -0.253369 
135 0.249801 
136 -0.246178 
137 0.242504 
138 -0.238784 
139 0.235024 
140 -0.231228 
141 0.227400 
142 -0.223546 
143 0.219668 
144 -0.215773 
145 0.211863 
146 -0.207943 
147 0.204016 
148 -0.200085 
149 0.196155 
150 -0.192228 
151 0.188308 
152 -0.184398 
153 0.180501 
154 -0.176619 
155 0.172756 
156 -0.168913 
157 0.165094 
158 -0.161300 
159 0.157533 
160 -0.153797 
161 0.150093 
162 -0.146422 
163 0.142786 
164 -0.139188 
165 0.135629 
166 -0.132110 
167 0.128632 
168 -0.125197 
169 0.121807 
170 -0.118461 
171 0.115162 
172 -0.111909 
173 0.108705 
174 -0.105550 
175 0.102444 
176 -0.099388 
177 0.096383 
178 -0.093428 
179 0.090526 
180 -0.087675 
181 0.084877 
182 -0.082131 
183 0.079438 
184 -0.076797 
185 0.074209 
186 -0.071674 
187 0.069192 
188 -0.066763 
189 0.064386 
190 -0.062062 
191 0.059790 
192 -0.057570 
193 0.055401 
194 -0.053284 
195 0.051218 
196 -0.049203 
197 0.047237 
198 -0.045322 
199 0.043456 
200 -0.041638 
201 0.039869 
202 -0.038148 
203 0.036473 
204 -0.034846 
205 0.033264 
206 -0.031727 
207 0.030235 
208 -0.028788 
209 0.027383 
210 -0.026021 
211 0.024701 
212 -0.023423 
213 0.022185 
214 -0.020987 
215 0.019828 
216 -0.018707 
217 0.017624 
218 -0.016578 
219 0.015568 
220 -0.014594 
221 0.013654 
222 -0.012749 
223 0.011876 
224 -0.011037 
225 0.010228 
226 -0.009451 
227 0.008704 
228 -0.007987 
229 0.007299 
230 -0.006638 
231 0.006005 
232 -0.005399 
233 0.004819 
234 -0.004264 
235 0.003734 
236 -0.003227 
237 0.002744 
238 -0.002284 
239 0.001845 
240 -0.001428 
241 0.001031 
242 -0.000654 
243 0.000297 
244 0.000041 
245 -0.000361 
246 0.000664 
247 -0.000950 
248 0.001219 
249 -0.001472 
250 0.001710 
251 -0.001933 
252 0.002141 
253 -0.002336 
254 0.002518 
255 -0.002687 
256 0.002843 
257 -0.002988 
258 0.003122 
259 -0.003244 
260 0.003356 
261 -0.003458 
262 0.003550 
263 -0.003633 
264 0.003707 
265 -0.003773 
266 0.003831 
267 -0.003881 
268 0.003923 
269 -0.003959 
270 0.003988 
271 -0.004011 
272 0.004027 
273 -0.004038 
274 0.004044 
275 -0.004044 
276 0.004040 
277 -0.004031 
278 0.004017 
279 -0.004000 
280 0.003978 
281 -0.003953 
282 0.003925 
283 -0.003894 
284 0.003859 
285 -0.003822 
286 0.003783 
287 -0.003741 
288 0.003697 
289 -0.003650 
290 0.003602 
291 -0.003553 
292 0.003502 
293 -0.003449 
294 0.003395 
295 -0.003341 
296 0.003285 
297 -0.003228 
298 0.003171 
299 -0.003113 
300 0.003054 
301 -0.002995 
302 0.002936 
303 -0.002876 
304 0.002817 
305 -0.002757 
306 0.002698 
307 -0.002638 
308 0.002579 
309 -0.002519 
310 0.002461 
311 -0.002402 
312 0.002344 
313 -0.002286 
314 0.002229 
315 -0.002172 
316 0.002116 
317 -0.002061 
318 0.002006 
319 -0.001952 
320 0.001899 
321 -0.001846 
322 0.001794 
323 -0.001743 
324 0.001693 
325 -0.001643 
326 0.001595 
327 -0.001547 
328 0.001500 
329 -0.001454 
330 0.001409 
331 -0.001365 
332 0.001321 
333 -0.001279 
334 0.001237 
335 -0.001197 
336 0.001157 
337 -0.001118 
338 0.001080 
339 -0.001043 
340 0.001007 
341 -0.000972 
342 0.000937 
343 -0.000904 
344 0.000871 
345 -0.000839 
346 0.000808 
347 -0.000778 
348 0.000748 
349 -0.000720 
350 0.000692 
351 -0.000665 
352 0.000639 
353 -0.000614 
354 0.000589 
355 -0.000565 
356 0.000542 
357 -0.000520 
358 0.000498 
359 -0.000477 
360 0.000457 
361 -0.000437 
362 0.000418 
363 -0.000399 
364 0.000381 
365 -0.000364 
366 0.000348 
367 -0.000332 
368 0.000316 
369 -0.000301 
370 0.000287 
371 -0.000273 
372 0.000260 
373 -0.000247 
374 0.000234 
375 -0.000223 
376 0.000211 
377 -0.000200 
378 0.000189 
379 -0.000179 
380 0.000170 
381 -0.000160 
382 0.000151 
383 -0.000143 
384 0.000134 
385 -0.000127 
386 0.000119 
387 -0.000112 
388 0.000105 
389 -0.000098 
390 0.000092 
391 -0.000086 
392 0.000080 
393 -0.000075 
394 0.000070 
395 -0.000065 
396 0.000060 
397 -0.000055 
398 0.000051 
399 -0.000047 
400 0.000043 
401 -0.000039 
402 0.000036 
403 -0.000033 
404 0.000030 
405 -0.000027 
406 0.000024 
407 -0.000021 
408 0.000019 
409 -0.000016 
410 0.000014 
411 -0.000012 
412 0.000010 
413 -0.000008 
414 0.000007 
415 -0.000005 
416 0.000004 
417 -0.000002 
418 0.000001 
419 0.000000 
420 -0.000001 
421 0.000002 
422 -0.000003 
423 0.000004 
424 -0.000005 
425 0.000006 
426 -0.000007 
427 0.000007 
428 -0.000008 
429 0.000008 
430 -0.000009 
431 0.000009 
432 -0.000010 
433 0.000010 
434 -0.000010 
435 0.000010 
436 -0.000011 
437 0.000011 
438 -0.000011 
439 0.000011 
440 -0.000011 
441 0.000011 
442 -0.000011 
443 0.000011 
444 -0.000011 
445 0.000011 
446 -0.000011 
447 0.000011 
448 -0.000011 
449 0.000011 
450 -0.000011 
451 0.000011 
452 -0.000011 
453 0.000010 
454 -0.000010 
455 0.000010 
456 -0.000010 
457 0.000010 
458 -0.000010 
459 0.000010 
460 -0.000009 
461 0.000009 
462 -0.000009 
463 0.000009 
464 -0.000009 
465 0.000008 
466 -0.000008 
467 0.000008 
468 -0.000008 
469 0.000008 
470 -0.000007 
471 0.000007 
472 -0.000007 
473 0.000007 
474 -0.000007 
475 0.000006 
476 -0.000006 
477 0.000006 
478 -0.000006 
479 0.000006 
480 -0.000006 
481 0.000005 
482 -0.000005 
483 0.000005 
484 -0.000005 
485 0.000005 
486 -0.000005 
487 0.000004 
488 -0.000004 
489 0.000004 
490 -0.000004 
491 0.000004 
492 -0.000004 
493 0.000004 
494 -0.000003 
495 0.000003 
496 -0.000003 
497 0.000003 
498 -0.000003 
499 0.000003 
500 -0.000003 
501 0.000003 
502 -0.000003 
503 0.000002 
504 -0.000002 
505 0.000002 
506 -0.000002 
507 0.000002 
508 -0.000002 
509 0.000002 
510 -0.000002 
511 0.000002 
512 -0.000002 
513 0.000002 
514 -0.000002 
515 0.000001 
516 -0.000001 
517 0.000001 
518 -0.000001 
519 0.000001 
520 -0.000001 
521 0.000001 
522 -0.000001 
523 0.000001 
524 -0.000001 
525 0.000001 
526 -0.000001 
527 0.000001 
528 -0.000001 
529 0.000001 
530 -0.000001 
531 0.000001 
532 -0.000001 
533 0.000001 
534 -0.000001 
535 0.000001 
536 -0.000001 
537 0.000001 
538 -0.000000 
539 0.000000 
540 -0.000000 
541 0.000000 
542 -0.000000 
543 0.000000 
544 -0.000000 
545 0.000000 
546 -0.000000 
547 0.000000 
548 -0.000000 
549 0.000000 
550 -0.000000 
551 0.000000 
552 -0.000000 
553 0.000000 
554 -0.000000 
555 0.000000 
556 -0.000000 
557 0.000000 
558 -0.000000 
559 0.000000 
560 -0.000000 
561 0.000000 
562 -0.000000 
563 0.000000 
564 -0.000000 
565 0.000000 
566 -0.000000 
567 0.000000 
568 -0.000000 
569 0.000000 
570 -0.000000 
571 0.000000 
572 -0.000000 
573 0.000000 
574 -0.000000 
575 0.000000 
576 -0.000000 
577 0.000000 
578 -0.000000 
579 0.000000 
580 -0.000000 
581 0.000000 
582 -0.000000 
583 0.000000 
584 -0.000000 
585 0.000000 
586 -0.000000 
587 0.000000 
588 -0.000000 
589 0.000000 
590 -0.000000 
591 0.000000 
592 -0.000000 
593 0.000000 
594 0.000000 
595 -0.000000 
596 0.000000 
597 -0.000000 
598 0.000000 
599 -0.000000 
600 0.000000 
601 -0.000000 
602 0.000000 
603 -0.000000 
604 0.000000 
605 -0.000000 
606 0.000000 
607 -0.000000 
608 0.000000 
609 -0.000000 
610 0.000000 
611 -0.000000 
612 0.000000 
613 -0.000000 
614 0.000000 
615 -0.000000 
616 0.000000 
617 -0.000000 
618 0.000000 
619 -0.000000 
620 0.000000 
621 -0.000000 
622 0.000000 
623 -0.000000 
624 0.000000 
625 -0.000000 
626 0.000000 
627 -0.000000 
628 0.000000 
629 -0.000000 
630 0.000000 
631 -0.000000 
632 0.000000 
633 -0.000000 
634 0.000000 
635 -0.000000 
636 0.000000 
637 -0.000000 
638 0.000000 
639 -0.000000 
640 0.000000 
641 -0.000000 
642 0.000000 
643 -0.000000 
644 0.000000 
645 -0.000000 
646 0.000000 
647 -0.000000 
648 0.000000 
649 -0.000000 
650 0.000000 
651 -0.000000 
652 0.000000 
653 -0.000000 
654 0.000000 
655 -0.000000 
656 0.000000 
657 -0.000000 
658 0.000000 
659 -0.000000 
660 0.000000 
661 -0.000000 
662 0.000000 
663 -0.000000 
664 0.000000 
665 -0.000000 
666 0.000000 
667 -0.000000 
668 0.000000 
669 -0.000000 
670 0.000000 
671 -0.000000 
672 0.000000 
673 -0.000000 
674 0.000000 
675 -0.000000 
676 0.000000 
677 -0.000000 
678 0.000000 
679 -0.000000 
680 0.000000 
681 -0.000000 
682 0.000000 
683 -0.000000 
684 0.000000 
685 -0.000000 
686 0.000000 
687 -0.000000 
688 0.000000 
689 -0.000000 
690 0.000000 
691 -0.000000 
692 0.000000 
693 -0.000000 
694 0.000000 
695 -0.000000 
696 0.000000 
697 -0.000000 
698 0.000000 
699 -0.000000 
700 0.000000 
701 -0.000000 
702 0.000000 
703 -0.000000 
704 0.000000 
705 -0.000000 
706 0.000000 
707 -0.000000 
708 0.000000 
709 -0.000000 
710 0.000000 
711 -0.000000 
712 0.000000 
713 -0.000000 
714 0.000000 
715 -0.000000 
716 0.000000 
717 -0.000000 
718 0.000000 
719 -0.000000 
720 0.000000 
721 -0.000000 
722 0.000000 
723 -0.000000 
724 0.000000 
725 -0.000000 
726 0.000000 
727 -0.000000 
728 0.000000 
729 -0.000000 
730 0.000000 
731 -0.000000 
732 0.000000 
733 -0.000000 
734 0.000000 
735 -0.000000 
736 0.000000 
737 -0.000000 
738 0.000000 
739 -0.000000 
740 0.000000 
741 -0.000000 
742 0.000000 
743 -0.000000 
744 0.000000 
745 -0.000000 
746 0.000000 
747 -0.000000 
748 0.000000 
749 -0.000000 
750 0.000000 
751 -0.000000 
752 0.000000 
753 -0.000000 
754 0.000000 
755 -0.000000 
756 0.000000 
757 -0.000000 
758 0.000000 
759 -0.000000 
760 0.000000 
761 -0.000000 
762 0.000000 
763 -0.000000 
764 0.000000 
765 -0.000000 
766 0.000000 
767 -0.000000 
768 -0.000000 
769 0.000000 
770 -0.000000 
771 0.000000 
772 -0.000000 
773 0.000000 
774 -0.000000 
775 0.000000 
776 -0.000000 
777 0.000000 
778 -0.000000 
779 0.000000 
780 -0.000000 
781 0.000000 
782 -0.000000 
783 0.000000 
784 -0.000000 
785 0.000000 
786 -0.000000 
787 0.000000 
788 -0.000000 
789 0.000000 
790 -0.000000 
791 0.000000 
792 -0.000000 
793 0.000000 
794 -0.000000 
795 0.000000 
796 -0.000000 
797 0.000000 
798 -0.000000 
799 0.000000 
800 -0.000000 
801 0.000000 
802 -0.000000 
803 0.000000 
804 -0.000000 
805 0.000000 
806 -0.000000 
807 0.000000 
808 -0.000000 
809 0.000000 
810 -0.000000 
811 0.000000 
812 -0.000000 
813 0.000000 
814 -0.000000 
815 0.000000 
816 -0.000000 
817 0.000000 
818 -0.000000 
819 0.000000 
820 -0.000000 
821 0.000000 
822 -0.000000 
823 0.000000 
824 -0.000000 
825 0.000000 
826 -0.000000 
827 0.000000 
828 -0.000000 
829 0.000000 
830 -0.000000 
831 0.000000 
832 -0.000000 
833 0.000000 
834 -0.000000 
835 0.000000 
836 -0.000000 
837 0.000000 
838 -0.000000 
839 0.000000 
840 -0.000000 
841 0.000000 
842 -0.000000 
843 0.000000 
844 -0.000000 
845 0.000000 
846 -0.000000 
847 0.000000 
848 -0.000000 
849 0.000000 
850 -0.000000 
851 0.000000 
852 -0.000000 
853 0.000000 
854 -0.000000 
855 0.000000 
856 -0.000000 
857 0.000000 
858 -0.000000 
859 0.000000 
860 -0.000000 
861 0.000000 
862 -0.000000 
863 0.000000 
864 -0.000000 
865 0.000000 
866 -0.000000 
867 0.000000 
868 -0.000000 
869 0.000000 
870 -0.000000 
871 0.000000 
872 -0.000000 
873 0.000000 
874 -0.000000 
875 0.000000 
876 -0.000000 
877 0.000000 
878 -0.000000 
879 0.000000 
880 -0.000000 
881 0.000000 
882 -0.000000 
883 0.000000 
884 -0.000000 
885 0.000000 
886 -0.000000 
887 0.000000 
888 -0.000000 
889 0.000000 
890 -0.000000 
891 0.000000 
892 -0.000000 
893 0.000000 
894 -0.000000 
895 0.000000 
896 -0.000000 
897 0.000000 
898 -0.000000 
899 0.000000 
900 -0.000000 
901 0.000000 
902 -0.000000 
903 0.000000 
904 -0.000000 
905 0.000000 
906 -0.000000 
907 0.000000 
908 -0.000000 
909 0.000000 
910 -0.000000 
911 0.000000 
912 -0.000000 
913 0.000000 
914 -0.000000 
915 0.000000 
916 -0.000000 
917 0.000000 
918 -0.000000 
919 0.000000 
920 -0.000000 
921 0.000000 
922 -0.000000 
923 0.000000 
924 -0.000000 
925 0.000000 
926 -0.000000 
927 0.000000 
928 -0.000000 
929 0.000000 
930 -0.000000 
931 0.000000 
932 -0.000000 
933 0.000000 
934 -0.000000 
935 0.000000 
936 -0.000000 
937 0.000000 
938 -0.000000 
939 0.000000 
940 0.000000 
941 -0.000000 
942 0.000000 
943 -0.000000 
944 0.000000 
945 -0.000000 
946 0.000000 
947 -0.000000 
948 0.000000 
949 -0.000000 
950 0.000000 
951 -0.000000 
952 0.000000 
953 -0.000000 
954 0.000000 
955 -0.000000 
956 0.000000 
957 -0.000000 
958 0.000000 
959 -0.000000 
960 0.000000 
961 -0.000000 
962 0.000000 
963 -0.000000 
964 0.000000 
965 -0.000000 
966 0.000000 
967 -0.000000 
968 0.000000 
969 -0.000000 
970 0.000000 
971 -0.000000 
972 0.000000 
973 -0.000000 
974 0.000000 
975 -0.000000 
976 0.000000 
977 -0.000000 
978 0.000000 
979 -0.000000 
980 0.000000 
981 -0.000000 
982 0.000000 
983 -0.000000 
984 0.000000 
985 -0.000000 
986 0.000000 
987 -0.000000 
988 0.000000 
989 -0.000000 
990 0.000000 
991 -0.000000 
992 0.000000 
993 -0.000000 
994 0.000000 
995 -0.000000 
996 0.000000 
997 -0.000000 
998 0.000000 
999 -0.000000 
1000 0.000000 
1001 -0.000000 
1002 0.000000 
1003 -0.000000 
1004 0.000000 
1005 -0.000000 
1006 0.000000 
1007 -0.000000 
1008 0.000000 
1009 -0.000000 
1010 0.000000 
1011 -0.000000 
1012 0.000000 
1013 -0.000000 
1014 0.000000 
1015 -0.000000 
1016 0.000000 
1017 -0.000000 
1018 0.000000 
1019 -0.000000 
1020 0.000000 
1021 -0.000000 
1022 0.000000 
1023 -0.000000 
1024 0.000000 
1025 -0.000000 
1026 0.000000 
1027 -0.000000 
1028 0.000000 
1029 -0.000000 
1030 0.000000 
1031 -0.000000 
1032 0.000000 
1033 -0.000000 
1034 0.000000 
1035 -0.000000 
1036 0.000000 
1037 -0.000000 
1038 0.000000 
1039 -0.000000 
1040 0.000000 
1041 -0.000000 
1042 0.000000 
1043 -0.000000 
1044 0.000000 
1045 -0.000000 
1046 0.000000 
1047 -0.000000 
1048 0.000000 
1049 -0.000000 
1050 0.000000 
1051 -0.000000 
1052 0.000000 
1053 -0.000000 
1054 0.000000 
1055 -0.000000 
1056 0.000000 
1057 -0.000000 
1058 0.000000 
1059 -0.000000 
1060 0.000000 
1061 -0.000000 
1062 0.000000 
1063 -0.000000 
1064 0.000000 
1065 -0.000000 
1066 0.000000 
1067 -0.000000 
1068 0.000000 
1069 -0.000000 
1070 0.000000 
1071 -0.000000 
1072 0.000000 
1073 -0.000000 
1074 0.000000 
1075 -0.000000 
1076 0.000000 
1077 -0.000000 
1078 0.000000 
1079 -0.000000 
1080 0.000000 
1081 -0.000000 
1082 0.000000 
1083 -0.000000 
1084 0.000000 
1085 -0.000000 
1086 0.000000 
1087 -0.000000 
1088 0.000000 
1089 -0.000000 
1090 0.000000 
1091 -0.000000 
1092 0.000000 
1093 -0.000000 
1094 0.000000 
1095 -0.000000 
1096 0.000000 
1097 -0.000000 
1098 0.000000 
1099 -0.000000 
1100 0.000000 
1101 -0.000000 
1102 0.000000 
1103 -0.000000 
1104 0.000000 
1105 -0.000000 
1106 0.000000 
1107 -0.000000 
1108 0.000000 
1109 -0.000000 
1110 0.000000 
1111 -0.000000 
1112 0.000000 
1113 -0.000000 
1114 0.000000 
1115 -0.000000 
1116 0.000000 
1117 -0.000000 
1118 0.000000 
1119 0.000000 
1120 -0.000000 
1121 0.000000 
1122 -0.000000 
1123 0.000000 
1124 -0.000000 
1125 0.000000 
1126 -0.000000 
1127 0.000000 
1128 -0.000000 
1129 0.000000 
1130 -0.000000 
1131 0.000000 
1132 -0.000000 
1133 0.000000 
1134 -0.000000 
1135 0.000000 
1136 -0.000000 
1137 0.000000 
1138 -0.000000 
1139 0.000000 
1140 -0.000000 
1141 0.000000 
1142 -0.000000 
1143 0.000000 
1144 -0.000000 
1145 0.000000 
1146 -0.000000 
1147 0.000000 
1148 -0.000000 
1149 0.000000 
1150 -0.000000 
1151 0.000000 
1152 -0.000000 
1153 0.000000 
1154 -0.000000 
1155 0.000000 
1156 -0.000000 
1157 0.000000 
1158 -0.000000 
1159 0.000000 
1160 -0.000000 
1161 0.000000 
1162 -0.000000 
1163 0.000000 
1164 -0.000000 
1165 0.000000 
1166 -0.000000 
1167 0.000000 
1168 -0.000000 
1169 0.000000 
1170 -0.000000 
1171 0.000000 
1172 -0.000000 
1173 0.000000 
1174 -0.000000 
1175 0.000000 
1176 -0.000000 
1177 0.000000 
1178 -0.000000 
1179 0.000000 
1180 -0.000000 
1181 0.000000 
1182 -0.000000 
1183 0.000000 
1184 -0.000000 
1185 0.000000 
1186 -0.000000 
1187 0.000000 
1188 -0.000000 
1189 0.000000 
1190 -0.000000 
1191 0.000000 
1192 -0.000000 
1193 0.000000 
1194 -0.000000 
1195 0.000000 
1196 -0.000000 
1197 0.000000 
1198 -0.000000 
1199 0.000000 
1200 -0.000000 
1201 0.000000 
1202 -0.000000 
1203 0.000000 
1204 -0.000000 
1205 0.000000 
1206 -0.000000 
1207 0.000000 
1208 -0.000000 
1209 0.000000 
1210 -0.000000 
1211 0.000000 
1212 -0.000000 
1213 0.000000 
1214 -0.000000 
1215 0.000000 
1216 -0.000000 
1217 0.000000 
1218 -0.000000 
1219 0.000000 
1220 -0.000000 
1221 0.000000 
1222 -0.000000 
1223 0.000000 
1224 -0.000000 
1225 0.000000 
1226 -0.000000 
1227 0.000000 
1228 -0.000000 
1229 0.000000 
1230 -0.000000 
1231 0.000000 
1232 -0.000000 
1233 0.000000 
1234 -0.000000 
1235 0.000000 
1236 -0.000000 
1237 0.000000 
1238 -0.000000 
1239 0.000000 
1240 -0.000000 
1241 0.000000 
1242 -0.000000 
1243 0.000000 
1244 -0.000000 
1245 0.000000 
1246 -0.000000 
1247 0.000000 
1248 -0.000000 
1249 0.000000 
1250 -0.000000 
1251 0.000000 
1252 -0.000000 
1253 0.000000 
1254 -0.000000 
1255 0.000000 
1256 -0.000000 
1257 0.000000 
1258 -0.000000 
1259 0.000000 
1260 -0.000000 
1261 0.000000 
1262 -0.000000 
1263 0.000000 
1264 -0.000000 
1265 0.000000 
1266 -0.000000 
1267 0.000000 
1268 -0.000000 
1269 0.000000 
1270 -0.000000 
1271 0.000000 
1272 -0.000000 
1273 0.000000 
1274 -0.000000 
1275 0.000000 
1276 -0.000000 
1277 0.000000 
1278 -0.000000 
1279 0.000000 
1280 -0.000000 
1281 0.000000 
1282 -0.000000 
1283 0.000000 
1284 -0.000000 
1285 0.000000 
1286 -0.000000 
1287 0.000000 
1288 -0.000000 
1289 -0.000000 
1290 0.000000 
1291 -0.000000 
1292 0.000000 
1293 -0.000000 
1294 0.000000 
1295 -0.000000 
1296 0.000000 
1297 -0.000000 
1298 0.000000 
1299 -0.000000 
1300 0.000000 
1301 -0.000000 
1302 0.000000 
1303 -0.000000 
1304 0.000000 
1305 -0.000000 
1306 0.000000 
1307 -0.000000 
1308 0.000000 
1309 -0.000000 
1310 0.000000 
1311 -0.000000 
1312 0.000000 
1313 -0.000000 
1314 0.000000 
1315 -0.000000 
1316 0.000000 
1317 -0.000000 
1318 0.000000 
1319 -0.000000 
1320 0.000000 
1321 -0.000000 
1322 0.000000 
1323 -0.000000 
1324 0.000000 
1325 -0.000000 
1326 0.000000 
1327 -0.000000 
1328 0.000000 
1329 -0.000000 
1330 0.000000 
1331 -0.000000 
1332 0.000000 
1333 -0.000000 
1334 0.000000 
1335 -0.000000 
1336 0.000000 
1337 -0.000000 
1338 0.000000 
1339 -0.000000 
1340 0.000000 
1341 -0.000000 
1342 0.000000 
1343 -0.000000 
1344 0.000000 
1345 -0.000000 
1346 0.000000 
1347 -0.000000 
1348 0.000000 
1349 -0.000000 
1350 0.000000 
1351 -0.000000 
1352 0.000000 
1353 -0.000000 
1354 0.000000 
1355 -0.000000 
1356 0.000000 
1357 -0.000000 
1358 0.000000 
1359 -0.000000 
1360 0.000000 
1361 -0.000000 
1362 0.000000 
1363 -0.000000 
1364 0.000000 
1365 -0.000000 
1366 0.000000 
1367 -0.000000 
1368 0.000000 
1369 -0.000000 
1370 0.000000 
1371 -0.000000 
1372 0.000000 
1373 -0.000000 
1374 0.000000 
1375 -0.000000 
1376 0.000000 
1377 -0.000000 
1378 0.000000 
1379 -0.000000 
1380 0.000000 
1381 -0.000000 
1382 0.000000 
1383 -0.000000 
1384 0.000000 
1385 -0.000000 
1386 0.000000 
1387 -0.000000 
1388 0.000000 
1389 -0.000000 
1390 0.000000 
1391 -0.000000 
1392 0.000000 
1393 -0.000000 
1394 0.000000 
1395 -0.000000 
1396 0.000000 
1397 -0.000000 
1398 0.000000 
1399 -0.000000 
1400 0.000000 
1401 -0.000000 
1402 0.000000 
1403 -0.000000 
1404 0.000000 
1405 -0.000000 
1406 0.000000 
1407 -0.000000 
1408 0.000000 
1409 -0.000000 
1410 0.000000 
1411 -0.000000 
1412 0.000000 
1413 -0.000000 
1414 0.000000 
1415 -0.000000 
1416 0.000000 
1417 -0.000000 
1418 0.000000 
1419 -0.000000 
1420 0.000000 
1421 -0.000000 
1422 0.000000 
1423 -0.000000 
1424 0.000000 
1425 -0.000000 
1426 0.000000 
1427 -0.000000 
1428 0.000000 
1429 -0.000000 
1430 0.000000 
1431 -0.000000 
1432 0.000000 
1433 -0.000000 
1434 0.000000 
1435 -0.000000 
1436 0.000000 
1437 -0.000000 
1438 0.000000 
1439 -0.000000 
1440 0.000000 
1441 -0.000000 
1442 0.000000 
1443 -0.000000 
1444 0.000000 
1445 -0.000000 
1446 0.000000 
1447 -0.000000 
1448 0.000000 
1449 -0.000000 
1450 0.000000 
1451 -0.000000 
1452 0.000000 
1453 -0.000000 
1454 0.000000 
1455 -0.000000 
1456 0.000000 
1457 -0.000000 
1458 0.000000 
1459 -0.000000 
1460 0.000000 
1461 -0.000000 
1462 0.000000 
1463 -0.000000 
1464 0.000000 
1465 -0.000000 
1466 0.000000 
1467 -0.000000 
1468 0.000000 
1469 -0.000000 
1470 0.000000 
1471 -0.000000 
1472 0.000000 
1473 -0.000000 
1474 -0.000000 
1475 0.000000 
1476 -0.000000 
1477 0.000000 
1478 -0.000000 
1479 0.000000 
1480 -0.000000 
1481 0.000000 
1482 -0.000000 
1483 0.000000 
1484 -0.000000 
1485 0.000000 
1486 -0.000000 
1487 0.000000 
1488 -0.000000 
1489 0.000000 
1490 -0.000000 
1491 0.000000 
1492 -0.000000 
1493 0.000000 
1494 -0.000000 
1495 0.000000 
1496 -0.000000 
1497 0.000000 
1498 -0.000000 
1499 0.000000 
1500 -0.000000 
1501 0.000000 
1502 -0.000000 
1503 0.000000 
1504 -0.000000 
1505 0.000000 
1506 -0.000000 
1507 0.000000 
1508 -0.000000 
1509 0.000000 
1510 -0.000000 
1511 0.000000 
1512 -0.000000 
1513 0.000000 
1514 -0.000000 
1515 0.000000 
1516 -0.000000 
1517 0.000000 
1518 -0.000000 
1519 0.000000 
1520 -0.000000 
1521 0.000000 
1522 -0.000000 
1523 0.000000 
1524 -0.000000 
1525 0.000000 
1526 -0.000000 
1527 0.000000 
1528 -0.000000 
1529 0.000000 
1530 -0.000000 
1531 0.000000 
1532 -0.000000 
1533 0.000000 
1534 -0.000000 
1535 0.000000 
1536 -0.000000 
1537 0.000000 
1538 -0.000000 
1539 0.000000 
1540 -0.000000 
1541 0.000000 
1542 -0.000000 
1543 0.000000 
1544 -0.000000 
1545 0.000000 
1546 -0.000000 
1547 0.000000 
1548 -0.000000 
1549 0.000000 
1550 -0.000000 
1551 0.000000 
1552 -0.000000 
1553 0.000000 
1554 -0.000000 
1555 0.000000 
1556 -0.000000 
1557 0.000000 
1558 -0.000000 
1559 0.000000 
1560 -0.000000 
1561 0.000000 
1562 -0.000000 
1563 0.000000 
1564 -0.000000 
1565 0.000000 
1566 -0.000000 
1567 0.000000 
1568 -0.000000 
1569 0.000000 
1570 -0.000000 
1571 0.000000 
1572 -0.000000 
1573 0.000000 
1574 -0.000000 
1575 0.000000 
1576 -0.000000 
1577 0.000000 
1578 -0.000000 
1579 0.000000 
1580 -0.000000 
1581 0.000000 
1582 -0.000000 
1583 0.000000 
1584 -0.000000 
1585 0.000000 
1586 -0.000000 
1587 0.000000 
1588 -0.000000 
1589 0.000000 
1590 -0.000000 
1591 0.000000 
1592 -0.000000 
1593 0.000000 
1594 -0.000000 
1595 0.000000 
1596 -0.000000 
1597 0.000000 
1598 -0.000000 
1599 0.000000 
1600 -0.000000 
1601 0.000000 
1602 -0.000000 
1603 0.000000 
1604 -0.000000 
1605 0.000000 
1606 -0.000000 
1607 0.000000 
1608 -0.000000 
1609 0.000000 
1610 -0.000000 
1611 0.000000 
1612 -0.000000 
1613 0.000000 
1614 -0.000000 
1615 0.000000 
1616 -0.000000 
1617 0.000000 
1618 -0.000000 
1619 0.000000 
1620 -0.000000 
1621 0.000000 
1622 -0.000000 
1623 0.000000 
1624 -0.000000 
1625 0.000000 
1626 0.000000 
1627 -0.000000 
1628 0.000000 
1629 -0.000000 
1630 0.000000 
1631 -0.000000 
1632 0.000000 
1633 -0.000000 
1634 0.000000 
1635 -0.000000 
1636 0.000000 
1637 -0.000000 
1638 0.000000 
1639 -0.000000 
1640 0.000000 
1641 -0.000000 
1642 0.000000 
1643 -0.000000 
1644 0.000000 
1645 -0.000000 
1646 0.000000 
1647 -0.000000 
1648 0.000000 
1649 -0.000000 
1650 0.000000 
1651 -0.000000 
1652 0.000000 
1653 -0.000000 
1654 0.000000 
1655 -0.000000 
1656 0.000000 
1657 -0.000000 
1658 0.000000 
1659 -0.000000 
1660 0.000000 
1661 -0.000000 
1662 0.000000 
1663 -0.000000 
1664 0.000000 
1665 -0.000000 
1666 0.000000 
1667 -0.000000 
1668 -0.000000 
1669 0.000000 
1670 -0.000000 
1671 0.000000 
1672 -0.000000 
1673 0.000000 
1674 -0.000000 
1675 0.000000 
1676 -0.000000 
1677 0.000000 
1678 -0.000000 
1679 0.000000 
1680 -0.000000 
1681 0.000000 
1682 -0.000000 
1683 0.000000 
1684 -0.000000 
1685 0.000000 
1686 -0.000000 
1687 0.000000 
1688 -0.000000 
1689 0.000000 
1690 -0.000000 
1691 0.000000 
1692 -0.000000 
1693 0.000000 
1694 -0.000000 
1695 0.000000 
1696 -0.000000 
1697 0.000000 
1698 -0.000000 
1699 0.000000 
1700 -0.000000 
1701 0.000000 
1702 -0.000000 
1703 0.000000 
1704 -0.000000 
1705 0.000000 
1706 -0.000000 
1707 0.000000 
1708 -0.000000 
1709 0.000000 
1710 -0.000000 
1711 0.000000 
1712 -0.000000 
1713 0.000000 
1714 -0.000000 
1715 0.000000 
1716 -0.000000 
1717 0.000000 
1718 -0.000000 
1719 0.000000 
1720 -0.000000 
1721 0.000000 
1722 -0.000000 
1723 0.000000 
1724 -0.000000 
1725 0.000000 
1726 0.000000 
1727 -0.000000 
1728 0.000000 
1729 -0.000000 
1730 0.000000 
1731 -0.000000 
1732 0.000000 
1733 -0.000000 
1734 0.000000 
1735 -0.000000 
1736 0.000000 
1737 -0.000000 
1738 0.000000 
1739 -0.000000 
1740 0.000000 
1741 -0.000000 
1742 0.000000 
1743 -0.000000 
1744 0.000000 
1745 -0.000000 
1746 0.000000 
1747 -0.000000 
1748 0.000000 
1749 -0.000000 
1750 0.000000 
1751 -0.000000 
1752 0.000000 
1753 -0.000000 
1754 0.000000 
1755 -0.000000 
1756 0.000000 
1757 -0.000000 
1758 0.000000 
1759 -0.000000 
1760 0.000000 
1761 -0.000000 
1762 0.000000 
1763 -0.000000 
1764 0.000000 
1765 -0.000000 
1766 0.000000 
1767 -0.000000 
1768 0.000000 
1769 -0.000000 
1770 0.000000 
1771 -0.000000 
1772 0.000000 
1773 -0.000000 
1774 0.000000 
1775 -0.000000 
1776 0.000000 
1777 -0.000000 
1778 0.000000 
1779 -0.000000 
1780 0.000000 
1781 -0.000000 
1782 0.000000 
1783 -0.000000 
1784 0.000000 
1785 -0.000000 
1786 0.000000 
1787 -0.000000 
1788 0.000000 
1789 -0.000000 
1790 0.000000 
1791 -0.000000 
1792 0.000000 
1793 -0.000000 
1794 0.000000 
1795 -0.000000 
1796 0.000000 
1797 -0.000000 
1798 0.000000 
1799 -0.000000 
1800 0.000000 
1801 -0.000000 
1802 0.000000 
1803 -0.000000 
1804 0.000000 
1805 -0.000000 
1806 0.000000 
1807 -0.000000 
1808 0.000000 
1809 -0.000000 
1810 0.000000 
1811 -0.000000 
1812 0.000000 
1813 -0.000000 
1814 0.000000 
1815 -0.000000 
1816 0.000000 
1817 -0.000000 
1818 0.000000 
1819 -0.000000 
1820 0.000000 
1821 -0.000000 
1822 0.000000 
1823 -0.000000 
1824 0.000000 
1825 -0.000000 
1826 0.000000 
1827 -0.000000 
1828 0.000000 
1829 -0.000000 
1830 0.000000 
1831 -0.000000 
1832 0.000000 
1833 -0.000000 
1834 0.000000 
1835 -0.000000 
1836 0.000000 
1837 -0.000000 
1838 0.000000 
1839 -0.000000 
1840 0.000000 
1841 -0.000000 
1842 0.000000 
1843 -0.000000 
1844 0.000000 
1845 -0.000000 
1846 0.000000 
1847 -0.000000 
1848 0.000000 
1849 -0.000000 
1850 0.000000 
1851 -0.000000 
1852 0.000000 
1853 -0.000000 
1854 0.000000 
1855 -0.000000 
1856 0.000000 
1857 -0.000000 
1858 0.000000 
1859 -0.000000 
1860 0.000000 
1861 -0.000000 
1862 0.000000 
1863 -0.000000 
1864 0.000000 
1865 -0.000000 
1866 0.000000 
1867 -0.000000 
1868 0.000000 
1869 -0.000000 
1870 0.000000 
1871 -0.000000 
1872 0.000000 
1873 -0.000000 
1874 0.000000 
1875 -0.000000 
1876 0.000000 
1877 -0.000000 
1878 0.000000 
1879 -0.000000 
1880 0.000000 
1881 -0.000000 
1882 0.000000 
1883 -0.000000 
1884 0.000000 
1885 -0.000000 
1886 0.000000 
1887 -0.000000 
1888 0.000000 
1889 -0.000000 
1890 0.000000 
1891 -0.000000 
1892 0.000000 
1893 -0.000000 
1894 0.000000 
1895 -0.000000 
1896 0.000000 
1897 -0.000000 
1898 0.000000 
1899 -0.000000 
1900 0.000000 
1901 -0.000000 
1902 0.000000 
1903 -0.000000 
1904 0.000000 
1905 -0.000000 
1906 0.000000 
1907 -0.000000 
1908 0.000000 
1909 -0.000000 
1910 0.000000 
1911 -0.000000 
1912 0.000000 
1913 -0.000000 
1914 0.000000 
1915 -0.000000 
1916 0.000000 
1917 -0.000000 
1918 0.000000 
1919 -0.000000 
1920 0.000000 
1921 -0.000000 
1922 0.000000 
1923 -0.000000 
1924 0.000000 
1925 -0.000000 
1926 0.000000 
1927 -0.000000 
1928 0.000000 
1929 -0.000000 
1930 0.000000 
1931 -0.000000 
1932 0.000000 
1933 -0.000000 
1934 0.000000 
1935 -0.000000 
1936 0.000000 
1937 -0.000000 
1938 0.000000 
1939 -0.000000 
1940 0.000000 
1941 -0.000000 
1942 0.000000 
1943 -0.000000 
1944 0.000000 
1945 -0.000000 
1946 0.000000 
1947 -0.000000 
1948 0.000000 
1949 -0.000000 
1950 0.000000 
1951 -0.000000 
1952 -0.000000 
1953 0.000000 
1954 -0.000000 
1955 0.000000 
1956 -0.000000 
1957 0.000000 
1958 -0.000000 
1959 0.000000 
1960 -0.000000 
1961 0.000000 
1962 -0.000000 
1963 0.000000 
1964 -0.000000 
1965 0.000000 
1966 -0.000000 
1967 0.000000 
1968 -0.000000 
1969 0.000000 
1970 -0.000000 
1971 0.000000 
1972 -0.000000 
1973 0.000000 
1974 -0.000000 
1975 0.000000 
1976 -0.000000 
1977 0.000000 
1978 -0.000000 
1979 0.000000 
1980 -0.000000 
1981 0.000000 
1982 -0.000000 
1983 0.000000 
1984 -0.000000 
1985 0.000000 
1986 -0.000000 
1987 0.000000 
1988 -0.000000 
1989 0.000000 
1990 -0.000000 
1991 0.000000 
1992 -0.000000 
1993 0.000000 
1994 -0.000000 
1995 0.000000 
1996 -0.000000 
1997 0.000000 
1998 -0.000000 
1999 0.000000 
2000 -0.000000 
2001 0.000000 
2002 -0.000000 
2003 0.000000 
2004 -0.000000 
2005 0.000000 
2006 -0.000000 
2007 -0.000000 
2008 0.000000 
2009 -0.000000 
2010 0.000000 
2011 -0.000000 
2012 0.000000 
2013 -0.000000 
2014 0.000000 
2015 -0.000000 
2016 0.000000 
2017 -0.000000 
2018 0.000000 
2019 -0.000000 
2020 0.000000 
2021 -0.000000 
2022 0.000000 
2023 -0.000000 
2024 0.000000 
2025 -0.000000 
2026 0.000000 
2027 -0.000000 
2028 0.000000 
2029 -0.000000 
2030 0.000000 
2031 -0.000000 
2032 0.000000 
2033 -0.000000 
2034 0.000000 
2035 -0.000000 
2036 0.000000 
2037 -0.000000 
2038 0.000000 
2039 -0.000000 
2040 0.000000 
2041 -0.000000 
2042 0.000000 
2043 -0.000000 
2044 0.000000 
2045 -0.000000 
2046 0.000000 
2047 -0.000000 
2048 0.000000 
2049 -0.000000 
2050 0.000000 
2051 -0.000000 
2052 0.000000 
2053 -0.000000 
2054 0.000000 
2055 -0.000000 
2056 0.000000 
2057 -0.000000 
2058 0.000000 
2059 -0.000000 
2060 0.000000 
2061 -0.000000 
2062 0.000000 
2063 -0.000000 
2064 0.000000 
2065 -0.000000 
2066 0.000000 
2067 -0.000000 
2068 0.000000 
2069 -0.000000 
2070 0.000000 
2071 -0.000000 
2072 0.000000 
2073 -0.000000 
2074 0.000000 
2075 -0.000000 
2076 0.000000 
2077 -0.000000 
2078 0.000000 
2079 -0.000000 
2080 0.000000 
2081 -0.000000 
2082 0.000000 
2083 -0.000000 
2084 0.000000 
2085 -0.000000 
2086 0.000000 
2087 -0.000000 
2088 0.000000 
2089 -0.000000 
2090 0.000000 
2091 -0.000000 
2092 0.000000 
2093 -0.000000 
2094 0.000000 
2095 -0.000000 
2096 0.000000 
2097 -0.000000 
2098 0.000000 
2099 -0.000000 
2100 0.000000 
2101 -0.000000 
2102 0.000000 
2103 -0.000000 
2104 0.000000 
2105 -0.000000 
2106 0.000000 
2107 -0.000000 
2108 0.000000 
2109 -0.000000 
2110 0.000000 
2111 -0.000000 
2112 0.000000 
2113 -0.000000 
2114 0.000000 
2115 -0.000000 
2116 0.000000 
2117 -0.000000 
2118 0.000000 
2119 -0.000000 
2120 0.000000 
2121 -0.000000 
2122 0.000000 
2123 -0.000000 
2124 0.000000 
2125 -0.000000 
2126 0.000000 
2127 -0.000000 
2128 0.000000 
2129 -0.000000 
2130 0.000000 
2131 -0.000000 
2132 0.000000 
2133 -0.000000 
2134 0.000000 
2135 -0.000000 
2136 0.000000 
2137 -0.000000 
2138 0.000000 
2139 -0.000000 
2140 0.000000 
2141 -0.000000 
2142 0.000000 
2143 -0.000000 
2144 0.000000 
2145 -0.000000 
2146 0.000000 
2147 -0.000000 
2148 0.000000 
2149 -0.000000 
2150 0.000000 
2151 -0.000000 
2152 0.000000 
2153 -0.000000 
2154 0.000000 
2155 -0.000000 
2156 0.000000 
2157 -0.000000 
2158 0.000000 
2159 -0.000000 
2160 0.000000 
2161 -0.000000 
2162 0.000000 
2163 -0.000000 
2164 0.000000 
2165 -0.000000 
2166 0.000000 
2167 -0.000000 
2168 0.000000 
2169 -0.000000 
2170 0.000000 
2171 -0.000000 
2172 0.000000 
2173 -0.000000 
2174 0.000000 
2175 -0.000000 
2176 0.000000 
2177 -0.000000 
2178 0.000000 
2179 -0.000000 
2180 0.000000 
2181 -0.000000 
2182 0.000000 
2183 -0.000000 
2184 0.000000 
2185 -0.000000 
2186 0.000000 
2187 -0.000000 
2188 0.000000 
2189 -0.000000 
2190 0.000000 
2191 -0.000000 
2192 0.000000 
2193 -0.000000 
2194 0.000000 
2195 -0.000000 
2196 0.000000 
2197 -0.000000 
2198 0.000000 
2199 -0.000000 
2200 0.000000 
2201 -0.000000 
2202 0.000000 
2203 -0.000000 
2204 0.000000 
2205 -0.000000 
2206 0.000000 
2207 -0.000000 
2208 0.000000 
2209 -0.000000 
2210 0.000000 
2211 -0.000000 
2212 0.000000 
2213 -0.000000 
2214 0.000000 
2215 -0.000000 
2216 0.000000 
2217 -0.000000 
2218 0.000000 
2219 -0.000000 
2220 0.000000 
2221 -0.000000 
2222 0.000000 
2223 -0.000000 
2224 0.000000 
2225 -0.000000 
2226 0.000000 
2227 -0.000000 
2228 0.000000 
2229 -0.000000 
2230 0.000000 
2231 -0.000000 
2232 0.000000 
2233 -0.000000 
2234 0.000000 
2235 -0.000000 
2236 0.000000 
2237 -0.000000 
2238 0.000000 
2239 -0.000000 
2240 0.000000 
2241 -0.000000 
2242 0.000000 
2243 -0.000000 
2244 0.000000 
2245 -0.000000 
2246 0.000000 
2247 -0.000000 
2248 0.000000 
2249 -0.000000 
2250 0.000000 
2251 -0.000000 
2252 0.000000 
2253 -0.000000 
2254 0.000000 
2255 -0.000000 
2256 0.000000 
2257 -0.000000 
2258 0.000000 
2259 -0.000000 
2260 0.000000 
2261 -0.000000 
2262 0.000000 
2263 -0.000000 
2264 0.000000 
2265 -0.000000 
2266 0.000000 
2267 -0.000000 
2268 0.000000 
2269 -0.000000 
2270 0.000000 
2271 -0.000000 
2272 0.000000 
2273 -0.000000 
2274 0.000000 
2275 -0.000000 
2276 0.000000 
2277 -0.000000 
2278 0.000000 
2279 -0.000000 
2280 0.000000 
2281 -0.000000 
2282 0.000000 
2283 -0.000000 
2284 0.000000 
2285 -0.000000 
2286 0.000000 
2287 -0.000000 
2288 0.000000 
2289 -0.000000 
2290 0.000000 
2291 -0.000000 
2292 0.000000 
2293 -0.000000 
2294 0.000000 
2295 -0.000000 
2296 0.000000 
2297 -0.000000 
2298 0.000000 
2299 -0.000000 
2300 0.000000 
2301 -0.000000 
2302 0.000000 
2303 -0.000000 
2304 0.000000 
2305 -0.000000 
2306 0.000000 
2307 -0.000000 
2308 0.000000 
2309 -0.000000 
2310 0.000000 
2311 -0.000000 
2312 0.000000 
2313 -0.000000 
2314 0.000000 
2315 -0.000000 
2316 0.000000 
2317 -0.000000 
2318 0.000000 
2319 -0.000000 
2320 0.000000 
2321 -0.000000 
2322 0.000000 
2323 -0.000000 
2324 0.000000 
2325 -0.000000 
2326 0.000000 
2327 -0.000000 
2328 0.000000 
2329 -0.000000 
2330 0.000000 
2331 -0.000000 
2332 0.000000 
2333 -0.000000 
2334 0.000000 
2335 -0.000000 
2336 0.000000 
2337 -0.000000 
2338 0.000000 
2339 -0.000000 
2340 0.000000 
2341 -0.000000 
2342 0.000000 
2343 -0.000000 
2344 0.000000 
2345 -0.000000 
2346 0.000000 
2347 -0.000000 
2348 0.000000 
2349 -0.000000 
2350 0.000000 
2351 -0.000000 
2352 0.000000 
2353 -0.000000 
2354 0.000000 
2355 -0.000000 
2356 0.000000 
2357 -0.000000 
2358 0.000000 
2359 -0.000000 
2360 0.000000 
2361 -0.000000 
2362 0.000000 
2363 -0.000000 
2364 0.000000 
2365 -0.000000 
2366 0.000000 
2367 -0.000000 
2368 0.000000 
2369 -0.000000 
2370 0.000000 
2371 -0.000000 
2372 0.000000 
2373 -0.000000 
2374 0.000000 
2375 -0.000000 
2376 0.000000 
2377 -0.000000 
2378 0.000000 
2379 -0.000000 
2380 0.000000 
2381 -0.000000 
2382 0.000000 
2383 -0.000000 
2384 0.000000 
2385 -0.000000 
2386 0.000000 
2387 -0.000000 
2388 0.000000 
2389 -0.000000 
2390 0.000000 
2391 -0.000000 
2392 0.000000 
2393 -0.000000 
2394 0.000000 
2395 -0.000000 
2396 0.000000 
2397 -0.000000 
2398 0.000000 
2399 -0.000000 
2400 0.000000 
2401 -0.000000 
2402 0.000000 
2403 -0.000000 
2404 0.000000 
2405 -0.000000 
2406 0.000000 
2407 -0.000000 
2408 0.000000 
2409 -0.000000 
2410 0.000000 
2411 -0.000000 
2412 0.000000 
2413 -0.000000 
2414 0.000000 
2415 -0.000000 
2416 0.000000 
2417 -0.000000 
2418 0.000000 
2419 -0.000000 
2420 0.000000 
2421 -0.000000 
2422 0.000000 
2423 -0.000000 
2424 0.000000 
2425 -0.000000 
2426 0.000000 
2427 -0.000000 
2428 0.000000 
2429 -0.000000 
2430 0.000000 
2431 -0.000000 
2432 0.000000 
2433 -0.000000 
2434 0.000000 
2435 -0.000000 
2436 0.000000 
2437 -0.000000 
2438 0.000000 
2439 -0.000000 
2440 0.000000 
2441 -0.000000 
2442 0.000000 
2443 -0.000000 
2444 0.000000 
2445 -0.000000 
2446 0.000000 
2447 -0.000000 
2448 0.000000 
2449 -0.000000 
2450 0.000000 
2451 -0.000000 
2452 0.000000 
2453 -0.000000 
2454 0.000000 
2455 -0.000000 
2456 0.000000 
2457 -0.000000 
2458 0.000000 
2459 -0.000000 
2460 0.000000 
2461 -0.000000 
2462 0.000000 
2463 -0.000000 
2464 0.000000 
2465 -0.000000 
2466 0.000000 
2467 -0.000000 
2468 0.000000 
2469 -0.000000 
2470 0.000000 
2471 -0.000000 
2472 0.000000 
2473 -0.000000 
2474 0.000000 
2475 -0.000000 
2476 0.000000 
2477 -0.000000 
2478 0.000000 
2479 -0.000000 
2480 0.000000 
2481 -0.000000 
2482 0.000000 
2483 -0.000000 
2484 0.000000 
2485 -0.000000 
2486 0.000000 
2487 -0.000000 
2488 0.000000 
2489 -0.000000 
2490 0.000000 
2491 -0.000000 
2492 0.000000 
2493 -0.000000 
2494 0.000000 
2495 -0.000000 
2496 0.000000 
2497 -0.000000 
2498 0.000000 
2499 -0.000000 
2500 0.000000 
2501 -0.000000 
2502 0.000000 
2503 -0.000000 
2504 0.000000 
2505 -0.000000 
2506 0.000000 
2507 -0.000000 
2508 0.000000 
2509 -0.000000 
2510 0.000000 
2511 -0.000000 
2512 0.000000 
2513 -0.000000 
2514 -0.000000 
2515 0.000000 
2516 -0.000000 
2517 0.000000 
2518 -0.000000 
2519 0.000000 
2520 -0.000000 
2521 0.000000 
2522 -0.000000 
2523 0.000000 
2524 -0.000000 
2525 0.000000 
2526 -0.000000 
2527 0.000000 
2528 -0.000000 
2529 0.000000 
2530 -0.000000 
2531 0.000000 
2532 -0.000000 
2533 0.000000 
2534 -0.000000 
2535 0.000000 
2536 -0.000000 
2537 0.000000 
2538 -0.000000 
2539 0.000000 
2540 -0.000000 
2541 0.000000 
2542 -0.000000 
2543 0.000000 
2544 -0.000000 
2545 0.000000 
2546 -0.000000 
2547 0.000000 
2548 -0.000000 
2549 0.000000 
2550 -0.000000 
2551 0.000000 
2552 -0.000000 
2553 0.000000 
2554 -0.000000 
2555 0.000000 
2556 -0.000000 
2557 0.000000 
2558 -0.000000 
2559 0.000000 
2560 -0.000000 
2561 0.000000 
2562 -0.000000 
2563 0.000000 
2564 -0.000000 
2565 0.000000 
2566 -0.000000 
2567 0.000000 
2568 -0.000000 
2569 0.000000 
2570 -0.000000 
2571 0.000000 
2572 -0.000000 
2573 0.000000 
2574 -0.000000 
2575 0.000000 
2576 -0.000000 
2577 0.000000 
2578 -0.000000 
2579 0.000000 
2580 -0.000000 
2581 0.000000 
2582 -0.000000 
2583 0.000000 
2584 -0.000000 
2585 0.000000 
2586 -0.000000 
2587 0.000000 
2588 -0.000000 
2589 0.000000 
2590 -0.000000 
2591 0.000000 
2592 -0.000000 
2593 0.000000 
2594 -0.000000 
2595 0.000000 
2596 -0.000000 
2597 0.000000 
2598 -0.000000 
2599 0.000000 
2600 -0.000000 
2601 0.000000 
2602 -0.000000 
2603 0.000000 
2604 -0.000000 
2605 0.000000 
2606 -0.000000 
2607 0.000000 
2608 -0.000000 
2609 0.000000 
2610 -0.000000 
2611 0.000000 
2612 -0.000000 
2613 0.000000 
2614 -0.000000 
2615 0.000000 
2616 -0.000000 
2617 0.000000 
2618 -0.000000 
2619 0.000000 
2620 -0.000000 
2621 0.000000 
2622 -0.000000 
2623 0.000000 
2624 -0.000000 
2625 0.000000 
2626 -0.000000 
2627 0.000000 
2628 -0.000000 
2629 0.000000 
2630 -0.000000 
2631 0.000000 
2632 -0.000000 
2633 0.000000 
2634 -0.000000 
2635 0.000000 
2636 -0.000000 
2637 0.000000 
2638 -0.000000 
2639 0.000000 
2640 -0.000000 
2641 0.000000 
2642 -0.000000 
2643 0.000000 
2644 -0.000000 
2645 0.000000 
2646 -0.000000 
2647 0.000000 
2648 -0.000000 
2649 0.000000 
2650 -0.000000 
2651 0.000000 
2652 -0.000000 
2653 0.000000 
2654 -0.000000 
2655 0.000000 
2656 -0.000000 
2657 0.000000 
2658 -0.000000 
2659 0.000000 
2660 -0.000000 
2661 0.000000 
2662 -0.000000 
2663 0.000000 
2664 -0.000000 
2665 0.000000 
2666 -0.000000 
2667 0.000000 
2668 -0.000000 
2669 0.000000 
2670 -0.000000 
2671 0.000000 
2672 -0.000000 
2673 0.000000 
2674 -0.000000 
2675 0.000000 
2676 -0.000000 
2677 0.000000 
2678 -0.000000 
2679 0.000000 
2680 -0.000000 
2681 0.000000 
2682 -0.000000 
2683 0.000000 
2684 -0.000000 
2685 0.000000 
2686 -0.000000 
2687 0.000000 
2688 -0.000000 
2689 0.000000 
2690 -0.000000 
2691 0.000000 
2692 -0.000000 
2693 -0.000000 
2694 0.000000 
2695 -0.000000 
2696 0.000000 
2697 -0.000000 
2698 0.000000 
2699 -0.000000 
2700 0.000000 
2701 -0.000000 
2702 0.000000 
2703 -0.000000 
2704 0.000000 
2705 -0.000000 
2706 0.000000 
2707 -0.000000 
2708 0.000000 
2709 -0.000000 
2710 0.000000 
2711 -0.000000 
2712 0.000000 
2713 -0.000000 
2714 0.000000 
2715 -0.000000 
2716 0.000000 
2717 -0.000000 
2718 0.000000 
2719 -0.000000 
2720 0.000000 
2721 -0.000000 
2722 0.000000 
2723 -0.000000 
2724 0.000000 
2725 -0.000000 
2726 0.000000 
2727 -0.000000 
2728 0.000000 
2729 -0.000000 
2730 0.000000 
2731 -0.000000 
2732 0.000000 
2733 -0.000000 
2734 0.000000 
2735 -0.000000 
2736 0.000000 
2737 -0.000000 
2738 0.000000 
2739 -0.000000 
2740 0.000000 
2741 -0.000000 
2742 0.000000 
2743 -0.000000 
2744 0.000000 
2745 -0.000000 
2746 0.000000 
2747 -0.000000 
2748 0.000000 
2749 -0.000000 
2750 0.000000 
2751 -0.000000 
2752 0.000000 
2753 -0.000000 
2754 0.000000 
2755 -0.000000 
2756 0.000000 
2757 -0.000000 
2758 0.000000 
2759 -0.000000 
2760 0.000000 
2761 -0.000000 
2762 0.000000 
2763 -0.000000 
2764 0.000000 
2765 -0.000000 
2766 0.000000 
2767 -0.000000 
2768 0.000000 
2769 -0.000000 
2770 0.000000 
2771 -0.000000 
2772 0.000000 
2773 -0.000000 
2774 0.000000 
2775 -0.000000 
2776 0.000000 
2777 -0.000000 
2778 0.000000 
2779 -0.000000 
2780 0.000000 
2781 -0.000000 
2782 0.000000 
2783 -0.000000 
2784 0.000000 
2785 -0.000000 
2786 0.000000 
2787 -0.000000 
2788 0.000000 
2789 -0.000000 
2790 0.000000 
2791 -0.000000 
2792 0.000000 
2793 -0.000000 
2794 0.000000 
2795 -0.000000 
2796 0.000000 
2797 -0.000000 
2798 0.000001 
2799 -0.000001 
2800 0.000001 
2801 -0.000001 
2802 0.000001 
2803 -0.000001 
2804 0.000001 
2805 -0.000001 
2806 0.000001 
2807 -0.000001 
2808 0.000001 
2809 -0.000001 
2810 0.000001 
2811 -0.000001 
2812 0.000001 
2813 -0.000001 
2814 0.000001 
2815 -0.000001 
2816 0.000001 
2817 -0.000001 
2818 0.000001 
2819 -0.000001 
2820 0.000001 
2821 -0.000001 
2822 0.000001 
2823 -0.000001 
2824 0.000001 
2825 -0.000001 
2826 0.000001 
2827 -0.000001 
2828 0.000001 
2829 -0.000001 
2830 0.000001 
2831 -0.000001 
2832 0.000001 
2833 -0.000001 
2834 0.000001 
2835 -0.000001 
2836 0.000001 
2837 -0.000001 
2838 0.000001 
2839 -0.000001 
2840 0.000001 
2841 -0.000001 
2842 0.000001 
2843 -0.000001 
2844 0.000001 
2845 -0.000001 
2846 0.000001 
2847 -0.000001 
2848 0.000001 
2849 -0.000001 
2850 0.000001 
2851 -0.000001 
2852 0.000001 
2853 -0.000001 
2854 0.000001 
2855 -0.000001 
2856 0.000001 
2857 -0.000001 
2858 0.000001 
2859 -0.000001 
2860 0.000001 
2861 -0.000001 
2862 0.000001 
2863 -0.000001 
2864 0.000000 
2865 -0.000000 
2866 0.000000 
2867 0.000000 
2868 -0.000000 
2869 0.000000 
2870 -0.000001 
2871 0.000001 
2872 -0.000001 
2873 0.000001 
2874 -0.000002 
2875 0.000002 
2876 -0.000002 
2877 0.000003 
2878 -0.000003 
2879 0.000003 
2880 -0.000004 
2881 0.000004 
2882 -0.000005 
2883 0.000005 
2884 -0.000005 
2885 0.000006 
2886 -0.000007 
2887 0.000007 
2888 -0.000008 
2889 0.000008 
2890 -0.000009 
2891 0.000010 
2892 -0.000011 
2893 0.000011 
2894 -0.000012 
2895 0.000013 
2896 -0.000014 
2897 0.000015 
2898 -0.000016 
2899 0.000017 
2900 -0.000019 
2901 0.000020 
2902 -0.000021 
2903 0.000022 
2904 -0.000024 
2905 0.000025 
2906 -0.000027 
2907 0.000028 
2908 -0.000030 
2909 0.000032 
2910 -0.000033 
2911 0.000035 
2912 -0.000037 
2913 0.000039 
2914 -0.000041 
2915 0.000044 
2916 -0.000046 
2917 0.000048 
2918 -0.000051 
2919 0.000054 
2920 -0.000056 
2921 0.000059 
2922 -0.000062 
2923 0.000065 
2924 -0.000068 
2925 0.000071 
2926 -0.000075 
2927 0.000078 
2928 -0.000082 
2929 0.000086 
2930 -0.000090 
2931 0.000094 
2932 -0.000098 
2933 0.000102 
2934 -0.000106 
2935 0.000111 
2936 -0.000116 
2937 0.000121 
2938 -0.000126 
2939 0.000131 
2940 -0.000136 
2941 0.000142 
2942 -0.000148 
2943 0.000153 
2944 -0.000159 
2945 0.000166 
2946 -0.000172 
2947 0.000179 
2948 -0.000185 
2949 0.000192 
2950 -0.000199 
2951 0.000207 
2952 -0.000214 
2953 0.000222 
2954 -0.000229 
2955 0.000238 
2956 -0.000246 
2957 0.000254 
2958 -0.000263 
2959 0.000271 
2960 -0.000280 
2961 0.000289 
2962 -0.000299 
2963 0.000308 
2964 -0.000318 
2965 0.000328 
2966 -0.000338 
2967 0.000348 
2968 -0.000358 
2969 0.000369 
2970 -0.000379 
2971 0.000390 
2972 -0.000401 
2973 0.000412 
2974 -0.000423 
2975 0.000434 
2976 -0.000446 
2977 0.000457 
2978 -0.000468 
2979 0.000480 
2980 -0.000492 
2981 0.000503 
2982 -0.000515 
2983 0.000527 
2984 -0.000538 
2985 0.000550 
2986 -0.000561 
2987 0.000573 
2988 -0.000584 
2989 0.000596 
2990 -0.000607 
2991 0.000618 
2992 -0.000629 
2993 0.000639 
2994 -0.000649 
2995 0.000659 
2996 -0.000669 
2997 0.000678 
2998 -0.000687 
2999 0.000696 
3000 -0.000704 
3001 0.000711 
3002 -0.000718 
3003 0.000724 
3004 -0.000730 
3005 0.000735 
3006 -0.000739 
3007 0.000742 
3008 -0.000744 
3009 0.000746 
3010 -0.000746 
3011 0.000745 
3012 -0.000744 
3013 0.000740 
3014 -0.000736 
3015 0.000730 
3016 -0.000723 
3017 0.000714 
3018 -0.000704 
3019 0.000692 
3020 -0.000678 
3021 0.000662 
3022 -0.000644 
3023 0.000624 
3024 -0.000602 
3025 0.000577 
3026 -0.000551 
3027 0.000521 
3028 -0.000489 
3029 0.000454 
3030 -0.000416 
3031 0.000375 
3032 -0.000330 
3033 0.000283 
3034 -0.000231 
3035 0.000177 
3036 -0.000118 
3037 0.000055 
3038 0.000011 
3039 -0.000082 
3040 0.000158 
3041 -0.000238 
3042 0.000323 
3043 -0.000413 
3044 0.000508 
3045 -0.000609 
3046 0.000715 
3047 -0.000827 
3048 0.000945 
3049 -0.001069 
3050 0.001200 
3051 -0.001338 
3052 0.001482 
3053 -0.001633 
3054 0.001792 
3055 -0.001959 
3056 0.002133 
3057 -0.002316 
3058 0.002506 
3059 -0.002706 
3060 0.002914 
3061 -0.003132 
3062 0.003359 
3063 -0.003596 
3064 0.003842 
3065 -0.004100 
3066 0.004367 
3067 -0.004646 
3068 0.004936 
3069 -0.005237 
3070 0.005550 
3071 -0.005875 
3072 0.006213 
3073 -0.006563 
3074 0.006926 
3075 -0.007303 
3076 0.007693 
3077 -0.008098 
3078 0.008517 
3079 -0.008950 
3080 0.009399 
3081 -0.009863 
3082 0.010342 
3083 -0.010838 
3084 0.011350 
3085 -0.011878 
3086 0.012424 
3087 -0.012987 
3088 0.013568 
3089 -0.014166 
3090 0.014783 
3091 -0.015419 
3092 0.016074 
3093 -0.016748 
3094 0.017441 
3095 -0.018155 
3096 0.018889 
3097 -0.019643 
3098 0.020418 
3099 -0.021214 
3100 0.022032 
3101 -0.022871 
3102 0.023732 
3103 -0.024615 
3104 0.025521 
3105 -0.026449 
3106 0.027400 
3107 -0.028375 
3108 0.029372 
3109 -0.030393 
3110 0.031438 
3111 -0.032506 
3112 0.033598 
3113 -0.034715 
3114 0.035855 
3115 -0.037020 
3116 0.038208 
3117 -0.039421 
3118 0.040659 
3119 -0.041921 
3120 0.043207 
3121 -0.044517 
3122 0.045851 
3123 -0.047209 
3124 0.048592 
3125 -0.049998 
3126 0.051427 
3127 -0.052880 
3128 0.054356 
3129 -0.055854 
3130 0.057375 
3131 -0.058918 
3132 0.060483 
3133 -0.062069 
3134 0.063675 
3135 -0.065302 
3136 0.066948 
3137 -0.068613 
3138 0.070297 
3139 -0.071998 
3140 0.073717 
3141 -0.075451 
3142 0.077200 
3143 -0.078964 
3144 0.080741 
3145 -0.082531 
3146 0.084332 
3147 -0.086143 
3148 0.087962 
3149 -0.089790 
3150 0.091624 
3151 -0.093463 
3152 0.095306 
3153 -0.097150 
3154 0.098996 
3155 -0.100840 
3156 0.102681 
3157 -0.104518 
3158 0.106348 
3159 -0.108170 
3160 0.109982 
3161 -0.111781 
3162 0.113566 
3163 -0.115334 
3164 0.117082 
3165 -0.118810 
3166 0.120513 
3167 -0.122190 
3168 0.123837 
3169 -0.125453 
3170 0.127034 
3171 -0.128578 
3172 0.130081 
3173 -0.131541 
3174 0.132954 
3175 -0.134317 
3176 0.135626 
3177 -0.136880 
3178 0.138073 
3179 -0.139202 
3180 0.140264 
3181 -0.141254 
3182 0.142170 
3183 -0.143006 
3184 0.143760 
3185 -0.144426 
3186 0.145001 
3187 -0.145481 
3188 0.145860 
3189 -0.146134 
3190 0.146300 
3191 -0.146352 
3192 0.146285 
3193 -0.146095 
3194 0.145776 
3195 -0.145324 
3196 0.144734 
3197 -0.144000 
3198 0.143118 
3199 -0.142081 
3200 0.140885 
3201 -0.139524 
3202 0.137992 
3203 -0.136284 
3204 0.134395 
3205 -0.132318 
3206 0.130047 
3207 -0.127578 
3208 0.124903 
3209 -0.122017 
3210 0.118915 
3211 -0.115589 
3212 0.112033 
3213 -0.108243 
3214 0.104211 
3215 -0.099930 
3216 0.095396 
3217 -0.090602 
3218 0.085541 
3219 -0.080207 
3220 0.074594 
3221 -0.068695 
3222 0.062504 
3223 -0.056016 
3224 0.049223 
3225 -0.042119 
3226 0.034698 
3227 -0.026954 
3228 0.018880 
3229 -0.010471 
3230 0.001720 
3231 0.007378 
3232 -0.016830 
3233 0.026642 
3234 -0.036819 
3235 0.047368 
3236 -0.058293 
3237 0.069601 
3238 -0.081297 
3239 0.093386 
3240 -0.105874 
3241 0.118766 
3242 -0.132066 
3243 0.145780 
3244 -0.159912 
3245 0.174467 
3246 -0.189449 
3247 0.204862 
3248 -0.220710 
3249 0.236998 
3250 -0.253728 
3251 0.270904 
3252 -0.288529 
3253 0.306606 
3254 -0.325138 
3255 0.344127 
3256 -0.363575 
3257 0.383484 
3258 -0.403856 
3259 0.424692 
3260 -0.445993 
3261 0.467759 
3262 -0.489992 
3263 0.512691 
3264 -0.535856 
3265 0.559485 
3266 -0.583579 
3267 0.608136 
3268 -0.633153 
3269 0.658630 
3270 -0.684562 
3271 0.710948 
3272 -0.737784 
3273 0.765066 
3274 -0.792790 
3275 0.820951 
3276 -0.849544 
3277 0.878563 
3278 -0.908003 
3279 0.937857 
3280 -0.968117 
3281 0.998776 
3282 -1.029827 
3283 1.061260 
3284 -1.093067 
3285 1.125237 
3286 -1.157761 
3287 1.190628 
3288 -1.223827 
3289 1.257346 
3290 -1.291172 
3291 1.325293 
3292 -1.359696 
3293 1.394365 
3294 -1.429287 
3295 1.464446 
3296 -1.499826 
3297 1.535411 
3298 -1.571185 
3299 1.607128 
3300 -1.643223 
3301 1.679452 
3302 -1.715795 
3303 1.752231 
3304 -1.788740 
3305 1.825302 
3306 -1.861893 
3307 1.898491 
3308 -1.935074 
3309 1.971618 
3310 -2.008098 
3311 2.044490 
3312 -2.080768 
3313 2.116906 
3314 -2.152878 
3315 2.188655 
3316 -2.224211 
3317 2.259517 
3318 -2.294544 
3319 2.329263 
3320 -2.363644 
3321 2.397655 
3322 -2.431267 
3323 2.464446 
3324 -2.497162 
3325 2.529382 
3326 -2.561073 
3327 2.592200 
3328 -2.622731 
3329 2.652630 
3330 -2.681863 
3331 2.710395 
3332 -2.738189 
3333 2.765210 
3334 -2.791422 
3335 2.816787 
3336 -2.841269 
3337 2.864830 
3338 -2.887433 
3339 2.909039 
3340 -2.929611 
3341 2.949110 
3342 -2.967498 
3343 2.984735 
3344 -3.000783 
3345 3.015603 
3346 -3.029156 
3347 3.041403 
3348 -3.052303 
3349 3.061819 
3350 -3.069910 
3351 3.076538 
3352 -3.081663 
3353 3.085247 
3354 -3.087249 
3355 3.087632 
3356 -3.086357 
3357 3.083385 
3358 -3.078678 
3359 3.072199 
3360 -3.063909 
3361 3.053771 
3362 -3.041748 
3363 3.027804 
3364 -3.011903 
3365 2.994009 
3366 -2.974087 
3367 2.952102 
3368 -2.928020 
3369 2.901808 
3370 -2.873433 
3371 2.842863 
3372 -2.810066 
3373 2.775012 
3374 -2.737670 
3375 2.698012 
3376 -2.656010 
3377 2.611635 
3378 -2.564862 
3379 2.515664 
3380 -2.464018 
3381 2.409899 
3382 -2.353285 
3383 2.294154 
3384 -2.232486 
3385 2.168263 
3386 -2.101465 
3387 2.032076 
3388 -1.960080 
3389 1.885463 
3390 -1.808211 
3391 1.728314 
3392 -1.645759 
3393 1.560540 
3394 -1.472646 
3395 1.382074 
3396 -1.288817 
3397 1.192872 
3398 -1.094238 
3399 0.992914 
3400 -0.888902 
3401 0.782204 
3402 -0.672825 
3403 0.560771 
3404 -0.446049 
3405 0.328670 
3406 -0.208643 
3407 0.085982 
3408 0.039299 
3409 -0.167184 
3410 0.297655 
3411 -0.430693 
3412 0.566276 
3413 -0.704381 
3414 0.844984 
3415 -0.988058 
3416 1.133574 
3417 -1.281503 
3418 1.431813 
3419 -1.584470 
3420 1.739439 
3421 -1.896682 
3422 2.056160 
3423 -2.217834 
3424 2.381660 
3425 -2.547594 
3426 2.715590 
3427 -2.885601 
3428 3.057577 
3429 -3.231467 
3430 3.407219 
3431 -3.584778 
3432 3.764087 
3433 -3.945090 
3434 4.127726 
3435 -4.311935 
3436 4.497655 
3437 -4.684821 
3438 4.873368 
3439 -5.063229 
3440 5.254336 
3441 -5.446618 
3442 5.640004 
3443 -5.834423 
3444 6.029799 
3445 -6.226058 
3446 6.423124 
3447 -6.620918 
3448 6.819362 
3449 -7.018377 
3450 7.217881 
3451 -7.417791 
3452 7.618026 
3453 -7.818502 
3454 8.019133 
3455 -8.219835 
3456 8.420520 
3457 -8.621102 
3458 8.821492 
3459 -9.021604 
3460 9.221347 
3461 -9.420632 
3462 9.619369 
3463 -9.817469 
3464 10.014840 
3465 -10.211391 
3466 10.407032 
3467 -10.601671 
3468 10.795217 
3469 -10.987578 
3470 11.178663 
3471 -11.368381 
3472 11.556640 
3473 -11.743350 
3474 11.928421 
3475 -12.111761 
3476 12.293282 
3477 -12.472893 
3478 12.650506 
3479 -12.826032 
3480 12.999385 
3481 -13.170477 
3482 13.339222 
3483 -13.505536 
3484 13.669333 
3485 -13.830530 
3486 13.989047 
3487 -14.144800 
3488 14.297711 
3489 -14.447701 
3490 14.594692 
3491 -14.738609 
3492 14.879376 
3493 -15.016921 
3494 15.151173 
3495 -15.282061 
3496 15.409516 
3497 -15.533473 
3498 15.653867 
3499 -15.770634 
3500 15.883714 
3501 -15.993046 
3502 16.098574 
3503 -16.200243 
3504 16.298000 
3505 -16.391793 
3506 16.481573 
3507 -16.567294 
3508 16.648911 
3509 -16.726383 
3510 16.799668 
3511 -16.868731 
3512 16.933535 
3513 -16.994048 
3514 17.050240 
3515 -17.102083 
3516 17.149552 
3517 -17.192624 
3518 17.231279 
3519 -17.265500 
3520 17.295272 
3521 -17.320582 
3522 17.341421 
3523 -17.357782 
3524 17.369661 
3525 -17.377056 
3526 17.379969 
3527 -17.378403 
3528 17.372365 
3529 -17.361865 
3530 17.346913 
3531 -17.327526 
3532 17.303721 
3533 -17.275518 
3534 17.242939 
3535 -17.206011 
3536 17.164762 
3537 -17.119222 
3538 17.069426 
3539 -17.015410 
3540 16.957213 
3541 -16.894876 
3542 16.828443 
3543 -16.757962 
3544 16.683481 
3545 -16.605053 
3546 16.522731 
3547 -16.436572 
3548 16.346636 
3549 -16.252984 
3550 16.155680 
3551 -16.054789 
3552 15.950381 
3553 -15.842525 
3554 15.731295 
3555 -15.616766 
3556 15.499015 
3557 -15.378120 
3558 15.254164 
3559 -15.127227 
3560 14.997397 
3561 -14.864759 
3562 14.729401 
3563 -14.591414 
3564 14.450890 
3565 -14.307922 
3566 14.162605 
3567 -14.015036 
3568 13.865311 
3569 -13.713531 
3570 13.559796 
3571 -13.404207 
3572 13.246867 
3573 -13.087881 
3574 12.927353 
3575 -12.765388 
3576 12.602094 
3577 -12.437578 
3578 12.271948 
3579 -12.105313 
3580 11.937783 
3581 -11.769467 
3582 11.600477 
3583 -11.430923 
3584 11.260915 
3585 -11.090566 
3586 10.919987 
3587 -10.749290 
3588 10.578586 
3589 -10.407986 
3590 10.237602 
3591 -10.067546 
3592 9.897928 
3593 -9.728859 
3594 9.560449 
3595 -9.392808 
3596 9.226044 
3597 -9.060267 
3598 8.895584 
3599 -8.732102 
3600 8.569927 
3601 -8.409165 
3602 8.249920 
3603 -8.092295 
3604 7.936392 
3605 -7.782312 
3606 7.630156 
3607 -7.480021 
3608 7.332004 
3609 -7.186202 
3610 7.042709 
3611 -6.901617 
3612 6.763017 
3613 -6.626999 
3614 6.493651 
3615 -6.363059 
3616 6.235307 
3617 -6.110476 
3618 5.988649 
3619 -5.869903 
3620 5.754315 
3621 -5.641959 
3622 5.532908 
3623 -5.427232 
3624 5.324998 
3625 -5.226274 
3626 5.131122 
3627 -5.039604 
3628 4.951779 
3629 -4.867703 
3630 4.787431 
3631 -4.711015 
3632 4.638504 
3633 -4.569945 
3634 4.505382 
3635 -4.444858 
3636 4.388411 
3637 -4.336079 
3638 4.287896 
3639 -4.243893 
3640 4.204100 
3641 -4.168542 
3642 4.137244 
3643 -4.110227 
3644 4.087508 
3645 -4.069105 
3646 4.055029 
3647 -4.045291 
3648 4.039899 
3649 -4.038857 
3650 4.042169 
3651 -4.049834 
3652 4.061848 
3653 -4.078206 
3654 4.098899 
3655 -4.123916 
3656 4.153244 
3657 -4.186867 
3658 4.224764 
3659 -4.266914 
3660 4.313294 
3661 -4.363876 
3662 4.418631 
3663 -4.477526 
3664 4.540528 
3665 -4.607599 
3666 4.678700 
3667 -4.753789 
3668 4.832821 
3669 -4.915749 
3670 5.002525 
3671 -5.093097 
3672 5.187411 
3673 -5.285410 
3674 5.387037 
3675 -5.492230 
3676 5.600928 
3677 -5.713064 
3678 5.828573 
3679 -5.947384 
3680 6.069427 
3681 -6.194629 
3682 6.322914 
3683 -6.454206 
3684 6.588425 
3685 -6.725492 
3686 6.865324 
3687 -7.007836 
3688 7.152943 
3689 -7.300558 
3690 7.450591 
3691 -7.602953 
3692 7.757550 
3693 -7.914291 
3694 8.073080 
3695 -8.233821 
3696 8.396417 
3697 -8.560769 
3698 8.726779 
3699 -8.894345 
3700 9.063365 
3701 -9.233738 
3702 9.405358 
3703 -9.578123 
3704 9.751926 
3705 -9.926663 
3706 10.102225 
3707 -10.278506 
3708 10.455398 
3709 -10.632794 
3710 10.810583 
3711 -10.988657 
3712 11.166907 
3713 -11.345223 
3714 11.523495 
3715 -11.701613 
3716 11.879468 
3717 -12.056948 
3718 12.233945 
3719 -12.410348 
3720 12.586048 
3721 -12.760935 
3722 12.934901 
3723 -13.107836 
3724 13.279632 
3725 -13.450183 
3726 13.619379 
3727 -13.787116 
3728 13.953286 
3729 -14.117786 
3730 14.280509 
3731 -14.441354 
3732 14.600218 
3733 -14.756999 
3734 14.911596 
3735 -15.063910 
3736 15.213843 
3737 -15.361297 
3738 15.506178 
3739 -15.648391 
3740 15.787842 
3741 -15.924440 
3742 16.058096 
3743 -16.188719 
3744 16.316225 
3745 -16.440526 
3746 16.561540 
3747 -16.679184 
3748 16.793380 
3749 -16.904048 
3750 17.011112 
3751 -17.114498 
3752 17.214133 
3753 -17.309947 
3754 17.401873 
3755 -17.489843 
3756 17.573793 
3757 -17.653663 
3758 17.729391 
3759 -17.800922 
3760 17.868199 
3761 -17.931171 
3762 17.989786 
3763 -18.043997 
3764 18.093758 
3765 -18.139027 
3766 18.179762 
3767 -18.215925 
3768 18.247482 
3769 -18.274398 
3770 18.296644 
3771 -18.314191 
3772 18.327014 
3773 -18.335090 
3774 18.338400 
3775 -18.336927 
3776 18.330654 
3777 -18.319571 
3778 18.303667 
3779 -18.282936 
3780 18.257374 
3781 -18.226980 
3782 18.191754 
3783 -18.151701 
3784 18.106828 
3785 -18.057142 
3786 18.002658 
3787 -17.943388 
3788 17.879351 
3789 -17.810566 
3790 17.737056 
3791 -17.658845 
3792 17.575962 
3793 -17.488436 
3794 17.396300 
3795 -17.299590 
3796 17.198343 
3797 -17.092600 
3798 16.982403 
3799 -16.867797 
3800 16.748830 
3801 -16.625551 
3802 16.498012 
3803 -16.366269 
3804 16.230377 
3805 -16.090396 
3806 15.946385 
3807 -15.798410 
3808 15.646533 
3809 -15.490824 
3810 15.331351 
3811 -15.168184 
3812 15.001398 
3813 -14.831067 
3814 14.657267 
3815 -14.480078 
3816 14.299578 
3817 -14.115851 
3818 13.928978 
3819 -13.739045 
3820 13.546139 
3821 -13.350346 
3822 13.151756 
3823 -12.950458 
3824 12.746546 
3825 -12.540111 
3826 12.331246 
3827 -12.120048 
3828 11.906611 
3829 -11.691032 
3830 11.473409 
3831 -11.253840 
3832 11.032424 
3833 -10.809261 
3834 10.584451 
3835 -10.358095 
3836 10.130294 
3837 -9.901150 
3838 9.670764 
3839 -9.439239 
3840 9.206677 
3841 -8.973180 
3842 8.738852 
3843 -8.503795 
3844 8.268110 
3845 -8.031901 
3846 7.795270 
3847 -7.558318 
3848 7.321147 
3849 -7.083857 
3850 6.846551 
3851 -6.609327 
3852 6.372285 
3853 -6.135524 
3854 5.899142 
3855 -5.663236 
3856 5.427904 
3857 -5.193241 
3858 4.959341 
3859 -4.726298 
3860 4.494205 
3861 -4.263153 
3862 4.033234 
3863 -3.804535 
3864 3.577146 
3865 -3.351152 
3866 3.126639 
3867 -2.903690 
3868 2.682389 
3869 -2.462817 
3870 2.245051 
3871 -2.029172 
3872 1.815253 
3873 -1.603372 
3874 1.393599 
3875 -1.186006 
3876 0.980663 
3877 -0.777637 
3878 0.576995 
3879 -0.378799 
3880 0.183112 
3881 0.010005 
3882 -0.200495 
3883 0.388301 
3884 -0.573369 
3885 0.755646 
3886 -0.935083 
3887 1.111630 
3888 -1.285242 
3889 1.455875 
3890 -1.623485 
3891 1.788034 
3892 -1.949482 
3893 2.107794 
3894 -2.262937 
3895 2.414877 
3896 -2.563587 
3897 2.709037 
3898 -2.851202 
3899 2.990059 
3900 -3.125587 
3901 3.257766 
3902 -3.386579 
3903 3.512010 
3904 -3.634047 
3905 3.752678 
3906 -3.867895 
3907 3.979689 
3908 -4.088057 
3909 4.192994 
3910 -4.294499 
3911 4.392574 
3912 -4.487220 
3913 4.578443 
3914 -4.666247 
3915 4.750643 
3916 -4.831638 
3917 4.909246 
3918 -4.983480 
3919 5.054354 
3920 -5.121886 
3921 5.186094 
3922 -5.246998 
3923 5.304619 
3924 -5.358982 
3925 5.410111 
3926 -5.458032 
3927 5.502773 
3928 -5.544363 
3929 5.582832 
3930 -5.618212 
3931 5.650537 
3932 -5.679840 
3933 5.706158 
3934 -5.729527 
3935 5.749984 
3936 -5.767570 
3937 5.782323 
3938 -5.794285 
3939 5.803498 
3940 -5.810005 
3941 5.813850 
3942 -5.815078 
3943 5.813733 
3944 -5.809862 
3945 5.803513 
3946 -5.794732 
3947 5.783568 
3948 -5.770070 
3949 5.754287 
3950 -5.736269 
3951 5.716067 
3952 -5.693732 
3953 5.669314 
3954 -5.642865 
3955 5.614437 
3956 -5.584082 
3957 5.551853 
3958 -5.517802 
3959 5.481982 
3960 -5.444445 
3961 5.405245 
3962 -5.364434 
3963 5.322065 
3964 -5.278191 
3965 5.232865 
3966 -5.186140 
3967 5.138069 
3968 -5.088703 
3969 5.038094 
3970 -4.986296 
3971 4.933359 
3972 -4.879335 
3973 4.824275 
3974 -4.768230 
3975 4.711250 
3976 -4.653385 
3977 4.594685 
3978 -4.535198 
3979 4.474973 
3980 -4.414058 
3981 4.352501 
3982 -4.290348 
3983 4.227646 
3984 -4.164441 
3985 4.100778 
3986 -4.036701 
3987 3.972254 
3988 -3.907481 
3989 3.842423 
3990 -3.777122 
3991 3.711621 
3992 -3.645958 
3993 3.580173 
3994 -3.514306 
3995 3.448394 
3996 -3.382475 
3997 3.316584 
3998 -3.250758 
3999 3.185031 
4000 -3.119438 
