0 3.571303 3.526135 
1 3.616819 3.481318 
2 3.662684 3.436852 
3 3.708894 3.392739 
4 3.755450 3.348979 
5 3.802348 3.305575 
6 3.849588 3.262525 
7 3.897167 3.219832 
8 3.945084 3.177496 
9 3.993337 3.135518 
10 4.041924 3.093898 
11 4.090842 3.052637 
12 4.140089 3.011735 
13 4.189663 2.971192 
14 4.239562 2.931009 
15 4.289783 2.891186 
16 4.340323 2.851724 
17 4.391181 2.812621 
18 4.442352 2.773879 
19 4.493834 2.735496 
20 4.545624 2.697474 
21 4.597720 2.659811 
22 4.650117 2.622508 
23 4.702813 2.585563 
24 4.755805 2.548978 
25 4.809088 2.512751 
26 4.862660 2.476881 
27 4.916516 2.441369 
28 4.970654 2.406213 
29 5.025068 2.371413 
30 5.079756 2.336967 
31 5.134714 2.302876 
32 5.189936 2.269139 
33 5.245420 2.235754 
34 5.301160 2.202720 
35 5.357153 2.170036 
36 5.413393 2.137702 
37 5.469877 2.105716 
38 5.526599 2.074077 
39 5.583555 2.042784 
40 5.640740 2.011835 
41 5.698149 1.981230 
42 5.755777 1.950966 
43 5.813619 1.921042 
44 5.871670 1.891458 
45 5.929924 1.862211 
46 5.988376 1.833300 
47 6.047020 1.804723 
48 6.105851 1.776479 
49 6.164863 1.748566 
50 6.224050 1.720983 
51 6.283407 1.693727 
52 6.342927 1.666797 
53 6.402605 1.640191 
54 6.462434 1.613907 
55 6.522408 1.587944 
56 6.582521 1.562300 
57 6.642766 1.536972 
58 6.703137 1.511958 
59 6.763628 1.487258 
60 6.824231 1.462868 
61 6.884941 1.438787 
62 6.945749 1.415012 
63 7.006650 1.391542 
64 7.067637 1.368375 
65 7.128702 1.345507 
66 7.189838 1.322938 
67 7.251038 1.300665 
68 7.312295 1.278686 
69 7.373601 1.256999 
70 7.434950 1.235601 
71 7.496333 1.214490 
72 7.557743 1.193664 
73 7.619173 1.173121 
74 7.680614 1.152858 
75 7.742060 1.132874 
76 7.803502 1.113165 
77 7.864932 1.093729 
78 7.926343 1.074565 
79 7.987726 1.055670 
80 8.049073 1.037041 
81 8.110377 1.018676 
82 8.171630 1.000573 
83 8.232822 0.982729 
84 8.293946 0.965143 
85 8.354994 0.947810 
86 8.415956 0.930731 
87 8.476826 0.913900 
88 8.537594 0.897318 
89 8.598251 0.880980 
90 8.658790 0.864885 
91 8.719202 0.849030 
92 8.779478 0.833413 
93 8.839609 0.818031 
94 8.899588 0.802882 
95 8.959405 0.787964 
96 9.019051 0.773274 
97 9.078518 0.758809 
98 9.137797 0.744568 
99 9.196880 0.730548 
100 9.255757 0.716746 
101 9.314420 0.703161 
102 9.372859 0.689789 
103 9.431067 0.676629 
104 9.489033 0.663677 
105 9.546750 0.650932 
106 9.604208 0.638392 
107 9.661399 0.626053 
108 9.718314 0.613914 
109 9.774943 0.601972 
110 9.831278 0.590225 
111 9.887311 0.578670 
112 9.943031 0.567306 
113 9.998431 0.556129 
114 10.053501 0.545138 
115 10.108233 0.534331 
116 10.162618 0.523704 
117 10.216646 0.513257 
118 10.270311 0.502985 
119 10.323601 0.492888 
120 10.376510 0.482963 
121 10.429027 0.473208 
122 10.481145 0.463621 
123 10.532855 0.454199 
124 10.584148 0.444940 
125 10.635016 0.435842 
126 10.685450 0.426904 
127 10.735441 0.418122 
128 10.784982 0.409495 
129 10.834064 0.401020 
130 10.882678 0.392696 
131 10.930816 0.384520 
132 10.978470 0.376490 
133 11.025633 0.368605 
134 11.072295 0.360862 
135 11.118448 0.353260 
136 11.164085 0.345795 
137 11.209198 0.338467 
138 11.253779 0.331273 
139 11.297820 0.324211 
140 11.341313 0.317280 
141 11.384251 0.310478 
142 11.426626 0.303801 
143 11.468431 0.297250 
144 11.509658 0.290821 
145 11.550300 0.284514 
146 11.590350 0.278325 
147 11.629800 0.272254 
148 11.668644 0.266299 
149 11.706874 0.260457 
150 11.744484 0.254727 
151 11.781467 0.249107 
152 11.817816 0.243596 
153 11.853525 0.238192 
154 11.888586 0.232893 
155 11.922995 0.227697 
156 11.956744 0.222603 
157 11.989827 0.217610 
158 12.022239 0.212715 
159 12.053973 0.207916 
160 12.085024 0.203213 
161 12.115385 0.198604 
162 12.145052 0.194087 
163 12.174018 0.189661 
164 12.202279 0.185324 
165 12.229828 0.181075 
166 12.256662 0.176912 
167 12.282775 0.172833 
168 12.308162 0.168838 
169 12.332819 0.164925 
170 12.356741 0.161092 
171 12.379923 0.157339 
172 12.402361 0.153663 
173 12.424051 0.150063 
174 12.444988 0.146539 
175 12.465170 0.143088 
176 12.484592 0.139709 
177 12.503250 0.136402 
178 12.521141 0.133165 
179 12.538261 0.129996 
180 12.554608 0.126894 
181 12.570178 0.123859 
182 12.584969 0.120889 
183 12.598977 0.117982 
184 12.612199 0.115138 
185 12.624634 0.112355 
186 12.636279 0.109633 
187 12.647132 0.106970 
188 12.657190 0.104365 
189 12.666453 0.101817 
190 12.674917 0.099324 
191 12.682582 0.096887 
192 12.689445 0.094503 
193 12.695506 0.092173 
194 12.700764 0.089894 
195 12.705217 0.087666 
196 12.708865 0.085487 
197 12.711707 0.083358 
198 12.713742 0.081276 
199 12.714970 0.079241 
200 12.715391 0.077253 
201 12.715005 0.075309 
202 12.713811 0.073410 
203 12.711811 0.071554 
204 12.709004 0.069741 
205 12.705390 0.067969 
206 12.700971 0.066238 
207 12.695748 0.064547 
208 12.689721 0.062895 
209 12.682892 0.061282 
210 12.675261 0.059706 
211 12.666831 0.058167 
212 12.657603 0.056664 
213 12.647578 0.055197 
214 12.636759 0.053764 
215 12.625147 0.052365 
216 12.612745 0.050999 
217 12.599556 0.049665 
218 12.585581 0.048364 
219 12.570823 0.047093 
220 12.555286 0.045853 
221 12.538971 0.044643 
222 12.521883 0.043462 
223 12.504024 0.042309 
224 12.485397 0.041185 
225 12.466007 0.040088 
226 12.445856 0.039017 
227 12.424949 0.037973 
228 12.403290 0.036954 
229 12.380882 0.035961 
230 12.357730 0.034992 
231 12.333838 0.034047 
232 12.309211 0.033125 
233 12.283853 0.032226 
234 12.257769 0.031350 
235 12.230963 0.030495 
236 12.203441 0.029662 
237 12.175208 0.028850 
238 12.146269 0.028058 
239 12.116629 0.027286 
240 12.086295 0.026534 
241 12.055270 0.025801 
242 12.023562 0.025087 
243 11.991175 0.024391 
244 11.958117 0.023712 
245 11.924392 0.023051 
246 11.890008 0.022407 
247 11.854970 0.021780 
248 11.819284 0.021169 
249 11.782958 0.020574 
250 11.745998 0.019994 
251 11.708410 0.019429 
252 11.670201 0.018879 
253 11.631378 0.018344 
254 11.591948 0.017822 
255 11.551918 0.017314 
256 11.511296 0.016820 
257 11.470088 0.016339 
258 11.428301 0.015870 
259 11.385944 0.015414 
260 11.343024 0.014970 
261 11.299548 0.014538 
262 11.255523 0.014118 
263 11.210959 0.013708 
264 11.165861 0.013310 
265 11.120239 0.012923 
266 11.074100 0.012546 
267 11.027452 0.012179 
268 10.980303 0.011823 
269 10.932662 0.011476 
270 10.884536 0.011138 
271 10.835934 0.010810 
272 10.786863 0.010490 
273 10.737333 0.010180 
274 10.687352 0.009878 
275 10.636928 0.009584 
276 10.586069 0.009299 
277 10.534785 0.009021 
278 10.483083 0.008752 
279 10.430973 0.008489 
280 10.378463 0.008234 
281 10.325561 0.007987 
282 10.272276 0.007746 
283 10.218618 0.007512 
284 10.164594 0.007284 
285 10.110214 0.007063 
286 10.055486 0.006849 
287 10.000419 0.006640 
288 9.945022 0.006437 
289 9.889304 0.006241 
290 9.833273 0.006049 
291 9.776940 0.005864 
292 9.720311 0.005683 
293 9.663397 0.005508 
294 9.606206 0.005338 
295 9.548747 0.005173 
296 9.491029 0.005012 
297 9.433060 0.004856 
298 9.374851 0.004705 
299 9.316408 0.004558 
300 9.257743 0.004416 
301 9.198862 0.004278 
302 9.139775 0.004143 
303 9.080492 0.004013 
304 9.021019 0.003887 
305 8.961368 0.003764 
306 8.901545 0.003645 
307 8.841560 0.003529 
308 8.781421 0.003417 
309 8.721138 0.003309 
310 8.660718 0.003203 
311 8.600171 0.003101 
312 8.539505 0.003002 
313 8.478728 0.002905 
314 8.417849 0.002812 
315 8.356877 0.002722 
316 8.295819 0.002634 
317 8.234684 0.002549 
318 8.173481 0.002466 
319 8.112217 0.002386 
320 8.050901 0.002309 
321 7.989541 0.002234 
322 7.928145 0.002161 
323 7.866722 0.002090 
324 7.805278 0.002022 
325 7.743823 0.001956 
326 7.682363 0.001891 
327 7.620907 0.001829 
328 7.559463 0.001769 
329 7.498038 0.001710 
330 7.436639 0.001654 
331 7.375275 0.001599 
332 7.313953 0.001546 
333 7.252680 0.001494 
334 7.191463 0.001444 
335 7.130311 0.001396 
336 7.069229 0.001349 
337 7.008225 0.001304 
338 6.947307 0.001260 
339 6.886480 0.001218 
340 6.825753 0.001177 
341 6.765131 0.001137 
342 6.704622 0.001099 
343 6.644232 0.001061 
344 6.583968 0.001025 
345 6.523836 0.000991 
346 6.463843 0.000957 
347 6.403995 0.000924 
348 6.344297 0.000893 
349 6.284757 0.000862 
350 6.225381 0.000832 
351 6.166173 0.000804 
352 6.107141 0.000776 
353 6.048290 0.000749 
354 5.989626 0.000723 
355 5.931153 0.000698 
356 5.872879 0.000674 
357 5.814807 0.000651 
358 5.756945 0.000628 
359 5.699296 0.000606 
360 5.641865 0.000585 
361 5.584659 0.000564 
362 5.527682 0.000545 
363 5.470939 0.000526 
364 5.414434 0.000507 
365 5.358172 0.000489 
366 5.302158 0.000472 
367 5.246397 0.000455 
368 5.190892 0.000439 
369 5.135648 0.000424 
370 5.080669 0.000408 
371 5.025960 0.000394 
372 4.971524 0.000380 
373 4.917365 0.000366 
374 4.863487 0.000353 
375 4.809894 0.000341 
376 4.756589 0.000328 
377 4.703576 0.000316 
378 4.650859 0.000305 
379 4.598441 0.000294 
380 4.546324 0.000283 
381 4.494513 0.000273 
382 4.443009 0.000263 
383 4.391817 0.000254 
384 4.340939 0.000244 
385 4.290378 0.000236 
386 4.240137 0.000227 
387 4.190217 0.000219 
388 4.140623 0.000211 
389 4.091355 0.000203 
390 4.042417 0.000195 
391 3.993810 0.000188 
392 3.945537 0.000181 
393 3.897601 0.000175 
394 3.850001 0.000168 
395 3.802742 0.000162 
396 3.755824 0.000156 
397 3.709250 0.000150 
398 3.663020 0.000144 
399 3.617137 0.000139 
400 3.571601 0.000134 
401 3.526415 0.000129 
402 3.481579 0.000124 
403 3.437095 0.000119 
404 3.392963 0.000115 
405 3.349186 0.000111 
406 3.305763 0.000106 
407 3.262696 0.000102 
408 3.219986 0.000098 
409 3.177633 0.000095 
410 3.135638 0.000091 
411 3.094001 0.000088 
412 3.052723 0.000084 
413 3.011804 0.000081 
414 2.971245 0.000078 
415 2.931046 0.000075 
416 2.891208 0.000072 
417 2.851729 0.000069 
418 2.812611 0.000067 
419 2.773854 0.000064 
420 2.735456 0.000062 
421 2.697419 0.000059 
422 2.659742 0.000057 
423 2.622424 0.000055 
424 2.585466 0.000053 
425 2.548866 0.000051 
426 2.512626 0.000049 
427 2.476743 0.000047 
428 2.441217 0.000045 
429 2.406048 0.000043 
430 2.371235 0.000041 
431 2.336777 0.000040 
432 2.302674 0.000038 
433 2.268924 0.000037 
434 2.235527 0.000035 
435 2.202482 0.000034 
436 2.169787 0.000033 
437 2.137442 0.000031 
438 2.105445 0.000030 
439 2.073795 0.000029 
440 2.042492 0.000028 
441 2.011533 0.000027 
442 1.980917 0.000026 
443 1.950644 0.000025 
444 1.920711 0.000024 
445 1.891117 0.000023 
446 1.861861 0.000022 
447 1.832941 0.000021 
448 1.804356 0.000020 
449 1.776104 0.000019 
450 1.748182 0.000018 
451 1.720591 0.000018 
452 1.693327 0.000017 
453 1.666390 0.000016 
454 1.639777 0.000016 
455 1.613486 0.000015 
456 1.587516 0.000014 
457 1.561865 0.000014 
458 1.536531 0.000013 
459 1.511511 0.000013 
460 1.486805 0.000012 
461 1.462409 0.000012 
462 1.438322 0.000011 
463 1.414542 0.000011 
464 1.391067 0.000010 
465 1.367895 0.000010 
466 1.345023 0.000009 
467 1.322449 0.000009 
468 1.300172 0.000009 
469 1.278189 0.000008 
470 1.256498 0.000008 
471 1.235096 0.000008 
472 1.213982 0.000007 
473 1.193152 0.000007 
474 1.172606 0.000007 
475 1.152340 0.000006 
476 1.132353 0.000006 
477 1.112641 0.000006 
478 1.093204 0.000006 
479 1.074037 0.000005 
480 1.055140 0.000005 
481 1.036509 0.000005 
482 1.018142 0.000005 
483 1.000038 0.000005 
484 0.982193 0.000004 
485 0.964605 0.000004 
486 0.947271 0.000004 
487 0.930190 0.000004 
488 0.913360 0.000004 
489 0.896776 0.000003 
490 0.880438 0.000003 
491 0.864342 0.000003 
492 0.848487 0.000003 
493 0.832870 0.000003 
494 0.817488 0.000003 
495 0.802340 0.000003 
496 0.787422 0.000003 
497 0.772732 0.000002 
498 0.758268 0.000002 
499 0.744028 0.000002 
500 0.730009 0.000002 
501 0.716208 0.000002 
502 0.702623 0.000002 
503 0.689253 0.000002 
504 0.676094 0.000002 
505 0.663144 0.000002 
506 0.650400 0.000002 
507 0.637861 0.000002 
508 0.625524 0.000002 
509 0.613387 0.000001 
510 0.601447 0.000001 
511 0.589702 0.000001 
512 0.578149 0.000001 
513 0.566787 0.000001 
514 0.555613 0.000001 
515 0.544625 0.000001 
516 0.533819 0.000001 
517 0.523196 0.000001 
518 0.512750 0.000001 
519 0.502482 0.000001 
520 0.492388 0.000001 
521 0.482466 0.000001 
522 0.472713 0.000001 
523 0.463129 0.000001 
524 0.453710 0.000001 
525 0.444454 0.000001 
526 0.435360 0.000001 
527 0.426424 0.000001 
528 0.417646 0.000001 
529 0.409022 0.000001 
530 0.400550 0.000001 
531 0.392229 0.000001 
532 0.384057 0.000001 
533 0.376031 0.000000 
534 0.368150 0.000000 
535 0.360410 0.000000 
536 0.352811 0.000000 
537 0.345350 0.000000 
538 0.338026 0.000000 
539 0.330836 0.000000 
540 0.323778 0.000000 
541 0.316850 0.000000 
542 0.310051 0.000000 
543 0.303379 0.000000 
544 0.296832 0.000000 
545 0.290407 0.000000 
546 0.284103 0.000000 
547 0.277919 0.000000 
548 0.271852 0.000000 
549 0.265900 0.000000 
550 0.260062 0.000000 
551 0.254336 0.000000 
552 0.248721 0.000000 
553 0.243214 0.000000 
554 0.237813 0.000000 
555 0.232518 0.000000 
556 0.227327 0.000000 
557 0.222237 0.000000 
558 0.217247 0.000000 
559 0.212356 0.000000 
560 0.207562 0.000000 
561 0.202863 0.000000 
562 0.198258 0.000000 
563 0.193745 0.000000 
564 0.189322 0.000000 
565 0.184989 0.000000 
566 0.180744 0.000000 
567 0.176585 0.000000 
568 0.172511 0.000000 
569 0.168519 0.000000 
570 0.164610 0.000000 
571 0.160781 0.000000 
572 0.157032 0.000000 
573 0.153360 0.000000 
574 0.149764 0.000000 
575 0.146244 0.000000 
576 0.142797 0.000000 
577 0.139422 0.000000 
578 0.136119 0.000000 
579 0.132885 0.000000 
580 0.129720 0.000000 
581 0.126622 0.000000 
582 0.123590 0.000000 
583 0.120624 0.000000 
584 0.117721 0.000000 
585 0.114880 0.000000 
586 0.112101 0.000000 
587 0.109383 0.000000 
588 0.106723 0.000000 
589 0.104122 0.000000 
590 0.101577 0.000000 
591 0.099088 0.000000 
592 0.096655 0.000000 
593 0.094274 0.000000 
594 0.091947 0.000000 
595 0.089672 0.000000 
596 0.087447 0.000000 
597 0.085272 0.000000 
598 0.083146 0.000000 
599 0.081067 0.000000 
600 0.079036 0.000000 
601 0.077051 0.000000 
602 0.075110 0.000000 
603 0.073214 0.000000 
604 0.071361 0.000000 
605 0.069551 0.000000 
606 0.067782 0.000000 
607 0.066054 0.000000 
608 0.064367 0.000000 
609 0.062718 0.000000 
610 0.061107 0.000000 
611 0.059534 0.000000 
612 0.057998 0.000000 
613 0.056498 0.000000 
614 0.055034 0.000000 
615 0.053603 0.000000 
616 0.052207 0.000000 
617 0.050844 0.000000 
618 0.049513 0.000000 
619 0.048214 0.000000 
620 0.046946 0.000000 
621 0.045709 0.000000 
622 0.044501 0.000000 
623 0.043323 0.000000 
624 0.042173 0.000000 
625 0.041051 0.000000 
626 0.039956 0.000000 
627 0.038888 0.000000 
628 0.037846 0.000000 
629 0.036830 0.000000 
630 0.035838 0.000000 
631 0.034872 0.000000 
632 0.033929 0.000000 
633 0.033009 0.000000 
634 0.032113 0.000000 
635 0.031238 0.000000 
636 0.030386 0.000000 
637 0.029555 0.000000 
638 0.028745 0.000000 
639 0.027955 0.000000 
640 0.027185 0.000000 
641 0.026435 0.000000 
642 0.025704 0.000000 
643 0.024992 0.000000 
644 0.024297 0.000000 
645 0.023621 0.000000 
646 0.022962 0.000000 
647 0.022319 0.000000 
648 0.021694 0.000000 
649 0.021084 0.000000 
650 0.020491 0.000000 
651 0.019913 0.000000 
652 0.019350 0.000000 
653 0.018801 0.000000 
654 0.018267 0.000000 
655 0.017748 0.000000 
656 0.017241 0.000000 
657 0.016749 0.000000 
658 0.016269 0.000000 
659 0.015802 0.000000 
660 0.015347 0.000000 
661 0.014905 0.000000 
662 0.014474 0.000000 
663 0.014055 0.000000 
664 0.013647 0.000000 
665 0.013250 0.000000 
666 0.012864 0.000000 
667 0.012488 0.000000 
668 0.012123 0.000000 
669 0.011768 0.000000 
670 0.011422 0.000000 
671 0.011085 0.000000 
672 0.010758 0.000000 
673 0.010440 0.000000 
674 0.010131 0.000000 
675 0.009830 0.000000 
676 0.009537 0.000000 
677 0.009253 0.000000 
678 0.008976 0.000000 
679 0.008708 0.000000 
680 0.008446 0.000000 
681 0.008192 0.000000 
682 0.007946 0.000000 
683 0.007706 0.000000 
684 0.007473 0.000000 
685 0.007246 0.000000 
686 0.007026 0.000000 
687 0.006812 0.000000 
688 0.006605 0.000000 
689 0.006403 0.000000 
690 0.006207 0.000000 
691 0.006016 0.000000 
692 0.005831 0.000000 
693 0.005652 0.000000 
694 0.005477 0.000000 
695 0.005308 0.000000 
696 0.005143 0.000000 
697 0.004984 0.000000 
698 0.004829 0.000000 
699 0.004678 0.000000 
700 0.004532 0.000000 
701 0.004390 0.000000 
702 0.004252 0.000000 
703 0.004119 0.000000 
704 0.003989 0.000000 
705 0.003863 0.000000 
706 0.003741 0.000000 
707 0.003623 0.000000 
708 0.003508 0.000000 
709 0.003396 0.000000 
710 0.003288 0.000000 
711 0.003183 0.000000 
712 0.003081 0.000000 
713 0.002983 0.000000 
714 0.002887 0.000000 
715 0.002794 0.000000 
716 0.002704 0.000000 
717 0.002617 0.000000 
718 0.002532 0.000000 
719 0.002450 0.000000 
720 0.002370 0.000000 
721 0.002293 0.000000 
722 0.002219 0.000000 
723 0.002146 0.000000 
724 0.002076 0.000000 
725 0.002008 0.000000 
726 0.001942 0.000000 
727 0.001878 0.000000 
728 0.001816 0.000000 
729 0.001756 0.000000 
730 0.001698 0.000000 
731 0.001642 0.000000 
732 0.001587 0.000000 
733 0.001535 0.000000 
734 0.001483 0.000000 
735 0.001434 0.000000 
736 0.001386 0.000000 
737 0.001339 0.000000 
738 0.001294 0.000000 
739 0.001251 0.000000 
740 0.001209 0.000000 
741 0.001168 0.000000 
742 0.001128 0.000000 
743 0.001090 0.000000 
744 0.001053 0.000000 
745 0.001017 0.000000 
746 0.000983 0.000000 
747 0.000949 0.000000 
748 0.000917 0.000000 
749 0.000885 0.000000 
750 0.000855 0.000000 
751 0.000826 0.000000 
752 0.000797 0.000000 
753 0.000770 0.000000 
754 0.000743 0.000000 
755 0.000717 0.000000 
756 0.000692 0.000000 
757 0.000668 0.000000 
758 0.000645 0.000000 
759 0.000623 0.000000 
760 0.000601 0.000000 
761 0.000580 0.000000 
762 0.000560 0.000000 
763 0.000540 0.000000 
764 0.000521 0.000000 
765 0.000503 0.000000 
766 0.000485 0.000000 
767 0.000468 0.000000 
768 0.000451 0.000000 
769 0.000435 0.000000 
770 0.000420 0.000000 
771 0.000405 0.000000 
772 0.000390 0.000000 
773 0.000376 0.000000 
774 0.000363 0.000000 
775 0.000350 0.000000 
776 0.000337 0.000000 
777 0.000325 0.000000 
778 0.000313 0.000000 
779 0.000302 0.000000 
780 0.000291 0.000000 
781 0.000281 0.000000 
782 0.000271 0.000000 
783 0.000261 0.000000 
784 0.000251 0.000000 
785 0.000242 0.000000 
786 0.000233 0.000000 
787 0.000225 0.000000 
788 0.000216 0.000000 
789 0.000208 0.000000 
790 0.000201 0.000000 
791 0.000193 0.000000 
792 0.000186 0.000000 
793 0.000179 0.000000 
794 0.000173 0.000000 
795 0.000166 0.000000 
796 0.000160 0.000000 
797 0.000154 0.000000 
798 0.000148 0.000000 
799 0.000143 0.000000 
800 0.000138 0.000000 
801 0.000132 0.000000 
802 0.000127 0.000000 
803 0.000123 0.000000 
804 0.000118 0.000000 
805 0.000114 0.000000 
806 0.000109 0.000000 
807 0.000105 0.000000 
808 0.000101 0.000000 
809 0.000097 0.000000 
810 0.000094 0.000000 
811 0.000090 0.000000 
812 0.000087 0.000000 
813 0.000083 0.000000 
814 0.000080 0.000000 
815 0.000077 0.000000 
816 0.000074 0.000000 
817 0.000071 0.000000 
818 0.000069 0.000000 
819 0.000066 0.000000 
820 0.000063 0.000000 
821 0.000061 0.000000 
822 0.000059 0.000000 
823 0.000056 0.000000 
824 0.000054 0.000000 
825 0.000052 0.000000 
826 0.000050 0.000000 
827 0.000048 0.000000 
828 0.000046 0.000000 
829 0.000044 0.000000 
830 0.000043 0.000000 
831 0.000041 0.000000 
832 0.000039 0.000000 
833 0.000038 0.000000 
834 0.000036 0.000000 
835 0.000035 0.000000 
836 0.000033 0.000000 
837 0.000032 0.000000 
838 0.000031 0.000000 
839 0.000030 0.000000 
840 0.000028 0.000000 
841 0.000027 0.000000 
842 0.000026 0.000000 
843 0.000025 0.000000 
844 0.000024 0.000000 
845 0.000023 0.000000 
846 0.000022 0.000000 
847 0.000021 0.000000 
848 0.000021 0.000000 
849 0.000020 0.000000 
850 0.000019 0.000000 
851 0.000018 0.000000 
852 0.000017 0.000000 
853 0.000017 0.000000 
854 0.000016 0.000000 
855 0.000015 0.000000 
856 0.000015 0.000000 
857 0.000014 0.000000 
858 0.000014 0.000000 
859 0.000013 0.000000 
860 0.000012 0.000000 
861 0.000012 0.000000 
862 0.000011 0.000000 
863 0.000011 0.000000 
864 0.000011 0.000000 
865 0.000010 0.000000 
866 0.000010 0.000000 
867 0.000009 0.000000 
868 0.000009 0.000000 
869 0.000009 0.000000 
870 0.000008 0.000000 
871 0.000008 0.000000 
872 0.000007 0.000000 
873 0.000007 0.000000 
874 0.000007 0.000000 
875 0.000007 0.000000 
876 0.000006 0.000000 
877 0.000006 0.000000 
878 0.000006 0.000000 
879 0.000006 0.000000 
880 0.000005 0.000000 
881 0.000005 0.000000 
882 0.000005 0.000000 
883 0.000005 0.000000 
884 0.000004 0.000000 
885 0.000004 0.000000 
886 0.000004 0.000000 
887 0.000004 0.000000 
888 0.000004 0.000000 
889 0.000004 0.000000 
890 0.000003 0.000000 
891 0.000003 0.000000 
892 0.000003 0.000000 
893 0.000003 0.000000 
894 0.000003 0.000000 
895 0.000003 0.000000 
896 0.000003 0.000000 
897 0.000003 0.000000 
898 0.000002 0.000000 
899 0.000002 0.000000 
900 0.000002 0.000000 
901 0.000002 0.000000 
902 0.000002 0.000000 
903 0.000002 0.000000 
904 0.000002 0.000000 
905 0.000002 0.000000 
906 0.000002 0.000000 
907 0.000002 0.000000 
908 0.000002 0.000000 
909 0.000001 0.000000 
910 0.000001 0.000000 
911 0.000001 0.000000 
912 0.000001 0.000000 
913 0.000001 0.000000 
914 0.000001 0.000000 
915 0.000001 0.000000 
916 0.000001 0.000000 
917 0.000001 0.000000 
918 0.000001 0.000000 
919 0.000001 0.000000 
920 0.000001 0.000000 
921 0.000001 0.000000 
922 0.000001 0.000000 
923 0.000001 0.000000 
924 0.000001 0.000000 
925 0.000001 0.000000 
926 0.000001 0.000000 
927 0.000001 0.000000 
928 0.000001 0.000000 
929 0.000001 0.000000 
930 0.000001 0.000000 
931 0.000001 0.000000 
932 0.000001 0.000000 
933 0.000000 0.000000 
934 0.000000 0.000000 
935 0.000000 0.000000 
936 0.000000 0.000000 
937 0.000000 0.000000 
938 0.000000 0.000000 
939 0.000000 0.000000 
940 0.000000 0.000000 
941 0.000000 0.000000 
942 0.000000 0.000000 
943 0.000000 0.000000 
944 0.000000 0.000000 
945 0.000000 0.000000 
946 0.000000 0.000000 
947 0.000000 0.000000 
948 0.000000 0.000000 
949 0.000000 0.000000 
950 0.000000 0.000000 
951 0.000000 0.000000 
952 0.000000 0.000000 
953 0.000000 0.000000 
954 0.000000 0.000000 
955 0.000000 0.000000 
956 0.000000 0.000000 
957 0.000000 0.000000 
958 0.000000 0.000000 
959 0.000000 0.000000 
960 0.000000 0.000000 
961 0.000000 0.000000 
962 0.000000 0.000000 
963 0.000000 0.000000 
964 0.000000 0.000000 
965 0.000000 0.000000 
966 0.000000 0.000000 
967 0.000000 0.000000 
968 0.000000 0.000000 
969 0.000000 0.000000 
970 0.000000 0.000000 
971 0.000000 0.000000 
972 0.000000 0.000000 
973 0.000000 0.000000 
974 0.000000 0.000000 
975 0.000000 0.000000 
976 0.000000 0.000000 
977 0.000000 0.000000 
978 0.000000 0.000000 
979 0.000000 0.000000 
980 0.000000 0.000000 
981 0.000000 0.000000 
982 0.000000 0.000000 
983 0.000000 0.000000 
984 0.000000 0.000000 
985 0.000000 0.000000 
986 0.000000 0.000000 
987 0.000000 0.000000 
988 0.000000 0.000000 
989 0.000000 0.000000 
990 0.000000 0.000000 
991 0.000000 0.000000 
992 0.000000 0.000000 
993 0.000000 0.000000 
994 0.000000 0.000000 
995 0.000000 0.000000 
996 0.000000 0.000000 
997 0.000000 0.000000 
998 0.000000 0.000000 
999 0.000000 0.000000 
1000 0.000000 0.000000 
1001 0.000000 0.000000 
1002 0.000000 0.000000 
1003 0.000000 0.000000 
1004 0.000000 0.000000 
1005 0.000000 0.000000 
1006 0.000000 0.000000 
1007 0.000000 0.000000 
1008 0.000000 0.000000 
1009 0.000000 0.000000 
1010 0.000000 0.000000 
1011 0.000000 0.000000 
1012 0.000000 0.000000 
1013 0.000000 0.000000 
1014 0.000000 0.000000 
1015 0.000000 0.000000 
1016 0.000000 0.000000 
1017 0.000000 0.000000 
1018 0.000000 0.000000 
1019 0.000000 0.000000 
1020 0.000000 0.000000 
1021 0.000000 0.000000 
1022 0.000000 0.000000 
1023 0.000000 0.000000 
1024 0.000000 0.000000 
1025 0.000000 0.000000 
1026 0.000000 0.000000 
1027 0.000000 0.000000 
1028 0.000000 0.000000 
1029 0.000000 0.000000 
1030 0.000000 0.000000 
1031 0.000000 0.000000 
1032 0.000000 0.000000 
1033 0.000000 0.000000 
1034 0.000000 0.000000 
1035 0.000000 0.000000 
1036 0.000000 0.000000 
1037 0.000000 0.000000 
1038 0.000000 0.000000 
1039 0.000000 0.000000 
1040 0.000000 0.000000 
1041 0.000000 0.000000 
1042 0.000000 0.000000 
1043 0.000000 0.000000 
1044 0.000000 0.000000 
1045 0.000000 0.000000 
1046 0.000000 0.000000 
1047 0.000000 0.000000 
1048 0.000000 0.000000 
1049 0.000000 0.000000 
1050 0.000000 0.000000 
1051 0.000000 0.000000 
1052 0.000000 0.000000 
1053 0.000000 0.000000 
1054 0.000000 0.000000 
1055 0.000000 0.000000 
1056 0.000000 0.000000 
1057 0.000000 0.000000 
1058 0.000000 0.000000 
1059 0.000000 0.000000 
1060 0.000000 0.000000 
1061 0.000000 0.000000 
1062 0.000000 0.000000 
1063 0.000000 0.000000 
1064 0.000000 0.000000 
1065 0.000000 0.000000 
1066 0.000000 0.000000 
1067 0.000000 0.000000 
1068 0.000000 0.000000 
1069 0.000000 0.000000 
1070 0.000000 0.000000 
1071 0.000000 0.000000 
1072 0.000000 0.000000 
1073 0.000000 0.000000 
1074 0.000000 0.000000 
1075 0.000000 0.000000 
1076 0.000000 0.000000 
1077 0.000000 0.000000 
1078 0.000000 0.000000 
1079 0.000000 0.000000 
1080 0.000000 0.000000 
1081 0.000000 0.000000 
1082 0.000000 0.000000 
1083 0.000000 0.000000 
1084 0.000000 0.000000 
1085 0.000000 0.000000 
1086 0.000000 0.000000 
1087 0.000000 0.000000 
1088 0.000000 0.000000 
1089 0.000000 0.000000 
1090 0.000000 0.000000 
1091 0.000000 0.000000 
1092 0.000000 0.000000 
1093 0.000000 0.000000 
1094 0.000000 0.000000 
1095 0.000000 0.000000 
1096 0.000000 0.000000 
1097 0.000000 0.000000 
1098 0.000000 0.000000 
1099 0.000000 0.000000 
1100 0.000000 0.000000 
1101 0.000000 0.000000 
1102 0.000000 0.000000 
1103 0.000000 0.000000 
1104 0.000000 0.000000 
1105 0.000000 0.000000 
1106 0.000000 0.000000 
1107 0.000000 0.000000 
1108 0.000000 0.000000 
1109 0.000000 0.000000 
1110 0.000000 0.000000 
1111 0.000000 0.000000 
1112 0.000000 0.000000 
1113 0.000000 0.000000 
1114 0.000000 0.000000 
1115 0.000000 0.000000 
1116 0.000000 0.000000 
1117 0.000000 0.000000 
1118 0.000000 0.000000 
1119 0.000000 0.000000 
1120 0.000000 0.000000 
1121 0.000000 0.000000 
1122 0.000000 0.000000 
1123 0.000000 0.000000 
1124 0.000000 0.000000 
1125 0.000000 0.000000 
1126 0.000000 0.000000 
1127 0.000000 0.000000 
1128 0.000000 0.000000 
1129 0.000000 0.000000 
1130 0.000000 0.000000 
1131 0.000000 0.000000 
1132 0.000000 0.000000 
1133 0.000000 0.000000 
1134 0.000000 0.000000 
1135 0.000000 0.000000 
1136 0.000000 0.000000 
1137 0.000000 0.000000 
1138 0.000000 0.000000 
1139 0.000000 0.000000 
1140 0.000000 0.000000 
1141 0.000000 0.000000 
1142 0.000000 0.000000 
1143 0.000000 0.000000 
1144 0.000000 0.000000 
1145 0.000000 0.000000 
1146 0.000000 0.000000 
1147 0.000000 0.000000 
1148 0.000000 0.000000 
1149 0.000000 0.000000 
1150 0.000000 0.000000 
1151 0.000000 0.000000 
1152 0.000000 0.000000 
1153 0.000000 0.000000 
1154 0.000000 0.000000 
1155 0.000000 0.000000 
1156 0.000000 0.000000 
1157 0.000000 0.000000 
1158 0.000000 0.000000 
1159 0.000000 0.000000 
1160 0.000000 0.000000 
1161 0.000000 0.000000 
1162 0.000000 0.000000 
1163 0.000000 0.000000 
1164 0.000000 0.000000 
1165 0.000000 0.000000 
1166 0.000000 0.000000 
1167 0.000000 0.000000 
1168 0.000000 0.000000 
1169 0.000000 0.000000 
1170 0.000000 0.000000 
1171 0.000000 0.000000 
1172 0.000000 0.000000 
1173 0.000000 0.000000 
1174 0.000000 0.000000 
1175 0.000000 0.000000 
1176 0.000000 0.000000 
1177 0.000000 0.000000 
1178 0.000000 0.000000 
1179 0.000000 0.000000 
1180 0.000000 0.000000 
1181 0.000000 0.000000 
1182 0.000000 0.000000 
1183 0.000000 0.000000 
1184 0.000000 0.000000 
1185 0.000000 0.000000 
1186 0.000000 0.000000 
1187 0.000000 0.000000 
1188 0.000000 0.000000 
1189 0.000000 0.000000 
1190 0.000000 0.000000 
1191 0.000000 0.000000 
1192 0.000000 0.000000 
1193 0.000000 0.000000 
1194 0.000000 0.000000 
1195 0.000000 0.000000 
1196 0.000000 0.000000 
1197 0.000000 0.000000 
1198 0.000000 0.000000 
1199 0.000000 0.000000 
1200 0.000000 0.000000 
1201 0.000000 0.000000 
1202 0.000000 0.000000 
1203 0.000000 0.000000 
1204 0.000000 0.000000 
1205 0.000000 0.000000 
1206 0.000000 0.000000 
1207 0.000000 0.000000 
1208 0.000000 0.000000 
1209 0.000000 0.000000 
1210 0.000000 0.000000 
1211 0.000000 0.000000 
1212 0.000000 0.000000 
1213 0.000000 0.000000 
1214 0.000000 0.000000 
1215 0.000000 0.000000 
1216 0.000000 0.000000 
1217 0.000000 0.000000 
1218 0.000000 0.000000 
1219 0.000000 0.000000 
1220 0.000000 0.000000 
1221 0.000000 0.000000 
1222 0.000000 0.000000 
1223 0.000000 0.000000 
1224 0.000000 0.000000 
1225 0.000000 0.000000 
1226 0.000000 0.000000 
1227 0.000000 0.000000 
1228 0.000000 0.000000 
1229 0.000000 0.000000 
1230 0.000000 0.000000 
1231 0.000000 0.000000 
1232 0.000000 0.000000 
1233 0.000000 0.000000 
1234 0.000000 0.000000 
1235 0.000000 0.000000 
1236 0.000000 0.000000 
1237 0.000000 0.000000 
1238 0.000000 0.000000 
1239 0.000000 0.000000 
1240 0.000000 0.000000 
1241 0.000000 0.000000 
1242 0.000000 0.000000 
1243 0.000000 0.000000 
1244 0.000000 0.000000 
1245 0.000000 0.000000 
1246 0.000000 0.000000 
1247 0.000000 0.000000 
1248 0.000000 0.000000 
1249 0.000000 0.000000 
1250 0.000000 0.000000 
1251 0.000000 0.000000 
1252 0.000000 0.000000 
1253 0.000000 0.000000 
1254 0.000000 0.000000 
1255 0.000000 0.000000 
1256 0.000000 0.000000 
1257 0.000000 0.000000 
1258 0.000000 0.000000 
1259 0.000000 0.000000 
1260 0.000000 0.000000 
1261 0.000000 0.000000 
1262 0.000000 0.000000 
1263 0.000000 0.000000 
1264 0.000000 0.000000 
1265 0.000000 0.000000 
1266 0.000000 0.000000 
1267 0.000000 0.000000 
1268 0.000000 0.000000 
1269 0.000000 0.000000 
1270 0.000000 0.000000 
1271 0.000000 0.000000 
1272 0.000000 0.000000 
1273 0.000000 0.000000 
1274 0.000000 0.000000 
1275 0.000000 0.000000 
1276 0.000000 0.000000 
1277 0.000000 0.000000 
1278 0.000000 0.000000 
1279 0.000000 0.000000 
1280 0.000000 0.000000 
1281 0.000000 0.000000 
1282 0.000000 0.000000 
1283 0.000000 0.000000 
1284 0.000000 0.000000 
1285 0.000000 0.000000 
1286 0.000000 0.000000 
1287 0.000000 0.000000 
1288 0.000000 0.000000 
1289 0.000000 0.000000 
1290 0.000000 0.000000 
1291 0.000000 0.000000 
1292 0.000000 0.000000 
1293 0.000000 0.000000 
1294 0.000000 0.000000 
1295 0.000000 0.000000 
1296 0.000000 0.000000 
1297 0.000000 0.000000 
1298 0.000000 0.000000 
1299 0.000000 0.000000 
1300 0.000000 0.000000 
1301 0.000000 0.000000 
1302 0.000000 0.000000 
1303 0.000000 0.000000 
1304 0.000000 0.000000 
1305 0.000000 0.000000 
1306 0.000000 0.000000 
1307 0.000000 0.000000 
1308 0.000000 0.000000 
1309 0.000000 0.000000 
1310 0.000000 0.000000 
1311 0.000000 0.000000 
1312 0.000000 0.000000 
1313 0.000000 0.000000 
1314 0.000000 0.000000 
1315 0.000000 0.000000 
1316 0.000000 0.000000 
1317 0.000000 0.000000 
1318 0.000000 0.000000 
1319 0.000000 0.000000 
1320 0.000000 0.000000 
1321 0.000000 0.000000 
1322 0.000000 0.000000 
1323 0.000000 0.000000 
1324 0.000000 0.000000 
1325 0.000000 0.000000 
1326 0.000000 0.000000 
1327 0.000000 0.000000 
1328 0.000000 0.000000 
1329 0.000000 0.000000 
1330 0.000000 0.000000 
1331 0.000000 0.000000 
1332 0.000000 0.000000 
1333 0.000000 0.000000 
1334 0.000000 0.000000 
1335 0.000000 0.000000 
1336 0.000000 0.000000 
1337 0.000000 0.000000 
1338 0.000000 0.000000 
1339 0.000000 0.000000 
1340 0.000000 0.000000 
1341 0.000000 0.000000 
1342 0.000000 0.000000 
1343 0.000000 0.000000 
1344 0.000000 0.000000 
1345 0.000000 0.000000 
1346 0.000000 0.000000 
1347 0.000000 0.000000 
1348 0.000000 0.000000 
1349 0.000000 0.000000 
1350 0.000000 0.000000 
1351 0.000000 0.000000 
1352 0.000000 0.000000 
1353 0.000000 0.000000 
1354 0.000000 0.000000 
1355 0.000000 0.000000 
1356 0.000000 0.000000 
1357 0.000000 0.000000 
1358 0.000000 0.000000 
1359 0.000000 0.000000 
1360 0.000000 0.000000 
1361 0.000000 0.000000 
1362 0.000000 0.000000 
1363 0.000000 0.000000 
1364 0.000000 0.000000 
1365 0.000000 0.000000 
1366 0.000000 0.000000 
1367 0.000000 0.000000 
1368 0.000000 0.000000 
1369 0.000000 0.000000 
1370 0.000000 0.000000 
1371 0.000000 0.000000 
1372 0.000000 0.000000 
1373 0.000000 0.000000 
1374 0.000000 0.000000 
1375 0.000000 0.000000 
1376 0.000000 0.000000 
1377 0.000000 0.000000 
1378 0.000000 0.000000 
1379 0.000000 0.000000 
1380 0.000000 0.000000 
1381 0.000000 0.000000 
1382 0.000000 0.000000 
1383 0.000000 0.000000 
1384 0.000000 0.000000 
1385 0.000000 0.000000 
1386 0.000000 0.000000 
1387 0.000000 0.000000 
1388 0.000000 0.000000 
1389 0.000000 0.000000 
1390 0.000000 0.000000 
1391 0.000000 0.000000 
1392 0.000000 0.000000 
1393 0.000000 0.000000 
1394 0.000000 0.000000 
1395 0.000000 0.000000 
1396 0.000000 0.000000 
1397 0.000000 0.000000 
1398 0.000000 0.000000 
1399 0.000000 0.000000 
1400 0.000000 0.000000 
1401 0.000000 0.000000 
1402 0.000000 0.000000 
1403 0.000000 0.000000 
1404 0.000000 0.000000 
1405 0.000000 0.000000 
1406 0.000000 0.000000 
1407 0.000000 0.000000 
1408 0.000000 0.000000 
1409 0.000000 0.000000 
1410 0.000000 0.000000 
1411 0.000000 0.000000 
1412 0.000000 0.000000 
1413 0.000000 0.000000 
1414 0.000000 0.000000 
1415 0.000000 0.000000 
1416 0.000000 0.000000 
1417 0.000000 0.000000 
1418 0.000000 0.000000 
1419 0.000000 0.000000 
1420 0.000000 0.000000 
1421 0.000000 0.000000 
1422 0.000000 0.000000 
1423 0.000000 0.000000 
1424 0.000000 0.000000 
1425 0.000000 0.000000 
1426 0.000000 0.000000 
1427 0.000000 0.000000 
1428 0.000000 0.000000 
1429 0.000000 0.000000 
1430 0.000000 0.000000 
1431 0.000000 0.000000 
1432 0.000000 0.000000 
1433 0.000000 0.000000 
1434 0.000000 0.000000 
1435 0.000000 0.000000 
1436 0.000000 0.000000 
1437 0.000000 0.000000 
1438 0.000000 0.000000 
1439 0.000000 0.000000 
1440 0.000000 0.000000 
1441 0.000000 0.000000 
1442 0.000000 0.000000 
1443 0.000000 0.000000 
1444 0.000000 0.000000 
1445 0.000000 0.000000 
1446 0.000000 0.000000 
1447 0.000000 0.000000 
1448 0.000000 0.000000 
1449 0.000000 0.000000 
1450 0.000000 0.000000 
1451 0.000000 0.000000 
1452 0.000000 0.000000 
1453 0.000000 0.000000 
1454 0.000000 0.000000 
1455 0.000000 0.000000 
1456 0.000000 0.000000 
1457 0.000000 0.000000 
1458 0.000000 0.000000 
1459 0.000000 0.000000 
1460 0.000000 0.000000 
1461 0.000000 0.000000 
1462 0.000000 0.000000 
1463 0.000000 0.000000 
1464 0.000000 0.000000 
1465 0.000000 0.000000 
1466 0.000000 0.000000 
1467 0.000000 0.000000 
1468 0.000000 0.000000 
1469 0.000000 0.000000 
1470 0.000000 0.000000 
1471 0.000000 0.000000 
1472 0.000000 0.000000 
1473 0.000000 0.000000 
1474 0.000000 0.000000 
1475 0.000000 0.000000 
1476 0.000000 0.000000 
1477 0.000000 0.000000 
1478 0.000000 0.000000 
1479 0.000000 0.000000 
1480 0.000000 0.000000 
1481 0.000000 0.000000 
1482 0.000000 0.000000 
1483 0.000000 0.000000 
1484 0.000000 0.000000 
1485 0.000000 0.000000 
1486 0.000000 0.000000 
1487 0.000000 0.000000 
1488 0.000000 0.000000 
1489 0.000000 0.000000 
1490 0.000000 0.000000 
1491 0.000000 0.000000 
1492 0.000000 0.000000 
1493 0.000000 0.000000 
1494 0.000000 0.000000 
1495 0.000000 0.000000 
1496 0.000000 0.000000 
1497 0.000000 0.000000 
1498 0.000000 0.000000 
1499 0.000000 0.000000 
1500 0.000000 0.000000 
1501 0.000000 0.000000 
1502 0.000000 0.000000 
1503 0.000000 0.000000 
1504 0.000000 0.000000 
1505 0.000000 0.000000 
1506 0.000000 0.000000 
1507 0.000000 0.000000 
1508 0.000000 0.000000 
1509 0.000000 0.000000 
1510 0.000000 0.000000 
1511 0.000000 0.000000 
1512 0.000000 0.000000 
1513 0.000000 0.000000 
1514 0.000000 0.000000 
1515 0.000000 0.000000 
1516 0.000000 0.000000 
1517 0.000000 0.000000 
1518 0.000000 0.000000 
1519 0.000000 0.000000 
1520 0.000000 0.000000 
1521 0.000000 0.000000 
1522 0.000000 0.000000 
1523 0.000000 0.000000 
1524 0.000000 0.000000 
1525 0.000000 0.000000 
1526 0.000000 0.000000 
1527 0.000000 0.000000 
1528 0.000000 0.000000 
1529 0.000000 0.000000 
1530 0.000000 0.000000 
1531 0.000000 0.000000 
1532 0.000000 0.000000 
1533 0.000000 0.000000 
1534 0.000000 0.000000 
1535 0.000000 0.000000 
1536 0.000000 0.000000 
1537 0.000000 0.000000 
1538 0.000000 0.000000 
1539 0.000000 0.000000 
1540 0.000000 0.000000 
1541 0.000000 0.000000 
1542 0.000000 0.000000 
1543 0.000000 0.000000 
1544 0.000000 0.000000 
1545 0.000000 0.000000 
1546 0.000000 0.000000 
1547 0.000000 0.000000 
1548 0.000000 0.000000 
1549 0.000000 0.000000 
1550 0.000000 0.000000 
1551 0.000000 0.000000 
1552 0.000000 0.000000 
1553 0.000000 0.000000 
1554 0.000000 0.000000 
1555 0.000000 0.000000 
1556 0.000000 0.000000 
1557 0.000000 0.000000 
1558 0.000000 0.000000 
1559 0.000000 0.000000 
1560 0.000000 0.000000 
1561 0.000000 0.000000 
1562 0.000000 0.000000 
1563 0.000000 0.000000 
1564 0.000000 0.000000 
1565 0.000000 0.000000 
1566 0.000000 0.000000 
1567 0.000000 0.000000 
1568 0.000000 0.000000 
1569 0.000000 0.000000 
1570 0.000000 0.000000 
1571 0.000000 0.000000 
1572 0.000000 0.000000 
1573 0.000000 0.000000 
1574 0.000000 0.000000 
1575 0.000000 0.000000 
1576 0.000000 0.000000 
1577 0.000000 0.000000 
1578 0.000000 0.000000 
1579 0.000000 0.000000 
1580 0.000000 0.000000 
1581 0.000000 0.000000 
1582 0.000000 0.000000 
1583 0.000000 0.000000 
1584 0.000000 0.000000 
1585 0.000000 0.000000 
1586 0.000000 0.000000 
1587 0.000000 0.000000 
1588 0.000000 0.000000 
1589 0.000000 0.000000 
1590 0.000000 0.000000 
1591 0.000000 0.000000 
1592 0.000000 0.000000 
1593 0.000000 0.000000 
1594 0.000000 0.000000 
1595 0.000000 0.000000 
1596 0.000000 0.000000 
1597 0.000000 0.000000 
1598 0.000000 0.000000 
1599 0.000000 0.000000 
1600 0.000000 0.000000 
1601 0.000000 0.000000 
1602 0.000000 0.000000 
1603 0.000000 0.000000 
1604 0.000000 0.000000 
1605 0.000000 0.000000 
1606 0.000000 0.000000 
1607 0.000000 0.000000 
1608 0.000000 0.000000 
1609 0.000000 0.000000 
1610 0.000000 0.000000 
1611 0.000000 0.000000 
1612 0.000000 0.000000 
1613 0.000000 0.000000 
1614 0.000000 0.000000 
1615 0.000000 0.000000 
1616 0.000000 0.000000 
1617 0.000000 0.000000 
1618 0.000000 0.000000 
1619 0.000000 0.000000 
1620 0.000000 0.000000 
1621 0.000000 0.000000 
1622 0.000000 0.000000 
1623 0.000000 0.000000 
1624 0.000000 0.000000 
1625 0.000000 0.000000 
1626 0.000000 0.000000 
1627 0.000000 0.000000 
1628 0.000000 0.000000 
1629 0.000000 0.000000 
1630 0.000000 0.000000 
1631 0.000000 0.000000 
1632 0.000000 0.000000 
1633 0.000000 0.000000 
1634 0.000000 0.000000 
1635 0.000000 0.000000 
1636 0.000000 0.000000 
1637 0.000000 0.000000 
1638 0.000000 0.000000 
1639 0.000000 0.000000 
1640 0.000000 0.000000 
1641 0.000000 0.000000 
1642 0.000000 0.000000 
1643 0.000000 0.000000 
1644 0.000000 0.000000 
1645 0.000000 0.000000 
1646 0.000000 0.000000 
1647 0.000000 0.000000 
1648 0.000000 0.000000 
1649 0.000000 0.000000 
1650 0.000000 0.000000 
1651 0.000000 0.000000 
1652 0.000000 0.000000 
1653 0.000000 0.000000 
1654 0.000000 0.000000 
1655 0.000000 0.000000 
1656 0.000000 0.000000 
1657 0.000000 0.000000 
1658 0.000000 0.000000 
1659 0.000000 0.000000 
1660 0.000000 0.000000 
1661 0.000000 0.000000 
1662 0.000000 0.000000 
1663 0.000000 0.000000 
1664 0.000000 0.000000 
1665 0.000000 0.000000 
1666 0.000000 0.000000 
1667 0.000000 0.000000 
1668 0.000000 0.000000 
1669 0.000000 0.000000 
1670 0.000000 0.000000 
1671 0.000000 0.000000 
1672 0.000000 0.000000 
1673 0.000000 0.000000 
1674 0.000000 0.000000 
1675 0.000000 0.000000 
1676 0.000000 0.000000 
1677 0.000000 0.000000 
1678 0.000000 0.000000 
1679 0.000000 0.000000 
1680 0.000000 0.000000 
1681 0.000000 0.000000 
1682 0.000000 0.000000 
1683 0.000000 0.000000 
1684 0.000000 0.000000 
1685 0.000000 0.000000 
1686 0.000000 0.000000 
1687 0.000000 0.000000 
1688 0.000000 0.000000 
1689 0.000000 0.000000 
1690 0.000000 0.000000 
1691 0.000000 0.000000 
1692 0.000000 0.000000 
1693 0.000000 0.000000 
1694 0.000000 0.000000 
1695 0.000000 0.000000 
1696 0.000000 0.000000 
1697 0.000000 0.000000 
1698 0.000000 0.000000 
1699 0.000000 0.000000 
1700 0.000000 0.000000 
1701 0.000000 0.000000 
1702 0.000000 0.000000 
1703 0.000000 0.000000 
1704 0.000000 0.000000 
1705 0.000000 0.000000 
1706 0.000000 0.000000 
1707 0.000000 0.000000 
1708 0.000000 0.000000 
1709 0.000000 0.000000 
1710 0.000000 0.000000 
1711 0.000000 0.000000 
1712 0.000000 0.000000 
1713 0.000000 0.000000 
1714 0.000000 0.000000 
1715 0.000000 0.000000 
1716 0.000000 0.000000 
1717 0.000000 0.000000 
1718 0.000000 0.000000 
1719 0.000000 0.000000 
1720 0.000000 0.000000 
1721 0.000000 0.000000 
1722 0.000000 0.000000 
1723 0.000000 0.000000 
1724 0.000000 0.000000 
1725 0.000000 0.000000 
1726 0.000000 0.000000 
1727 0.000000 0.000000 
1728 0.000000 0.000000 
1729 0.000000 0.000000 
1730 0.000000 0.000000 
1731 0.000000 0.000000 
1732 0.000000 0.000000 
1733 0.000000 0.000000 
1734 0.000000 0.000000 
1735 0.000000 0.000000 
1736 0.000000 0.000000 
1737 0.000000 0.000000 
1738 0.000000 0.000000 
1739 0.000000 0.000000 
1740 0.000000 0.000000 
1741 0.000000 0.000000 
1742 0.000000 0.000000 
1743 0.000000 0.000000 
1744 0.000000 0.000000 
1745 0.000000 0.000000 
1746 0.000000 0.000000 
1747 0.000000 0.000000 
1748 0.000000 0.000000 
1749 0.000000 0.000000 
1750 0.000000 0.000000 
1751 0.000000 0.000000 
1752 0.000000 0.000000 
1753 0.000000 0.000000 
1754 0.000000 0.000000 
1755 0.000000 0.000000 
1756 0.000000 0.000000 
1757 0.000000 0.000000 
1758 0.000000 0.000000 
1759 0.000000 0.000000 
1760 0.000000 0.000000 
1761 0.000000 0.000000 
1762 0.000000 0.000000 
1763 0.000000 0.000000 
1764 0.000000 0.000000 
1765 0.000000 0.000000 
1766 0.000000 0.000000 
1767 0.000000 0.000000 
1768 0.000000 0.000000 
1769 0.000000 0.000000 
1770 0.000000 0.000000 
1771 0.000000 0.000000 
1772 0.000000 0.000000 
1773 0.000000 0.000000 
1774 0.000000 0.000000 
1775 0.000000 0.000000 
1776 0.000000 0.000000 
1777 0.000000 0.000000 
1778 0.000000 0.000000 
1779 0.000000 0.000000 
1780 0.000000 0.000000 
1781 0.000000 0.000000 
1782 0.000000 0.000000 
1783 0.000000 0.000000 
1784 0.000000 0.000000 
1785 0.000000 0.000000 
1786 0.000000 0.000000 
1787 0.000000 0.000000 
1788 0.000000 0.000000 
1789 0.000000 0.000000 
1790 0.000000 0.000000 
1791 0.000000 0.000000 
1792 0.000000 0.000000 
1793 0.000000 0.000000 
1794 0.000000 0.000000 
1795 0.000000 0.000000 
1796 0.000000 0.000000 
1797 0.000000 0.000000 
1798 0.000000 0.000000 
1799 0.000000 0.000000 
1800 0.000000 0.000000 
1801 0.000000 0.000000 
1802 0.000000 0.000000 
1803 0.000000 0.000000 
1804 0.000000 0.000000 
1805 0.000000 0.000000 
1806 0.000000 0.000000 
1807 0.000000 0.000000 
1808 0.000000 0.000000 
1809 0.000000 0.000000 
1810 0.000000 0.000000 
1811 0.000000 0.000000 
1812 0.000000 0.000000 
1813 0.000000 0.000000 
1814 0.000000 0.000000 
1815 0.000000 0.000000 
1816 0.000000 0.000000 
1817 0.000000 0.000000 
1818 0.000000 0.000000 
1819 0.000000 0.000000 
1820 0.000000 0.000000 
1821 0.000000 0.000000 
1822 0.000000 0.000000 
1823 0.000000 0.000000 
1824 0.000000 0.000000 
1825 0.000000 0.000000 
1826 0.000000 0.000000 
1827 0.000000 0.000000 
1828 0.000000 0.000000 
1829 0.000000 0.000000 
1830 0.000000 0.000000 
1831 0.000000 0.000000 
1832 0.000000 0.000000 
1833 0.000000 0.000000 
1834 0.000000 0.000000 
1835 0.000000 0.000000 
1836 0.000000 0.000000 
1837 0.000000 0.000000 
1838 0.000000 0.000000 
1839 0.000000 0.000000 
1840 0.000000 0.000000 
1841 0.000000 0.000000 
1842 0.000000 0.000000 
1843 0.000000 0.000000 
1844 0.000000 0.000000 
1845 0.000000 0.000000 
1846 0.000000 0.000000 
1847 0.000000 0.000000 
1848 0.000000 0.000000 
1849 0.000000 0.000000 
1850 0.000000 0.000000 
1851 0.000000 0.000000 
1852 0.000000 0.000000 
1853 0.000000 0.000000 
1854 0.000000 0.000000 
1855 0.000000 0.000000 
1856 0.000000 0.000000 
1857 0.000000 0.000000 
1858 0.000000 0.000000 
1859 0.000000 0.000000 
1860 0.000000 0.000000 
1861 0.000000 0.000000 
1862 0.000000 0.000000 
1863 0.000000 0.000000 
1864 0.000000 0.000000 
1865 0.000000 0.000000 
1866 0.000000 0.000000 
1867 0.000000 0.000000 
1868 0.000000 0.000000 
1869 0.000000 0.000000 
1870 0.000000 0.000000 
1871 0.000000 0.000000 
1872 0.000000 0.000000 
1873 0.000000 0.000000 
1874 0.000000 0.000000 
1875 0.000000 0.000000 
1876 0.000000 0.000000 
1877 0.000000 0.000000 
1878 0.000000 0.000000 
1879 0.000000 0.000000 
1880 0.000000 0.000000 
1881 0.000000 0.000000 
1882 0.000000 0.000000 
1883 0.000000 0.000000 
1884 0.000000 0.000000 
1885 0.000000 0.000000 
1886 0.000000 0.000000 
1887 0.000000 0.000000 
1888 0.000000 0.000000 
1889 0.000000 0.000000 
1890 0.000000 0.000000 
1891 0.000000 0.000000 
1892 0.000000 0.000000 
1893 0.000000 0.000000 
1894 0.000000 0.000000 
1895 0.000000 0.000000 
1896 0.000000 0.000000 
1897 0.000000 0.000000 
1898 0.000000 0.000000 
1899 0.000000 0.000000 
1900 0.000000 0.000000 
1901 0.000000 0.000000 
1902 0.000000 0.000000 
1903 0.000000 0.000000 
1904 0.000000 0.000000 
1905 0.000000 0.000000 
1906 0.000000 0.000000 
1907 0.000000 0.000000 
1908 0.000000 0.000000 
1909 0.000000 0.000000 
1910 0.000000 0.000000 
1911 0.000000 0.000000 
1912 0.000000 0.000000 
1913 0.000000 0.000000 
1914 0.000000 0.000000 
1915 0.000000 0.000000 
1916 0.000000 0.000000 
1917 0.000000 0.000000 
1918 0.000000 0.000000 
1919 0.000000 0.000000 
1920 0.000000 0.000000 
1921 0.000000 0.000000 
1922 0.000000 0.000000 
1923 0.000000 0.000000 
1924 0.000000 0.000000 
1925 0.000000 0.000000 
1926 0.000000 0.000000 
1927 0.000000 0.000000 
1928 0.000000 0.000000 
1929 0.000000 0.000000 
1930 0.000000 0.000000 
1931 0.000000 0.000000 
1932 0.000000 0.000000 
1933 0.000000 0.000000 
1934 0.000000 0.000000 
1935 0.000000 0.000000 
1936 0.000000 0.000000 
1937 0.000000 0.000000 
1938 0.000000 0.000000 
1939 0.000000 0.000000 
1940 0.000000 0.000000 
1941 0.000000 0.000000 
1942 0.000000 0.000000 
1943 0.000000 0.000000 
1944 0.000000 0.000000 
1945 0.000000 0.000000 
1946 0.000000 0.000000 
1947 0.000000 0.000000 
1948 0.000000 0.000000 
1949 0.000000 0.000000 
1950 0.000000 0.000000 
1951 0.000000 0.000000 
1952 0.000000 0.000000 
1953 0.000000 0.000000 
1954 0.000000 0.000000 
1955 0.000000 0.000000 
1956 0.000000 0.000000 
1957 0.000000 0.000000 
1958 0.000000 0.000000 
1959 0.000000 0.000000 
1960 0.000000 0.000000 
1961 0.000000 0.000000 
1962 0.000000 0.000000 
1963 0.000000 0.000000 
1964 0.000000 0.000000 
1965 0.000000 0.000000 
1966 0.000000 0.000000 
1967 0.000000 0.000000 
1968 0.000000 0.000000 
1969 0.000000 0.000000 
1970 0.000000 0.000000 
1971 0.000000 0.000000 
1972 0.000000 0.000000 
1973 0.000000 0.000000 
1974 0.000000 0.000000 
1975 0.000000 0.000000 
1976 0.000000 0.000000 
1977 0.000000 0.000000 
1978 0.000000 0.000000 
1979 0.000000 0.000000 
1980 0.000000 0.000000 
1981 0.000000 0.000000 
1982 0.000000 0.000000 
1983 0.000000 0.000000 
1984 0.000000 0.000000 
1985 0.000000 0.000000 
1986 0.000000 0.000000 
1987 0.000000 0.000000 
1988 0.000000 0.000000 
1989 0.000000 0.000000 
1990 0.000000 0.000000 
1991 0.000000 0.000000 
1992 0.000000 0.000000 
1993 0.000000 0.000000 
1994 0.000000 0.000000 
1995 0.000000 0.000000 
1996 0.000000 0.000000 
1997 0.000000 0.000000 
1998 0.000000 0.000000 
1999 0.000000 0.000000 
2000 0.000000 0.000000 
2001 0.000000 0.000000 
2002 0.000000 0.000000 
2003 0.000000 0.000000 
2004 0.000000 0.000000 
2005 0.000000 0.000000 
2006 0.000000 0.000000 
2007 0.000000 0.000000 
2008 0.000000 0.000000 
2009 0.000000 0.000000 
2010 0.000000 0.000000 
2011 0.000000 0.000000 
2012 0.000000 0.000000 
2013 0.000000 0.000000 
2014 0.000000 0.000000 
2015 0.000000 0.000000 
2016 0.000000 0.000000 
2017 0.000000 0.000000 
2018 0.000000 0.000000 
2019 0.000000 0.000000 
2020 0.000000 0.000000 
2021 0.000000 0.000000 
2022 0.000000 0.000000 
2023 0.000000 0.000000 
2024 0.000000 0.000000 
2025 0.000000 0.000000 
2026 0.000000 0.000000 
2027 0.000000 0.000000 
2028 0.000000 0.000000 
2029 0.000000 0.000000 
2030 0.000000 0.000000 
2031 0.000000 0.000000 
2032 0.000000 0.000000 
2033 0.000000 0.000000 
2034 0.000000 0.000000 
2035 0.000000 0.000000 
2036 0.000000 0.000000 
2037 0.000000 0.000000 
2038 0.000000 0.000000 
2039 0.000000 0.000000 
2040 0.000000 0.000000 
2041 0.000000 0.000000 
2042 0.000000 0.000000 
2043 0.000000 0.000000 
2044 0.000000 0.000000 
2045 0.000000 0.000000 
2046 0.000000 0.000000 
2047 0.000000 0.000000 
2048 0.000000 0.000000 
2049 0.000000 0.000000 
2050 0.000000 0.000000 
2051 0.000000 0.000000 
2052 0.000000 0.000000 
2053 0.000000 0.000000 
2054 0.000000 0.000000 
2055 0.000000 0.000000 
2056 0.000000 0.000000 
2057 0.000000 0.000000 
2058 0.000000 0.000000 
2059 0.000000 0.000000 
2060 0.000000 0.000000 
2061 0.000000 0.000000 
2062 0.000000 0.000000 
2063 0.000000 0.000000 
2064 0.000000 0.000000 
2065 0.000000 0.000000 
2066 0.000000 0.000000 
2067 0.000000 0.000000 
2068 0.000000 0.000000 
2069 0.000000 0.000000 
2070 0.000000 0.000000 
2071 0.000000 0.000000 
2072 0.000000 0.000000 
2073 0.000000 0.000000 
2074 0.000000 0.000000 
2075 0.000000 0.000000 
2076 0.000000 0.000000 
2077 0.000000 0.000000 
2078 0.000000 0.000000 
2079 0.000000 0.000000 
2080 0.000000 0.000000 
2081 0.000000 0.000000 
2082 0.000000 0.000000 
2083 0.000000 0.000000 
2084 0.000000 0.000000 
2085 0.000000 0.000000 
2086 0.000000 0.000000 
2087 0.000000 0.000000 
2088 0.000000 0.000000 
2089 0.000000 0.000000 
2090 0.000000 0.000000 
2091 0.000000 0.000000 
2092 0.000000 0.000000 
2093 0.000000 0.000000 
2094 0.000000 0.000000 
2095 0.000000 0.000000 
2096 0.000000 0.000000 
2097 0.000000 0.000000 
2098 0.000000 0.000000 
2099 0.000000 0.000000 
2100 0.000000 0.000000 
2101 0.000000 0.000000 
2102 0.000000 0.000000 
2103 0.000000 0.000000 
2104 0.000000 0.000000 
2105 0.000000 0.000000 
2106 0.000000 0.000000 
2107 0.000000 0.000000 
2108 0.000000 0.000000 
2109 0.000000 0.000000 
2110 0.000000 0.000000 
2111 0.000000 0.000000 
2112 0.000000 0.000000 
2113 0.000000 0.000000 
2114 0.000000 0.000000 
2115 0.000000 0.000000 
2116 0.000000 0.000000 
2117 0.000000 0.000000 
2118 0.000000 0.000000 
2119 0.000000 0.000000 
2120 0.000000 0.000000 
2121 0.000000 0.000000 
2122 0.000000 0.000000 
2123 0.000000 0.000000 
2124 0.000000 0.000000 
2125 0.000000 0.000000 
2126 0.000000 0.000000 
2127 0.000000 0.000000 
2128 0.000000 0.000000 
2129 0.000000 0.000000 
2130 0.000000 0.000000 
2131 0.000000 0.000000 
2132 0.000000 0.000000 
2133 0.000000 0.000000 
2134 0.000000 0.000000 
2135 0.000000 0.000000 
2136 0.000000 0.000000 
2137 0.000000 0.000000 
2138 0.000000 0.000000 
2139 0.000000 0.000000 
2140 0.000000 0.000000 
2141 0.000000 0.000000 
2142 0.000000 0.000000 
2143 0.000000 0.000000 
2144 0.000000 0.000000 
2145 0.000000 0.000000 
2146 0.000000 0.000000 
2147 0.000000 0.000000 
2148 0.000000 0.000000 
2149 0.000000 0.000000 
2150 0.000000 0.000000 
2151 0.000000 0.000000 
2152 0.000000 0.000000 
2153 0.000000 0.000000 
2154 0.000000 0.000000 
2155 0.000000 0.000000 
2156 0.000000 0.000000 
2157 0.000000 0.000000 
2158 0.000000 0.000000 
2159 0.000000 0.000000 
2160 0.000000 0.000000 
2161 0.000000 0.000000 
2162 0.000000 0.000000 
2163 0.000000 0.000000 
2164 0.000000 0.000000 
2165 0.000000 0.000000 
2166 0.000000 0.000000 
2167 0.000000 0.000000 
2168 0.000000 0.000000 
2169 0.000000 0.000000 
2170 0.000000 0.000000 
2171 0.000000 0.000000 
2172 0.000000 0.000000 
2173 0.000000 0.000000 
2174 0.000000 0.000000 
2175 0.000000 0.000000 
2176 0.000000 0.000000 
2177 0.000000 0.000000 
2178 0.000000 0.000000 
2179 0.000000 0.000000 
2180 0.000000 0.000000 
2181 0.000000 0.000000 
2182 0.000000 0.000000 
2183 0.000000 0.000000 
2184 0.000000 0.000000 
2185 0.000000 0.000000 
2186 0.000000 0.000000 
2187 0.000000 0.000000 
2188 0.000000 0.000000 
2189 0.000000 0.000000 
2190 0.000000 0.000000 
2191 0.000000 0.000000 
2192 0.000000 0.000000 
2193 0.000000 0.000000 
2194 0.000000 0.000000 
2195 0.000000 0.000000 
2196 0.000000 0.000000 
2197 0.000000 0.000000 
2198 0.000000 0.000000 
2199 0.000000 0.000000 
2200 0.000000 0.000000 
2201 0.000000 0.000000 
2202 0.000000 0.000000 
2203 0.000000 0.000000 
2204 0.000000 0.000000 
2205 0.000000 0.000000 
2206 0.000000 0.000000 
2207 0.000000 0.000000 
2208 0.000000 0.000000 
2209 0.000000 0.000000 
2210 0.000000 0.000000 
2211 0.000000 0.000000 
2212 0.000000 0.000000 
2213 0.000000 0.000000 
2214 0.000000 0.000000 
2215 0.000000 0.000000 
2216 0.000000 0.000000 
2217 0.000000 0.000000 
2218 0.000000 0.000000 
2219 0.000000 0.000000 
2220 0.000000 0.000000 
2221 0.000000 0.000000 
2222 0.000000 0.000000 
2223 0.000000 0.000000 
2224 0.000000 0.000000 
2225 0.000000 0.000000 
2226 0.000000 0.000000 
2227 0.000000 0.000000 
2228 0.000000 0.000000 
2229 0.000000 0.000000 
2230 0.000000 0.000000 
2231 0.000000 0.000000 
2232 0.000000 0.000000 
2233 0.000000 0.000000 
2234 0.000000 0.000000 
2235 0.000000 0.000000 
2236 0.000000 0.000000 
2237 0.000000 0.000000 
2238 0.000000 0.000000 
2239 0.000000 0.000000 
2240 0.000000 0.000000 
2241 0.000000 0.000000 
2242 0.000000 0.000000 
2243 0.000000 0.000000 
2244 0.000000 0.000000 
2245 0.000000 0.000000 
2246 0.000000 0.000000 
2247 0.000000 0.000000 
2248 0.000000 0.000000 
2249 0.000000 0.000000 
2250 0.000000 0.000000 
2251 0.000000 0.000000 
2252 0.000000 0.000000 
2253 0.000000 0.000000 
2254 0.000000 0.000000 
2255 0.000000 0.000000 
2256 0.000000 0.000000 
2257 0.000000 0.000000 
2258 0.000000 0.000000 
2259 0.000000 0.000000 
2260 0.000000 0.000000 
2261 0.000000 0.000000 
2262 0.000000 0.000000 
2263 0.000000 0.000000 
2264 0.000000 0.000000 
2265 0.000000 0.000000 
2266 0.000000 0.000000 
2267 0.000000 0.000000 
2268 0.000000 0.000000 
2269 0.000000 0.000000 
2270 0.000000 0.000000 
2271 0.000000 0.000000 
2272 0.000000 0.000000 
2273 0.000000 0.000000 
2274 0.000000 0.000000 
2275 0.000000 0.000000 
2276 0.000000 0.000000 
2277 0.000000 0.000000 
2278 0.000000 0.000000 
2279 0.000000 0.000000 
2280 0.000000 0.000000 
2281 0.000000 0.000000 
2282 0.000000 0.000000 
2283 0.000000 0.000000 
2284 0.000000 0.000000 
2285 0.000000 0.000000 
2286 0.000000 0.000000 
2287 0.000000 0.000000 
2288 0.000000 0.000000 
2289 0.000000 0.000000 
2290 0.000000 0.000000 
2291 0.000000 0.000000 
2292 0.000000 0.000000 
2293 0.000000 0.000000 
2294 0.000000 0.000000 
2295 0.000000 0.000000 
2296 0.000000 0.000000 
2297 0.000000 0.000000 
2298 0.000000 0.000000 
2299 0.000000 0.000000 
2300 0.000000 0.000000 
2301 0.000000 0.000000 
2302 0.000000 0.000000 
2303 0.000000 0.000000 
2304 0.000000 0.000000 
2305 0.000000 0.000000 
2306 0.000000 0.000000 
2307 0.000000 0.000000 
2308 0.000000 0.000000 
2309 0.000000 0.000000 
2310 0.000000 0.000000 
2311 0.000000 0.000000 
2312 0.000000 0.000000 
2313 0.000000 0.000000 
2314 0.000000 0.000000 
2315 0.000000 0.000000 
2316 0.000000 0.000000 
2317 0.000000 0.000000 
2318 0.000000 0.000000 
2319 0.000000 0.000000 
2320 0.000000 0.000000 
2321 0.000000 0.000000 
2322 0.000000 0.000000 
2323 0.000000 0.000000 
2324 0.000000 0.000000 
2325 0.000000 0.000000 
2326 0.000000 0.000000 
2327 0.000000 0.000000 
2328 0.000000 0.000000 
2329 0.000000 0.000000 
2330 0.000000 0.000000 
2331 0.000000 0.000000 
2332 0.000000 0.000000 
2333 0.000000 0.000000 
2334 0.000000 0.000000 
2335 0.000000 0.000000 
2336 0.000000 0.000000 
2337 0.000000 0.000000 
2338 0.000000 0.000000 
2339 0.000000 0.000000 
2340 0.000000 0.000000 
2341 0.000000 0.000000 
2342 0.000000 0.000000 
2343 0.000000 0.000000 
2344 0.000000 0.000000 
2345 0.000000 0.000000 
2346 0.000000 0.000000 
2347 0.000000 0.000000 
2348 0.000000 0.000000 
2349 0.000000 0.000000 
2350 0.000000 0.000000 
2351 0.000000 0.000000 
2352 0.000000 0.000000 
2353 0.000000 0.000000 
2354 0.000000 0.000000 
2355 0.000000 0.000000 
2356 0.000000 0.000000 
2357 0.000000 0.000000 
2358 0.000000 0.000000 
2359 0.000000 0.000000 
2360 0.000000 0.000000 
2361 0.000000 0.000000 
2362 0.000000 0.000000 
2363 0.000000 0.000000 
2364 0.000000 0.000000 
2365 0.000000 0.000000 
2366 0.000000 0.000000 
2367 0.000000 0.000000 
2368 0.000000 0.000000 
2369 0.000000 0.000000 
2370 0.000000 0.000000 
2371 0.000000 0.000000 
2372 0.000000 0.000000 
2373 0.000000 0.000000 
2374 0.000000 0.000000 
2375 0.000000 0.000000 
2376 0.000000 0.000000 
2377 0.000000 0.000000 
2378 0.000000 0.000000 
2379 0.000000 0.000000 
2380 0.000000 0.000000 
2381 0.000000 0.000000 
2382 0.000000 0.000000 
2383 0.000000 0.000000 
2384 0.000000 0.000000 
2385 0.000000 0.000000 
2386 0.000000 0.000000 
2387 0.000000 0.000000 
2388 0.000000 0.000000 
2389 0.000000 0.000000 
2390 0.000000 0.000000 
2391 0.000000 0.000000 
2392 0.000000 0.000000 
2393 0.000000 0.000000 
2394 0.000000 0.000000 
2395 0.000000 0.000000 
2396 0.000000 0.000000 
2397 0.000000 0.000000 
2398 0.000000 0.000000 
2399 0.000000 0.000000 
2400 0.000000 0.000000 
2401 0.000000 0.000000 
2402 0.000000 0.000000 
2403 0.000000 0.000000 
2404 0.000000 0.000000 
2405 0.000000 0.000000 
2406 0.000000 0.000000 
2407 0.000000 0.000000 
2408 0.000000 0.000000 
2409 0.000000 0.000000 
2410 0.000000 0.000000 
2411 0.000000 0.000000 
2412 0.000000 0.000000 
2413 0.000000 0.000000 
2414 0.000000 0.000000 
2415 0.000000 0.000000 
2416 0.000000 0.000000 
2417 0.000000 0.000000 
2418 0.000000 0.000000 
2419 0.000000 0.000000 
2420 0.000000 0.000000 
2421 0.000000 0.000000 
2422 0.000000 0.000000 
2423 0.000000 0.000000 
2424 0.000000 0.000000 
2425 0.000000 0.000000 
2426 0.000000 0.000000 
2427 0.000000 0.000000 
2428 0.000000 0.000000 
2429 0.000000 0.000000 
2430 0.000000 0.000000 
2431 0.000000 0.000000 
2432 0.000000 0.000000 
2433 0.000000 0.000000 
2434 0.000000 0.000000 
2435 0.000000 0.000000 
2436 0.000000 0.000000 
2437 0.000000 0.000000 
2438 0.000000 0.000000 
2439 0.000000 0.000000 
2440 0.000000 0.000000 
2441 0.000000 0.000000 
2442 0.000000 0.000000 
2443 0.000000 0.000000 
2444 0.000000 0.000000 
2445 0.000000 0.000000 
2446 0.000000 0.000000 
2447 0.000000 0.000000 
2448 0.000000 0.000000 
2449 0.000000 0.000000 
2450 0.000000 0.000000 
2451 0.000000 0.000000 
2452 0.000000 0.000000 
2453 0.000000 0.000000 
2454 0.000000 0.000000 
2455 0.000000 0.000000 
2456 0.000000 0.000000 
2457 0.000000 0.000000 
2458 0.000000 0.000000 
2459 0.000000 0.000000 
2460 0.000000 0.000000 
2461 0.000000 0.000000 
2462 0.000000 0.000000 
2463 0.000000 0.000000 
2464 0.000000 0.000000 
2465 0.000000 0.000000 
2466 0.000000 0.000000 
2467 0.000000 0.000000 
2468 0.000000 0.000000 
2469 0.000000 0.000000 
2470 0.000000 0.000000 
2471 0.000000 0.000000 
2472 0.000000 0.000000 
2473 0.000000 0.000000 
2474 0.000000 0.000000 
2475 0.000000 0.000000 
2476 0.000000 0.000000 
2477 0.000000 0.000000 
2478 0.000000 0.000000 
2479 0.000000 0.000000 
2480 0.000000 0.000000 
2481 0.000000 0.000000 
2482 0.000000 0.000000 
2483 0.000000 0.000000 
2484 0.000000 0.000000 
2485 0.000000 0.000000 
2486 0.000000 0.000000 
2487 0.000000 0.000000 
2488 0.000000 0.000000 
2489 0.000000 0.000000 
2490 0.000000 0.000000 
2491 0.000000 0.000000 
2492 0.000000 0.000000 
2493 0.000000 0.000000 
2494 0.000000 0.000000 
2495 0.000000 0.000000 
2496 0.000000 0.000000 
2497 0.000000 0.000000 
2498 0.000000 0.000000 
2499 0.000000 0.000000 
2500 0.000000 0.000000 
2501 0.000000 0.000000 
2502 0.000000 0.000000 
2503 0.000000 0.000000 
2504 0.000000 0.000000 
2505 0.000000 0.000000 
2506 0.000000 0.000000 
2507 0.000000 0.000000 
2508 0.000000 0.000000 
2509 0.000000 0.000000 
2510 0.000000 0.000000 
2511 0.000000 0.000000 
2512 0.000000 0.000000 
2513 0.000000 0.000000 
2514 0.000000 0.000000 
2515 0.000000 0.000000 
2516 0.000000 0.000000 
2517 0.000000 0.000000 
2518 0.000000 0.000000 
2519 0.000000 0.000000 
2520 0.000000 0.000000 
2521 0.000000 0.000000 
2522 0.000000 0.000000 
2523 0.000000 0.000000 
2524 0.000000 0.000000 
2525 0.000000 0.000000 
2526 0.000000 0.000000 
2527 0.000000 0.000000 
2528 0.000000 0.000000 
2529 0.000000 0.000000 
2530 0.000000 0.000000 
2531 0.000000 0.000000 
2532 0.000000 0.000000 
2533 0.000000 0.000000 
2534 0.000000 0.000000 
2535 0.000000 0.000000 
2536 0.000000 0.000000 
2537 0.000000 0.000000 
2538 0.000000 0.000000 
2539 0.000000 0.000000 
2540 0.000000 0.000000 
2541 0.000000 0.000000 
2542 0.000000 0.000000 
2543 0.000000 0.000000 
2544 0.000000 0.000000 
2545 0.000000 0.000000 
2546 0.000000 0.000000 
2547 0.000000 0.000000 
2548 0.000000 0.000000 
2549 0.000000 0.000000 
2550 0.000000 0.000000 
2551 0.000000 0.000000 
2552 0.000000 0.000000 
2553 0.000000 0.000000 
2554 0.000000 0.000000 
2555 0.000000 0.000000 
2556 0.000000 0.000000 
2557 0.000000 0.000000 
2558 0.000000 0.000000 
2559 0.000000 0.000000 
2560 0.000000 0.000000 
2561 0.000000 0.000000 
2562 0.000000 0.000000 
2563 0.000000 0.000000 
2564 0.000000 0.000000 
2565 0.000000 0.000000 
2566 0.000000 0.000000 
2567 0.000000 0.000000 
2568 0.000000 0.000000 
2569 0.000000 0.000000 
2570 0.000000 0.000000 
2571 0.000000 0.000000 
2572 0.000000 0.000000 
2573 0.000000 0.000000 
2574 0.000000 0.000000 
2575 0.000000 0.000000 
2576 0.000000 0.000000 
2577 0.000000 0.000000 
2578 0.000000 0.000000 
2579 0.000000 0.000000 
2580 0.000000 0.000000 
2581 0.000000 0.000000 
2582 0.000000 0.000000 
2583 0.000000 0.000000 
2584 0.000000 0.000000 
2585 0.000000 0.000000 
2586 0.000000 0.000000 
2587 0.000000 0.000000 
2588 0.000000 0.000000 
2589 0.000000 0.000000 
2590 0.000000 0.000000 
2591 0.000000 0.000000 
2592 0.000000 0.000000 
2593 0.000000 0.000000 
2594 0.000000 0.000000 
2595 0.000000 0.000000 
2596 0.000000 0.000000 
2597 0.000000 0.000000 
2598 0.000000 0.000000 
2599 0.000000 0.000000 
2600 0.000000 0.000000 
2601 0.000000 0.000000 
2602 0.000000 0.000000 
2603 0.000000 0.000000 
2604 0.000000 0.000000 
2605 0.000000 0.000000 
2606 0.000000 0.000000 
2607 0.000000 0.000000 
2608 0.000000 0.000000 
2609 0.000000 0.000000 
2610 0.000000 0.000000 
2611 0.000000 0.000000 
2612 0.000000 0.000000 
2613 0.000000 0.000000 
2614 0.000000 0.000000 
2615 0.000000 0.000000 
2616 0.000000 0.000000 
2617 0.000000 0.000000 
2618 0.000000 0.000000 
2619 0.000000 0.000000 
2620 0.000000 0.000000 
2621 0.000000 0.000000 
2622 0.000000 0.000000 
2623 0.000000 0.000000 
2624 0.000000 0.000000 
2625 0.000000 0.000000 
2626 0.000000 0.000000 
2627 0.000000 0.000000 
2628 0.000000 0.000000 
2629 0.000000 0.000000 
2630 0.000000 0.000000 
2631 0.000000 0.000000 
2632 0.000000 0.000000 
2633 0.000000 0.000000 
2634 0.000000 0.000000 
2635 0.000000 0.000000 
2636 0.000000 0.000000 
2637 0.000000 0.000000 
2638 0.000000 0.000000 
2639 0.000000 0.000000 
2640 0.000000 0.000000 
2641 0.000000 0.000000 
2642 0.000000 0.000000 
2643 0.000000 0.000000 
2644 0.000000 0.000000 
2645 0.000000 0.000000 
2646 0.000000 0.000000 
2647 0.000000 0.000000 
2648 0.000000 0.000000 
2649 0.000000 0.000000 
2650 0.000000 0.000000 
2651 0.000000 0.000000 
2652 0.000000 0.000000 
2653 0.000000 0.000000 
2654 0.000000 0.000000 
2655 0.000000 0.000000 
2656 0.000000 0.000000 
2657 0.000000 0.000000 
2658 0.000000 0.000000 
2659 0.000000 0.000000 
2660 0.000000 0.000000 
2661 0.000000 0.000000 
2662 0.000000 0.000000 
2663 0.000000 0.000000 
2664 0.000000 0.000000 
2665 0.000000 0.000000 
2666 0.000000 0.000000 
2667 0.000000 0.000000 
2668 0.000000 0.000000 
2669 0.000000 0.000000 
2670 0.000000 0.000000 
2671 0.000000 0.000000 
2672 0.000000 0.000000 
2673 0.000000 0.000000 
2674 0.000000 0.000000 
2675 0.000000 0.000000 
2676 0.000000 0.000000 
2677 0.000000 0.000000 
2678 0.000000 0.000000 
2679 0.000000 0.000000 
2680 0.000000 0.000000 
2681 0.000000 0.000000 
2682 0.000000 0.000000 
2683 0.000000 0.000000 
2684 0.000000 0.000000 
2685 0.000000 0.000000 
2686 0.000000 0.000000 
2687 0.000000 0.000000 
2688 0.000000 0.000000 
2689 0.000000 0.000000 
2690 0.000000 0.000000 
2691 0.000000 0.000000 
2692 0.000000 0.000000 
2693 0.000000 0.000000 
2694 0.000000 0.000000 
2695 0.000000 0.000000 
2696 0.000000 0.000000 
2697 0.000000 0.000000 
2698 0.000000 0.000000 
2699 0.000000 0.000000 
2700 0.000000 0.000000 
2701 0.000000 0.000000 
2702 0.000000 0.000000 
2703 0.000000 0.000000 
2704 0.000000 0.000000 
2705 0.000000 0.000000 
2706 0.000000 0.000000 
2707 0.000000 0.000000 
2708 0.000000 0.000000 
2709 0.000000 0.000000 
2710 0.000000 0.000000 
2711 0.000000 0.000000 
2712 0.000000 0.000000 
2713 0.000000 0.000000 
2714 0.000000 0.000000 
2715 0.000000 0.000000 
2716 0.000000 0.000000 
2717 0.000000 0.000000 
2718 0.000000 0.000000 
2719 0.000000 0.000000 
2720 0.000000 0.000000 
2721 0.000000 0.000000 
2722 0.000000 0.000000 
2723 0.000000 0.000000 
2724 0.000000 0.000000 
2725 0.000000 0.000000 
2726 0.000000 0.000000 
2727 0.000000 0.000000 
2728 0.000000 0.000000 
2729 0.000000 0.000000 
2730 0.000000 0.000000 
2731 0.000000 0.000000 
2732 0.000000 0.000000 
2733 0.000000 0.000000 
2734 0.000000 0.000000 
2735 0.000000 0.000000 
2736 0.000000 0.000000 
2737 0.000000 0.000000 
2738 0.000000 0.000000 
2739 0.000000 0.000000 
2740 0.000000 0.000000 
2741 0.000000 0.000000 
2742 0.000000 0.000000 
2743 0.000000 0.000000 
2744 0.000000 0.000000 
2745 0.000000 0.000000 
2746 0.000000 0.000000 
2747 0.000000 0.000000 
2748 0.000000 0.000000 
2749 0.000000 0.000000 
2750 0.000000 0.000000 
2751 0.000000 0.000000 
2752 0.000000 0.000000 
2753 0.000000 0.000000 
2754 0.000000 0.000000 
2755 0.000000 0.000000 
2756 0.000000 0.000000 
2757 0.000000 0.000000 
2758 0.000000 0.000000 
2759 0.000000 0.000000 
2760 0.000000 0.000000 
2761 0.000000 0.000000 
2762 0.000000 0.000000 
2763 0.000000 0.000000 
2764 0.000000 0.000000 
2765 0.000000 0.000000 
2766 0.000000 0.000000 
2767 0.000000 0.000000 
2768 0.000000 0.000000 
2769 0.000000 0.000000 
2770 0.000000 0.000000 
2771 0.000000 0.000000 
2772 0.000000 0.000000 
2773 0.000000 0.000000 
2774 0.000000 0.000000 
2775 0.000000 0.000000 
2776 0.000000 0.000000 
2777 0.000000 0.000000 
2778 0.000000 0.000000 
2779 0.000000 0.000000 
2780 0.000000 0.000000 
2781 0.000000 0.000000 
2782 0.000000 0.000000 
2783 0.000000 0.000000 
2784 0.000000 0.000000 
2785 0.000000 0.000000 
2786 0.000000 0.000000 
2787 0.000000 0.000000 
2788 0.000000 0.000000 
2789 0.000000 0.000000 
2790 0.000000 0.000000 
2791 0.000000 0.000000 
2792 0.000000 0.000000 
2793 0.000000 0.000000 
2794 0.000000 0.000000 
2795 0.000000 0.000000 
2796 0.000000 0.000000 
2797 0.000000 0.000000 
2798 0.000000 0.000000 
2799 0.000000 0.000000 
2800 0.000000 0.000000 
2801 0.000000 0.000000 
2802 0.000000 0.000000 
2803 0.000000 0.000000 
2804 0.000000 0.000000 
2805 0.000000 0.000000 
2806 0.000000 0.000000 
2807 0.000000 0.000000 
2808 0.000000 0.000000 
2809 0.000000 0.000000 
2810 0.000000 0.000000 
2811 0.000000 0.000000 
2812 0.000000 0.000000 
2813 0.000000 0.000000 
2814 0.000000 0.000000 
2815 0.000000 0.000000 
2816 0.000000 0.000000 
2817 0.000000 0.000000 
2818 0.000000 0.000000 
2819 0.000000 0.000000 
2820 0.000000 0.000000 
2821 0.000000 0.000000 
2822 0.000000 0.000000 
2823 0.000000 0.000000 
2824 0.000000 0.000000 
2825 0.000000 0.000000 
2826 0.000000 0.000000 
2827 0.000000 0.000000 
2828 0.000000 0.000000 
2829 0.000000 0.000000 
2830 0.000000 0.000000 
2831 0.000000 0.000000 
2832 0.000000 0.000000 
2833 0.000000 0.000000 
2834 0.000000 0.000000 
2835 0.000000 0.000000 
2836 0.000000 0.000000 
2837 0.000000 0.000000 
2838 0.000000 0.000000 
2839 0.000000 0.000000 
2840 0.000000 0.000000 
2841 0.000000 0.000000 
2842 0.000000 0.000000 
2843 0.000000 0.000000 
2844 0.000000 0.000000 
2845 0.000000 0.000000 
2846 0.000000 0.000000 
2847 0.000000 0.000000 
2848 0.000000 0.000000 
2849 0.000000 0.000000 
2850 0.000000 0.000000 
2851 0.000000 0.000000 
2852 0.000000 0.000000 
2853 0.000000 0.000000 
2854 0.000000 0.000000 
2855 0.000000 0.000000 
2856 0.000000 0.000000 
2857 0.000000 0.000000 
2858 0.000000 0.000000 
2859 0.000000 0.000000 
2860 0.000000 0.000000 
2861 0.000000 0.000000 
2862 0.000000 0.000000 
2863 0.000000 0.000000 
2864 0.000000 0.000000 
2865 0.000000 0.000000 
2866 0.000000 0.000000 
2867 0.000000 0.000000 
2868 0.000000 0.000000 
2869 0.000000 0.000000 
2870 0.000000 0.000000 
2871 0.000000 0.000000 
2872 0.000000 0.000000 
2873 0.000000 0.000000 
2874 0.000000 0.000000 
2875 0.000000 0.000000 
2876 0.000000 0.000000 
2877 0.000000 0.000000 
2878 0.000000 0.000000 
2879 0.000000 0.000000 
2880 0.000000 0.000000 
2881 0.000000 0.000000 
2882 0.000000 0.000000 
2883 0.000000 0.000000 
2884 0.000000 0.000000 
2885 0.000000 0.000000 
2886 0.000000 0.000000 
2887 0.000000 0.000000 
2888 0.000000 0.000000 
2889 0.000000 0.000000 
2890 0.000000 0.000000 
2891 0.000000 0.000000 
2892 0.000000 0.000000 
2893 0.000000 0.000000 
2894 0.000000 0.000000 
2895 0.000000 0.000000 
2896 0.000000 0.000000 
2897 0.000000 0.000000 
2898 0.000000 0.000000 
2899 0.000000 0.000000 
2900 0.000000 0.000000 
2901 0.000000 0.000000 
2902 0.000000 0.000000 
2903 0.000000 0.000000 
2904 0.000000 0.000000 
2905 0.000000 0.000000 
2906 0.000000 0.000000 
2907 0.000000 0.000000 
2908 0.000000 0.000000 
2909 0.000000 0.000000 
2910 0.000000 0.000000 
2911 0.000000 0.000000 
2912 0.000000 0.000000 
2913 0.000000 0.000000 
2914 0.000000 0.000000 
2915 0.000000 0.000000 
2916 0.000000 0.000000 
2917 0.000000 0.000000 
2918 0.000000 0.000000 
2919 0.000000 0.000000 
2920 0.000000 0.000000 
2921 0.000000 0.000000 
2922 0.000000 0.000000 
2923 0.000000 0.000000 
2924 0.000000 0.000000 
2925 0.000000 0.000000 
2926 0.000000 0.000000 
2927 0.000000 0.000000 
2928 0.000000 0.000000 
2929 0.000000 0.000000 
2930 0.000000 0.000000 
2931 0.000000 0.000000 
2932 0.000000 0.000000 
2933 0.000000 0.000000 
2934 0.000000 0.000000 
2935 0.000000 0.000000 
2936 0.000000 0.000000 
2937 0.000000 0.000000 
2938 0.000000 0.000000 
2939 0.000000 0.000000 
2940 0.000000 0.000000 
2941 0.000000 0.000000 
2942 0.000000 0.000000 
2943 0.000000 0.000000 
2944 0.000000 0.000000 
2945 0.000000 0.000000 
2946 0.000000 0.000000 
2947 0.000000 0.000000 
2948 0.000000 0.000000 
2949 0.000000 0.000000 
2950 0.000000 0.000000 
2951 0.000000 0.000000 
2952 0.000000 0.000000 
2953 0.000000 0.000000 
2954 0.000000 0.000000 
2955 0.000000 0.000000 
2956 0.000000 0.000000 
2957 0.000000 0.000000 
2958 0.000000 0.000000 
2959 0.000000 0.000000 
2960 0.000000 0.000000 
2961 0.000000 0.000000 
2962 0.000000 0.000000 
2963 0.000000 0.000000 
2964 0.000000 0.000000 
2965 0.000000 0.000000 
2966 0.000000 0.000000 
2967 0.000000 0.000000 
2968 0.000000 0.000000 
2969 0.000000 0.000000 
2970 0.000000 0.000000 
2971 0.000000 0.000000 
2972 0.000000 0.000000 
2973 0.000000 0.000000 
2974 0.000000 0.000000 
2975 0.000000 0.000000 
2976 0.000000 0.000000 
2977 0.000000 0.000000 
2978 0.000000 0.000000 
2979 0.000000 0.000000 
2980 0.000000 0.000000 
2981 0.000000 0.000000 
2982 0.000000 0.000000 
2983 0.000000 0.000000 
2984 0.000000 0.000000 
2985 0.000000 0.000000 
2986 0.000000 0.000000 
2987 0.000000 0.000000 
2988 0.000000 0.000000 
2989 0.000000 0.000000 
2990 0.000000 0.000000 
2991 0.000000 0.000000 
2992 0.000000 0.000000 
2993 0.000000 0.000000 
2994 0.000000 0.000000 
2995 0.000000 0.000000 
2996 0.000000 0.000000 
2997 0.000000 0.000000 
2998 0.000000 0.000000 
2999 0.000000 0.000000 
3000 0.000000 0.000000 
3001 0.000000 0.000000 
3002 0.000000 0.000000 
3003 0.000000 0.000000 
3004 0.000000 0.000000 
3005 0.000000 0.000000 
3006 0.000000 0.000000 
3007 0.000000 0.000000 
3008 0.000000 0.000000 
3009 0.000000 0.000000 
3010 0.000000 0.000000 
3011 0.000000 0.000000 
3012 0.000000 0.000000 
3013 0.000000 0.000000 
3014 0.000000 0.000000 
3015 0.000000 0.000000 
3016 0.000000 0.000000 
3017 0.000000 0.000000 
3018 0.000000 0.000000 
3019 0.000000 0.000000 
3020 0.000000 0.000000 
3021 0.000000 0.000000 
3022 0.000000 0.000000 
3023 0.000000 0.000000 
3024 0.000000 0.000000 
3025 0.000000 0.000000 
3026 0.000000 0.000000 
3027 0.000000 0.000000 
3028 0.000000 0.000000 
3029 0.000000 0.000000 
3030 0.000000 0.000000 
3031 0.000000 0.000000 
3032 0.000000 0.000000 
3033 0.000000 0.000000 
3034 0.000000 0.000000 
3035 0.000000 0.000000 
3036 0.000000 0.000000 
3037 0.000000 0.000000 
3038 0.000000 0.000000 
3039 0.000000 0.000000 
3040 0.000000 0.000000 
3041 0.000000 0.000000 
3042 0.000000 0.000000 
3043 0.000000 0.000000 
3044 0.000000 0.000000 
3045 0.000000 0.000000 
3046 0.000000 0.000000 
3047 0.000000 0.000000 
3048 0.000000 0.000000 
3049 0.000000 0.000000 
3050 0.000000 0.000000 
3051 0.000000 0.000000 
3052 0.000000 0.000000 
3053 0.000000 0.000000 
3054 0.000000 0.000000 
3055 0.000000 0.000000 
3056 0.000000 0.000000 
3057 0.000000 0.000000 
3058 0.000000 0.000000 
3059 0.000000 0.000000 
3060 0.000000 0.000000 
3061 0.000000 0.000000 
3062 0.000000 0.000000 
3063 0.000000 0.000000 
3064 0.000000 0.000000 
3065 0.000000 0.000000 
3066 0.000000 0.000000 
3067 0.000000 0.000000 
3068 0.000000 0.000001 
3069 0.000000 0.000001 
3070 0.000000 0.000001 
3071 0.000000 0.000001 
3072 0.000000 0.000001 
3073 0.000000 0.000001 
3074 0.000000 0.000001 
3075 0.000000 0.000001 
3076 0.000000 0.000001 
3077 0.000000 0.000001 
3078 0.000000 0.000001 
3079 0.000000 0.000001 
3080 0.000000 0.000001 
3081 0.000000 0.000001 
3082 0.000000 0.000001 
3083 0.000000 0.000001 
3084 0.000000 0.000001 
3085 0.000000 0.000001 
3086 0.000000 0.000001 
3087 0.000000 0.000001 
3088 0.000000 0.000001 
3089 0.000000 0.000001 
3090 0.000000 0.000001 
3091 0.000000 0.000001 
3092 0.000000 0.000002 
3093 0.000000 0.000002 
3094 0.000000 0.000002 
3095 0.000000 0.000002 
3096 0.000000 0.000002 
3097 0.000000 0.000002 
3098 0.000000 0.000002 
3099 0.000000 0.000002 
3100 0.000000 0.000002 
3101 0.000000 0.000002 
3102 0.000000 0.000002 
3103 0.000000 0.000003 
3104 0.000000 0.000003 
3105 0.000000 0.000003 
3106 0.000000 0.000003 
3107 0.000000 0.000003 
3108 0.000000 0.000003 
3109 0.000000 0.000003 
3110 0.000000 0.000003 
3111 0.000000 0.000004 
3112 0.000000 0.000004 
3113 0.000000 0.000004 
3114 0.000000 0.000004 
3115 0.000000 0.000004 
3116 0.000000 0.000004 
3117 0.000000 0.000005 
3118 0.000000 0.000005 
3119 0.000000 0.000005 
3120 0.000000 0.000005 
3121 0.000000 0.000006 
3122 0.000000 0.000006 
3123 0.000000 0.000006 
3124 0.000000 0.000006 
3125 0.000000 0.000007 
3126 0.000000 0.000007 
3127 0.000000 0.000007 
3128 0.000000 0.000007 
3129 0.000000 0.000008 
3130 0.000000 0.000008 
3131 0.000000 0.000009 
3132 0.000000 0.000009 
3133 0.000000 0.000009 
3134 0.000000 0.000010 
3135 0.000000 0.000010 
3136 0.000000 0.000011 
3137 0.000000 0.000011 
3138 0.000000 0.000011 
3139 0.000000 0.000012 
3140 0.000000 0.000012 
3141 0.000000 0.000013 
3142 0.000000 0.000014 
3143 0.000000 0.000014 
3144 0.000000 0.000015 
3145 0.000000 0.000015 
3146 0.000000 0.000016 
3147 0.000000 0.000017 
3148 0.000000 0.000017 
3149 0.000000 0.000018 
3150 0.000000 0.000019 
3151 0.000000 0.000020 
3152 0.000000 0.000021 
3153 0.000000 0.000021 
3154 0.000000 0.000022 
3155 0.000000 0.000023 
3156 0.000000 0.000024 
3157 0.000000 0.000025 
3158 0.000000 0.000026 
3159 0.000000 0.000027 
3160 0.000000 0.000028 
3161 0.000000 0.000030 
3162 0.000000 0.000031 
3163 0.000000 0.000032 
3164 0.000000 0.000033 
3165 0.000000 0.000035 
3166 0.000000 0.000036 
3167 0.000000 0.000038 
3168 0.000000 0.000039 
3169 0.000000 0.000041 
3170 0.000000 0.000043 
3171 0.000000 0.000044 
3172 0.000000 0.000046 
3173 0.000000 0.000048 
3174 0.000000 0.000050 
3175 0.000000 0.000052 
3176 0.000000 0.000054 
3177 0.000000 0.000056 
3178 0.000000 0.000059 
3179 0.000000 0.000061 
3180 0.000000 0.000063 
3181 0.000000 0.000066 
3182 0.000000 0.000069 
3183 0.000000 0.000071 
3184 0.000000 0.000074 
3185 0.000000 0.000077 
3186 0.000000 0.000080 
3187 0.000000 0.000083 
3188 0.000000 0.000087 
3189 0.000000 0.000090 
3190 0.000000 0.000094 
3191 0.000000 0.000097 
3192 0.000000 0.000101 
3193 0.000000 0.000105 
3194 0.000000 0.000109 
3195 0.000000 0.000114 
3196 0.000000 0.000118 
3197 0.000000 0.000123 
3198 0.000000 0.000127 
3199 0.000000 0.000132 
3200 0.000000 0.000138 
3201 0.000000 0.000143 
3202 0.000000 0.000148 
3203 0.000000 0.000154 
3204 0.000000 0.000160 
3205 0.000000 0.000166 
3206 0.000000 0.000173 
3207 0.000000 0.000179 
3208 0.000000 0.000186 
3209 0.000000 0.000193 
3210 0.000000 0.000201 
3211 0.000000 0.000208 
3212 0.000000 0.000216 
3213 0.000000 0.000225 
3214 0.000000 0.000233 
3215 0.000000 0.000242 
3216 0.000000 0.000251 
3217 0.000000 0.000261 
3218 0.000000 0.000271 
3219 0.000000 0.000281 
3220 0.000000 0.000291 
3221 0.000000 0.000302 
3222 0.000000 0.000313 
3223 0.000000 0.000325 
3224 0.000000 0.000337 
3225 0.000000 0.000350 
3226 0.000000 0.000363 
3227 0.000000 0.000376 
3228 0.000000 0.000390 
3229 0.000000 0.000405 
3230 0.000000 0.000420 
3231 0.000000 0.000435 
3232 0.000000 0.000451 
3233 0.000000 0.000468 
3234 0.000000 0.000485 
3235 0.000000 0.000503 
3236 0.000000 0.000521 
3237 0.000000 0.000540 
3238 0.000000 0.000560 
3239 0.000000 0.000580 
3240 0.000000 0.000601 
3241 0.000000 0.000623 
3242 0.000000 0.000645 
3243 0.000000 0.000668 
3244 0.000000 0.000692 
3245 0.000000 0.000717 
3246 0.000000 0.000743 
3247 0.000000 0.000770 
3248 0.000000 0.000797 
3249 0.000000 0.000826 
3250 0.000000 0.000855 
3251 0.000000 0.000885 
3252 0.000000 0.000917 
3253 0.000000 0.000949 
3254 0.000000 0.000983 
3255 0.000000 0.001017 
3256 0.000000 0.001053 
3257 0.000000 0.001090 
3258 0.000000 0.001128 
3259 0.000000 0.001168 
3260 0.000000 0.001209 
3261 0.000000 0.001251 
3262 0.000000 0.001294 
3263 0.000000 0.001339 
3264 0.000000 0.001386 
3265 0.000000 0.001434 
3266 0.000000 0.001483 
3267 0.000000 0.001535 
3268 0.000000 0.001587 
3269 0.000000 0.001642 
3270 0.000000 0.001698 
3271 0.000000 0.001756 
3272 0.000000 0.001816 
3273 0.000000 0.001878 
3274 0.000000 0.001942 
3275 0.000000 0.002008 
3276 0.000000 0.002076 
3277 0.000000 0.002146 
3278 0.000000 0.002219 
3279 0.000000 0.002293 
3280 0.000000 0.002370 
3281 0.000000 0.002450 
3282 0.000000 0.002532 
3283 0.000000 0.002617 
3284 0.000000 0.002704 
3285 0.000000 0.002794 
3286 0.000000 0.002887 
3287 0.000000 0.002983 
3288 0.000000 0.003081 
3289 0.000000 0.003183 
3290 0.000000 0.003288 
3291 0.000000 0.003396 
3292 0.000000 0.003508 
3293 0.000000 0.003623 
3294 0.000000 0.003741 
3295 0.000000 0.003863 
3296 0.000000 0.003989 
3297 0.000000 0.004119 
3298 0.000000 0.004252 
3299 0.000000 0.004390 
3300 0.000000 0.004532 
3301 0.000000 0.004678 
3302 0.000000 0.004829 
3303 0.000000 0.004984 
3304 0.000000 0.005143 
3305 0.000000 0.005308 
3306 0.000000 0.005477 
3307 0.000000 0.005652 
3308 0.000000 0.005831 
3309 0.000000 0.006016 
3310 0.000000 0.006207 
3311 0.000000 0.006403 
3312 0.000000 0.006605 
3313 0.000000 0.006812 
3314 0.000000 0.007026 
3315 0.000000 0.007246 
3316 0.000000 0.007473 
3317 0.000000 0.007706 
3318 0.000000 0.007946 
3319 0.000000 0.008192 
3320 0.000000 0.008446 
3321 0.000000 0.008708 
3322 0.000000 0.008976 
3323 0.000000 0.009253 
3324 0.000000 0.009537 
3325 0.000000 0.009830 
3326 0.000000 0.010131 
3327 0.000000 0.010440 
3328 0.000000 0.010758 
3329 0.000000 0.011085 
3330 0.000000 0.011422 
3331 0.000000 0.011768 
3332 0.000000 0.012123 
3333 0.000000 0.012488 
3334 0.000000 0.012864 
3335 0.000000 0.013250 
3336 0.000000 0.013647 
3337 0.000000 0.014055 
3338 0.000000 0.014474 
3339 0.000000 0.014905 
3340 0.000000 0.015347 
3341 0.000000 0.015802 
3342 0.000000 0.016269 
3343 0.000000 0.016749 
3344 0.000000 0.017241 
3345 0.000000 0.017748 
3346 0.000000 0.018267 
3347 0.000000 0.018801 
3348 0.000000 0.019350 
3349 0.000000 0.019913 
3350 0.000000 0.020491 
3351 0.000000 0.021084 
3352 0.000000 0.021694 
3353 0.000000 0.022319 
3354 0.000000 0.022962 
3355 0.000000 0.023621 
3356 0.000000 0.024297 
3357 0.000000 0.024992 
3358 0.000000 0.025704 
3359 0.000000 0.026435 
3360 0.000000 0.027185 
3361 0.000000 0.027955 
3362 0.000000 0.028745 
3363 0.000000 0.029555 
3364 0.000000 0.030386 
3365 0.000000 0.031238 
3366 0.000000 0.032113 
3367 0.000000 0.033009 
3368 0.000000 0.033929 
3369 0.000000 0.034872 
3370 0.000000 0.035838 
3371 0.000000 0.036830 
3372 0.000000 0.037846 
3373 0.000000 0.038888 
3374 0.000000 0.039956 
3375 0.000000 0.041051 
3376 0.000000 0.042173 
3377 0.000000 0.043323 
3378 0.000000 0.044501 
3379 0.000000 0.045709 
3380 0.000000 0.046946 
3381 0.000000 0.048214 
3382 0.000000 0.049513 
3383 0.000000 0.050844 
3384 0.000000 0.052207 
3385 0.000000 0.053603 
3386 0.000000 0.055034 
3387 0.000000 0.056498 
3388 0.000000 0.057998 
3389 0.000000 0.059534 
3390 0.000000 0.061107 
3391 0.000000 0.062718 
3392 0.000000 0.064367 
3393 0.000000 0.066054 
3394 0.000000 0.067782 
3395 0.000000 0.069551 
3396 0.000000 0.071361 
3397 0.000000 0.073214 
3398 0.000000 0.075110 
3399 0.000000 0.077051 
3400 0.000000 0.079036 
3401 0.000000 0.081067 
3402 0.000000 0.083146 
3403 0.000000 0.085272 
3404 0.000000 0.087447 
3405 0.000000 0.089672 
3406 0.000000 0.091947 
3407 0.000000 0.094274 
3408 0.000000 0.096655 
3409 0.000000 0.099088 
3410 0.000000 0.101577 
3411 0.000000 0.104122 
3412 0.000000 0.106723 
3413 0.000000 0.109383 
3414 0.000000 0.112101 
3415 0.000000 0.114880 
3416 0.000000 0.117721 
3417 0.000000 0.120624 
3418 0.000000 0.123590 
3419 0.000000 0.126622 
3420 0.000000 0.129720 
3421 0.000000 0.132885 
3422 0.000000 0.136119 
3423 0.000000 0.139422 
3424 0.000000 0.142797 
3425 0.000000 0.146244 
3426 0.000000 0.149764 
3427 0.000000 0.153360 
3428 0.000000 0.157032 
3429 0.000000 0.160781 
3430 0.000000 0.164610 
3431 0.000000 0.168519 
3432 0.000000 0.172511 
3433 0.000000 0.176585 
3434 0.000000 0.180744 
3435 0.000000 0.184989 
3436 0.000000 0.189322 
3437 0.000000 0.193745 
3438 0.000000 0.198258 
3439 0.000000 0.202863 
3440 0.000000 0.207562 
3441 0.000000 0.212356 
3442 0.000000 0.217247 
3443 0.000000 0.222237 
3444 0.000000 0.227327 
3445 0.000000 0.232518 
3446 0.000000 0.237813 
3447 0.000000 0.243214 
3448 0.000000 0.248721 
3449 0.000000 0.254336 
3450 0.000000 0.260062 
3451 0.000000 0.265900 
3452 0.000000 0.271852 
3453 0.000000 0.277919 
3454 0.000000 0.284103 
3455 0.000000 0.290407 
3456 0.000000 0.296832 
3457 0.000000 0.303379 
3458 0.000000 0.310051 
3459 0.000000 0.316850 
3460 0.000000 0.323778 
3461 0.000000 0.330836 
3462 0.000000 0.338026 
3463 0.000000 0.345350 
3464 0.000000 0.352811 
3465 0.000000 0.360410 
3466 0.000000 0.368150 
3467 0.000000 0.376031 
3468 0.000001 0.384057 
3469 0.000001 0.392229 
3470 0.000001 0.400550 
3471 0.000001 0.409022 
3472 0.000001 0.417646 
3473 0.000001 0.426424 
3474 0.000001 0.435360 
3475 0.000001 0.444454 
3476 0.000001 0.453710 
3477 0.000001 0.463129 
3478 0.000001 0.472713 
3479 0.000001 0.482466 
3480 0.000001 0.492388 
3481 0.000001 0.502482 
3482 0.000001 0.512750 
3483 0.000001 0.523196 
3484 0.000001 0.533819 
3485 0.000001 0.544625 
3486 0.000001 0.555613 
3487 0.000001 0.566787 
3488 0.000001 0.578149 
3489 0.000001 0.589702 
3490 0.000001 0.601447 
3491 0.000001 0.613387 
3492 0.000002 0.625524 
3493 0.000002 0.637861 
3494 0.000002 0.650400 
3495 0.000002 0.663144 
3496 0.000002 0.676094 
3497 0.000002 0.689253 
3498 0.000002 0.702623 
3499 0.000002 0.716208 
3500 0.000002 0.730009 
3501 0.000002 0.744028 
3502 0.000002 0.758268 
3503 0.000002 0.772732 
3504 0.000003 0.787422 
3505 0.000003 0.802340 
3506 0.000003 0.817488 
3507 0.000003 0.832870 
3508 0.000003 0.848487 
3509 0.000003 0.864342 
3510 0.000003 0.880438 
3511 0.000003 0.896776 
3512 0.000004 0.913360 
3513 0.000004 0.930190 
3514 0.000004 0.947271 
3515 0.000004 0.964605 
3516 0.000004 0.982193 
3517 0.000005 1.000038 
3518 0.000005 1.018142 
3519 0.000005 1.036509 
3520 0.000005 1.055140 
3521 0.000005 1.074037 
3522 0.000006 1.093204 
3523 0.000006 1.112641 
3524 0.000006 1.132353 
3525 0.000006 1.152340 
3526 0.000007 1.172606 
3527 0.000007 1.193152 
3528 0.000007 1.213982 
3529 0.000008 1.235096 
3530 0.000008 1.256498 
3531 0.000008 1.278189 
3532 0.000009 1.300172 
3533 0.000009 1.322449 
3534 0.000009 1.345023 
3535 0.000010 1.367895 
3536 0.000010 1.391067 
3537 0.000011 1.414542 
3538 0.000011 1.438322 
3539 0.000012 1.462409 
3540 0.000012 1.486805 
3541 0.000013 1.511511 
3542 0.000013 1.536531 
3543 0.000014 1.561865 
3544 0.000014 1.587516 
3545 0.000015 1.613486 
3546 0.000016 1.639777 
3547 0.000016 1.666390 
3548 0.000017 1.693327 
3549 0.000018 1.720591 
3550 0.000018 1.748182 
3551 0.000019 1.776104 
3552 0.000020 1.804356 
3553 0.000021 1.832941 
3554 0.000022 1.861861 
3555 0.000023 1.891117 
3556 0.000024 1.920711 
3557 0.000025 1.950644 
3558 0.000026 1.980917 
3559 0.000027 2.011533 
3560 0.000028 2.042492 
3561 0.000029 2.073795 
3562 0.000030 2.105445 
3563 0.000031 2.137442 
3564 0.000033 2.169787 
3565 0.000034 2.202482 
3566 0.000035 2.235527 
3567 0.000037 2.268924 
3568 0.000038 2.302674 
3569 0.000040 2.336777 
3570 0.000041 2.371235 
3571 0.000043 2.406048 
3572 0.000045 2.441217 
3573 0.000047 2.476743 
3574 0.000049 2.512626 
3575 0.000051 2.548866 
3576 0.000053 2.585466 
3577 0.000055 2.622424 
3578 0.000057 2.659742 
3579 0.000059 2.697419 
3580 0.000062 2.735456 
3581 0.000064 2.773854 
3582 0.000067 2.812611 
3583 0.000069 2.851729 
3584 0.000072 2.891208 
3585 0.000075 2.931046 
3586 0.000078 2.971245 
3587 0.000081 3.011804 
3588 0.000084 3.052723 
3589 0.000088 3.094001 
3590 0.000091 3.135638 
3591 0.000095 3.177633 
3592 0.000098 3.219986 
3593 0.000102 3.262696 
3594 0.000106 3.305763 
3595 0.000111 3.349186 
3596 0.000115 3.392963 
3597 0.000119 3.437095 
3598 0.000124 3.481579 
3599 0.000129 3.526415 
3600 0.000134 3.571601 
3601 0.000139 3.617137 
3602 0.000144 3.663020 
3603 0.000150 3.709250 
3604 0.000156 3.755824 
3605 0.000162 3.802742 
3606 0.000168 3.850001 
3607 0.000175 3.897601 
3608 0.000181 3.945537 
3609 0.000188 3.993810 
3610 0.000195 4.042417 
3611 0.000203 4.091355 
3612 0.000211 4.140623 
3613 0.000219 4.190217 
3614 0.000227 4.240137 
3615 0.000236 4.290378 
3616 0.000244 4.340939 
3617 0.000254 4.391817 
3618 0.000263 4.443009 
3619 0.000273 4.494513 
3620 0.000283 4.546324 
3621 0.000294 4.598441 
3622 0.000305 4.650859 
3623 0.000316 4.703576 
3624 0.000328 4.756589 
3625 0.000341 4.809894 
3626 0.000353 4.863487 
3627 0.000366 4.917365 
3628 0.000380 4.971524 
3629 0.000394 5.025960 
3630 0.000408 5.080669 
3631 0.000424 5.135648 
3632 0.000439 5.190892 
3633 0.000455 5.246397 
3634 0.000472 5.302158 
3635 0.000489 5.358172 
3636 0.000507 5.414434 
3637 0.000526 5.470939 
3638 0.000545 5.527682 
3639 0.000564 5.584659 
3640 0.000585 5.641865 
3641 0.000606 5.699296 
3642 0.000628 5.756945 
3643 0.000651 5.814807 
3644 0.000674 5.872879 
3645 0.000698 5.931153 
3646 0.000723 5.989626 
3647 0.000749 6.048290 
3648 0.000776 6.107141 
3649 0.000804 6.166173 
3650 0.000832 6.225381 
3651 0.000862 6.284757 
3652 0.000893 6.344297 
3653 0.000924 6.403995 
3654 0.000957 6.463843 
3655 0.000991 6.523836 
3656 0.001025 6.583968 
3657 0.001061 6.644232 
3658 0.001099 6.704622 
3659 0.001137 6.765131 
3660 0.001177 6.825753 
3661 0.001218 6.886480 
3662 0.001260 6.947307 
3663 0.001304 7.008225 
3664 0.001349 7.069229 
3665 0.001396 7.130311 
3666 0.001444 7.191463 
3667 0.001494 7.252680 
3668 0.001546 7.313953 
3669 0.001599 7.375275 
3670 0.001654 7.436639 
3671 0.001710 7.498038 
3672 0.001769 7.559463 
3673 0.001829 7.620907 
3674 0.001891 7.682363 
3675 0.001956 7.743823 
3676 0.002022 7.805278 
3677 0.002090 7.866722 
3678 0.002161 7.928145 
3679 0.002234 7.989541 
3680 0.002309 8.050901 
3681 0.002386 8.112217 
3682 0.002466 8.173481 
3683 0.002549 8.234684 
3684 0.002634 8.295819 
3685 0.002722 8.356877 
3686 0.002812 8.417849 
3687 0.002905 8.478728 
3688 0.003002 8.539505 
3689 0.003101 8.600171 
3690 0.003203 8.660718 
3691 0.003309 8.721138 
3692 0.003417 8.781421 
3693 0.003529 8.841560 
3694 0.003645 8.901545 
3695 0.003764 8.961368 
3696 0.003887 9.021019 
3697 0.004013 9.080492 
3698 0.004143 9.139775 
3699 0.004278 9.198862 
3700 0.004416 9.257743 
3701 0.004558 9.316408 
3702 0.004705 9.374851 
3703 0.004856 9.433060 
3704 0.005012 9.491029 
3705 0.005173 9.548747 
3706 0.005338 9.606206 
3707 0.005508 9.663397 
3708 0.005683 9.720311 
3709 0.005864 9.776940 
3710 0.006049 9.833273 
3711 0.006241 9.889304 
3712 0.006437 9.945022 
3713 0.006640 10.000419 
3714 0.006849 10.055486 
3715 0.007063 10.110214 
3716 0.007284 10.164594 
3717 0.007512 10.218618 
3718 0.007746 10.272276 
3719 0.007987 10.325561 
3720 0.008234 10.378463 
3721 0.008489 10.430973 
3722 0.008752 10.483083 
3723 0.009021 10.534785 
3724 0.009299 10.586069 
3725 0.009584 10.636928 
3726 0.009878 10.687352 
3727 0.010180 10.737333 
3728 0.010490 10.786863 
3729 0.010810 10.835934 
3730 0.011138 10.884536 
3731 0.011476 10.932662 
3732 0.011823 10.980303 
3733 0.012179 11.027452 
3734 0.012546 11.074100 
3735 0.012923 11.120239 
3736 0.013310 11.165861 
3737 0.013708 11.210959 
3738 0.014118 11.255523 
3739 0.014538 11.299548 
3740 0.014970 11.343024 
3741 0.015414 11.385944 
3742 0.015870 11.428301 
3743 0.016339 11.470088 
3744 0.016820 11.511296 
3745 0.017314 11.551918 
3746 0.017822 11.591948 
3747 0.018344 11.631378 
3748 0.018879 11.670201 
3749 0.019429 11.708410 
3750 0.019994 11.745998 
3751 0.020574 11.782958 
3752 0.021169 11.819284 
3753 0.021780 11.854970 
3754 0.022407 11.890008 
3755 0.023051 11.924392 
3756 0.023712 11.958117 
3757 0.024391 11.991175 
3758 0.025087 12.023562 
3759 0.025801 12.055270 
3760 0.026534 12.086295 
3761 0.027286 12.116629 
3762 0.028058 12.146269 
3763 0.028850 12.175208 
3764 0.029662 12.203441 
3765 0.030495 12.230963 
3766 0.031350 12.257769 
3767 0.032226 12.283853 
3768 0.033125 12.309211 
3769 0.034047 12.333838 
3770 0.034992 12.357730 
3771 0.035961 12.380882 
3772 0.036954 12.403290 
3773 0.037973 12.424949 
3774 0.039017 12.445856 
3775 0.040088 12.466007 
3776 0.041185 12.485397 
3777 0.042309 12.504024 
3778 0.043462 12.521883 
3779 0.044643 12.538971 
3780 0.045853 12.555286 
3781 0.047093 12.570823 
3782 0.048364 12.585581 
3783 0.049665 12.599556 
3784 0.050999 12.612745 
3785 0.052365 12.625147 
3786 0.053764 12.636759 
3787 0.055197 12.647578 
3788 0.056664 12.657603 
3789 0.058167 12.666831 
3790 0.059706 12.675261 
3791 0.061282 12.682892 
3792 0.062895 12.689721 
3793 0.064547 12.695748 
3794 0.066238 12.700971 
3795 0.067969 12.705390 
3796 0.069741 12.709004 
3797 0.071554 12.711811 
3798 0.073410 12.713811 
3799 0.075309 12.715005 
3800 0.077253 12.715391 
3801 0.079241 12.714970 
3802 0.081276 12.713742 
3803 0.083358 12.711707 
3804 0.085487 12.708865 
3805 0.087666 12.705217 
3806 0.089894 12.700764 
3807 0.092173 12.695506 
3808 0.094503 12.689445 
3809 0.096887 12.682582 
3810 0.099324 12.674917 
3811 0.101817 12.666453 
3812 0.104365 12.657190 
3813 0.106970 12.647132 
3814 0.109633 12.636279 
3815 0.112355 12.624634 
3816 0.115138 12.612199 
3817 0.117982 12.598977 
3818 0.120889 12.584969 
3819 0.123859 12.570178 
3820 0.126894 12.554608 
3821 0.129996 12.538261 
3822 0.133165 12.521141 
3823 0.136402 12.503250 
3824 0.139709 12.484592 
3825 0.143088 12.465170 
3826 0.146539 12.444988 
3827 0.150063 12.424051 
3828 0.153663 12.402361 
3829 0.157339 12.379923 
3830 0.161092 12.356741 
3831 0.164925 12.332819 
3832 0.168838 12.308162 
3833 0.172833 12.282775 
3834 0.176912 12.256662 
3835 0.181075 12.229828 
3836 0.185324 12.202279 
3837 0.189661 12.174018 
3838 0.194087 12.145052 
3839 0.198604 12.115385 
3840 0.203213 12.085024 
3841 0.207916 12.053973 
3842 0.212715 12.022239 
3843 0.217610 11.989827 
3844 0.222603 11.956744 
3845 0.227697 11.922995 
3846 0.232893 11.888586 
3847 0.238192 11.853525 
3848 0.243596 11.817816 
3849 0.249107 11.781467 
3850 0.254727 11.744484 
3851 0.260457 11.706874 
3852 0.266299 11.668644 
3853 0.272254 11.629800 
3854 0.278325 11.590350 
3855 0.284514 11.550300 
3856 0.290821 11.509658 
3857 0.297250 11.468431 
3858 0.303801 11.426626 
3859 0.310478 11.384251 
3860 0.317280 11.341313 
3861 0.324211 11.297820 
3862 0.331273 11.253779 
3863 0.338467 11.209198 
3864 0.345795 11.164085 
3865 0.353260 11.118448 
3866 0.360862 11.072295 
3867 0.368605 11.025633 
3868 0.376490 10.978470 
3869 0.384520 10.930816 
3870 0.392696 10.882678 
3871 0.401020 10.834064 
3872 0.409495 10.784982 
3873 0.418122 10.735441 
3874 0.426904 10.685450 
3875 0.435842 10.635016 
3876 0.444940 10.584148 
3877 0.454199 10.532855 
3878 0.463621 10.481145 
3879 0.473208 10.429027 
3880 0.482963 10.376510 
3881 0.492888 10.323601 
3882 0.502985 10.270311 
3883 0.513257 10.216646 
3884 0.523704 10.162618 
3885 0.534331 10.108233 
3886 0.545138 10.053501 
3887 0.556129 9.998431 
3888 0.567306 9.943031 
3889 0.578670 9.887311 
3890 0.590225 9.831278 
3891 0.601972 9.774943 
3892 0.613914 9.718314 
3893 0.626053 9.661399 
3894 0.638392 9.604208 
3895 0.650932 9.546750 
3896 0.663677 9.489033 
3897 0.676629 9.431067 
3898 0.689789 9.372859 
3899 0.703161 9.314420 
3900 0.716746 9.255757 
3901 0.730548 9.196880 
3902 0.744568 9.137797 
3903 0.758809 9.078518 
3904 0.773274 9.019051 
3905 0.787964 8.959405 
3906 0.802882 8.899588 
3907 0.818031 8.839609 
3908 0.833413 8.779478 
3909 0.849030 8.719202 
3910 0.864885 8.658790 
3911 0.880980 8.598251 
3912 0.897318 8.537594 
3913 0.913900 8.476826 
3914 0.930731 8.415956 
3915 0.947810 8.354994 
3916 0.965143 8.293946 
3917 0.982729 8.232822 
3918 1.000573 8.171630 
3919 1.018676 8.110377 
3920 1.037041 8.049073 
3921 1.055670 7.987726 
3922 1.074565 7.926343 
3923 1.093729 7.864932 
3924 1.113165 7.803502 
3925 1.132874 7.742060 
3926 1.152858 7.680614 
3927 1.173121 7.619173 
3928 1.193664 7.557743 
3929 1.214490 7.496333 
3930 1.235601 7.434950 
3931 1.256999 7.373601 
3932 1.278686 7.312295 
3933 1.300665 7.251038 
3934 1.322938 7.189838 
3935 1.345507 7.128702 
3936 1.368375 7.067637 
3937 1.391542 7.006650 
3938 1.415012 6.945749 
3939 1.438787 6.884941 
3940 1.462868 6.824231 
3941 1.487258 6.763628 
3942 1.511958 6.703137 
3943 1.536972 6.642766 
3944 1.562300 6.582521 
3945 1.587944 6.522408 
3946 1.613907 6.462434 
3947 1.640191 6.402605 
3948 1.666797 6.342927 
3949 1.693727 6.283407 
3950 1.720983 6.224050 
3951 1.748566 6.164863 
3952 1.776479 6.105851 
3953 1.804723 6.047020 
3954 1.833300 5.988376 
3955 1.862211 5.929924 
3956 1.891458 5.871670 
3957 1.921042 5.813619 
3958 1.950966 5.755777 
3959 1.981230 5.698149 
3960 2.011835 5.640740 
3961 2.042784 5.583555 
3962 2.074077 5.526599 
3963 2.105716 5.469877 
3964 2.137702 5.413393 
3965 2.170036 5.357153 
3966 2.202720 5.301160 
3967 2.235754 5.245420 
3968 2.269139 5.189936 
3969 2.302876 5.134714 
3970 2.336967 5.079756 
3971 2.371413 5.025068 
3972 2.406213 4.970654 
3973 2.441369 4.916516 
3974 2.476881 4.862660 
3975 2.512751 4.809088 
3976 2.548978 4.755805 
3977 2.585563 4.702813 
3978 2.622508 4.650117 
3979 2.659811 4.597720 
3980 2.697474 4.545624 
3981 2.735496 4.493834 
3982 2.773879 4.442352 
3983 2.812621 4.391181 
3984 2.851724 4.340323 
3985 2.891186 4.289783 
3986 2.931009 4.239562 
3987 2.971192 4.189663 
3988 3.011735 4.140089 
3989 3.052637 4.090842 
3990 3.093898 4.041924 
3991 3.135518 3.993337 
3992 3.177496 3.945084 
3993 3.219832 3.897167 
3994 3.262525 3.849588 
3995 3.305575 3.802348 
3996 3.348979 3.755450 
3997 3.392739 3.708894 
3998 3.436852 3.662684 
3999 3.481318 3.616819 
4000 3.526135 3.571303 
