0 0.000112 0.000108 
1 0.000117 0.000104 
2 0.000121 0.000100 
3 0.000126 0.000096 
4 0.000131 0.000092 
5 0.000136 0.000089 
6 0.000142 0.000086 
7 0.000147 0.000082 
8 0.000153 0.000079 
9 0.000159 0.000076 
10 0.000165 0.000073 
11 0.000172 0.000070 
12 0.000178 0.000067 
13 0.000185 0.000065 
14 0.000192 0.000062 
15 0.000200 0.000060 
16 0.000207 0.000058 
17 0.000215 0.000055 
18 0.000224 0.000053 
19 0.000232 0.000051 
20 0.000241 0.000049 
21 0.000250 0.000047 
22 0.000260 0.000045 
23 0.000270 0.000043 
24 0.000280 0.000042 
25 0.000291 0.000040 
26 0.000302 0.000038 
27 0.000313 0.000037 
28 0.000325 0.000035 
29 0.000337 0.000034 
30 0.000350 0.000033 
31 0.000363 0.000031 
32 0.000376 0.000030 
33 0.000391 0.000029 
34 0.000405 0.000028 
35 0.000420 0.000027 
36 0.000436 0.000026 
37 0.000452 0.000025 
38 0.000469 0.000024 
39 0.000486 0.000023 
40 0.000504 0.000022 
41 0.000523 0.000021 
42 0.000542 0.000020 
43 0.000562 0.000019 
44 0.000582 0.000018 
45 0.000604 0.000018 
46 0.000626 0.000017 
47 0.000648 0.000016 
48 0.000672 0.000016 
49 0.000696 0.000015 
50 0.000722 0.000014 
51 0.000748 0.000014 
52 0.000775 0.000013 
53 0.000803 0.000013 
54 0.000832 0.000012 
55 0.000862 0.000012 
56 0.000892 0.000011 
57 0.000924 0.000011 
58 0.000957 0.000010 
59 0.000991 0.000010 
60 0.001027 0.000009 
61 0.001063 0.000009 
62 0.001101 0.000009 
63 0.001140 0.000008 
64 0.001180 0.000008 
65 0.001222 0.000008 
66 0.001265 0.000007 
67 0.001309 0.000007 
68 0.001355 0.000007 
69 0.001402 0.000006 
70 0.001451 0.000006 
71 0.001502 0.000006 
72 0.001554 0.000006 
73 0.001608 0.000005 
74 0.001664 0.000005 
75 0.001721 0.000005 
76 0.001781 0.000005 
77 0.001842 0.000004 
78 0.001905 0.000004 
79 0.001971 0.000004 
80 0.002038 0.000004 
81 0.002108 0.000004 
82 0.002180 0.000004 
83 0.002254 0.000003 
84 0.002331 0.000003 
85 0.002410 0.000003 
86 0.002491 0.000003 
87 0.002575 0.000003 
88 0.002662 0.000003 
89 0.002752 0.000003 
90 0.002844 0.000003 
91 0.002940 0.000002 
92 0.003038 0.000002 
93 0.003139 0.000002 
94 0.003244 0.000002 
95 0.003352 0.000002 
96 0.003463 0.000002 
97 0.003577 0.000002 
98 0.003696 0.000002 
99 0.003818 0.000002 
100 0.003943 0.000002 
101 0.004073 0.000002 
102 0.004206 0.000001 
103 0.004344 0.000001 
104 0.004485 0.000001 
105 0.004632 0.000001 
106 0.004782 0.000001 
107 0.004937 0.000001 
108 0.005097 0.000001 
109 0.005262 0.000001 
110 0.005431 0.000001 
111 0.005606 0.000001 
112 0.005786 0.000001 
113 0.005972 0.000001 
114 0.006163 0.000001 
115 0.006359 0.000001 
116 0.006562 0.000001 
117 0.006770 0.000001 
118 0.006985 0.000001 
119 0.007206 0.000001 
120 0.007433 0.000001 
121 0.007667 0.000001 
122 0.007909 0.000001 
123 0.008157 0.000001 
124 0.008412 0.000001 
125 0.008675 0.000001 
126 0.008945 0.000000 
127 0.009223 0.000000 
128 0.009510 0.000000 
129 0.009804 0.000000 
130 0.010107 0.000000 
131 0.010419 0.000000 
132 0.010740 0.000000 
133 0.011069 0.000000 
134 0.011409 0.000000 
135 0.011757 0.000000 
136 0.012116 0.000000 
137 0.012485 0.000000 
138 0.012864 0.000000 
139 0.013254 0.000000 
140 0.013655 0.000000 
141 0.014067 0.000000 
142 0.014490 0.000000 
143 0.014926 0.000000 
144 0.015373 0.000000 
145 0.015833 0.000000 
146 0.016305 0.000000 
147 0.016791 0.000000 
148 0.017289 0.000000 
149 0.017802 0.000000 
150 0.018328 0.000000 
151 0.018869 0.000000 
152 0.019425 0.000000 
153 0.019995 0.000000 
154 0.020581 0.000000 
155 0.021183 0.000000 
156 0.021801 0.000000 
157 0.022436 0.000000 
158 0.023087 0.000000 
159 0.023756 0.000000 
160 0.024443 0.000000 
161 0.025148 0.000000 
162 0.025872 0.000000 
163 0.026614 0.000000 
164 0.027377 0.000000 
165 0.028159 0.000000 
166 0.028962 0.000000 
167 0.029786 0.000000 
168 0.030631 0.000000 
169 0.031498 0.000000 
170 0.032388 0.000000 
171 0.033300 0.000000 
172 0.034236 0.000000 
173 0.035196 0.000000 
174 0.036181 0.000000 
175 0.037191 0.000000 
176 0.038227 0.000000 
177 0.039288 0.000000 
178 0.040377 0.000000 
179 0.041493 0.000000 
180 0.042638 0.000000 
181 0.043811 0.000000 
182 0.045013 0.000000 
183 0.046246 0.000000 
184 0.047509 0.000000 
185 0.048803 0.000000 
186 0.050130 0.000000 
187 0.051489 0.000000 
188 0.052882 0.000000 
189 0.054308 0.000000 
190 0.055770 0.000000 
191 0.057267 0.000000 
192 0.058801 0.000000 
193 0.060372 0.000000 
194 0.061981 0.000000 
195 0.063628 0.000000 
196 0.065316 0.000000 
197 0.067043 0.000000 
198 0.068812 0.000000 
199 0.070623 0.000000 
200 0.072477 0.000000 
201 0.074375 0.000000 
202 0.076317 0.000000 
203 0.078305 0.000000 
204 0.080340 0.000000 
205 0.082422 0.000000 
206 0.084553 0.000000 
207 0.086734 0.000000 
208 0.088964 0.000000 
209 0.091247 0.000000 
210 0.093581 0.000000 
211 0.095970 0.000000 
212 0.098413 0.000000 
213 0.100911 0.000000 
214 0.103466 0.000000 
215 0.106079 0.000000 
216 0.108751 0.000000 
217 0.111484 0.000000 
218 0.114277 0.000000 
219 0.117133 0.000000 
220 0.120052 0.000000 
221 0.123037 0.000000 
222 0.126087 0.000000 
223 0.129204 0.000000 
224 0.132390 0.000000 
225 0.135646 0.000000 
226 0.138973 0.000000 
227 0.142373 0.000000 
228 0.145846 0.000000 
229 0.149394 0.000000 
230 0.153018 0.000000 
231 0.156721 0.000000 
232 0.160502 0.000000 
233 0.164364 0.000000 
234 0.168308 0.000000 
235 0.172336 0.000000 
236 0.176449 0.000000 
237 0.180648 0.000000 
238 0.184935 0.000000 
239 0.189312 0.000000 
240 0.193779 0.000000 
241 0.198339 0.000000 
242 0.202994 0.000000 
243 0.207744 0.000000 
244 0.212592 0.000000 
245 0.217538 0.000000 
246 0.222586 0.000000 
247 0.227736 0.000000 
248 0.232989 0.000000 
249 0.238349 0.000000 
250 0.243816 0.000000 
251 0.249393 0.000000 
252 0.255080 0.000000 
253 0.260880 0.000000 
254 0.266795 0.000000 
255 0.272827 0.000000 
256 0.278976 0.000000 
257 0.285246 0.000000 
258 0.291638 0.000000 
259 0.298154 0.000000 
260 0.304796 0.000000 
261 0.311565 0.000000 
262 0.318465 0.000000 
263 0.325496 0.000000 
264 0.332660 0.000000 
265 0.339961 0.000000 
266 0.347399 0.000000 
267 0.354977 0.000000 
268 0.362697 0.000000 
269 0.370561 0.000000 
270 0.378570 0.000000 
271 0.386728 0.000000 
272 0.395036 0.000000 
273 0.403497 0.000000 
274 0.412112 0.000000 
275 0.420884 0.000000 
276 0.429814 0.000000 
277 0.438906 0.000000 
278 0.448161 0.000000 
279 0.457582 0.000000 
280 0.467170 0.000000 
281 0.476929 0.000000 
282 0.486860 0.000000 
283 0.496965 0.000000 
284 0.507248 0.000000 
285 0.517709 0.000000 
286 0.528353 0.000000 
287 0.539180 0.000000 
288 0.550194 0.000000 
289 0.561396 0.000000 
290 0.572789 0.000000 
291 0.584376 0.000000 
292 0.596158 0.000000 
293 0.608139 0.000000 
294 0.620320 0.000000 
295 0.632705 0.000000 
296 0.645295 0.000000 
297 0.658093 0.000000 
298 0.671101 0.000000 
299 0.684322 0.000000 
300 0.697759 0.000000 
301 0.711413 0.000000 
302 0.725288 0.000000 
303 0.739385 0.000000 
304 0.753708 0.000000 
305 0.768258 0.000000 
306 0.783039 0.000000 
307 0.798052 0.000000 
308 0.813301 0.000000 
309 0.828787 0.000000 
310 0.844514 0.000000 
311 0.860483 0.000000 
312 0.876698 0.000000 
313 0.893160 0.000000 
314 0.909873 0.000000 
315 0.926838 0.000000 
316 0.944059 0.000000 
317 0.961538 0.000000 
318 0.979276 0.000000 
319 0.997278 0.000000 
320 1.015545 0.000000 
321 1.034079 0.000000 
322 1.052884 0.000000 
323 1.071961 0.000000 
324 1.091313 0.000000 
325 1.110943 0.000000 
326 1.130852 0.000000 
327 1.151044 0.000000 
328 1.171521 0.000000 
329 1.192285 0.000000 
330 1.213339 0.000000 
331 1.234684 0.000000 
332 1.256324 0.000000 
333 1.278260 0.000000 
334 1.300495 0.000000 
335 1.323031 0.000000 
336 1.345871 0.000000 
337 1.369016 0.000000 
338 1.392470 0.000000 
339 1.416233 0.000000 
340 1.440309 0.000000 
341 1.464700 0.000000 
342 1.489407 0.000000 
343 1.514433 0.000000 
344 1.539780 0.000000 
345 1.565450 0.000000 
346 1.591444 0.000000 
347 1.617766 0.000000 
348 1.644417 0.000000 
349 1.671399 0.000000 
350 1.698713 0.000000 
351 1.726363 0.000000 
352 1.754348 0.000000 
353 1.782673 0.000000 
354 1.811337 0.000000 
355 1.840343 0.000000 
356 1.869693 0.000000 
357 1.899387 0.000000 
358 1.929429 0.000000 
359 1.959819 0.000000 
360 1.990559 0.000000 
361 2.021650 0.000000 
362 2.053094 0.000000 
363 2.084893 0.000000 
364 2.117046 0.000000 
365 2.149557 0.000000 
366 2.182426 0.000000 
367 2.215654 0.000000 
368 2.249242 0.000000 
369 2.283192 0.000000 
370 2.317504 0.000000 
371 2.352180 0.000000 
372 2.387220 0.000000 
373 2.422625 0.000000 
374 2.458397 0.000000 
375 2.494535 0.000000 
376 2.531041 0.000000 
377 2.567915 0.000000 
378 2.605157 0.000000 
379 2.642769 0.000000 
380 2.680750 0.000000 
381 2.719102 0.000000 
382 2.757823 0.000000 
383 2.796915 0.000000 
384 2.836378 0.000000 
385 2.876211 0.000000 
386 2.916415 0.000000 
387 2.956990 0.000000 
388 2.997935 0.000000 
389 3.039250 0.000000 
390 3.080936 0.000000 
391 3.122991 0.000000 
392 3.165416 0.000000 
393 3.208209 0.000000 
394 3.251371 0.000000 
395 3.294900 0.000000 
396 3.338795 0.000000 
397 3.383057 0.000000 
398 3.427684 0.000000 
399 3.472674 0.000000 
400 3.518028 0.000000 
401 3.563743 0.000000 
402 3.609819 0.000000 
403 3.656254 0.000000 
404 3.703047 0.000000 
405 3.750196 0.000000 
406 3.797699 0.000000 
407 3.845556 0.000000 
408 3.893764 0.000000 
409 3.942320 0.000000 
410 3.991225 0.000000 
411 4.040474 0.000000 
412 4.090067 0.000000 
413 4.140000 0.000000 
414 4.190272 0.000000 
415 4.240880 0.000000 
416 4.291821 0.000000 
417 4.343093 0.000000 
418 4.394694 0.000000 
419 4.446620 0.000000 
420 4.498868 0.000000 
421 4.551436 0.000000 
422 4.604320 0.000000 
423 4.657517 0.000000 
424 4.711024 0.000000 
425 4.764838 0.000000 
426 4.818954 0.000000 
427 4.873370 0.000000 
428 4.928081 0.000000 
429 4.983084 0.000000 
430 5.038375 0.000000 
431 5.093950 0.000000 
432 5.149805 0.000000 
433 5.205935 0.000000 
434 5.262337 0.000000 
435 5.319005 0.000000 
436 5.375936 0.000000 
437 5.433125 0.000000 
438 5.490566 0.000000 
439 5.548256 0.000000 
440 5.606190 0.000000 
441 5.664362 0.000000 
442 5.722767 0.000000 
443 5.781401 0.000000 
444 5.840257 0.000000 
445 5.899331 0.000000 
446 5.958616 0.000000 
447 6.018108 0.000000 
448 6.077801 0.000000 
449 6.137689 0.000000 
450 6.197766 0.000000 
451 6.258026 0.000000 
452 6.318463 0.000000 
453 6.379070 0.000000 
454 6.439843 0.000000 
455 6.500774 0.000000 
456 6.561857 0.000000 
457 6.623085 0.000000 
458 6.684452 0.000000 
459 6.745951 0.000000 
460 6.807575 0.000000 
461 6.869318 0.000000 
462 6.931172 0.000000 
463 6.993131 0.000000 
464 7.055187 0.000000 
465 7.117333 0.000000 
466 7.179562 0.000000 
467 7.241867 0.000000 
468 7.304240 0.000000 
469 7.366673 0.000000 
470 7.429159 0.000000 
471 7.491690 0.000000 
472 7.554259 0.000000 
473 7.616857 0.000000 
474 7.679478 0.000000 
475 7.742112 0.000000 
476 7.804752 0.000000 
477 7.867389 0.000000 
478 7.930016 0.000000 
479 7.992625 0.000000 
480 8.055206 0.000000 
481 8.117753 0.000000 
482 8.180255 0.000000 
483 8.242706 0.000000 
484 8.305095 0.000000 
485 8.367416 0.000000 
486 8.429659 0.000000 
487 8.491815 0.000000 
488 8.553876 0.000000 
489 8.615833 0.000000 
490 8.677677 0.000000 
491 8.739399 0.000000 
492 8.800992 0.000000 
493 8.862444 0.000000 
494 8.923748 0.000000 
495 8.984895 0.000000 
496 9.045876 0.000000 
497 9.106681 0.000000 
498 9.167301 0.000000 
499 9.227728 0.000000 
500 9.287953 0.000000 
501 9.347965 0.000000 
502 9.407756 0.000000 
503 9.467317 0.000000 
504 9.526639 0.000000 
505 9.585712 0.000000 
506 9.644527 0.000000 
507 9.703075 0.000000 
508 9.761347 0.000000 
509 9.819333 0.000000 
510 9.877025 0.000000 
511 9.934413 0.000000 
512 9.991487 0.000000 
513 10.048240 0.000000 
514 10.104660 0.000000 
515 10.160740 0.000000 
516 10.216470 0.000000 
517 10.271841 0.000000 
518 10.326844 0.000000 
519 10.381469 0.000000 
520 10.435708 0.000000 
521 10.489551 0.000000 
522 10.542990 0.000000 
523 10.596016 0.000000 
524 10.648619 0.000000 
525 10.700791 0.000000 
526 10.752522 0.000000 
527 10.803805 0.000000 
528 10.854629 0.000000 
529 10.904987 0.000000 
530 10.954869 0.000000 
531 11.004268 0.000000 
532 11.053174 0.000000 
533 11.101578 0.000000 
534 11.149474 0.000000 
535 11.196851 0.000000 
536 11.243702 0.000000 
537 11.290018 0.000000 
538 11.335791 0.000000 
539 11.381014 0.000000 
540 11.425677 0.000000 
541 11.469774 0.000000 
542 11.513295 0.000000 
543 11.556234 0.000000 
544 11.598582 0.000000 
545 11.640332 0.000000 
546 11.681476 0.000000 
547 11.722007 0.000000 
548 11.761917 0.000000 
549 11.801200 0.000000 
550 11.839847 0.000000 
551 11.877853 0.000000 
552 11.915209 0.000000 
553 11.951909 0.000000 
554 11.987946 0.000000 
555 12.023314 0.000000 
556 12.058006 0.000000 
557 12.092015 0.000000 
558 12.125335 0.000000 
559 12.157961 0.000000 
560 12.189885 0.000000 
561 12.221102 0.000000 
562 12.251606 0.000000 
563 12.281391 0.000000 
564 12.310452 0.000000 
565 12.338783 0.000000 
566 12.366379 0.000000 
567 12.393235 0.000000 
568 12.419345 0.000000 
569 12.444704 0.000000 
570 12.469309 0.000000 
571 12.493153 0.000000 
572 12.516233 0.000000 
573 12.538544 0.000000 
574 12.560082 0.000000 
575 12.580843 0.000000 
576 12.600822 0.000000 
577 12.620016 0.000000 
578 12.638422 0.000000 
579 12.656035 0.000000 
580 12.672852 0.000000 
581 12.688871 0.000000 
582 12.704087 0.000000 
583 12.718499 0.000000 
584 12.732103 0.000000 
585 12.744896 0.000000 
586 12.756877 0.000000 
587 12.768043 0.000000 
588 12.778391 0.000000 
589 12.787920 0.000000 
590 12.796628 0.000000 
591 12.804512 0.000000 
592 12.811573 0.000000 
593 12.817808 0.000000 
594 12.823216 0.000000 
595 12.827795 0.000000 
596 12.831546 0.000000 
597 12.834467 0.000000 
598 12.836558 0.000000 
599 12.837819 0.000000 
600 12.838249 0.000000 
601 12.837847 0.000000 
602 12.836615 0.000000 
603 12.834552 0.000000 
604 12.831659 0.000000 
605 12.827936 0.000000 
606 12.823385 0.000000 
607 12.818005 0.000000 
608 12.811798 0.000000 
609 12.804765 0.000000 
610 12.796908 0.000000 
611 12.788228 0.000000 
612 12.778727 0.000000 
613 12.768406 0.000000 
614 12.757268 0.000000 
615 12.745315 0.000000 
616 12.732549 0.000000 
617 12.718972 0.000000 
618 12.704587 0.000000 
619 12.689397 0.000000 
620 12.673405 0.000000 
621 12.656614 0.000000 
622 12.639027 0.000000 
623 12.620647 0.000000 
624 12.601479 0.000000 
625 12.581525 0.000000 
626 12.560790 0.000000 
627 12.539277 0.000000 
628 12.516991 0.000000 
629 12.493936 0.000000 
630 12.470116 0.000000 
631 12.445535 0.000000 
632 12.420200 0.000000 
633 12.394113 0.000000 
634 12.367281 0.000000 
635 12.339708 0.000000 
636 12.311400 0.000000 
637 12.282361 0.000000 
638 12.252598 0.000000 
639 12.222116 0.000000 
640 12.190920 0.000000 
641 12.159017 0.000000 
642 12.126413 0.000000 
643 12.093113 0.000000 
644 12.059124 0.000000 
645 12.024452 0.000000 
646 11.989104 0.000000 
647 11.953086 0.000000 
648 11.916404 0.000000 
649 11.879067 0.000000 
650 11.841079 0.000000 
651 11.802449 0.000000 
652 11.763184 0.000000 
653 11.723291 0.000000 
654 11.682776 0.000000 
655 11.641648 0.000000 
656 11.599914 0.000000 
657 11.557581 0.000000 
658 11.514657 0.000000 
659 11.471150 0.000000 
660 11.427068 0.000000 
661 11.382418 0.000000 
662 11.337209 0.000000 
663 11.291449 0.000000 
664 11.245145 0.000000 
665 11.198306 0.000000 
666 11.150940 0.000000 
667 11.103056 0.000000 
668 11.054662 0.000000 
669 11.005766 0.000000 
670 10.956378 0.000000 
671 10.906505 0.000000 
672 10.856156 0.000000 
673 10.805340 0.000000 
674 10.754066 0.000000 
675 10.702342 0.000000 
676 10.650177 0.000000 
677 10.597581 0.000000 
678 10.544562 0.000000 
679 10.491129 0.000000 
680 10.437291 0.000000 
681 10.383057 0.000000 
682 10.328436 0.000000 
683 10.273437 0.000000 
684 10.218070 0.000000 
685 10.162344 0.000000 
686 10.106267 0.000000 
687 10.049848 0.000000 
688 9.993098 0.000000 
689 9.936025 0.000000 
690 9.878639 0.000000 
691 9.820948 0.000000 
692 9.762962 0.000000 
693 9.704690 0.000000 
694 9.646141 0.000000 
695 9.587325 0.000000 
696 9.528251 0.000000 
697 9.468927 0.000000 
698 9.409364 0.000000 
699 9.349570 0.000000 
700 9.289555 0.000000 
701 9.229327 0.000000 
702 9.168897 0.000000 
703 9.108272 0.000000 
704 9.047462 0.000000 
705 8.986477 0.000000 
706 8.925325 0.000000 
707 8.864015 0.000000 
708 8.802556 0.000000 
709 8.740958 0.000000 
710 8.679228 0.000000 
711 8.617377 0.000000 
712 8.555413 0.000000 
713 8.493344 0.000000 
714 8.431180 0.000000 
715 8.368929 0.000000 
716 8.306599 0.000000 
717 8.244200 0.000000 
718 8.181741 0.000000 
719 8.119228 0.000000 
720 8.056672 0.000000 
721 7.994080 0.000000 
722 7.931461 0.000000 
723 7.868823 0.000000 
724 7.806174 0.000000 
725 7.743523 0.000000 
726 7.680877 0.000000 
727 7.618245 0.000000 
728 7.555634 0.000000 
729 7.493053 0.000000 
730 7.430509 0.000000 
731 7.368010 0.000000 
732 7.305563 0.000000 
733 7.243177 0.000000 
734 7.180859 0.000000 
735 7.118616 0.000000 
736 7.056455 0.000000 
737 6.994385 0.000000 
738 6.932412 0.000000 
739 6.870543 0.000000 
740 6.808785 0.000000 
741 6.747146 0.000000 
742 6.685631 0.000000 
743 6.624249 0.000000 
744 6.563005 0.000000 
745 6.501907 0.000000 
746 6.440960 0.000000 
747 6.380171 0.000000 
748 6.319547 0.000000 
749 6.259094 0.000000 
750 6.198818 0.000000 
751 6.138725 0.000000 
752 6.078820 0.000000 
753 6.019111 0.000000 
754 5.959602 0.000000 
755 5.900299 0.000000 
756 5.841209 0.000000 
757 5.782335 0.000000 
758 5.723685 0.000000 
759 5.665262 0.000000 
760 5.607073 0.000000 
761 5.549122 0.000000 
762 5.491415 0.000000 
763 5.433956 0.000000 
764 5.376750 0.000000 
765 5.319802 0.000000 
766 5.263116 0.000000 
767 5.206697 0.000000 
768 5.150549 0.000000 
769 5.094677 0.000000 
770 5.039084 0.000000 
771 4.983776 0.000000 
772 4.928755 0.000000 
773 4.874027 0.000000 
774 4.819594 0.000000 
775 4.765460 0.000000 
776 4.711629 0.000000 
777 4.658105 0.000000 
778 4.604890 0.000000 
779 4.551989 0.000000 
780 4.499404 0.000000 
781 4.447139 0.000000 
782 4.395196 0.000000 
783 4.343578 0.000000 
784 4.292289 0.000000 
785 4.241331 0.000000 
786 4.190706 0.000000 
787 4.140418 0.000000 
788 4.090468 0.000000 
789 4.040859 0.000000 
790 3.991594 0.000000 
791 3.942673 0.000000 
792 3.894100 0.000000 
793 3.845876 0.000000 
794 3.798004 0.000000 
795 3.750485 0.000000 
796 3.703320 0.000000 
797 3.656512 0.000000 
798 3.610062 0.000000 
799 3.563970 0.000000 
800 3.518240 0.000000 
801 3.472871 0.000000 
802 3.427866 0.000000 
803 3.383225 0.000000 
804 3.338948 0.000000 
805 3.295038 0.000000 
806 3.251495 0.000000 
807 3.208320 0.000000 
808 3.165512 0.000000 
809 3.123074 0.000000 
810 3.081005 0.000000 
811 3.039306 0.000000 
812 2.997977 0.000000 
813 2.957019 0.000000 
814 2.916431 0.000000 
815 2.876215 0.000000 
816 2.836369 0.000000 
817 2.796894 0.000000 
818 2.757790 0.000000 
819 2.719056 0.000000 
820 2.680693 0.000000 
821 2.642700 0.000000 
822 2.605077 0.000000 
823 2.567823 0.000000 
824 2.530938 0.000000 
825 2.494421 0.000000 
826 2.458272 0.000000 
827 2.422490 0.000000 
828 2.387074 0.000000 
829 2.352024 0.000000 
830 2.317338 0.000000 
831 2.283016 0.000000 
832 2.249057 0.000000 
833 2.215459 0.000000 
834 2.182222 0.000000 
835 2.149344 0.000000 
836 2.116825 0.000000 
837 2.084662 0.000000 
838 2.052856 0.000000 
839 2.021403 0.000000 
840 1.990304 0.000000 
841 1.959556 0.000000 
842 1.929158 0.000000 
843 1.899109 0.000000 
844 1.869407 0.000000 
845 1.840050 0.000000 
846 1.811037 0.000000 
847 1.782366 0.000000 
848 1.754036 0.000000 
849 1.726043 0.000000 
850 1.698388 0.000000 
851 1.671067 0.000000 
852 1.644080 0.000000 
853 1.617423 0.000000 
854 1.591096 0.000000 
855 1.565096 0.000000 
856 1.539421 0.000000 
857 1.514069 0.000000 
858 1.489038 0.000000 
859 1.464327 0.000000 
860 1.439932 0.000000 
861 1.415851 0.000000 
862 1.392084 0.000000 
863 1.368626 0.000000 
864 1.345477 0.000000 
865 1.322634 0.000000 
866 1.300094 0.000000 
867 1.277856 0.000000 
868 1.255917 0.000000 
869 1.234274 0.000000 
870 1.212926 0.000000 
871 1.191870 0.000000 
872 1.171103 0.000000 
873 1.150624 0.000000 
874 1.130430 0.000000 
875 1.110518 0.000000 
876 1.090887 0.000000 
877 1.071533 0.000000 
878 1.052454 0.000000 
879 1.033648 0.000000 
880 1.015112 0.000000 
881 0.996844 0.000000 
882 0.978842 0.000000 
883 0.961102 0.000000 
884 0.943623 0.000000 
885 0.926401 0.000000 
886 0.909435 0.000000 
887 0.892722 0.000000 
888 0.876259 0.000000 
889 0.860045 0.000000 
890 0.844075 0.000000 
891 0.828349 0.000000 
892 0.812862 0.000000 
893 0.797614 0.000000 
894 0.782601 0.000000 
895 0.767821 0.000000 
896 0.753271 0.000000 
897 0.738949 0.000000 
898 0.724852 0.000000 
899 0.710979 0.000000 
900 0.697325 0.000000 
901 0.683890 0.000000 
902 0.670670 0.000000 
903 0.657663 0.000000 
904 0.644866 0.000000 
905 0.632278 0.000000 
906 0.619895 0.000000 
907 0.607715 0.000000 
908 0.595736 0.000000 
909 0.583955 0.000000 
910 0.572370 0.000000 
911 0.560979 0.000000 
912 0.549778 0.000000 
913 0.538767 0.000000 
914 0.527942 0.000000 
915 0.517300 0.000000 
916 0.506841 0.000000 
917 0.496561 0.000000 
918 0.486457 0.000000 
919 0.476529 0.000000 
920 0.466773 0.000000 
921 0.457187 0.000000 
922 0.447769 0.000000 
923 0.438516 0.000000 
924 0.429427 0.000000 
925 0.420499 0.000000 
926 0.411730 0.000000 
927 0.403118 0.000000 
928 0.394660 0.000000 
929 0.386355 0.000000 
930 0.378200 0.000000 
931 0.370193 0.000000 
932 0.362332 0.000000 
933 0.354615 0.000000 
934 0.347040 0.000000 
935 0.339605 0.000000 
936 0.332308 0.000000 
937 0.325146 0.000000 
938 0.318118 0.000000 
939 0.311222 0.000000 
940 0.304455 0.000000 
941 0.297817 0.000000 
942 0.291304 0.000000 
943 0.284915 0.000000 
944 0.278649 0.000000 
945 0.272502 0.000000 
946 0.266474 0.000000 
947 0.260562 0.000000 
948 0.254765 0.000000 
949 0.249081 0.000000 
950 0.243508 0.000000 
951 0.238044 0.000000 
952 0.232688 0.000000 
953 0.227437 0.000000 
954 0.222291 0.000000 
955 0.217247 0.000000 
956 0.212303 0.000000 
957 0.207459 0.000000 
958 0.202712 0.000000 
959 0.198061 0.000000 
960 0.193504 0.000000 
961 0.189040 0.000000 
962 0.184666 0.000000 
963 0.180382 0.000000 
964 0.176186 0.000000 
965 0.172077 0.000000 
966 0.168053 0.000000 
967 0.164112 0.000000 
968 0.160253 0.000000 
969 0.156474 0.000000 
970 0.152775 0.000000 
971 0.149154 0.000000 
972 0.145609 0.000000 
973 0.142139 0.000000 
974 0.138743 0.000000 
975 0.135419 0.000000 
976 0.132166 0.000000 
977 0.128983 0.000000 
978 0.125869 0.000000 
979 0.122822 0.000000 
980 0.119840 0.000000 
981 0.116924 0.000000 
982 0.114071 0.000000 
983 0.111281 0.000000 
984 0.108551 0.000000 
985 0.105882 0.000000 
986 0.103272 0.000000 
987 0.100720 0.000000 
988 0.098224 0.000000 
989 0.095784 0.000000 
990 0.093398 0.000000 
991 0.091066 0.000000 
992 0.088787 0.000000 
993 0.086559 0.000000 
994 0.084381 0.000000 
995 0.082253 0.000000 
996 0.080174 0.000000 
997 0.078141 0.000000 
998 0.076156 0.000000 
999 0.074216 0.000000 
1000 0.072321 0.000000 
1001 0.070469 0.000000 
1002 0.068661 0.000000 
1003 0.066895 0.000000 
1004 0.065169 0.000000 
1005 0.063485 0.000000 
1006 0.061840 0.000000 
1007 0.060233 0.000000 
1008 0.058665 0.000000 
1009 0.057133 0.000000 
1010 0.055638 0.000000 
1011 0.054179 0.000000 
1012 0.052754 0.000000 
1013 0.051364 0.000000 
1014 0.050007 0.000000 
1015 0.048682 0.000000 
1016 0.047390 0.000000 
1017 0.046129 0.000000 
1018 0.044899 0.000000 
1019 0.043698 0.000000 
1020 0.042527 0.000000 
1021 0.041385 0.000000 
1022 0.040271 0.000000 
1023 0.039184 0.000000 
1024 0.038124 0.000000 
1025 0.037090 0.000000 
1026 0.036082 0.000000 
1027 0.035100 0.000000 
1028 0.034141 0.000000 
1029 0.033207 0.000000 
1030 0.032296 0.000000 
1031 0.031408 0.000000 
1032 0.030543 0.000000 
1033 0.029699 0.000000 
1034 0.028877 0.000000 
1035 0.028076 0.000000 
1036 0.027295 0.000000 
1037 0.026535 0.000000 
1038 0.025794 0.000000 
1039 0.025071 0.000000 
1040 0.024368 0.000000 
1041 0.023683 0.000000 
1042 0.023015 0.000000 
1043 0.022365 0.000000 
1044 0.021732 0.000000 
1045 0.021115 0.000000 
1046 0.020515 0.000000 
1047 0.019930 0.000000 
1048 0.019361 0.000000 
1049 0.018807 0.000000 
1050 0.018267 0.000000 
1051 0.017742 0.000000 
1052 0.017231 0.000000 
1053 0.016733 0.000000 
1054 0.016249 0.000000 
1055 0.015778 0.000000 
1056 0.015319 0.000000 
1057 0.014873 0.000000 
1058 0.014439 0.000000 
1059 0.014017 0.000000 
1060 0.013606 0.000000 
1061 0.013206 0.000000 
1062 0.012817 0.000000 
1063 0.012439 0.000000 
1064 0.012071 0.000000 
1065 0.011713 0.000000 
1066 0.011366 0.000000 
1067 0.011027 0.000000 
1068 0.010699 0.000000 
1069 0.010379 0.000000 
1070 0.010068 0.000000 
1071 0.009766 0.000000 
1072 0.009472 0.000000 
1073 0.009187 0.000000 
1074 0.008909 0.000000 
1075 0.008640 0.000000 
1076 0.008378 0.000000 
1077 0.008123 0.000000 
1078 0.007876 0.000000 
1079 0.007636 0.000000 
1080 0.007402 0.000000 
1081 0.007175 0.000000 
1082 0.006955 0.000000 
1083 0.006741 0.000000 
1084 0.006533 0.000000 
1085 0.006332 0.000000 
1086 0.006136 0.000000 
1087 0.005945 0.000000 
1088 0.005761 0.000000 
1089 0.005581 0.000000 
1090 0.005407 0.000000 
1091 0.005238 0.000000 
1092 0.005074 0.000000 
1093 0.004915 0.000000 
1094 0.004760 0.000000 
1095 0.004610 0.000000 
1096 0.004464 0.000000 
1097 0.004323 0.000000 
1098 0.004186 0.000000 
1099 0.004053 0.000000 
1100 0.003924 0.000000 
1101 0.003799 0.000000 
1102 0.003678 0.000000 
1103 0.003560 0.000000 
1104 0.003446 0.000000 
1105 0.003335 0.000000 
1106 0.003227 0.000000 
1107 0.003123 0.000000 
1108 0.003022 0.000000 
1109 0.002924 0.000000 
1110 0.002830 0.000000 
1111 0.002738 0.000000 
1112 0.002648 0.000000 
1113 0.002562 0.000000 
1114 0.002478 0.000000 
1115 0.002397 0.000000 
1116 0.002318 0.000000 
1117 0.002242 0.000000 
1118 0.002168 0.000000 
1119 0.002096 0.000000 
1120 0.002027 0.000000 
1121 0.001960 0.000000 
1122 0.001895 0.000000 
1123 0.001832 0.000000 
1124 0.001771 0.000000 
1125 0.001712 0.000000 
1126 0.001654 0.000000 
1127 0.001599 0.000000 
1128 0.001545 0.000000 
1129 0.001493 0.000000 
1130 0.001443 0.000000 
1131 0.001394 0.000000 
1132 0.001347 0.000000 
1133 0.001301 0.000000 
1134 0.001257 0.000000 
1135 0.001214 0.000000 
1136 0.001173 0.000000 
1137 0.001133 0.000000 
1138 0.001094 0.000000 
1139 0.001057 0.000000 
1140 0.001020 0.000000 
1141 0.000985 0.000000 
1142 0.000951 0.000000 
1143 0.000918 0.000000 
1144 0.000887 0.000000 
1145 0.000856 0.000000 
1146 0.000826 0.000000 
1147 0.000798 0.000000 
1148 0.000770 0.000000 
1149 0.000743 0.000000 
1150 0.000717 0.000000 
1151 0.000692 0.000000 
1152 0.000668 0.000000 
1153 0.000644 0.000000 
1154 0.000621 0.000000 
1155 0.000599 0.000000 
1156 0.000578 0.000000 
1157 0.000558 0.000000 
1158 0.000538 0.000000 
1159 0.000519 0.000000 
1160 0.000500 0.000000 
1161 0.000483 0.000000 
1162 0.000465 0.000000 
1163 0.000449 0.000000 
1164 0.000433 0.000000 
1165 0.000417 0.000000 
1166 0.000402 0.000000 
1167 0.000388 0.000000 
1168 0.000374 0.000000 
1169 0.000360 0.000000 
1170 0.000347 0.000000 
1171 0.000335 0.000000 
1172 0.000322 0.000000 
1173 0.000311 0.000000 
1174 0.000299 0.000000 
1175 0.000288 0.000000 
1176 0.000278 0.000000 
1177 0.000268 0.000000 
1178 0.000258 0.000000 
1179 0.000248 0.000000 
1180 0.000239 0.000000 
1181 0.000230 0.000000 
1182 0.000222 0.000000 
1183 0.000214 0.000000 
1184 0.000206 0.000000 
1185 0.000198 0.000000 
1186 0.000191 0.000000 
1187 0.000184 0.000000 
1188 0.000177 0.000000 
1189 0.000170 0.000000 
1190 0.000164 0.000000 
1191 0.000158 0.000000 
1192 0.000152 0.000000 
1193 0.000146 0.000000 
1194 0.000140 0.000000 
1195 0.000135 0.000000 
1196 0.000130 0.000000 
1197 0.000125 0.000000 
1198 0.000120 0.000000 
1199 0.000116 0.000000 
1200 0.000111 0.000000 
1201 0.000107 0.000000 
1202 0.000103 0.000000 
1203 0.000099 0.000000 
1204 0.000095 0.000000 
1205 0.000092 0.000000 
1206 0.000088 0.000000 
1207 0.000085 0.000000 
1208 0.000081 0.000000 
1209 0.000078 0.000000 
1210 0.000075 0.000000 
1211 0.000072 0.000000 
1212 0.000070 0.000000 
1213 0.000067 0.000000 
1214 0.000064 0.000000 
1215 0.000062 0.000000 
1216 0.000059 0.000000 
1217 0.000057 0.000000 
1218 0.000055 0.000000 
1219 0.000053 0.000000 
1220 0.000051 0.000000 
1221 0.000049 0.000000 
1222 0.000047 0.000000 
1223 0.000045 0.000000 
1224 0.000043 0.000000 
1225 0.000041 0.000000 
1226 0.000040 0.000000 
1227 0.000038 0.000000 
1228 0.000037 0.000000 
1229 0.000035 0.000000 
1230 0.000034 0.000000 
1231 0.000032 0.000000 
1232 0.000031 0.000000 
1233 0.000030 0.000000 
1234 0.000029 0.000000 
1235 0.000027 0.000000 
1236 0.000026 0.000000 
1237 0.000025 0.000000 
1238 0.000024 0.000000 
1239 0.000023 0.000000 
1240 0.000022 0.000000 
1241 0.000021 0.000000 
1242 0.000021 0.000000 
1243 0.000020 0.000000 
1244 0.000019 0.000000 
1245 0.000018 0.000000 
1246 0.000017 0.000000 
1247 0.000017 0.000000 
1248 0.000016 0.000000 
1249 0.000015 0.000000 
1250 0.000015 0.000000 
1251 0.000014 0.000000 
1252 0.000014 0.000000 
1253 0.000013 0.000000 
1254 0.000012 0.000000 
1255 0.000012 0.000000 
1256 0.000011 0.000000 
1257 0.000011 0.000000 
1258 0.000010 0.000000 
1259 0.000010 0.000000 
1260 0.000010 0.000000 
1261 0.000009 0.000000 
1262 0.000009 0.000000 
1263 0.000008 0.000000 
1264 0.000008 0.000000 
1265 0.000008 0.000000 
1266 0.000007 0.000000 
1267 0.000007 0.000000 
1268 0.000007 0.000000 
1269 0.000007 0.000000 
1270 0.000006 0.000000 
1271 0.000006 0.000000 
1272 0.000006 0.000000 
1273 0.000005 0.000000 
1274 0.000005 0.000000 
1275 0.000005 0.000000 
1276 0.000005 0.000000 
1277 0.000005 0.000000 
1278 0.000004 0.000000 
1279 0.000004 0.000000 
1280 0.000004 0.000000 
1281 0.000004 0.000000 
1282 0.000004 0.000000 
1283 0.000004 0.000000 
1284 0.000003 0.000000 
1285 0.000003 0.000000 
1286 0.000003 0.000000 
1287 0.000003 0.000000 
1288 0.000003 0.000000 
1289 0.000003 0.000000 
1290 0.000003 0.000000 
1291 0.000002 0.000000 
1292 0.000002 0.000000 
1293 0.000002 0.000000 
1294 0.000002 0.000000 
1295 0.000002 0.000000 
1296 0.000002 0.000000 
1297 0.000002 0.000000 
1298 0.000002 0.000000 
1299 0.000002 0.000000 
1300 0.000002 0.000000 
1301 0.000002 0.000000 
1302 0.000002 0.000000 
1303 0.000001 0.000000 
1304 0.000001 0.000000 
1305 0.000001 0.000000 
1306 0.000001 0.000000 
1307 0.000001 0.000000 
1308 0.000001 0.000000 
1309 0.000001 0.000000 
1310 0.000001 0.000000 
1311 0.000001 0.000000 
1312 0.000001 0.000000 
1313 0.000001 0.000000 
1314 0.000001 0.000000 
1315 0.000001 0.000000 
1316 0.000001 0.000000 
1317 0.000001 0.000000 
1318 0.000001 0.000000 
1319 0.000001 0.000000 
1320 0.000001 0.000000 
1321 0.000001 0.000000 
1322 0.000001 0.000000 
1323 0.000001 0.000000 
1324 0.000001 0.000000 
1325 0.000001 0.000000 
1326 0.000000 0.000000 
1327 0.000000 0.000000 
1328 0.000000 0.000000 
1329 0.000000 0.000000 
1330 0.000000 0.000000 
1331 0.000000 0.000000 
1332 0.000000 0.000000 
1333 0.000000 0.000000 
1334 0.000000 0.000000 
1335 0.000000 0.000000 
1336 0.000000 0.000000 
1337 0.000000 0.000000 
1338 0.000000 0.000000 
1339 0.000000 0.000000 
1340 0.000000 0.000000 
1341 0.000000 0.000000 
1342 0.000000 0.000000 
1343 0.000000 0.000000 
1344 0.000000 0.000000 
1345 0.000000 0.000000 
1346 0.000000 0.000000 
1347 0.000000 0.000000 
1348 0.000000 0.000000 
1349 0.000000 0.000000 
1350 0.000000 0.000000 
1351 0.000000 0.000000 
1352 0.000000 0.000000 
1353 0.000000 0.000000 
1354 0.000000 0.000000 
1355 0.000000 0.000000 
1356 0.000000 0.000000 
1357 0.000000 0.000000 
1358 0.000000 0.000000 
1359 0.000000 0.000000 
1360 0.000000 0.000000 
1361 0.000000 0.000000 
1362 0.000000 0.000000 
1363 0.000000 0.000000 
1364 0.000000 0.000000 
1365 0.000000 0.000000 
1366 0.000000 0.000000 
1367 0.000000 0.000000 
1368 0.000000 0.000000 
1369 0.000000 0.000000 
1370 0.000000 0.000000 
1371 0.000000 0.000000 
1372 0.000000 0.000000 
1373 0.000000 0.000000 
1374 0.000000 0.000000 
1375 0.000000 0.000000 
1376 0.000000 0.000000 
1377 0.000000 0.000000 
1378 0.000000 0.000000 
1379 0.000000 0.000000 
1380 0.000000 0.000000 
1381 0.000000 0.000000 
1382 0.000000 0.000000 
1383 0.000000 0.000000 
1384 0.000000 0.000000 
1385 0.000000 0.000000 
1386 0.000000 0.000000 
1387 0.000000 0.000000 
1388 0.000000 0.000000 
1389 0.000000 0.000000 
1390 0.000000 0.000000 
1391 0.000000 0.000000 
1392 0.000000 0.000000 
1393 0.000000 0.000000 
1394 0.000000 0.000000 
1395 0.000000 0.000000 
1396 0.000000 0.000000 
1397 0.000000 0.000000 
1398 0.000000 0.000000 
1399 0.000000 0.000000 
1400 0.000000 0.000000 
1401 0.000000 0.000000 
1402 0.000000 0.000000 
1403 0.000000 0.000000 
1404 0.000000 0.000000 
1405 0.000000 0.000000 
1406 0.000000 0.000000 
1407 0.000000 0.000000 
1408 0.000000 0.000000 
1409 0.000000 0.000000 
1410 0.000000 0.000000 
1411 0.000000 0.000000 
1412 0.000000 0.000000 
1413 0.000000 0.000000 
1414 0.000000 0.000000 
1415 0.000000 0.000000 
1416 0.000000 0.000000 
1417 0.000000 0.000000 
1418 0.000000 0.000000 
1419 0.000000 0.000000 
1420 0.000000 0.000000 
1421 0.000000 0.000000 
1422 0.000000 0.000000 
1423 0.000000 0.000000 
1424 0.000000 0.000000 
1425 0.000000 0.000000 
1426 0.000000 0.000000 
1427 0.000000 0.000000 
1428 0.000000 0.000000 
1429 0.000000 0.000000 
1430 0.000000 0.000000 
1431 0.000000 0.000000 
1432 0.000000 0.000000 
1433 0.000000 0.000000 
1434 0.000000 0.000000 
1435 0.000000 0.000000 
1436 0.000000 0.000000 
1437 0.000000 0.000000 
1438 0.000000 0.000000 
1439 0.000000 0.000000 
1440 0.000000 0.000000 
1441 0.000000 0.000000 
1442 0.000000 0.000000 
1443 0.000000 0.000000 
1444 0.000000 0.000000 
1445 0.000000 0.000000 
1446 0.000000 0.000000 
1447 0.000000 0.000000 
1448 0.000000 0.000000 
1449 0.000000 0.000000 
1450 0.000000 0.000000 
1451 0.000000 0.000000 
1452 0.000000 0.000000 
1453 0.000000 0.000000 
1454 0.000000 0.000000 
1455 0.000000 0.000000 
1456 0.000000 0.000000 
1457 0.000000 0.000000 
1458 0.000000 0.000000 
1459 0.000000 0.000000 
1460 0.000000 0.000000 
1461 0.000000 0.000000 
1462 0.000000 0.000000 
1463 0.000000 0.000000 
1464 0.000000 0.000000 
1465 0.000000 0.000000 
1466 0.000000 0.000000 
1467 0.000000 0.000000 
1468 0.000000 0.000000 
1469 0.000000 0.000000 
1470 0.000000 0.000000 
1471 0.000000 0.000000 
1472 0.000000 0.000000 
1473 0.000000 0.000000 
1474 0.000000 0.000000 
1475 0.000000 0.000000 
1476 0.000000 0.000000 
1477 0.000000 0.000000 
1478 0.000000 0.000000 
1479 0.000000 0.000000 
1480 0.000000 0.000000 
1481 0.000000 0.000000 
1482 0.000000 0.000000 
1483 0.000000 0.000000 
1484 0.000000 0.000000 
1485 0.000000 0.000000 
1486 0.000000 0.000000 
1487 0.000000 0.000000 
1488 0.000000 0.000000 
1489 0.000000 0.000000 
1490 0.000000 0.000000 
1491 0.000000 0.000000 
1492 0.000000 0.000000 
1493 0.000000 0.000000 
1494 0.000000 0.000000 
1495 0.000000 0.000000 
1496 0.000000 0.000000 
1497 0.000000 0.000000 
1498 0.000000 0.000000 
1499 0.000000 0.000000 
1500 0.000000 0.000000 
1501 0.000000 0.000000 
1502 0.000000 0.000000 
1503 0.000000 0.000000 
1504 0.000000 0.000000 
1505 0.000000 0.000000 
1506 0.000000 0.000000 
1507 0.000000 0.000000 
1508 0.000000 0.000000 
1509 0.000000 0.000000 
1510 0.000000 0.000000 
1511 0.000000 0.000000 
1512 0.000000 0.000000 
1513 0.000000 0.000000 
1514 0.000000 0.000000 
1515 0.000000 0.000000 
1516 0.000000 0.000000 
1517 0.000000 0.000000 
1518 0.000000 0.000000 
1519 0.000000 0.000000 
1520 0.000000 0.000000 
1521 0.000000 0.000000 
1522 0.000000 0.000000 
1523 0.000000 0.000000 
1524 0.000000 0.000000 
1525 0.000000 0.000000 
1526 0.000000 0.000000 
1527 0.000000 0.000000 
1528 0.000000 0.000000 
1529 0.000000 0.000000 
1530 0.000000 0.000000 
1531 0.000000 0.000000 
1532 0.000000 0.000000 
1533 0.000000 0.000000 
1534 0.000000 0.000000 
1535 0.000000 0.000000 
1536 0.000000 0.000000 
1537 0.000000 0.000000 
1538 0.000000 0.000000 
1539 0.000000 0.000000 
1540 0.000000 0.000000 
1541 0.000000 0.000000 
1542 0.000000 0.000000 
1543 0.000000 0.000000 
1544 0.000000 0.000000 
1545 0.000000 0.000000 
1546 0.000000 0.000000 
1547 0.000000 0.000000 
1548 0.000000 0.000000 
1549 0.000000 0.000000 
1550 0.000000 0.000000 
1551 0.000000 0.000000 
1552 0.000000 0.000000 
1553 0.000000 0.000000 
1554 0.000000 0.000000 
1555 0.000000 0.000000 
1556 0.000000 0.000000 
1557 0.000000 0.000000 
1558 0.000000 0.000000 
1559 0.000000 0.000000 
1560 0.000000 0.000000 
1561 0.000000 0.000000 
1562 0.000000 0.000000 
1563 0.000000 0.000000 
1564 0.000000 0.000000 
1565 0.000000 0.000000 
1566 0.000000 0.000000 
1567 0.000000 0.000000 
1568 0.000000 0.000000 
1569 0.000000 0.000000 
1570 0.000000 0.000000 
1571 0.000000 0.000000 
1572 0.000000 0.000000 
1573 0.000000 0.000000 
1574 0.000000 0.000000 
1575 0.000000 0.000000 
1576 0.000000 0.000000 
1577 0.000000 0.000000 
1578 0.000000 0.000000 
1579 0.000000 0.000000 
1580 0.000000 0.000000 
1581 0.000000 0.000000 
1582 0.000000 0.000000 
1583 0.000000 0.000000 
1584 0.000000 0.000000 
1585 0.000000 0.000000 
1586 0.000000 0.000000 
1587 0.000000 0.000000 
1588 0.000000 0.000000 
1589 0.000000 0.000000 
1590 0.000000 0.000000 
1591 0.000000 0.000000 
1592 0.000000 0.000000 
1593 0.000000 0.000000 
1594 0.000000 0.000000 
1595 0.000000 0.000000 
1596 0.000000 0.000000 
1597 0.000000 0.000000 
1598 0.000000 0.000000 
1599 0.000000 0.000000 
1600 0.000000 0.000000 
1601 0.000000 0.000000 
1602 0.000000 0.000000 
1603 0.000000 0.000000 
1604 0.000000 0.000000 
1605 0.000000 0.000000 
1606 0.000000 0.000000 
1607 0.000000 0.000000 
1608 0.000000 0.000000 
1609 0.000000 0.000000 
1610 0.000000 0.000000 
1611 0.000000 0.000000 
1612 0.000000 0.000000 
1613 0.000000 0.000000 
1614 0.000000 0.000000 
1615 0.000000 0.000000 
1616 0.000000 0.000000 
1617 0.000000 0.000000 
1618 0.000000 0.000000 
1619 0.000000 0.000000 
1620 0.000000 0.000000 
1621 0.000000 0.000000 
1622 0.000000 0.000000 
1623 0.000000 0.000000 
1624 0.000000 0.000000 
1625 0.000000 0.000000 
1626 0.000000 0.000000 
1627 0.000000 0.000000 
1628 0.000000 0.000000 
1629 0.000000 0.000000 
1630 0.000000 0.000000 
1631 0.000000 0.000000 
1632 0.000000 0.000000 
1633 0.000000 0.000000 
1634 0.000000 0.000000 
1635 0.000000 0.000000 
1636 0.000000 0.000000 
1637 0.000000 0.000000 
1638 0.000000 0.000000 
1639 0.000000 0.000000 
1640 0.000000 0.000000 
1641 0.000000 0.000000 
1642 0.000000 0.000000 
1643 0.000000 0.000000 
1644 0.000000 0.000000 
1645 0.000000 0.000000 
1646 0.000000 0.000000 
1647 0.000000 0.000000 
1648 0.000000 0.000000 
1649 0.000000 0.000000 
1650 0.000000 0.000000 
1651 0.000000 0.000000 
1652 0.000000 0.000000 
1653 0.000000 0.000000 
1654 0.000000 0.000000 
1655 0.000000 0.000000 
1656 0.000000 0.000000 
1657 0.000000 0.000000 
1658 0.000000 0.000000 
1659 0.000000 0.000000 
1660 0.000000 0.000000 
1661 0.000000 0.000000 
1662 0.000000 0.000000 
1663 0.000000 0.000000 
1664 0.000000 0.000000 
1665 0.000000 0.000000 
1666 0.000000 0.000000 
1667 0.000000 0.000000 
1668 0.000000 0.000000 
1669 0.000000 0.000000 
1670 0.000000 0.000000 
1671 0.000000 0.000000 
1672 0.000000 0.000000 
1673 0.000000 0.000000 
1674 0.000000 0.000000 
1675 0.000000 0.000000 
1676 0.000000 0.000000 
1677 0.000000 0.000000 
1678 0.000000 0.000000 
1679 0.000000 0.000000 
1680 0.000000 0.000000 
1681 0.000000 0.000000 
1682 0.000000 0.000000 
1683 0.000000 0.000000 
1684 0.000000 0.000000 
1685 0.000000 0.000000 
1686 0.000000 0.000000 
1687 0.000000 0.000000 
1688 0.000000 0.000000 
1689 0.000000 0.000000 
1690 0.000000 0.000000 
1691 0.000000 0.000000 
1692 0.000000 0.000000 
1693 0.000000 0.000000 
1694 0.000000 0.000000 
1695 0.000000 0.000000 
1696 0.000000 0.000000 
1697 0.000000 0.000000 
1698 0.000000 0.000000 
1699 0.000000 0.000000 
1700 0.000000 0.000000 
1701 0.000000 0.000000 
1702 0.000000 0.000000 
1703 0.000000 0.000000 
1704 0.000000 0.000000 
1705 0.000000 0.000000 
1706 0.000000 0.000000 
1707 0.000000 0.000000 
1708 0.000000 0.000000 
1709 0.000000 0.000000 
1710 0.000000 0.000000 
1711 0.000000 0.000000 
1712 0.000000 0.000000 
1713 0.000000 0.000000 
1714 0.000000 0.000000 
1715 0.000000 0.000000 
1716 0.000000 0.000000 
1717 0.000000 0.000000 
1718 0.000000 0.000000 
1719 0.000000 0.000000 
1720 0.000000 0.000000 
1721 0.000000 0.000000 
1722 0.000000 0.000000 
1723 0.000000 0.000000 
1724 0.000000 0.000000 
1725 0.000000 0.000000 
1726 0.000000 0.000000 
1727 0.000000 0.000000 
1728 0.000000 0.000000 
1729 0.000000 0.000000 
1730 0.000000 0.000000 
1731 0.000000 0.000000 
1732 0.000000 0.000000 
1733 0.000000 0.000000 
1734 0.000000 0.000000 
1735 0.000000 0.000000 
1736 0.000000 0.000000 
1737 0.000000 0.000000 
1738 0.000000 0.000000 
1739 0.000000 0.000000 
1740 0.000000 0.000000 
1741 0.000000 0.000000 
1742 0.000000 0.000000 
1743 0.000000 0.000000 
1744 0.000000 0.000000 
1745 0.000000 0.000000 
1746 0.000000 0.000000 
1747 0.000000 0.000000 
1748 0.000000 0.000000 
1749 0.000000 0.000000 
1750 0.000000 0.000000 
1751 0.000000 0.000000 
1752 0.000000 0.000000 
1753 0.000000 0.000000 
1754 0.000000 0.000000 
1755 0.000000 0.000000 
1756 0.000000 0.000000 
1757 0.000000 0.000000 
1758 0.000000 0.000000 
1759 0.000000 0.000000 
1760 0.000000 0.000000 
1761 0.000000 0.000000 
1762 0.000000 0.000000 
1763 0.000000 0.000000 
1764 0.000000 0.000000 
1765 0.000000 0.000000 
1766 0.000000 0.000000 
1767 0.000000 0.000000 
1768 0.000000 0.000000 
1769 0.000000 0.000000 
1770 0.000000 0.000000 
1771 0.000000 0.000000 
1772 0.000000 0.000000 
1773 0.000000 0.000000 
1774 0.000000 0.000000 
1775 0.000000 0.000000 
1776 0.000000 0.000000 
1777 0.000000 0.000000 
1778 0.000000 0.000000 
1779 0.000000 0.000000 
1780 0.000000 0.000000 
1781 0.000000 0.000000 
1782 0.000000 0.000000 
1783 0.000000 0.000000 
1784 0.000000 0.000000 
1785 0.000000 0.000000 
1786 0.000000 0.000000 
1787 0.000000 0.000000 
1788 0.000000 0.000000 
1789 0.000000 0.000000 
1790 0.000000 0.000000 
1791 0.000000 0.000000 
1792 0.000000 0.000000 
1793 0.000000 0.000000 
1794 0.000000 0.000000 
1795 0.000000 0.000000 
1796 0.000000 0.000000 
1797 0.000000 0.000000 
1798 0.000000 0.000000 
1799 0.000000 0.000000 
1800 0.000000 0.000000 
1801 0.000000 0.000000 
1802 0.000000 0.000000 
1803 0.000000 0.000000 
1804 0.000000 0.000000 
1805 0.000000 0.000000 
1806 0.000000 0.000000 
1807 0.000000 0.000000 
1808 0.000000 0.000000 
1809 0.000000 0.000000 
1810 0.000000 0.000000 
1811 0.000000 0.000000 
1812 0.000000 0.000000 
1813 0.000000 0.000000 
1814 0.000000 0.000000 
1815 0.000000 0.000000 
1816 0.000000 0.000000 
1817 0.000000 0.000000 
1818 0.000000 0.000000 
1819 0.000000 0.000000 
1820 0.000000 0.000000 
1821 0.000000 0.000000 
1822 0.000000 0.000000 
1823 0.000000 0.000000 
1824 0.000000 0.000000 
1825 0.000000 0.000000 
1826 0.000000 0.000000 
1827 0.000000 0.000000 
1828 0.000000 0.000000 
1829 0.000000 0.000000 
1830 0.000000 0.000000 
1831 0.000000 0.000000 
1832 0.000000 0.000000 
1833 0.000000 0.000000 
1834 0.000000 0.000000 
1835 0.000000 0.000000 
1836 0.000000 0.000000 
1837 0.000000 0.000000 
1838 0.000000 0.000000 
1839 0.000000 0.000000 
1840 0.000000 0.000000 
1841 0.000000 0.000000 
1842 0.000000 0.000000 
1843 0.000000 0.000000 
1844 0.000000 0.000000 
1845 0.000000 0.000000 
1846 0.000000 0.000000 
1847 0.000000 0.000000 
1848 0.000000 0.000000 
1849 0.000000 0.000000 
1850 0.000000 0.000000 
1851 0.000000 0.000000 
1852 0.000000 0.000000 
1853 0.000000 0.000000 
1854 0.000000 0.000000 
1855 0.000000 0.000000 
1856 0.000000 0.000000 
1857 0.000000 0.000000 
1858 0.000000 0.000000 
1859 0.000000 0.000000 
1860 0.000000 0.000000 
1861 0.000000 0.000000 
1862 0.000000 0.000000 
1863 0.000000 0.000000 
1864 0.000000 0.000000 
1865 0.000000 0.000000 
1866 0.000000 0.000000 
1867 0.000000 0.000000 
1868 0.000000 0.000000 
1869 0.000000 0.000000 
1870 0.000000 0.000000 
1871 0.000000 0.000000 
1872 0.000000 0.000000 
1873 0.000000 0.000000 
1874 0.000000 0.000000 
1875 0.000000 0.000000 
1876 0.000000 0.000000 
1877 0.000000 0.000000 
1878 0.000000 0.000000 
1879 0.000000 0.000000 
1880 0.000000 0.000000 
1881 0.000000 0.000000 
1882 0.000000 0.000000 
1883 0.000000 0.000000 
1884 0.000000 0.000000 
1885 0.000000 0.000000 
1886 0.000000 0.000000 
1887 0.000000 0.000000 
1888 0.000000 0.000000 
1889 0.000000 0.000000 
1890 0.000000 0.000000 
1891 0.000000 0.000000 
1892 0.000000 0.000000 
1893 0.000000 0.000000 
1894 0.000000 0.000000 
1895 0.000000 0.000000 
1896 0.000000 0.000000 
1897 0.000000 0.000000 
1898 0.000000 0.000000 
1899 0.000000 0.000000 
1900 0.000000 0.000000 
1901 0.000000 0.000000 
1902 0.000000 0.000000 
1903 0.000000 0.000000 
1904 0.000000 0.000000 
1905 0.000000 0.000000 
1906 0.000000 0.000000 
1907 0.000000 0.000000 
1908 0.000000 0.000000 
1909 0.000000 0.000000 
1910 0.000000 0.000000 
1911 0.000000 0.000000 
1912 0.000000 0.000000 
1913 0.000000 0.000000 
1914 0.000000 0.000000 
1915 0.000000 0.000000 
1916 0.000000 0.000000 
1917 0.000000 0.000000 
1918 0.000000 0.000000 
1919 0.000000 0.000000 
1920 0.000000 0.000000 
1921 0.000000 0.000000 
1922 0.000000 0.000000 
1923 0.000000 0.000000 
1924 0.000000 0.000000 
1925 0.000000 0.000000 
1926 0.000000 0.000000 
1927 0.000000 0.000000 
1928 0.000000 0.000000 
1929 0.000000 0.000000 
1930 0.000000 0.000000 
1931 0.000000 0.000000 
1932 0.000000 0.000000 
1933 0.000000 0.000000 
1934 0.000000 0.000000 
1935 0.000000 0.000000 
1936 0.000000 0.000000 
1937 0.000000 0.000000 
1938 0.000000 0.000000 
1939 0.000000 0.000000 
1940 0.000000 0.000000 
1941 0.000000 0.000000 
1942 0.000000 0.000000 
1943 0.000000 0.000000 
1944 0.000000 0.000000 
1945 0.000000 0.000000 
1946 0.000000 0.000000 
1947 0.000000 0.000000 
1948 0.000000 0.000000 
1949 0.000000 0.000000 
1950 0.000000 0.000000 
1951 0.000000 0.000000 
1952 0.000000 0.000000 
1953 0.000000 0.000000 
1954 0.000000 0.000000 
1955 0.000000 0.000000 
1956 0.000000 0.000000 
1957 0.000000 0.000000 
1958 0.000000 0.000000 
1959 0.000000 0.000000 
1960 0.000000 0.000000 
1961 0.000000 0.000000 
1962 0.000000 0.000000 
1963 0.000000 0.000000 
1964 0.000000 0.000000 
1965 0.000000 0.000000 
1966 0.000000 0.000000 
1967 0.000000 0.000000 
1968 0.000000 0.000000 
1969 0.000000 0.000000 
1970 0.000000 0.000000 
1971 0.000000 0.000000 
1972 0.000000 0.000000 
1973 0.000000 0.000000 
1974 0.000000 0.000000 
1975 0.000000 0.000000 
1976 0.000000 0.000000 
1977 0.000000 0.000000 
1978 0.000000 0.000000 
1979 0.000000 0.000000 
1980 0.000000 0.000000 
1981 0.000000 0.000000 
1982 0.000000 0.000000 
1983 0.000000 0.000000 
1984 0.000000 0.000000 
1985 0.000000 0.000000 
1986 0.000000 0.000000 
1987 0.000000 0.000000 
1988 0.000000 0.000000 
1989 0.000000 0.000000 
1990 0.000000 0.000000 
1991 0.000000 0.000000 
1992 0.000000 0.000000 
1993 0.000000 0.000000 
1994 0.000000 0.000000 
1995 0.000000 0.000000 
1996 0.000000 0.000000 
1997 0.000000 0.000000 
1998 0.000000 0.000000 
1999 0.000000 0.000000 
2000 0.000000 0.000000 
2001 0.000000 0.000000 
2002 0.000000 0.000000 
2003 0.000000 0.000000 
2004 0.000000 0.000000 
2005 0.000000 0.000000 
2006 0.000000 0.000000 
2007 0.000000 0.000000 
2008 0.000000 0.000000 
2009 0.000000 0.000000 
2010 0.000000 0.000000 
2011 0.000000 0.000000 
2012 0.000000 0.000000 
2013 0.000000 0.000000 
2014 0.000000 0.000000 
2015 0.000000 0.000000 
2016 0.000000 0.000000 
2017 0.000000 0.000000 
2018 0.000000 0.000000 
2019 0.000000 0.000000 
2020 0.000000 0.000000 
2021 0.000000 0.000000 
2022 0.000000 0.000000 
2023 0.000000 0.000000 
2024 0.000000 0.000000 
2025 0.000000 0.000000 
2026 0.000000 0.000000 
2027 0.000000 0.000000 
2028 0.000000 0.000000 
2029 0.000000 0.000000 
2030 0.000000 0.000000 
2031 0.000000 0.000000 
2032 0.000000 0.000000 
2033 0.000000 0.000000 
2034 0.000000 0.000000 
2035 0.000000 0.000000 
2036 0.000000 0.000000 
2037 0.000000 0.000000 
2038 0.000000 0.000000 
2039 0.000000 0.000000 
2040 0.000000 0.000000 
2041 0.000000 0.000000 
2042 0.000000 0.000000 
2043 0.000000 0.000000 
2044 0.000000 0.000000 
2045 0.000000 0.000000 
2046 0.000000 0.000000 
2047 0.000000 0.000000 
2048 0.000000 0.000000 
2049 0.000000 0.000000 
2050 0.000000 0.000000 
2051 0.000000 0.000000 
2052 0.000000 0.000000 
2053 0.000000 0.000000 
2054 0.000000 0.000000 
2055 0.000000 0.000000 
2056 0.000000 0.000000 
2057 0.000000 0.000000 
2058 0.000000 0.000000 
2059 0.000000 0.000000 
2060 0.000000 0.000000 
2061 0.000000 0.000000 
2062 0.000000 0.000000 
2063 0.000000 0.000000 
2064 0.000000 0.000000 
2065 0.000000 0.000000 
2066 0.000000 0.000000 
2067 0.000000 0.000000 
2068 0.000000 0.000000 
2069 0.000000 0.000000 
2070 0.000000 0.000000 
2071 0.000000 0.000000 
2072 0.000000 0.000000 
2073 0.000000 0.000000 
2074 0.000000 0.000000 
2075 0.000000 0.000000 
2076 0.000000 0.000000 
2077 0.000000 0.000000 
2078 0.000000 0.000000 
2079 0.000000 0.000000 
2080 0.000000 0.000000 
2081 0.000000 0.000000 
2082 0.000000 0.000000 
2083 0.000000 0.000000 
2084 0.000000 0.000000 
2085 0.000000 0.000000 
2086 0.000000 0.000000 
2087 0.000000 0.000000 
2088 0.000000 0.000000 
2089 0.000000 0.000000 
2090 0.000000 0.000000 
2091 0.000000 0.000000 
2092 0.000000 0.000000 
2093 0.000000 0.000000 
2094 0.000000 0.000000 
2095 0.000000 0.000000 
2096 0.000000 0.000000 
2097 0.000000 0.000000 
2098 0.000000 0.000000 
2099 0.000000 0.000000 
2100 0.000000 0.000000 
2101 0.000000 0.000000 
2102 0.000000 0.000000 
2103 0.000000 0.000000 
2104 0.000000 0.000000 
2105 0.000000 0.000000 
2106 0.000000 0.000000 
2107 0.000000 0.000000 
2108 0.000000 0.000000 
2109 0.000000 0.000000 
2110 0.000000 0.000000 
2111 0.000000 0.000000 
2112 0.000000 0.000000 
2113 0.000000 0.000000 
2114 0.000000 0.000000 
2115 0.000000 0.000000 
2116 0.000000 0.000000 
2117 0.000000 0.000000 
2118 0.000000 0.000000 
2119 0.000000 0.000000 
2120 0.000000 0.000000 
2121 0.000000 0.000000 
2122 0.000000 0.000000 
2123 0.000000 0.000000 
2124 0.000000 0.000000 
2125 0.000000 0.000000 
2126 0.000000 0.000000 
2127 0.000000 0.000000 
2128 0.000000 0.000000 
2129 0.000000 0.000000 
2130 0.000000 0.000000 
2131 0.000000 0.000000 
2132 0.000000 0.000000 
2133 0.000000 0.000000 
2134 0.000000 0.000000 
2135 0.000000 0.000000 
2136 0.000000 0.000000 
2137 0.000000 0.000000 
2138 0.000000 0.000000 
2139 0.000000 0.000000 
2140 0.000000 0.000000 
2141 0.000000 0.000000 
2142 0.000000 0.000000 
2143 0.000000 0.000000 
2144 0.000000 0.000000 
2145 0.000000 0.000000 
2146 0.000000 0.000000 
2147 0.000000 0.000000 
2148 0.000000 0.000000 
2149 0.000000 0.000000 
2150 0.000000 0.000000 
2151 0.000000 0.000000 
2152 0.000000 0.000000 
2153 0.000000 0.000000 
2154 0.000000 0.000000 
2155 0.000000 0.000000 
2156 0.000000 0.000000 
2157 0.000000 0.000000 
2158 0.000000 0.000000 
2159 0.000000 0.000000 
2160 0.000000 0.000000 
2161 0.000000 0.000000 
2162 0.000000 0.000000 
2163 0.000000 0.000000 
2164 0.000000 0.000000 
2165 0.000000 0.000000 
2166 0.000000 0.000000 
2167 0.000000 0.000000 
2168 0.000000 0.000000 
2169 0.000000 0.000000 
2170 0.000000 0.000000 
2171 0.000000 0.000000 
2172 0.000000 0.000000 
2173 0.000000 0.000000 
2174 0.000000 0.000000 
2175 0.000000 0.000000 
2176 0.000000 0.000000 
2177 0.000000 0.000000 
2178 0.000000 0.000000 
2179 0.000000 0.000000 
2180 0.000000 0.000000 
2181 0.000000 0.000000 
2182 0.000000 0.000000 
2183 0.000000 0.000000 
2184 0.000000 0.000000 
2185 0.000000 0.000000 
2186 0.000000 0.000000 
2187 0.000000 0.000000 
2188 0.000000 0.000000 
2189 0.000000 0.000000 
2190 0.000000 0.000000 
2191 0.000000 0.000000 
2192 0.000000 0.000000 
2193 0.000000 0.000000 
2194 0.000000 0.000000 
2195 0.000000 0.000000 
2196 0.000000 0.000000 
2197 0.000000 0.000000 
2198 0.000000 0.000000 
2199 0.000000 0.000000 
2200 0.000000 0.000000 
2201 0.000000 0.000000 
2202 0.000000 0.000000 
2203 0.000000 0.000000 
2204 0.000000 0.000000 
2205 0.000000 0.000000 
2206 0.000000 0.000000 
2207 0.000000 0.000000 
2208 0.000000 0.000000 
2209 0.000000 0.000000 
2210 0.000000 0.000000 
2211 0.000000 0.000000 
2212 0.000000 0.000000 
2213 0.000000 0.000000 
2214 0.000000 0.000000 
2215 0.000000 0.000000 
2216 0.000000 0.000000 
2217 0.000000 0.000000 
2218 0.000000 0.000000 
2219 0.000000 0.000000 
2220 0.000000 0.000000 
2221 0.000000 0.000000 
2222 0.000000 0.000000 
2223 0.000000 0.000000 
2224 0.000000 0.000000 
2225 0.000000 0.000000 
2226 0.000000 0.000000 
2227 0.000000 0.000000 
2228 0.000000 0.000000 
2229 0.000000 0.000000 
2230 0.000000 0.000000 
2231 0.000000 0.000000 
2232 0.000000 0.000000 
2233 0.000000 0.000000 
2234 0.000000 0.000000 
2235 0.000000 0.000000 
2236 0.000000 0.000000 
2237 0.000000 0.000000 
2238 0.000000 0.000000 
2239 0.000000 0.000000 
2240 0.000000 0.000000 
2241 0.000000 0.000000 
2242 0.000000 0.000000 
2243 0.000000 0.000000 
2244 0.000000 0.000000 
2245 0.000000 0.000000 
2246 0.000000 0.000000 
2247 0.000000 0.000000 
2248 0.000000 0.000000 
2249 0.000000 0.000000 
2250 0.000000 0.000000 
2251 0.000000 0.000000 
2252 0.000000 0.000000 
2253 0.000000 0.000000 
2254 0.000000 0.000000 
2255 0.000000 0.000000 
2256 0.000000 0.000000 
2257 0.000000 0.000000 
2258 0.000000 0.000000 
2259 0.000000 0.000000 
2260 0.000000 0.000000 
2261 0.000000 0.000000 
2262 0.000000 0.000000 
2263 0.000000 0.000000 
2264 0.000000 0.000000 
2265 0.000000 0.000000 
2266 0.000000 0.000000 
2267 0.000000 0.000000 
2268 0.000000 0.000000 
2269 0.000000 0.000000 
2270 0.000000 0.000000 
2271 0.000000 0.000000 
2272 0.000000 0.000000 
2273 0.000000 0.000000 
2274 0.000000 0.000000 
2275 0.000000 0.000000 
2276 0.000000 0.000000 
2277 0.000000 0.000000 
2278 0.000000 0.000000 
2279 0.000000 0.000000 
2280 0.000000 0.000000 
2281 0.000000 0.000000 
2282 0.000000 0.000000 
2283 0.000000 0.000000 
2284 0.000000 0.000000 
2285 0.000000 0.000000 
2286 0.000000 0.000000 
2287 0.000000 0.000000 
2288 0.000000 0.000000 
2289 0.000000 0.000000 
2290 0.000000 0.000000 
2291 0.000000 0.000000 
2292 0.000000 0.000000 
2293 0.000000 0.000000 
2294 0.000000 0.000000 
2295 0.000000 0.000000 
2296 0.000000 0.000000 
2297 0.000000 0.000000 
2298 0.000000 0.000000 
2299 0.000000 0.000000 
2300 0.000000 0.000000 
2301 0.000000 0.000000 
2302 0.000000 0.000000 
2303 0.000000 0.000000 
2304 0.000000 0.000000 
2305 0.000000 0.000000 
2306 0.000000 0.000000 
2307 0.000000 0.000000 
2308 0.000000 0.000000 
2309 0.000000 0.000000 
2310 0.000000 0.000000 
2311 0.000000 0.000000 
2312 0.000000 0.000000 
2313 0.000000 0.000000 
2314 0.000000 0.000000 
2315 0.000000 0.000000 
2316 0.000000 0.000000 
2317 0.000000 0.000000 
2318 0.000000 0.000000 
2319 0.000000 0.000000 
2320 0.000000 0.000000 
2321 0.000000 0.000000 
2322 0.000000 0.000000 
2323 0.000000 0.000000 
2324 0.000000 0.000000 
2325 0.000000 0.000000 
2326 0.000000 0.000000 
2327 0.000000 0.000000 
2328 0.000000 0.000000 
2329 0.000000 0.000000 
2330 0.000000 0.000000 
2331 0.000000 0.000000 
2332 0.000000 0.000000 
2333 0.000000 0.000000 
2334 0.000000 0.000000 
2335 0.000000 0.000000 
2336 0.000000 0.000000 
2337 0.000000 0.000000 
2338 0.000000 0.000000 
2339 0.000000 0.000000 
2340 0.000000 0.000000 
2341 0.000000 0.000000 
2342 0.000000 0.000000 
2343 0.000000 0.000000 
2344 0.000000 0.000000 
2345 0.000000 0.000000 
2346 0.000000 0.000000 
2347 0.000000 0.000000 
2348 0.000000 0.000000 
2349 0.000000 0.000000 
2350 0.000000 0.000000 
2351 0.000000 0.000000 
2352 0.000000 0.000000 
2353 0.000000 0.000000 
2354 0.000000 0.000000 
2355 0.000000 0.000000 
2356 0.000000 0.000000 
2357 0.000000 0.000000 
2358 0.000000 0.000000 
2359 0.000000 0.000000 
2360 0.000000 0.000000 
2361 0.000000 0.000000 
2362 0.000000 0.000000 
2363 0.000000 0.000000 
2364 0.000000 0.000000 
2365 0.000000 0.000000 
2366 0.000000 0.000000 
2367 0.000000 0.000000 
2368 0.000000 0.000000 
2369 0.000000 0.000000 
2370 0.000000 0.000000 
2371 0.000000 0.000000 
2372 0.000000 0.000000 
2373 0.000000 0.000000 
2374 0.000000 0.000000 
2375 0.000000 0.000000 
2376 0.000000 0.000000 
2377 0.000000 0.000000 
2378 0.000000 0.000000 
2379 0.000000 0.000000 
2380 0.000000 0.000000 
2381 0.000000 0.000000 
2382 0.000000 0.000000 
2383 0.000000 0.000000 
2384 0.000000 0.000000 
2385 0.000000 0.000000 
2386 0.000000 0.000000 
2387 0.000000 0.000000 
2388 0.000000 0.000000 
2389 0.000000 0.000000 
2390 0.000000 0.000000 
2391 0.000000 0.000000 
2392 0.000000 0.000000 
2393 0.000000 0.000000 
2394 0.000000 0.000000 
2395 0.000000 0.000000 
2396 0.000000 0.000000 
2397 0.000000 0.000000 
2398 0.000000 0.000000 
2399 0.000000 0.000000 
2400 0.000000 0.000000 
2401 0.000000 0.000000 
2402 0.000000 0.000000 
2403 0.000000 0.000000 
2404 0.000000 0.000000 
2405 0.000000 0.000000 
2406 0.000000 0.000000 
2407 0.000000 0.000000 
2408 0.000000 0.000000 
2409 0.000000 0.000000 
2410 0.000000 0.000000 
2411 0.000000 0.000000 
2412 0.000000 0.000000 
2413 0.000000 0.000000 
2414 0.000000 0.000000 
2415 0.000000 0.000000 
2416 0.000000 0.000000 
2417 0.000000 0.000000 
2418 0.000000 0.000000 
2419 0.000000 0.000000 
2420 0.000000 0.000000 
2421 0.000000 0.000000 
2422 0.000000 0.000000 
2423 0.000000 0.000000 
2424 0.000000 0.000000 
2425 0.000000 0.000000 
2426 0.000000 0.000000 
2427 0.000000 0.000000 
2428 0.000000 0.000000 
2429 0.000000 0.000000 
2430 0.000000 0.000000 
2431 0.000000 0.000000 
2432 0.000000 0.000000 
2433 0.000000 0.000000 
2434 0.000000 0.000000 
2435 0.000000 0.000000 
2436 0.000000 0.000000 
2437 0.000000 0.000000 
2438 0.000000 0.000000 
2439 0.000000 0.000000 
2440 0.000000 0.000000 
2441 0.000000 0.000000 
2442 0.000000 0.000000 
2443 0.000000 0.000000 
2444 0.000000 0.000000 
2445 0.000000 0.000000 
2446 0.000000 0.000000 
2447 0.000000 0.000000 
2448 0.000000 0.000000 
2449 0.000000 0.000000 
2450 0.000000 0.000000 
2451 0.000000 0.000000 
2452 0.000000 0.000000 
2453 0.000000 0.000000 
2454 0.000000 0.000000 
2455 0.000000 0.000000 
2456 0.000000 0.000000 
2457 0.000000 0.000000 
2458 0.000000 0.000000 
2459 0.000000 0.000000 
2460 0.000000 0.000000 
2461 0.000000 0.000000 
2462 0.000000 0.000000 
2463 0.000000 0.000000 
2464 0.000000 0.000000 
2465 0.000000 0.000000 
2466 0.000000 0.000000 
2467 0.000000 0.000000 
2468 0.000000 0.000000 
2469 0.000000 0.000000 
2470 0.000000 0.000000 
2471 0.000000 0.000000 
2472 0.000000 0.000000 
2473 0.000000 0.000000 
2474 0.000000 0.000000 
2475 0.000000 0.000000 
2476 0.000000 0.000000 
2477 0.000000 0.000000 
2478 0.000000 0.000000 
2479 0.000000 0.000000 
2480 0.000000 0.000000 
2481 0.000000 0.000000 
2482 0.000000 0.000000 
2483 0.000000 0.000000 
2484 0.000000 0.000000 
2485 0.000000 0.000000 
2486 0.000000 0.000000 
2487 0.000000 0.000000 
2488 0.000000 0.000000 
2489 0.000000 0.000000 
2490 0.000000 0.000000 
2491 0.000000 0.000000 
2492 0.000000 0.000000 
2493 0.000000 0.000000 
2494 0.000000 0.000000 
2495 0.000000 0.000000 
2496 0.000000 0.000000 
2497 0.000000 0.000000 
2498 0.000000 0.000000 
2499 0.000000 0.000000 
2500 0.000000 0.000000 
2501 0.000000 0.000000 
2502 0.000000 0.000000 
2503 0.000000 0.000000 
2504 0.000000 0.000000 
2505 0.000000 0.000000 
2506 0.000000 0.000000 
2507 0.000000 0.000000 
2508 0.000000 0.000000 
2509 0.000000 0.000000 
2510 0.000000 0.000000 
2511 0.000000 0.000000 
2512 0.000000 0.000000 
2513 0.000000 0.000000 
2514 0.000000 0.000000 
2515 0.000000 0.000000 
2516 0.000000 0.000000 
2517 0.000000 0.000000 
2518 0.000000 0.000000 
2519 0.000000 0.000000 
2520 0.000000 0.000000 
2521 0.000000 0.000000 
2522 0.000000 0.000000 
2523 0.000000 0.000000 
2524 0.000000 0.000000 
2525 0.000000 0.000000 
2526 0.000000 0.000000 
2527 0.000000 0.000000 
2528 0.000000 0.000000 
2529 0.000000 0.000000 
2530 0.000000 0.000000 
2531 0.000000 0.000000 
2532 0.000000 0.000000 
2533 0.000000 0.000000 
2534 0.000000 0.000000 
2535 0.000000 0.000000 
2536 0.000000 0.000000 
2537 0.000000 0.000000 
2538 0.000000 0.000000 
2539 0.000000 0.000000 
2540 0.000000 0.000000 
2541 0.000000 0.000000 
2542 0.000000 0.000000 
2543 0.000000 0.000000 
2544 0.000000 0.000000 
2545 0.000000 0.000000 
2546 0.000000 0.000000 
2547 0.000000 0.000000 
2548 0.000000 0.000000 
2549 0.000000 0.000000 
2550 0.000000 0.000000 
2551 0.000000 0.000000 
2552 0.000000 0.000000 
2553 0.000000 0.000000 
2554 0.000000 0.000000 
2555 0.000000 0.000000 
2556 0.000000 0.000000 
2557 0.000000 0.000000 
2558 0.000000 0.000000 
2559 0.000000 0.000000 
2560 0.000000 0.000000 
2561 0.000000 0.000000 
2562 0.000000 0.000000 
2563 0.000000 0.000000 
2564 0.000000 0.000000 
2565 0.000000 0.000000 
2566 0.000000 0.000000 
2567 0.000000 0.000000 
2568 0.000000 0.000000 
2569 0.000000 0.000000 
2570 0.000000 0.000000 
2571 0.000000 0.000000 
2572 0.000000 0.000000 
2573 0.000000 0.000000 
2574 0.000000 0.000000 
2575 0.000000 0.000000 
2576 0.000000 0.000000 
2577 0.000000 0.000000 
2578 0.000000 0.000000 
2579 0.000000 0.000000 
2580 0.000000 0.000000 
2581 0.000000 0.000000 
2582 0.000000 0.000000 
2583 0.000000 0.000000 
2584 0.000000 0.000000 
2585 0.000000 0.000000 
2586 0.000000 0.000000 
2587 0.000000 0.000000 
2588 0.000000 0.000000 
2589 0.000000 0.000000 
2590 0.000000 0.000000 
2591 0.000000 0.000000 
2592 0.000000 0.000000 
2593 0.000000 0.000000 
2594 0.000000 0.000000 
2595 0.000000 0.000000 
2596 0.000000 0.000000 
2597 0.000000 0.000000 
2598 0.000000 0.000000 
2599 0.000000 0.000000 
2600 0.000000 0.000000 
2601 0.000000 0.000000 
2602 0.000000 0.000000 
2603 0.000000 0.000000 
2604 0.000000 0.000000 
2605 0.000000 0.000000 
2606 0.000000 0.000000 
2607 0.000000 0.000000 
2608 0.000000 0.000000 
2609 0.000000 0.000000 
2610 0.000000 0.000000 
2611 0.000000 0.000000 
2612 0.000000 0.000000 
2613 0.000000 0.000000 
2614 0.000000 0.000000 
2615 0.000000 0.000000 
2616 0.000000 0.000000 
2617 0.000000 0.000000 
2618 0.000000 0.000000 
2619 0.000000 0.000000 
2620 0.000000 0.000000 
2621 0.000000 0.000000 
2622 0.000000 0.000000 
2623 0.000000 0.000000 
2624 0.000000 0.000000 
2625 0.000000 0.000000 
2626 0.000000 0.000000 
2627 0.000000 0.000000 
2628 0.000000 0.000000 
2629 0.000000 0.000000 
2630 0.000000 0.000000 
2631 0.000000 0.000000 
2632 0.000000 0.000000 
2633 0.000000 0.000000 
2634 0.000000 0.000000 
2635 0.000000 0.000000 
2636 0.000000 0.000000 
2637 0.000000 0.000000 
2638 0.000000 0.000000 
2639 0.000000 0.000000 
2640 0.000000 0.000000 
2641 0.000000 0.000000 
2642 0.000000 0.000000 
2643 0.000000 0.000000 
2644 0.000000 0.000000 
2645 0.000000 0.000000 
2646 0.000000 0.000000 
2647 0.000000 0.000000 
2648 0.000000 0.000000 
2649 0.000000 0.000000 
2650 0.000000 0.000000 
2651 0.000000 0.000000 
2652 0.000000 0.000000 
2653 0.000000 0.000000 
2654 0.000000 0.000000 
2655 0.000000 0.000000 
2656 0.000000 0.000000 
2657 0.000000 0.000000 
2658 0.000000 0.000000 
2659 0.000000 0.000000 
2660 0.000000 0.000000 
2661 0.000000 0.000000 
2662 0.000000 0.000000 
2663 0.000000 0.000000 
2664 0.000000 0.000000 
2665 0.000000 0.000000 
2666 0.000000 0.000000 
2667 0.000000 0.000000 
2668 0.000000 0.000000 
2669 0.000000 0.000000 
2670 0.000000 0.000000 
2671 0.000000 0.000000 
2672 0.000000 0.000000 
2673 0.000000 0.000000 
2674 0.000000 0.000000 
2675 0.000000 0.000001 
2676 0.000000 0.000001 
2677 0.000000 0.000001 
2678 0.000000 0.000001 
2679 0.000000 0.000001 
2680 0.000000 0.000001 
2681 0.000000 0.000001 
2682 0.000000 0.000001 
2683 0.000000 0.000001 
2684 0.000000 0.000001 
2685 0.000000 0.000001 
2686 0.000000 0.000001 
2687 0.000000 0.000001 
2688 0.000000 0.000001 
2689 0.000000 0.000001 
2690 0.000000 0.000001 
2691 0.000000 0.000001 
2692 0.000000 0.000001 
2693 0.000000 0.000001 
2694 0.000000 0.000001 
2695 0.000000 0.000001 
2696 0.000000 0.000001 
2697 0.000000 0.000001 
2698 0.000000 0.000002 
2699 0.000000 0.000002 
2700 0.000000 0.000002 
2701 0.000000 0.000002 
2702 0.000000 0.000002 
2703 0.000000 0.000002 
2704 0.000000 0.000002 
2705 0.000000 0.000002 
2706 0.000000 0.000002 
2707 0.000000 0.000002 
2708 0.000000 0.000002 
2709 0.000000 0.000002 
2710 0.000000 0.000003 
2711 0.000000 0.000003 
2712 0.000000 0.000003 
2713 0.000000 0.000003 
2714 0.000000 0.000003 
2715 0.000000 0.000003 
2716 0.000000 0.000003 
2717 0.000000 0.000004 
2718 0.000000 0.000004 
2719 0.000000 0.000004 
2720 0.000000 0.000004 
2721 0.000000 0.000004 
2722 0.000000 0.000004 
2723 0.000000 0.000005 
2724 0.000000 0.000005 
2725 0.000000 0.000005 
2726 0.000000 0.000005 
2727 0.000000 0.000005 
2728 0.000000 0.000006 
2729 0.000000 0.000006 
2730 0.000000 0.000006 
2731 0.000000 0.000007 
2732 0.000000 0.000007 
2733 0.000000 0.000007 
2734 0.000000 0.000007 
2735 0.000000 0.000008 
2736 0.000000 0.000008 
2737 0.000000 0.000008 
2738 0.000000 0.000009 
2739 0.000000 0.000009 
2740 0.000000 0.000010 
2741 0.000000 0.000010 
2742 0.000000 0.000010 
2743 0.000000 0.000011 
2744 0.000000 0.000011 
2745 0.000000 0.000012 
2746 0.000000 0.000012 
2747 0.000000 0.000013 
2748 0.000000 0.000014 
2749 0.000000 0.000014 
2750 0.000000 0.000015 
2751 0.000000 0.000015 
2752 0.000000 0.000016 
2753 0.000000 0.000017 
2754 0.000000 0.000017 
2755 0.000000 0.000018 
2756 0.000000 0.000019 
2757 0.000000 0.000020 
2758 0.000000 0.000021 
2759 0.000000 0.000021 
2760 0.000000 0.000022 
2761 0.000000 0.000023 
2762 0.000000 0.000024 
2763 0.000000 0.000025 
2764 0.000000 0.000026 
2765 0.000000 0.000027 
2766 0.000000 0.000029 
2767 0.000000 0.000030 
2768 0.000000 0.000031 
2769 0.000000 0.000032 
2770 0.000000 0.000034 
2771 0.000000 0.000035 
2772 0.000000 0.000037 
2773 0.000000 0.000038 
2774 0.000000 0.000040 
2775 0.000000 0.000041 
2776 0.000000 0.000043 
2777 0.000000 0.000045 
2778 0.000000 0.000047 
2779 0.000000 0.000049 
2780 0.000000 0.000051 
2781 0.000000 0.000053 
2782 0.000000 0.000055 
2783 0.000000 0.000057 
2784 0.000000 0.000059 
2785 0.000000 0.000062 
2786 0.000000 0.000064 
2787 0.000000 0.000067 
2788 0.000000 0.000070 
2789 0.000000 0.000072 
2790 0.000000 0.000075 
2791 0.000000 0.000078 
2792 0.000000 0.000081 
2793 0.000000 0.000085 
2794 0.000000 0.000088 
2795 0.000000 0.000092 
2796 0.000000 0.000095 
2797 0.000000 0.000099 
2798 0.000000 0.000103 
2799 0.000000 0.000107 
2800 0.000000 0.000111 
2801 0.000000 0.000116 
2802 0.000000 0.000120 
2803 0.000000 0.000125 
2804 0.000000 0.000130 
2805 0.000000 0.000135 
2806 0.000000 0.000140 
2807 0.000000 0.000146 
2808 0.000000 0.000152 
2809 0.000000 0.000158 
2810 0.000000 0.000164 
2811 0.000000 0.000170 
2812 0.000000 0.000177 
2813 0.000000 0.000184 
2814 0.000000 0.000191 
2815 0.000000 0.000198 
2816 0.000000 0.000206 
2817 0.000000 0.000214 
2818 0.000000 0.000222 
2819 0.000000 0.000230 
2820 0.000000 0.000239 
2821 0.000000 0.000248 
2822 0.000000 0.000258 
2823 0.000000 0.000268 
2824 0.000000 0.000278 
2825 0.000000 0.000288 
2826 0.000000 0.000299 
2827 0.000000 0.000311 
2828 0.000000 0.000322 
2829 0.000000 0.000335 
2830 0.000000 0.000347 
2831 0.000000 0.000360 
2832 0.000000 0.000374 
2833 0.000000 0.000388 
2834 0.000000 0.000402 
2835 0.000000 0.000417 
2836 0.000000 0.000433 
2837 0.000000 0.000449 
2838 0.000000 0.000465 
2839 0.000000 0.000483 
2840 0.000000 0.000500 
2841 0.000000 0.000519 
2842 0.000000 0.000538 
2843 0.000000 0.000558 
2844 0.000000 0.000578 
2845 0.000000 0.000599 
2846 0.000000 0.000621 
2847 0.000000 0.000644 
2848 0.000000 0.000668 
2849 0.000000 0.000692 
2850 0.000000 0.000717 
2851 0.000000 0.000743 
2852 0.000000 0.000770 
2853 0.000000 0.000798 
2854 0.000000 0.000826 
2855 0.000000 0.000856 
2856 0.000000 0.000887 
2857 0.000000 0.000918 
2858 0.000000 0.000951 
2859 0.000000 0.000985 
2860 0.000000 0.001020 
2861 0.000000 0.001057 
2862 0.000000 0.001094 
2863 0.000000 0.001133 
2864 0.000000 0.001173 
2865 0.000000 0.001214 
2866 0.000000 0.001257 
2867 0.000000 0.001301 
2868 0.000000 0.001347 
2869 0.000000 0.001394 
2870 0.000000 0.001443 
2871 0.000000 0.001493 
2872 0.000000 0.001545 
2873 0.000000 0.001599 
2874 0.000000 0.001654 
2875 0.000000 0.001712 
2876 0.000000 0.001771 
2877 0.000000 0.001832 
2878 0.000000 0.001895 
2879 0.000000 0.001960 
2880 0.000000 0.002027 
2881 0.000000 0.002096 
2882 0.000000 0.002168 
2883 0.000000 0.002242 
2884 0.000000 0.002318 
2885 0.000000 0.002397 
2886 0.000000 0.002478 
2887 0.000000 0.002562 
2888 0.000000 0.002648 
2889 0.000000 0.002738 
2890 0.000000 0.002830 
2891 0.000000 0.002924 
2892 0.000000 0.003022 
2893 0.000000 0.003123 
2894 0.000000 0.003227 
2895 0.000000 0.003335 
2896 0.000000 0.003446 
2897 0.000000 0.003560 
2898 0.000000 0.003678 
2899 0.000000 0.003799 
2900 0.000000 0.003924 
2901 0.000000 0.004053 
2902 0.000000 0.004186 
2903 0.000000 0.004323 
2904 0.000000 0.004464 
2905 0.000000 0.004610 
2906 0.000000 0.004760 
2907 0.000000 0.004915 
2908 0.000000 0.005074 
2909 0.000000 0.005238 
2910 0.000000 0.005407 
2911 0.000000 0.005581 
2912 0.000000 0.005761 
2913 0.000000 0.005945 
2914 0.000000 0.006136 
2915 0.000000 0.006332 
2916 0.000000 0.006533 
2917 0.000000 0.006741 
2918 0.000000 0.006955 
2919 0.000000 0.007175 
2920 0.000000 0.007402 
2921 0.000000 0.007636 
2922 0.000000 0.007876 
2923 0.000000 0.008123 
2924 0.000000 0.008378 
2925 0.000000 0.008640 
2926 0.000000 0.008909 
2927 0.000000 0.009187 
2928 0.000000 0.009472 
2929 0.000000 0.009766 
2930 0.000000 0.010068 
2931 0.000000 0.010379 
2932 0.000000 0.010699 
2933 0.000000 0.011027 
2934 0.000000 0.011366 
2935 0.000000 0.011713 
2936 0.000000 0.012071 
2937 0.000000 0.012439 
2938 0.000000 0.012817 
2939 0.000000 0.013206 
2940 0.000000 0.013606 
2941 0.000000 0.014017 
2942 0.000000 0.014439 
2943 0.000000 0.014873 
2944 0.000000 0.015319 
2945 0.000000 0.015778 
2946 0.000000 0.016249 
2947 0.000000 0.016733 
2948 0.000000 0.017231 
2949 0.000000 0.017742 
2950 0.000000 0.018267 
2951 0.000000 0.018807 
2952 0.000000 0.019361 
2953 0.000000 0.019930 
2954 0.000000 0.020515 
2955 0.000000 0.021115 
2956 0.000000 0.021732 
2957 0.000000 0.022365 
2958 0.000000 0.023015 
2959 0.000000 0.023683 
2960 0.000000 0.024368 
2961 0.000000 0.025071 
2962 0.000000 0.025794 
2963 0.000000 0.026535 
2964 0.000000 0.027295 
2965 0.000000 0.028076 
2966 0.000000 0.028877 
2967 0.000000 0.029699 
2968 0.000000 0.030543 
2969 0.000000 0.031408 
2970 0.000000 0.032296 
2971 0.000000 0.033207 
2972 0.000000 0.034141 
2973 0.000000 0.035100 
2974 0.000000 0.036082 
2975 0.000000 0.037090 
2976 0.000000 0.038124 
2977 0.000000 0.039184 
2978 0.000000 0.040271 
2979 0.000000 0.041385 
2980 0.000000 0.042527 
2981 0.000000 0.043698 
2982 0.000000 0.044899 
2983 0.000000 0.046129 
2984 0.000000 0.047390 
2985 0.000000 0.048682 
2986 0.000000 0.050007 
2987 0.000000 0.051364 
2988 0.000000 0.052754 
2989 0.000000 0.054179 
2990 0.000000 0.055638 
2991 0.000000 0.057133 
2992 0.000000 0.058665 
2993 0.000000 0.060233 
2994 0.000000 0.061840 
2995 0.000000 0.063485 
2996 0.000000 0.065169 
2997 0.000000 0.066895 
2998 0.000000 0.068661 
2999 0.000000 0.070469 
3000 0.000000 0.072321 
3001 0.000000 0.074216 
3002 0.000000 0.076156 
3003 0.000000 0.078141 
3004 0.000000 0.080174 
3005 0.000000 0.082253 
3006 0.000000 0.084381 
3007 0.000000 0.086559 
3008 0.000000 0.088787 
3009 0.000000 0.091066 
3010 0.000000 0.093398 
3011 0.000000 0.095784 
3012 0.000000 0.098224 
3013 0.000000 0.100720 
3014 0.000000 0.103272 
3015 0.000000 0.105882 
3016 0.000000 0.108551 
3017 0.000000 0.111281 
3018 0.000000 0.114071 
3019 0.000000 0.116924 
3020 0.000000 0.119840 
3021 0.000000 0.122822 
3022 0.000000 0.125869 
3023 0.000000 0.128983 
3024 0.000000 0.132166 
3025 0.000000 0.135419 
3026 0.000000 0.138743 
3027 0.000000 0.142139 
3028 0.000000 0.145609 
3029 0.000000 0.149154 
3030 0.000000 0.152775 
3031 0.000000 0.156474 
3032 0.000000 0.160253 
3033 0.000000 0.164112 
3034 0.000000 0.168053 
3035 0.000000 0.172077 
3036 0.000000 0.176186 
3037 0.000000 0.180382 
3038 0.000000 0.184666 
3039 0.000000 0.189040 
3040 0.000000 0.193504 
3041 0.000000 0.198061 
3042 0.000000 0.202712 
3043 0.000000 0.207459 
3044 0.000000 0.212303 
3045 0.000000 0.217247 
3046 0.000000 0.222291 
3047 0.000000 0.227437 
3048 0.000000 0.232688 
3049 0.000000 0.238044 
3050 0.000000 0.243508 
3051 0.000000 0.249081 
3052 0.000000 0.254765 
3053 0.000000 0.260562 
3054 0.000000 0.266474 
3055 0.000000 0.272502 
3056 0.000000 0.278649 
3057 0.000000 0.284915 
3058 0.000000 0.291304 
3059 0.000000 0.297817 
3060 0.000000 0.304455 
3061 0.000000 0.311222 
3062 0.000000 0.318118 
3063 0.000000 0.325146 
3064 0.000000 0.332308 
3065 0.000000 0.339605 
3066 0.000000 0.347040 
3067 0.000000 0.354615 
3068 0.000000 0.362332 
3069 0.000000 0.370193 
3070 0.000000 0.378200 
3071 0.000000 0.386355 
3072 0.000000 0.394660 
3073 0.000000 0.403118 
3074 0.000000 0.411730 
3075 0.000000 0.420499 
3076 0.000000 0.429427 
3077 0.000000 0.438516 
3078 0.000000 0.447769 
3079 0.000000 0.457187 
3080 0.000000 0.466773 
3081 0.000000 0.476529 
3082 0.000000 0.486457 
3083 0.000000 0.496561 
3084 0.000000 0.506841 
3085 0.000000 0.517300 
3086 0.000000 0.527942 
3087 0.000000 0.538767 
3088 0.000000 0.549778 
3089 0.000000 0.560979 
3090 0.000000 0.572370 
3091 0.000000 0.583955 
3092 0.000000 0.595736 
3093 0.000000 0.607715 
3094 0.000000 0.619895 
3095 0.000000 0.632278 
3096 0.000000 0.644866 
3097 0.000000 0.657663 
3098 0.000000 0.670670 
3099 0.000000 0.683890 
3100 0.000000 0.697325 
3101 0.000000 0.710979 
3102 0.000000 0.724852 
3103 0.000000 0.738949 
3104 0.000000 0.753271 
3105 0.000000 0.767821 
3106 0.000000 0.782601 
3107 0.000000 0.797614 
3108 0.000000 0.812862 
3109 0.000000 0.828349 
3110 0.000000 0.844075 
3111 0.000000 0.860045 
3112 0.000000 0.876259 
3113 0.000000 0.892722 
3114 0.000000 0.909435 
3115 0.000000 0.926401 
3116 0.000000 0.943623 
3117 0.000000 0.961102 
3118 0.000000 0.978842 
3119 0.000000 0.996844 
3120 0.000000 1.015112 
3121 0.000000 1.033648 
3122 0.000000 1.052454 
3123 0.000000 1.071533 
3124 0.000000 1.090887 
3125 0.000000 1.110518 
3126 0.000000 1.130430 
3127 0.000000 1.150624 
3128 0.000000 1.171103 
3129 0.000000 1.191870 
3130 0.000000 1.212926 
3131 0.000000 1.234274 
3132 0.000000 1.255917 
3133 0.000000 1.277856 
3134 0.000000 1.300094 
3135 0.000000 1.322634 
3136 0.000000 1.345477 
3137 0.000000 1.368626 
3138 0.000000 1.392084 
3139 0.000000 1.415851 
3140 0.000000 1.439932 
3141 0.000000 1.464327 
3142 0.000000 1.489038 
3143 0.000000 1.514069 
3144 0.000000 1.539421 
3145 0.000000 1.565096 
3146 0.000000 1.591096 
3147 0.000000 1.617423 
3148 0.000000 1.644080 
3149 0.000000 1.671067 
3150 0.000000 1.698388 
3151 0.000000 1.726043 
3152 0.000000 1.754036 
3153 0.000000 1.782366 
3154 0.000000 1.811037 
3155 0.000000 1.840050 
3156 0.000000 1.869407 
3157 0.000000 1.899109 
3158 0.000000 1.929158 
3159 0.000000 1.959556 
3160 0.000000 1.990304 
3161 0.000000 2.021403 
3162 0.000000 2.052856 
3163 0.000000 2.084662 
3164 0.000000 2.116825 
3165 0.000000 2.149344 
3166 0.000000 2.182222 
3167 0.000000 2.215459 
3168 0.000000 2.249057 
3169 0.000000 2.283016 
3170 0.000000 2.317338 
3171 0.000000 2.352024 
3172 0.000000 2.387074 
3173 0.000000 2.422490 
3174 0.000000 2.458272 
3175 0.000000 2.494421 
3176 0.000000 2.530938 
3177 0.000000 2.567823 
3178 0.000000 2.605077 
3179 0.000000 2.642700 
3180 0.000000 2.680693 
3181 0.000000 2.719056 
3182 0.000000 2.757790 
3183 0.000000 2.796894 
3184 0.000000 2.836369 
3185 0.000000 2.876215 
3186 0.000000 2.916431 
3187 0.000000 2.957019 
3188 0.000000 2.997977 
3189 0.000000 3.039306 
3190 0.000000 3.081005 
3191 0.000000 3.123074 
3192 0.000000 3.165512 
3193 0.000000 3.208320 
3194 0.000000 3.251495 
3195 0.000000 3.295038 
3196 0.000000 3.338948 
3197 0.000000 3.383225 
3198 0.000000 3.427866 
3199 0.000000 3.472871 
3200 0.000000 3.518240 
3201 0.000000 3.563970 
3202 0.000000 3.610062 
3203 0.000000 3.656512 
3204 0.000000 3.703320 
3205 0.000000 3.750485 
3206 0.000000 3.798004 
3207 0.000000 3.845876 
3208 0.000000 3.894100 
3209 0.000000 3.942673 
3210 0.000000 3.991594 
3211 0.000000 4.040859 
3212 0.000000 4.090468 
3213 0.000000 4.140418 
3214 0.000000 4.190706 
3215 0.000000 4.241331 
3216 0.000000 4.292289 
3217 0.000000 4.343578 
3218 0.000000 4.395196 
3219 0.000000 4.447139 
3220 0.000000 4.499404 
3221 0.000000 4.551989 
3222 0.000000 4.604890 
3223 0.000000 4.658105 
3224 0.000000 4.711629 
3225 0.000000 4.765460 
3226 0.000000 4.819594 
3227 0.000000 4.874027 
3228 0.000000 4.928755 
3229 0.000000 4.983776 
3230 0.000000 5.039084 
3231 0.000000 5.094677 
3232 0.000000 5.150549 
3233 0.000000 5.206697 
3234 0.000000 5.263116 
3235 0.000000 5.319802 
3236 0.000000 5.376750 
3237 0.000000 5.433956 
3238 0.000000 5.491415 
3239 0.000000 5.549122 
3240 0.000000 5.607073 
3241 0.000000 5.665262 
3242 0.000000 5.723685 
3243 0.000000 5.782335 
3244 0.000000 5.841209 
3245 0.000000 5.900299 
3246 0.000000 5.959602 
3247 0.000000 6.019111 
3248 0.000000 6.078820 
3249 0.000000 6.138725 
3250 0.000000 6.198818 
3251 0.000000 6.259094 
3252 0.000000 6.319547 
3253 0.000000 6.380171 
3254 0.000000 6.440960 
3255 0.000000 6.501907 
3256 0.000000 6.563005 
3257 0.000000 6.624249 
3258 0.000000 6.685631 
3259 0.000000 6.747146 
3260 0.000000 6.808785 
3261 0.000000 6.870543 
3262 0.000000 6.932412 
3263 0.000000 6.994385 
3264 0.000000 7.056455 
3265 0.000000 7.118616 
3266 0.000000 7.180859 
3267 0.000000 7.243177 
3268 0.000000 7.305563 
3269 0.000000 7.368010 
3270 0.000000 7.430509 
3271 0.000000 7.493053 
3272 0.000000 7.555634 
3273 0.000000 7.618245 
3274 0.000000 7.680877 
3275 0.000000 7.743523 
3276 0.000000 7.806174 
3277 0.000000 7.868823 
3278 0.000000 7.931461 
3279 0.000000 7.994080 
3280 0.000000 8.056672 
3281 0.000000 8.119228 
3282 0.000000 8.181741 
3283 0.000000 8.244200 
3284 0.000000 8.306599 
3285 0.000000 8.368929 
3286 0.000000 8.431180 
3287 0.000000 8.493344 
3288 0.000000 8.555413 
3289 0.000000 8.617377 
3290 0.000000 8.679228 
3291 0.000000 8.740958 
3292 0.000000 8.802556 
3293 0.000000 8.864015 
3294 0.000000 8.925325 
3295 0.000000 8.986477 
3296 0.000000 9.047462 
3297 0.000000 9.108272 
3298 0.000000 9.168897 
3299 0.000000 9.229327 
3300 0.000000 9.289555 
3301 0.000000 9.349570 
3302 0.000000 9.409364 
3303 0.000000 9.468927 
3304 0.000000 9.528251 
3305 0.000000 9.587325 
3306 0.000000 9.646141 
3307 0.000000 9.704690 
3308 0.000000 9.762962 
3309 0.000000 9.820948 
3310 0.000000 9.878639 
3311 0.000000 9.936025 
3312 0.000000 9.993098 
3313 0.000000 10.049848 
3314 0.000000 10.106267 
3315 0.000000 10.162344 
3316 0.000000 10.218070 
3317 0.000000 10.273437 
3318 0.000000 10.328436 
3319 0.000000 10.383057 
3320 0.000000 10.437291 
3321 0.000000 10.491129 
3322 0.000000 10.544562 
3323 0.000000 10.597581 
3324 0.000000 10.650177 
3325 0.000000 10.702342 
3326 0.000000 10.754066 
3327 0.000000 10.805340 
3328 0.000000 10.856156 
3329 0.000000 10.906505 
3330 0.000000 10.956378 
3331 0.000000 11.005766 
3332 0.000000 11.054662 
3333 0.000000 11.103056 
3334 0.000000 11.150940 
3335 0.000000 11.198306 
3336 0.000000 11.245145 
3337 0.000000 11.291449 
3338 0.000000 11.337209 
3339 0.000000 11.382418 
3340 0.000000 11.427068 
3341 0.000000 11.471150 
3342 0.000000 11.514657 
3343 0.000000 11.557581 
3344 0.000000 11.599914 
3345 0.000000 11.641648 
3346 0.000000 11.682776 
3347 0.000000 11.723291 
3348 0.000000 11.763184 
3349 0.000000 11.802449 
3350 0.000000 11.841079 
3351 0.000000 11.879067 
3352 0.000000 11.916404 
3353 0.000000 11.953086 
3354 0.000000 11.989104 
3355 0.000000 12.024452 
3356 0.000000 12.059124 
3357 0.000000 12.093113 
3358 0.000000 12.126413 
3359 0.000000 12.159017 
3360 0.000000 12.190920 
3361 0.000000 12.222116 
3362 0.000000 12.252598 
3363 0.000000 12.282361 
3364 0.000000 12.311400 
3365 0.000000 12.339708 
3366 0.000000 12.367281 
3367 0.000000 12.394113 
3368 0.000000 12.420200 
3369 0.000000 12.445535 
3370 0.000000 12.470116 
3371 0.000000 12.493936 
3372 0.000000 12.516991 
3373 0.000000 12.539277 
3374 0.000000 12.560790 
3375 0.000000 12.581525 
3376 0.000000 12.601479 
3377 0.000000 12.620647 
3378 0.000000 12.639027 
3379 0.000000 12.656614 
3380 0.000000 12.673405 
3381 0.000000 12.689397 
3382 0.000000 12.704587 
3383 0.000000 12.718972 
3384 0.000000 12.732549 
3385 0.000000 12.745315 
3386 0.000000 12.757268 
3387 0.000000 12.768406 
3388 0.000000 12.778727 
3389 0.000000 12.788228 
3390 0.000000 12.796908 
3391 0.000000 12.804765 
3392 0.000000 12.811798 
3393 0.000000 12.818005 
3394 0.000000 12.823385 
3395 0.000000 12.827936 
3396 0.000000 12.831659 
3397 0.000000 12.834552 
3398 0.000000 12.836615 
3399 0.000000 12.837847 
3400 0.000000 12.838249 
3401 0.000000 12.837819 
3402 0.000000 12.836558 
3403 0.000000 12.834467 
3404 0.000000 12.831546 
3405 0.000000 12.827795 
3406 0.000000 12.823216 
3407 0.000000 12.817808 
3408 0.000000 12.811573 
3409 0.000000 12.804512 
3410 0.000000 12.796628 
3411 0.000000 12.787920 
3412 0.000000 12.778391 
3413 0.000000 12.768043 
3414 0.000000 12.756877 
3415 0.000000 12.744896 
3416 0.000000 12.732103 
3417 0.000000 12.718499 
3418 0.000000 12.704087 
3419 0.000000 12.688871 
3420 0.000000 12.672852 
3421 0.000000 12.656035 
3422 0.000000 12.638422 
3423 0.000000 12.620016 
3424 0.000000 12.600822 
3425 0.000000 12.580843 
3426 0.000000 12.560082 
3427 0.000000 12.538544 
3428 0.000000 12.516233 
3429 0.000000 12.493153 
3430 0.000000 12.469309 
3431 0.000000 12.444704 
3432 0.000000 12.419345 
3433 0.000000 12.393235 
3434 0.000000 12.366379 
3435 0.000000 12.338783 
3436 0.000000 12.310452 
3437 0.000000 12.281391 
3438 0.000000 12.251606 
3439 0.000000 12.221102 
3440 0.000000 12.189885 
3441 0.000000 12.157961 
3442 0.000000 12.125335 
3443 0.000000 12.092015 
3444 0.000000 12.058006 
3445 0.000000 12.023314 
3446 0.000000 11.987946 
3447 0.000000 11.951909 
3448 0.000000 11.915209 
3449 0.000000 11.877853 
3450 0.000000 11.839847 
3451 0.000000 11.801200 
3452 0.000000 11.761917 
3453 0.000000 11.722007 
3454 0.000000 11.681476 
3455 0.000000 11.640332 
3456 0.000000 11.598582 
3457 0.000000 11.556234 
3458 0.000000 11.513295 
3459 0.000000 11.469774 
3460 0.000000 11.425677 
3461 0.000000 11.381014 
3462 0.000000 11.335791 
3463 0.000000 11.290018 
3464 0.000000 11.243702 
3465 0.000000 11.196851 
3466 0.000000 11.149474 
3467 0.000000 11.101578 
3468 0.000000 11.053174 
3469 0.000000 11.004268 
3470 0.000000 10.954869 
3471 0.000000 10.904987 
3472 0.000000 10.854629 
3473 0.000000 10.803805 
3474 0.000000 10.752522 
3475 0.000000 10.700791 
3476 0.000000 10.648619 
3477 0.000000 10.596016 
3478 0.000000 10.542990 
3479 0.000000 10.489551 
3480 0.000000 10.435708 
3481 0.000000 10.381469 
3482 0.000000 10.326844 
3483 0.000000 10.271841 
3484 0.000000 10.216470 
3485 0.000000 10.160740 
3486 0.000000 10.104660 
3487 0.000000 10.048240 
3488 0.000000 9.991487 
3489 0.000000 9.934413 
3490 0.000000 9.877025 
3491 0.000000 9.819333 
3492 0.000000 9.761347 
3493 0.000000 9.703075 
3494 0.000000 9.644527 
3495 0.000000 9.585712 
3496 0.000000 9.526639 
3497 0.000000 9.467317 
3498 0.000000 9.407756 
3499 0.000000 9.347965 
3500 0.000000 9.287953 
3501 0.000000 9.227728 
3502 0.000000 9.167301 
3503 0.000000 9.106681 
3504 0.000000 9.045876 
3505 0.000000 8.984895 
3506 0.000000 8.923748 
3507 0.000000 8.862444 
3508 0.000000 8.800992 
3509 0.000000 8.739399 
3510 0.000000 8.677677 
3511 0.000000 8.615833 
3512 0.000000 8.553876 
3513 0.000000 8.491815 
3514 0.000000 8.429659 
3515 0.000000 8.367416 
3516 0.000000 8.305095 
3517 0.000000 8.242706 
3518 0.000000 8.180255 
3519 0.000000 8.117753 
3520 0.000000 8.055206 
3521 0.000000 7.992625 
3522 0.000000 7.930016 
3523 0.000000 7.867389 
3524 0.000000 7.804752 
3525 0.000000 7.742112 
3526 0.000000 7.679478 
3527 0.000000 7.616857 
3528 0.000000 7.554259 
3529 0.000000 7.491690 
3530 0.000000 7.429159 
3531 0.000000 7.366673 
3532 0.000000 7.304240 
3533 0.000000 7.241867 
3534 0.000000 7.179562 
3535 0.000000 7.117333 
3536 0.000000 7.055187 
3537 0.000000 6.993131 
3538 0.000000 6.931172 
3539 0.000000 6.869318 
3540 0.000000 6.807575 
3541 0.000000 6.745951 
3542 0.000000 6.684452 
3543 0.000000 6.623085 
3544 0.000000 6.561857 
3545 0.000000 6.500774 
3546 0.000000 6.439843 
3547 0.000000 6.379070 
3548 0.000000 6.318463 
3549 0.000000 6.258026 
3550 0.000000 6.197766 
3551 0.000000 6.137689 
3552 0.000000 6.077801 
3553 0.000000 6.018108 
3554 0.000000 5.958616 
3555 0.000000 5.899331 
3556 0.000000 5.840257 
3557 0.000000 5.781401 
3558 0.000000 5.722767 
3559 0.000000 5.664362 
3560 0.000000 5.606190 
3561 0.000000 5.548256 
3562 0.000000 5.490566 
3563 0.000000 5.433125 
3564 0.000000 5.375936 
3565 0.000000 5.319005 
3566 0.000000 5.262337 
3567 0.000000 5.205935 
3568 0.000000 5.149805 
3569 0.000000 5.093950 
3570 0.000000 5.038375 
3571 0.000000 4.983084 
3572 0.000000 4.928081 
3573 0.000000 4.873370 
3574 0.000000 4.818954 
3575 0.000000 4.764838 
3576 0.000000 4.711024 
3577 0.000000 4.657517 
3578 0.000000 4.604320 
3579 0.000000 4.551436 
3580 0.000000 4.498868 
3581 0.000000 4.446620 
3582 0.000000 4.394694 
3583 0.000000 4.343093 
3584 0.000000 4.291821 
3585 0.000000 4.240880 
3586 0.000000 4.190272 
3587 0.000000 4.140000 
3588 0.000000 4.090067 
3589 0.000000 4.040474 
3590 0.000000 3.991225 
3591 0.000000 3.942320 
3592 0.000000 3.893764 
3593 0.000000 3.845556 
3594 0.000000 3.797699 
3595 0.000000 3.750196 
3596 0.000000 3.703047 
3597 0.000000 3.656254 
3598 0.000000 3.609819 
3599 0.000000 3.563743 
3600 0.000000 3.518028 
3601 0.000000 3.472674 
3602 0.000000 3.427684 
3603 0.000000 3.383057 
3604 0.000000 3.338795 
3605 0.000000 3.294900 
3606 0.000000 3.251371 
3607 0.000000 3.208209 
3608 0.000000 3.165416 
3609 0.000000 3.122991 
3610 0.000000 3.080936 
3611 0.000000 3.039250 
3612 0.000000 2.997935 
3613 0.000000 2.956990 
3614 0.000000 2.916415 
3615 0.000000 2.876211 
3616 0.000000 2.836378 
3617 0.000000 2.796915 
3618 0.000000 2.757823 
3619 0.000000 2.719102 
3620 0.000000 2.680750 
3621 0.000000 2.642769 
3622 0.000000 2.605157 
3623 0.000000 2.567915 
3624 0.000000 2.531041 
3625 0.000000 2.494535 
3626 0.000000 2.458397 
3627 0.000000 2.422625 
3628 0.000000 2.387220 
3629 0.000000 2.352180 
3630 0.000000 2.317504 
3631 0.000000 2.283192 
3632 0.000000 2.249242 
3633 0.000000 2.215654 
3634 0.000000 2.182426 
3635 0.000000 2.149557 
3636 0.000000 2.117046 
3637 0.000000 2.084893 
3638 0.000000 2.053094 
3639 0.000000 2.021650 
3640 0.000000 1.990559 
3641 0.000000 1.959819 
3642 0.000000 1.929429 
3643 0.000000 1.899387 
3644 0.000000 1.869693 
3645 0.000000 1.840343 
3646 0.000000 1.811337 
3647 0.000000 1.782673 
3648 0.000000 1.754348 
3649 0.000000 1.726363 
3650 0.000000 1.698713 
3651 0.000000 1.671399 
3652 0.000000 1.644417 
3653 0.000000 1.617766 
3654 0.000000 1.591444 
3655 0.000000 1.565450 
3656 0.000000 1.539780 
3657 0.000000 1.514433 
3658 0.000000 1.489407 
3659 0.000000 1.464700 
3660 0.000000 1.440309 
3661 0.000000 1.416233 
3662 0.000000 1.392470 
3663 0.000000 1.369016 
3664 0.000000 1.345871 
3665 0.000000 1.323031 
3666 0.000000 1.300495 
3667 0.000000 1.278260 
3668 0.000000 1.256324 
3669 0.000000 1.234684 
3670 0.000000 1.213339 
3671 0.000000 1.192285 
3672 0.000000 1.171521 
3673 0.000000 1.151044 
3674 0.000000 1.130852 
3675 0.000000 1.110943 
3676 0.000000 1.091313 
3677 0.000000 1.071961 
3678 0.000000 1.052884 
3679 0.000000 1.034079 
3680 0.000000 1.015545 
3681 0.000000 0.997278 
3682 0.000000 0.979276 
3683 0.000000 0.961538 
3684 0.000000 0.944059 
3685 0.000000 0.926838 
3686 0.000000 0.909873 
3687 0.000000 0.893160 
3688 0.000000 0.876698 
3689 0.000000 0.860483 
3690 0.000000 0.844514 
3691 0.000000 0.828787 
3692 0.000000 0.813301 
3693 0.000000 0.798052 
3694 0.000000 0.783039 
3695 0.000000 0.768258 
3696 0.000000 0.753708 
3697 0.000000 0.739385 
3698 0.000000 0.725288 
3699 0.000000 0.711413 
3700 0.000000 0.697759 
3701 0.000000 0.684322 
3702 0.000000 0.671101 
3703 0.000000 0.658093 
3704 0.000000 0.645295 
3705 0.000000 0.632705 
3706 0.000000 0.620320 
3707 0.000000 0.608139 
3708 0.000000 0.596158 
3709 0.000000 0.584376 
3710 0.000000 0.572789 
3711 0.000000 0.561396 
3712 0.000000 0.550194 
3713 0.000000 0.539180 
3714 0.000000 0.528353 
3715 0.000000 0.517709 
3716 0.000000 0.507248 
3717 0.000000 0.496965 
3718 0.000000 0.486860 
3719 0.000000 0.476929 
3720 0.000000 0.467170 
3721 0.000000 0.457582 
3722 0.000000 0.448161 
3723 0.000000 0.438906 
3724 0.000000 0.429814 
3725 0.000000 0.420884 
3726 0.000000 0.412112 
3727 0.000000 0.403497 
3728 0.000000 0.395036 
3729 0.000000 0.386728 
3730 0.000000 0.378570 
3731 0.000000 0.370561 
3732 0.000000 0.362697 
3733 0.000000 0.354977 
3734 0.000000 0.347399 
3735 0.000000 0.339961 
3736 0.000000 0.332660 
3737 0.000000 0.325496 
3738 0.000000 0.318465 
3739 0.000000 0.311565 
3740 0.000000 0.304796 
3741 0.000000 0.298154 
3742 0.000000 0.291638 
3743 0.000000 0.285246 
3744 0.000000 0.278976 
3745 0.000000 0.272827 
3746 0.000000 0.266795 
3747 0.000000 0.260880 
3748 0.000000 0.255080 
3749 0.000000 0.249393 
3750 0.000000 0.243816 
3751 0.000000 0.238349 
3752 0.000000 0.232989 
3753 0.000000 0.227736 
3754 0.000000 0.222586 
3755 0.000000 0.217538 
3756 0.000000 0.212592 
3757 0.000000 0.207744 
3758 0.000000 0.202994 
3759 0.000000 0.198339 
3760 0.000000 0.193779 
3761 0.000000 0.189312 
3762 0.000000 0.184935 
3763 0.000000 0.180648 
3764 0.000000 0.176449 
3765 0.000000 0.172336 
3766 0.000000 0.168308 
3767 0.000000 0.164364 
3768 0.000000 0.160502 
3769 0.000000 0.156721 
3770 0.000000 0.153018 
3771 0.000000 0.149394 
3772 0.000000 0.145846 
3773 0.000000 0.142373 
3774 0.000000 0.138973 
3775 0.000000 0.135646 
3776 0.000000 0.132390 
3777 0.000000 0.129204 
3778 0.000000 0.126087 
3779 0.000000 0.123037 
3780 0.000000 0.120052 
3781 0.000000 0.117133 
3782 0.000000 0.114277 
3783 0.000000 0.111484 
3784 0.000000 0.108751 
3785 0.000000 0.106079 
3786 0.000000 0.103466 
3787 0.000000 0.100911 
3788 0.000000 0.098413 
3789 0.000000 0.095970 
3790 0.000000 0.093581 
3791 0.000000 0.091247 
3792 0.000000 0.088964 
3793 0.000000 0.086734 
3794 0.000000 0.084553 
3795 0.000000 0.082422 
3796 0.000000 0.080340 
3797 0.000000 0.078305 
3798 0.000000 0.076317 
3799 0.000000 0.074375 
3800 0.000000 0.072477 
3801 0.000000 0.070623 
3802 0.000000 0.068812 
3803 0.000000 0.067043 
3804 0.000000 0.065316 
3805 0.000000 0.063628 
3806 0.000000 0.061981 
3807 0.000000 0.060372 
3808 0.000000 0.058801 
3809 0.000000 0.057267 
3810 0.000000 0.055770 
3811 0.000000 0.054308 
3812 0.000000 0.052882 
3813 0.000000 0.051489 
3814 0.000000 0.050130 
3815 0.000000 0.048803 
3816 0.000000 0.047509 
3817 0.000000 0.046246 
3818 0.000000 0.045013 
3819 0.000000 0.043811 
3820 0.000000 0.042638 
3821 0.000000 0.041493 
3822 0.000000 0.040377 
3823 0.000000 0.039288 
3824 0.000000 0.038227 
3825 0.000000 0.037191 
3826 0.000000 0.036181 
3827 0.000000 0.035196 
3828 0.000000 0.034236 
3829 0.000000 0.033300 
3830 0.000000 0.032388 
3831 0.000000 0.031498 
3832 0.000000 0.030631 
3833 0.000000 0.029786 
3834 0.000000 0.028962 
3835 0.000000 0.028159 
3836 0.000000 0.027377 
3837 0.000000 0.026614 
3838 0.000000 0.025872 
3839 0.000000 0.025148 
3840 0.000000 0.024443 
3841 0.000000 0.023756 
3842 0.000000 0.023087 
3843 0.000000 0.022436 
3844 0.000000 0.021801 
3845 0.000000 0.021183 
3846 0.000000 0.020581 
3847 0.000000 0.019995 
3848 0.000000 0.019425 
3849 0.000000 0.018869 
3850 0.000000 0.018328 
3851 0.000000 0.017802 
3852 0.000000 0.017289 
3853 0.000000 0.016791 
3854 0.000000 0.016305 
3855 0.000000 0.015833 
3856 0.000000 0.015373 
3857 0.000000 0.014926 
3858 0.000000 0.014490 
3859 0.000000 0.014067 
3860 0.000000 0.013655 
3861 0.000000 0.013254 
3862 0.000000 0.012864 
3863 0.000000 0.012485 
3864 0.000000 0.012116 
3865 0.000000 0.011757 
3866 0.000000 0.011409 
3867 0.000000 0.011069 
3868 0.000000 0.010740 
3869 0.000000 0.010419 
3870 0.000000 0.010107 
3871 0.000000 0.009804 
3872 0.000000 0.009510 
3873 0.000000 0.009223 
3874 0.000000 0.008945 
3875 0.000001 0.008675 
3876 0.000001 0.008412 
3877 0.000001 0.008157 
3878 0.000001 0.007909 
3879 0.000001 0.007667 
3880 0.000001 0.007433 
3881 0.000001 0.007206 
3882 0.000001 0.006985 
3883 0.000001 0.006770 
3884 0.000001 0.006562 
3885 0.000001 0.006359 
3886 0.000001 0.006163 
3887 0.000001 0.005972 
3888 0.000001 0.005786 
3889 0.000001 0.005606 
3890 0.000001 0.005431 
3891 0.000001 0.005262 
3892 0.000001 0.005097 
3893 0.000001 0.004937 
3894 0.000001 0.004782 
3895 0.000001 0.004632 
3896 0.000001 0.004485 
3897 0.000001 0.004344 
3898 0.000001 0.004206 
3899 0.000002 0.004073 
3900 0.000002 0.003943 
3901 0.000002 0.003818 
3902 0.000002 0.003696 
3903 0.000002 0.003577 
3904 0.000002 0.003463 
3905 0.000002 0.003352 
3906 0.000002 0.003244 
3907 0.000002 0.003139 
3908 0.000002 0.003038 
3909 0.000002 0.002940 
3910 0.000003 0.002844 
3911 0.000003 0.002752 
3912 0.000003 0.002662 
3913 0.000003 0.002575 
3914 0.000003 0.002491 
3915 0.000003 0.002410 
3916 0.000003 0.002331 
3917 0.000003 0.002254 
3918 0.000004 0.002180 
3919 0.000004 0.002108 
3920 0.000004 0.002038 
3921 0.000004 0.001971 
3922 0.000004 0.001905 
3923 0.000004 0.001842 
3924 0.000005 0.001781 
3925 0.000005 0.001721 
3926 0.000005 0.001664 
3927 0.000005 0.001608 
3928 0.000006 0.001554 
3929 0.000006 0.001502 
3930 0.000006 0.001451 
3931 0.000006 0.001402 
3932 0.000007 0.001355 
3933 0.000007 0.001309 
3934 0.000007 0.001265 
3935 0.000008 0.001222 
3936 0.000008 0.001180 
3937 0.000008 0.001140 
3938 0.000009 0.001101 
3939 0.000009 0.001063 
3940 0.000009 0.001027 
3941 0.000010 0.000991 
3942 0.000010 0.000957 
3943 0.000011 0.000924 
3944 0.000011 0.000892 
3945 0.000012 0.000862 
3946 0.000012 0.000832 
3947 0.000013 0.000803 
3948 0.000013 0.000775 
3949 0.000014 0.000748 
3950 0.000014 0.000722 
3951 0.000015 0.000696 
3952 0.000016 0.000672 
3953 0.000016 0.000648 
3954 0.000017 0.000626 
3955 0.000018 0.000604 
3956 0.000018 0.000582 
3957 0.000019 0.000562 
3958 0.000020 0.000542 
3959 0.000021 0.000523 
3960 0.000022 0.000504 
3961 0.000023 0.000486 
3962 0.000024 0.000469 
3963 0.000025 0.000452 
3964 0.000026 0.000436 
3965 0.000027 0.000420 
3966 0.000028 0.000405 
3967 0.000029 0.000391 
3968 0.000030 0.000376 
3969 0.000031 0.000363 
3970 0.000033 0.000350 
3971 0.000034 0.000337 
3972 0.000035 0.000325 
3973 0.000037 0.000313 
3974 0.000038 0.000302 
3975 0.000040 0.000291 
3976 0.000042 0.000280 
3977 0.000043 0.000270 
3978 0.000045 0.000260 
3979 0.000047 0.000250 
3980 0.000049 0.000241 
3981 0.000051 0.000232 
3982 0.000053 0.000224 
3983 0.000055 0.000215 
3984 0.000058 0.000207 
3985 0.000060 0.000200 
3986 0.000062 0.000192 
3987 0.000065 0.000185 
3988 0.000067 0.000178 
3989 0.000070 0.000172 
3990 0.000073 0.000165 
3991 0.000076 0.000159 
3992 0.000079 0.000153 
3993 0.000082 0.000147 
3994 0.000086 0.000142 
3995 0.000089 0.000136 
3996 0.000092 0.000131 
3997 0.000096 0.000126 
3998 0.000100 0.000121 
3999 0.000104 0.000117 
4000 0.000108 0.000112 
