0 9.247654 9.189107 
1 9.305987 9.130353 
2 9.364097 9.071401 
3 9.421974 9.012261 
4 9.479609 8.952941 
5 9.536995 8.893450 
6 9.594122 8.833795 
7 9.650982 8.773987 
8 9.707565 8.714033 
9 9.763863 8.653942 
10 9.819867 8.593723 
11 9.875569 8.533383 
12 9.930959 8.472932 
13 9.986029 8.412378 
14 10.040770 8.351728 
15 10.095173 8.290993 
16 10.149230 8.230179 
17 10.202932 8.169295 
18 10.256269 8.108349 
19 10.309235 8.047350 
20 10.361819 7.986305 
21 10.414014 7.925222 
22 10.465810 7.864110 
23 10.517199 7.802976 
24 10.568173 7.741828 
25 10.618723 7.680675 
26 10.668841 7.619523 
27 10.718518 7.558380 
28 10.767747 7.497255 
29 10.816517 7.436154 
30 10.864823 7.375085 
31 10.912655 7.314055 
32 10.960004 7.253073 
33 11.006864 7.192144 
34 11.053226 7.131277 
35 11.099082 7.070479 
36 11.144424 7.009756 
37 11.189244 6.949115 
38 11.233535 6.888564 
39 11.277288 6.828110 
40 11.320497 6.767758 
41 11.363153 6.707516 
42 11.405250 6.647390 
43 11.446779 6.587388 
44 11.487733 6.527514 
45 11.528106 6.467776 
46 11.567889 6.408180 
47 11.607077 6.348733 
48 11.645662 6.289439 
49 11.683636 6.230306 
50 11.720994 6.171338 
51 11.757728 6.112543 
52 11.793832 6.053926 
53 11.829300 5.995492 
54 11.864125 5.937247 
55 11.898300 5.879196 
56 11.931820 5.821345 
57 11.964679 5.763700 
58 11.996870 5.706265 
59 12.028387 5.649045 
60 12.059226 5.592046 
61 12.089379 5.535272 
62 12.118842 5.478729 
63 12.147610 5.422421 
64 12.175676 5.366353 
65 12.203036 5.310529 
66 12.229685 5.254953 
67 12.255618 5.199631 
68 12.280830 5.144567 
69 12.305316 5.089764 
70 12.329071 5.035226 
71 12.352092 4.980959 
72 12.374375 4.926965 
73 12.395914 4.873249 
74 12.416706 4.819814 
75 12.436747 4.766663 
76 12.456033 4.713802 
77 12.474561 4.661232 
78 12.492327 4.608957 
79 12.509328 4.556980 
80 12.525561 4.505305 
81 12.541022 4.453935 
82 12.555709 4.402873 
83 12.569619 4.352121 
84 12.582749 4.301682 
85 12.595097 4.251559 
86 12.606661 4.201755 
87 12.617438 4.152273 
88 12.627426 4.103113 
89 12.636623 4.054280 
90 12.645028 4.005775 
91 12.652639 3.957600 
92 12.659455 3.909758 
93 12.665474 3.862250 
94 12.670696 3.815078 
95 12.675118 3.768245 
96 12.678741 3.721751 
97 12.681563 3.675599 
98 12.683585 3.629790 
99 12.684805 3.584326 
100 12.685224 3.539207 
101 12.684841 3.494436 
102 12.683657 3.450013 
103 12.681672 3.405940 
104 12.678885 3.362217 
105 12.675298 3.318846 
106 12.670912 3.275828 
107 12.665726 3.233163 
108 12.659743 3.190852 
109 12.652963 3.148896 
110 12.645387 3.107296 
111 12.637018 3.066051 
112 12.627855 3.025163 
113 12.617903 2.984632 
114 12.607161 2.944458 
115 12.595632 2.904641 
116 12.583319 2.865181 
117 12.570223 2.826079 
118 12.556348 2.787335 
119 12.541695 2.748948 
120 12.526268 2.710919 
121 12.510069 2.673247 
122 12.493101 2.635932 
123 12.475368 2.598974 
124 12.456873 2.562372 
125 12.437620 2.526126 
126 12.417611 2.490235 
127 12.396851 2.454700 
128 12.375344 2.419519 
129 12.353094 2.384691 
130 12.330104 2.350216 
131 12.306379 2.316094 
132 12.281924 2.282322 
133 12.256742 2.248901 
134 12.230839 2.215830 
135 12.204220 2.183107 
136 12.176889 2.150731 
137 12.148852 2.118702 
138 12.120113 2.087018 
139 12.090678 2.055678 
140 12.060552 2.024681 
141 12.029741 1.994025 
142 11.998250 1.963709 
143 11.966086 1.933732 
144 11.933253 1.904093 
145 11.899759 1.874789 
146 11.865609 1.845820 
147 11.830809 1.817184 
148 11.795365 1.788879 
149 11.759285 1.760904 
150 11.722574 1.733256 
151 11.685239 1.705936 
152 11.647286 1.678939 
153 11.608724 1.652266 
154 11.569558 1.625914 
155 11.529795 1.599880 
156 11.489443 1.574165 
157 11.448508 1.548765 
158 11.406998 1.523678 
159 11.364921 1.498904 
160 11.322283 1.474439 
161 11.279092 1.450281 
162 11.235356 1.426430 
163 11.191082 1.402882 
164 11.146278 1.379635 
165 11.100952 1.356689 
166 11.055111 1.334039 
167 11.008764 1.311685 
168 10.961918 1.289625 
169 10.914582 1.267855 
170 10.866764 1.246373 
171 10.818471 1.225179 
172 10.769712 1.204269 
173 10.720495 1.183641 
174 10.670828 1.163293 
175 10.620721 1.143222 
176 10.570180 1.123427 
177 10.519216 1.103905 
178 10.467835 1.084653 
179 10.416047 1.065671 
180 10.363860 1.046954 
181 10.311283 1.028501 
182 10.258324 1.010309 
183 10.204992 0.992377 
184 10.151295 0.974701 
185 10.097243 0.957280 
186 10.042844 0.940110 
187 9.988107 0.923191 
188 9.933040 0.906518 
189 9.877653 0.890091 
190 9.821953 0.873906 
191 9.765950 0.857961 
192 9.709653 0.842254 
193 9.653070 0.826782 
194 9.596211 0.811543 
195 9.539083 0.796535 
196 9.481696 0.781755 
197 9.424059 0.767201 
198 9.366180 0.752870 
199 9.308068 0.738760 
200 9.249732 0.724869 
201 9.191180 0.711194 
202 9.132422 0.697734 
203 9.073466 0.684484 
204 9.014321 0.671444 
205 8.954995 0.658611 
206 8.895497 0.645982 
207 8.835836 0.633555 
208 8.776021 0.621329 
209 8.716059 0.609299 
210 8.655960 0.597465 
211 8.595732 0.585824 
212 8.535384 0.574373 
213 8.474924 0.563111 
214 8.414359 0.552034 
215 8.353700 0.541142 
216 8.292954 0.530430 
217 8.232129 0.519898 
218 8.171233 0.509543 
219 8.110276 0.499363 
220 8.049264 0.489355 
221 7.988206 0.479517 
222 7.927111 0.469847 
223 7.865985 0.460344 
224 7.804838 0.451004 
225 7.743676 0.441826 
226 7.682508 0.432807 
227 7.621341 0.423946 
228 7.560183 0.415239 
229 7.499042 0.406686 
230 7.437925 0.398284 
231 7.376840 0.390031 
232 7.315794 0.381925 
233 7.254795 0.373963 
234 7.193850 0.366145 
235 7.132965 0.358467 
236 7.072149 0.350928 
237 7.011408 0.343526 
238 6.950750 0.336259 
239 6.890180 0.329125 
240 6.829707 0.322122 
241 6.769336 0.315248 
242 6.709075 0.308501 
243 6.648930 0.301880 
244 6.588908 0.295382 
245 6.529015 0.289005 
246 6.469257 0.282749 
247 6.409641 0.276610 
248 6.350173 0.270588 
249 6.290859 0.264680 
250 6.231705 0.258885 
251 6.172717 0.253200 
252 6.113900 0.247625 
253 6.055262 0.242157 
254 5.996806 0.236795 
255 5.938540 0.231537 
256 5.880468 0.226382 
257 5.822596 0.221327 
258 5.764928 0.216372 
259 5.707471 0.211514 
260 5.650230 0.206752 
261 5.593209 0.202085 
262 5.536413 0.197510 
263 5.479848 0.193027 
264 5.423518 0.188634 
265 5.367427 0.184329 
266 5.311581 0.180111 
267 5.255983 0.175979 
268 5.200639 0.171930 
269 5.145552 0.167964 
270 5.090727 0.164079 
271 5.036167 0.160274 
272 4.981878 0.156547 
273 4.927861 0.152897 
274 4.874123 0.149323 
275 4.820665 0.145823 
276 4.767493 0.142396 
277 4.714609 0.139041 
278 4.662017 0.135757 
279 4.609720 0.132541 
280 4.557721 0.129394 
281 4.506025 0.126313 
282 4.454632 0.123298 
283 4.403548 0.120348 
284 4.352774 0.117460 
285 4.302314 0.114635 
286 4.252170 0.111870 
287 4.202344 0.109166 
288 4.152840 0.106519 
289 4.103660 0.103931 
290 4.054805 0.101399 
291 4.006279 0.098922 
292 3.958083 0.096500 
293 3.910220 0.094131 
294 3.862692 0.091815 
295 3.815500 0.089550 
296 3.768646 0.087335 
297 3.722132 0.085170 
298 3.675960 0.083053 
299 3.630131 0.080984 
300 3.584647 0.078961 
301 3.539509 0.076984 
302 3.494718 0.075051 
303 3.450276 0.073163 
304 3.406184 0.071317 
305 3.362442 0.069514 
306 3.319053 0.067752 
307 3.276016 0.066031 
308 3.233333 0.064349 
309 3.191004 0.062706 
310 3.149030 0.061101 
311 3.107412 0.059534 
312 3.066150 0.058003 
313 3.025244 0.056507 
314 2.984696 0.055047 
315 2.944505 0.053622 
316 2.904671 0.052229 
317 2.865195 0.050870 
318 2.826077 0.049543 
319 2.787317 0.048248 
320 2.748915 0.046983 
321 2.710870 0.045749 
322 2.673183 0.044545 
323 2.635853 0.043369 
324 2.598880 0.042222 
325 2.562263 0.041102 
326 2.526003 0.040010 
327 2.490098 0.038944 
328 2.454549 0.037904 
329 2.419354 0.036890 
330 2.384513 0.035900 
331 2.350025 0.034935 
332 2.315889 0.033994 
333 2.282105 0.033076 
334 2.248672 0.032181 
335 2.215588 0.031308 
336 2.182853 0.030456 
337 2.150466 0.029626 
338 2.118425 0.028817 
339 2.086730 0.028028 
340 2.055379 0.027259 
341 2.024371 0.026510 
342 1.993704 0.025779 
343 1.963378 0.025067 
344 1.933391 0.024373 
345 1.903742 0.023697 
346 1.874429 0.023038 
347 1.845450 0.022396 
348 1.816805 0.021771 
349 1.788491 0.021161 
350 1.760507 0.020568 
351 1.732852 0.019990 
352 1.705523 0.019426 
353 1.678518 0.018878 
354 1.651837 0.018344 
355 1.625478 0.017824 
356 1.599437 0.017317 
357 1.573715 0.016824 
358 1.548308 0.016344 
359 1.523215 0.015876 
360 1.498434 0.015421 
361 1.473962 0.014978 
362 1.449799 0.014547 
363 1.425942 0.014127 
364 1.402389 0.013719 
365 1.379137 0.013322 
366 1.356185 0.012935 
367 1.333531 0.012559 
368 1.311173 0.012192 
369 1.289107 0.011836 
370 1.267333 0.011490 
371 1.245848 0.011153 
372 1.224650 0.010825 
373 1.203736 0.010506 
374 1.183104 0.010196 
375 1.162753 0.009894 
376 1.142680 0.009601 
377 1.122882 0.009316 
378 1.103357 0.009038 
379 1.084103 0.008769 
380 1.065118 0.008507 
381 1.046399 0.008252 
382 1.027944 0.008004 
383 1.009750 0.007764 
384 0.991816 0.007530 
385 0.974139 0.007302 
386 0.956717 0.007081 
387 0.939546 0.006867 
388 0.922626 0.006658 
389 0.905952 0.006455 
390 0.889524 0.006259 
391 0.873339 0.006067 
392 0.857394 0.005881 
393 0.841686 0.005701 
394 0.826215 0.005526 
395 0.810976 0.005355 
396 0.795968 0.005190 
397 0.781188 0.005030 
398 0.766635 0.004874 
399 0.752305 0.004722 
400 0.738196 0.004576 
401 0.724305 0.004433 
402 0.710632 0.004294 
403 0.697172 0.004160 
404 0.683924 0.004030 
405 0.670885 0.003903 
406 0.658054 0.003780 
407 0.645426 0.003661 
408 0.633002 0.003545 
409 0.620777 0.003433 
410 0.608749 0.003324 
411 0.596917 0.003218 
412 0.585278 0.003116 
413 0.573829 0.003017 
414 0.562569 0.002920 
415 0.551495 0.002827 
416 0.540605 0.002736 
417 0.529896 0.002648 
418 0.519367 0.002563 
419 0.509014 0.002480 
420 0.498837 0.002400 
421 0.488832 0.002322 
422 0.478997 0.002247 
423 0.469331 0.002174 
424 0.459830 0.002103 
425 0.450494 0.002034 
426 0.441318 0.001968 
427 0.432303 0.001903 
428 0.423445 0.001841 
429 0.414742 0.001780 
430 0.406192 0.001721 
431 0.397794 0.001665 
432 0.389544 0.001610 
433 0.381442 0.001556 
434 0.373484 0.001505 
435 0.365669 0.001455 
436 0.357995 0.001406 
437 0.350460 0.001359 
438 0.343062 0.001314 
439 0.335799 0.001270 
440 0.328669 0.001227 
441 0.321669 0.001186 
442 0.314799 0.001146 
443 0.308056 0.001107 
444 0.301439 0.001070 
445 0.294945 0.001034 
446 0.288573 0.000999 
447 0.282320 0.000965 
448 0.276186 0.000932 
449 0.270168 0.000900 
450 0.264264 0.000869 
451 0.258472 0.000840 
452 0.252792 0.000811 
453 0.247221 0.000783 
454 0.241758 0.000756 
455 0.236400 0.000730 
456 0.231146 0.000705 
457 0.225995 0.000680 
458 0.220944 0.000657 
459 0.215993 0.000634 
460 0.211140 0.000612 
461 0.206382 0.000591 
462 0.201719 0.000570 
463 0.197149 0.000550 
464 0.192670 0.000531 
465 0.188281 0.000512 
466 0.183980 0.000494 
467 0.179766 0.000477 
468 0.175638 0.000460 
469 0.171593 0.000444 
470 0.167631 0.000428 
471 0.163750 0.000413 
472 0.159949 0.000398 
473 0.156226 0.000384 
474 0.152581 0.000370 
475 0.149011 0.000357 
476 0.145515 0.000344 
477 0.142092 0.000332 
478 0.138741 0.000320 
479 0.135460 0.000309 
480 0.132249 0.000298 
481 0.129106 0.000287 
482 0.126029 0.000276 
483 0.123018 0.000266 
484 0.120071 0.000257 
485 0.117187 0.000247 
486 0.114366 0.000238 
487 0.111605 0.000230 
488 0.108904 0.000221 
489 0.106262 0.000213 
490 0.103677 0.000206 
491 0.101149 0.000198 
492 0.098676 0.000191 
493 0.096257 0.000184 
494 0.093892 0.000177 
495 0.091579 0.000170 
496 0.089318 0.000164 
497 0.087107 0.000158 
498 0.084945 0.000152 
499 0.082831 0.000147 
500 0.080766 0.000141 
501 0.078746 0.000136 
502 0.076772 0.000131 
503 0.074843 0.000126 
504 0.072958 0.000121 
505 0.071116 0.000117 
506 0.069316 0.000112 
507 0.067557 0.000108 
508 0.065839 0.000104 
509 0.064160 0.000100 
510 0.062520 0.000096 
511 0.060919 0.000093 
512 0.059354 0.000089 
513 0.057826 0.000086 
514 0.056334 0.000082 
515 0.054877 0.000079 
516 0.053454 0.000076 
517 0.052065 0.000073 
518 0.050708 0.000071 
519 0.049384 0.000068 
520 0.048092 0.000065 
521 0.046830 0.000063 
522 0.045598 0.000060 
523 0.044396 0.000058 
524 0.043223 0.000056 
525 0.042079 0.000054 
526 0.040962 0.000051 
527 0.039872 0.000049 
528 0.038809 0.000048 
529 0.037771 0.000046 
530 0.036760 0.000044 
531 0.035772 0.000042 
532 0.034810 0.000041 
533 0.033871 0.000039 
534 0.032955 0.000037 
535 0.032062 0.000036 
536 0.031191 0.000035 
537 0.030342 0.000033 
538 0.029514 0.000032 
539 0.028707 0.000031 
540 0.027920 0.000029 
541 0.027154 0.000028 
542 0.026406 0.000027 
543 0.025677 0.000026 
544 0.024967 0.000025 
545 0.024275 0.000024 
546 0.023601 0.000023 
547 0.022944 0.000022 
548 0.022304 0.000021 
549 0.021681 0.000020 
550 0.021073 0.000020 
551 0.020481 0.000019 
552 0.019905 0.000018 
553 0.019343 0.000017 
554 0.018797 0.000017 
555 0.018264 0.000016 
556 0.017746 0.000015 
557 0.017241 0.000015 
558 0.016749 0.000014 
559 0.016271 0.000013 
560 0.015805 0.000013 
561 0.015351 0.000012 
562 0.014910 0.000012 
563 0.014480 0.000011 
564 0.014062 0.000011 
565 0.013655 0.000010 
566 0.013259 0.000010 
567 0.012873 0.000010 
568 0.012498 0.000009 
569 0.012133 0.000009 
570 0.011779 0.000008 
571 0.011433 0.000008 
572 0.011097 0.000008 
573 0.010771 0.000007 
574 0.010453 0.000007 
575 0.010144 0.000007 
576 0.009844 0.000007 
577 0.009552 0.000006 
578 0.009267 0.000006 
579 0.008991 0.000006 
580 0.008723 0.000006 
581 0.008462 0.000005 
582 0.008208 0.000005 
583 0.007961 0.000005 
584 0.007722 0.000005 
585 0.007489 0.000004 
586 0.007262 0.000004 
587 0.007042 0.000004 
588 0.006828 0.000004 
589 0.006621 0.000004 
590 0.006419 0.000004 
591 0.006223 0.000003 
592 0.006033 0.000003 
593 0.005848 0.000003 
594 0.005668 0.000003 
595 0.005493 0.000003 
596 0.005324 0.000003 
597 0.005159 0.000003 
598 0.005000 0.000003 
599 0.004844 0.000002 
600 0.004694 0.000002 
601 0.004548 0.000002 
602 0.004406 0.000002 
603 0.004268 0.000002 
604 0.004134 0.000002 
605 0.004004 0.000002 
606 0.003878 0.000002 
607 0.003756 0.000002 
608 0.003638 0.000002 
609 0.003522 0.000002 
610 0.003411 0.000001 
611 0.003302 0.000001 
612 0.003197 0.000001 
613 0.003095 0.000001 
614 0.002996 0.000001 
615 0.002901 0.000001 
616 0.002807 0.000001 
617 0.002717 0.000001 
618 0.002630 0.000001 
619 0.002545 0.000001 
620 0.002463 0.000001 
621 0.002383 0.000001 
622 0.002306 0.000001 
623 0.002231 0.000001 
624 0.002158 0.000001 
625 0.002088 0.000001 
626 0.002019 0.000001 
627 0.001953 0.000001 
628 0.001889 0.000001 
629 0.001827 0.000001 
630 0.001767 0.000001 
631 0.001709 0.000001 
632 0.001652 0.000001 
633 0.001598 0.000001 
634 0.001545 0.000000 
635 0.001493 0.000000 
636 0.001443 0.000000 
637 0.001395 0.000000 
638 0.001349 0.000000 
639 0.001304 0.000000 
640 0.001260 0.000000 
641 0.001217 0.000000 
642 0.001176 0.000000 
643 0.001137 0.000000 
644 0.001098 0.000000 
645 0.001061 0.000000 
646 0.001025 0.000000 
647 0.000990 0.000000 
648 0.000957 0.000000 
649 0.000924 0.000000 
650 0.000893 0.000000 
651 0.000862 0.000000 
652 0.000832 0.000000 
653 0.000804 0.000000 
654 0.000776 0.000000 
655 0.000749 0.000000 
656 0.000724 0.000000 
657 0.000699 0.000000 
658 0.000674 0.000000 
659 0.000651 0.000000 
660 0.000628 0.000000 
661 0.000606 0.000000 
662 0.000585 0.000000 
663 0.000565 0.000000 
664 0.000545 0.000000 
665 0.000526 0.000000 
666 0.000507 0.000000 
667 0.000490 0.000000 
668 0.000472 0.000000 
669 0.000456 0.000000 
670 0.000440 0.000000 
671 0.000424 0.000000 
672 0.000409 0.000000 
673 0.000394 0.000000 
674 0.000380 0.000000 
675 0.000367 0.000000 
676 0.000354 0.000000 
677 0.000341 0.000000 
678 0.000329 0.000000 
679 0.000317 0.000000 
680 0.000306 0.000000 
681 0.000295 0.000000 
682 0.000284 0.000000 
683 0.000274 0.000000 
684 0.000264 0.000000 
685 0.000254 0.000000 
686 0.000245 0.000000 
687 0.000236 0.000000 
688 0.000227 0.000000 
689 0.000219 0.000000 
690 0.000211 0.000000 
691 0.000203 0.000000 
692 0.000196 0.000000 
693 0.000189 0.000000 
694 0.000182 0.000000 
695 0.000175 0.000000 
696 0.000169 0.000000 
697 0.000162 0.000000 
698 0.000156 0.000000 
699 0.000150 0.000000 
700 0.000145 0.000000 
701 0.000139 0.000000 
702 0.000134 0.000000 
703 0.000129 0.000000 
704 0.000124 0.000000 
705 0.000120 0.000000 
706 0.000115 0.000000 
707 0.000111 0.000000 
708 0.000107 0.000000 
709 0.000103 0.000000 
710 0.000099 0.000000 
711 0.000095 0.000000 
712 0.000091 0.000000 
713 0.000088 0.000000 
714 0.000085 0.000000 
715 0.000081 0.000000 
716 0.000078 0.000000 
717 0.000075 0.000000 
718 0.000072 0.000000 
719 0.000070 0.000000 
720 0.000067 0.000000 
721 0.000064 0.000000 
722 0.000062 0.000000 
723 0.000060 0.000000 
724 0.000057 0.000000 
725 0.000055 0.000000 
726 0.000053 0.000000 
727 0.000051 0.000000 
728 0.000049 0.000000 
729 0.000047 0.000000 
730 0.000045 0.000000 
731 0.000043 0.000000 
732 0.000042 0.000000 
733 0.000040 0.000000 
734 0.000038 0.000000 
735 0.000037 0.000000 
736 0.000035 0.000000 
737 0.000034 0.000000 
738 0.000033 0.000000 
739 0.000031 0.000000 
740 0.000030 0.000000 
741 0.000029 0.000000 
742 0.000028 0.000000 
743 0.000027 0.000000 
744 0.000026 0.000000 
745 0.000025 0.000000 
746 0.000024 0.000000 
747 0.000023 0.000000 
748 0.000022 0.000000 
749 0.000021 0.000000 
750 0.000020 0.000000 
751 0.000019 0.000000 
752 0.000018 0.000000 
753 0.000018 0.000000 
754 0.000017 0.000000 
755 0.000016 0.000000 
756 0.000016 0.000000 
757 0.000015 0.000000 
758 0.000014 0.000000 
759 0.000014 0.000000 
760 0.000013 0.000000 
761 0.000013 0.000000 
762 0.000012 0.000000 
763 0.000012 0.000000 
764 0.000011 0.000000 
765 0.000011 0.000000 
766 0.000010 0.000000 
767 0.000010 0.000000 
768 0.000009 0.000000 
769 0.000009 0.000000 
770 0.000009 0.000000 
771 0.000008 0.000000 
772 0.000008 0.000000 
773 0.000008 0.000000 
774 0.000007 0.000000 
775 0.000007 0.000000 
776 0.000007 0.000000 
777 0.000006 0.000000 
778 0.000006 0.000000 
779 0.000006 0.000000 
780 0.000006 0.000000 
781 0.000005 0.000000 
782 0.000005 0.000000 
783 0.000005 0.000000 
784 0.000005 0.000000 
785 0.000005 0.000000 
786 0.000004 0.000000 
787 0.000004 0.000000 
788 0.000004 0.000000 
789 0.000004 0.000000 
790 0.000004 0.000000 
791 0.000004 0.000000 
792 0.000003 0.000000 
793 0.000003 0.000000 
794 0.000003 0.000000 
795 0.000003 0.000000 
796 0.000003 0.000000 
797 0.000003 0.000000 
798 0.000003 0.000000 
799 0.000002 0.000000 
800 0.000002 0.000000 
801 0.000002 0.000000 
802 0.000002 0.000000 
803 0.000002 0.000000 
804 0.000002 0.000000 
805 0.000002 0.000000 
806 0.000002 0.000000 
807 0.000002 0.000000 
808 0.000002 0.000000 
809 0.000002 0.000000 
810 0.000002 0.000000 
811 0.000001 0.000000 
812 0.000001 0.000000 
813 0.000001 0.000000 
814 0.000001 0.000000 
815 0.000001 0.000000 
816 0.000001 0.000000 
817 0.000001 0.000000 
818 0.000001 0.000000 
819 0.000001 0.000000 
820 0.000001 0.000000 
821 0.000001 0.000000 
822 0.000001 0.000000 
823 0.000001 0.000000 
824 0.000001 0.000000 
825 0.000001 0.000000 
826 0.000001 0.000000 
827 0.000001 0.000000 
828 0.000001 0.000000 
829 0.000001 0.000000 
830 0.000001 0.000000 
831 0.000001 0.000000 
832 0.000001 0.000000 
833 0.000001 0.000000 
834 0.000001 0.000000 
835 0.000000 0.000000 
836 0.000000 0.000000 
837 0.000000 0.000000 
838 0.000000 0.000000 
839 0.000000 0.000000 
840 0.000000 0.000000 
841 0.000000 0.000000 
842 0.000000 0.000000 
843 0.000000 0.000000 
844 0.000000 0.000000 
845 0.000000 0.000000 
846 0.000000 0.000000 
847 0.000000 0.000000 
848 0.000000 0.000000 
849 0.000000 0.000000 
850 0.000000 0.000000 
851 0.000000 0.000000 
852 0.000000 0.000000 
853 0.000000 0.000000 
854 0.000000 0.000000 
855 0.000000 0.000000 
856 0.000000 0.000000 
857 0.000000 0.000000 
858 0.000000 0.000000 
859 0.000000 0.000000 
860 0.000000 0.000000 
861 0.000000 0.000000 
862 0.000000 0.000000 
863 0.000000 0.000000 
864 0.000000 0.000000 
865 0.000000 0.000000 
866 0.000000 0.000000 
867 0.000000 0.000000 
868 0.000000 0.000000 
869 0.000000 0.000000 
870 0.000000 0.000000 
871 0.000000 0.000000 
872 0.000000 0.000000 
873 0.000000 0.000000 
874 0.000000 0.000000 
875 0.000000 0.000000 
876 0.000000 0.000000 
877 0.000000 0.000000 
878 0.000000 0.000000 
879 0.000000 0.000000 
880 0.000000 0.000000 
881 0.000000 0.000000 
882 0.000000 0.000000 
883 0.000000 0.000000 
884 0.000000 0.000000 
885 0.000000 0.000000 
886 0.000000 0.000000 
887 0.000000 0.000000 
888 0.000000 0.000000 
889 0.000000 0.000000 
890 0.000000 0.000000 
891 0.000000 0.000000 
892 0.000000 0.000000 
893 0.000000 0.000000 
894 0.000000 0.000000 
895 0.000000 0.000000 
896 0.000000 0.000000 
897 0.000000 0.000000 
898 0.000000 0.000000 
899 0.000000 0.000000 
900 0.000000 0.000000 
901 0.000000 0.000000 
902 0.000000 0.000000 
903 0.000000 0.000000 
904 0.000000 0.000000 
905 0.000000 0.000000 
906 0.000000 0.000000 
907 0.000000 0.000000 
908 0.000000 0.000000 
909 0.000000 0.000000 
910 0.000000 0.000000 
911 0.000000 0.000000 
912 0.000000 0.000000 
913 0.000000 0.000000 
914 0.000000 0.000000 
915 0.000000 0.000000 
916 0.000000 0.000000 
917 0.000000 0.000000 
918 0.000000 0.000000 
919 0.000000 0.000000 
920 0.000000 0.000000 
921 0.000000 0.000000 
922 0.000000 0.000000 
923 0.000000 0.000000 
924 0.000000 0.000000 
925 0.000000 0.000000 
926 0.000000 0.000000 
927 0.000000 0.000000 
928 0.000000 0.000000 
929 0.000000 0.000000 
930 0.000000 0.000000 
931 0.000000 0.000000 
932 0.000000 0.000000 
933 0.000000 0.000000 
934 0.000000 0.000000 
935 0.000000 0.000000 
936 0.000000 0.000000 
937 0.000000 0.000000 
938 0.000000 0.000000 
939 0.000000 0.000000 
940 0.000000 0.000000 
941 0.000000 0.000000 
942 0.000000 0.000000 
943 0.000000 0.000000 
944 0.000000 0.000000 
945 0.000000 0.000000 
946 0.000000 0.000000 
947 0.000000 0.000000 
948 0.000000 0.000000 
949 0.000000 0.000000 
950 0.000000 0.000000 
951 0.000000 0.000000 
952 0.000000 0.000000 
953 0.000000 0.000000 
954 0.000000 0.000000 
955 0.000000 0.000000 
956 0.000000 0.000000 
957 0.000000 0.000000 
958 0.000000 0.000000 
959 0.000000 0.000000 
960 0.000000 0.000000 
961 0.000000 0.000000 
962 0.000000 0.000000 
963 0.000000 0.000000 
964 0.000000 0.000000 
965 0.000000 0.000000 
966 0.000000 0.000000 
967 0.000000 0.000000 
968 0.000000 0.000000 
969 0.000000 0.000000 
970 0.000000 0.000000 
971 0.000000 0.000000 
972 0.000000 0.000000 
973 0.000000 0.000000 
974 0.000000 0.000000 
975 0.000000 0.000000 
976 0.000000 0.000000 
977 0.000000 0.000000 
978 0.000000 0.000000 
979 0.000000 0.000000 
980 0.000000 0.000000 
981 0.000000 0.000000 
982 0.000000 0.000000 
983 0.000000 0.000000 
984 0.000000 0.000000 
985 0.000000 0.000000 
986 0.000000 0.000000 
987 0.000000 0.000000 
988 0.000000 0.000000 
989 0.000000 0.000000 
990 0.000000 0.000000 
991 0.000000 0.000000 
992 0.000000 0.000000 
993 0.000000 0.000000 
994 0.000000 0.000000 
995 0.000000 0.000000 
996 0.000000 0.000000 
997 0.000000 0.000000 
998 0.000000 0.000000 
999 0.000000 0.000000 
1000 0.000000 0.000000 
1001 0.000000 0.000000 
1002 0.000000 0.000000 
1003 0.000000 0.000000 
1004 0.000000 0.000000 
1005 0.000000 0.000000 
1006 0.000000 0.000000 
1007 0.000000 0.000000 
1008 0.000000 0.000000 
1009 0.000000 0.000000 
1010 0.000000 0.000000 
1011 0.000000 0.000000 
1012 0.000000 0.000000 
1013 0.000000 0.000000 
1014 0.000000 0.000000 
1015 0.000000 0.000000 
1016 0.000000 0.000000 
1017 0.000000 0.000000 
1018 0.000000 0.000000 
1019 0.000000 0.000000 
1020 0.000000 0.000000 
1021 0.000000 0.000000 
1022 0.000000 0.000000 
1023 0.000000 0.000000 
1024 0.000000 0.000000 
1025 0.000000 0.000000 
1026 0.000000 0.000000 
1027 0.000000 0.000000 
1028 0.000000 0.000000 
1029 0.000000 0.000000 
1030 0.000000 0.000000 
1031 0.000000 0.000000 
1032 0.000000 0.000000 
1033 0.000000 0.000000 
1034 0.000000 0.000000 
1035 0.000000 0.000000 
1036 0.000000 0.000000 
1037 0.000000 0.000000 
1038 0.000000 0.000000 
1039 0.000000 0.000000 
1040 0.000000 0.000000 
1041 0.000000 0.000000 
1042 0.000000 0.000000 
1043 0.000000 0.000000 
1044 0.000000 0.000000 
1045 0.000000 0.000000 
1046 0.000000 0.000000 
1047 0.000000 0.000000 
1048 0.000000 0.000000 
1049 0.000000 0.000000 
1050 0.000000 0.000000 
1051 0.000000 0.000000 
1052 0.000000 0.000000 
1053 0.000000 0.000000 
1054 0.000000 0.000000 
1055 0.000000 0.000000 
1056 0.000000 0.000000 
1057 0.000000 0.000000 
1058 0.000000 0.000000 
1059 0.000000 0.000000 
1060 0.000000 0.000000 
1061 0.000000 0.000000 
1062 0.000000 0.000000 
1063 0.000000 0.000000 
1064 0.000000 0.000000 
1065 0.000000 0.000000 
1066 0.000000 0.000000 
1067 0.000000 0.000000 
1068 0.000000 0.000000 
1069 0.000000 0.000000 
1070 0.000000 0.000000 
1071 0.000000 0.000000 
1072 0.000000 0.000000 
1073 0.000000 0.000000 
1074 0.000000 0.000000 
1075 0.000000 0.000000 
1076 0.000000 0.000000 
1077 0.000000 0.000000 
1078 0.000000 0.000000 
1079 0.000000 0.000000 
1080 0.000000 0.000000 
1081 0.000000 0.000000 
1082 0.000000 0.000000 
1083 0.000000 0.000000 
1084 0.000000 0.000000 
1085 0.000000 0.000000 
1086 0.000000 0.000000 
1087 0.000000 0.000000 
1088 0.000000 0.000000 
1089 0.000000 0.000000 
1090 0.000000 0.000000 
1091 0.000000 0.000000 
1092 0.000000 0.000000 
1093 0.000000 0.000000 
1094 0.000000 0.000000 
1095 0.000000 0.000000 
1096 0.000000 0.000000 
1097 0.000000 0.000000 
1098 0.000000 0.000000 
1099 0.000000 0.000000 
1100 0.000000 0.000000 
1101 0.000000 0.000000 
1102 0.000000 0.000000 
1103 0.000000 0.000000 
1104 0.000000 0.000000 
1105 0.000000 0.000000 
1106 0.000000 0.000000 
1107 0.000000 0.000000 
1108 0.000000 0.000000 
1109 0.000000 0.000000 
1110 0.000000 0.000000 
1111 0.000000 0.000000 
1112 0.000000 0.000000 
1113 0.000000 0.000000 
1114 0.000000 0.000000 
1115 0.000000 0.000000 
1116 0.000000 0.000000 
1117 0.000000 0.000000 
1118 0.000000 0.000000 
1119 0.000000 0.000000 
1120 0.000000 0.000000 
1121 0.000000 0.000000 
1122 0.000000 0.000000 
1123 0.000000 0.000000 
1124 0.000000 0.000000 
1125 0.000000 0.000000 
1126 0.000000 0.000000 
1127 0.000000 0.000000 
1128 0.000000 0.000000 
1129 0.000000 0.000000 
1130 0.000000 0.000000 
1131 0.000000 0.000000 
1132 0.000000 0.000000 
1133 0.000000 0.000000 
1134 0.000000 0.000000 
1135 0.000000 0.000000 
1136 0.000000 0.000000 
1137 0.000000 0.000000 
1138 0.000000 0.000000 
1139 0.000000 0.000000 
1140 0.000000 0.000000 
1141 0.000000 0.000000 
1142 0.000000 0.000000 
1143 0.000000 0.000000 
1144 0.000000 0.000000 
1145 0.000000 0.000000 
1146 0.000000 0.000000 
1147 0.000000 0.000000 
1148 0.000000 0.000000 
1149 0.000000 0.000000 
1150 0.000000 0.000000 
1151 0.000000 0.000000 
1152 0.000000 0.000000 
1153 0.000000 0.000000 
1154 0.000000 0.000000 
1155 0.000000 0.000000 
1156 0.000000 0.000000 
1157 0.000000 0.000000 
1158 0.000000 0.000000 
1159 0.000000 0.000000 
1160 0.000000 0.000000 
1161 0.000000 0.000000 
1162 0.000000 0.000000 
1163 0.000000 0.000000 
1164 0.000000 0.000000 
1165 0.000000 0.000000 
1166 0.000000 0.000000 
1167 0.000000 0.000000 
1168 0.000000 0.000000 
1169 0.000000 0.000000 
1170 0.000000 0.000000 
1171 0.000000 0.000000 
1172 0.000000 0.000000 
1173 0.000000 0.000000 
1174 0.000000 0.000000 
1175 0.000000 0.000000 
1176 0.000000 0.000000 
1177 0.000000 0.000000 
1178 0.000000 0.000000 
1179 0.000000 0.000000 
1180 0.000000 0.000000 
1181 0.000000 0.000000 
1182 0.000000 0.000000 
1183 0.000000 0.000000 
1184 0.000000 0.000000 
1185 0.000000 0.000000 
1186 0.000000 0.000000 
1187 0.000000 0.000000 
1188 0.000000 0.000000 
1189 0.000000 0.000000 
1190 0.000000 0.000000 
1191 0.000000 0.000000 
1192 0.000000 0.000000 
1193 0.000000 0.000000 
1194 0.000000 0.000000 
1195 0.000000 0.000000 
1196 0.000000 0.000000 
1197 0.000000 0.000000 
1198 0.000000 0.000000 
1199 0.000000 0.000000 
1200 0.000000 0.000000 
1201 0.000000 0.000000 
1202 0.000000 0.000000 
1203 0.000000 0.000000 
1204 0.000000 0.000000 
1205 0.000000 0.000000 
1206 0.000000 0.000000 
1207 0.000000 0.000000 
1208 0.000000 0.000000 
1209 0.000000 0.000000 
1210 0.000000 0.000000 
1211 0.000000 0.000000 
1212 0.000000 0.000000 
1213 0.000000 0.000000 
1214 0.000000 0.000000 
1215 0.000000 0.000000 
1216 0.000000 0.000000 
1217 0.000000 0.000000 
1218 0.000000 0.000000 
1219 0.000000 0.000000 
1220 0.000000 0.000000 
1221 0.000000 0.000000 
1222 0.000000 0.000000 
1223 0.000000 0.000000 
1224 0.000000 0.000000 
1225 0.000000 0.000000 
1226 0.000000 0.000000 
1227 0.000000 0.000000 
1228 0.000000 0.000000 
1229 0.000000 0.000000 
1230 0.000000 0.000000 
1231 0.000000 0.000000 
1232 0.000000 0.000000 
1233 0.000000 0.000000 
1234 0.000000 0.000000 
1235 0.000000 0.000000 
1236 0.000000 0.000000 
1237 0.000000 0.000000 
1238 0.000000 0.000000 
1239 0.000000 0.000000 
1240 0.000000 0.000000 
1241 0.000000 0.000000 
1242 0.000000 0.000000 
1243 0.000000 0.000000 
1244 0.000000 0.000000 
1245 0.000000 0.000000 
1246 0.000000 0.000000 
1247 0.000000 0.000000 
1248 0.000000 0.000000 
1249 0.000000 0.000000 
1250 0.000000 0.000000 
1251 0.000000 0.000000 
1252 0.000000 0.000000 
1253 0.000000 0.000000 
1254 0.000000 0.000000 
1255 0.000000 0.000000 
1256 0.000000 0.000000 
1257 0.000000 0.000000 
1258 0.000000 0.000000 
1259 0.000000 0.000000 
1260 0.000000 0.000000 
1261 0.000000 0.000000 
1262 0.000000 0.000000 
1263 0.000000 0.000000 
1264 0.000000 0.000000 
1265 0.000000 0.000000 
1266 0.000000 0.000000 
1267 0.000000 0.000000 
1268 0.000000 0.000000 
1269 0.000000 0.000000 
1270 0.000000 0.000000 
1271 0.000000 0.000000 
1272 0.000000 0.000000 
1273 0.000000 0.000000 
1274 0.000000 0.000000 
1275 0.000000 0.000000 
1276 0.000000 0.000000 
1277 0.000000 0.000000 
1278 0.000000 0.000000 
1279 0.000000 0.000000 
1280 0.000000 0.000000 
1281 0.000000 0.000000 
1282 0.000000 0.000000 
1283 0.000000 0.000000 
1284 0.000000 0.000000 
1285 0.000000 0.000000 
1286 0.000000 0.000000 
1287 0.000000 0.000000 
1288 0.000000 0.000000 
1289 0.000000 0.000000 
1290 0.000000 0.000000 
1291 0.000000 0.000000 
1292 0.000000 0.000000 
1293 0.000000 0.000000 
1294 0.000000 0.000000 
1295 0.000000 0.000000 
1296 0.000000 0.000000 
1297 0.000000 0.000000 
1298 0.000000 0.000000 
1299 0.000000 0.000000 
1300 0.000000 0.000000 
1301 0.000000 0.000000 
1302 0.000000 0.000000 
1303 0.000000 0.000000 
1304 0.000000 0.000000 
1305 0.000000 0.000000 
1306 0.000000 0.000000 
1307 0.000000 0.000000 
1308 0.000000 0.000000 
1309 0.000000 0.000000 
1310 0.000000 0.000000 
1311 0.000000 0.000000 
1312 0.000000 0.000000 
1313 0.000000 0.000000 
1314 0.000000 0.000000 
1315 0.000000 0.000000 
1316 0.000000 0.000000 
1317 0.000000 0.000000 
1318 0.000000 0.000000 
1319 0.000000 0.000000 
1320 0.000000 0.000000 
1321 0.000000 0.000000 
1322 0.000000 0.000000 
1323 0.000000 0.000000 
1324 0.000000 0.000000 
1325 0.000000 0.000000 
1326 0.000000 0.000000 
1327 0.000000 0.000000 
1328 0.000000 0.000000 
1329 0.000000 0.000000 
1330 0.000000 0.000000 
1331 0.000000 0.000000 
1332 0.000000 0.000000 
1333 0.000000 0.000000 
1334 0.000000 0.000000 
1335 0.000000 0.000000 
1336 0.000000 0.000000 
1337 0.000000 0.000000 
1338 0.000000 0.000000 
1339 0.000000 0.000000 
1340 0.000000 0.000000 
1341 0.000000 0.000000 
1342 0.000000 0.000000 
1343 0.000000 0.000000 
1344 0.000000 0.000000 
1345 0.000000 0.000000 
1346 0.000000 0.000000 
1347 0.000000 0.000000 
1348 0.000000 0.000000 
1349 0.000000 0.000000 
1350 0.000000 0.000000 
1351 0.000000 0.000000 
1352 0.000000 0.000000 
1353 0.000000 0.000000 
1354 0.000000 0.000000 
1355 0.000000 0.000000 
1356 0.000000 0.000000 
1357 0.000000 0.000000 
1358 0.000000 0.000000 
1359 0.000000 0.000000 
1360 0.000000 0.000000 
1361 0.000000 0.000000 
1362 0.000000 0.000000 
1363 0.000000 0.000000 
1364 0.000000 0.000000 
1365 0.000000 0.000000 
1366 0.000000 0.000000 
1367 0.000000 0.000000 
1368 0.000000 0.000000 
1369 0.000000 0.000000 
1370 0.000000 0.000000 
1371 0.000000 0.000000 
1372 0.000000 0.000000 
1373 0.000000 0.000000 
1374 0.000000 0.000000 
1375 0.000000 0.000000 
1376 0.000000 0.000000 
1377 0.000000 0.000000 
1378 0.000000 0.000000 
1379 0.000000 0.000000 
1380 0.000000 0.000000 
1381 0.000000 0.000000 
1382 0.000000 0.000000 
1383 0.000000 0.000000 
1384 0.000000 0.000000 
1385 0.000000 0.000000 
1386 0.000000 0.000000 
1387 0.000000 0.000000 
1388 0.000000 0.000000 
1389 0.000000 0.000000 
1390 0.000000 0.000000 
1391 0.000000 0.000000 
1392 0.000000 0.000000 
1393 0.000000 0.000000 
1394 0.000000 0.000000 
1395 0.000000 0.000000 
1396 0.000000 0.000000 
1397 0.000000 0.000000 
1398 0.000000 0.000000 
1399 0.000000 0.000000 
1400 0.000000 0.000000 
1401 0.000000 0.000000 
1402 0.000000 0.000000 
1403 0.000000 0.000000 
1404 0.000000 0.000000 
1405 0.000000 0.000000 
1406 0.000000 0.000000 
1407 0.000000 0.000000 
1408 0.000000 0.000000 
1409 0.000000 0.000000 
1410 0.000000 0.000000 
1411 0.000000 0.000000 
1412 0.000000 0.000000 
1413 0.000000 0.000000 
1414 0.000000 0.000000 
1415 0.000000 0.000000 
1416 0.000000 0.000000 
1417 0.000000 0.000000 
1418 0.000000 0.000000 
1419 0.000000 0.000000 
1420 0.000000 0.000000 
1421 0.000000 0.000000 
1422 0.000000 0.000000 
1423 0.000000 0.000000 
1424 0.000000 0.000000 
1425 0.000000 0.000000 
1426 0.000000 0.000000 
1427 0.000000 0.000000 
1428 0.000000 0.000000 
1429 0.000000 0.000000 
1430 0.000000 0.000000 
1431 0.000000 0.000000 
1432 0.000000 0.000000 
1433 0.000000 0.000000 
1434 0.000000 0.000000 
1435 0.000000 0.000000 
1436 0.000000 0.000000 
1437 0.000000 0.000000 
1438 0.000000 0.000000 
1439 0.000000 0.000000 
1440 0.000000 0.000000 
1441 0.000000 0.000000 
1442 0.000000 0.000000 
1443 0.000000 0.000000 
1444 0.000000 0.000000 
1445 0.000000 0.000000 
1446 0.000000 0.000000 
1447 0.000000 0.000000 
1448 0.000000 0.000000 
1449 0.000000 0.000000 
1450 0.000000 0.000000 
1451 0.000000 0.000000 
1452 0.000000 0.000000 
1453 0.000000 0.000000 
1454 0.000000 0.000000 
1455 0.000000 0.000000 
1456 0.000000 0.000000 
1457 0.000000 0.000000 
1458 0.000000 0.000000 
1459 0.000000 0.000000 
1460 0.000000 0.000000 
1461 0.000000 0.000000 
1462 0.000000 0.000000 
1463 0.000000 0.000000 
1464 0.000000 0.000000 
1465 0.000000 0.000000 
1466 0.000000 0.000000 
1467 0.000000 0.000000 
1468 0.000000 0.000000 
1469 0.000000 0.000000 
1470 0.000000 0.000000 
1471 0.000000 0.000000 
1472 0.000000 0.000000 
1473 0.000000 0.000000 
1474 0.000000 0.000000 
1475 0.000000 0.000000 
1476 0.000000 0.000000 
1477 0.000000 0.000000 
1478 0.000000 0.000000 
1479 0.000000 0.000000 
1480 0.000000 0.000000 
1481 0.000000 0.000000 
1482 0.000000 0.000000 
1483 0.000000 0.000000 
1484 0.000000 0.000000 
1485 0.000000 0.000000 
1486 0.000000 0.000000 
1487 0.000000 0.000000 
1488 0.000000 0.000000 
1489 0.000000 0.000000 
1490 0.000000 0.000000 
1491 0.000000 0.000000 
1492 0.000000 0.000000 
1493 0.000000 0.000000 
1494 0.000000 0.000000 
1495 0.000000 0.000000 
1496 0.000000 0.000000 
1497 0.000000 0.000000 
1498 0.000000 0.000000 
1499 0.000000 0.000000 
1500 0.000000 0.000000 
1501 0.000000 0.000000 
1502 0.000000 0.000000 
1503 0.000000 0.000000 
1504 0.000000 0.000000 
1505 0.000000 0.000000 
1506 0.000000 0.000000 
1507 0.000000 0.000000 
1508 0.000000 0.000000 
1509 0.000000 0.000000 
1510 0.000000 0.000000 
1511 0.000000 0.000000 
1512 0.000000 0.000000 
1513 0.000000 0.000000 
1514 0.000000 0.000000 
1515 0.000000 0.000000 
1516 0.000000 0.000000 
1517 0.000000 0.000000 
1518 0.000000 0.000000 
1519 0.000000 0.000000 
1520 0.000000 0.000000 
1521 0.000000 0.000000 
1522 0.000000 0.000000 
1523 0.000000 0.000000 
1524 0.000000 0.000000 
1525 0.000000 0.000000 
1526 0.000000 0.000000 
1527 0.000000 0.000000 
1528 0.000000 0.000000 
1529 0.000000 0.000000 
1530 0.000000 0.000000 
1531 0.000000 0.000000 
1532 0.000000 0.000000 
1533 0.000000 0.000000 
1534 0.000000 0.000000 
1535 0.000000 0.000000 
1536 0.000000 0.000000 
1537 0.000000 0.000000 
1538 0.000000 0.000000 
1539 0.000000 0.000000 
1540 0.000000 0.000000 
1541 0.000000 0.000000 
1542 0.000000 0.000000 
1543 0.000000 0.000000 
1544 0.000000 0.000000 
1545 0.000000 0.000000 
1546 0.000000 0.000000 
1547 0.000000 0.000000 
1548 0.000000 0.000000 
1549 0.000000 0.000000 
1550 0.000000 0.000000 
1551 0.000000 0.000000 
1552 0.000000 0.000000 
1553 0.000000 0.000000 
1554 0.000000 0.000000 
1555 0.000000 0.000000 
1556 0.000000 0.000000 
1557 0.000000 0.000000 
1558 0.000000 0.000000 
1559 0.000000 0.000000 
1560 0.000000 0.000000 
1561 0.000000 0.000000 
1562 0.000000 0.000000 
1563 0.000000 0.000000 
1564 0.000000 0.000000 
1565 0.000000 0.000000 
1566 0.000000 0.000000 
1567 0.000000 0.000000 
1568 0.000000 0.000000 
1569 0.000000 0.000000 
1570 0.000000 0.000000 
1571 0.000000 0.000000 
1572 0.000000 0.000000 
1573 0.000000 0.000000 
1574 0.000000 0.000000 
1575 0.000000 0.000000 
1576 0.000000 0.000000 
1577 0.000000 0.000000 
1578 0.000000 0.000000 
1579 0.000000 0.000000 
1580 0.000000 0.000000 
1581 0.000000 0.000000 
1582 0.000000 0.000000 
1583 0.000000 0.000000 
1584 0.000000 0.000000 
1585 0.000000 0.000000 
1586 0.000000 0.000000 
1587 0.000000 0.000000 
1588 0.000000 0.000000 
1589 0.000000 0.000000 
1590 0.000000 0.000000 
1591 0.000000 0.000000 
1592 0.000000 0.000000 
1593 0.000000 0.000000 
1594 0.000000 0.000000 
1595 0.000000 0.000000 
1596 0.000000 0.000000 
1597 0.000000 0.000000 
1598 0.000000 0.000000 
1599 0.000000 0.000000 
1600 0.000000 0.000000 
1601 0.000000 0.000000 
1602 0.000000 0.000000 
1603 0.000000 0.000000 
1604 0.000000 0.000000 
1605 0.000000 0.000000 
1606 0.000000 0.000000 
1607 0.000000 0.000000 
1608 0.000000 0.000000 
1609 0.000000 0.000000 
1610 0.000000 0.000000 
1611 0.000000 0.000000 
1612 0.000000 0.000000 
1613 0.000000 0.000000 
1614 0.000000 0.000000 
1615 0.000000 0.000000 
1616 0.000000 0.000000 
1617 0.000000 0.000000 
1618 0.000000 0.000000 
1619 0.000000 0.000000 
1620 0.000000 0.000000 
1621 0.000000 0.000000 
1622 0.000000 0.000000 
1623 0.000000 0.000000 
1624 0.000000 0.000000 
1625 0.000000 0.000000 
1626 0.000000 0.000000 
1627 0.000000 0.000000 
1628 0.000000 0.000000 
1629 0.000000 0.000000 
1630 0.000000 0.000000 
1631 0.000000 0.000000 
1632 0.000000 0.000000 
1633 0.000000 0.000000 
1634 0.000000 0.000000 
1635 0.000000 0.000000 
1636 0.000000 0.000000 
1637 0.000000 0.000000 
1638 0.000000 0.000000 
1639 0.000000 0.000000 
1640 0.000000 0.000000 
1641 0.000000 0.000000 
1642 0.000000 0.000000 
1643 0.000000 0.000000 
1644 0.000000 0.000000 
1645 0.000000 0.000000 
1646 0.000000 0.000000 
1647 0.000000 0.000000 
1648 0.000000 0.000000 
1649 0.000000 0.000000 
1650 0.000000 0.000000 
1651 0.000000 0.000000 
1652 0.000000 0.000000 
1653 0.000000 0.000000 
1654 0.000000 0.000000 
1655 0.000000 0.000000 
1656 0.000000 0.000000 
1657 0.000000 0.000000 
1658 0.000000 0.000000 
1659 0.000000 0.000000 
1660 0.000000 0.000000 
1661 0.000000 0.000000 
1662 0.000000 0.000000 
1663 0.000000 0.000000 
1664 0.000000 0.000000 
1665 0.000000 0.000000 
1666 0.000000 0.000000 
1667 0.000000 0.000000 
1668 0.000000 0.000000 
1669 0.000000 0.000000 
1670 0.000000 0.000000 
1671 0.000000 0.000000 
1672 0.000000 0.000000 
1673 0.000000 0.000000 
1674 0.000000 0.000000 
1675 0.000000 0.000000 
1676 0.000000 0.000000 
1677 0.000000 0.000000 
1678 0.000000 0.000000 
1679 0.000000 0.000000 
1680 0.000000 0.000000 
1681 0.000000 0.000000 
1682 0.000000 0.000000 
1683 0.000000 0.000000 
1684 0.000000 0.000000 
1685 0.000000 0.000000 
1686 0.000000 0.000000 
1687 0.000000 0.000000 
1688 0.000000 0.000000 
1689 0.000000 0.000000 
1690 0.000000 0.000000 
1691 0.000000 0.000000 
1692 0.000000 0.000000 
1693 0.000000 0.000000 
1694 0.000000 0.000000 
1695 0.000000 0.000000 
1696 0.000000 0.000000 
1697 0.000000 0.000000 
1698 0.000000 0.000000 
1699 0.000000 0.000000 
1700 0.000000 0.000000 
1701 0.000000 0.000000 
1702 0.000000 0.000000 
1703 0.000000 0.000000 
1704 0.000000 0.000000 
1705 0.000000 0.000000 
1706 0.000000 0.000000 
1707 0.000000 0.000000 
1708 0.000000 0.000000 
1709 0.000000 0.000000 
1710 0.000000 0.000000 
1711 0.000000 0.000000 
1712 0.000000 0.000000 
1713 0.000000 0.000000 
1714 0.000000 0.000000 
1715 0.000000 0.000000 
1716 0.000000 0.000000 
1717 0.000000 0.000000 
1718 0.000000 0.000000 
1719 0.000000 0.000000 
1720 0.000000 0.000000 
1721 0.000000 0.000000 
1722 0.000000 0.000000 
1723 0.000000 0.000000 
1724 0.000000 0.000000 
1725 0.000000 0.000000 
1726 0.000000 0.000000 
1727 0.000000 0.000000 
1728 0.000000 0.000000 
1729 0.000000 0.000000 
1730 0.000000 0.000000 
1731 0.000000 0.000000 
1732 0.000000 0.000000 
1733 0.000000 0.000000 
1734 0.000000 0.000000 
1735 0.000000 0.000000 
1736 0.000000 0.000000 
1737 0.000000 0.000000 
1738 0.000000 0.000000 
1739 0.000000 0.000000 
1740 0.000000 0.000000 
1741 0.000000 0.000000 
1742 0.000000 0.000000 
1743 0.000000 0.000000 
1744 0.000000 0.000000 
1745 0.000000 0.000000 
1746 0.000000 0.000000 
1747 0.000000 0.000000 
1748 0.000000 0.000000 
1749 0.000000 0.000000 
1750 0.000000 0.000000 
1751 0.000000 0.000000 
1752 0.000000 0.000000 
1753 0.000000 0.000000 
1754 0.000000 0.000000 
1755 0.000000 0.000000 
1756 0.000000 0.000000 
1757 0.000000 0.000000 
1758 0.000000 0.000000 
1759 0.000000 0.000000 
1760 0.000000 0.000000 
1761 0.000000 0.000000 
1762 0.000000 0.000000 
1763 0.000000 0.000000 
1764 0.000000 0.000000 
1765 0.000000 0.000000 
1766 0.000000 0.000000 
1767 0.000000 0.000000 
1768 0.000000 0.000000 
1769 0.000000 0.000000 
1770 0.000000 0.000000 
1771 0.000000 0.000000 
1772 0.000000 0.000000 
1773 0.000000 0.000000 
1774 0.000000 0.000000 
1775 0.000000 0.000000 
1776 0.000000 0.000000 
1777 0.000000 0.000000 
1778 0.000000 0.000000 
1779 0.000000 0.000000 
1780 0.000000 0.000000 
1781 0.000000 0.000000 
1782 0.000000 0.000000 
1783 0.000000 0.000000 
1784 0.000000 0.000000 
1785 0.000000 0.000000 
1786 0.000000 0.000000 
1787 0.000000 0.000000 
1788 0.000000 0.000000 
1789 0.000000 0.000000 
1790 0.000000 0.000000 
1791 0.000000 0.000000 
1792 0.000000 0.000000 
1793 0.000000 0.000000 
1794 0.000000 0.000000 
1795 0.000000 0.000000 
1796 0.000000 0.000000 
1797 0.000000 0.000000 
1798 0.000000 0.000000 
1799 0.000000 0.000000 
1800 0.000000 0.000000 
1801 0.000000 0.000000 
1802 0.000000 0.000000 
1803 0.000000 0.000000 
1804 0.000000 0.000000 
1805 0.000000 0.000000 
1806 0.000000 0.000000 
1807 0.000000 0.000000 
1808 0.000000 0.000000 
1809 0.000000 0.000000 
1810 0.000000 0.000000 
1811 0.000000 0.000000 
1812 0.000000 0.000000 
1813 0.000000 0.000000 
1814 0.000000 0.000000 
1815 0.000000 0.000000 
1816 0.000000 0.000000 
1817 0.000000 0.000000 
1818 0.000000 0.000000 
1819 0.000000 0.000000 
1820 0.000000 0.000000 
1821 0.000000 0.000000 
1822 0.000000 0.000000 
1823 0.000000 0.000000 
1824 0.000000 0.000000 
1825 0.000000 0.000000 
1826 0.000000 0.000000 
1827 0.000000 0.000000 
1828 0.000000 0.000000 
1829 0.000000 0.000000 
1830 0.000000 0.000000 
1831 0.000000 0.000000 
1832 0.000000 0.000000 
1833 0.000000 0.000000 
1834 0.000000 0.000000 
1835 0.000000 0.000000 
1836 0.000000 0.000000 
1837 0.000000 0.000000 
1838 0.000000 0.000000 
1839 0.000000 0.000000 
1840 0.000000 0.000000 
1841 0.000000 0.000000 
1842 0.000000 0.000000 
1843 0.000000 0.000000 
1844 0.000000 0.000000 
1845 0.000000 0.000000 
1846 0.000000 0.000000 
1847 0.000000 0.000000 
1848 0.000000 0.000000 
1849 0.000000 0.000000 
1850 0.000000 0.000000 
1851 0.000000 0.000000 
1852 0.000000 0.000000 
1853 0.000000 0.000000 
1854 0.000000 0.000000 
1855 0.000000 0.000000 
1856 0.000000 0.000000 
1857 0.000000 0.000000 
1858 0.000000 0.000000 
1859 0.000000 0.000000 
1860 0.000000 0.000000 
1861 0.000000 0.000000 
1862 0.000000 0.000000 
1863 0.000000 0.000000 
1864 0.000000 0.000000 
1865 0.000000 0.000000 
1866 0.000000 0.000000 
1867 0.000000 0.000000 
1868 0.000000 0.000000 
1869 0.000000 0.000000 
1870 0.000000 0.000000 
1871 0.000000 0.000000 
1872 0.000000 0.000000 
1873 0.000000 0.000000 
1874 0.000000 0.000000 
1875 0.000000 0.000000 
1876 0.000000 0.000000 
1877 0.000000 0.000000 
1878 0.000000 0.000000 
1879 0.000000 0.000000 
1880 0.000000 0.000000 
1881 0.000000 0.000000 
1882 0.000000 0.000000 
1883 0.000000 0.000000 
1884 0.000000 0.000000 
1885 0.000000 0.000000 
1886 0.000000 0.000000 
1887 0.000000 0.000000 
1888 0.000000 0.000000 
1889 0.000000 0.000000 
1890 0.000000 0.000000 
1891 0.000000 0.000000 
1892 0.000000 0.000000 
1893 0.000000 0.000000 
1894 0.000000 0.000000 
1895 0.000000 0.000000 
1896 0.000000 0.000000 
1897 0.000000 0.000000 
1898 0.000000 0.000000 
1899 0.000000 0.000000 
1900 0.000000 0.000000 
1901 0.000000 0.000000 
1902 0.000000 0.000000 
1903 0.000000 0.000000 
1904 0.000000 0.000000 
1905 0.000000 0.000000 
1906 0.000000 0.000000 
1907 0.000000 0.000000 
1908 0.000000 0.000000 
1909 0.000000 0.000000 
1910 0.000000 0.000000 
1911 0.000000 0.000000 
1912 0.000000 0.000000 
1913 0.000000 0.000000 
1914 0.000000 0.000000 
1915 0.000000 0.000000 
1916 0.000000 0.000000 
1917 0.000000 0.000000 
1918 0.000000 0.000000 
1919 0.000000 0.000000 
1920 0.000000 0.000000 
1921 0.000000 0.000000 
1922 0.000000 0.000000 
1923 0.000000 0.000000 
1924 0.000000 0.000000 
1925 0.000000 0.000000 
1926 0.000000 0.000000 
1927 0.000000 0.000000 
1928 0.000000 0.000000 
1929 0.000000 0.000000 
1930 0.000000 0.000000 
1931 0.000000 0.000000 
1932 0.000000 0.000000 
1933 0.000000 0.000000 
1934 0.000000 0.000000 
1935 0.000000 0.000000 
1936 0.000000 0.000000 
1937 0.000000 0.000000 
1938 0.000000 0.000000 
1939 0.000000 0.000000 
1940 0.000000 0.000000 
1941 0.000000 0.000000 
1942 0.000000 0.000000 
1943 0.000000 0.000000 
1944 0.000000 0.000000 
1945 0.000000 0.000000 
1946 0.000000 0.000000 
1947 0.000000 0.000000 
1948 0.000000 0.000000 
1949 0.000000 0.000000 
1950 0.000000 0.000000 
1951 0.000000 0.000000 
1952 0.000000 0.000000 
1953 0.000000 0.000000 
1954 0.000000 0.000000 
1955 0.000000 0.000000 
1956 0.000000 0.000000 
1957 0.000000 0.000000 
1958 0.000000 0.000000 
1959 0.000000 0.000000 
1960 0.000000 0.000000 
1961 0.000000 0.000000 
1962 0.000000 0.000000 
1963 0.000000 0.000000 
1964 0.000000 0.000000 
1965 0.000000 0.000000 
1966 0.000000 0.000000 
1967 0.000000 0.000000 
1968 0.000000 0.000000 
1969 0.000000 0.000000 
1970 0.000000 0.000000 
1971 0.000000 0.000000 
1972 0.000000 0.000000 
1973 0.000000 0.000000 
1974 0.000000 0.000000 
1975 0.000000 0.000000 
1976 0.000000 0.000000 
1977 0.000000 0.000000 
1978 0.000000 0.000000 
1979 0.000000 0.000000 
1980 0.000000 0.000000 
1981 0.000000 0.000000 
1982 0.000000 0.000000 
1983 0.000000 0.000000 
1984 0.000000 0.000000 
1985 0.000000 0.000000 
1986 0.000000 0.000000 
1987 0.000000 0.000000 
1988 0.000000 0.000000 
1989 0.000000 0.000000 
1990 0.000000 0.000000 
1991 0.000000 0.000000 
1992 0.000000 0.000000 
1993 0.000000 0.000000 
1994 0.000000 0.000000 
1995 0.000000 0.000000 
1996 0.000000 0.000000 
1997 0.000000 0.000000 
1998 0.000000 0.000000 
1999 0.000000 0.000000 
2000 0.000000 0.000000 
2001 0.000000 0.000000 
2002 0.000000 0.000000 
2003 0.000000 0.000000 
2004 0.000000 0.000000 
2005 0.000000 0.000000 
2006 0.000000 0.000000 
2007 0.000000 0.000000 
2008 0.000000 0.000000 
2009 0.000000 0.000000 
2010 0.000000 0.000000 
2011 0.000000 0.000000 
2012 0.000000 0.000000 
2013 0.000000 0.000000 
2014 0.000000 0.000000 
2015 0.000000 0.000000 
2016 0.000000 0.000000 
2017 0.000000 0.000000 
2018 0.000000 0.000000 
2019 0.000000 0.000000 
2020 0.000000 0.000000 
2021 0.000000 0.000000 
2022 0.000000 0.000000 
2023 0.000000 0.000000 
2024 0.000000 0.000000 
2025 0.000000 0.000000 
2026 0.000000 0.000000 
2027 0.000000 0.000000 
2028 0.000000 0.000000 
2029 0.000000 0.000000 
2030 0.000000 0.000000 
2031 0.000000 0.000000 
2032 0.000000 0.000000 
2033 0.000000 0.000000 
2034 0.000000 0.000000 
2035 0.000000 0.000000 
2036 0.000000 0.000000 
2037 0.000000 0.000000 
2038 0.000000 0.000000 
2039 0.000000 0.000000 
2040 0.000000 0.000000 
2041 0.000000 0.000000 
2042 0.000000 0.000000 
2043 0.000000 0.000000 
2044 0.000000 0.000000 
2045 0.000000 0.000000 
2046 0.000000 0.000000 
2047 0.000000 0.000000 
2048 0.000000 0.000000 
2049 0.000000 0.000000 
2050 0.000000 0.000000 
2051 0.000000 0.000000 
2052 0.000000 0.000000 
2053 0.000000 0.000000 
2054 0.000000 0.000000 
2055 0.000000 0.000000 
2056 0.000000 0.000000 
2057 0.000000 0.000000 
2058 0.000000 0.000000 
2059 0.000000 0.000000 
2060 0.000000 0.000000 
2061 0.000000 0.000000 
2062 0.000000 0.000000 
2063 0.000000 0.000000 
2064 0.000000 0.000000 
2065 0.000000 0.000000 
2066 0.000000 0.000000 
2067 0.000000 0.000000 
2068 0.000000 0.000000 
2069 0.000000 0.000000 
2070 0.000000 0.000000 
2071 0.000000 0.000000 
2072 0.000000 0.000000 
2073 0.000000 0.000000 
2074 0.000000 0.000000 
2075 0.000000 0.000000 
2076 0.000000 0.000000 
2077 0.000000 0.000000 
2078 0.000000 0.000000 
2079 0.000000 0.000000 
2080 0.000000 0.000000 
2081 0.000000 0.000000 
2082 0.000000 0.000000 
2083 0.000000 0.000000 
2084 0.000000 0.000000 
2085 0.000000 0.000000 
2086 0.000000 0.000000 
2087 0.000000 0.000000 
2088 0.000000 0.000000 
2089 0.000000 0.000000 
2090 0.000000 0.000000 
2091 0.000000 0.000000 
2092 0.000000 0.000000 
2093 0.000000 0.000000 
2094 0.000000 0.000000 
2095 0.000000 0.000000 
2096 0.000000 0.000000 
2097 0.000000 0.000000 
2098 0.000000 0.000000 
2099 0.000000 0.000000 
2100 0.000000 0.000000 
2101 0.000000 0.000000 
2102 0.000000 0.000000 
2103 0.000000 0.000000 
2104 0.000000 0.000000 
2105 0.000000 0.000000 
2106 0.000000 0.000000 
2107 0.000000 0.000000 
2108 0.000000 0.000000 
2109 0.000000 0.000000 
2110 0.000000 0.000000 
2111 0.000000 0.000000 
2112 0.000000 0.000000 
2113 0.000000 0.000000 
2114 0.000000 0.000000 
2115 0.000000 0.000000 
2116 0.000000 0.000000 
2117 0.000000 0.000000 
2118 0.000000 0.000000 
2119 0.000000 0.000000 
2120 0.000000 0.000000 
2121 0.000000 0.000000 
2122 0.000000 0.000000 
2123 0.000000 0.000000 
2124 0.000000 0.000000 
2125 0.000000 0.000000 
2126 0.000000 0.000000 
2127 0.000000 0.000000 
2128 0.000000 0.000000 
2129 0.000000 0.000000 
2130 0.000000 0.000000 
2131 0.000000 0.000000 
2132 0.000000 0.000000 
2133 0.000000 0.000000 
2134 0.000000 0.000000 
2135 0.000000 0.000000 
2136 0.000000 0.000000 
2137 0.000000 0.000000 
2138 0.000000 0.000000 
2139 0.000000 0.000000 
2140 0.000000 0.000000 
2141 0.000000 0.000000 
2142 0.000000 0.000000 
2143 0.000000 0.000000 
2144 0.000000 0.000000 
2145 0.000000 0.000000 
2146 0.000000 0.000000 
2147 0.000000 0.000000 
2148 0.000000 0.000000 
2149 0.000000 0.000000 
2150 0.000000 0.000000 
2151 0.000000 0.000000 
2152 0.000000 0.000000 
2153 0.000000 0.000000 
2154 0.000000 0.000000 
2155 0.000000 0.000000 
2156 0.000000 0.000000 
2157 0.000000 0.000000 
2158 0.000000 0.000000 
2159 0.000000 0.000000 
2160 0.000000 0.000000 
2161 0.000000 0.000000 
2162 0.000000 0.000000 
2163 0.000000 0.000000 
2164 0.000000 0.000000 
2165 0.000000 0.000000 
2166 0.000000 0.000000 
2167 0.000000 0.000000 
2168 0.000000 0.000000 
2169 0.000000 0.000000 
2170 0.000000 0.000000 
2171 0.000000 0.000000 
2172 0.000000 0.000000 
2173 0.000000 0.000000 
2174 0.000000 0.000000 
2175 0.000000 0.000000 
2176 0.000000 0.000000 
2177 0.000000 0.000000 
2178 0.000000 0.000000 
2179 0.000000 0.000000 
2180 0.000000 0.000000 
2181 0.000000 0.000000 
2182 0.000000 0.000000 
2183 0.000000 0.000000 
2184 0.000000 0.000000 
2185 0.000000 0.000000 
2186 0.000000 0.000000 
2187 0.000000 0.000000 
2188 0.000000 0.000000 
2189 0.000000 0.000000 
2190 0.000000 0.000000 
2191 0.000000 0.000000 
2192 0.000000 0.000000 
2193 0.000000 0.000000 
2194 0.000000 0.000000 
2195 0.000000 0.000000 
2196 0.000000 0.000000 
2197 0.000000 0.000000 
2198 0.000000 0.000000 
2199 0.000000 0.000000 
2200 0.000000 0.000000 
2201 0.000000 0.000000 
2202 0.000000 0.000000 
2203 0.000000 0.000000 
2204 0.000000 0.000000 
2205 0.000000 0.000000 
2206 0.000000 0.000000 
2207 0.000000 0.000000 
2208 0.000000 0.000000 
2209 0.000000 0.000000 
2210 0.000000 0.000000 
2211 0.000000 0.000000 
2212 0.000000 0.000000 
2213 0.000000 0.000000 
2214 0.000000 0.000000 
2215 0.000000 0.000000 
2216 0.000000 0.000000 
2217 0.000000 0.000000 
2218 0.000000 0.000000 
2219 0.000000 0.000000 
2220 0.000000 0.000000 
2221 0.000000 0.000000 
2222 0.000000 0.000000 
2223 0.000000 0.000000 
2224 0.000000 0.000000 
2225 0.000000 0.000000 
2226 0.000000 0.000000 
2227 0.000000 0.000000 
2228 0.000000 0.000000 
2229 0.000000 0.000000 
2230 0.000000 0.000000 
2231 0.000000 0.000000 
2232 0.000000 0.000000 
2233 0.000000 0.000000 
2234 0.000000 0.000000 
2235 0.000000 0.000000 
2236 0.000000 0.000000 
2237 0.000000 0.000000 
2238 0.000000 0.000000 
2239 0.000000 0.000000 
2240 0.000000 0.000000 
2241 0.000000 0.000000 
2242 0.000000 0.000000 
2243 0.000000 0.000000 
2244 0.000000 0.000000 
2245 0.000000 0.000000 
2246 0.000000 0.000000 
2247 0.000000 0.000000 
2248 0.000000 0.000000 
2249 0.000000 0.000000 
2250 0.000000 0.000000 
2251 0.000000 0.000000 
2252 0.000000 0.000000 
2253 0.000000 0.000000 
2254 0.000000 0.000000 
2255 0.000000 0.000000 
2256 0.000000 0.000000 
2257 0.000000 0.000000 
2258 0.000000 0.000000 
2259 0.000000 0.000000 
2260 0.000000 0.000000 
2261 0.000000 0.000000 
2262 0.000000 0.000000 
2263 0.000000 0.000000 
2264 0.000000 0.000000 
2265 0.000000 0.000000 
2266 0.000000 0.000000 
2267 0.000000 0.000000 
2268 0.000000 0.000000 
2269 0.000000 0.000000 
2270 0.000000 0.000000 
2271 0.000000 0.000000 
2272 0.000000 0.000000 
2273 0.000000 0.000000 
2274 0.000000 0.000000 
2275 0.000000 0.000000 
2276 0.000000 0.000000 
2277 0.000000 0.000000 
2278 0.000000 0.000000 
2279 0.000000 0.000000 
2280 0.000000 0.000000 
2281 0.000000 0.000000 
2282 0.000000 0.000000 
2283 0.000000 0.000000 
2284 0.000000 0.000000 
2285 0.000000 0.000000 
2286 0.000000 0.000000 
2287 0.000000 0.000000 
2288 0.000000 0.000000 
2289 0.000000 0.000000 
2290 0.000000 0.000000 
2291 0.000000 0.000000 
2292 0.000000 0.000000 
2293 0.000000 0.000000 
2294 0.000000 0.000000 
2295 0.000000 0.000000 
2296 0.000000 0.000000 
2297 0.000000 0.000000 
2298 0.000000 0.000000 
2299 0.000000 0.000000 
2300 0.000000 0.000000 
2301 0.000000 0.000000 
2302 0.000000 0.000000 
2303 0.000000 0.000000 
2304 0.000000 0.000000 
2305 0.000000 0.000000 
2306 0.000000 0.000000 
2307 0.000000 0.000000 
2308 0.000000 0.000000 
2309 0.000000 0.000000 
2310 0.000000 0.000000 
2311 0.000000 0.000000 
2312 0.000000 0.000000 
2313 0.000000 0.000000 
2314 0.000000 0.000000 
2315 0.000000 0.000000 
2316 0.000000 0.000000 
2317 0.000000 0.000000 
2318 0.000000 0.000000 
2319 0.000000 0.000000 
2320 0.000000 0.000000 
2321 0.000000 0.000000 
2322 0.000000 0.000000 
2323 0.000000 0.000000 
2324 0.000000 0.000000 
2325 0.000000 0.000000 
2326 0.000000 0.000000 
2327 0.000000 0.000000 
2328 0.000000 0.000000 
2329 0.000000 0.000000 
2330 0.000000 0.000000 
2331 0.000000 0.000000 
2332 0.000000 0.000000 
2333 0.000000 0.000000 
2334 0.000000 0.000000 
2335 0.000000 0.000000 
2336 0.000000 0.000000 
2337 0.000000 0.000000 
2338 0.000000 0.000000 
2339 0.000000 0.000000 
2340 0.000000 0.000000 
2341 0.000000 0.000000 
2342 0.000000 0.000000 
2343 0.000000 0.000000 
2344 0.000000 0.000000 
2345 0.000000 0.000000 
2346 0.000000 0.000000 
2347 0.000000 0.000000 
2348 0.000000 0.000000 
2349 0.000000 0.000000 
2350 0.000000 0.000000 
2351 0.000000 0.000000 
2352 0.000000 0.000000 
2353 0.000000 0.000000 
2354 0.000000 0.000000 
2355 0.000000 0.000000 
2356 0.000000 0.000000 
2357 0.000000 0.000000 
2358 0.000000 0.000000 
2359 0.000000 0.000000 
2360 0.000000 0.000000 
2361 0.000000 0.000000 
2362 0.000000 0.000000 
2363 0.000000 0.000000 
2364 0.000000 0.000000 
2365 0.000000 0.000000 
2366 0.000000 0.000000 
2367 0.000000 0.000000 
2368 0.000000 0.000000 
2369 0.000000 0.000000 
2370 0.000000 0.000000 
2371 0.000000 0.000000 
2372 0.000000 0.000000 
2373 0.000000 0.000000 
2374 0.000000 0.000000 
2375 0.000000 0.000000 
2376 0.000000 0.000000 
2377 0.000000 0.000000 
2378 0.000000 0.000000 
2379 0.000000 0.000000 
2380 0.000000 0.000000 
2381 0.000000 0.000000 
2382 0.000000 0.000000 
2383 0.000000 0.000000 
2384 0.000000 0.000000 
2385 0.000000 0.000000 
2386 0.000000 0.000000 
2387 0.000000 0.000000 
2388 0.000000 0.000000 
2389 0.000000 0.000000 
2390 0.000000 0.000000 
2391 0.000000 0.000000 
2392 0.000000 0.000000 
2393 0.000000 0.000000 
2394 0.000000 0.000000 
2395 0.000000 0.000000 
2396 0.000000 0.000000 
2397 0.000000 0.000000 
2398 0.000000 0.000000 
2399 0.000000 0.000000 
2400 0.000000 0.000000 
2401 0.000000 0.000000 
2402 0.000000 0.000000 
2403 0.000000 0.000000 
2404 0.000000 0.000000 
2405 0.000000 0.000000 
2406 0.000000 0.000000 
2407 0.000000 0.000000 
2408 0.000000 0.000000 
2409 0.000000 0.000000 
2410 0.000000 0.000000 
2411 0.000000 0.000000 
2412 0.000000 0.000000 
2413 0.000000 0.000000 
2414 0.000000 0.000000 
2415 0.000000 0.000000 
2416 0.000000 0.000000 
2417 0.000000 0.000000 
2418 0.000000 0.000000 
2419 0.000000 0.000000 
2420 0.000000 0.000000 
2421 0.000000 0.000000 
2422 0.000000 0.000000 
2423 0.000000 0.000000 
2424 0.000000 0.000000 
2425 0.000000 0.000000 
2426 0.000000 0.000000 
2427 0.000000 0.000000 
2428 0.000000 0.000000 
2429 0.000000 0.000000 
2430 0.000000 0.000000 
2431 0.000000 0.000000 
2432 0.000000 0.000000 
2433 0.000000 0.000000 
2434 0.000000 0.000000 
2435 0.000000 0.000000 
2436 0.000000 0.000000 
2437 0.000000 0.000000 
2438 0.000000 0.000000 
2439 0.000000 0.000000 
2440 0.000000 0.000000 
2441 0.000000 0.000000 
2442 0.000000 0.000000 
2443 0.000000 0.000000 
2444 0.000000 0.000000 
2445 0.000000 0.000000 
2446 0.000000 0.000000 
2447 0.000000 0.000000 
2448 0.000000 0.000000 
2449 0.000000 0.000000 
2450 0.000000 0.000000 
2451 0.000000 0.000000 
2452 0.000000 0.000000 
2453 0.000000 0.000000 
2454 0.000000 0.000000 
2455 0.000000 0.000000 
2456 0.000000 0.000000 
2457 0.000000 0.000000 
2458 0.000000 0.000000 
2459 0.000000 0.000000 
2460 0.000000 0.000000 
2461 0.000000 0.000000 
2462 0.000000 0.000000 
2463 0.000000 0.000000 
2464 0.000000 0.000000 
2465 0.000000 0.000000 
2466 0.000000 0.000000 
2467 0.000000 0.000000 
2468 0.000000 0.000000 
2469 0.000000 0.000000 
2470 0.000000 0.000000 
2471 0.000000 0.000000 
2472 0.000000 0.000000 
2473 0.000000 0.000000 
2474 0.000000 0.000000 
2475 0.000000 0.000000 
2476 0.000000 0.000000 
2477 0.000000 0.000000 
2478 0.000000 0.000000 
2479 0.000000 0.000000 
2480 0.000000 0.000000 
2481 0.000000 0.000000 
2482 0.000000 0.000000 
2483 0.000000 0.000000 
2484 0.000000 0.000000 
2485 0.000000 0.000000 
2486 0.000000 0.000000 
2487 0.000000 0.000000 
2488 0.000000 0.000000 
2489 0.000000 0.000000 
2490 0.000000 0.000000 
2491 0.000000 0.000000 
2492 0.000000 0.000000 
2493 0.000000 0.000000 
2494 0.000000 0.000000 
2495 0.000000 0.000000 
2496 0.000000 0.000000 
2497 0.000000 0.000000 
2498 0.000000 0.000000 
2499 0.000000 0.000000 
2500 0.000000 0.000000 
2501 0.000000 0.000000 
2502 0.000000 0.000000 
2503 0.000000 0.000000 
2504 0.000000 0.000000 
2505 0.000000 0.000000 
2506 0.000000 0.000000 
2507 0.000000 0.000000 
2508 0.000000 0.000000 
2509 0.000000 0.000000 
2510 0.000000 0.000000 
2511 0.000000 0.000000 
2512 0.000000 0.000000 
2513 0.000000 0.000000 
2514 0.000000 0.000000 
2515 0.000000 0.000000 
2516 0.000000 0.000000 
2517 0.000000 0.000000 
2518 0.000000 0.000000 
2519 0.000000 0.000000 
2520 0.000000 0.000000 
2521 0.000000 0.000000 
2522 0.000000 0.000000 
2523 0.000000 0.000000 
2524 0.000000 0.000000 
2525 0.000000 0.000000 
2526 0.000000 0.000000 
2527 0.000000 0.000000 
2528 0.000000 0.000000 
2529 0.000000 0.000000 
2530 0.000000 0.000000 
2531 0.000000 0.000000 
2532 0.000000 0.000000 
2533 0.000000 0.000000 
2534 0.000000 0.000000 
2535 0.000000 0.000000 
2536 0.000000 0.000000 
2537 0.000000 0.000000 
2538 0.000000 0.000000 
2539 0.000000 0.000000 
2540 0.000000 0.000000 
2541 0.000000 0.000000 
2542 0.000000 0.000000 
2543 0.000000 0.000000 
2544 0.000000 0.000000 
2545 0.000000 0.000000 
2546 0.000000 0.000000 
2547 0.000000 0.000000 
2548 0.000000 0.000000 
2549 0.000000 0.000000 
2550 0.000000 0.000000 
2551 0.000000 0.000000 
2552 0.000000 0.000000 
2553 0.000000 0.000000 
2554 0.000000 0.000000 
2555 0.000000 0.000000 
2556 0.000000 0.000000 
2557 0.000000 0.000000 
2558 0.000000 0.000000 
2559 0.000000 0.000000 
2560 0.000000 0.000000 
2561 0.000000 0.000000 
2562 0.000000 0.000000 
2563 0.000000 0.000000 
2564 0.000000 0.000000 
2565 0.000000 0.000000 
2566 0.000000 0.000000 
2567 0.000000 0.000000 
2568 0.000000 0.000000 
2569 0.000000 0.000000 
2570 0.000000 0.000000 
2571 0.000000 0.000000 
2572 0.000000 0.000000 
2573 0.000000 0.000000 
2574 0.000000 0.000000 
2575 0.000000 0.000000 
2576 0.000000 0.000000 
2577 0.000000 0.000000 
2578 0.000000 0.000000 
2579 0.000000 0.000000 
2580 0.000000 0.000000 
2581 0.000000 0.000000 
2582 0.000000 0.000000 
2583 0.000000 0.000000 
2584 0.000000 0.000000 
2585 0.000000 0.000000 
2586 0.000000 0.000000 
2587 0.000000 0.000000 
2588 0.000000 0.000000 
2589 0.000000 0.000000 
2590 0.000000 0.000000 
2591 0.000000 0.000000 
2592 0.000000 0.000000 
2593 0.000000 0.000000 
2594 0.000000 0.000000 
2595 0.000000 0.000000 
2596 0.000000 0.000000 
2597 0.000000 0.000000 
2598 0.000000 0.000000 
2599 0.000000 0.000000 
2600 0.000000 0.000000 
2601 0.000000 0.000000 
2602 0.000000 0.000000 
2603 0.000000 0.000000 
2604 0.000000 0.000000 
2605 0.000000 0.000000 
2606 0.000000 0.000000 
2607 0.000000 0.000000 
2608 0.000000 0.000000 
2609 0.000000 0.000000 
2610 0.000000 0.000000 
2611 0.000000 0.000000 
2612 0.000000 0.000000 
2613 0.000000 0.000000 
2614 0.000000 0.000000 
2615 0.000000 0.000000 
2616 0.000000 0.000000 
2617 0.000000 0.000000 
2618 0.000000 0.000000 
2619 0.000000 0.000000 
2620 0.000000 0.000000 
2621 0.000000 0.000000 
2622 0.000000 0.000000 
2623 0.000000 0.000000 
2624 0.000000 0.000000 
2625 0.000000 0.000000 
2626 0.000000 0.000000 
2627 0.000000 0.000000 
2628 0.000000 0.000000 
2629 0.000000 0.000000 
2630 0.000000 0.000000 
2631 0.000000 0.000000 
2632 0.000000 0.000000 
2633 0.000000 0.000000 
2634 0.000000 0.000000 
2635 0.000000 0.000000 
2636 0.000000 0.000000 
2637 0.000000 0.000000 
2638 0.000000 0.000000 
2639 0.000000 0.000000 
2640 0.000000 0.000000 
2641 0.000000 0.000000 
2642 0.000000 0.000000 
2643 0.000000 0.000000 
2644 0.000000 0.000000 
2645 0.000000 0.000000 
2646 0.000000 0.000000 
2647 0.000000 0.000000 
2648 0.000000 0.000000 
2649 0.000000 0.000000 
2650 0.000000 0.000000 
2651 0.000000 0.000000 
2652 0.000000 0.000000 
2653 0.000000 0.000000 
2654 0.000000 0.000000 
2655 0.000000 0.000000 
2656 0.000000 0.000000 
2657 0.000000 0.000000 
2658 0.000000 0.000000 
2659 0.000000 0.000000 
2660 0.000000 0.000000 
2661 0.000000 0.000000 
2662 0.000000 0.000000 
2663 0.000000 0.000000 
2664 0.000000 0.000000 
2665 0.000000 0.000000 
2666 0.000000 0.000000 
2667 0.000000 0.000000 
2668 0.000000 0.000000 
2669 0.000000 0.000000 
2670 0.000000 0.000000 
2671 0.000000 0.000000 
2672 0.000000 0.000000 
2673 0.000000 0.000000 
2674 0.000000 0.000000 
2675 0.000000 0.000000 
2676 0.000000 0.000000 
2677 0.000000 0.000000 
2678 0.000000 0.000000 
2679 0.000000 0.000000 
2680 0.000000 0.000000 
2681 0.000000 0.000000 
2682 0.000000 0.000000 
2683 0.000000 0.000000 
2684 0.000000 0.000000 
2685 0.000000 0.000000 
2686 0.000000 0.000000 
2687 0.000000 0.000000 
2688 0.000000 0.000000 
2689 0.000000 0.000000 
2690 0.000000 0.000000 
2691 0.000000 0.000000 
2692 0.000000 0.000000 
2693 0.000000 0.000000 
2694 0.000000 0.000000 
2695 0.000000 0.000000 
2696 0.000000 0.000000 
2697 0.000000 0.000000 
2698 0.000000 0.000000 
2699 0.000000 0.000000 
2700 0.000000 0.000000 
2701 0.000000 0.000000 
2702 0.000000 0.000000 
2703 0.000000 0.000000 
2704 0.000000 0.000000 
2705 0.000000 0.000000 
2706 0.000000 0.000000 
2707 0.000000 0.000000 
2708 0.000000 0.000000 
2709 0.000000 0.000000 
2710 0.000000 0.000000 
2711 0.000000 0.000000 
2712 0.000000 0.000000 
2713 0.000000 0.000000 
2714 0.000000 0.000000 
2715 0.000000 0.000000 
2716 0.000000 0.000000 
2717 0.000000 0.000000 
2718 0.000000 0.000000 
2719 0.000000 0.000000 
2720 0.000000 0.000000 
2721 0.000000 0.000000 
2722 0.000000 0.000000 
2723 0.000000 0.000000 
2724 0.000000 0.000000 
2725 0.000000 0.000000 
2726 0.000000 0.000000 
2727 0.000000 0.000000 
2728 0.000000 0.000000 
2729 0.000000 0.000000 
2730 0.000000 0.000000 
2731 0.000000 0.000000 
2732 0.000000 0.000000 
2733 0.000000 0.000000 
2734 0.000000 0.000000 
2735 0.000000 0.000000 
2736 0.000000 0.000000 
2737 0.000000 0.000000 
2738 0.000000 0.000000 
2739 0.000000 0.000000 
2740 0.000000 0.000000 
2741 0.000000 0.000000 
2742 0.000000 0.000000 
2743 0.000000 0.000000 
2744 0.000000 0.000000 
2745 0.000000 0.000000 
2746 0.000000 0.000000 
2747 0.000000 0.000000 
2748 0.000000 0.000000 
2749 0.000000 0.000000 
2750 0.000000 0.000000 
2751 0.000000 0.000000 
2752 0.000000 0.000000 
2753 0.000000 0.000000 
2754 0.000000 0.000000 
2755 0.000000 0.000000 
2756 0.000000 0.000000 
2757 0.000000 0.000000 
2758 0.000000 0.000000 
2759 0.000000 0.000000 
2760 0.000000 0.000000 
2761 0.000000 0.000000 
2762 0.000000 0.000000 
2763 0.000000 0.000000 
2764 0.000000 0.000000 
2765 0.000000 0.000000 
2766 0.000000 0.000000 
2767 0.000000 0.000000 
2768 0.000000 0.000000 
2769 0.000000 0.000000 
2770 0.000000 0.000000 
2771 0.000000 0.000000 
2772 0.000000 0.000000 
2773 0.000000 0.000000 
2774 0.000000 0.000000 
2775 0.000000 0.000000 
2776 0.000000 0.000000 
2777 0.000000 0.000000 
2778 0.000000 0.000000 
2779 0.000000 0.000000 
2780 0.000000 0.000000 
2781 0.000000 0.000000 
2782 0.000000 0.000000 
2783 0.000000 0.000000 
2784 0.000000 0.000000 
2785 0.000000 0.000000 
2786 0.000000 0.000000 
2787 0.000000 0.000000 
2788 0.000000 0.000000 
2789 0.000000 0.000000 
2790 0.000000 0.000000 
2791 0.000000 0.000000 
2792 0.000000 0.000000 
2793 0.000000 0.000000 
2794 0.000000 0.000000 
2795 0.000000 0.000000 
2796 0.000000 0.000000 
2797 0.000000 0.000000 
2798 0.000000 0.000000 
2799 0.000000 0.000000 
2800 0.000000 0.000000 
2801 0.000000 0.000000 
2802 0.000000 0.000000 
2803 0.000000 0.000000 
2804 0.000000 0.000000 
2805 0.000000 0.000000 
2806 0.000000 0.000000 
2807 0.000000 0.000000 
2808 0.000000 0.000000 
2809 0.000000 0.000000 
2810 0.000000 0.000000 
2811 0.000000 0.000000 
2812 0.000000 0.000000 
2813 0.000000 0.000000 
2814 0.000000 0.000000 
2815 0.000000 0.000000 
2816 0.000000 0.000000 
2817 0.000000 0.000000 
2818 0.000000 0.000000 
2819 0.000000 0.000000 
2820 0.000000 0.000000 
2821 0.000000 0.000000 
2822 0.000000 0.000000 
2823 0.000000 0.000000 
2824 0.000000 0.000000 
2825 0.000000 0.000000 
2826 0.000000 0.000000 
2827 0.000000 0.000000 
2828 0.000000 0.000000 
2829 0.000000 0.000000 
2830 0.000000 0.000000 
2831 0.000000 0.000000 
2832 0.000000 0.000000 
2833 0.000000 0.000000 
2834 0.000000 0.000000 
2835 0.000000 0.000000 
2836 0.000000 0.000000 
2837 0.000000 0.000000 
2838 0.000000 0.000000 
2839 0.000000 0.000000 
2840 0.000000 0.000000 
2841 0.000000 0.000000 
2842 0.000000 0.000000 
2843 0.000000 0.000000 
2844 0.000000 0.000000 
2845 0.000000 0.000000 
2846 0.000000 0.000000 
2847 0.000000 0.000000 
2848 0.000000 0.000000 
2849 0.000000 0.000000 
2850 0.000000 0.000000 
2851 0.000000 0.000000 
2852 0.000000 0.000000 
2853 0.000000 0.000000 
2854 0.000000 0.000000 
2855 0.000000 0.000000 
2856 0.000000 0.000000 
2857 0.000000 0.000000 
2858 0.000000 0.000000 
2859 0.000000 0.000000 
2860 0.000000 0.000000 
2861 0.000000 0.000000 
2862 0.000000 0.000000 
2863 0.000000 0.000000 
2864 0.000000 0.000000 
2865 0.000000 0.000000 
2866 0.000000 0.000000 
2867 0.000000 0.000000 
2868 0.000000 0.000000 
2869 0.000000 0.000000 
2870 0.000000 0.000000 
2871 0.000000 0.000000 
2872 0.000000 0.000000 
2873 0.000000 0.000000 
2874 0.000000 0.000000 
2875 0.000000 0.000000 
2876 0.000000 0.000000 
2877 0.000000 0.000000 
2878 0.000000 0.000000 
2879 0.000000 0.000000 
2880 0.000000 0.000000 
2881 0.000000 0.000000 
2882 0.000000 0.000000 
2883 0.000000 0.000000 
2884 0.000000 0.000000 
2885 0.000000 0.000000 
2886 0.000000 0.000000 
2887 0.000000 0.000000 
2888 0.000000 0.000000 
2889 0.000000 0.000000 
2890 0.000000 0.000000 
2891 0.000000 0.000000 
2892 0.000000 0.000000 
2893 0.000000 0.000000 
2894 0.000000 0.000000 
2895 0.000000 0.000000 
2896 0.000000 0.000000 
2897 0.000000 0.000000 
2898 0.000000 0.000000 
2899 0.000000 0.000000 
2900 0.000000 0.000000 
2901 0.000000 0.000000 
2902 0.000000 0.000000 
2903 0.000000 0.000000 
2904 0.000000 0.000000 
2905 0.000000 0.000000 
2906 0.000000 0.000000 
2907 0.000000 0.000000 
2908 0.000000 0.000000 
2909 0.000000 0.000000 
2910 0.000000 0.000000 
2911 0.000000 0.000000 
2912 0.000000 0.000000 
2913 0.000000 0.000000 
2914 0.000000 0.000000 
2915 0.000000 0.000000 
2916 0.000000 0.000000 
2917 0.000000 0.000000 
2918 0.000000 0.000000 
2919 0.000000 0.000000 
2920 0.000000 0.000000 
2921 0.000000 0.000000 
2922 0.000000 0.000000 
2923 0.000000 0.000000 
2924 0.000000 0.000000 
2925 0.000000 0.000000 
2926 0.000000 0.000000 
2927 0.000000 0.000000 
2928 0.000000 0.000000 
2929 0.000000 0.000000 
2930 0.000000 0.000000 
2931 0.000000 0.000000 
2932 0.000000 0.000000 
2933 0.000000 0.000000 
2934 0.000000 0.000000 
2935 0.000000 0.000000 
2936 0.000000 0.000000 
2937 0.000000 0.000000 
2938 0.000000 0.000000 
2939 0.000000 0.000000 
2940 0.000000 0.000000 
2941 0.000000 0.000000 
2942 0.000000 0.000000 
2943 0.000000 0.000000 
2944 0.000000 0.000000 
2945 0.000000 0.000000 
2946 0.000000 0.000000 
2947 0.000000 0.000000 
2948 0.000000 0.000000 
2949 0.000000 0.000000 
2950 0.000000 0.000000 
2951 0.000000 0.000000 
2952 0.000000 0.000000 
2953 0.000000 0.000000 
2954 0.000000 0.000000 
2955 0.000000 0.000000 
2956 0.000000 0.000000 
2957 0.000000 0.000000 
2958 0.000000 0.000000 
2959 0.000000 0.000000 
2960 0.000000 0.000000 
2961 0.000000 0.000000 
2962 0.000000 0.000000 
2963 0.000000 0.000000 
2964 0.000000 0.000000 
2965 0.000000 0.000000 
2966 0.000000 0.000000 
2967 0.000000 0.000000 
2968 0.000000 0.000000 
2969 0.000000 0.000000 
2970 0.000000 0.000000 
2971 0.000000 0.000000 
2972 0.000000 0.000000 
2973 0.000000 0.000000 
2974 0.000000 0.000000 
2975 0.000000 0.000000 
2976 0.000000 0.000000 
2977 0.000000 0.000000 
2978 0.000000 0.000000 
2979 0.000000 0.000000 
2980 0.000000 0.000000 
2981 0.000000 0.000000 
2982 0.000000 0.000000 
2983 0.000000 0.000000 
2984 0.000000 0.000000 
2985 0.000000 0.000000 
2986 0.000000 0.000000 
2987 0.000000 0.000000 
2988 0.000000 0.000000 
2989 0.000000 0.000000 
2990 0.000000 0.000000 
2991 0.000000 0.000000 
2992 0.000000 0.000000 
2993 0.000000 0.000000 
2994 0.000000 0.000000 
2995 0.000000 0.000000 
2996 0.000000 0.000000 
2997 0.000000 0.000000 
2998 0.000000 0.000000 
2999 0.000000 0.000000 
3000 0.000000 0.000000 
3001 0.000000 0.000000 
3002 0.000000 0.000000 
3003 0.000000 0.000000 
3004 0.000000 0.000000 
3005 0.000000 0.000000 
3006 0.000000 0.000000 
3007 0.000000 0.000000 
3008 0.000000 0.000000 
3009 0.000000 0.000000 
3010 0.000000 0.000000 
3011 0.000000 0.000000 
3012 0.000000 0.000000 
3013 0.000000 0.000000 
3014 0.000000 0.000000 
3015 0.000000 0.000000 
3016 0.000000 0.000000 
3017 0.000000 0.000000 
3018 0.000000 0.000000 
3019 0.000000 0.000000 
3020 0.000000 0.000000 
3021 0.000000 0.000000 
3022 0.000000 0.000000 
3023 0.000000 0.000000 
3024 0.000000 0.000000 
3025 0.000000 0.000000 
3026 0.000000 0.000000 
3027 0.000000 0.000000 
3028 0.000000 0.000000 
3029 0.000000 0.000000 
3030 0.000000 0.000000 
3031 0.000000 0.000000 
3032 0.000000 0.000000 
3033 0.000000 0.000000 
3034 0.000000 0.000000 
3035 0.000000 0.000000 
3036 0.000000 0.000000 
3037 0.000000 0.000000 
3038 0.000000 0.000000 
3039 0.000000 0.000000 
3040 0.000000 0.000000 
3041 0.000000 0.000000 
3042 0.000000 0.000000 
3043 0.000000 0.000000 
3044 0.000000 0.000000 
3045 0.000000 0.000000 
3046 0.000000 0.000000 
3047 0.000000 0.000000 
3048 0.000000 0.000000 
3049 0.000000 0.000000 
3050 0.000000 0.000000 
3051 0.000000 0.000000 
3052 0.000000 0.000000 
3053 0.000000 0.000000 
3054 0.000000 0.000000 
3055 0.000000 0.000000 
3056 0.000000 0.000000 
3057 0.000000 0.000000 
3058 0.000000 0.000000 
3059 0.000000 0.000000 
3060 0.000000 0.000000 
3061 0.000000 0.000000 
3062 0.000000 0.000000 
3063 0.000000 0.000000 
3064 0.000000 0.000000 
3065 0.000000 0.000000 
3066 0.000000 0.000000 
3067 0.000000 0.000000 
3068 0.000000 0.000000 
3069 0.000000 0.000000 
3070 0.000000 0.000000 
3071 0.000000 0.000000 
3072 0.000000 0.000000 
3073 0.000000 0.000000 
3074 0.000000 0.000000 
3075 0.000000 0.000000 
3076 0.000000 0.000000 
3077 0.000000 0.000000 
3078 0.000000 0.000000 
3079 0.000000 0.000000 
3080 0.000000 0.000000 
3081 0.000000 0.000000 
3082 0.000000 0.000000 
3083 0.000000 0.000000 
3084 0.000000 0.000000 
3085 0.000000 0.000000 
3086 0.000000 0.000000 
3087 0.000000 0.000000 
3088 0.000000 0.000000 
3089 0.000000 0.000000 
3090 0.000000 0.000000 
3091 0.000000 0.000000 
3092 0.000000 0.000000 
3093 0.000000 0.000000 
3094 0.000000 0.000000 
3095 0.000000 0.000000 
3096 0.000000 0.000000 
3097 0.000000 0.000000 
3098 0.000000 0.000000 
3099 0.000000 0.000000 
3100 0.000000 0.000000 
3101 0.000000 0.000000 
3102 0.000000 0.000000 
3103 0.000000 0.000000 
3104 0.000000 0.000000 
3105 0.000000 0.000000 
3106 0.000000 0.000000 
3107 0.000000 0.000000 
3108 0.000000 0.000000 
3109 0.000000 0.000000 
3110 0.000000 0.000000 
3111 0.000000 0.000000 
3112 0.000000 0.000000 
3113 0.000000 0.000000 
3114 0.000000 0.000000 
3115 0.000000 0.000000 
3116 0.000000 0.000000 
3117 0.000000 0.000000 
3118 0.000000 0.000000 
3119 0.000000 0.000000 
3120 0.000000 0.000000 
3121 0.000000 0.000000 
3122 0.000000 0.000000 
3123 0.000000 0.000000 
3124 0.000000 0.000000 
3125 0.000000 0.000000 
3126 0.000000 0.000000 
3127 0.000000 0.000000 
3128 0.000000 0.000000 
3129 0.000000 0.000000 
3130 0.000000 0.000000 
3131 0.000000 0.000000 
3132 0.000000 0.000000 
3133 0.000000 0.000000 
3134 0.000000 0.000000 
3135 0.000000 0.000000 
3136 0.000000 0.000000 
3137 0.000000 0.000000 
3138 0.000000 0.000000 
3139 0.000000 0.000000 
3140 0.000000 0.000000 
3141 0.000000 0.000000 
3142 0.000000 0.000000 
3143 0.000000 0.000000 
3144 0.000000 0.000000 
3145 0.000000 0.000000 
3146 0.000000 0.000000 
3147 0.000000 0.000000 
3148 0.000000 0.000000 
3149 0.000000 0.000000 
3150 0.000000 0.000000 
3151 0.000000 0.000000 
3152 0.000000 0.000000 
3153 0.000000 0.000000 
3154 0.000000 0.000000 
3155 0.000000 0.000000 
3156 0.000000 0.000000 
3157 0.000000 0.000000 
3158 0.000000 0.000000 
3159 0.000000 0.000000 
3160 0.000000 0.000000 
3161 0.000000 0.000000 
3162 0.000000 0.000000 
3163 0.000000 0.000000 
3164 0.000000 0.000000 
3165 0.000000 0.000000 
3166 0.000000 0.000001 
3167 0.000000 0.000001 
3168 0.000000 0.000001 
3169 0.000000 0.000001 
3170 0.000000 0.000001 
3171 0.000000 0.000001 
3172 0.000000 0.000001 
3173 0.000000 0.000001 
3174 0.000000 0.000001 
3175 0.000000 0.000001 
3176 0.000000 0.000001 
3177 0.000000 0.000001 
3178 0.000000 0.000001 
3179 0.000000 0.000001 
3180 0.000000 0.000001 
3181 0.000000 0.000001 
3182 0.000000 0.000001 
3183 0.000000 0.000001 
3184 0.000000 0.000001 
3185 0.000000 0.000001 
3186 0.000000 0.000001 
3187 0.000000 0.000001 
3188 0.000000 0.000001 
3189 0.000000 0.000001 
3190 0.000000 0.000002 
3191 0.000000 0.000002 
3192 0.000000 0.000002 
3193 0.000000 0.000002 
3194 0.000000 0.000002 
3195 0.000000 0.000002 
3196 0.000000 0.000002 
3197 0.000000 0.000002 
3198 0.000000 0.000002 
3199 0.000000 0.000002 
3200 0.000000 0.000002 
3201 0.000000 0.000002 
3202 0.000000 0.000003 
3203 0.000000 0.000003 
3204 0.000000 0.000003 
3205 0.000000 0.000003 
3206 0.000000 0.000003 
3207 0.000000 0.000003 
3208 0.000000 0.000003 
3209 0.000000 0.000004 
3210 0.000000 0.000004 
3211 0.000000 0.000004 
3212 0.000000 0.000004 
3213 0.000000 0.000004 
3214 0.000000 0.000004 
3215 0.000000 0.000005 
3216 0.000000 0.000005 
3217 0.000000 0.000005 
3218 0.000000 0.000005 
3219 0.000000 0.000005 
3220 0.000000 0.000006 
3221 0.000000 0.000006 
3222 0.000000 0.000006 
3223 0.000000 0.000006 
3224 0.000000 0.000007 
3225 0.000000 0.000007 
3226 0.000000 0.000007 
3227 0.000000 0.000008 
3228 0.000000 0.000008 
3229 0.000000 0.000008 
3230 0.000000 0.000009 
3231 0.000000 0.000009 
3232 0.000000 0.000009 
3233 0.000000 0.000010 
3234 0.000000 0.000010 
3235 0.000000 0.000011 
3236 0.000000 0.000011 
3237 0.000000 0.000012 
3238 0.000000 0.000012 
3239 0.000000 0.000013 
3240 0.000000 0.000013 
3241 0.000000 0.000014 
3242 0.000000 0.000014 
3243 0.000000 0.000015 
3244 0.000000 0.000016 
3245 0.000000 0.000016 
3246 0.000000 0.000017 
3247 0.000000 0.000018 
3248 0.000000 0.000018 
3249 0.000000 0.000019 
3250 0.000000 0.000020 
3251 0.000000 0.000021 
3252 0.000000 0.000022 
3253 0.000000 0.000023 
3254 0.000000 0.000024 
3255 0.000000 0.000025 
3256 0.000000 0.000026 
3257 0.000000 0.000027 
3258 0.000000 0.000028 
3259 0.000000 0.000029 
3260 0.000000 0.000030 
3261 0.000000 0.000031 
3262 0.000000 0.000033 
3263 0.000000 0.000034 
3264 0.000000 0.000035 
3265 0.000000 0.000037 
3266 0.000000 0.000038 
3267 0.000000 0.000040 
3268 0.000000 0.000042 
3269 0.000000 0.000043 
3270 0.000000 0.000045 
3271 0.000000 0.000047 
3272 0.000000 0.000049 
3273 0.000000 0.000051 
3274 0.000000 0.000053 
3275 0.000000 0.000055 
3276 0.000000 0.000057 
3277 0.000000 0.000060 
3278 0.000000 0.000062 
3279 0.000000 0.000064 
3280 0.000000 0.000067 
3281 0.000000 0.000070 
3282 0.000000 0.000072 
3283 0.000000 0.000075 
3284 0.000000 0.000078 
3285 0.000000 0.000081 
3286 0.000000 0.000085 
3287 0.000000 0.000088 
3288 0.000000 0.000091 
3289 0.000000 0.000095 
3290 0.000000 0.000099 
3291 0.000000 0.000103 
3292 0.000000 0.000107 
3293 0.000000 0.000111 
3294 0.000000 0.000115 
3295 0.000000 0.000120 
3296 0.000000 0.000124 
3297 0.000000 0.000129 
3298 0.000000 0.000134 
3299 0.000000 0.000139 
3300 0.000000 0.000145 
3301 0.000000 0.000150 
3302 0.000000 0.000156 
3303 0.000000 0.000162 
3304 0.000000 0.000169 
3305 0.000000 0.000175 
3306 0.000000 0.000182 
3307 0.000000 0.000189 
3308 0.000000 0.000196 
3309 0.000000 0.000203 
3310 0.000000 0.000211 
3311 0.000000 0.000219 
3312 0.000000 0.000227 
3313 0.000000 0.000236 
3314 0.000000 0.000245 
3315 0.000000 0.000254 
3316 0.000000 0.000264 
3317 0.000000 0.000274 
3318 0.000000 0.000284 
3319 0.000000 0.000295 
3320 0.000000 0.000306 
3321 0.000000 0.000317 
3322 0.000000 0.000329 
3323 0.000000 0.000341 
3324 0.000000 0.000354 
3325 0.000000 0.000367 
3326 0.000000 0.000380 
3327 0.000000 0.000394 
3328 0.000000 0.000409 
3329 0.000000 0.000424 
3330 0.000000 0.000440 
3331 0.000000 0.000456 
3332 0.000000 0.000472 
3333 0.000000 0.000490 
3334 0.000000 0.000507 
3335 0.000000 0.000526 
3336 0.000000 0.000545 
3337 0.000000 0.000565 
3338 0.000000 0.000585 
3339 0.000000 0.000606 
3340 0.000000 0.000628 
3341 0.000000 0.000651 
3342 0.000000 0.000674 
3343 0.000000 0.000699 
3344 0.000000 0.000724 
3345 0.000000 0.000749 
3346 0.000000 0.000776 
3347 0.000000 0.000804 
3348 0.000000 0.000832 
3349 0.000000 0.000862 
3350 0.000000 0.000893 
3351 0.000000 0.000924 
3352 0.000000 0.000957 
3353 0.000000 0.000990 
3354 0.000000 0.001025 
3355 0.000000 0.001061 
3356 0.000000 0.001098 
3357 0.000000 0.001137 
3358 0.000000 0.001176 
3359 0.000000 0.001217 
3360 0.000000 0.001260 
3361 0.000000 0.001304 
3362 0.000000 0.001349 
3363 0.000000 0.001395 
3364 0.000000 0.001443 
3365 0.000000 0.001493 
3366 0.000000 0.001545 
3367 0.000001 0.001598 
3368 0.000001 0.001652 
3369 0.000001 0.001709 
3370 0.000001 0.001767 
3371 0.000001 0.001827 
3372 0.000001 0.001889 
3373 0.000001 0.001953 
3374 0.000001 0.002019 
3375 0.000001 0.002088 
3376 0.000001 0.002158 
3377 0.000001 0.002231 
3378 0.000001 0.002306 
3379 0.000001 0.002383 
3380 0.000001 0.002463 
3381 0.000001 0.002545 
3382 0.000001 0.002630 
3383 0.000001 0.002717 
3384 0.000001 0.002807 
3385 0.000001 0.002901 
3386 0.000001 0.002996 
3387 0.000001 0.003095 
3388 0.000001 0.003197 
3389 0.000001 0.003302 
3390 0.000001 0.003411 
3391 0.000002 0.003522 
3392 0.000002 0.003638 
3393 0.000002 0.003756 
3394 0.000002 0.003878 
3395 0.000002 0.004004 
3396 0.000002 0.004134 
3397 0.000002 0.004268 
3398 0.000002 0.004406 
3399 0.000002 0.004548 
3400 0.000002 0.004694 
3401 0.000002 0.004844 
3402 0.000003 0.005000 
3403 0.000003 0.005159 
3404 0.000003 0.005324 
3405 0.000003 0.005493 
3406 0.000003 0.005668 
3407 0.000003 0.005848 
3408 0.000003 0.006033 
3409 0.000003 0.006223 
3410 0.000004 0.006419 
3411 0.000004 0.006621 
3412 0.000004 0.006828 
3413 0.000004 0.007042 
3414 0.000004 0.007262 
3415 0.000004 0.007489 
3416 0.000005 0.007722 
3417 0.000005 0.007961 
3418 0.000005 0.008208 
3419 0.000005 0.008462 
3420 0.000006 0.008723 
3421 0.000006 0.008991 
3422 0.000006 0.009267 
3423 0.000006 0.009552 
3424 0.000007 0.009844 
3425 0.000007 0.010144 
3426 0.000007 0.010453 
3427 0.000007 0.010771 
3428 0.000008 0.011097 
3429 0.000008 0.011433 
3430 0.000008 0.011779 
3431 0.000009 0.012133 
3432 0.000009 0.012498 
3433 0.000010 0.012873 
3434 0.000010 0.013259 
3435 0.000010 0.013655 
3436 0.000011 0.014062 
3437 0.000011 0.014480 
3438 0.000012 0.014910 
3439 0.000012 0.015351 
3440 0.000013 0.015805 
3441 0.000013 0.016271 
3442 0.000014 0.016749 
3443 0.000015 0.017241 
3444 0.000015 0.017746 
3445 0.000016 0.018264 
3446 0.000017 0.018797 
3447 0.000017 0.019343 
3448 0.000018 0.019905 
3449 0.000019 0.020481 
3450 0.000020 0.021073 
3451 0.000020 0.021681 
3452 0.000021 0.022304 
3453 0.000022 0.022944 
3454 0.000023 0.023601 
3455 0.000024 0.024275 
3456 0.000025 0.024967 
3457 0.000026 0.025677 
3458 0.000027 0.026406 
3459 0.000028 0.027154 
3460 0.000029 0.027920 
3461 0.000031 0.028707 
3462 0.000032 0.029514 
3463 0.000033 0.030342 
3464 0.000035 0.031191 
3465 0.000036 0.032062 
3466 0.000037 0.032955 
3467 0.000039 0.033871 
3468 0.000041 0.034810 
3469 0.000042 0.035772 
3470 0.000044 0.036760 
3471 0.000046 0.037771 
3472 0.000048 0.038809 
3473 0.000049 0.039872 
3474 0.000051 0.040962 
3475 0.000054 0.042079 
3476 0.000056 0.043223 
3477 0.000058 0.044396 
3478 0.000060 0.045598 
3479 0.000063 0.046830 
3480 0.000065 0.048092 
3481 0.000068 0.049384 
3482 0.000071 0.050708 
3483 0.000073 0.052065 
3484 0.000076 0.053454 
3485 0.000079 0.054877 
3486 0.000082 0.056334 
3487 0.000086 0.057826 
3488 0.000089 0.059354 
3489 0.000093 0.060919 
3490 0.000096 0.062520 
3491 0.000100 0.064160 
3492 0.000104 0.065839 
3493 0.000108 0.067557 
3494 0.000112 0.069316 
3495 0.000117 0.071116 
3496 0.000121 0.072958 
3497 0.000126 0.074843 
3498 0.000131 0.076772 
3499 0.000136 0.078746 
3500 0.000141 0.080766 
3501 0.000147 0.082831 
3502 0.000152 0.084945 
3503 0.000158 0.087107 
3504 0.000164 0.089318 
3505 0.000170 0.091579 
3506 0.000177 0.093892 
3507 0.000184 0.096257 
3508 0.000191 0.098676 
3509 0.000198 0.101149 
3510 0.000206 0.103677 
3511 0.000213 0.106262 
3512 0.000221 0.108904 
3513 0.000230 0.111605 
3514 0.000238 0.114366 
3515 0.000247 0.117187 
3516 0.000257 0.120071 
3517 0.000266 0.123018 
3518 0.000276 0.126029 
3519 0.000287 0.129106 
3520 0.000298 0.132249 
3521 0.000309 0.135460 
3522 0.000320 0.138741 
3523 0.000332 0.142092 
3524 0.000344 0.145515 
3525 0.000357 0.149011 
3526 0.000370 0.152581 
3527 0.000384 0.156226 
3528 0.000398 0.159949 
3529 0.000413 0.163750 
3530 0.000428 0.167631 
3531 0.000444 0.171593 
3532 0.000460 0.175638 
3533 0.000477 0.179766 
3534 0.000494 0.183980 
3535 0.000512 0.188281 
3536 0.000531 0.192670 
3537 0.000550 0.197149 
3538 0.000570 0.201719 
3539 0.000591 0.206382 
3540 0.000612 0.211140 
3541 0.000634 0.215993 
3542 0.000657 0.220944 
3543 0.000680 0.225995 
3544 0.000705 0.231146 
3545 0.000730 0.236400 
3546 0.000756 0.241758 
3547 0.000783 0.247221 
3548 0.000811 0.252792 
3549 0.000840 0.258472 
3550 0.000869 0.264264 
3551 0.000900 0.270168 
3552 0.000932 0.276186 
3553 0.000965 0.282320 
3554 0.000999 0.288573 
3555 0.001034 0.294945 
3556 0.001070 0.301439 
3557 0.001107 0.308056 
3558 0.001146 0.314799 
3559 0.001186 0.321669 
3560 0.001227 0.328669 
3561 0.001270 0.335799 
3562 0.001314 0.343062 
3563 0.001359 0.350460 
3564 0.001406 0.357995 
3565 0.001455 0.365669 
3566 0.001505 0.373484 
3567 0.001556 0.381442 
3568 0.001610 0.389544 
3569 0.001665 0.397794 
3570 0.001721 0.406192 
3571 0.001780 0.414742 
3572 0.001841 0.423445 
3573 0.001903 0.432303 
3574 0.001968 0.441318 
3575 0.002034 0.450494 
3576 0.002103 0.459830 
3577 0.002174 0.469331 
3578 0.002247 0.478997 
3579 0.002322 0.488832 
3580 0.002400 0.498837 
3581 0.002480 0.509014 
3582 0.002563 0.519367 
3583 0.002648 0.529896 
3584 0.002736 0.540605 
3585 0.002827 0.551495 
3586 0.002920 0.562569 
3587 0.003017 0.573829 
3588 0.003116 0.585278 
3589 0.003218 0.596917 
3590 0.003324 0.608749 
3591 0.003433 0.620777 
3592 0.003545 0.633002 
3593 0.003661 0.645426 
3594 0.003780 0.658054 
3595 0.003903 0.670885 
3596 0.004030 0.683924 
3597 0.004160 0.697172 
3598 0.004294 0.710632 
3599 0.004433 0.724305 
3600 0.004576 0.738196 
3601 0.004722 0.752305 
3602 0.004874 0.766635 
3603 0.005030 0.781188 
3604 0.005190 0.795968 
3605 0.005355 0.810976 
3606 0.005526 0.826215 
3607 0.005701 0.841686 
3608 0.005881 0.857394 
3609 0.006067 0.873339 
3610 0.006259 0.889524 
3611 0.006455 0.905952 
3612 0.006658 0.922626 
3613 0.006867 0.939546 
3614 0.007081 0.956717 
3615 0.007302 0.974139 
3616 0.007530 0.991816 
3617 0.007764 1.009750 
3618 0.008004 1.027944 
3619 0.008252 1.046399 
3620 0.008507 1.065118 
3621 0.008769 1.084103 
3622 0.009038 1.103357 
3623 0.009316 1.122882 
3624 0.009601 1.142680 
3625 0.009894 1.162753 
3626 0.010196 1.183104 
3627 0.010506 1.203736 
3628 0.010825 1.224650 
3629 0.011153 1.245848 
3630 0.011490 1.267333 
3631 0.011836 1.289107 
3632 0.012192 1.311173 
3633 0.012559 1.333531 
3634 0.012935 1.356185 
3635 0.013322 1.379137 
3636 0.013719 1.402389 
3637 0.014127 1.425942 
3638 0.014547 1.449799 
3639 0.014978 1.473962 
3640 0.015421 1.498434 
3641 0.015876 1.523215 
3642 0.016344 1.548308 
3643 0.016824 1.573715 
3644 0.017317 1.599437 
3645 0.017824 1.625478 
3646 0.018344 1.651837 
3647 0.018878 1.678518 
3648 0.019426 1.705523 
3649 0.019990 1.732852 
3650 0.020568 1.760507 
3651 0.021161 1.788491 
3652 0.021771 1.816805 
3653 0.022396 1.845450 
3654 0.023038 1.874429 
3655 0.023697 1.903742 
3656 0.024373 1.933391 
3657 0.025067 1.963378 
3658 0.025779 1.993704 
3659 0.026510 2.024371 
3660 0.027259 2.055379 
3661 0.028028 2.086730 
3662 0.028817 2.118425 
3663 0.029626 2.150466 
3664 0.030456 2.182853 
3665 0.031308 2.215588 
3666 0.032181 2.248672 
3667 0.033076 2.282105 
3668 0.033994 2.315889 
3669 0.034935 2.350025 
3670 0.035900 2.384513 
3671 0.036890 2.419354 
3672 0.037904 2.454549 
3673 0.038944 2.490098 
3674 0.040010 2.526003 
3675 0.041102 2.562263 
3676 0.042222 2.598880 
3677 0.043369 2.635853 
3678 0.044545 2.673183 
3679 0.045749 2.710870 
3680 0.046983 2.748915 
3681 0.048248 2.787317 
3682 0.049543 2.826077 
3683 0.050870 2.865195 
3684 0.052229 2.904671 
3685 0.053622 2.944505 
3686 0.055047 2.984696 
3687 0.056507 3.025244 
3688 0.058003 3.066150 
3689 0.059534 3.107412 
3690 0.061101 3.149030 
3691 0.062706 3.191004 
3692 0.064349 3.233333 
3693 0.066031 3.276016 
3694 0.067752 3.319053 
3695 0.069514 3.362442 
3696 0.071317 3.406184 
3697 0.073163 3.450276 
3698 0.075051 3.494718 
3699 0.076984 3.539509 
3700 0.078961 3.584647 
3701 0.080984 3.630131 
3702 0.083053 3.675960 
3703 0.085170 3.722132 
3704 0.087335 3.768646 
3705 0.089550 3.815500 
3706 0.091815 3.862692 
3707 0.094131 3.910220 
3708 0.096500 3.958083 
3709 0.098922 4.006279 
3710 0.101399 4.054805 
3711 0.103931 4.103660 
3712 0.106519 4.152840 
3713 0.109166 4.202344 
3714 0.111870 4.252170 
3715 0.114635 4.302314 
3716 0.117460 4.352774 
3717 0.120348 4.403548 
3718 0.123298 4.454632 
3719 0.126313 4.506025 
3720 0.129394 4.557721 
3721 0.132541 4.609720 
3722 0.135757 4.662017 
3723 0.139041 4.714609 
3724 0.142396 4.767493 
3725 0.145823 4.820665 
3726 0.149323 4.874123 
3727 0.152897 4.927861 
3728 0.156547 4.981878 
3729 0.160274 5.036167 
3730 0.164079 5.090727 
3731 0.167964 5.145552 
3732 0.171930 5.200639 
3733 0.175979 5.255983 
3734 0.180111 5.311581 
3735 0.184329 5.367427 
3736 0.188634 5.423518 
3737 0.193027 5.479848 
3738 0.197510 5.536413 
3739 0.202085 5.593209 
3740 0.206752 5.650230 
3741 0.211514 5.707471 
3742 0.216372 5.764928 
3743 0.221327 5.822596 
3744 0.226382 5.880468 
3745 0.231537 5.938540 
3746 0.236795 5.996806 
3747 0.242157 6.055262 
3748 0.247625 6.113900 
3749 0.253200 6.172717 
3750 0.258885 6.231705 
3751 0.264680 6.290859 
3752 0.270588 6.350173 
3753 0.276610 6.409641 
3754 0.282749 6.469257 
3755 0.289005 6.529015 
3756 0.295382 6.588908 
3757 0.301880 6.648930 
3758 0.308501 6.709075 
3759 0.315248 6.769336 
3760 0.322122 6.829707 
3761 0.329125 6.890180 
3762 0.336259 6.950750 
3763 0.343526 7.011408 
3764 0.350928 7.072149 
3765 0.358467 7.132965 
3766 0.366145 7.193850 
3767 0.373963 7.254795 
3768 0.381925 7.315794 
3769 0.390031 7.376840 
3770 0.398284 7.437925 
3771 0.406686 7.499042 
3772 0.415239 7.560183 
3773 0.423946 7.621341 
3774 0.432807 7.682508 
3775 0.441826 7.743676 
3776 0.451004 7.804838 
3777 0.460344 7.865985 
3778 0.469847 7.927111 
3779 0.479517 7.988206 
3780 0.489355 8.049264 
3781 0.499363 8.110276 
3782 0.509543 8.171233 
3783 0.519898 8.232129 
3784 0.530430 8.292954 
3785 0.541142 8.353700 
3786 0.552034 8.414359 
3787 0.563111 8.474924 
3788 0.574373 8.535384 
3789 0.585824 8.595732 
3790 0.597465 8.655960 
3791 0.609299 8.716059 
3792 0.621329 8.776021 
3793 0.633555 8.835836 
3794 0.645982 8.895497 
3795 0.658611 8.954995 
3796 0.671444 9.014321 
3797 0.684484 9.073466 
3798 0.697734 9.132422 
3799 0.711194 9.191180 
3800 0.724869 9.249732 
3801 0.738760 9.308068 
3802 0.752870 9.366180 
3803 0.767201 9.424059 
3804 0.781755 9.481696 
3805 0.796535 9.539083 
3806 0.811543 9.596211 
3807 0.826782 9.653070 
3808 0.842254 9.709653 
3809 0.857961 9.765950 
3810 0.873906 9.821953 
3811 0.890091 9.877653 
3812 0.906518 9.933040 
3813 0.923191 9.988107 
3814 0.940110 10.042844 
3815 0.957280 10.097243 
3816 0.974701 10.151295 
3817 0.992377 10.204992 
3818 1.010309 10.258324 
3819 1.028501 10.311283 
3820 1.046954 10.363860 
3821 1.065671 10.416047 
3822 1.084653 10.467835 
3823 1.103905 10.519216 
3824 1.123427 10.570180 
3825 1.143222 10.620721 
3826 1.163293 10.670828 
3827 1.183641 10.720495 
3828 1.204269 10.769712 
3829 1.225179 10.818471 
3830 1.246373 10.866764 
3831 1.267855 10.914582 
3832 1.289625 10.961918 
3833 1.311685 11.008764 
3834 1.334039 11.055111 
3835 1.356689 11.100952 
3836 1.379635 11.146278 
3837 1.402882 11.191082 
3838 1.426430 11.235356 
3839 1.450281 11.279092 
3840 1.474439 11.322283 
3841 1.498904 11.364921 
3842 1.523678 11.406998 
3843 1.548765 11.448508 
3844 1.574165 11.489443 
3845 1.599880 11.529795 
3846 1.625914 11.569558 
3847 1.652266 11.608724 
3848 1.678939 11.647286 
3849 1.705936 11.685239 
3850 1.733256 11.722574 
3851 1.760904 11.759285 
3852 1.788879 11.795365 
3853 1.817184 11.830809 
3854 1.845820 11.865609 
3855 1.874789 11.899759 
3856 1.904093 11.933253 
3857 1.933732 11.966086 
3858 1.963709 11.998250 
3859 1.994025 12.029741 
3860 2.024681 12.060552 
3861 2.055678 12.090678 
3862 2.087018 12.120113 
3863 2.118702 12.148852 
3864 2.150731 12.176889 
3865 2.183107 12.204220 
3866 2.215830 12.230839 
3867 2.248901 12.256742 
3868 2.282322 12.281924 
3869 2.316094 12.306379 
3870 2.350216 12.330104 
3871 2.384691 12.353094 
3872 2.419519 12.375344 
3873 2.454700 12.396851 
3874 2.490235 12.417611 
3875 2.526126 12.437620 
3876 2.562372 12.456873 
3877 2.598974 12.475368 
3878 2.635932 12.493101 
3879 2.673247 12.510069 
3880 2.710919 12.526268 
3881 2.748948 12.541695 
3882 2.787335 12.556348 
3883 2.826079 12.570223 
3884 2.865181 12.583319 
3885 2.904641 12.595632 
3886 2.944458 12.607161 
3887 2.984632 12.617903 
3888 3.025163 12.627855 
3889 3.066051 12.637018 
3890 3.107296 12.645387 
3891 3.148896 12.652963 
3892 3.190852 12.659743 
3893 3.233163 12.665726 
3894 3.275828 12.670912 
3895 3.318846 12.675298 
3896 3.362217 12.678885 
3897 3.405940 12.681672 
3898 3.450013 12.683657 
3899 3.494436 12.684841 
3900 3.539207 12.685224 
3901 3.584326 12.684805 
3902 3.629790 12.683585 
3903 3.675599 12.681563 
3904 3.721751 12.678741 
3905 3.768245 12.675118 
3906 3.815078 12.670696 
3907 3.862250 12.665474 
3908 3.909758 12.659455 
3909 3.957600 12.652639 
3910 4.005775 12.645028 
3911 4.054280 12.636623 
3912 4.103113 12.627426 
3913 4.152273 12.617438 
3914 4.201755 12.606661 
3915 4.251559 12.595097 
3916 4.301682 12.582749 
3917 4.352121 12.569619 
3918 4.402873 12.555709 
3919 4.453935 12.541022 
3920 4.505305 12.525561 
3921 4.556980 12.509328 
3922 4.608957 12.492327 
3923 4.661232 12.474561 
3924 4.713802 12.456033 
3925 4.766663 12.436747 
3926 4.819814 12.416706 
3927 4.873249 12.395914 
3928 4.926965 12.374375 
3929 4.980959 12.352092 
3930 5.035226 12.329071 
3931 5.089764 12.305316 
3932 5.144567 12.280830 
3933 5.199631 12.255618 
3934 5.254953 12.229685 
3935 5.310529 12.203036 
3936 5.366353 12.175676 
3937 5.422421 12.147610 
3938 5.478729 12.118842 
3939 5.535272 12.089379 
3940 5.592046 12.059226 
3941 5.649045 12.028387 
3942 5.706265 11.996870 
3943 5.763700 11.964679 
3944 5.821345 11.931820 
3945 5.879196 11.898300 
3946 5.937247 11.864125 
3947 5.995492 11.829300 
3948 6.053926 11.793832 
3949 6.112543 11.757728 
3950 6.171338 11.720994 
3951 6.230306 11.683636 
3952 6.289439 11.645662 
3953 6.348733 11.607077 
3954 6.408180 11.567889 
3955 6.467776 11.528106 
3956 6.527514 11.487733 
3957 6.587388 11.446779 
3958 6.647390 11.405250 
3959 6.707516 11.363153 
3960 6.767758 11.320497 
3961 6.828110 11.277288 
3962 6.888564 11.233535 
3963 6.949115 11.189244 
3964 7.009756 11.144424 
3965 7.070479 11.099082 
3966 7.131277 11.053226 
3967 7.192144 11.006864 
3968 7.253073 10.960004 
3969 7.314055 10.912655 
3970 7.375085 10.864823 
3971 7.436154 10.816517 
3972 7.497255 10.767747 
3973 7.558380 10.718518 
3974 7.619523 10.668841 
3975 7.680675 10.618723 
3976 7.741828 10.568173 
3977 7.802976 10.517199 
3978 7.864110 10.465810 
3979 7.925222 10.414014 
3980 7.986305 10.361819 
3981 8.047350 10.309235 
3982 8.108349 10.256269 
3983 8.169295 10.202932 
3984 8.230179 10.149230 
3985 8.290993 10.095173 
3986 8.351728 10.040770 
3987 8.412378 9.986029 
3988 8.472932 9.930959 
3989 8.533383 9.875569 
3990 8.593723 9.819867 
3991 8.653942 9.763863 
3992 8.714033 9.707565 
3993 8.773987 9.650982 
3994 8.833795 9.594122 
3995 8.893450 9.536995 
3996 8.952941 9.479609 
3997 9.012261 9.421974 
3998 9.071401 9.364097 
3999 9.130353 9.305987 
4000 9.189107 9.247654 
