0 0.000205 0.000213 
1 0.000198 0.000221 
2 0.000191 0.000229 
3 0.000184 0.000237 
4 0.000177 0.000246 
5 0.000171 0.000255 
6 0.000164 0.000265 
7 0.000158 0.000275 
8 0.000153 0.000285 
9 0.000147 0.000295 
10 0.000142 0.000306 
11 0.000136 0.000317 
12 0.000131 0.000329 
13 0.000127 0.000341 
14 0.000122 0.000353 
15 0.000117 0.000366 
16 0.000113 0.000380 
17 0.000109 0.000393 
18 0.000105 0.000408 
19 0.000101 0.000422 
20 0.000097 0.000438 
21 0.000094 0.000453 
22 0.000090 0.000470 
23 0.000087 0.000487 
24 0.000083 0.000504 
25 0.000080 0.000522 
26 0.000077 0.000541 
27 0.000074 0.000560 
28 0.000072 0.000580 
29 0.000069 0.000601 
30 0.000066 0.000622 
31 0.000064 0.000644 
32 0.000061 0.000667 
33 0.000059 0.000690 
34 0.000057 0.000715 
35 0.000055 0.000740 
36 0.000053 0.000766 
37 0.000051 0.000793 
38 0.000049 0.000820 
39 0.000047 0.000849 
40 0.000045 0.000878 
41 0.000043 0.000909 
42 0.000042 0.000941 
43 0.000040 0.000973 
44 0.000038 0.001007 
45 0.000037 0.001042 
46 0.000035 0.001077 
47 0.000034 0.001115 
48 0.000033 0.001153 
49 0.000031 0.001192 
50 0.000030 0.001233 
51 0.000029 0.001275 
52 0.000028 0.001319 
53 0.000027 0.001364 
54 0.000026 0.001410 
55 0.000025 0.001458 
56 0.000024 0.001507 
57 0.000023 0.001558 
58 0.000022 0.001610 
59 0.000021 0.001665 
60 0.000020 0.001720 
61 0.000019 0.001778 
62 0.000019 0.001838 
63 0.000018 0.001899 
64 0.000017 0.001962 
65 0.000017 0.002028 
66 0.000016 0.002095 
67 0.000015 0.002164 
68 0.000015 0.002236 
69 0.000014 0.002310 
70 0.000013 0.002386 
71 0.000013 0.002464 
72 0.000012 0.002545 
73 0.000012 0.002628 
74 0.000011 0.002714 
75 0.000011 0.002803 
76 0.000011 0.002894 
77 0.000010 0.002988 
78 0.000010 0.003085 
79 0.000009 0.003185 
80 0.000009 0.003288 
81 0.000009 0.003394 
82 0.000008 0.003503 
83 0.000008 0.003616 
84 0.000008 0.003732 
85 0.000007 0.003851 
86 0.000007 0.003974 
87 0.000007 0.004101 
88 0.000006 0.004231 
89 0.000006 0.004366 
90 0.000006 0.004504 
91 0.000006 0.004646 
92 0.000005 0.004793 
93 0.000005 0.004944 
94 0.000005 0.005099 
95 0.000005 0.005259 
96 0.000005 0.005424 
97 0.000004 0.005593 
98 0.000004 0.005767 
99 0.000004 0.005947 
100 0.000004 0.006132 
101 0.000004 0.006322 
102 0.000004 0.006517 
103 0.000003 0.006718 
104 0.000003 0.006925 
105 0.000003 0.007138 
106 0.000003 0.007357 
107 0.000003 0.007582 
108 0.000003 0.007813 
109 0.000003 0.008052 
110 0.000002 0.008297 
111 0.000002 0.008548 
112 0.000002 0.008807 
113 0.000002 0.009074 
114 0.000002 0.009347 
115 0.000002 0.009629 
116 0.000002 0.009918 
117 0.000002 0.010215 
118 0.000002 0.010521 
119 0.000002 0.010835 
120 0.000002 0.011157 
121 0.000002 0.011489 
122 0.000001 0.011830 
123 0.000001 0.012180 
124 0.000001 0.012540 
125 0.000001 0.012909 
126 0.000001 0.013289 
127 0.000001 0.013679 
128 0.000001 0.014079 
129 0.000001 0.014491 
130 0.000001 0.014913 
131 0.000001 0.015347 
132 0.000001 0.015793 
133 0.000001 0.016250 
134 0.000001 0.016720 
135 0.000001 0.017202 
136 0.000001 0.017697 
137 0.000001 0.018205 
138 0.000001 0.018727 
139 0.000001 0.019262 
140 0.000001 0.019812 
141 0.000001 0.020375 
142 0.000001 0.020954 
143 0.000001 0.021548 
144 0.000001 0.022157 
145 0.000001 0.022782 
146 0.000000 0.023423 
147 0.000000 0.024081 
148 0.000000 0.024756 
149 0.000000 0.025448 
150 0.000000 0.026158 
151 0.000000 0.026886 
152 0.000000 0.027633 
153 0.000000 0.028398 
154 0.000000 0.029183 
155 0.000000 0.029988 
156 0.000000 0.030813 
157 0.000000 0.031659 
158 0.000000 0.032526 
159 0.000000 0.033415 
160 0.000000 0.034326 
161 0.000000 0.035260 
162 0.000000 0.036217 
163 0.000000 0.037198 
164 0.000000 0.038203 
165 0.000000 0.039232 
166 0.000000 0.040287 
167 0.000000 0.041368 
168 0.000000 0.042475 
169 0.000000 0.043609 
170 0.000000 0.044771 
171 0.000000 0.045960 
172 0.000000 0.047179 
173 0.000000 0.048427 
174 0.000000 0.049704 
175 0.000000 0.051013 
176 0.000000 0.052352 
177 0.000000 0.053724 
178 0.000000 0.055128 
179 0.000000 0.056565 
180 0.000000 0.058036 
181 0.000000 0.059542 
182 0.000000 0.061083 
183 0.000000 0.062660 
184 0.000000 0.064274 
185 0.000000 0.065925 
186 0.000000 0.067615 
187 0.000000 0.069344 
188 0.000000 0.071112 
189 0.000000 0.072922 
190 0.000000 0.074772 
191 0.000000 0.076665 
192 0.000000 0.078601 
193 0.000000 0.080581 
194 0.000000 0.082606 
195 0.000000 0.084677 
196 0.000000 0.086794 
197 0.000000 0.088959 
198 0.000000 0.091172 
199 0.000000 0.093434 
200 0.000000 0.095747 
201 0.000000 0.098111 
202 0.000000 0.100527 
203 0.000000 0.102996 
204 0.000000 0.105519 
205 0.000000 0.108098 
206 0.000000 0.110733 
207 0.000000 0.113425 
208 0.000000 0.116176 
209 0.000000 0.118986 
210 0.000000 0.121856 
211 0.000000 0.124788 
212 0.000000 0.127783 
213 0.000000 0.130841 
214 0.000000 0.133965 
215 0.000000 0.137155 
216 0.000000 0.140412 
217 0.000000 0.143738 
218 0.000000 0.147133 
219 0.000000 0.150599 
220 0.000000 0.154138 
221 0.000000 0.157750 
222 0.000000 0.161437 
223 0.000000 0.165200 
224 0.000000 0.169040 
225 0.000000 0.172959 
226 0.000000 0.176958 
227 0.000000 0.181039 
228 0.000000 0.185202 
229 0.000000 0.189449 
230 0.000000 0.193782 
231 0.000000 0.198202 
232 0.000000 0.202710 
233 0.000000 0.207308 
234 0.000000 0.211997 
235 0.000000 0.216779 
236 0.000000 0.221655 
237 0.000000 0.226628 
238 0.000000 0.231697 
239 0.000000 0.236865 
240 0.000000 0.242134 
241 0.000000 0.247505 
242 0.000000 0.252980 
243 0.000000 0.258560 
244 0.000000 0.264246 
245 0.000000 0.270042 
246 0.000000 0.275947 
247 0.000000 0.281964 
248 0.000000 0.288095 
249 0.000000 0.294341 
250 0.000000 0.300705 
251 0.000000 0.307186 
252 0.000000 0.313789 
253 0.000000 0.320514 
254 0.000000 0.327362 
255 0.000000 0.334337 
256 0.000000 0.341439 
257 0.000000 0.348671 
258 0.000000 0.356034 
259 0.000000 0.363531 
260 0.000000 0.371162 
261 0.000000 0.378931 
262 0.000000 0.386839 
263 0.000000 0.394887 
264 0.000000 0.403078 
265 0.000000 0.411414 
266 0.000000 0.419896 
267 0.000000 0.428527 
268 0.000000 0.437309 
269 0.000000 0.446243 
270 0.000000 0.455332 
271 0.000000 0.464578 
272 0.000000 0.473982 
273 0.000000 0.483548 
274 0.000000 0.493276 
275 0.000000 0.503169 
276 0.000000 0.513228 
277 0.000000 0.523457 
278 0.000000 0.533857 
279 0.000000 0.544431 
280 0.000000 0.555180 
281 0.000000 0.566106 
282 0.000000 0.577212 
283 0.000000 0.588500 
284 0.000000 0.599972 
285 0.000000 0.611630 
286 0.000000 0.623477 
287 0.000000 0.635514 
288 0.000000 0.647743 
289 0.000000 0.660168 
290 0.000000 0.672790 
291 0.000000 0.685611 
292 0.000000 0.698633 
293 0.000000 0.711860 
294 0.000000 0.725292 
295 0.000000 0.738933 
296 0.000000 0.752784 
297 0.000000 0.766848 
298 0.000000 0.781126 
299 0.000000 0.795622 
300 0.000000 0.810337 
301 0.000000 0.825274 
302 0.000000 0.840435 
303 0.000000 0.855821 
304 0.000000 0.871437 
305 0.000000 0.887282 
306 0.000000 0.903361 
307 0.000000 0.919674 
308 0.000000 0.936225 
309 0.000000 0.953016 
310 0.000000 0.970048 
311 0.000000 0.987324 
312 0.000000 1.004846 
313 0.000000 1.022616 
314 0.000000 1.040638 
315 0.000000 1.058911 
316 0.000000 1.077440 
317 0.000000 1.096226 
318 0.000000 1.115271 
319 0.000000 1.134578 
320 0.000000 1.154148 
321 0.000000 1.173983 
322 0.000000 1.194087 
323 0.000000 1.214460 
324 0.000000 1.235106 
325 0.000000 1.256025 
326 0.000000 1.277221 
327 0.000000 1.298695 
328 0.000000 1.320449 
329 0.000000 1.342485 
330 0.000000 1.364805 
331 0.000000 1.387412 
332 0.000000 1.410307 
333 0.000000 1.433491 
334 0.000000 1.456968 
335 0.000000 1.480738 
336 0.000000 1.504804 
337 0.000000 1.529168 
338 0.000000 1.553831 
339 0.000000 1.578795 
340 0.000000 1.604062 
341 0.000000 1.629634 
342 0.000000 1.655512 
343 0.000000 1.681698 
344 0.000000 1.708193 
345 0.000000 1.735000 
346 0.000000 1.762119 
347 0.000000 1.789553 
348 0.000000 1.817303 
349 0.000000 1.845370 
350 0.000000 1.873756 
351 0.000000 1.902462 
352 0.000000 1.931489 
353 0.000000 1.960839 
354 0.000000 1.990514 
355 0.000000 2.020514 
356 0.000000 2.050840 
357 0.000000 2.081494 
358 0.000000 2.112478 
359 0.000000 2.143791 
360 0.000000 2.175435 
361 0.000000 2.207411 
362 0.000000 2.239719 
363 0.000000 2.272362 
364 0.000000 2.305339 
365 0.000000 2.338652 
366 0.000000 2.372301 
367 0.000000 2.406287 
368 0.000000 2.440610 
369 0.000000 2.475271 
370 0.000000 2.510271 
371 0.000000 2.545610 
372 0.000000 2.581288 
373 0.000000 2.617306 
374 0.000000 2.653664 
375 0.000000 2.690363 
376 0.000000 2.727402 
377 0.000000 2.764782 
378 0.000000 2.802503 
379 0.000000 2.840564 
380 0.000000 2.878967 
381 0.000000 2.917709 
382 0.000000 2.956792 
383 0.000000 2.996216 
384 0.000000 3.035979 
385 0.000000 3.076081 
386 0.000000 3.116522 
387 0.000000 3.157302 
388 0.000000 3.198420 
389 0.000000 3.239874 
390 0.000000 3.281666 
391 0.000000 3.323792 
392 0.000000 3.366254 
393 0.000000 3.409049 
394 0.000000 3.452177 
395 0.000000 3.495637 
396 0.000000 3.539427 
397 0.000000 3.583547 
398 0.000000 3.627994 
399 0.000000 3.672768 
400 0.000000 3.717866 
401 0.000000 3.763289 
402 0.000000 3.809033 
403 0.000000 3.855097 
404 0.000000 3.901479 
405 0.000000 3.948178 
406 0.000000 3.995191 
407 0.000000 4.042516 
408 0.000000 4.090152 
409 0.000000 4.138096 
410 0.000000 4.186345 
411 0.000000 4.234898 
412 0.000000 4.283752 
413 0.000000 4.332904 
414 0.000000 4.382352 
415 0.000000 4.432093 
416 0.000000 4.482125 
417 0.000000 4.532443 
418 0.000000 4.583046 
419 0.000000 4.633931 
420 0.000000 4.685093 
421 0.000000 4.736531 
422 0.000000 4.788240 
423 0.000000 4.840218 
424 0.000000 4.892460 
425 0.000000 4.944964 
426 0.000000 4.997725 
427 0.000000 5.050740 
428 0.000000 5.104005 
429 0.000000 5.157516 
430 0.000000 5.211269 
431 0.000000 5.265260 
432 0.000000 5.319485 
433 0.000000 5.373940 
434 0.000000 5.428619 
435 0.000000 5.483520 
436 0.000000 5.538636 
437 0.000000 5.593965 
438 0.000000 5.649500 
439 0.000000 5.705237 
440 0.000000 5.761172 
441 0.000000 5.817299 
442 0.000000 5.873614 
443 0.000000 5.930111 
444 0.000000 5.986784 
445 0.000000 6.043630 
446 0.000000 6.100642 
447 0.000000 6.157815 
448 0.000000 6.215143 
449 0.000000 6.272622 
450 0.000000 6.330244 
451 0.000000 6.388005 
452 0.000000 6.445898 
453 0.000000 6.503918 
454 0.000000 6.562059 
455 0.000000 6.620314 
456 0.000000 6.678678 
457 0.000000 6.737144 
458 0.000000 6.795706 
459 0.000000 6.854358 
460 0.000000 6.913092 
461 0.000000 6.971904 
462 0.000000 7.030785 
463 0.000000 7.089730 
464 0.000000 7.148731 
465 0.000000 7.207783 
466 0.000000 7.266878 
467 0.000000 7.326008 
468 0.000000 7.385169 
469 0.000000 7.444351 
470 0.000000 7.503548 
471 0.000000 7.562753 
472 0.000000 7.621959 
473 0.000000 7.681159 
474 0.000000 7.740345 
475 0.000000 7.799509 
476 0.000000 7.858645 
477 0.000000 7.917745 
478 0.000000 7.976801 
479 0.000000 8.035805 
480 0.000000 8.094751 
481 0.000000 8.153631 
482 0.000000 8.212436 
483 0.000000 8.271159 
484 0.000000 8.329792 
485 0.000000 8.388328 
486 0.000000 8.446758 
487 0.000000 8.505075 
488 0.000000 8.563270 
489 0.000000 8.621336 
490 0.000000 8.679265 
491 0.000000 8.737049 
492 0.000000 8.794679 
493 0.000000 8.852147 
494 0.000000 8.909446 
495 0.000000 8.966567 
496 0.000000 9.023502 
497 0.000000 9.080243 
498 0.000000 9.136782 
499 0.000000 9.193110 
500 0.000000 9.249220 
501 0.000000 9.305103 
502 0.000000 9.360751 
503 0.000000 9.416155 
504 0.000000 9.471308 
505 0.000000 9.526201 
506 0.000000 9.580826 
507 0.000000 9.635175 
508 0.000000 9.689239 
509 0.000000 9.743010 
510 0.000000 9.796480 
511 0.000000 9.849642 
512 0.000000 9.902486 
513 0.000000 9.955004 
514 0.000000 10.007188 
515 0.000000 10.059031 
516 0.000000 10.110524 
517 0.000000 10.161658 
518 0.000000 10.212426 
519 0.000000 10.262820 
520 0.000000 10.312832 
521 0.000000 10.362453 
522 0.000000 10.411677 
523 0.000000 10.460494 
524 0.000000 10.508897 
525 0.000000 10.556878 
526 0.000000 10.604429 
527 0.000000 10.651543 
528 0.000000 10.698212 
529 0.000000 10.744428 
530 0.000000 10.790183 
531 0.000000 10.835470 
532 0.000000 10.880282 
533 0.000000 10.924611 
534 0.000000 10.968449 
535 0.000000 11.011789 
536 0.000000 11.054625 
537 0.000000 11.096948 
538 0.000000 11.138752 
539 0.000000 11.180029 
540 0.000000 11.220773 
541 0.000000 11.260976 
542 0.000000 11.300632 
543 0.000000 11.339734 
544 0.000000 11.378276 
545 0.000000 11.416249 
546 0.000000 11.453649 
547 0.000000 11.490469 
548 0.000000 11.526701 
549 0.000000 11.562341 
550 0.000000 11.597381 
551 0.000000 11.631816 
552 0.000000 11.665640 
553 0.000000 11.698846 
554 0.000000 11.731429 
555 0.000000 11.763383 
556 0.000000 11.794703 
557 0.000000 11.825382 
558 0.000000 11.855417 
559 0.000000 11.884800 
560 0.000000 11.913528 
561 0.000000 11.941594 
562 0.000000 11.968995 
563 0.000000 11.995724 
564 0.000000 12.021778 
565 0.000000 12.047152 
566 0.000000 12.071840 
567 0.000000 12.095839 
568 0.000000 12.119145 
569 0.000000 12.141753 
570 0.000000 12.163659 
571 0.000000 12.184859 
572 0.000000 12.205349 
573 0.000000 12.225126 
574 0.000000 12.244186 
575 0.000000 12.262526 
576 0.000000 12.280142 
577 0.000000 12.297031 
578 0.000000 12.313190 
579 0.000000 12.328617 
580 0.000000 12.343307 
581 0.000000 12.357260 
582 0.000000 12.370471 
583 0.000000 12.382939 
584 0.000000 12.394662 
585 0.000000 12.405636 
586 0.000000 12.415861 
587 0.000000 12.425335 
588 0.000000 12.434055 
589 0.000000 12.442020 
590 0.000000 12.449229 
591 0.000000 12.455680 
592 0.000000 12.461372 
593 0.000000 12.466305 
594 0.000000 12.470476 
595 0.000000 12.473886 
596 0.000000 12.476534 
597 0.000000 12.478419 
598 0.000000 12.479541 
599 0.000000 12.479900 
600 0.000000 12.479496 
601 0.000000 12.478328 
602 0.000000 12.476398 
603 0.000000 12.473704 
604 0.000000 12.470249 
605 0.000000 12.466032 
606 0.000000 12.461054 
607 0.000000 12.455317 
608 0.000000 12.448821 
609 0.000000 12.441567 
610 0.000000 12.433557 
611 0.000000 12.424793 
612 0.000000 12.415275 
613 0.000000 12.405005 
614 0.000000 12.393987 
615 0.000000 12.382220 
616 0.000000 12.369709 
617 0.000000 12.356454 
618 0.000000 12.342458 
619 0.000000 12.327725 
620 0.000000 12.312256 
621 0.000000 12.296054 
622 0.000000 12.279123 
623 0.000000 12.261465 
624 0.000000 12.243084 
625 0.000000 12.223983 
626 0.000000 12.204165 
627 0.000000 12.183634 
628 0.000000 12.162394 
629 0.000000 12.140449 
630 0.000000 12.117802 
631 0.000000 12.094457 
632 0.000000 12.070419 
633 0.000000 12.045693 
634 0.000000 12.020282 
635 0.000000 11.994191 
636 0.000000 11.967425 
637 0.000000 11.939988 
638 0.000000 11.911886 
639 0.000000 11.883123 
640 0.000000 11.853705 
641 0.000000 11.823636 
642 0.000000 11.792923 
643 0.000000 11.761570 
644 0.000000 11.729583 
645 0.000000 11.696968 
646 0.000000 11.663730 
647 0.000000 11.629876 
648 0.000000 11.595410 
649 0.000000 11.560340 
650 0.000000 11.524671 
651 0.000000 11.488410 
652 0.000000 11.451562 
653 0.000000 11.414135 
654 0.000000 11.376134 
655 0.000000 11.337567 
656 0.000000 11.298439 
657 0.000000 11.258758 
658 0.000000 11.218530 
659 0.000000 11.177762 
660 0.000000 11.136462 
661 0.000000 11.094636 
662 0.000000 11.052291 
663 0.000000 11.009434 
664 0.000000 10.966073 
665 0.000000 10.922215 
666 0.000000 10.877867 
667 0.000000 10.833037 
668 0.000000 10.787731 
669 0.000000 10.741959 
670 0.000000 10.695726 
671 0.000000 10.649042 
672 0.000000 10.601913 
673 0.000000 10.554347 
674 0.000000 10.506352 
675 0.000000 10.457936 
676 0.000000 10.409106 
677 0.000000 10.359871 
678 0.000000 10.310239 
679 0.000000 10.260217 
680 0.000000 10.209813 
681 0.000000 10.159036 
682 0.000000 10.107893 
683 0.000000 10.056393 
684 0.000000 10.004543 
685 0.000000 9.952352 
686 0.000000 9.899829 
687 0.000000 9.846980 
688 0.000000 9.793814 
689 0.000000 9.740340 
690 0.000000 9.686566 
691 0.000000 9.632500 
692 0.000000 9.578150 
693 0.000000 9.523524 
694 0.000000 9.468630 
695 0.000000 9.413478 
696 0.000000 9.358075 
697 0.000000 9.302429 
698 0.000000 9.246548 
699 0.000000 9.190441 
700 0.000000 9.134117 
701 0.000000 9.077582 
702 0.000000 9.020846 
703 0.000000 8.963916 
704 0.000000 8.906801 
705 0.000000 8.849509 
706 0.000000 8.792048 
707 0.000000 8.734426 
708 0.000000 8.676651 
709 0.000000 8.618731 
710 0.000000 8.560675 
711 0.000000 8.502489 
712 0.000000 8.444183 
713 0.000000 8.385765 
714 0.000000 8.327241 
715 0.000000 8.268620 
716 0.000000 8.209910 
717 0.000000 8.151118 
718 0.000000 8.092253 
719 0.000000 8.033321 
720 0.000000 7.974331 
721 0.000000 7.915291 
722 0.000000 7.856207 
723 0.000000 7.797088 
724 0.000000 7.737940 
725 0.000000 7.678772 
726 0.000000 7.619590 
727 0.000000 7.560402 
728 0.000000 7.501216 
729 0.000000 7.442038 
730 0.000000 7.382875 
731 0.000000 7.323735 
732 0.000000 7.264624 
733 0.000000 7.205550 
734 0.000000 7.146520 
735 0.000000 7.087540 
736 0.000000 7.028616 
737 0.000000 6.969757 
738 0.000000 6.910968 
739 0.000000 6.852256 
740 0.000000 6.793628 
741 0.000000 6.735089 
742 0.000000 6.676647 
743 0.000000 6.618307 
744 0.000000 6.560076 
745 0.000000 6.501960 
746 0.000000 6.443965 
747 0.000000 6.386097 
748 0.000000 6.328361 
749 0.000000 6.270764 
750 0.000000 6.213312 
751 0.000000 6.156009 
752 0.000000 6.098863 
753 0.000000 6.041877 
754 0.000000 5.985058 
755 0.000000 5.928411 
756 0.000000 5.871941 
757 0.000000 5.815653 
758 0.000000 5.759553 
759 0.000000 5.703646 
760 0.000000 5.647936 
761 0.000000 5.592428 
762 0.000000 5.537127 
763 0.000000 5.482038 
764 0.000000 5.427166 
765 0.000000 5.372514 
766 0.000000 5.318087 
767 0.000000 5.263891 
768 0.000000 5.209927 
769 0.000000 5.156202 
770 0.000000 5.102719 
771 0.000000 5.049483 
772 0.000000 4.996496 
773 0.000000 4.943763 
774 0.000000 4.891287 
775 0.000000 4.839073 
776 0.000000 4.787124 
777 0.000000 4.735443 
778 0.000000 4.684033 
779 0.000000 4.632898 
780 0.000000 4.582042 
781 0.000000 4.531467 
782 0.000000 4.481176 
783 0.000000 4.431172 
784 0.000000 4.381459 
785 0.000000 4.332038 
786 0.000000 4.282914 
787 0.000000 4.234087 
788 0.000000 4.185561 
789 0.000000 4.137339 
790 0.000000 4.089422 
791 0.000000 4.041813 
792 0.000000 3.994514 
793 0.000000 3.947528 
794 0.000000 3.900855 
795 0.000000 3.854499 
796 0.000000 3.808461 
797 0.000000 3.762743 
798 0.000000 3.717347 
799 0.000000 3.672273 
800 0.000000 3.627525 
801 0.000000 3.583103 
802 0.000000 3.539008 
803 0.000000 3.495243 
804 0.000000 3.451808 
805 0.000000 3.408704 
806 0.000000 3.365933 
807 0.000000 3.323495 
808 0.000000 3.281392 
809 0.000000 3.239624 
810 0.000000 3.198192 
811 0.000000 3.157098 
812 0.000000 3.116341 
813 0.000000 3.075922 
814 0.000000 3.035841 
815 0.000000 2.996100 
816 0.000000 2.956699 
817 0.000000 2.917637 
818 0.000000 2.878916 
819 0.000000 2.840534 
820 0.000000 2.802493 
821 0.000000 2.764793 
822 0.000000 2.727433 
823 0.000000 2.690414 
824 0.000000 2.653734 
825 0.000000 2.617395 
826 0.000000 2.581396 
827 0.000000 2.545736 
828 0.000000 2.510416 
829 0.000000 2.475434 
830 0.000000 2.440790 
831 0.000000 2.406485 
832 0.000000 2.372516 
833 0.000000 2.338884 
834 0.000000 2.305588 
835 0.000000 2.272627 
836 0.000000 2.240000 
837 0.000000 2.207707 
838 0.000000 2.175747 
839 0.000000 2.144118 
840 0.000000 2.112819 
841 0.000000 2.081851 
842 0.000000 2.051211 
843 0.000000 2.020898 
844 0.000000 1.990912 
845 0.000000 1.961251 
846 0.000000 1.931913 
847 0.000000 1.902899 
848 0.000000 1.874205 
849 0.000000 1.845831 
850 0.000000 1.817776 
851 0.000000 1.790038 
852 0.000000 1.762615 
853 0.000000 1.735507 
854 0.000000 1.708711 
855 0.000000 1.682225 
856 0.000000 1.656050 
857 0.000000 1.630181 
858 0.000000 1.604619 
859 0.000000 1.579362 
860 0.000000 1.554406 
861 0.000000 1.529752 
862 0.000000 1.505397 
863 0.000000 1.481339 
864 0.000000 1.457576 
865 0.000000 1.434107 
866 0.000000 1.410929 
867 0.000000 1.388042 
868 0.000000 1.365442 
869 0.000000 1.343128 
870 0.000000 1.321098 
871 0.000000 1.299350 
872 0.000000 1.277882 
873 0.000000 1.256692 
874 0.000000 1.235777 
875 0.000000 1.215137 
876 0.000000 1.194768 
877 0.000000 1.174669 
878 0.000000 1.154837 
879 0.000000 1.135271 
880 0.000000 1.115968 
881 0.000000 1.096927 
882 0.000000 1.078144 
883 0.000000 1.059618 
884 0.000000 1.041347 
885 0.000000 1.023329 
886 0.000000 1.005561 
887 0.000000 0.988041 
888 0.000000 0.970767 
889 0.000000 0.953736 
890 0.000000 0.936947 
891 0.000000 0.920398 
892 0.000000 0.904085 
893 0.000000 0.888008 
894 0.000000 0.872163 
895 0.000000 0.856548 
896 0.000000 0.841162 
897 0.000000 0.826001 
898 0.000000 0.811064 
899 0.000000 0.796349 
900 0.000000 0.781853 
901 0.000000 0.767574 
902 0.000000 0.753509 
903 0.000000 0.739657 
904 0.000000 0.726016 
905 0.000000 0.712582 
906 0.000000 0.699355 
907 0.000000 0.686330 
908 0.000000 0.673508 
909 0.000000 0.660884 
910 0.000000 0.648458 
911 0.000000 0.636226 
912 0.000000 0.624187 
913 0.000000 0.612338 
914 0.000000 0.600678 
915 0.000000 0.589203 
916 0.000000 0.577912 
917 0.000000 0.566804 
918 0.000000 0.555874 
919 0.000000 0.545122 
920 0.000000 0.534546 
921 0.000000 0.524143 
922 0.000000 0.513910 
923 0.000000 0.503847 
924 0.000000 0.493951 
925 0.000000 0.484219 
926 0.000000 0.474650 
927 0.000000 0.465242 
928 0.000000 0.455992 
929 0.000000 0.446899 
930 0.000000 0.437961 
931 0.000000 0.429175 
932 0.000000 0.420540 
933 0.000000 0.412053 
934 0.000000 0.403713 
935 0.000000 0.395517 
936 0.000000 0.387464 
937 0.000000 0.379552 
938 0.000000 0.371779 
939 0.000000 0.364143 
940 0.000000 0.356642 
941 0.000000 0.349274 
942 0.000000 0.342037 
943 0.000000 0.334930 
944 0.000000 0.327951 
945 0.000000 0.321097 
946 0.000000 0.314367 
947 0.000000 0.307760 
948 0.000000 0.301273 
949 0.000000 0.294905 
950 0.000000 0.288653 
951 0.000000 0.282517 
952 0.000000 0.276495 
953 0.000000 0.270584 
954 0.000000 0.264784 
955 0.000000 0.259092 
956 0.000000 0.253507 
957 0.000000 0.248027 
958 0.000000 0.242651 
959 0.000000 0.237377 
960 0.000000 0.232203 
961 0.000000 0.227128 
962 0.000000 0.222151 
963 0.000000 0.217269 
964 0.000000 0.212482 
965 0.000000 0.207787 
966 0.000000 0.203184 
967 0.000000 0.198671 
968 0.000000 0.194246 
969 0.000000 0.189907 
970 0.000000 0.185655 
971 0.000000 0.181487 
972 0.000000 0.177401 
973 0.000000 0.173397 
974 0.000000 0.169473 
975 0.000000 0.165627 
976 0.000000 0.161859 
977 0.000000 0.158167 
978 0.000000 0.154549 
979 0.000000 0.151006 
980 0.000000 0.147534 
981 0.000000 0.144134 
982 0.000000 0.140803 
983 0.000000 0.137541 
984 0.000000 0.134346 
985 0.000000 0.131217 
986 0.000000 0.128154 
987 0.000000 0.125154 
988 0.000000 0.122217 
989 0.000000 0.119342 
990 0.000000 0.116527 
991 0.000000 0.113771 
992 0.000000 0.111074 
993 0.000000 0.108435 
994 0.000000 0.105851 
995 0.000000 0.103323 
996 0.000000 0.100849 
997 0.000000 0.098429 
998 0.000000 0.096060 
999 0.000000 0.093743 
1000 0.000000 0.091476 
1001 0.000000 0.089258 
1002 0.000000 0.087089 
1003 0.000000 0.084968 
1004 0.000000 0.082893 
1005 0.000000 0.080864 
1006 0.000000 0.078879 
1007 0.000000 0.076939 
1008 0.000000 0.075042 
1009 0.000000 0.073187 
1010 0.000000 0.071373 
1011 0.000000 0.069601 
1012 0.000000 0.067868 
1013 0.000000 0.066174 
1014 0.000000 0.064518 
1015 0.000000 0.062901 
1016 0.000000 0.061320 
1017 0.000000 0.059775 
1018 0.000000 0.058265 
1019 0.000000 0.056790 
1020 0.000000 0.055349 
1021 0.000000 0.053942 
1022 0.000000 0.052566 
1023 0.000000 0.051223 
1024 0.000000 0.049911 
1025 0.000000 0.048630 
1026 0.000000 0.047379 
1027 0.000000 0.046157 
1028 0.000000 0.044964 
1029 0.000000 0.043799 
1030 0.000000 0.042661 
1031 0.000000 0.041551 
1032 0.000000 0.040467 
1033 0.000000 0.039409 
1034 0.000000 0.038376 
1035 0.000000 0.037368 
1036 0.000000 0.036385 
1037 0.000000 0.035425 
1038 0.000000 0.034488 
1039 0.000000 0.033574 
1040 0.000000 0.032682 
1041 0.000000 0.031812 
1042 0.000000 0.030963 
1043 0.000000 0.030135 
1044 0.000000 0.029327 
1045 0.000000 0.028540 
1046 0.000000 0.027771 
1047 0.000000 0.027022 
1048 0.000000 0.026292 
1049 0.000000 0.025579 
1050 0.000000 0.024884 
1051 0.000000 0.024207 
1052 0.000000 0.023547 
1053 0.000000 0.022903 
1054 0.000000 0.022276 
1055 0.000000 0.021664 
1056 0.000000 0.021068 
1057 0.000000 0.020487 
1058 0.000000 0.019921 
1059 0.000000 0.019370 
1060 0.000000 0.018832 
1061 0.000000 0.018308 
1062 0.000000 0.017798 
1063 0.000000 0.017301 
1064 0.000000 0.016817 
1065 0.000000 0.016345 
1066 0.000000 0.015886 
1067 0.000000 0.015438 
1068 0.000000 0.015002 
1069 0.000000 0.014578 
1070 0.000000 0.014165 
1071 0.000000 0.013763 
1072 0.000000 0.013371 
1073 0.000000 0.012989 
1074 0.000000 0.012618 
1075 0.000000 0.012257 
1076 0.000000 0.011905 
1077 0.000000 0.011563 
1078 0.000000 0.011229 
1079 0.000000 0.010905 
1080 0.000000 0.010590 
1081 0.000000 0.010282 
1082 0.000000 0.009984 
1083 0.000000 0.009693 
1084 0.000000 0.009410 
1085 0.000000 0.009135 
1086 0.000000 0.008868 
1087 0.000000 0.008607 
1088 0.000000 0.008354 
1089 0.000000 0.008108 
1090 0.000000 0.007868 
1091 0.000000 0.007636 
1092 0.000000 0.007409 
1093 0.000000 0.007189 
1094 0.000000 0.006975 
1095 0.000000 0.006767 
1096 0.000000 0.006565 
1097 0.000000 0.006368 
1098 0.000000 0.006177 
1099 0.000000 0.005991 
1100 0.000000 0.005811 
1101 0.000000 0.005636 
1102 0.000000 0.005465 
1103 0.000000 0.005300 
1104 0.000000 0.005139 
1105 0.000000 0.004982 
1106 0.000000 0.004831 
1107 0.000000 0.004683 
1108 0.000000 0.004540 
1109 0.000000 0.004401 
1110 0.000000 0.004265 
1111 0.000000 0.004134 
1112 0.000000 0.004007 
1113 0.000000 0.003883 
1114 0.000000 0.003763 
1115 0.000000 0.003646 
1116 0.000000 0.003533 
1117 0.000000 0.003423 
1118 0.000000 0.003316 
1119 0.000000 0.003212 
1120 0.000000 0.003112 
1121 0.000000 0.003014 
1122 0.000000 0.002920 
1123 0.000000 0.002828 
1124 0.000000 0.002738 
1125 0.000000 0.002652 
1126 0.000000 0.002568 
1127 0.000000 0.002486 
1128 0.000000 0.002407 
1129 0.000000 0.002331 
1130 0.000000 0.002256 
1131 0.000000 0.002184 
1132 0.000000 0.002114 
1133 0.000000 0.002047 
1134 0.000000 0.001981 
1135 0.000000 0.001917 
1136 0.000000 0.001855 
1137 0.000000 0.001795 
1138 0.000000 0.001737 
1139 0.000000 0.001681 
1140 0.000000 0.001626 
1141 0.000000 0.001573 
1142 0.000000 0.001522 
1143 0.000000 0.001472 
1144 0.000000 0.001424 
1145 0.000000 0.001377 
1146 0.000000 0.001332 
1147 0.000000 0.001288 
1148 0.000000 0.001246 
1149 0.000000 0.001205 
1150 0.000000 0.001165 
1151 0.000000 0.001126 
1152 0.000000 0.001089 
1153 0.000000 0.001053 
1154 0.000000 0.001018 
1155 0.000000 0.000984 
1156 0.000000 0.000951 
1157 0.000000 0.000919 
1158 0.000000 0.000888 
1159 0.000000 0.000858 
1160 0.000000 0.000829 
1161 0.000000 0.000801 
1162 0.000000 0.000774 
1163 0.000000 0.000748 
1164 0.000000 0.000723 
1165 0.000000 0.000698 
1166 0.000000 0.000674 
1167 0.000000 0.000651 
1168 0.000000 0.000629 
1169 0.000000 0.000608 
1170 0.000000 0.000587 
1171 0.000000 0.000567 
1172 0.000000 0.000547 
1173 0.000000 0.000528 
1174 0.000000 0.000510 
1175 0.000000 0.000493 
1176 0.000000 0.000476 
1177 0.000000 0.000459 
1178 0.000000 0.000443 
1179 0.000000 0.000428 
1180 0.000000 0.000413 
1181 0.000000 0.000398 
1182 0.000000 0.000384 
1183 0.000000 0.000371 
1184 0.000000 0.000358 
1185 0.000000 0.000345 
1186 0.000000 0.000333 
1187 0.000000 0.000321 
1188 0.000000 0.000310 
1189 0.000000 0.000299 
1190 0.000000 0.000289 
1191 0.000000 0.000278 
1192 0.000000 0.000268 
1193 0.000000 0.000259 
1194 0.000000 0.000250 
1195 0.000000 0.000241 
1196 0.000000 0.000232 
1197 0.000000 0.000224 
1198 0.000000 0.000216 
1199 0.000000 0.000208 
1200 0.000000 0.000200 
1201 0.000000 0.000193 
1202 0.000000 0.000186 
1203 0.000000 0.000180 
1204 0.000000 0.000173 
1205 0.000000 0.000167 
1206 0.000000 0.000161 
1207 0.000000 0.000155 
1208 0.000000 0.000149 
1209 0.000000 0.000144 
1210 0.000000 0.000138 
1211 0.000000 0.000133 
1212 0.000000 0.000128 
1213 0.000000 0.000124 
1214 0.000000 0.000119 
1215 0.000000 0.000115 
1216 0.000000 0.000111 
1217 0.000000 0.000106 
1218 0.000000 0.000102 
1219 0.000000 0.000099 
1220 0.000000 0.000095 
1221 0.000000 0.000091 
1222 0.000000 0.000088 
1223 0.000000 0.000085 
1224 0.000000 0.000082 
1225 0.000000 0.000079 
1226 0.000000 0.000076 
1227 0.000000 0.000073 
1228 0.000000 0.000070 
1229 0.000000 0.000067 
1230 0.000000 0.000065 
1231 0.000000 0.000062 
1232 0.000000 0.000060 
1233 0.000000 0.000058 
1234 0.000000 0.000056 
1235 0.000000 0.000053 
1236 0.000000 0.000051 
1237 0.000000 0.000049 
1238 0.000000 0.000048 
1239 0.000000 0.000046 
1240 0.000000 0.000044 
1241 0.000000 0.000042 
1242 0.000000 0.000041 
1243 0.000000 0.000039 
1244 0.000000 0.000038 
1245 0.000000 0.000036 
1246 0.000000 0.000035 
1247 0.000000 0.000033 
1248 0.000000 0.000032 
1249 0.000000 0.000031 
1250 0.000000 0.000030 
1251 0.000000 0.000028 
1252 0.000000 0.000027 
1253 0.000000 0.000026 
1254 0.000000 0.000025 
1255 0.000000 0.000024 
1256 0.000000 0.000023 
1257 0.000000 0.000022 
1258 0.000000 0.000022 
1259 0.000000 0.000021 
1260 0.000000 0.000020 
1261 0.000000 0.000019 
1262 0.000000 0.000018 
1263 0.000000 0.000018 
1264 0.000000 0.000017 
1265 0.000000 0.000016 
1266 0.000000 0.000016 
1267 0.000000 0.000015 
1268 0.000000 0.000014 
1269 0.000000 0.000014 
1270 0.000000 0.000013 
1271 0.000000 0.000013 
1272 0.000000 0.000012 
1273 0.000000 0.000012 
1274 0.000000 0.000011 
1275 0.000000 0.000011 
1276 0.000000 0.000010 
1277 0.000000 0.000010 
1278 0.000000 0.000009 
1279 0.000000 0.000009 
1280 0.000000 0.000009 
1281 0.000000 0.000008 
1282 0.000000 0.000008 
1283 0.000000 0.000008 
1284 0.000000 0.000007 
1285 0.000000 0.000007 
1286 0.000000 0.000007 
1287 0.000000 0.000007 
1288 0.000000 0.000006 
1289 0.000000 0.000006 
1290 0.000000 0.000006 
1291 0.000000 0.000006 
1292 0.000000 0.000005 
1293 0.000000 0.000005 
1294 0.000000 0.000005 
1295 0.000000 0.000005 
1296 0.000000 0.000004 
1297 0.000000 0.000004 
1298 0.000000 0.000004 
1299 0.000000 0.000004 
1300 0.000000 0.000004 
1301 0.000000 0.000004 
1302 0.000000 0.000003 
1303 0.000000 0.000003 
1304 0.000000 0.000003 
1305 0.000000 0.000003 
1306 0.000000 0.000003 
1307 0.000000 0.000003 
1308 0.000000 0.000003 
1309 0.000000 0.000003 
1310 0.000000 0.000002 
1311 0.000000 0.000002 
1312 0.000000 0.000002 
1313 0.000000 0.000002 
1314 0.000000 0.000002 
1315 0.000000 0.000002 
1316 0.000000 0.000002 
1317 0.000000 0.000002 
1318 0.000000 0.000002 
1319 0.000000 0.000002 
1320 0.000000 0.000002 
1321 0.000000 0.000002 
1322 0.000000 0.000001 
1323 0.000000 0.000001 
1324 0.000000 0.000001 
1325 0.000000 0.000001 
1326 0.000000 0.000001 
1327 0.000000 0.000001 
1328 0.000000 0.000001 
1329 0.000000 0.000001 
1330 0.000000 0.000001 
1331 0.000000 0.000001 
1332 0.000000 0.000001 
1333 0.000000 0.000001 
1334 0.000000 0.000001 
1335 0.000000 0.000001 
1336 0.000000 0.000001 
1337 0.000000 0.000001 
1338 0.000000 0.000001 
1339 0.000000 0.000001 
1340 0.000000 0.000001 
1341 0.000000 0.000001 
1342 0.000000 0.000001 
1343 0.000000 0.000001 
1344 0.000000 0.000001 
1345 0.000000 0.000001 
1346 0.000000 0.000000 
1347 0.000000 0.000000 
1348 0.000000 0.000000 
1349 0.000000 0.000000 
1350 0.000000 0.000000 
1351 0.000000 0.000000 
1352 0.000000 0.000000 
1353 0.000000 0.000000 
1354 0.000000 0.000000 
1355 0.000000 0.000000 
1356 0.000000 0.000000 
1357 0.000000 0.000000 
1358 0.000000 0.000000 
1359 0.000000 0.000000 
1360 0.000000 0.000000 
1361 0.000000 0.000000 
1362 0.000000 0.000000 
1363 0.000000 0.000000 
1364 0.000000 0.000000 
1365 0.000000 0.000000 
1366 0.000000 0.000000 
1367 0.000000 0.000000 
1368 0.000000 0.000000 
1369 0.000000 0.000000 
1370 0.000000 0.000000 
1371 0.000000 0.000000 
1372 0.000000 0.000000 
1373 0.000000 0.000000 
1374 0.000000 0.000000 
1375 0.000000 0.000000 
1376 0.000000 0.000000 
1377 0.000000 0.000000 
1378 0.000000 0.000000 
1379 0.000000 0.000000 
1380 0.000000 0.000000 
1381 0.000000 0.000000 
1382 0.000000 0.000000 
1383 0.000000 0.000000 
1384 0.000000 0.000000 
1385 0.000000 0.000000 
1386 0.000000 0.000000 
1387 0.000000 0.000000 
1388 0.000000 0.000000 
1389 0.000000 0.000000 
1390 0.000000 0.000000 
1391 0.000000 0.000000 
1392 0.000000 0.000000 
1393 0.000000 0.000000 
1394 0.000000 0.000000 
1395 0.000000 0.000000 
1396 0.000000 0.000000 
1397 0.000000 0.000000 
1398 0.000000 0.000000 
1399 0.000000 0.000000 
1400 0.000000 0.000000 
1401 0.000000 0.000000 
1402 0.000000 0.000000 
1403 0.000000 0.000000 
1404 0.000000 0.000000 
1405 0.000000 0.000000 
1406 0.000000 0.000000 
1407 0.000000 0.000000 
1408 0.000000 0.000000 
1409 0.000000 0.000000 
1410 0.000000 0.000000 
1411 0.000000 0.000000 
1412 0.000000 0.000000 
1413 0.000000 0.000000 
1414 0.000000 0.000000 
1415 0.000000 0.000000 
1416 0.000000 0.000000 
1417 0.000000 0.000000 
1418 0.000000 0.000000 
1419 0.000000 0.000000 
1420 0.000000 0.000000 
1421 0.000000 0.000000 
1422 0.000000 0.000000 
1423 0.000000 0.000000 
1424 0.000000 0.000000 
1425 0.000000 0.000000 
1426 0.000000 0.000000 
1427 0.000000 0.000000 
1428 0.000000 0.000000 
1429 0.000000 0.000000 
1430 0.000000 0.000000 
1431 0.000000 0.000000 
1432 0.000000 0.000000 
1433 0.000000 0.000000 
1434 0.000000 0.000000 
1435 0.000000 0.000000 
1436 0.000000 0.000000 
1437 0.000000 0.000000 
1438 0.000000 0.000000 
1439 0.000000 0.000000 
1440 0.000000 0.000000 
1441 0.000000 0.000000 
1442 0.000000 0.000000 
1443 0.000000 0.000000 
1444 0.000000 0.000000 
1445 0.000000 0.000000 
1446 0.000000 0.000000 
1447 0.000000 0.000000 
1448 0.000000 0.000000 
1449 0.000000 0.000000 
1450 0.000000 0.000000 
1451 0.000000 0.000000 
1452 0.000000 0.000000 
1453 0.000000 0.000000 
1454 0.000000 0.000000 
1455 0.000000 0.000000 
1456 0.000000 0.000000 
1457 0.000000 0.000000 
1458 0.000000 0.000000 
1459 0.000000 0.000000 
1460 0.000000 0.000000 
1461 0.000000 0.000000 
1462 0.000000 0.000000 
1463 0.000000 0.000000 
1464 0.000000 0.000000 
1465 0.000000 0.000000 
1466 0.000000 0.000000 
1467 0.000000 0.000000 
1468 0.000000 0.000000 
1469 0.000000 0.000000 
1470 0.000000 0.000000 
1471 0.000000 0.000000 
1472 0.000000 0.000000 
1473 0.000000 0.000000 
1474 0.000000 0.000000 
1475 0.000000 0.000000 
1476 0.000000 0.000000 
1477 0.000000 0.000000 
1478 0.000000 0.000000 
1479 0.000000 0.000000 
1480 0.000000 0.000000 
1481 0.000000 0.000000 
1482 0.000000 0.000000 
1483 0.000000 0.000000 
1484 0.000000 0.000000 
1485 0.000000 0.000000 
1486 0.000000 0.000000 
1487 0.000000 0.000000 
1488 0.000000 0.000000 
1489 0.000000 0.000000 
1490 0.000000 0.000000 
1491 0.000000 0.000000 
1492 0.000000 0.000000 
1493 0.000000 0.000000 
1494 0.000000 0.000000 
1495 0.000000 0.000000 
1496 0.000000 0.000000 
1497 0.000000 0.000000 
1498 0.000000 0.000000 
1499 0.000000 0.000000 
1500 0.000000 0.000000 
1501 0.000000 0.000000 
1502 0.000000 0.000000 
1503 0.000000 0.000000 
1504 0.000000 0.000000 
1505 0.000000 0.000000 
1506 0.000000 0.000000 
1507 0.000000 0.000000 
1508 0.000000 0.000000 
1509 0.000000 0.000000 
1510 0.000000 0.000000 
1511 0.000000 0.000000 
1512 0.000000 0.000000 
1513 0.000000 0.000000 
1514 0.000000 0.000000 
1515 0.000000 0.000000 
1516 0.000000 0.000000 
1517 0.000000 0.000000 
1518 0.000000 0.000000 
1519 0.000000 0.000000 
1520 0.000000 0.000000 
1521 0.000000 0.000000 
1522 0.000000 0.000000 
1523 0.000000 0.000000 
1524 0.000000 0.000000 
1525 0.000000 0.000000 
1526 0.000000 0.000000 
1527 0.000000 0.000000 
1528 0.000000 0.000000 
1529 0.000000 0.000000 
1530 0.000000 0.000000 
1531 0.000000 0.000000 
1532 0.000000 0.000000 
1533 0.000000 0.000000 
1534 0.000000 0.000000 
1535 0.000000 0.000000 
1536 0.000000 0.000000 
1537 0.000000 0.000000 
1538 0.000000 0.000000 
1539 0.000000 0.000000 
1540 0.000000 0.000000 
1541 0.000000 0.000000 
1542 0.000000 0.000000 
1543 0.000000 0.000000 
1544 0.000000 0.000000 
1545 0.000000 0.000000 
1546 0.000000 0.000000 
1547 0.000000 0.000000 
1548 0.000000 0.000000 
1549 0.000000 0.000000 
1550 0.000000 0.000000 
1551 0.000000 0.000000 
1552 0.000000 0.000000 
1553 0.000000 0.000000 
1554 0.000000 0.000000 
1555 0.000000 0.000000 
1556 0.000000 0.000000 
1557 0.000000 0.000000 
1558 0.000000 0.000000 
1559 0.000000 0.000000 
1560 0.000000 0.000000 
1561 0.000000 0.000000 
1562 0.000000 0.000000 
1563 0.000000 0.000000 
1564 0.000000 0.000000 
1565 0.000000 0.000000 
1566 0.000000 0.000000 
1567 0.000000 0.000000 
1568 0.000000 0.000000 
1569 0.000000 0.000000 
1570 0.000000 0.000000 
1571 0.000000 0.000000 
1572 0.000000 0.000000 
1573 0.000000 0.000000 
1574 0.000000 0.000000 
1575 0.000000 0.000000 
1576 0.000000 0.000000 
1577 0.000000 0.000000 
1578 0.000000 0.000000 
1579 0.000000 0.000000 
1580 0.000000 0.000000 
1581 0.000000 0.000000 
1582 0.000000 0.000000 
1583 0.000000 0.000000 
1584 0.000000 0.000000 
1585 0.000000 0.000000 
1586 0.000000 0.000000 
1587 0.000000 0.000000 
1588 0.000000 0.000000 
1589 0.000000 0.000000 
1590 0.000000 0.000000 
1591 0.000000 0.000000 
1592 0.000000 0.000000 
1593 0.000000 0.000000 
1594 0.000000 0.000000 
1595 0.000000 0.000000 
1596 0.000000 0.000000 
1597 0.000000 0.000000 
1598 0.000000 0.000000 
1599 0.000000 0.000000 
1600 0.000000 0.000000 
1601 0.000000 0.000000 
1602 0.000000 0.000000 
1603 0.000000 0.000000 
1604 0.000000 0.000000 
1605 0.000000 0.000000 
1606 0.000000 0.000000 
1607 0.000000 0.000000 
1608 0.000000 0.000000 
1609 0.000000 0.000000 
1610 0.000000 0.000000 
1611 0.000000 0.000000 
1612 0.000000 0.000000 
1613 0.000000 0.000000 
1614 0.000000 0.000000 
1615 0.000000 0.000000 
1616 0.000000 0.000000 
1617 0.000000 0.000000 
1618 0.000000 0.000000 
1619 0.000000 0.000000 
1620 0.000000 0.000000 
1621 0.000000 0.000000 
1622 0.000000 0.000000 
1623 0.000000 0.000000 
1624 0.000000 0.000000 
1625 0.000000 0.000000 
1626 0.000000 0.000000 
1627 0.000000 0.000000 
1628 0.000000 0.000000 
1629 0.000000 0.000000 
1630 0.000000 0.000000 
1631 0.000000 0.000000 
1632 0.000000 0.000000 
1633 0.000000 0.000000 
1634 0.000000 0.000000 
1635 0.000000 0.000000 
1636 0.000000 0.000000 
1637 0.000000 0.000000 
1638 0.000000 0.000000 
1639 0.000000 0.000000 
1640 0.000000 0.000000 
1641 0.000000 0.000000 
1642 0.000000 0.000000 
1643 0.000000 0.000000 
1644 0.000000 0.000000 
1645 0.000000 0.000000 
1646 0.000000 0.000000 
1647 0.000000 0.000000 
1648 0.000000 0.000000 
1649 0.000000 0.000000 
1650 0.000000 0.000000 
1651 0.000000 0.000000 
1652 0.000000 0.000000 
1653 0.000000 0.000000 
1654 0.000000 0.000000 
1655 0.000000 0.000000 
1656 0.000000 0.000000 
1657 0.000000 0.000000 
1658 0.000000 0.000000 
1659 0.000000 0.000000 
1660 0.000000 0.000000 
1661 0.000000 0.000000 
1662 0.000000 0.000000 
1663 0.000000 0.000000 
1664 0.000000 0.000000 
1665 0.000000 0.000000 
1666 0.000000 0.000000 
1667 0.000000 0.000000 
1668 0.000000 0.000000 
1669 0.000000 0.000000 
1670 0.000000 0.000000 
1671 0.000000 0.000000 
1672 0.000000 0.000000 
1673 0.000000 0.000000 
1674 0.000000 0.000000 
1675 0.000000 0.000000 
1676 0.000000 0.000000 
1677 0.000000 0.000000 
1678 0.000000 0.000000 
1679 0.000000 0.000000 
1680 0.000000 0.000000 
1681 0.000000 0.000000 
1682 0.000000 0.000000 
1683 0.000000 0.000000 
1684 0.000000 0.000000 
1685 0.000000 0.000000 
1686 0.000000 0.000000 
1687 0.000000 0.000000 
1688 0.000000 0.000000 
1689 0.000000 0.000000 
1690 0.000000 0.000000 
1691 0.000000 0.000000 
1692 0.000000 0.000000 
1693 0.000000 0.000000 
1694 0.000000 0.000000 
1695 0.000000 0.000000 
1696 0.000000 0.000000 
1697 0.000000 0.000000 
1698 0.000000 0.000000 
1699 0.000000 0.000000 
1700 0.000000 0.000000 
1701 0.000000 0.000000 
1702 0.000000 0.000000 
1703 0.000000 0.000000 
1704 0.000000 0.000000 
1705 0.000000 0.000000 
1706 0.000000 0.000000 
1707 0.000000 0.000000 
1708 0.000000 0.000000 
1709 0.000000 0.000000 
1710 0.000000 0.000000 
1711 0.000000 0.000000 
1712 0.000000 0.000000 
1713 0.000000 0.000000 
1714 0.000000 0.000000 
1715 0.000000 0.000000 
1716 0.000000 0.000000 
1717 0.000000 0.000000 
1718 0.000000 0.000000 
1719 0.000000 0.000000 
1720 0.000000 0.000000 
1721 0.000000 0.000000 
1722 0.000000 0.000000 
1723 0.000000 0.000000 
1724 0.000000 0.000000 
1725 0.000000 0.000000 
1726 0.000000 0.000000 
1727 0.000000 0.000000 
1728 0.000000 0.000000 
1729 0.000000 0.000000 
1730 0.000000 0.000000 
1731 0.000000 0.000000 
1732 0.000000 0.000000 
1733 0.000000 0.000000 
1734 0.000000 0.000000 
1735 0.000000 0.000000 
1736 0.000000 0.000000 
1737 0.000000 0.000000 
1738 0.000000 0.000000 
1739 0.000000 0.000000 
1740 0.000000 0.000000 
1741 0.000000 0.000000 
1742 0.000000 0.000000 
1743 0.000000 0.000000 
1744 0.000000 0.000000 
1745 0.000000 0.000000 
1746 0.000000 0.000000 
1747 0.000000 0.000000 
1748 0.000000 0.000000 
1749 0.000000 0.000000 
1750 0.000000 0.000000 
1751 0.000000 0.000000 
1752 0.000000 0.000000 
1753 0.000000 0.000000 
1754 0.000000 0.000000 
1755 0.000000 0.000000 
1756 0.000000 0.000000 
1757 0.000000 0.000000 
1758 0.000000 0.000000 
1759 0.000000 0.000000 
1760 0.000000 0.000000 
1761 0.000000 0.000000 
1762 0.000000 0.000000 
1763 0.000000 0.000000 
1764 0.000000 0.000000 
1765 0.000000 0.000000 
1766 0.000000 0.000000 
1767 0.000000 0.000000 
1768 0.000000 0.000000 
1769 0.000000 0.000000 
1770 0.000000 0.000000 
1771 0.000000 0.000000 
1772 0.000000 0.000000 
1773 0.000000 0.000000 
1774 0.000000 0.000000 
1775 0.000000 0.000000 
1776 0.000000 0.000000 
1777 0.000000 0.000000 
1778 0.000000 0.000000 
1779 0.000000 0.000000 
1780 0.000000 0.000000 
1781 0.000000 0.000000 
1782 0.000000 0.000000 
1783 0.000000 0.000000 
1784 0.000000 0.000000 
1785 0.000000 0.000000 
1786 0.000000 0.000000 
1787 0.000000 0.000000 
1788 0.000000 0.000000 
1789 0.000000 0.000000 
1790 0.000000 0.000000 
1791 0.000000 0.000000 
1792 0.000000 0.000000 
1793 0.000000 0.000000 
1794 0.000000 0.000000 
1795 0.000000 0.000000 
1796 0.000000 0.000000 
1797 0.000000 0.000000 
1798 0.000000 0.000000 
1799 0.000000 0.000000 
1800 0.000000 0.000000 
1801 0.000000 0.000000 
1802 0.000000 0.000000 
1803 0.000000 0.000000 
1804 0.000000 0.000000 
1805 0.000000 0.000000 
1806 0.000000 0.000000 
1807 0.000000 0.000000 
1808 0.000000 0.000000 
1809 0.000000 0.000000 
1810 0.000000 0.000000 
1811 0.000000 0.000000 
1812 0.000000 0.000000 
1813 0.000000 0.000000 
1814 0.000000 0.000000 
1815 0.000000 0.000000 
1816 0.000000 0.000000 
1817 0.000000 0.000000 
1818 0.000000 0.000000 
1819 0.000000 0.000000 
1820 0.000000 0.000000 
1821 0.000000 0.000000 
1822 0.000000 0.000000 
1823 0.000000 0.000000 
1824 0.000000 0.000000 
1825 0.000000 0.000000 
1826 0.000000 0.000000 
1827 0.000000 0.000000 
1828 0.000000 0.000000 
1829 0.000000 0.000000 
1830 0.000000 0.000000 
1831 0.000000 0.000000 
1832 0.000000 0.000000 
1833 0.000000 0.000000 
1834 0.000000 0.000000 
1835 0.000000 0.000000 
1836 0.000000 0.000000 
1837 0.000000 0.000000 
1838 0.000000 0.000000 
1839 0.000000 0.000000 
1840 0.000000 0.000000 
1841 0.000000 0.000000 
1842 0.000000 0.000000 
1843 0.000000 0.000000 
1844 0.000000 0.000000 
1845 0.000000 0.000000 
1846 0.000000 0.000000 
1847 0.000000 0.000000 
1848 0.000000 0.000000 
1849 0.000000 0.000000 
1850 0.000000 0.000000 
1851 0.000000 0.000000 
1852 0.000000 0.000000 
1853 0.000000 0.000000 
1854 0.000000 0.000000 
1855 0.000000 0.000000 
1856 0.000000 0.000000 
1857 0.000000 0.000000 
1858 0.000000 0.000000 
1859 0.000000 0.000000 
1860 0.000000 0.000000 
1861 0.000000 0.000000 
1862 0.000000 0.000000 
1863 0.000000 0.000000 
1864 0.000000 0.000000 
1865 0.000000 0.000000 
1866 0.000000 0.000000 
1867 0.000000 0.000000 
1868 0.000000 0.000000 
1869 0.000000 0.000000 
1870 0.000000 0.000000 
1871 0.000000 0.000000 
1872 0.000000 0.000000 
1873 0.000000 0.000000 
1874 0.000000 0.000000 
1875 0.000000 0.000000 
1876 0.000000 0.000000 
1877 0.000000 0.000000 
1878 0.000000 0.000000 
1879 0.000000 0.000000 
1880 0.000000 0.000000 
1881 0.000000 0.000000 
1882 0.000000 0.000000 
1883 0.000000 0.000000 
1884 0.000000 0.000000 
1885 0.000000 0.000000 
1886 0.000000 0.000000 
1887 0.000000 0.000000 
1888 0.000000 0.000000 
1889 0.000000 0.000000 
1890 0.000000 0.000000 
1891 0.000000 0.000000 
1892 0.000000 0.000000 
1893 0.000000 0.000000 
1894 0.000000 0.000000 
1895 0.000000 0.000000 
1896 0.000000 0.000000 
1897 0.000000 0.000000 
1898 0.000000 0.000000 
1899 0.000000 0.000000 
1900 0.000000 0.000000 
1901 0.000000 0.000000 
1902 0.000000 0.000000 
1903 0.000000 0.000000 
1904 0.000000 0.000000 
1905 0.000000 0.000000 
1906 0.000000 0.000000 
1907 0.000000 0.000000 
1908 0.000000 0.000000 
1909 0.000000 0.000000 
1910 0.000000 0.000000 
1911 0.000000 0.000000 
1912 0.000000 0.000000 
1913 0.000000 0.000000 
1914 0.000000 0.000000 
1915 0.000000 0.000000 
1916 0.000000 0.000000 
1917 0.000000 0.000000 
1918 0.000000 0.000000 
1919 0.000000 0.000000 
1920 0.000000 0.000000 
1921 0.000000 0.000000 
1922 0.000000 0.000000 
1923 0.000000 0.000000 
1924 0.000000 0.000000 
1925 0.000000 0.000000 
1926 0.000000 0.000000 
1927 0.000000 0.000000 
1928 0.000000 0.000000 
1929 0.000000 0.000000 
1930 0.000000 0.000000 
1931 0.000000 0.000000 
1932 0.000000 0.000000 
1933 0.000000 0.000000 
1934 0.000000 0.000000 
1935 0.000000 0.000000 
1936 0.000000 0.000000 
1937 0.000000 0.000000 
1938 0.000000 0.000000 
1939 0.000000 0.000000 
1940 0.000000 0.000000 
1941 0.000000 0.000000 
1942 0.000000 0.000000 
1943 0.000000 0.000000 
1944 0.000000 0.000000 
1945 0.000000 0.000000 
1946 0.000000 0.000000 
1947 0.000000 0.000000 
1948 0.000000 0.000000 
1949 0.000000 0.000000 
1950 0.000000 0.000000 
1951 0.000000 0.000000 
1952 0.000000 0.000000 
1953 0.000000 0.000000 
1954 0.000000 0.000000 
1955 0.000000 0.000000 
1956 0.000000 0.000000 
1957 0.000000 0.000000 
1958 0.000000 0.000000 
1959 0.000000 0.000000 
1960 0.000000 0.000000 
1961 0.000000 0.000000 
1962 0.000000 0.000000 
1963 0.000000 0.000000 
1964 0.000000 0.000000 
1965 0.000000 0.000000 
1966 0.000000 0.000000 
1967 0.000000 0.000000 
1968 0.000000 0.000000 
1969 0.000000 0.000000 
1970 0.000000 0.000000 
1971 0.000000 0.000000 
1972 0.000000 0.000000 
1973 0.000000 0.000000 
1974 0.000000 0.000000 
1975 0.000000 0.000000 
1976 0.000000 0.000000 
1977 0.000000 0.000000 
1978 0.000000 0.000000 
1979 0.000000 0.000000 
1980 0.000000 0.000000 
1981 0.000000 0.000000 
1982 0.000000 0.000000 
1983 0.000000 0.000000 
1984 0.000000 0.000000 
1985 0.000000 0.000000 
1986 0.000000 0.000000 
1987 0.000000 0.000000 
1988 0.000000 0.000000 
1989 0.000000 0.000000 
1990 0.000000 0.000000 
1991 0.000000 0.000000 
1992 0.000000 0.000000 
1993 0.000000 0.000000 
1994 0.000000 0.000000 
1995 0.000000 0.000000 
1996 0.000000 0.000000 
1997 0.000000 0.000000 
1998 0.000000 0.000000 
1999 0.000000 0.000000 
2000 0.000000 0.000000 
2001 0.000000 0.000000 
2002 0.000000 0.000000 
2003 0.000000 0.000000 
2004 0.000000 0.000000 
2005 0.000000 0.000000 
2006 0.000000 0.000000 
2007 0.000000 0.000000 
2008 0.000000 0.000000 
2009 0.000000 0.000000 
2010 0.000000 0.000000 
2011 0.000000 0.000000 
2012 0.000000 0.000000 
2013 0.000000 0.000000 
2014 0.000000 0.000000 
2015 0.000000 0.000000 
2016 0.000000 0.000000 
2017 0.000000 0.000000 
2018 0.000000 0.000000 
2019 0.000000 0.000000 
2020 0.000000 0.000000 
2021 0.000000 0.000000 
2022 0.000000 0.000000 
2023 0.000000 0.000000 
2024 0.000000 0.000000 
2025 0.000000 0.000000 
2026 0.000000 0.000000 
2027 0.000000 0.000000 
2028 0.000000 0.000000 
2029 0.000000 0.000000 
2030 0.000000 0.000000 
2031 0.000000 0.000000 
2032 0.000000 0.000000 
2033 0.000000 0.000000 
2034 0.000000 0.000000 
2035 0.000000 0.000000 
2036 0.000000 0.000000 
2037 0.000000 0.000000 
2038 0.000000 0.000000 
2039 0.000000 0.000000 
2040 0.000000 0.000000 
2041 0.000000 0.000000 
2042 0.000000 0.000000 
2043 0.000000 0.000000 
2044 0.000000 0.000000 
2045 0.000000 0.000000 
2046 0.000000 0.000000 
2047 0.000000 0.000000 
2048 0.000000 0.000000 
2049 0.000000 0.000000 
2050 0.000000 0.000000 
2051 0.000000 0.000000 
2052 0.000000 0.000000 
2053 0.000000 0.000000 
2054 0.000000 0.000000 
2055 0.000000 0.000000 
2056 0.000000 0.000000 
2057 0.000000 0.000000 
2058 0.000000 0.000000 
2059 0.000000 0.000000 
2060 0.000000 0.000000 
2061 0.000000 0.000000 
2062 0.000000 0.000000 
2063 0.000000 0.000000 
2064 0.000000 0.000000 
2065 0.000000 0.000000 
2066 0.000000 0.000000 
2067 0.000000 0.000000 
2068 0.000000 0.000000 
2069 0.000000 0.000000 
2070 0.000000 0.000000 
2071 0.000000 0.000000 
2072 0.000000 0.000000 
2073 0.000000 0.000000 
2074 0.000000 0.000000 
2075 0.000000 0.000000 
2076 0.000000 0.000000 
2077 0.000000 0.000000 
2078 0.000000 0.000000 
2079 0.000000 0.000000 
2080 0.000000 0.000000 
2081 0.000000 0.000000 
2082 0.000000 0.000000 
2083 0.000000 0.000000 
2084 0.000000 0.000000 
2085 0.000000 0.000000 
2086 0.000000 0.000000 
2087 0.000000 0.000000 
2088 0.000000 0.000000 
2089 0.000000 0.000000 
2090 0.000000 0.000000 
2091 0.000000 0.000000 
2092 0.000000 0.000000 
2093 0.000000 0.000000 
2094 0.000000 0.000000 
2095 0.000000 0.000000 
2096 0.000000 0.000000 
2097 0.000000 0.000000 
2098 0.000000 0.000000 
2099 0.000000 0.000000 
2100 0.000000 0.000000 
2101 0.000000 0.000000 
2102 0.000000 0.000000 
2103 0.000000 0.000000 
2104 0.000000 0.000000 
2105 0.000000 0.000000 
2106 0.000000 0.000000 
2107 0.000000 0.000000 
2108 0.000000 0.000000 
2109 0.000000 0.000000 
2110 0.000000 0.000000 
2111 0.000000 0.000000 
2112 0.000000 0.000000 
2113 0.000000 0.000000 
2114 0.000000 0.000000 
2115 0.000000 0.000000 
2116 0.000000 0.000000 
2117 0.000000 0.000000 
2118 0.000000 0.000000 
2119 0.000000 0.000000 
2120 0.000000 0.000000 
2121 0.000000 0.000000 
2122 0.000000 0.000000 
2123 0.000000 0.000000 
2124 0.000000 0.000000 
2125 0.000000 0.000000 
2126 0.000000 0.000000 
2127 0.000000 0.000000 
2128 0.000000 0.000000 
2129 0.000000 0.000000 
2130 0.000000 0.000000 
2131 0.000000 0.000000 
2132 0.000000 0.000000 
2133 0.000000 0.000000 
2134 0.000000 0.000000 
2135 0.000000 0.000000 
2136 0.000000 0.000000 
2137 0.000000 0.000000 
2138 0.000000 0.000000 
2139 0.000000 0.000000 
2140 0.000000 0.000000 
2141 0.000000 0.000000 
2142 0.000000 0.000000 
2143 0.000000 0.000000 
2144 0.000000 0.000000 
2145 0.000000 0.000000 
2146 0.000000 0.000000 
2147 0.000000 0.000000 
2148 0.000000 0.000000 
2149 0.000000 0.000000 
2150 0.000000 0.000000 
2151 0.000000 0.000000 
2152 0.000000 0.000000 
2153 0.000000 0.000000 
2154 0.000000 0.000000 
2155 0.000000 0.000000 
2156 0.000000 0.000000 
2157 0.000000 0.000000 
2158 0.000000 0.000000 
2159 0.000000 0.000000 
2160 0.000000 0.000000 
2161 0.000000 0.000000 
2162 0.000000 0.000000 
2163 0.000000 0.000000 
2164 0.000000 0.000000 
2165 0.000000 0.000000 
2166 0.000000 0.000000 
2167 0.000000 0.000000 
2168 0.000000 0.000000 
2169 0.000000 0.000000 
2170 0.000000 0.000000 
2171 0.000000 0.000000 
2172 0.000000 0.000000 
2173 0.000000 0.000000 
2174 0.000000 0.000000 
2175 0.000000 0.000000 
2176 0.000000 0.000000 
2177 0.000000 0.000000 
2178 0.000000 0.000000 
2179 0.000000 0.000000 
2180 0.000000 0.000000 
2181 0.000000 0.000000 
2182 0.000000 0.000000 
2183 0.000000 0.000000 
2184 0.000000 0.000000 
2185 0.000000 0.000000 
2186 0.000000 0.000000 
2187 0.000000 0.000000 
2188 0.000000 0.000000 
2189 0.000000 0.000000 
2190 0.000000 0.000000 
2191 0.000000 0.000000 
2192 0.000000 0.000000 
2193 0.000000 0.000000 
2194 0.000000 0.000000 
2195 0.000000 0.000000 
2196 0.000000 0.000000 
2197 0.000000 0.000000 
2198 0.000000 0.000000 
2199 0.000000 0.000000 
2200 0.000000 0.000000 
2201 0.000000 0.000000 
2202 0.000000 0.000000 
2203 0.000000 0.000000 
2204 0.000000 0.000000 
2205 0.000000 0.000000 
2206 0.000000 0.000000 
2207 0.000000 0.000000 
2208 0.000000 0.000000 
2209 0.000000 0.000000 
2210 0.000000 0.000000 
2211 0.000000 0.000000 
2212 0.000000 0.000000 
2213 0.000000 0.000000 
2214 0.000000 0.000000 
2215 0.000000 0.000000 
2216 0.000000 0.000000 
2217 0.000000 0.000000 
2218 0.000000 0.000000 
2219 0.000000 0.000000 
2220 0.000000 0.000000 
2221 0.000000 0.000000 
2222 0.000000 0.000000 
2223 0.000000 0.000000 
2224 0.000000 0.000000 
2225 0.000000 0.000000 
2226 0.000000 0.000000 
2227 0.000000 0.000000 
2228 0.000000 0.000000 
2229 0.000000 0.000000 
2230 0.000000 0.000000 
2231 0.000000 0.000000 
2232 0.000000 0.000000 
2233 0.000000 0.000000 
2234 0.000000 0.000000 
2235 0.000000 0.000000 
2236 0.000000 0.000000 
2237 0.000000 0.000000 
2238 0.000000 0.000000 
2239 0.000000 0.000000 
2240 0.000000 0.000000 
2241 0.000000 0.000000 
2242 0.000000 0.000000 
2243 0.000000 0.000000 
2244 0.000000 0.000000 
2245 0.000000 0.000000 
2246 0.000000 0.000000 
2247 0.000000 0.000000 
2248 0.000000 0.000000 
2249 0.000000 0.000000 
2250 0.000000 0.000000 
2251 0.000000 0.000000 
2252 0.000000 0.000000 
2253 0.000000 0.000000 
2254 0.000000 0.000000 
2255 0.000000 0.000000 
2256 0.000000 0.000000 
2257 0.000000 0.000000 
2258 0.000000 0.000000 
2259 0.000000 0.000000 
2260 0.000000 0.000000 
2261 0.000000 0.000000 
2262 0.000000 0.000000 
2263 0.000000 0.000000 
2264 0.000000 0.000000 
2265 0.000000 0.000000 
2266 0.000000 0.000000 
2267 0.000000 0.000000 
2268 0.000000 0.000000 
2269 0.000000 0.000000 
2270 0.000000 0.000000 
2271 0.000000 0.000000 
2272 0.000000 0.000000 
2273 0.000000 0.000000 
2274 0.000000 0.000000 
2275 0.000000 0.000000 
2276 0.000000 0.000000 
2277 0.000000 0.000000 
2278 0.000000 0.000000 
2279 0.000000 0.000000 
2280 0.000000 0.000000 
2281 0.000000 0.000000 
2282 0.000000 0.000000 
2283 0.000000 0.000000 
2284 0.000000 0.000000 
2285 0.000000 0.000000 
2286 0.000000 0.000000 
2287 0.000000 0.000000 
2288 0.000000 0.000000 
2289 0.000000 0.000000 
2290 0.000000 0.000000 
2291 0.000000 0.000000 
2292 0.000000 0.000000 
2293 0.000000 0.000000 
2294 0.000000 0.000000 
2295 0.000000 0.000000 
2296 0.000000 0.000000 
2297 0.000000 0.000000 
2298 0.000000 0.000000 
2299 0.000000 0.000000 
2300 0.000000 0.000000 
2301 0.000000 0.000000 
2302 0.000000 0.000000 
2303 0.000000 0.000000 
2304 0.000000 0.000000 
2305 0.000000 0.000000 
2306 0.000000 0.000000 
2307 0.000000 0.000000 
2308 0.000000 0.000000 
2309 0.000000 0.000000 
2310 0.000000 0.000000 
2311 0.000000 0.000000 
2312 0.000000 0.000000 
2313 0.000000 0.000000 
2314 0.000000 0.000000 
2315 0.000000 0.000000 
2316 0.000000 0.000000 
2317 0.000000 0.000000 
2318 0.000000 0.000000 
2319 0.000000 0.000000 
2320 0.000000 0.000000 
2321 0.000000 0.000000 
2322 0.000000 0.000000 
2323 0.000000 0.000000 
2324 0.000000 0.000000 
2325 0.000000 0.000000 
2326 0.000000 0.000000 
2327 0.000000 0.000000 
2328 0.000000 0.000000 
2329 0.000000 0.000000 
2330 0.000000 0.000000 
2331 0.000000 0.000000 
2332 0.000000 0.000000 
2333 0.000000 0.000000 
2334 0.000000 0.000000 
2335 0.000000 0.000000 
2336 0.000000 0.000000 
2337 0.000000 0.000000 
2338 0.000000 0.000000 
2339 0.000000 0.000000 
2340 0.000000 0.000000 
2341 0.000000 0.000000 
2342 0.000000 0.000000 
2343 0.000000 0.000000 
2344 0.000000 0.000000 
2345 0.000000 0.000000 
2346 0.000000 0.000000 
2347 0.000000 0.000000 
2348 0.000000 0.000000 
2349 0.000000 0.000000 
2350 0.000000 0.000000 
2351 0.000000 0.000000 
2352 0.000000 0.000000 
2353 0.000000 0.000000 
2354 0.000000 0.000000 
2355 0.000000 0.000000 
2356 0.000000 0.000000 
2357 0.000000 0.000000 
2358 0.000000 0.000000 
2359 0.000000 0.000000 
2360 0.000000 0.000000 
2361 0.000000 0.000000 
2362 0.000000 0.000000 
2363 0.000000 0.000000 
2364 0.000000 0.000000 
2365 0.000000 0.000000 
2366 0.000000 0.000000 
2367 0.000000 0.000000 
2368 0.000000 0.000000 
2369 0.000000 0.000000 
2370 0.000000 0.000000 
2371 0.000000 0.000000 
2372 0.000000 0.000000 
2373 0.000000 0.000000 
2374 0.000000 0.000000 
2375 0.000000 0.000000 
2376 0.000000 0.000000 
2377 0.000000 0.000000 
2378 0.000000 0.000000 
2379 0.000000 0.000000 
2380 0.000000 0.000000 
2381 0.000000 0.000000 
2382 0.000000 0.000000 
2383 0.000000 0.000000 
2384 0.000000 0.000000 
2385 0.000000 0.000000 
2386 0.000000 0.000000 
2387 0.000000 0.000000 
2388 0.000000 0.000000 
2389 0.000000 0.000000 
2390 0.000000 0.000000 
2391 0.000000 0.000000 
2392 0.000000 0.000000 
2393 0.000000 0.000000 
2394 0.000000 0.000000 
2395 0.000000 0.000000 
2396 0.000000 0.000000 
2397 0.000000 0.000000 
2398 0.000000 0.000000 
2399 0.000000 0.000000 
2400 0.000000 0.000000 
2401 0.000000 0.000000 
2402 0.000000 0.000000 
2403 0.000000 0.000000 
2404 0.000000 0.000000 
2405 0.000000 0.000000 
2406 0.000000 0.000000 
2407 0.000000 0.000000 
2408 0.000000 0.000000 
2409 0.000000 0.000000 
2410 0.000000 0.000000 
2411 0.000000 0.000000 
2412 0.000000 0.000000 
2413 0.000000 0.000000 
2414 0.000000 0.000000 
2415 0.000000 0.000000 
2416 0.000000 0.000000 
2417 0.000000 0.000000 
2418 0.000000 0.000000 
2419 0.000000 0.000000 
2420 0.000000 0.000000 
2421 0.000000 0.000000 
2422 0.000000 0.000000 
2423 0.000000 0.000000 
2424 0.000000 0.000000 
2425 0.000000 0.000000 
2426 0.000000 0.000000 
2427 0.000000 0.000000 
2428 0.000000 0.000000 
2429 0.000000 0.000000 
2430 0.000000 0.000000 
2431 0.000000 0.000000 
2432 0.000000 0.000000 
2433 0.000000 0.000000 
2434 0.000000 0.000000 
2435 0.000000 0.000000 
2436 0.000000 0.000000 
2437 0.000000 0.000000 
2438 0.000000 0.000000 
2439 0.000000 0.000000 
2440 0.000000 0.000000 
2441 0.000000 0.000000 
2442 0.000000 0.000000 
2443 0.000000 0.000000 
2444 0.000000 0.000000 
2445 0.000000 0.000000 
2446 0.000000 0.000000 
2447 0.000000 0.000000 
2448 0.000000 0.000000 
2449 0.000000 0.000000 
2450 0.000000 0.000000 
2451 0.000000 0.000000 
2452 0.000000 0.000000 
2453 0.000000 0.000000 
2454 0.000000 0.000000 
2455 0.000000 0.000000 
2456 0.000000 0.000000 
2457 0.000000 0.000000 
2458 0.000000 0.000000 
2459 0.000000 0.000000 
2460 0.000000 0.000000 
2461 0.000000 0.000000 
2462 0.000000 0.000000 
2463 0.000000 0.000000 
2464 0.000000 0.000000 
2465 0.000000 0.000000 
2466 0.000000 0.000000 
2467 0.000000 0.000000 
2468 0.000000 0.000000 
2469 0.000000 0.000000 
2470 0.000000 0.000000 
2471 0.000000 0.000000 
2472 0.000000 0.000000 
2473 0.000000 0.000000 
2474 0.000000 0.000000 
2475 0.000000 0.000000 
2476 0.000000 0.000000 
2477 0.000000 0.000000 
2478 0.000000 0.000000 
2479 0.000000 0.000000 
2480 0.000000 0.000000 
2481 0.000000 0.000000 
2482 0.000000 0.000000 
2483 0.000000 0.000000 
2484 0.000000 0.000000 
2485 0.000000 0.000000 
2486 0.000000 0.000000 
2487 0.000000 0.000000 
2488 0.000000 0.000000 
2489 0.000000 0.000000 
2490 0.000000 0.000000 
2491 0.000000 0.000000 
2492 0.000000 0.000000 
2493 0.000000 0.000000 
2494 0.000000 0.000000 
2495 0.000000 0.000000 
2496 0.000000 0.000000 
2497 0.000000 0.000000 
2498 0.000000 0.000000 
2499 0.000000 0.000000 
2500 0.000000 0.000000 
2501 0.000000 0.000000 
2502 0.000000 0.000000 
2503 0.000000 0.000000 
2504 0.000000 0.000000 
2505 0.000000 0.000000 
2506 0.000000 0.000000 
2507 0.000000 0.000000 
2508 0.000000 0.000000 
2509 0.000000 0.000000 
2510 0.000000 0.000000 
2511 0.000000 0.000000 
2512 0.000000 0.000000 
2513 0.000000 0.000000 
2514 0.000000 0.000000 
2515 0.000000 0.000000 
2516 0.000000 0.000000 
2517 0.000000 0.000000 
2518 0.000000 0.000000 
2519 0.000000 0.000000 
2520 0.000000 0.000000 
2521 0.000000 0.000000 
2522 0.000000 0.000000 
2523 0.000000 0.000000 
2524 0.000000 0.000000 
2525 0.000000 0.000000 
2526 0.000000 0.000000 
2527 0.000000 0.000000 
2528 0.000000 0.000000 
2529 0.000000 0.000000 
2530 0.000000 0.000000 
2531 0.000000 0.000000 
2532 0.000000 0.000000 
2533 0.000000 0.000000 
2534 0.000000 0.000000 
2535 0.000000 0.000000 
2536 0.000000 0.000000 
2537 0.000000 0.000000 
2538 0.000000 0.000000 
2539 0.000000 0.000000 
2540 0.000000 0.000000 
2541 0.000000 0.000000 
2542 0.000000 0.000000 
2543 0.000000 0.000000 
2544 0.000000 0.000000 
2545 0.000000 0.000000 
2546 0.000000 0.000000 
2547 0.000000 0.000000 
2548 0.000000 0.000000 
2549 0.000000 0.000000 
2550 0.000000 0.000000 
2551 0.000000 0.000000 
2552 0.000000 0.000000 
2553 0.000000 0.000000 
2554 0.000000 0.000000 
2555 0.000000 0.000000 
2556 0.000000 0.000000 
2557 0.000000 0.000000 
2558 0.000000 0.000000 
2559 0.000000 0.000000 
2560 0.000000 0.000000 
2561 0.000000 0.000000 
2562 0.000000 0.000000 
2563 0.000000 0.000000 
2564 0.000000 0.000000 
2565 0.000000 0.000000 
2566 0.000000 0.000000 
2567 0.000000 0.000000 
2568 0.000000 0.000000 
2569 0.000000 0.000000 
2570 0.000000 0.000000 
2571 0.000000 0.000000 
2572 0.000000 0.000000 
2573 0.000000 0.000000 
2574 0.000000 0.000000 
2575 0.000000 0.000000 
2576 0.000000 0.000000 
2577 0.000000 0.000000 
2578 0.000000 0.000000 
2579 0.000000 0.000000 
2580 0.000000 0.000000 
2581 0.000000 0.000000 
2582 0.000000 0.000000 
2583 0.000000 0.000000 
2584 0.000000 0.000000 
2585 0.000000 0.000000 
2586 0.000000 0.000000 
2587 0.000000 0.000000 
2588 0.000000 0.000000 
2589 0.000000 0.000000 
2590 0.000000 0.000000 
2591 0.000000 0.000000 
2592 0.000000 0.000000 
2593 0.000000 0.000000 
2594 0.000000 0.000000 
2595 0.000000 0.000000 
2596 0.000000 0.000000 
2597 0.000000 0.000000 
2598 0.000000 0.000000 
2599 0.000000 0.000000 
2600 0.000000 0.000000 
2601 0.000000 0.000000 
2602 0.000000 0.000000 
2603 0.000000 0.000000 
2604 0.000000 0.000000 
2605 0.000000 0.000000 
2606 0.000000 0.000000 
2607 0.000000 0.000000 
2608 0.000000 0.000000 
2609 0.000000 0.000000 
2610 0.000000 0.000000 
2611 0.000000 0.000000 
2612 0.000000 0.000000 
2613 0.000000 0.000000 
2614 0.000000 0.000000 
2615 0.000000 0.000000 
2616 0.000000 0.000000 
2617 0.000000 0.000000 
2618 0.000000 0.000000 
2619 0.000000 0.000000 
2620 0.000000 0.000000 
2621 0.000000 0.000000 
2622 0.000000 0.000000 
2623 0.000000 0.000000 
2624 0.000000 0.000000 
2625 0.000000 0.000000 
2626 0.000000 0.000000 
2627 0.000000 0.000000 
2628 0.000000 0.000000 
2629 0.000000 0.000000 
2630 0.000000 0.000000 
2631 0.000000 0.000000 
2632 0.000000 0.000000 
2633 0.000000 0.000000 
2634 0.000000 0.000000 
2635 0.000000 0.000000 
2636 0.000000 0.000000 
2637 0.000000 0.000000 
2638 0.000000 0.000000 
2639 0.000000 0.000000 
2640 0.000000 0.000000 
2641 0.000000 0.000000 
2642 0.000000 0.000000 
2643 0.000000 0.000000 
2644 0.000000 0.000000 
2645 0.000000 0.000000 
2646 0.000000 0.000000 
2647 0.000000 0.000000 
2648 0.000000 0.000000 
2649 0.000000 0.000000 
2650 0.000000 0.000000 
2651 0.000000 0.000000 
2652 0.000000 0.000000 
2653 0.000000 0.000000 
2654 0.000000 0.000000 
2655 0.000001 0.000000 
2656 0.000001 0.000000 
2657 0.000001 0.000000 
2658 0.000001 0.000000 
2659 0.000001 0.000000 
2660 0.000001 0.000000 
2661 0.000001 0.000000 
2662 0.000001 0.000000 
2663 0.000001 0.000000 
2664 0.000001 0.000000 
2665 0.000001 0.000000 
2666 0.000001 0.000000 
2667 0.000001 0.000000 
2668 0.000001 0.000000 
2669 0.000001 0.000000 
2670 0.000001 0.000000 
2671 0.000001 0.000000 
2672 0.000001 0.000000 
2673 0.000001 0.000000 
2674 0.000001 0.000000 
2675 0.000001 0.000000 
2676 0.000001 0.000000 
2677 0.000001 0.000000 
2678 0.000001 0.000000 
2679 0.000002 0.000000 
2680 0.000002 0.000000 
2681 0.000002 0.000000 
2682 0.000002 0.000000 
2683 0.000002 0.000000 
2684 0.000002 0.000000 
2685 0.000002 0.000000 
2686 0.000002 0.000000 
2687 0.000002 0.000000 
2688 0.000002 0.000000 
2689 0.000002 0.000000 
2690 0.000002 0.000000 
2691 0.000003 0.000000 
2692 0.000003 0.000000 
2693 0.000003 0.000000 
2694 0.000003 0.000000 
2695 0.000003 0.000000 
2696 0.000003 0.000000 
2697 0.000003 0.000000 
2698 0.000003 0.000000 
2699 0.000004 0.000000 
2700 0.000004 0.000000 
2701 0.000004 0.000000 
2702 0.000004 0.000000 
2703 0.000004 0.000000 
2704 0.000004 0.000000 
2705 0.000005 0.000000 
2706 0.000005 0.000000 
2707 0.000005 0.000000 
2708 0.000005 0.000000 
2709 0.000006 0.000000 
2710 0.000006 0.000000 
2711 0.000006 0.000000 
2712 0.000006 0.000000 
2713 0.000007 0.000000 
2714 0.000007 0.000000 
2715 0.000007 0.000000 
2716 0.000007 0.000000 
2717 0.000008 0.000000 
2718 0.000008 0.000000 
2719 0.000008 0.000000 
2720 0.000009 0.000000 
2721 0.000009 0.000000 
2722 0.000009 0.000000 
2723 0.000010 0.000000 
2724 0.000010 0.000000 
2725 0.000011 0.000000 
2726 0.000011 0.000000 
2727 0.000012 0.000000 
2728 0.000012 0.000000 
2729 0.000013 0.000000 
2730 0.000013 0.000000 
2731 0.000014 0.000000 
2732 0.000014 0.000000 
2733 0.000015 0.000000 
2734 0.000016 0.000000 
2735 0.000016 0.000000 
2736 0.000017 0.000000 
2737 0.000018 0.000000 
2738 0.000018 0.000000 
2739 0.000019 0.000000 
2740 0.000020 0.000000 
2741 0.000021 0.000000 
2742 0.000022 0.000000 
2743 0.000022 0.000000 
2744 0.000023 0.000000 
2745 0.000024 0.000000 
2746 0.000025 0.000000 
2747 0.000026 0.000000 
2748 0.000027 0.000000 
2749 0.000028 0.000000 
2750 0.000030 0.000000 
2751 0.000031 0.000000 
2752 0.000032 0.000000 
2753 0.000033 0.000000 
2754 0.000035 0.000000 
2755 0.000036 0.000000 
2756 0.000038 0.000000 
2757 0.000039 0.000000 
2758 0.000041 0.000000 
2759 0.000042 0.000000 
2760 0.000044 0.000000 
2761 0.000046 0.000000 
2762 0.000048 0.000000 
2763 0.000049 0.000000 
2764 0.000051 0.000000 
2765 0.000053 0.000000 
2766 0.000056 0.000000 
2767 0.000058 0.000000 
2768 0.000060 0.000000 
2769 0.000062 0.000000 
2770 0.000065 0.000000 
2771 0.000067 0.000000 
2772 0.000070 0.000000 
2773 0.000073 0.000000 
2774 0.000076 0.000000 
2775 0.000079 0.000000 
2776 0.000082 0.000000 
2777 0.000085 0.000000 
2778 0.000088 0.000000 
2779 0.000091 0.000000 
2780 0.000095 0.000000 
2781 0.000099 0.000000 
2782 0.000102 0.000000 
2783 0.000106 0.000000 
2784 0.000111 0.000000 
2785 0.000115 0.000000 
2786 0.000119 0.000000 
2787 0.000124 0.000000 
2788 0.000128 0.000000 
2789 0.000133 0.000000 
2790 0.000138 0.000000 
2791 0.000144 0.000000 
2792 0.000149 0.000000 
2793 0.000155 0.000000 
2794 0.000161 0.000000 
2795 0.000167 0.000000 
2796 0.000173 0.000000 
2797 0.000180 0.000000 
2798 0.000186 0.000000 
2799 0.000193 0.000000 
2800 0.000200 0.000000 
2801 0.000208 0.000000 
2802 0.000216 0.000000 
2803 0.000224 0.000000 
2804 0.000232 0.000000 
2805 0.000241 0.000000 
2806 0.000250 0.000000 
2807 0.000259 0.000000 
2808 0.000268 0.000000 
2809 0.000278 0.000000 
2810 0.000289 0.000000 
2811 0.000299 0.000000 
2812 0.000310 0.000000 
2813 0.000321 0.000000 
2814 0.000333 0.000000 
2815 0.000345 0.000000 
2816 0.000358 0.000000 
2817 0.000371 0.000000 
2818 0.000384 0.000000 
2819 0.000398 0.000000 
2820 0.000413 0.000000 
2821 0.000428 0.000000 
2822 0.000443 0.000000 
2823 0.000459 0.000000 
2824 0.000476 0.000000 
2825 0.000493 0.000000 
2826 0.000510 0.000000 
2827 0.000528 0.000000 
2828 0.000547 0.000000 
2829 0.000567 0.000000 
2830 0.000587 0.000000 
2831 0.000608 0.000000 
2832 0.000629 0.000000 
2833 0.000651 0.000000 
2834 0.000674 0.000000 
2835 0.000698 0.000000 
2836 0.000723 0.000000 
2837 0.000748 0.000000 
2838 0.000774 0.000000 
2839 0.000801 0.000000 
2840 0.000829 0.000000 
2841 0.000858 0.000000 
2842 0.000888 0.000000 
2843 0.000919 0.000000 
2844 0.000951 0.000000 
2845 0.000984 0.000000 
2846 0.001018 0.000000 
2847 0.001053 0.000000 
2848 0.001089 0.000000 
2849 0.001126 0.000000 
2850 0.001165 0.000000 
2851 0.001205 0.000000 
2852 0.001246 0.000000 
2853 0.001288 0.000000 
2854 0.001332 0.000000 
2855 0.001377 0.000000 
2856 0.001424 0.000000 
2857 0.001472 0.000000 
2858 0.001522 0.000000 
2859 0.001573 0.000000 
2860 0.001626 0.000000 
2861 0.001681 0.000000 
2862 0.001737 0.000000 
2863 0.001795 0.000000 
2864 0.001855 0.000000 
2865 0.001917 0.000000 
2866 0.001981 0.000000 
2867 0.002047 0.000000 
2868 0.002114 0.000000 
2869 0.002184 0.000000 
2870 0.002256 0.000000 
2871 0.002331 0.000000 
2872 0.002407 0.000000 
2873 0.002486 0.000000 
2874 0.002568 0.000000 
2875 0.002652 0.000000 
2876 0.002738 0.000000 
2877 0.002828 0.000000 
2878 0.002920 0.000000 
2879 0.003014 0.000000 
2880 0.003112 0.000000 
2881 0.003212 0.000000 
2882 0.003316 0.000000 
2883 0.003423 0.000000 
2884 0.003533 0.000000 
2885 0.003646 0.000000 
2886 0.003763 0.000000 
2887 0.003883 0.000000 
2888 0.004007 0.000000 
2889 0.004134 0.000000 
2890 0.004265 0.000000 
2891 0.004401 0.000000 
2892 0.004540 0.000000 
2893 0.004683 0.000000 
2894 0.004831 0.000000 
2895 0.004982 0.000000 
2896 0.005139 0.000000 
2897 0.005300 0.000000 
2898 0.005465 0.000000 
2899 0.005636 0.000000 
2900 0.005811 0.000000 
2901 0.005991 0.000000 
2902 0.006177 0.000000 
2903 0.006368 0.000000 
2904 0.006565 0.000000 
2905 0.006767 0.000000 
2906 0.006975 0.000000 
2907 0.007189 0.000000 
2908 0.007409 0.000000 
2909 0.007636 0.000000 
2910 0.007868 0.000000 
2911 0.008108 0.000000 
2912 0.008354 0.000000 
2913 0.008607 0.000000 
2914 0.008868 0.000000 
2915 0.009135 0.000000 
2916 0.009410 0.000000 
2917 0.009693 0.000000 
2918 0.009984 0.000000 
2919 0.010282 0.000000 
2920 0.010590 0.000000 
2921 0.010905 0.000000 
2922 0.011229 0.000000 
2923 0.011563 0.000000 
2924 0.011905 0.000000 
2925 0.012257 0.000000 
2926 0.012618 0.000000 
2927 0.012989 0.000000 
2928 0.013371 0.000000 
2929 0.013763 0.000000 
2930 0.014165 0.000000 
2931 0.014578 0.000000 
2932 0.015002 0.000000 
2933 0.015438 0.000000 
2934 0.015886 0.000000 
2935 0.016345 0.000000 
2936 0.016817 0.000000 
2937 0.017301 0.000000 
2938 0.017798 0.000000 
2939 0.018308 0.000000 
2940 0.018832 0.000000 
2941 0.019370 0.000000 
2942 0.019921 0.000000 
2943 0.020487 0.000000 
2944 0.021068 0.000000 
2945 0.021664 0.000000 
2946 0.022276 0.000000 
2947 0.022903 0.000000 
2948 0.023547 0.000000 
2949 0.024207 0.000000 
2950 0.024884 0.000000 
2951 0.025579 0.000000 
2952 0.026292 0.000000 
2953 0.027022 0.000000 
2954 0.027771 0.000000 
2955 0.028540 0.000000 
2956 0.029327 0.000000 
2957 0.030135 0.000000 
2958 0.030963 0.000000 
2959 0.031812 0.000000 
2960 0.032682 0.000000 
2961 0.033574 0.000000 
2962 0.034488 0.000000 
2963 0.035425 0.000000 
2964 0.036385 0.000000 
2965 0.037368 0.000000 
2966 0.038376 0.000000 
2967 0.039409 0.000000 
2968 0.040467 0.000000 
2969 0.041551 0.000000 
2970 0.042661 0.000000 
2971 0.043799 0.000000 
2972 0.044964 0.000000 
2973 0.046157 0.000000 
2974 0.047379 0.000000 
2975 0.048630 0.000000 
2976 0.049911 0.000000 
2977 0.051223 0.000000 
2978 0.052566 0.000000 
2979 0.053942 0.000000 
2980 0.055349 0.000000 
2981 0.056790 0.000000 
2982 0.058265 0.000000 
2983 0.059775 0.000000 
2984 0.061320 0.000000 
2985 0.062901 0.000000 
2986 0.064518 0.000000 
2987 0.066174 0.000000 
2988 0.067868 0.000000 
2989 0.069601 0.000000 
2990 0.071373 0.000000 
2991 0.073187 0.000000 
2992 0.075042 0.000000 
2993 0.076939 0.000000 
2994 0.078879 0.000000 
2995 0.080864 0.000000 
2996 0.082893 0.000000 
2997 0.084968 0.000000 
2998 0.087089 0.000000 
2999 0.089258 0.000000 
3000 0.091476 0.000000 
3001 0.093743 0.000000 
3002 0.096060 0.000000 
3003 0.098429 0.000000 
3004 0.100849 0.000000 
3005 0.103323 0.000000 
3006 0.105851 0.000000 
3007 0.108435 0.000000 
3008 0.111074 0.000000 
3009 0.113771 0.000000 
3010 0.116527 0.000000 
3011 0.119342 0.000000 
3012 0.122217 0.000000 
3013 0.125154 0.000000 
3014 0.128154 0.000000 
3015 0.131217 0.000000 
3016 0.134346 0.000000 
3017 0.137541 0.000000 
3018 0.140803 0.000000 
3019 0.144134 0.000000 
3020 0.147534 0.000000 
3021 0.151006 0.000000 
3022 0.154549 0.000000 
3023 0.158167 0.000000 
3024 0.161859 0.000000 
3025 0.165627 0.000000 
3026 0.169473 0.000000 
3027 0.173397 0.000000 
3028 0.177401 0.000000 
3029 0.181487 0.000000 
3030 0.185655 0.000000 
3031 0.189907 0.000000 
3032 0.194246 0.000000 
3033 0.198671 0.000000 
3034 0.203184 0.000000 
3035 0.207787 0.000000 
3036 0.212482 0.000000 
3037 0.217269 0.000000 
3038 0.222151 0.000000 
3039 0.227128 0.000000 
3040 0.232203 0.000000 
3041 0.237377 0.000000 
3042 0.242651 0.000000 
3043 0.248027 0.000000 
3044 0.253507 0.000000 
3045 0.259092 0.000000 
3046 0.264784 0.000000 
3047 0.270584 0.000000 
3048 0.276495 0.000000 
3049 0.282517 0.000000 
3050 0.288653 0.000000 
3051 0.294905 0.000000 
3052 0.301273 0.000000 
3053 0.307760 0.000000 
3054 0.314367 0.000000 
3055 0.321097 0.000000 
3056 0.327951 0.000000 
3057 0.334930 0.000000 
3058 0.342037 0.000000 
3059 0.349274 0.000000 
3060 0.356642 0.000000 
3061 0.364143 0.000000 
3062 0.371779 0.000000 
3063 0.379552 0.000000 
3064 0.387464 0.000000 
3065 0.395517 0.000000 
3066 0.403713 0.000000 
3067 0.412053 0.000000 
3068 0.420540 0.000000 
3069 0.429175 0.000000 
3070 0.437961 0.000000 
3071 0.446899 0.000000 
3072 0.455992 0.000000 
3073 0.465242 0.000000 
3074 0.474650 0.000000 
3075 0.484219 0.000000 
3076 0.493951 0.000000 
3077 0.503847 0.000000 
3078 0.513910 0.000000 
3079 0.524143 0.000000 
3080 0.534546 0.000000 
3081 0.545122 0.000000 
3082 0.555874 0.000000 
3083 0.566804 0.000000 
3084 0.577912 0.000000 
3085 0.589203 0.000000 
3086 0.600678 0.000000 
3087 0.612338 0.000000 
3088 0.624187 0.000000 
3089 0.636226 0.000000 
3090 0.648458 0.000000 
3091 0.660884 0.000000 
3092 0.673508 0.000000 
3093 0.686330 0.000000 
3094 0.699355 0.000000 
3095 0.712582 0.000000 
3096 0.726016 0.000000 
3097 0.739657 0.000000 
3098 0.753509 0.000000 
3099 0.767574 0.000000 
3100 0.781853 0.000000 
3101 0.796349 0.000000 
3102 0.811064 0.000000 
3103 0.826001 0.000000 
3104 0.841162 0.000000 
3105 0.856548 0.000000 
3106 0.872163 0.000000 
3107 0.888008 0.000000 
3108 0.904085 0.000000 
3109 0.920398 0.000000 
3110 0.936947 0.000000 
3111 0.953736 0.000000 
3112 0.970767 0.000000 
3113 0.988041 0.000000 
3114 1.005561 0.000000 
3115 1.023329 0.000000 
3116 1.041347 0.000000 
3117 1.059618 0.000000 
3118 1.078144 0.000000 
3119 1.096927 0.000000 
3120 1.115968 0.000000 
3121 1.135271 0.000000 
3122 1.154837 0.000000 
3123 1.174669 0.000000 
3124 1.194768 0.000000 
3125 1.215137 0.000000 
3126 1.235777 0.000000 
3127 1.256692 0.000000 
3128 1.277882 0.000000 
3129 1.299350 0.000000 
3130 1.321098 0.000000 
3131 1.343128 0.000000 
3132 1.365442 0.000000 
3133 1.388042 0.000000 
3134 1.410929 0.000000 
3135 1.434107 0.000000 
3136 1.457576 0.000000 
3137 1.481339 0.000000 
3138 1.505397 0.000000 
3139 1.529752 0.000000 
3140 1.554406 0.000000 
3141 1.579362 0.000000 
3142 1.604619 0.000000 
3143 1.630181 0.000000 
3144 1.656050 0.000000 
3145 1.682225 0.000000 
3146 1.708711 0.000000 
3147 1.735507 0.000000 
3148 1.762615 0.000000 
3149 1.790038 0.000000 
3150 1.817776 0.000000 
3151 1.845831 0.000000 
3152 1.874205 0.000000 
3153 1.902899 0.000000 
3154 1.931913 0.000000 
3155 1.961251 0.000000 
3156 1.990912 0.000000 
3157 2.020898 0.000000 
3158 2.051211 0.000000 
3159 2.081851 0.000000 
3160 2.112819 0.000000 
3161 2.144118 0.000000 
3162 2.175747 0.000000 
3163 2.207707 0.000000 
3164 2.240000 0.000000 
3165 2.272627 0.000000 
3166 2.305588 0.000000 
3167 2.338884 0.000000 
3168 2.372516 0.000000 
3169 2.406485 0.000000 
3170 2.440790 0.000000 
3171 2.475434 0.000000 
3172 2.510416 0.000000 
3173 2.545736 0.000000 
3174 2.581396 0.000000 
3175 2.617395 0.000000 
3176 2.653734 0.000000 
3177 2.690414 0.000000 
3178 2.727433 0.000000 
3179 2.764793 0.000000 
3180 2.802493 0.000000 
3181 2.840534 0.000000 
3182 2.878916 0.000000 
3183 2.917637 0.000000 
3184 2.956699 0.000000 
3185 2.996100 0.000000 
3186 3.035841 0.000000 
3187 3.075922 0.000000 
3188 3.116341 0.000000 
3189 3.157098 0.000000 
3190 3.198192 0.000000 
3191 3.239624 0.000000 
3192 3.281392 0.000000 
3193 3.323495 0.000000 
3194 3.365933 0.000000 
3195 3.408704 0.000000 
3196 3.451808 0.000000 
3197 3.495243 0.000000 
3198 3.539008 0.000000 
3199 3.583103 0.000000 
3200 3.627525 0.000000 
3201 3.672273 0.000000 
3202 3.717347 0.000000 
3203 3.762743 0.000000 
3204 3.808461 0.000000 
3205 3.854499 0.000000 
3206 3.900855 0.000000 
3207 3.947528 0.000000 
3208 3.994514 0.000000 
3209 4.041813 0.000000 
3210 4.089422 0.000000 
3211 4.137339 0.000000 
3212 4.185561 0.000000 
3213 4.234087 0.000000 
3214 4.282914 0.000000 
3215 4.332038 0.000000 
3216 4.381459 0.000000 
3217 4.431172 0.000000 
3218 4.481176 0.000000 
3219 4.531467 0.000000 
3220 4.582042 0.000000 
3221 4.632898 0.000000 
3222 4.684033 0.000000 
3223 4.735443 0.000000 
3224 4.787124 0.000000 
3225 4.839073 0.000000 
3226 4.891287 0.000000 
3227 4.943763 0.000000 
3228 4.996496 0.000000 
3229 5.049483 0.000000 
3230 5.102719 0.000000 
3231 5.156202 0.000000 
3232 5.209927 0.000000 
3233 5.263891 0.000000 
3234 5.318087 0.000000 
3235 5.372514 0.000000 
3236 5.427166 0.000000 
3237 5.482038 0.000000 
3238 5.537127 0.000000 
3239 5.592428 0.000000 
3240 5.647936 0.000000 
3241 5.703646 0.000000 
3242 5.759553 0.000000 
3243 5.815653 0.000000 
3244 5.871941 0.000000 
3245 5.928411 0.000000 
3246 5.985058 0.000000 
3247 6.041877 0.000000 
3248 6.098863 0.000000 
3249 6.156009 0.000000 
3250 6.213312 0.000000 
3251 6.270764 0.000000 
3252 6.328361 0.000000 
3253 6.386097 0.000000 
3254 6.443965 0.000000 
3255 6.501960 0.000000 
3256 6.560076 0.000000 
3257 6.618307 0.000000 
3258 6.676647 0.000000 
3259 6.735089 0.000000 
3260 6.793628 0.000000 
3261 6.852256 0.000000 
3262 6.910968 0.000000 
3263 6.969757 0.000000 
3264 7.028616 0.000000 
3265 7.087540 0.000000 
3266 7.146520 0.000000 
3267 7.205550 0.000000 
3268 7.264624 0.000000 
3269 7.323735 0.000000 
3270 7.382875 0.000000 
3271 7.442038 0.000000 
3272 7.501216 0.000000 
3273 7.560402 0.000000 
3274 7.619590 0.000000 
3275 7.678772 0.000000 
3276 7.737940 0.000000 
3277 7.797088 0.000000 
3278 7.856207 0.000000 
3279 7.915291 0.000000 
3280 7.974331 0.000000 
3281 8.033321 0.000000 
3282 8.092253 0.000000 
3283 8.151118 0.000000 
3284 8.209910 0.000000 
3285 8.268620 0.000000 
3286 8.327241 0.000000 
3287 8.385765 0.000000 
3288 8.444183 0.000000 
3289 8.502489 0.000000 
3290 8.560675 0.000000 
3291 8.618731 0.000000 
3292 8.676651 0.000000 
3293 8.734426 0.000000 
3294 8.792048 0.000000 
3295 8.849509 0.000000 
3296 8.906801 0.000000 
3297 8.963916 0.000000 
3298 9.020846 0.000000 
3299 9.077582 0.000000 
3300 9.134117 0.000000 
3301 9.190441 0.000000 
3302 9.246548 0.000000 
3303 9.302429 0.000000 
3304 9.358075 0.000000 
3305 9.413478 0.000000 
3306 9.468630 0.000000 
3307 9.523524 0.000000 
3308 9.578150 0.000000 
3309 9.632500 0.000000 
3310 9.686566 0.000000 
3311 9.740340 0.000000 
3312 9.793814 0.000000 
3313 9.846980 0.000000 
3314 9.899829 0.000000 
3315 9.952352 0.000000 
3316 10.004543 0.000000 
3317 10.056393 0.000000 
3318 10.107893 0.000000 
3319 10.159036 0.000000 
3320 10.209813 0.000000 
3321 10.260217 0.000000 
3322 10.310239 0.000000 
3323 10.359871 0.000000 
3324 10.409106 0.000000 
3325 10.457936 0.000000 
3326 10.506352 0.000000 
3327 10.554347 0.000000 
3328 10.601913 0.000000 
3329 10.649042 0.000000 
3330 10.695726 0.000000 
3331 10.741959 0.000000 
3332 10.787731 0.000000 
3333 10.833037 0.000000 
3334 10.877867 0.000000 
3335 10.922215 0.000000 
3336 10.966073 0.000000 
3337 11.009434 0.000000 
3338 11.052291 0.000000 
3339 11.094636 0.000000 
3340 11.136462 0.000000 
3341 11.177762 0.000000 
3342 11.218530 0.000000 
3343 11.258758 0.000000 
3344 11.298439 0.000000 
3345 11.337567 0.000000 
3346 11.376134 0.000000 
3347 11.414135 0.000000 
3348 11.451562 0.000000 
3349 11.488410 0.000000 
3350 11.524671 0.000000 
3351 11.560340 0.000000 
3352 11.595410 0.000000 
3353 11.629876 0.000000 
3354 11.663730 0.000000 
3355 11.696968 0.000000 
3356 11.729583 0.000000 
3357 11.761570 0.000000 
3358 11.792923 0.000000 
3359 11.823636 0.000000 
3360 11.853705 0.000000 
3361 11.883123 0.000000 
3362 11.911886 0.000000 
3363 11.939988 0.000000 
3364 11.967425 0.000000 
3365 11.994191 0.000000 
3366 12.020282 0.000000 
3367 12.045693 0.000000 
3368 12.070419 0.000000 
3369 12.094457 0.000000 
3370 12.117802 0.000000 
3371 12.140449 0.000000 
3372 12.162394 0.000000 
3373 12.183634 0.000000 
3374 12.204165 0.000000 
3375 12.223983 0.000000 
3376 12.243084 0.000000 
3377 12.261465 0.000000 
3378 12.279123 0.000000 
3379 12.296054 0.000000 
3380 12.312256 0.000000 
3381 12.327725 0.000000 
3382 12.342458 0.000000 
3383 12.356454 0.000000 
3384 12.369709 0.000000 
3385 12.382220 0.000000 
3386 12.393987 0.000000 
3387 12.405005 0.000000 
3388 12.415275 0.000000 
3389 12.424793 0.000000 
3390 12.433557 0.000000 
3391 12.441567 0.000000 
3392 12.448821 0.000000 
3393 12.455317 0.000000 
3394 12.461054 0.000000 
3395 12.466032 0.000000 
3396 12.470249 0.000000 
3397 12.473704 0.000000 
3398 12.476398 0.000000 
3399 12.478328 0.000000 
3400 12.479496 0.000000 
3401 12.479900 0.000000 
3402 12.479541 0.000000 
3403 12.478419 0.000000 
3404 12.476534 0.000000 
3405 12.473886 0.000000 
3406 12.470476 0.000000 
3407 12.466305 0.000000 
3408 12.461372 0.000000 
3409 12.455680 0.000000 
3410 12.449229 0.000000 
3411 12.442020 0.000000 
3412 12.434055 0.000000 
3413 12.425335 0.000000 
3414 12.415861 0.000000 
3415 12.405636 0.000000 
3416 12.394662 0.000000 
3417 12.382939 0.000000 
3418 12.370471 0.000000 
3419 12.357260 0.000000 
3420 12.343307 0.000000 
3421 12.328617 0.000000 
3422 12.313190 0.000000 
3423 12.297031 0.000000 
3424 12.280142 0.000000 
3425 12.262526 0.000000 
3426 12.244186 0.000000 
3427 12.225126 0.000000 
3428 12.205349 0.000000 
3429 12.184859 0.000000 
3430 12.163659 0.000000 
3431 12.141753 0.000000 
3432 12.119145 0.000000 
3433 12.095839 0.000000 
3434 12.071840 0.000000 
3435 12.047152 0.000000 
3436 12.021778 0.000000 
3437 11.995724 0.000000 
3438 11.968995 0.000000 
3439 11.941594 0.000000 
3440 11.913528 0.000000 
3441 11.884800 0.000000 
3442 11.855417 0.000000 
3443 11.825382 0.000000 
3444 11.794703 0.000000 
3445 11.763383 0.000000 
3446 11.731429 0.000000 
3447 11.698846 0.000000 
3448 11.665640 0.000000 
3449 11.631816 0.000000 
3450 11.597381 0.000000 
3451 11.562341 0.000000 
3452 11.526701 0.000000 
3453 11.490469 0.000000 
3454 11.453649 0.000000 
3455 11.416249 0.000000 
3456 11.378276 0.000000 
3457 11.339734 0.000000 
3458 11.300632 0.000000 
3459 11.260976 0.000000 
3460 11.220773 0.000000 
3461 11.180029 0.000000 
3462 11.138752 0.000000 
3463 11.096948 0.000000 
3464 11.054625 0.000000 
3465 11.011789 0.000000 
3466 10.968449 0.000000 
3467 10.924611 0.000000 
3468 10.880282 0.000000 
3469 10.835470 0.000000 
3470 10.790183 0.000000 
3471 10.744428 0.000000 
3472 10.698212 0.000000 
3473 10.651543 0.000000 
3474 10.604429 0.000000 
3475 10.556878 0.000000 
3476 10.508897 0.000000 
3477 10.460494 0.000000 
3478 10.411677 0.000000 
3479 10.362453 0.000000 
3480 10.312832 0.000000 
3481 10.262820 0.000000 
3482 10.212426 0.000000 
3483 10.161658 0.000000 
3484 10.110524 0.000000 
3485 10.059031 0.000000 
3486 10.007188 0.000000 
3487 9.955004 0.000000 
3488 9.902486 0.000000 
3489 9.849642 0.000000 
3490 9.796480 0.000000 
3491 9.743010 0.000000 
3492 9.689239 0.000000 
3493 9.635175 0.000000 
3494 9.580826 0.000000 
3495 9.526201 0.000000 
3496 9.471308 0.000000 
3497 9.416155 0.000000 
3498 9.360751 0.000000 
3499 9.305103 0.000000 
3500 9.249220 0.000000 
3501 9.193110 0.000000 
3502 9.136782 0.000000 
3503 9.080243 0.000000 
3504 9.023502 0.000000 
3505 8.966567 0.000000 
3506 8.909446 0.000000 
3507 8.852147 0.000000 
3508 8.794679 0.000000 
3509 8.737049 0.000000 
3510 8.679265 0.000000 
3511 8.621336 0.000000 
3512 8.563270 0.000000 
3513 8.505075 0.000000 
3514 8.446758 0.000000 
3515 8.388328 0.000000 
3516 8.329792 0.000000 
3517 8.271159 0.000000 
3518 8.212436 0.000000 
3519 8.153631 0.000000 
3520 8.094751 0.000000 
3521 8.035805 0.000000 
3522 7.976801 0.000000 
3523 7.917745 0.000000 
3524 7.858645 0.000000 
3525 7.799509 0.000000 
3526 7.740345 0.000000 
3527 7.681159 0.000000 
3528 7.621959 0.000000 
3529 7.562753 0.000000 
3530 7.503548 0.000000 
3531 7.444351 0.000000 
3532 7.385169 0.000000 
3533 7.326008 0.000000 
3534 7.266878 0.000000 
3535 7.207783 0.000000 
3536 7.148731 0.000000 
3537 7.089730 0.000000 
3538 7.030785 0.000000 
3539 6.971904 0.000000 
3540 6.913092 0.000000 
3541 6.854358 0.000000 
3542 6.795706 0.000000 
3543 6.737144 0.000000 
3544 6.678678 0.000000 
3545 6.620314 0.000000 
3546 6.562059 0.000000 
3547 6.503918 0.000000 
3548 6.445898 0.000000 
3549 6.388005 0.000000 
3550 6.330244 0.000000 
3551 6.272622 0.000000 
3552 6.215143 0.000000 
3553 6.157815 0.000000 
3554 6.100642 0.000000 
3555 6.043630 0.000000 
3556 5.986784 0.000000 
3557 5.930111 0.000000 
3558 5.873614 0.000000 
3559 5.817299 0.000000 
3560 5.761172 0.000000 
3561 5.705237 0.000000 
3562 5.649500 0.000000 
3563 5.593965 0.000000 
3564 5.538636 0.000000 
3565 5.483520 0.000000 
3566 5.428619 0.000000 
3567 5.373940 0.000000 
3568 5.319485 0.000000 
3569 5.265260 0.000000 
3570 5.211269 0.000000 
3571 5.157516 0.000000 
3572 5.104005 0.000000 
3573 5.050740 0.000000 
3574 4.997725 0.000000 
3575 4.944964 0.000000 
3576 4.892460 0.000000 
3577 4.840218 0.000000 
3578 4.788240 0.000000 
3579 4.736531 0.000000 
3580 4.685093 0.000000 
3581 4.633931 0.000000 
3582 4.583046 0.000000 
3583 4.532443 0.000000 
3584 4.482125 0.000000 
3585 4.432093 0.000000 
3586 4.382352 0.000000 
3587 4.332904 0.000000 
3588 4.283752 0.000000 
3589 4.234898 0.000000 
3590 4.186345 0.000000 
3591 4.138096 0.000000 
3592 4.090152 0.000000 
3593 4.042516 0.000000 
3594 3.995191 0.000000 
3595 3.948178 0.000000 
3596 3.901479 0.000000 
3597 3.855097 0.000000 
3598 3.809033 0.000000 
3599 3.763289 0.000000 
3600 3.717866 0.000000 
3601 3.672768 0.000000 
3602 3.627994 0.000000 
3603 3.583547 0.000000 
3604 3.539427 0.000000 
3605 3.495637 0.000000 
3606 3.452177 0.000000 
3607 3.409049 0.000000 
3608 3.366254 0.000000 
3609 3.323792 0.000000 
3610 3.281666 0.000000 
3611 3.239874 0.000000 
3612 3.198420 0.000000 
3613 3.157302 0.000000 
3614 3.116522 0.000000 
3615 3.076081 0.000000 
3616 3.035979 0.000000 
3617 2.996216 0.000000 
3618 2.956792 0.000000 
3619 2.917709 0.000000 
3620 2.878967 0.000000 
3621 2.840564 0.000000 
3622 2.802503 0.000000 
3623 2.764782 0.000000 
3624 2.727402 0.000000 
3625 2.690363 0.000000 
3626 2.653664 0.000000 
3627 2.617306 0.000000 
3628 2.581288 0.000000 
3629 2.545610 0.000000 
3630 2.510271 0.000000 
3631 2.475271 0.000000 
3632 2.440610 0.000000 
3633 2.406287 0.000000 
3634 2.372301 0.000000 
3635 2.338652 0.000000 
3636 2.305339 0.000000 
3637 2.272362 0.000000 
3638 2.239719 0.000000 
3639 2.207411 0.000000 
3640 2.175435 0.000000 
3641 2.143791 0.000000 
3642 2.112478 0.000000 
3643 2.081494 0.000000 
3644 2.050840 0.000000 
3645 2.020514 0.000000 
3646 1.990514 0.000000 
3647 1.960839 0.000000 
3648 1.931489 0.000000 
3649 1.902462 0.000000 
3650 1.873756 0.000000 
3651 1.845370 0.000000 
3652 1.817303 0.000000 
3653 1.789553 0.000000 
3654 1.762119 0.000000 
3655 1.735000 0.000000 
3656 1.708193 0.000000 
3657 1.681698 0.000000 
3658 1.655512 0.000000 
3659 1.629634 0.000000 
3660 1.604062 0.000000 
3661 1.578795 0.000000 
3662 1.553831 0.000000 
3663 1.529168 0.000000 
3664 1.504804 0.000000 
3665 1.480738 0.000000 
3666 1.456968 0.000000 
3667 1.433491 0.000000 
3668 1.410307 0.000000 
3669 1.387412 0.000000 
3670 1.364805 0.000000 
3671 1.342485 0.000000 
3672 1.320449 0.000000 
3673 1.298695 0.000000 
3674 1.277221 0.000000 
3675 1.256025 0.000000 
3676 1.235106 0.000000 
3677 1.214460 0.000000 
3678 1.194087 0.000000 
3679 1.173983 0.000000 
3680 1.154148 0.000000 
3681 1.134578 0.000000 
3682 1.115271 0.000000 
3683 1.096226 0.000000 
3684 1.077440 0.000000 
3685 1.058911 0.000000 
3686 1.040638 0.000000 
3687 1.022616 0.000000 
3688 1.004846 0.000000 
3689 0.987324 0.000000 
3690 0.970048 0.000000 
3691 0.953016 0.000000 
3692 0.936225 0.000000 
3693 0.919674 0.000000 
3694 0.903361 0.000000 
3695 0.887282 0.000000 
3696 0.871437 0.000000 
3697 0.855821 0.000000 
3698 0.840435 0.000000 
3699 0.825274 0.000000 
3700 0.810337 0.000000 
3701 0.795622 0.000000 
3702 0.781126 0.000000 
3703 0.766848 0.000000 
3704 0.752784 0.000000 
3705 0.738933 0.000000 
3706 0.725292 0.000000 
3707 0.711860 0.000000 
3708 0.698633 0.000000 
3709 0.685611 0.000000 
3710 0.672790 0.000000 
3711 0.660168 0.000000 
3712 0.647743 0.000000 
3713 0.635514 0.000000 
3714 0.623477 0.000000 
3715 0.611630 0.000000 
3716 0.599972 0.000000 
3717 0.588500 0.000000 
3718 0.577212 0.000000 
3719 0.566106 0.000000 
3720 0.555180 0.000000 
3721 0.544431 0.000000 
3722 0.533857 0.000000 
3723 0.523457 0.000000 
3724 0.513228 0.000000 
3725 0.503169 0.000000 
3726 0.493276 0.000000 
3727 0.483548 0.000000 
3728 0.473982 0.000000 
3729 0.464578 0.000000 
3730 0.455332 0.000000 
3731 0.446243 0.000000 
3732 0.437309 0.000000 
3733 0.428527 0.000000 
3734 0.419896 0.000000 
3735 0.411414 0.000000 
3736 0.403078 0.000000 
3737 0.394887 0.000000 
3738 0.386839 0.000000 
3739 0.378931 0.000000 
3740 0.371162 0.000000 
3741 0.363531 0.000000 
3742 0.356034 0.000000 
3743 0.348671 0.000000 
3744 0.341439 0.000000 
3745 0.334337 0.000000 
3746 0.327362 0.000000 
3747 0.320514 0.000000 
3748 0.313789 0.000000 
3749 0.307186 0.000000 
3750 0.300705 0.000000 
3751 0.294341 0.000000 
3752 0.288095 0.000000 
3753 0.281964 0.000000 
3754 0.275947 0.000000 
3755 0.270042 0.000000 
3756 0.264246 0.000000 
3757 0.258560 0.000000 
3758 0.252980 0.000000 
3759 0.247505 0.000000 
3760 0.242134 0.000000 
3761 0.236865 0.000000 
3762 0.231697 0.000000 
3763 0.226628 0.000000 
3764 0.221655 0.000000 
3765 0.216779 0.000000 
3766 0.211997 0.000000 
3767 0.207308 0.000000 
3768 0.202710 0.000000 
3769 0.198202 0.000000 
3770 0.193782 0.000000 
3771 0.189449 0.000000 
3772 0.185202 0.000000 
3773 0.181039 0.000000 
3774 0.176958 0.000000 
3775 0.172959 0.000000 
3776 0.169040 0.000000 
3777 0.165200 0.000000 
3778 0.161437 0.000000 
3779 0.157750 0.000000 
3780 0.154138 0.000000 
3781 0.150599 0.000000 
3782 0.147133 0.000000 
3783 0.143738 0.000000 
3784 0.140412 0.000000 
3785 0.137155 0.000000 
3786 0.133965 0.000000 
3787 0.130841 0.000000 
3788 0.127783 0.000000 
3789 0.124788 0.000000 
3790 0.121856 0.000000 
3791 0.118986 0.000000 
3792 0.116176 0.000000 
3793 0.113425 0.000000 
3794 0.110733 0.000000 
3795 0.108098 0.000000 
3796 0.105519 0.000000 
3797 0.102996 0.000000 
3798 0.100527 0.000000 
3799 0.098111 0.000000 
3800 0.095747 0.000000 
3801 0.093434 0.000000 
3802 0.091172 0.000000 
3803 0.088959 0.000000 
3804 0.086794 0.000000 
3805 0.084677 0.000000 
3806 0.082606 0.000000 
3807 0.080581 0.000000 
3808 0.078601 0.000000 
3809 0.076665 0.000000 
3810 0.074772 0.000000 
3811 0.072922 0.000000 
3812 0.071112 0.000000 
3813 0.069344 0.000000 
3814 0.067615 0.000000 
3815 0.065925 0.000000 
3816 0.064274 0.000000 
3817 0.062660 0.000000 
3818 0.061083 0.000000 
3819 0.059542 0.000000 
3820 0.058036 0.000000 
3821 0.056565 0.000000 
3822 0.055128 0.000000 
3823 0.053724 0.000000 
3824 0.052352 0.000000 
3825 0.051013 0.000000 
3826 0.049704 0.000000 
3827 0.048427 0.000000 
3828 0.047179 0.000000 
3829 0.045960 0.000000 
3830 0.044771 0.000000 
3831 0.043609 0.000000 
3832 0.042475 0.000000 
3833 0.041368 0.000000 
3834 0.040287 0.000000 
3835 0.039232 0.000000 
3836 0.038203 0.000000 
3837 0.037198 0.000000 
3838 0.036217 0.000000 
3839 0.035260 0.000000 
3840 0.034326 0.000000 
3841 0.033415 0.000000 
3842 0.032526 0.000000 
3843 0.031659 0.000000 
3844 0.030813 0.000000 
3845 0.029988 0.000000 
3846 0.029183 0.000000 
3847 0.028398 0.000000 
3848 0.027633 0.000000 
3849 0.026886 0.000000 
3850 0.026158 0.000000 
3851 0.025448 0.000000 
3852 0.024756 0.000000 
3853 0.024081 0.000000 
3854 0.023423 0.000000 
3855 0.022782 0.000001 
3856 0.022157 0.000001 
3857 0.021548 0.000001 
3858 0.020954 0.000001 
3859 0.020375 0.000001 
3860 0.019812 0.000001 
3861 0.019262 0.000001 
3862 0.018727 0.000001 
3863 0.018205 0.000001 
3864 0.017697 0.000001 
3865 0.017202 0.000001 
3866 0.016720 0.000001 
3867 0.016250 0.000001 
3868 0.015793 0.000001 
3869 0.015347 0.000001 
3870 0.014913 0.000001 
3871 0.014491 0.000001 
3872 0.014079 0.000001 
3873 0.013679 0.000001 
3874 0.013289 0.000001 
3875 0.012909 0.000001 
3876 0.012540 0.000001 
3877 0.012180 0.000001 
3878 0.011830 0.000001 
3879 0.011489 0.000002 
3880 0.011157 0.000002 
3881 0.010835 0.000002 
3882 0.010521 0.000002 
3883 0.010215 0.000002 
3884 0.009918 0.000002 
3885 0.009629 0.000002 
3886 0.009347 0.000002 
3887 0.009074 0.000002 
3888 0.008807 0.000002 
3889 0.008548 0.000002 
3890 0.008297 0.000002 
3891 0.008052 0.000003 
3892 0.007813 0.000003 
3893 0.007582 0.000003 
3894 0.007357 0.000003 
3895 0.007138 0.000003 
3896 0.006925 0.000003 
3897 0.006718 0.000003 
3898 0.006517 0.000004 
3899 0.006322 0.000004 
3900 0.006132 0.000004 
3901 0.005947 0.000004 
3902 0.005767 0.000004 
3903 0.005593 0.000004 
3904 0.005424 0.000005 
3905 0.005259 0.000005 
3906 0.005099 0.000005 
3907 0.004944 0.000005 
3908 0.004793 0.000005 
3909 0.004646 0.000006 
3910 0.004504 0.000006 
3911 0.004366 0.000006 
3912 0.004231 0.000006 
3913 0.004101 0.000007 
3914 0.003974 0.000007 
3915 0.003851 0.000007 
3916 0.003732 0.000008 
3917 0.003616 0.000008 
3918 0.003503 0.000008 
3919 0.003394 0.000009 
3920 0.003288 0.000009 
3921 0.003185 0.000009 
3922 0.003085 0.000010 
3923 0.002988 0.000010 
3924 0.002894 0.000011 
3925 0.002803 0.000011 
3926 0.002714 0.000011 
3927 0.002628 0.000012 
3928 0.002545 0.000012 
3929 0.002464 0.000013 
3930 0.002386 0.000013 
3931 0.002310 0.000014 
3932 0.002236 0.000015 
3933 0.002164 0.000015 
3934 0.002095 0.000016 
3935 0.002028 0.000017 
3936 0.001962 0.000017 
3937 0.001899 0.000018 
3938 0.001838 0.000019 
3939 0.001778 0.000019 
3940 0.001720 0.000020 
3941 0.001665 0.000021 
3942 0.001610 0.000022 
3943 0.001558 0.000023 
3944 0.001507 0.000024 
3945 0.001458 0.000025 
3946 0.001410 0.000026 
3947 0.001364 0.000027 
3948 0.001319 0.000028 
3949 0.001275 0.000029 
3950 0.001233 0.000030 
3951 0.001192 0.000031 
3952 0.001153 0.000033 
3953 0.001115 0.000034 
3954 0.001077 0.000035 
3955 0.001042 0.000037 
3956 0.001007 0.000038 
3957 0.000973 0.000040 
3958 0.000941 0.000042 
3959 0.000909 0.000043 
3960 0.000878 0.000045 
3961 0.000849 0.000047 
3962 0.000820 0.000049 
3963 0.000793 0.000051 
3964 0.000766 0.000053 
3965 0.000740 0.000055 
3966 0.000715 0.000057 
3967 0.000690 0.000059 
3968 0.000667 0.000061 
3969 0.000644 0.000064 
3970 0.000622 0.000066 
3971 0.000601 0.000069 
3972 0.000580 0.000072 
3973 0.000560 0.000074 
3974 0.000541 0.000077 
3975 0.000522 0.000080 
3976 0.000504 0.000083 
3977 0.000487 0.000087 
3978 0.000470 0.000090 
3979 0.000453 0.000094 
3980 0.000438 0.000097 
3981 0.000422 0.000101 
3982 0.000408 0.000105 
3983 0.000393 0.000109 
3984 0.000380 0.000113 
3985 0.000366 0.000117 
3986 0.000353 0.000122 
3987 0.000341 0.000127 
3988 0.000329 0.000131 
3989 0.000317 0.000136 
3990 0.000306 0.000142 
3991 0.000295 0.000147 
3992 0.000285 0.000153 
3993 0.000275 0.000158 
3994 0.000265 0.000164 
3995 0.000255 0.000171 
3996 0.000246 0.000177 
3997 0.000237 0.000184 
3998 0.000229 0.000191 
3999 0.000221 0.000198 
4000 0.000213 0.000205 
