0 3.623091 3.668416 
1 3.578104 3.714075 
2 3.533454 3.760069 
3 3.489145 3.806395 
4 3.445176 3.853052 
5 3.401549 3.900037 
6 3.358266 3.947349 
7 3.315326 3.994986 
8 3.272731 4.042946 
9 3.230483 4.091227 
10 3.188580 4.139826 
11 3.147025 4.188741 
12 3.105818 4.237970 
13 3.064960 4.287510 
14 3.024450 4.337359 
15 2.984290 4.387514 
16 2.944479 4.437972 
17 2.905019 4.488730 
18 2.865908 4.539787 
19 2.827148 4.591137 
20 2.788738 4.642779 
21 2.750679 4.694709 
22 2.712969 4.746925 
23 2.675610 4.799421 
24 2.638601 4.852196 
25 2.601942 4.905245 
26 2.565631 4.958565 
27 2.529670 5.012153 
28 2.494058 5.066003 
29 2.458793 5.120113 
30 2.423876 5.174478 
31 2.389306 5.229095 
32 2.355082 5.283959 
33 2.321203 5.339065 
34 2.287669 5.394410 
35 2.254479 5.449989 
36 2.221632 5.505797 
37 2.189127 5.561830 
38 2.156963 5.618083 
39 2.125140 5.674551 
40 2.093655 5.731229 
41 2.062508 5.788113 
42 2.031698 5.845197 
43 2.001223 5.902476 
44 1.971082 5.959945 
45 1.941275 6.017598 
46 1.911798 6.075430 
47 1.882652 6.133435 
48 1.853835 6.191609 
49 1.825345 6.249944 
50 1.797181 6.308436 
51 1.769341 6.367079 
52 1.741824 6.425866 
53 1.714628 6.484791 
54 1.687751 6.543849 
55 1.661192 6.603033 
56 1.634948 6.662338 
57 1.609019 6.721755 
58 1.583403 6.781280 
59 1.558097 6.840906 
60 1.533100 6.900626 
61 1.508410 6.960433 
62 1.484025 7.020321 
63 1.459944 7.080283 
64 1.436163 7.140312 
65 1.412682 7.200401 
66 1.389498 7.260544 
67 1.366609 7.320732 
68 1.344014 7.380959 
69 1.321709 7.441218 
70 1.299694 7.501501 
71 1.277966 7.561801 
72 1.256522 7.622111 
73 1.235362 7.682423 
74 1.214482 7.742729 
75 1.193880 7.803023 
76 1.173555 7.863295 
77 1.153504 7.923540 
78 1.133725 7.983749 
79 1.114215 8.043913 
80 1.094973 8.104026 
81 1.075996 8.164079 
82 1.057282 8.224065 
83 1.038829 8.283975 
84 1.020634 8.343801 
85 1.002695 8.403536 
86 0.985010 8.463171 
87 0.967577 8.522698 
88 0.950393 8.582108 
89 0.933456 8.641394 
90 0.916764 8.700547 
91 0.900314 8.759560 
92 0.884104 8.818423 
93 0.868131 8.877128 
94 0.852395 8.935667 
95 0.836891 8.994031 
96 0.821618 9.052213 
97 0.806573 9.110203 
98 0.791755 9.167993 
99 0.777160 9.225574 
100 0.762787 9.282939 
101 0.748632 9.340078 
102 0.734695 9.396984 
103 0.720972 9.453647 
104 0.707462 9.510058 
105 0.694161 9.566211 
106 0.681068 9.622095 
107 0.668180 9.677702 
108 0.655495 9.733024 
109 0.643011 9.788052 
110 0.630725 9.842778 
111 0.618636 9.897193 
112 0.606740 9.951289 
113 0.595036 10.005056 
114 0.583521 10.058488 
115 0.572194 10.111574 
116 0.561051 10.164308 
117 0.550091 10.216679 
118 0.539311 10.268680 
119 0.528710 10.320303 
120 0.518285 10.371539 
121 0.508034 10.422380 
122 0.497954 10.472817 
123 0.488044 10.522843 
124 0.478301 10.572449 
125 0.468724 10.621626 
126 0.459310 10.670367 
127 0.450056 10.718664 
128 0.440962 10.766509 
129 0.432025 10.813893 
130 0.423242 10.860809 
131 0.414612 10.907249 
132 0.406132 10.953204 
133 0.397801 10.998668 
134 0.389617 11.043632 
135 0.381577 11.088089 
136 0.373680 11.132032 
137 0.365924 11.175452 
138 0.358306 11.218342 
139 0.350825 11.260695 
140 0.343479 11.302503 
141 0.336265 11.343760 
142 0.329183 11.384458 
143 0.322229 11.424590 
144 0.315403 11.464150 
145 0.308702 11.503129 
146 0.302125 11.541521 
147 0.295669 11.579320 
148 0.289333 11.616519 
149 0.283115 11.653112 
150 0.277014 11.689091 
151 0.271027 11.724450 
152 0.265153 11.759184 
153 0.259391 11.793286 
154 0.253737 11.826749 
155 0.248192 11.859569 
156 0.242752 11.891738 
157 0.237417 11.923252 
158 0.232185 11.954105 
159 0.227053 11.984290 
160 0.222022 12.013803 
161 0.217088 12.042638 
162 0.212251 12.070790 
163 0.207508 12.098255 
164 0.202859 12.125026 
165 0.198301 12.151099 
166 0.193834 12.176469 
167 0.189456 12.201132 
168 0.185165 12.225084 
169 0.180960 12.248319 
170 0.176840 12.270833 
171 0.172802 12.292623 
172 0.168846 12.313685 
173 0.164971 12.334014 
174 0.161174 12.353606 
175 0.157455 12.372459 
176 0.153812 12.390569 
177 0.150244 12.407932 
178 0.146749 12.424545 
179 0.143327 12.440405 
180 0.139976 12.455509 
181 0.136695 12.469854 
182 0.133483 12.483439 
183 0.130337 12.496259 
184 0.127258 12.508313 
185 0.124244 12.519599 
186 0.121294 12.530114 
187 0.118406 12.539856 
188 0.115580 12.548825 
189 0.112815 12.557017 
190 0.110108 12.564432 
191 0.107460 12.571067 
192 0.104869 12.576923 
193 0.102335 12.581997 
194 0.099855 12.586290 
195 0.097429 12.589799 
196 0.095056 12.592524 
197 0.092735 12.594466 
198 0.090465 12.595623 
199 0.088246 12.595995 
200 0.086075 12.595582 
201 0.083953 12.594385 
202 0.081877 12.592403 
203 0.079848 12.589638 
204 0.077865 12.586088 
205 0.075926 12.581756 
206 0.074031 12.576641 
207 0.072178 12.570746 
208 0.070368 12.564070 
209 0.068598 12.556616 
210 0.066869 12.548384 
211 0.065179 12.539376 
212 0.063529 12.529594 
213 0.061916 12.519040 
214 0.060340 12.507715 
215 0.058801 12.495622 
216 0.057297 12.482763 
217 0.055828 12.469140 
218 0.054394 12.454757 
219 0.052993 12.439614 
220 0.051625 12.423717 
221 0.050290 12.407066 
222 0.048985 12.389666 
223 0.047712 12.371520 
224 0.046469 12.352630 
225 0.045255 12.333001 
226 0.044070 12.312636 
227 0.042914 12.291539 
228 0.041785 12.269714 
229 0.040684 12.247164 
230 0.039609 12.223894 
231 0.038560 12.199909 
232 0.037536 12.175212 
233 0.036538 12.149808 
234 0.035563 12.123701 
235 0.034613 12.096897 
236 0.033686 12.069401 
237 0.032781 12.041217 
238 0.031899 12.012350 
239 0.031039 11.982806 
240 0.030200 11.952590 
241 0.029382 11.921707 
242 0.028584 11.890164 
243 0.027807 11.857965 
244 0.027048 11.825117 
245 0.026309 11.791625 
246 0.025588 11.757495 
247 0.024886 11.722734 
248 0.024201 11.687348 
249 0.023534 11.651343 
250 0.022883 11.614725 
251 0.022250 11.577500 
252 0.021632 11.539677 
253 0.021030 11.501260 
254 0.020444 11.462257 
255 0.019873 11.422675 
256 0.019316 11.382521 
257 0.018774 11.341801 
258 0.018246 11.300522 
259 0.017732 11.258693 
260 0.017231 11.216320 
261 0.016744 11.173410 
262 0.016269 11.129971 
263 0.015806 11.086010 
264 0.015356 11.041535 
265 0.014918 10.996554 
266 0.014491 10.951073 
267 0.014076 10.905102 
268 0.013671 10.858646 
269 0.013278 10.811716 
270 0.012895 10.764317 
271 0.012522 10.716459 
272 0.012159 10.668149 
273 0.011806 10.619395 
274 0.011463 10.570206 
275 0.011128 10.520589 
276 0.010803 10.470553 
277 0.010487 10.420106 
278 0.010180 10.369255 
279 0.009880 10.318011 
280 0.009589 10.266380 
281 0.009306 10.214371 
282 0.009031 10.161992 
283 0.008763 10.109253 
284 0.008503 10.056161 
285 0.008250 10.002724 
286 0.008004 9.948952 
287 0.007765 9.894853 
288 0.007532 9.840434 
289 0.007307 9.785706 
290 0.007087 9.730675 
291 0.006873 9.675352 
292 0.006666 9.619744 
293 0.006464 9.563859 
294 0.006269 9.507708 
295 0.006078 9.451297 
296 0.005893 9.394635 
297 0.005714 9.337732 
298 0.005539 9.280595 
299 0.005370 9.223234 
300 0.005205 9.165656 
301 0.005045 9.107870 
302 0.004890 9.049885 
303 0.004739 8.991709 
304 0.004592 8.933350 
305 0.004450 8.874818 
306 0.004312 8.816120 
307 0.004178 8.757264 
308 0.004048 8.698260 
309 0.003922 8.639115 
310 0.003799 8.579838 
311 0.003680 8.520437 
312 0.003564 8.460920 
313 0.003452 8.401296 
314 0.003344 8.341573 
315 0.003238 8.281758 
316 0.003136 8.221860 
317 0.003036 8.161886 
318 0.002940 8.101846 
319 0.002846 8.041747 
320 0.002756 7.981596 
321 0.002668 7.921401 
322 0.002582 7.861171 
323 0.002499 7.800914 
324 0.002419 7.740636 
325 0.002341 7.680345 
326 0.002266 7.620049 
327 0.002193 7.559756 
328 0.002122 7.499473 
329 0.002053 7.439207 
330 0.001986 7.378966 
331 0.001922 7.318757 
332 0.001859 7.258587 
333 0.001798 7.198464 
334 0.001739 7.138394 
335 0.001682 7.078384 
336 0.001627 7.018442 
337 0.001574 6.958574 
338 0.001522 6.898787 
339 0.001471 6.839088 
340 0.001423 6.779483 
341 0.001376 6.719979 
342 0.001330 6.660583 
343 0.001286 6.601300 
344 0.001243 6.542138 
345 0.001201 6.483102 
346 0.001161 6.424198 
347 0.001122 6.365434 
348 0.001085 6.306814 
349 0.001048 6.248345 
350 0.001013 6.190033 
351 0.000979 6.131883 
352 0.000946 6.073900 
353 0.000914 6.016092 
354 0.000883 5.958463 
355 0.000853 5.901018 
356 0.000824 5.843763 
357 0.000795 5.786703 
358 0.000768 5.729843 
359 0.000742 5.673189 
360 0.000717 5.616746 
361 0.000692 5.560517 
362 0.000668 5.504509 
363 0.000645 5.448725 
364 0.000623 5.393171 
365 0.000601 5.337851 
366 0.000580 5.282770 
367 0.000560 5.227931 
368 0.000541 5.173339 
369 0.000522 5.118999 
370 0.000504 5.064914 
371 0.000486 5.011088 
372 0.000469 4.957526 
373 0.000453 4.904231 
374 0.000437 4.851206 
375 0.000421 4.798457 
376 0.000407 4.745985 
377 0.000392 4.693794 
378 0.000378 4.641889 
379 0.000365 4.590272 
380 0.000352 4.538946 
381 0.000339 4.487914 
382 0.000327 4.437180 
383 0.000316 4.386746 
384 0.000304 4.336616 
385 0.000294 4.286791 
386 0.000283 4.237275 
387 0.000273 4.188070 
388 0.000263 4.139179 
389 0.000254 4.090604 
390 0.000244 4.042347 
391 0.000236 3.994410 
392 0.000227 3.946797 
393 0.000219 3.899508 
394 0.000211 3.852546 
395 0.000203 3.805912 
396 0.000196 3.759609 
397 0.000189 3.713638 
398 0.000182 3.668000 
399 0.000175 3.622698 
400 0.000169 3.577733 
401 0.000162 3.533106 
402 0.000156 3.488818 
403 0.000151 3.444871 
404 0.000145 3.401265 
405 0.000140 3.358003 
406 0.000135 3.315084 
407 0.000130 3.272510 
408 0.000125 3.230282 
409 0.000120 3.188400 
410 0.000116 3.146865 
411 0.000111 3.105678 
412 0.000107 3.064839 
413 0.000103 3.024349 
414 0.000099 2.984208 
415 0.000096 2.944416 
416 0.000092 2.904974 
417 0.000088 2.865882 
418 0.000085 2.827140 
419 0.000082 2.788749 
420 0.000079 2.750707 
421 0.000076 2.713015 
422 0.000073 2.675673 
423 0.000070 2.638681 
424 0.000067 2.602038 
425 0.000065 2.565744 
426 0.000062 2.529799 
427 0.000060 2.494203 
428 0.000058 2.458954 
429 0.000055 2.424052 
430 0.000053 2.389497 
431 0.000051 2.355288 
432 0.000049 2.321424 
433 0.000047 2.287904 
434 0.000046 2.254728 
435 0.000044 2.221895 
436 0.000042 2.189404 
437 0.000040 2.157253 
438 0.000039 2.125443 
439 0.000037 2.093971 
440 0.000036 2.062836 
441 0.000035 2.032038 
442 0.000033 2.001575 
443 0.000032 1.971447 
444 0.000031 1.941650 
445 0.000029 1.912185 
446 0.000028 1.883050 
447 0.000027 1.854244 
448 0.000026 1.825764 
449 0.000025 1.797610 
450 0.000024 1.769780 
451 0.000023 1.742272 
452 0.000022 1.715085 
453 0.000021 1.688217 
454 0.000020 1.661667 
455 0.000020 1.635432 
456 0.000019 1.609512 
457 0.000018 1.583903 
458 0.000017 1.558605 
459 0.000017 1.533616 
460 0.000016 1.508933 
461 0.000015 1.484555 
462 0.000015 1.460480 
463 0.000014 1.436706 
464 0.000014 1.413232 
465 0.000013 1.390054 
466 0.000012 1.367171 
467 0.000012 1.344581 
468 0.000011 1.322282 
469 0.000011 1.300272 
470 0.000011 1.278548 
471 0.000010 1.257110 
472 0.000010 1.235954 
473 0.000009 1.215078 
474 0.000009 1.194480 
475 0.000009 1.174159 
476 0.000008 1.154111 
477 0.000008 1.134336 
478 0.000008 1.114829 
479 0.000007 1.095590 
480 0.000007 1.076616 
481 0.000007 1.057904 
482 0.000006 1.039454 
483 0.000006 1.021261 
484 0.000006 1.003324 
485 0.000006 0.985641 
486 0.000005 0.968209 
487 0.000005 0.951027 
488 0.000005 0.934091 
489 0.000005 0.917400 
490 0.000005 0.900951 
491 0.000004 0.884741 
492 0.000004 0.868769 
493 0.000004 0.853033 
494 0.000004 0.837529 
495 0.000004 0.822256 
496 0.000003 0.807212 
497 0.000003 0.792393 
498 0.000003 0.777798 
499 0.000003 0.763424 
500 0.000003 0.749269 
501 0.000003 0.735331 
502 0.000003 0.721607 
503 0.000003 0.708095 
504 0.000002 0.694793 
505 0.000002 0.681699 
506 0.000002 0.668809 
507 0.000002 0.656123 
508 0.000002 0.643637 
509 0.000002 0.631349 
510 0.000002 0.619257 
511 0.000002 0.607360 
512 0.000002 0.595653 
513 0.000002 0.584136 
514 0.000002 0.572806 
515 0.000002 0.561661 
516 0.000001 0.550698 
517 0.000001 0.539916 
518 0.000001 0.529312 
519 0.000001 0.518884 
520 0.000001 0.508629 
521 0.000001 0.498547 
522 0.000001 0.488633 
523 0.000001 0.478887 
524 0.000001 0.469307 
525 0.000001 0.459889 
526 0.000001 0.450632 
527 0.000001 0.441534 
528 0.000001 0.432593 
529 0.000001 0.423806 
530 0.000001 0.415173 
531 0.000001 0.406689 
532 0.000001 0.398355 
533 0.000001 0.390166 
534 0.000001 0.382123 
535 0.000001 0.374221 
536 0.000001 0.366461 
537 0.000001 0.358839 
538 0.000001 0.351353 
539 0.000001 0.344003 
540 0.000000 0.336785 
541 0.000000 0.329698 
542 0.000000 0.322740 
543 0.000000 0.315910 
544 0.000000 0.309204 
545 0.000000 0.302623 
546 0.000000 0.296162 
547 0.000000 0.289822 
548 0.000000 0.283600 
549 0.000000 0.277494 
550 0.000000 0.271503 
551 0.000000 0.265624 
552 0.000000 0.259857 
553 0.000000 0.254199 
554 0.000000 0.248648 
555 0.000000 0.243204 
556 0.000000 0.237864 
557 0.000000 0.232627 
558 0.000000 0.227491 
559 0.000000 0.222455 
560 0.000000 0.217517 
561 0.000000 0.212675 
562 0.000000 0.207927 
563 0.000000 0.203274 
564 0.000000 0.198711 
565 0.000000 0.194240 
566 0.000000 0.189857 
567 0.000000 0.185561 
568 0.000000 0.181351 
569 0.000000 0.177226 
570 0.000000 0.173184 
571 0.000000 0.169224 
572 0.000000 0.165343 
573 0.000000 0.161542 
574 0.000000 0.157818 
575 0.000000 0.154171 
576 0.000000 0.150598 
577 0.000000 0.147099 
578 0.000000 0.143673 
579 0.000000 0.140317 
580 0.000000 0.137032 
581 0.000000 0.133815 
582 0.000000 0.130665 
583 0.000000 0.127582 
584 0.000000 0.124563 
585 0.000000 0.121608 
586 0.000000 0.118717 
587 0.000000 0.115886 
588 0.000000 0.113116 
589 0.000000 0.110406 
590 0.000000 0.107753 
591 0.000000 0.105158 
592 0.000000 0.102619 
593 0.000000 0.100135 
594 0.000000 0.097705 
595 0.000000 0.095329 
596 0.000000 0.093004 
597 0.000000 0.090730 
598 0.000000 0.088506 
599 0.000000 0.086332 
600 0.000000 0.084205 
601 0.000000 0.082126 
602 0.000000 0.080093 
603 0.000000 0.078106 
604 0.000000 0.076163 
605 0.000000 0.074264 
606 0.000000 0.072408 
607 0.000000 0.070594 
608 0.000000 0.068821 
609 0.000000 0.067088 
610 0.000000 0.065395 
611 0.000000 0.063741 
612 0.000000 0.062124 
613 0.000000 0.060545 
614 0.000000 0.059002 
615 0.000000 0.057495 
616 0.000000 0.056024 
617 0.000000 0.054586 
618 0.000000 0.053182 
619 0.000000 0.051811 
620 0.000000 0.050472 
621 0.000000 0.049164 
622 0.000000 0.047888 
623 0.000000 0.046641 
624 0.000000 0.045425 
625 0.000000 0.044237 
626 0.000000 0.043078 
627 0.000000 0.041946 
628 0.000000 0.040842 
629 0.000000 0.039764 
630 0.000000 0.038712 
631 0.000000 0.037686 
632 0.000000 0.036685 
633 0.000000 0.035708 
634 0.000000 0.034755 
635 0.000000 0.033825 
636 0.000000 0.032918 
637 0.000000 0.032033 
638 0.000000 0.031170 
639 0.000000 0.030329 
640 0.000000 0.029508 
641 0.000000 0.028708 
642 0.000000 0.027928 
643 0.000000 0.027167 
644 0.000000 0.026426 
645 0.000000 0.025703 
646 0.000000 0.024998 
647 0.000000 0.024311 
648 0.000000 0.023642 
649 0.000000 0.022989 
650 0.000000 0.022353 
651 0.000000 0.021734 
652 0.000000 0.021130 
653 0.000000 0.020542 
654 0.000000 0.019968 
655 0.000000 0.019410 
656 0.000000 0.018866 
657 0.000000 0.018336 
658 0.000000 0.017820 
659 0.000000 0.017318 
660 0.000000 0.016828 
661 0.000000 0.016352 
662 0.000000 0.015887 
663 0.000000 0.015435 
664 0.000000 0.014995 
665 0.000000 0.014567 
666 0.000000 0.014150 
667 0.000000 0.013744 
668 0.000000 0.013349 
669 0.000000 0.012964 
670 0.000000 0.012590 
671 0.000000 0.012226 
672 0.000000 0.011871 
673 0.000000 0.011527 
674 0.000000 0.011191 
675 0.000000 0.010865 
676 0.000000 0.010547 
677 0.000000 0.010238 
678 0.000000 0.009938 
679 0.000000 0.009645 
680 0.000000 0.009361 
681 0.000000 0.009085 
682 0.000000 0.008816 
683 0.000000 0.008554 
684 0.000000 0.008300 
685 0.000000 0.008053 
686 0.000000 0.007813 
687 0.000000 0.007579 
688 0.000000 0.007352 
689 0.000000 0.007131 
690 0.000000 0.006917 
691 0.000000 0.006708 
692 0.000000 0.006506 
693 0.000000 0.006309 
694 0.000000 0.006118 
695 0.000000 0.005932 
696 0.000000 0.005751 
697 0.000000 0.005576 
698 0.000000 0.005406 
699 0.000000 0.005240 
700 0.000000 0.005079 
701 0.000000 0.004923 
702 0.000000 0.004771 
703 0.000000 0.004624 
704 0.000000 0.004481 
705 0.000000 0.004342 
706 0.000000 0.004208 
707 0.000000 0.004077 
708 0.000000 0.003950 
709 0.000000 0.003826 
710 0.000000 0.003707 
711 0.000000 0.003590 
712 0.000000 0.003478 
713 0.000000 0.003368 
714 0.000000 0.003262 
715 0.000000 0.003159 
716 0.000000 0.003059 
717 0.000000 0.002962 
718 0.000000 0.002868 
719 0.000000 0.002777 
720 0.000000 0.002688 
721 0.000000 0.002602 
722 0.000000 0.002519 
723 0.000000 0.002438 
724 0.000000 0.002360 
725 0.000000 0.002284 
726 0.000000 0.002210 
727 0.000000 0.002139 
728 0.000000 0.002070 
729 0.000000 0.002003 
730 0.000000 0.001938 
731 0.000000 0.001874 
732 0.000000 0.001813 
733 0.000000 0.001754 
734 0.000000 0.001697 
735 0.000000 0.001641 
736 0.000000 0.001587 
737 0.000000 0.001535 
738 0.000000 0.001484 
739 0.000000 0.001435 
740 0.000000 0.001388 
741 0.000000 0.001342 
742 0.000000 0.001297 
743 0.000000 0.001254 
744 0.000000 0.001212 
745 0.000000 0.001172 
746 0.000000 0.001133 
747 0.000000 0.001095 
748 0.000000 0.001058 
749 0.000000 0.001022 
750 0.000000 0.000988 
751 0.000000 0.000955 
752 0.000000 0.000922 
753 0.000000 0.000891 
754 0.000000 0.000861 
755 0.000000 0.000832 
756 0.000000 0.000803 
757 0.000000 0.000776 
758 0.000000 0.000749 
759 0.000000 0.000724 
760 0.000000 0.000699 
761 0.000000 0.000675 
762 0.000000 0.000652 
763 0.000000 0.000629 
764 0.000000 0.000607 
765 0.000000 0.000586 
766 0.000000 0.000566 
767 0.000000 0.000546 
768 0.000000 0.000527 
769 0.000000 0.000509 
770 0.000000 0.000491 
771 0.000000 0.000474 
772 0.000000 0.000458 
773 0.000000 0.000442 
774 0.000000 0.000426 
775 0.000000 0.000411 
776 0.000000 0.000397 
777 0.000000 0.000383 
778 0.000000 0.000369 
779 0.000000 0.000356 
780 0.000000 0.000343 
781 0.000000 0.000331 
782 0.000000 0.000319 
783 0.000000 0.000308 
784 0.000000 0.000297 
785 0.000000 0.000286 
786 0.000000 0.000276 
787 0.000000 0.000266 
788 0.000000 0.000257 
789 0.000000 0.000247 
790 0.000000 0.000238 
791 0.000000 0.000230 
792 0.000000 0.000221 
793 0.000000 0.000213 
794 0.000000 0.000206 
795 0.000000 0.000198 
796 0.000000 0.000191 
797 0.000000 0.000184 
798 0.000000 0.000177 
799 0.000000 0.000171 
800 0.000000 0.000164 
801 0.000000 0.000158 
802 0.000000 0.000153 
803 0.000000 0.000147 
804 0.000000 0.000142 
805 0.000000 0.000136 
806 0.000000 0.000131 
807 0.000000 0.000126 
808 0.000000 0.000122 
809 0.000000 0.000117 
810 0.000000 0.000113 
811 0.000000 0.000109 
812 0.000000 0.000105 
813 0.000000 0.000101 
814 0.000000 0.000097 
815 0.000000 0.000093 
816 0.000000 0.000090 
817 0.000000 0.000086 
818 0.000000 0.000083 
819 0.000000 0.000080 
820 0.000000 0.000077 
821 0.000000 0.000074 
822 0.000000 0.000071 
823 0.000000 0.000068 
824 0.000000 0.000066 
825 0.000000 0.000063 
826 0.000000 0.000061 
827 0.000000 0.000059 
828 0.000000 0.000056 
829 0.000000 0.000054 
830 0.000000 0.000052 
831 0.000000 0.000050 
832 0.000000 0.000048 
833 0.000000 0.000046 
834 0.000000 0.000044 
835 0.000000 0.000043 
836 0.000000 0.000041 
837 0.000000 0.000039 
838 0.000000 0.000038 
839 0.000000 0.000036 
840 0.000000 0.000035 
841 0.000000 0.000034 
842 0.000000 0.000032 
843 0.000000 0.000031 
844 0.000000 0.000030 
845 0.000000 0.000029 
846 0.000000 0.000028 
847 0.000000 0.000026 
848 0.000000 0.000025 
849 0.000000 0.000024 
850 0.000000 0.000023 
851 0.000000 0.000023 
852 0.000000 0.000022 
853 0.000000 0.000021 
854 0.000000 0.000020 
855 0.000000 0.000019 
856 0.000000 0.000018 
857 0.000000 0.000018 
858 0.000000 0.000017 
859 0.000000 0.000016 
860 0.000000 0.000016 
861 0.000000 0.000015 
862 0.000000 0.000014 
863 0.000000 0.000014 
864 0.000000 0.000013 
865 0.000000 0.000013 
866 0.000000 0.000012 
867 0.000000 0.000012 
868 0.000000 0.000011 
869 0.000000 0.000011 
870 0.000000 0.000010 
871 0.000000 0.000010 
872 0.000000 0.000009 
873 0.000000 0.000009 
874 0.000000 0.000009 
875 0.000000 0.000008 
876 0.000000 0.000008 
877 0.000000 0.000008 
878 0.000000 0.000007 
879 0.000000 0.000007 
880 0.000000 0.000007 
881 0.000000 0.000006 
882 0.000000 0.000006 
883 0.000000 0.000006 
884 0.000000 0.000006 
885 0.000000 0.000005 
886 0.000000 0.000005 
887 0.000000 0.000005 
888 0.000000 0.000005 
889 0.000000 0.000005 
890 0.000000 0.000004 
891 0.000000 0.000004 
892 0.000000 0.000004 
893 0.000000 0.000004 
894 0.000000 0.000004 
895 0.000000 0.000004 
896 0.000000 0.000003 
897 0.000000 0.000003 
898 0.000000 0.000003 
899 0.000000 0.000003 
900 0.000000 0.000003 
901 0.000000 0.000003 
902 0.000000 0.000003 
903 0.000000 0.000003 
904 0.000000 0.000002 
905 0.000000 0.000002 
906 0.000000 0.000002 
907 0.000000 0.000002 
908 0.000000 0.000002 
909 0.000000 0.000002 
910 0.000000 0.000002 
911 0.000000 0.000002 
912 0.000000 0.000002 
913 0.000000 0.000002 
914 0.000000 0.000002 
915 0.000000 0.000001 
916 0.000000 0.000001 
917 0.000000 0.000001 
918 0.000000 0.000001 
919 0.000000 0.000001 
920 0.000000 0.000001 
921 0.000000 0.000001 
922 0.000000 0.000001 
923 0.000000 0.000001 
924 0.000000 0.000001 
925 0.000000 0.000001 
926 0.000000 0.000001 
927 0.000000 0.000001 
928 0.000000 0.000001 
929 0.000000 0.000001 
930 0.000000 0.000001 
931 0.000000 0.000001 
932 0.000000 0.000001 
933 0.000000 0.000001 
934 0.000000 0.000001 
935 0.000000 0.000001 
936 0.000000 0.000001 
937 0.000000 0.000001 
938 0.000000 0.000001 
939 0.000000 0.000000 
940 0.000000 0.000000 
941 0.000000 0.000000 
942 0.000000 0.000000 
943 0.000000 0.000000 
944 0.000000 0.000000 
945 0.000000 0.000000 
946 0.000000 0.000000 
947 0.000000 0.000000 
948 0.000000 0.000000 
949 0.000000 0.000000 
950 0.000000 0.000000 
951 0.000000 0.000000 
952 0.000000 0.000000 
953 0.000000 0.000000 
954 0.000000 0.000000 
955 0.000000 0.000000 
956 0.000000 0.000000 
957 0.000000 0.000000 
958 0.000000 0.000000 
959 0.000000 0.000000 
960 0.000000 0.000000 
961 0.000000 0.000000 
962 0.000000 0.000000 
963 0.000000 0.000000 
964 0.000000 0.000000 
965 0.000000 0.000000 
966 0.000000 0.000000 
967 0.000000 0.000000 
968 0.000000 0.000000 
969 0.000000 0.000000 
970 0.000000 0.000000 
971 0.000000 0.000000 
972 0.000000 0.000000 
973 0.000000 0.000000 
974 0.000000 0.000000 
975 0.000000 0.000000 
976 0.000000 0.000000 
977 0.000000 0.000000 
978 0.000000 0.000000 
979 0.000000 0.000000 
980 0.000000 0.000000 
981 0.000000 0.000000 
982 0.000000 0.000000 
983 0.000000 0.000000 
984 0.000000 0.000000 
985 0.000000 0.000000 
986 0.000000 0.000000 
987 0.000000 0.000000 
988 0.000000 0.000000 
989 0.000000 0.000000 
990 0.000000 0.000000 
991 0.000000 0.000000 
992 0.000000 0.000000 
993 0.000000 0.000000 
994 0.000000 0.000000 
995 0.000000 0.000000 
996 0.000000 0.000000 
997 0.000000 0.000000 
998 0.000000 0.000000 
999 0.000000 0.000000 
1000 0.000000 0.000000 
1001 0.000000 0.000000 
1002 0.000000 0.000000 
1003 0.000000 0.000000 
1004 0.000000 0.000000 
1005 0.000000 0.000000 
1006 0.000000 0.000000 
1007 0.000000 0.000000 
1008 0.000000 0.000000 
1009 0.000000 0.000000 
1010 0.000000 0.000000 
1011 0.000000 0.000000 
1012 0.000000 0.000000 
1013 0.000000 0.000000 
1014 0.000000 0.000000 
1015 0.000000 0.000000 
1016 0.000000 0.000000 
1017 0.000000 0.000000 
1018 0.000000 0.000000 
1019 0.000000 0.000000 
1020 0.000000 0.000000 
1021 0.000000 0.000000 
1022 0.000000 0.000000 
1023 0.000000 0.000000 
1024 0.000000 0.000000 
1025 0.000000 0.000000 
1026 0.000000 0.000000 
1027 0.000000 0.000000 
1028 0.000000 0.000000 
1029 0.000000 0.000000 
1030 0.000000 0.000000 
1031 0.000000 0.000000 
1032 0.000000 0.000000 
1033 0.000000 0.000000 
1034 0.000000 0.000000 
1035 0.000000 0.000000 
1036 0.000000 0.000000 
1037 0.000000 0.000000 
1038 0.000000 0.000000 
1039 0.000000 0.000000 
1040 0.000000 0.000000 
1041 0.000000 0.000000 
1042 0.000000 0.000000 
1043 0.000000 0.000000 
1044 0.000000 0.000000 
1045 0.000000 0.000000 
1046 0.000000 0.000000 
1047 0.000000 0.000000 
1048 0.000000 0.000000 
1049 0.000000 0.000000 
1050 0.000000 0.000000 
1051 0.000000 0.000000 
1052 0.000000 0.000000 
1053 0.000000 0.000000 
1054 0.000000 0.000000 
1055 0.000000 0.000000 
1056 0.000000 0.000000 
1057 0.000000 0.000000 
1058 0.000000 0.000000 
1059 0.000000 0.000000 
1060 0.000000 0.000000 
1061 0.000000 0.000000 
1062 0.000000 0.000000 
1063 0.000000 0.000000 
1064 0.000000 0.000000 
1065 0.000000 0.000000 
1066 0.000000 0.000000 
1067 0.000000 0.000000 
1068 0.000000 0.000000 
1069 0.000000 0.000000 
1070 0.000000 0.000000 
1071 0.000000 0.000000 
1072 0.000000 0.000000 
1073 0.000000 0.000000 
1074 0.000000 0.000000 
1075 0.000000 0.000000 
1076 0.000000 0.000000 
1077 0.000000 0.000000 
1078 0.000000 0.000000 
1079 0.000000 0.000000 
1080 0.000000 0.000000 
1081 0.000000 0.000000 
1082 0.000000 0.000000 
1083 0.000000 0.000000 
1084 0.000000 0.000000 
1085 0.000000 0.000000 
1086 0.000000 0.000000 
1087 0.000000 0.000000 
1088 0.000000 0.000000 
1089 0.000000 0.000000 
1090 0.000000 0.000000 
1091 0.000000 0.000000 
1092 0.000000 0.000000 
1093 0.000000 0.000000 
1094 0.000000 0.000000 
1095 0.000000 0.000000 
1096 0.000000 0.000000 
1097 0.000000 0.000000 
1098 0.000000 0.000000 
1099 0.000000 0.000000 
1100 0.000000 0.000000 
1101 0.000000 0.000000 
1102 0.000000 0.000000 
1103 0.000000 0.000000 
1104 0.000000 0.000000 
1105 0.000000 0.000000 
1106 0.000000 0.000000 
1107 0.000000 0.000000 
1108 0.000000 0.000000 
1109 0.000000 0.000000 
1110 0.000000 0.000000 
1111 0.000000 0.000000 
1112 0.000000 0.000000 
1113 0.000000 0.000000 
1114 0.000000 0.000000 
1115 0.000000 0.000000 
1116 0.000000 0.000000 
1117 0.000000 0.000000 
1118 0.000000 0.000000 
1119 0.000000 0.000000 
1120 0.000000 0.000000 
1121 0.000000 0.000000 
1122 0.000000 0.000000 
1123 0.000000 0.000000 
1124 0.000000 0.000000 
1125 0.000000 0.000000 
1126 0.000000 0.000000 
1127 0.000000 0.000000 
1128 0.000000 0.000000 
1129 0.000000 0.000000 
1130 0.000000 0.000000 
1131 0.000000 0.000000 
1132 0.000000 0.000000 
1133 0.000000 0.000000 
1134 0.000000 0.000000 
1135 0.000000 0.000000 
1136 0.000000 0.000000 
1137 0.000000 0.000000 
1138 0.000000 0.000000 
1139 0.000000 0.000000 
1140 0.000000 0.000000 
1141 0.000000 0.000000 
1142 0.000000 0.000000 
1143 0.000000 0.000000 
1144 0.000000 0.000000 
1145 0.000000 0.000000 
1146 0.000000 0.000000 
1147 0.000000 0.000000 
1148 0.000000 0.000000 
1149 0.000000 0.000000 
1150 0.000000 0.000000 
1151 0.000000 0.000000 
1152 0.000000 0.000000 
1153 0.000000 0.000000 
1154 0.000000 0.000000 
1155 0.000000 0.000000 
1156 0.000000 0.000000 
1157 0.000000 0.000000 
1158 0.000000 0.000000 
1159 0.000000 0.000000 
1160 0.000000 0.000000 
1161 0.000000 0.000000 
1162 0.000000 0.000000 
1163 0.000000 0.000000 
1164 0.000000 0.000000 
1165 0.000000 0.000000 
1166 0.000000 0.000000 
1167 0.000000 0.000000 
1168 0.000000 0.000000 
1169 0.000000 0.000000 
1170 0.000000 0.000000 
1171 0.000000 0.000000 
1172 0.000000 0.000000 
1173 0.000000 0.000000 
1174 0.000000 0.000000 
1175 0.000000 0.000000 
1176 0.000000 0.000000 
1177 0.000000 0.000000 
1178 0.000000 0.000000 
1179 0.000000 0.000000 
1180 0.000000 0.000000 
1181 0.000000 0.000000 
1182 0.000000 0.000000 
1183 0.000000 0.000000 
1184 0.000000 0.000000 
1185 0.000000 0.000000 
1186 0.000000 0.000000 
1187 0.000000 0.000000 
1188 0.000000 0.000000 
1189 0.000000 0.000000 
1190 0.000000 0.000000 
1191 0.000000 0.000000 
1192 0.000000 0.000000 
1193 0.000000 0.000000 
1194 0.000000 0.000000 
1195 0.000000 0.000000 
1196 0.000000 0.000000 
1197 0.000000 0.000000 
1198 0.000000 0.000000 
1199 0.000000 0.000000 
1200 0.000000 0.000000 
1201 0.000000 0.000000 
1202 0.000000 0.000000 
1203 0.000000 0.000000 
1204 0.000000 0.000000 
1205 0.000000 0.000000 
1206 0.000000 0.000000 
1207 0.000000 0.000000 
1208 0.000000 0.000000 
1209 0.000000 0.000000 
1210 0.000000 0.000000 
1211 0.000000 0.000000 
1212 0.000000 0.000000 
1213 0.000000 0.000000 
1214 0.000000 0.000000 
1215 0.000000 0.000000 
1216 0.000000 0.000000 
1217 0.000000 0.000000 
1218 0.000000 0.000000 
1219 0.000000 0.000000 
1220 0.000000 0.000000 
1221 0.000000 0.000000 
1222 0.000000 0.000000 
1223 0.000000 0.000000 
1224 0.000000 0.000000 
1225 0.000000 0.000000 
1226 0.000000 0.000000 
1227 0.000000 0.000000 
1228 0.000000 0.000000 
1229 0.000000 0.000000 
1230 0.000000 0.000000 
1231 0.000000 0.000000 
1232 0.000000 0.000000 
1233 0.000000 0.000000 
1234 0.000000 0.000000 
1235 0.000000 0.000000 
1236 0.000000 0.000000 
1237 0.000000 0.000000 
1238 0.000000 0.000000 
1239 0.000000 0.000000 
1240 0.000000 0.000000 
1241 0.000000 0.000000 
1242 0.000000 0.000000 
1243 0.000000 0.000000 
1244 0.000000 0.000000 
1245 0.000000 0.000000 
1246 0.000000 0.000000 
1247 0.000000 0.000000 
1248 0.000000 0.000000 
1249 0.000000 0.000000 
1250 0.000000 0.000000 
1251 0.000000 0.000000 
1252 0.000000 0.000000 
1253 0.000000 0.000000 
1254 0.000000 0.000000 
1255 0.000000 0.000000 
1256 0.000000 0.000000 
1257 0.000000 0.000000 
1258 0.000000 0.000000 
1259 0.000000 0.000000 
1260 0.000000 0.000000 
1261 0.000000 0.000000 
1262 0.000000 0.000000 
1263 0.000000 0.000000 
1264 0.000000 0.000000 
1265 0.000000 0.000000 
1266 0.000000 0.000000 
1267 0.000000 0.000000 
1268 0.000000 0.000000 
1269 0.000000 0.000000 
1270 0.000000 0.000000 
1271 0.000000 0.000000 
1272 0.000000 0.000000 
1273 0.000000 0.000000 
1274 0.000000 0.000000 
1275 0.000000 0.000000 
1276 0.000000 0.000000 
1277 0.000000 0.000000 
1278 0.000000 0.000000 
1279 0.000000 0.000000 
1280 0.000000 0.000000 
1281 0.000000 0.000000 
1282 0.000000 0.000000 
1283 0.000000 0.000000 
1284 0.000000 0.000000 
1285 0.000000 0.000000 
1286 0.000000 0.000000 
1287 0.000000 0.000000 
1288 0.000000 0.000000 
1289 0.000000 0.000000 
1290 0.000000 0.000000 
1291 0.000000 0.000000 
1292 0.000000 0.000000 
1293 0.000000 0.000000 
1294 0.000000 0.000000 
1295 0.000000 0.000000 
1296 0.000000 0.000000 
1297 0.000000 0.000000 
1298 0.000000 0.000000 
1299 0.000000 0.000000 
1300 0.000000 0.000000 
1301 0.000000 0.000000 
1302 0.000000 0.000000 
1303 0.000000 0.000000 
1304 0.000000 0.000000 
1305 0.000000 0.000000 
1306 0.000000 0.000000 
1307 0.000000 0.000000 
1308 0.000000 0.000000 
1309 0.000000 0.000000 
1310 0.000000 0.000000 
1311 0.000000 0.000000 
1312 0.000000 0.000000 
1313 0.000000 0.000000 
1314 0.000000 0.000000 
1315 0.000000 0.000000 
1316 0.000000 0.000000 
1317 0.000000 0.000000 
1318 0.000000 0.000000 
1319 0.000000 0.000000 
1320 0.000000 0.000000 
1321 0.000000 0.000000 
1322 0.000000 0.000000 
1323 0.000000 0.000000 
1324 0.000000 0.000000 
1325 0.000000 0.000000 
1326 0.000000 0.000000 
1327 0.000000 0.000000 
1328 0.000000 0.000000 
1329 0.000000 0.000000 
1330 0.000000 0.000000 
1331 0.000000 0.000000 
1332 0.000000 0.000000 
1333 0.000000 0.000000 
1334 0.000000 0.000000 
1335 0.000000 0.000000 
1336 0.000000 0.000000 
1337 0.000000 0.000000 
1338 0.000000 0.000000 
1339 0.000000 0.000000 
1340 0.000000 0.000000 
1341 0.000000 0.000000 
1342 0.000000 0.000000 
1343 0.000000 0.000000 
1344 0.000000 0.000000 
1345 0.000000 0.000000 
1346 0.000000 0.000000 
1347 0.000000 0.000000 
1348 0.000000 0.000000 
1349 0.000000 0.000000 
1350 0.000000 0.000000 
1351 0.000000 0.000000 
1352 0.000000 0.000000 
1353 0.000000 0.000000 
1354 0.000000 0.000000 
1355 0.000000 0.000000 
1356 0.000000 0.000000 
1357 0.000000 0.000000 
1358 0.000000 0.000000 
1359 0.000000 0.000000 
1360 0.000000 0.000000 
1361 0.000000 0.000000 
1362 0.000000 0.000000 
1363 0.000000 0.000000 
1364 0.000000 0.000000 
1365 0.000000 0.000000 
1366 0.000000 0.000000 
1367 0.000000 0.000000 
1368 0.000000 0.000000 
1369 0.000000 0.000000 
1370 0.000000 0.000000 
1371 0.000000 0.000000 
1372 0.000000 0.000000 
1373 0.000000 0.000000 
1374 0.000000 0.000000 
1375 0.000000 0.000000 
1376 0.000000 0.000000 
1377 0.000000 0.000000 
1378 0.000000 0.000000 
1379 0.000000 0.000000 
1380 0.000000 0.000000 
1381 0.000000 0.000000 
1382 0.000000 0.000000 
1383 0.000000 0.000000 
1384 0.000000 0.000000 
1385 0.000000 0.000000 
1386 0.000000 0.000000 
1387 0.000000 0.000000 
1388 0.000000 0.000000 
1389 0.000000 0.000000 
1390 0.000000 0.000000 
1391 0.000000 0.000000 
1392 0.000000 0.000000 
1393 0.000000 0.000000 
1394 0.000000 0.000000 
1395 0.000000 0.000000 
1396 0.000000 0.000000 
1397 0.000000 0.000000 
1398 0.000000 0.000000 
1399 0.000000 0.000000 
1400 0.000000 0.000000 
1401 0.000000 0.000000 
1402 0.000000 0.000000 
1403 0.000000 0.000000 
1404 0.000000 0.000000 
1405 0.000000 0.000000 
1406 0.000000 0.000000 
1407 0.000000 0.000000 
1408 0.000000 0.000000 
1409 0.000000 0.000000 
1410 0.000000 0.000000 
1411 0.000000 0.000000 
1412 0.000000 0.000000 
1413 0.000000 0.000000 
1414 0.000000 0.000000 
1415 0.000000 0.000000 
1416 0.000000 0.000000 
1417 0.000000 0.000000 
1418 0.000000 0.000000 
1419 0.000000 0.000000 
1420 0.000000 0.000000 
1421 0.000000 0.000000 
1422 0.000000 0.000000 
1423 0.000000 0.000000 
1424 0.000000 0.000000 
1425 0.000000 0.000000 
1426 0.000000 0.000000 
1427 0.000000 0.000000 
1428 0.000000 0.000000 
1429 0.000000 0.000000 
1430 0.000000 0.000000 
1431 0.000000 0.000000 
1432 0.000000 0.000000 
1433 0.000000 0.000000 
1434 0.000000 0.000000 
1435 0.000000 0.000000 
1436 0.000000 0.000000 
1437 0.000000 0.000000 
1438 0.000000 0.000000 
1439 0.000000 0.000000 
1440 0.000000 0.000000 
1441 0.000000 0.000000 
1442 0.000000 0.000000 
1443 0.000000 0.000000 
1444 0.000000 0.000000 
1445 0.000000 0.000000 
1446 0.000000 0.000000 
1447 0.000000 0.000000 
1448 0.000000 0.000000 
1449 0.000000 0.000000 
1450 0.000000 0.000000 
1451 0.000000 0.000000 
1452 0.000000 0.000000 
1453 0.000000 0.000000 
1454 0.000000 0.000000 
1455 0.000000 0.000000 
1456 0.000000 0.000000 
1457 0.000000 0.000000 
1458 0.000000 0.000000 
1459 0.000000 0.000000 
1460 0.000000 0.000000 
1461 0.000000 0.000000 
1462 0.000000 0.000000 
1463 0.000000 0.000000 
1464 0.000000 0.000000 
1465 0.000000 0.000000 
1466 0.000000 0.000000 
1467 0.000000 0.000000 
1468 0.000000 0.000000 
1469 0.000000 0.000000 
1470 0.000000 0.000000 
1471 0.000000 0.000000 
1472 0.000000 0.000000 
1473 0.000000 0.000000 
1474 0.000000 0.000000 
1475 0.000000 0.000000 
1476 0.000000 0.000000 
1477 0.000000 0.000000 
1478 0.000000 0.000000 
1479 0.000000 0.000000 
1480 0.000000 0.000000 
1481 0.000000 0.000000 
1482 0.000000 0.000000 
1483 0.000000 0.000000 
1484 0.000000 0.000000 
1485 0.000000 0.000000 
1486 0.000000 0.000000 
1487 0.000000 0.000000 
1488 0.000000 0.000000 
1489 0.000000 0.000000 
1490 0.000000 0.000000 
1491 0.000000 0.000000 
1492 0.000000 0.000000 
1493 0.000000 0.000000 
1494 0.000000 0.000000 
1495 0.000000 0.000000 
1496 0.000000 0.000000 
1497 0.000000 0.000000 
1498 0.000000 0.000000 
1499 0.000000 0.000000 
1500 0.000000 0.000000 
1501 0.000000 0.000000 
1502 0.000000 0.000000 
1503 0.000000 0.000000 
1504 0.000000 0.000000 
1505 0.000000 0.000000 
1506 0.000000 0.000000 
1507 0.000000 0.000000 
1508 0.000000 0.000000 
1509 0.000000 0.000000 
1510 0.000000 0.000000 
1511 0.000000 0.000000 
1512 0.000000 0.000000 
1513 0.000000 0.000000 
1514 0.000000 0.000000 
1515 0.000000 0.000000 
1516 0.000000 0.000000 
1517 0.000000 0.000000 
1518 0.000000 0.000000 
1519 0.000000 0.000000 
1520 0.000000 0.000000 
1521 0.000000 0.000000 
1522 0.000000 0.000000 
1523 0.000000 0.000000 
1524 0.000000 0.000000 
1525 0.000000 0.000000 
1526 0.000000 0.000000 
1527 0.000000 0.000000 
1528 0.000000 0.000000 
1529 0.000000 0.000000 
1530 0.000000 0.000000 
1531 0.000000 0.000000 
1532 0.000000 0.000000 
1533 0.000000 0.000000 
1534 0.000000 0.000000 
1535 0.000000 0.000000 
1536 0.000000 0.000000 
1537 0.000000 0.000000 
1538 0.000000 0.000000 
1539 0.000000 0.000000 
1540 0.000000 0.000000 
1541 0.000000 0.000000 
1542 0.000000 0.000000 
1543 0.000000 0.000000 
1544 0.000000 0.000000 
1545 0.000000 0.000000 
1546 0.000000 0.000000 
1547 0.000000 0.000000 
1548 0.000000 0.000000 
1549 0.000000 0.000000 
1550 0.000000 0.000000 
1551 0.000000 0.000000 
1552 0.000000 0.000000 
1553 0.000000 0.000000 
1554 0.000000 0.000000 
1555 0.000000 0.000000 
1556 0.000000 0.000000 
1557 0.000000 0.000000 
1558 0.000000 0.000000 
1559 0.000000 0.000000 
1560 0.000000 0.000000 
1561 0.000000 0.000000 
1562 0.000000 0.000000 
1563 0.000000 0.000000 
1564 0.000000 0.000000 
1565 0.000000 0.000000 
1566 0.000000 0.000000 
1567 0.000000 0.000000 
1568 0.000000 0.000000 
1569 0.000000 0.000000 
1570 0.000000 0.000000 
1571 0.000000 0.000000 
1572 0.000000 0.000000 
1573 0.000000 0.000000 
1574 0.000000 0.000000 
1575 0.000000 0.000000 
1576 0.000000 0.000000 
1577 0.000000 0.000000 
1578 0.000000 0.000000 
1579 0.000000 0.000000 
1580 0.000000 0.000000 
1581 0.000000 0.000000 
1582 0.000000 0.000000 
1583 0.000000 0.000000 
1584 0.000000 0.000000 
1585 0.000000 0.000000 
1586 0.000000 0.000000 
1587 0.000000 0.000000 
1588 0.000000 0.000000 
1589 0.000000 0.000000 
1590 0.000000 0.000000 
1591 0.000000 0.000000 
1592 0.000000 0.000000 
1593 0.000000 0.000000 
1594 0.000000 0.000000 
1595 0.000000 0.000000 
1596 0.000000 0.000000 
1597 0.000000 0.000000 
1598 0.000000 0.000000 
1599 0.000000 0.000000 
1600 0.000000 0.000000 
1601 0.000000 0.000000 
1602 0.000000 0.000000 
1603 0.000000 0.000000 
1604 0.000000 0.000000 
1605 0.000000 0.000000 
1606 0.000000 0.000000 
1607 0.000000 0.000000 
1608 0.000000 0.000000 
1609 0.000000 0.000000 
1610 0.000000 0.000000 
1611 0.000000 0.000000 
1612 0.000000 0.000000 
1613 0.000000 0.000000 
1614 0.000000 0.000000 
1615 0.000000 0.000000 
1616 0.000000 0.000000 
1617 0.000000 0.000000 
1618 0.000000 0.000000 
1619 0.000000 0.000000 
1620 0.000000 0.000000 
1621 0.000000 0.000000 
1622 0.000000 0.000000 
1623 0.000000 0.000000 
1624 0.000000 0.000000 
1625 0.000000 0.000000 
1626 0.000000 0.000000 
1627 0.000000 0.000000 
1628 0.000000 0.000000 
1629 0.000000 0.000000 
1630 0.000000 0.000000 
1631 0.000000 0.000000 
1632 0.000000 0.000000 
1633 0.000000 0.000000 
1634 0.000000 0.000000 
1635 0.000000 0.000000 
1636 0.000000 0.000000 
1637 0.000000 0.000000 
1638 0.000000 0.000000 
1639 0.000000 0.000000 
1640 0.000000 0.000000 
1641 0.000000 0.000000 
1642 0.000000 0.000000 
1643 0.000000 0.000000 
1644 0.000000 0.000000 
1645 0.000000 0.000000 
1646 0.000000 0.000000 
1647 0.000000 0.000000 
1648 0.000000 0.000000 
1649 0.000000 0.000000 
1650 0.000000 0.000000 
1651 0.000000 0.000000 
1652 0.000000 0.000000 
1653 0.000000 0.000000 
1654 0.000000 0.000000 
1655 0.000000 0.000000 
1656 0.000000 0.000000 
1657 0.000000 0.000000 
1658 0.000000 0.000000 
1659 0.000000 0.000000 
1660 0.000000 0.000000 
1661 0.000000 0.000000 
1662 0.000000 0.000000 
1663 0.000000 0.000000 
1664 0.000000 0.000000 
1665 0.000000 0.000000 
1666 0.000000 0.000000 
1667 0.000000 0.000000 
1668 0.000000 0.000000 
1669 0.000000 0.000000 
1670 0.000000 0.000000 
1671 0.000000 0.000000 
1672 0.000000 0.000000 
1673 0.000000 0.000000 
1674 0.000000 0.000000 
1675 0.000000 0.000000 
1676 0.000000 0.000000 
1677 0.000000 0.000000 
1678 0.000000 0.000000 
1679 0.000000 0.000000 
1680 0.000000 0.000000 
1681 0.000000 0.000000 
1682 0.000000 0.000000 
1683 0.000000 0.000000 
1684 0.000000 0.000000 
1685 0.000000 0.000000 
1686 0.000000 0.000000 
1687 0.000000 0.000000 
1688 0.000000 0.000000 
1689 0.000000 0.000000 
1690 0.000000 0.000000 
1691 0.000000 0.000000 
1692 0.000000 0.000000 
1693 0.000000 0.000000 
1694 0.000000 0.000000 
1695 0.000000 0.000000 
1696 0.000000 0.000000 
1697 0.000000 0.000000 
1698 0.000000 0.000000 
1699 0.000000 0.000000 
1700 0.000000 0.000000 
1701 0.000000 0.000000 
1702 0.000000 0.000000 
1703 0.000000 0.000000 
1704 0.000000 0.000000 
1705 0.000000 0.000000 
1706 0.000000 0.000000 
1707 0.000000 0.000000 
1708 0.000000 0.000000 
1709 0.000000 0.000000 
1710 0.000000 0.000000 
1711 0.000000 0.000000 
1712 0.000000 0.000000 
1713 0.000000 0.000000 
1714 0.000000 0.000000 
1715 0.000000 0.000000 
1716 0.000000 0.000000 
1717 0.000000 0.000000 
1718 0.000000 0.000000 
1719 0.000000 0.000000 
1720 0.000000 0.000000 
1721 0.000000 0.000000 
1722 0.000000 0.000000 
1723 0.000000 0.000000 
1724 0.000000 0.000000 
1725 0.000000 0.000000 
1726 0.000000 0.000000 
1727 0.000000 0.000000 
1728 0.000000 0.000000 
1729 0.000000 0.000000 
1730 0.000000 0.000000 
1731 0.000000 0.000000 
1732 0.000000 0.000000 
1733 0.000000 0.000000 
1734 0.000000 0.000000 
1735 0.000000 0.000000 
1736 0.000000 0.000000 
1737 0.000000 0.000000 
1738 0.000000 0.000000 
1739 0.000000 0.000000 
1740 0.000000 0.000000 
1741 0.000000 0.000000 
1742 0.000000 0.000000 
1743 0.000000 0.000000 
1744 0.000000 0.000000 
1745 0.000000 0.000000 
1746 0.000000 0.000000 
1747 0.000000 0.000000 
1748 0.000000 0.000000 
1749 0.000000 0.000000 
1750 0.000000 0.000000 
1751 0.000000 0.000000 
1752 0.000000 0.000000 
1753 0.000000 0.000000 
1754 0.000000 0.000000 
1755 0.000000 0.000000 
1756 0.000000 0.000000 
1757 0.000000 0.000000 
1758 0.000000 0.000000 
1759 0.000000 0.000000 
1760 0.000000 0.000000 
1761 0.000000 0.000000 
1762 0.000000 0.000000 
1763 0.000000 0.000000 
1764 0.000000 0.000000 
1765 0.000000 0.000000 
1766 0.000000 0.000000 
1767 0.000000 0.000000 
1768 0.000000 0.000000 
1769 0.000000 0.000000 
1770 0.000000 0.000000 
1771 0.000000 0.000000 
1772 0.000000 0.000000 
1773 0.000000 0.000000 
1774 0.000000 0.000000 
1775 0.000000 0.000000 
1776 0.000000 0.000000 
1777 0.000000 0.000000 
1778 0.000000 0.000000 
1779 0.000000 0.000000 
1780 0.000000 0.000000 
1781 0.000000 0.000000 
1782 0.000000 0.000000 
1783 0.000000 0.000000 
1784 0.000000 0.000000 
1785 0.000000 0.000000 
1786 0.000000 0.000000 
1787 0.000000 0.000000 
1788 0.000000 0.000000 
1789 0.000000 0.000000 
1790 0.000000 0.000000 
1791 0.000000 0.000000 
1792 0.000000 0.000000 
1793 0.000000 0.000000 
1794 0.000000 0.000000 
1795 0.000000 0.000000 
1796 0.000000 0.000000 
1797 0.000000 0.000000 
1798 0.000000 0.000000 
1799 0.000000 0.000000 
1800 0.000000 0.000000 
1801 0.000000 0.000000 
1802 0.000000 0.000000 
1803 0.000000 0.000000 
1804 0.000000 0.000000 
1805 0.000000 0.000000 
1806 0.000000 0.000000 
1807 0.000000 0.000000 
1808 0.000000 0.000000 
1809 0.000000 0.000000 
1810 0.000000 0.000000 
1811 0.000000 0.000000 
1812 0.000000 0.000000 
1813 0.000000 0.000000 
1814 0.000000 0.000000 
1815 0.000000 0.000000 
1816 0.000000 0.000000 
1817 0.000000 0.000000 
1818 0.000000 0.000000 
1819 0.000000 0.000000 
1820 0.000000 0.000000 
1821 0.000000 0.000000 
1822 0.000000 0.000000 
1823 0.000000 0.000000 
1824 0.000000 0.000000 
1825 0.000000 0.000000 
1826 0.000000 0.000000 
1827 0.000000 0.000000 
1828 0.000000 0.000000 
1829 0.000000 0.000000 
1830 0.000000 0.000000 
1831 0.000000 0.000000 
1832 0.000000 0.000000 
1833 0.000000 0.000000 
1834 0.000000 0.000000 
1835 0.000000 0.000000 
1836 0.000000 0.000000 
1837 0.000000 0.000000 
1838 0.000000 0.000000 
1839 0.000000 0.000000 
1840 0.000000 0.000000 
1841 0.000000 0.000000 
1842 0.000000 0.000000 
1843 0.000000 0.000000 
1844 0.000000 0.000000 
1845 0.000000 0.000000 
1846 0.000000 0.000000 
1847 0.000000 0.000000 
1848 0.000000 0.000000 
1849 0.000000 0.000000 
1850 0.000000 0.000000 
1851 0.000000 0.000000 
1852 0.000000 0.000000 
1853 0.000000 0.000000 
1854 0.000000 0.000000 
1855 0.000000 0.000000 
1856 0.000000 0.000000 
1857 0.000000 0.000000 
1858 0.000000 0.000000 
1859 0.000000 0.000000 
1860 0.000000 0.000000 
1861 0.000000 0.000000 
1862 0.000000 0.000000 
1863 0.000000 0.000000 
1864 0.000000 0.000000 
1865 0.000000 0.000000 
1866 0.000000 0.000000 
1867 0.000000 0.000000 
1868 0.000000 0.000000 
1869 0.000000 0.000000 
1870 0.000000 0.000000 
1871 0.000000 0.000000 
1872 0.000000 0.000000 
1873 0.000000 0.000000 
1874 0.000000 0.000000 
1875 0.000000 0.000000 
1876 0.000000 0.000000 
1877 0.000000 0.000000 
1878 0.000000 0.000000 
1879 0.000000 0.000000 
1880 0.000000 0.000000 
1881 0.000000 0.000000 
1882 0.000000 0.000000 
1883 0.000000 0.000000 
1884 0.000000 0.000000 
1885 0.000000 0.000000 
1886 0.000000 0.000000 
1887 0.000000 0.000000 
1888 0.000000 0.000000 
1889 0.000000 0.000000 
1890 0.000000 0.000000 
1891 0.000000 0.000000 
1892 0.000000 0.000000 
1893 0.000000 0.000000 
1894 0.000000 0.000000 
1895 0.000000 0.000000 
1896 0.000000 0.000000 
1897 0.000000 0.000000 
1898 0.000000 0.000000 
1899 0.000000 0.000000 
1900 0.000000 0.000000 
1901 0.000000 0.000000 
1902 0.000000 0.000000 
1903 0.000000 0.000000 
1904 0.000000 0.000000 
1905 0.000000 0.000000 
1906 0.000000 0.000000 
1907 0.000000 0.000000 
1908 0.000000 0.000000 
1909 0.000000 0.000000 
1910 0.000000 0.000000 
1911 0.000000 0.000000 
1912 0.000000 0.000000 
1913 0.000000 0.000000 
1914 0.000000 0.000000 
1915 0.000000 0.000000 
1916 0.000000 0.000000 
1917 0.000000 0.000000 
1918 0.000000 0.000000 
1919 0.000000 0.000000 
1920 0.000000 0.000000 
1921 0.000000 0.000000 
1922 0.000000 0.000000 
1923 0.000000 0.000000 
1924 0.000000 0.000000 
1925 0.000000 0.000000 
1926 0.000000 0.000000 
1927 0.000000 0.000000 
1928 0.000000 0.000000 
1929 0.000000 0.000000 
1930 0.000000 0.000000 
1931 0.000000 0.000000 
1932 0.000000 0.000000 
1933 0.000000 0.000000 
1934 0.000000 0.000000 
1935 0.000000 0.000000 
1936 0.000000 0.000000 
1937 0.000000 0.000000 
1938 0.000000 0.000000 
1939 0.000000 0.000000 
1940 0.000000 0.000000 
1941 0.000000 0.000000 
1942 0.000000 0.000000 
1943 0.000000 0.000000 
1944 0.000000 0.000000 
1945 0.000000 0.000000 
1946 0.000000 0.000000 
1947 0.000000 0.000000 
1948 0.000000 0.000000 
1949 0.000000 0.000000 
1950 0.000000 0.000000 
1951 0.000000 0.000000 
1952 0.000000 0.000000 
1953 0.000000 0.000000 
1954 0.000000 0.000000 
1955 0.000000 0.000000 
1956 0.000000 0.000000 
1957 0.000000 0.000000 
1958 0.000000 0.000000 
1959 0.000000 0.000000 
1960 0.000000 0.000000 
1961 0.000000 0.000000 
1962 0.000000 0.000000 
1963 0.000000 0.000000 
1964 0.000000 0.000000 
1965 0.000000 0.000000 
1966 0.000000 0.000000 
1967 0.000000 0.000000 
1968 0.000000 0.000000 
1969 0.000000 0.000000 
1970 0.000000 0.000000 
1971 0.000000 0.000000 
1972 0.000000 0.000000 
1973 0.000000 0.000000 
1974 0.000000 0.000000 
1975 0.000000 0.000000 
1976 0.000000 0.000000 
1977 0.000000 0.000000 
1978 0.000000 0.000000 
1979 0.000000 0.000000 
1980 0.000000 0.000000 
1981 0.000000 0.000000 
1982 0.000000 0.000000 
1983 0.000000 0.000000 
1984 0.000000 0.000000 
1985 0.000000 0.000000 
1986 0.000000 0.000000 
1987 0.000000 0.000000 
1988 0.000000 0.000000 
1989 0.000000 0.000000 
1990 0.000000 0.000000 
1991 0.000000 0.000000 
1992 0.000000 0.000000 
1993 0.000000 0.000000 
1994 0.000000 0.000000 
1995 0.000000 0.000000 
1996 0.000000 0.000000 
1997 0.000000 0.000000 
1998 0.000000 0.000000 
1999 0.000000 0.000000 
2000 0.000000 0.000000 
2001 0.000000 0.000000 
2002 0.000000 0.000000 
2003 0.000000 0.000000 
2004 0.000000 0.000000 
2005 0.000000 0.000000 
2006 0.000000 0.000000 
2007 0.000000 0.000000 
2008 0.000000 0.000000 
2009 0.000000 0.000000 
2010 0.000000 0.000000 
2011 0.000000 0.000000 
2012 0.000000 0.000000 
2013 0.000000 0.000000 
2014 0.000000 0.000000 
2015 0.000000 0.000000 
2016 0.000000 0.000000 
2017 0.000000 0.000000 
2018 0.000000 0.000000 
2019 0.000000 0.000000 
2020 0.000000 0.000000 
2021 0.000000 0.000000 
2022 0.000000 0.000000 
2023 0.000000 0.000000 
2024 0.000000 0.000000 
2025 0.000000 0.000000 
2026 0.000000 0.000000 
2027 0.000000 0.000000 
2028 0.000000 0.000000 
2029 0.000000 0.000000 
2030 0.000000 0.000000 
2031 0.000000 0.000000 
2032 0.000000 0.000000 
2033 0.000000 0.000000 
2034 0.000000 0.000000 
2035 0.000000 0.000000 
2036 0.000000 0.000000 
2037 0.000000 0.000000 
2038 0.000000 0.000000 
2039 0.000000 0.000000 
2040 0.000000 0.000000 
2041 0.000000 0.000000 
2042 0.000000 0.000000 
2043 0.000000 0.000000 
2044 0.000000 0.000000 
2045 0.000000 0.000000 
2046 0.000000 0.000000 
2047 0.000000 0.000000 
2048 0.000000 0.000000 
2049 0.000000 0.000000 
2050 0.000000 0.000000 
2051 0.000000 0.000000 
2052 0.000000 0.000000 
2053 0.000000 0.000000 
2054 0.000000 0.000000 
2055 0.000000 0.000000 
2056 0.000000 0.000000 
2057 0.000000 0.000000 
2058 0.000000 0.000000 
2059 0.000000 0.000000 
2060 0.000000 0.000000 
2061 0.000000 0.000000 
2062 0.000000 0.000000 
2063 0.000000 0.000000 
2064 0.000000 0.000000 
2065 0.000000 0.000000 
2066 0.000000 0.000000 
2067 0.000000 0.000000 
2068 0.000000 0.000000 
2069 0.000000 0.000000 
2070 0.000000 0.000000 
2071 0.000000 0.000000 
2072 0.000000 0.000000 
2073 0.000000 0.000000 
2074 0.000000 0.000000 
2075 0.000000 0.000000 
2076 0.000000 0.000000 
2077 0.000000 0.000000 
2078 0.000000 0.000000 
2079 0.000000 0.000000 
2080 0.000000 0.000000 
2081 0.000000 0.000000 
2082 0.000000 0.000000 
2083 0.000000 0.000000 
2084 0.000000 0.000000 
2085 0.000000 0.000000 
2086 0.000000 0.000000 
2087 0.000000 0.000000 
2088 0.000000 0.000000 
2089 0.000000 0.000000 
2090 0.000000 0.000000 
2091 0.000000 0.000000 
2092 0.000000 0.000000 
2093 0.000000 0.000000 
2094 0.000000 0.000000 
2095 0.000000 0.000000 
2096 0.000000 0.000000 
2097 0.000000 0.000000 
2098 0.000000 0.000000 
2099 0.000000 0.000000 
2100 0.000000 0.000000 
2101 0.000000 0.000000 
2102 0.000000 0.000000 
2103 0.000000 0.000000 
2104 0.000000 0.000000 
2105 0.000000 0.000000 
2106 0.000000 0.000000 
2107 0.000000 0.000000 
2108 0.000000 0.000000 
2109 0.000000 0.000000 
2110 0.000000 0.000000 
2111 0.000000 0.000000 
2112 0.000000 0.000000 
2113 0.000000 0.000000 
2114 0.000000 0.000000 
2115 0.000000 0.000000 
2116 0.000000 0.000000 
2117 0.000000 0.000000 
2118 0.000000 0.000000 
2119 0.000000 0.000000 
2120 0.000000 0.000000 
2121 0.000000 0.000000 
2122 0.000000 0.000000 
2123 0.000000 0.000000 
2124 0.000000 0.000000 
2125 0.000000 0.000000 
2126 0.000000 0.000000 
2127 0.000000 0.000000 
2128 0.000000 0.000000 
2129 0.000000 0.000000 
2130 0.000000 0.000000 
2131 0.000000 0.000000 
2132 0.000000 0.000000 
2133 0.000000 0.000000 
2134 0.000000 0.000000 
2135 0.000000 0.000000 
2136 0.000000 0.000000 
2137 0.000000 0.000000 
2138 0.000000 0.000000 
2139 0.000000 0.000000 
2140 0.000000 0.000000 
2141 0.000000 0.000000 
2142 0.000000 0.000000 
2143 0.000000 0.000000 
2144 0.000000 0.000000 
2145 0.000000 0.000000 
2146 0.000000 0.000000 
2147 0.000000 0.000000 
2148 0.000000 0.000000 
2149 0.000000 0.000000 
2150 0.000000 0.000000 
2151 0.000000 0.000000 
2152 0.000000 0.000000 
2153 0.000000 0.000000 
2154 0.000000 0.000000 
2155 0.000000 0.000000 
2156 0.000000 0.000000 
2157 0.000000 0.000000 
2158 0.000000 0.000000 
2159 0.000000 0.000000 
2160 0.000000 0.000000 
2161 0.000000 0.000000 
2162 0.000000 0.000000 
2163 0.000000 0.000000 
2164 0.000000 0.000000 
2165 0.000000 0.000000 
2166 0.000000 0.000000 
2167 0.000000 0.000000 
2168 0.000000 0.000000 
2169 0.000000 0.000000 
2170 0.000000 0.000000 
2171 0.000000 0.000000 
2172 0.000000 0.000000 
2173 0.000000 0.000000 
2174 0.000000 0.000000 
2175 0.000000 0.000000 
2176 0.000000 0.000000 
2177 0.000000 0.000000 
2178 0.000000 0.000000 
2179 0.000000 0.000000 
2180 0.000000 0.000000 
2181 0.000000 0.000000 
2182 0.000000 0.000000 
2183 0.000000 0.000000 
2184 0.000000 0.000000 
2185 0.000000 0.000000 
2186 0.000000 0.000000 
2187 0.000000 0.000000 
2188 0.000000 0.000000 
2189 0.000000 0.000000 
2190 0.000000 0.000000 
2191 0.000000 0.000000 
2192 0.000000 0.000000 
2193 0.000000 0.000000 
2194 0.000000 0.000000 
2195 0.000000 0.000000 
2196 0.000000 0.000000 
2197 0.000000 0.000000 
2198 0.000000 0.000000 
2199 0.000000 0.000000 
2200 0.000000 0.000000 
2201 0.000000 0.000000 
2202 0.000000 0.000000 
2203 0.000000 0.000000 
2204 0.000000 0.000000 
2205 0.000000 0.000000 
2206 0.000000 0.000000 
2207 0.000000 0.000000 
2208 0.000000 0.000000 
2209 0.000000 0.000000 
2210 0.000000 0.000000 
2211 0.000000 0.000000 
2212 0.000000 0.000000 
2213 0.000000 0.000000 
2214 0.000000 0.000000 
2215 0.000000 0.000000 
2216 0.000000 0.000000 
2217 0.000000 0.000000 
2218 0.000000 0.000000 
2219 0.000000 0.000000 
2220 0.000000 0.000000 
2221 0.000000 0.000000 
2222 0.000000 0.000000 
2223 0.000000 0.000000 
2224 0.000000 0.000000 
2225 0.000000 0.000000 
2226 0.000000 0.000000 
2227 0.000000 0.000000 
2228 0.000000 0.000000 
2229 0.000000 0.000000 
2230 0.000000 0.000000 
2231 0.000000 0.000000 
2232 0.000000 0.000000 
2233 0.000000 0.000000 
2234 0.000000 0.000000 
2235 0.000000 0.000000 
2236 0.000000 0.000000 
2237 0.000000 0.000000 
2238 0.000000 0.000000 
2239 0.000000 0.000000 
2240 0.000000 0.000000 
2241 0.000000 0.000000 
2242 0.000000 0.000000 
2243 0.000000 0.000000 
2244 0.000000 0.000000 
2245 0.000000 0.000000 
2246 0.000000 0.000000 
2247 0.000000 0.000000 
2248 0.000000 0.000000 
2249 0.000000 0.000000 
2250 0.000000 0.000000 
2251 0.000000 0.000000 
2252 0.000000 0.000000 
2253 0.000000 0.000000 
2254 0.000000 0.000000 
2255 0.000000 0.000000 
2256 0.000000 0.000000 
2257 0.000000 0.000000 
2258 0.000000 0.000000 
2259 0.000000 0.000000 
2260 0.000000 0.000000 
2261 0.000000 0.000000 
2262 0.000000 0.000000 
2263 0.000000 0.000000 
2264 0.000000 0.000000 
2265 0.000000 0.000000 
2266 0.000000 0.000000 
2267 0.000000 0.000000 
2268 0.000000 0.000000 
2269 0.000000 0.000000 
2270 0.000000 0.000000 
2271 0.000000 0.000000 
2272 0.000000 0.000000 
2273 0.000000 0.000000 
2274 0.000000 0.000000 
2275 0.000000 0.000000 
2276 0.000000 0.000000 
2277 0.000000 0.000000 
2278 0.000000 0.000000 
2279 0.000000 0.000000 
2280 0.000000 0.000000 
2281 0.000000 0.000000 
2282 0.000000 0.000000 
2283 0.000000 0.000000 
2284 0.000000 0.000000 
2285 0.000000 0.000000 
2286 0.000000 0.000000 
2287 0.000000 0.000000 
2288 0.000000 0.000000 
2289 0.000000 0.000000 
2290 0.000000 0.000000 
2291 0.000000 0.000000 
2292 0.000000 0.000000 
2293 0.000000 0.000000 
2294 0.000000 0.000000 
2295 0.000000 0.000000 
2296 0.000000 0.000000 
2297 0.000000 0.000000 
2298 0.000000 0.000000 
2299 0.000000 0.000000 
2300 0.000000 0.000000 
2301 0.000000 0.000000 
2302 0.000000 0.000000 
2303 0.000000 0.000000 
2304 0.000000 0.000000 
2305 0.000000 0.000000 
2306 0.000000 0.000000 
2307 0.000000 0.000000 
2308 0.000000 0.000000 
2309 0.000000 0.000000 
2310 0.000000 0.000000 
2311 0.000000 0.000000 
2312 0.000000 0.000000 
2313 0.000000 0.000000 
2314 0.000000 0.000000 
2315 0.000000 0.000000 
2316 0.000000 0.000000 
2317 0.000000 0.000000 
2318 0.000000 0.000000 
2319 0.000000 0.000000 
2320 0.000000 0.000000 
2321 0.000000 0.000000 
2322 0.000000 0.000000 
2323 0.000000 0.000000 
2324 0.000000 0.000000 
2325 0.000000 0.000000 
2326 0.000000 0.000000 
2327 0.000000 0.000000 
2328 0.000000 0.000000 
2329 0.000000 0.000000 
2330 0.000000 0.000000 
2331 0.000000 0.000000 
2332 0.000000 0.000000 
2333 0.000000 0.000000 
2334 0.000000 0.000000 
2335 0.000000 0.000000 
2336 0.000000 0.000000 
2337 0.000000 0.000000 
2338 0.000000 0.000000 
2339 0.000000 0.000000 
2340 0.000000 0.000000 
2341 0.000000 0.000000 
2342 0.000000 0.000000 
2343 0.000000 0.000000 
2344 0.000000 0.000000 
2345 0.000000 0.000000 
2346 0.000000 0.000000 
2347 0.000000 0.000000 
2348 0.000000 0.000000 
2349 0.000000 0.000000 
2350 0.000000 0.000000 
2351 0.000000 0.000000 
2352 0.000000 0.000000 
2353 0.000000 0.000000 
2354 0.000000 0.000000 
2355 0.000000 0.000000 
2356 0.000000 0.000000 
2357 0.000000 0.000000 
2358 0.000000 0.000000 
2359 0.000000 0.000000 
2360 0.000000 0.000000 
2361 0.000000 0.000000 
2362 0.000000 0.000000 
2363 0.000000 0.000000 
2364 0.000000 0.000000 
2365 0.000000 0.000000 
2366 0.000000 0.000000 
2367 0.000000 0.000000 
2368 0.000000 0.000000 
2369 0.000000 0.000000 
2370 0.000000 0.000000 
2371 0.000000 0.000000 
2372 0.000000 0.000000 
2373 0.000000 0.000000 
2374 0.000000 0.000000 
2375 0.000000 0.000000 
2376 0.000000 0.000000 
2377 0.000000 0.000000 
2378 0.000000 0.000000 
2379 0.000000 0.000000 
2380 0.000000 0.000000 
2381 0.000000 0.000000 
2382 0.000000 0.000000 
2383 0.000000 0.000000 
2384 0.000000 0.000000 
2385 0.000000 0.000000 
2386 0.000000 0.000000 
2387 0.000000 0.000000 
2388 0.000000 0.000000 
2389 0.000000 0.000000 
2390 0.000000 0.000000 
2391 0.000000 0.000000 
2392 0.000000 0.000000 
2393 0.000000 0.000000 
2394 0.000000 0.000000 
2395 0.000000 0.000000 
2396 0.000000 0.000000 
2397 0.000000 0.000000 
2398 0.000000 0.000000 
2399 0.000000 0.000000 
2400 0.000000 0.000000 
2401 0.000000 0.000000 
2402 0.000000 0.000000 
2403 0.000000 0.000000 
2404 0.000000 0.000000 
2405 0.000000 0.000000 
2406 0.000000 0.000000 
2407 0.000000 0.000000 
2408 0.000000 0.000000 
2409 0.000000 0.000000 
2410 0.000000 0.000000 
2411 0.000000 0.000000 
2412 0.000000 0.000000 
2413 0.000000 0.000000 
2414 0.000000 0.000000 
2415 0.000000 0.000000 
2416 0.000000 0.000000 
2417 0.000000 0.000000 
2418 0.000000 0.000000 
2419 0.000000 0.000000 
2420 0.000000 0.000000 
2421 0.000000 0.000000 
2422 0.000000 0.000000 
2423 0.000000 0.000000 
2424 0.000000 0.000000 
2425 0.000000 0.000000 
2426 0.000000 0.000000 
2427 0.000000 0.000000 
2428 0.000000 0.000000 
2429 0.000000 0.000000 
2430 0.000000 0.000000 
2431 0.000000 0.000000 
2432 0.000000 0.000000 
2433 0.000000 0.000000 
2434 0.000000 0.000000 
2435 0.000000 0.000000 
2436 0.000000 0.000000 
2437 0.000000 0.000000 
2438 0.000000 0.000000 
2439 0.000000 0.000000 
2440 0.000000 0.000000 
2441 0.000000 0.000000 
2442 0.000000 0.000000 
2443 0.000000 0.000000 
2444 0.000000 0.000000 
2445 0.000000 0.000000 
2446 0.000000 0.000000 
2447 0.000000 0.000000 
2448 0.000000 0.000000 
2449 0.000000 0.000000 
2450 0.000000 0.000000 
2451 0.000000 0.000000 
2452 0.000000 0.000000 
2453 0.000000 0.000000 
2454 0.000000 0.000000 
2455 0.000000 0.000000 
2456 0.000000 0.000000 
2457 0.000000 0.000000 
2458 0.000000 0.000000 
2459 0.000000 0.000000 
2460 0.000000 0.000000 
2461 0.000000 0.000000 
2462 0.000000 0.000000 
2463 0.000000 0.000000 
2464 0.000000 0.000000 
2465 0.000000 0.000000 
2466 0.000000 0.000000 
2467 0.000000 0.000000 
2468 0.000000 0.000000 
2469 0.000000 0.000000 
2470 0.000000 0.000000 
2471 0.000000 0.000000 
2472 0.000000 0.000000 
2473 0.000000 0.000000 
2474 0.000000 0.000000 
2475 0.000000 0.000000 
2476 0.000000 0.000000 
2477 0.000000 0.000000 
2478 0.000000 0.000000 
2479 0.000000 0.000000 
2480 0.000000 0.000000 
2481 0.000000 0.000000 
2482 0.000000 0.000000 
2483 0.000000 0.000000 
2484 0.000000 0.000000 
2485 0.000000 0.000000 
2486 0.000000 0.000000 
2487 0.000000 0.000000 
2488 0.000000 0.000000 
2489 0.000000 0.000000 
2490 0.000000 0.000000 
2491 0.000000 0.000000 
2492 0.000000 0.000000 
2493 0.000000 0.000000 
2494 0.000000 0.000000 
2495 0.000000 0.000000 
2496 0.000000 0.000000 
2497 0.000000 0.000000 
2498 0.000000 0.000000 
2499 0.000000 0.000000 
2500 0.000000 0.000000 
2501 0.000000 0.000000 
2502 0.000000 0.000000 
2503 0.000000 0.000000 
2504 0.000000 0.000000 
2505 0.000000 0.000000 
2506 0.000000 0.000000 
2507 0.000000 0.000000 
2508 0.000000 0.000000 
2509 0.000000 0.000000 
2510 0.000000 0.000000 
2511 0.000000 0.000000 
2512 0.000000 0.000000 
2513 0.000000 0.000000 
2514 0.000000 0.000000 
2515 0.000000 0.000000 
2516 0.000000 0.000000 
2517 0.000000 0.000000 
2518 0.000000 0.000000 
2519 0.000000 0.000000 
2520 0.000000 0.000000 
2521 0.000000 0.000000 
2522 0.000000 0.000000 
2523 0.000000 0.000000 
2524 0.000000 0.000000 
2525 0.000000 0.000000 
2526 0.000000 0.000000 
2527 0.000000 0.000000 
2528 0.000000 0.000000 
2529 0.000000 0.000000 
2530 0.000000 0.000000 
2531 0.000000 0.000000 
2532 0.000000 0.000000 
2533 0.000000 0.000000 
2534 0.000000 0.000000 
2535 0.000000 0.000000 
2536 0.000000 0.000000 
2537 0.000000 0.000000 
2538 0.000000 0.000000 
2539 0.000000 0.000000 
2540 0.000000 0.000000 
2541 0.000000 0.000000 
2542 0.000000 0.000000 
2543 0.000000 0.000000 
2544 0.000000 0.000000 
2545 0.000000 0.000000 
2546 0.000000 0.000000 
2547 0.000000 0.000000 
2548 0.000000 0.000000 
2549 0.000000 0.000000 
2550 0.000000 0.000000 
2551 0.000000 0.000000 
2552 0.000000 0.000000 
2553 0.000000 0.000000 
2554 0.000000 0.000000 
2555 0.000000 0.000000 
2556 0.000000 0.000000 
2557 0.000000 0.000000 
2558 0.000000 0.000000 
2559 0.000000 0.000000 
2560 0.000000 0.000000 
2561 0.000000 0.000000 
2562 0.000000 0.000000 
2563 0.000000 0.000000 
2564 0.000000 0.000000 
2565 0.000000 0.000000 
2566 0.000000 0.000000 
2567 0.000000 0.000000 
2568 0.000000 0.000000 
2569 0.000000 0.000000 
2570 0.000000 0.000000 
2571 0.000000 0.000000 
2572 0.000000 0.000000 
2573 0.000000 0.000000 
2574 0.000000 0.000000 
2575 0.000000 0.000000 
2576 0.000000 0.000000 
2577 0.000000 0.000000 
2578 0.000000 0.000000 
2579 0.000000 0.000000 
2580 0.000000 0.000000 
2581 0.000000 0.000000 
2582 0.000000 0.000000 
2583 0.000000 0.000000 
2584 0.000000 0.000000 
2585 0.000000 0.000000 
2586 0.000000 0.000000 
2587 0.000000 0.000000 
2588 0.000000 0.000000 
2589 0.000000 0.000000 
2590 0.000000 0.000000 
2591 0.000000 0.000000 
2592 0.000000 0.000000 
2593 0.000000 0.000000 
2594 0.000000 0.000000 
2595 0.000000 0.000000 
2596 0.000000 0.000000 
2597 0.000000 0.000000 
2598 0.000000 0.000000 
2599 0.000000 0.000000 
2600 0.000000 0.000000 
2601 0.000000 0.000000 
2602 0.000000 0.000000 
2603 0.000000 0.000000 
2604 0.000000 0.000000 
2605 0.000000 0.000000 
2606 0.000000 0.000000 
2607 0.000000 0.000000 
2608 0.000000 0.000000 
2609 0.000000 0.000000 
2610 0.000000 0.000000 
2611 0.000000 0.000000 
2612 0.000000 0.000000 
2613 0.000000 0.000000 
2614 0.000000 0.000000 
2615 0.000000 0.000000 
2616 0.000000 0.000000 
2617 0.000000 0.000000 
2618 0.000000 0.000000 
2619 0.000000 0.000000 
2620 0.000000 0.000000 
2621 0.000000 0.000000 
2622 0.000000 0.000000 
2623 0.000000 0.000000 
2624 0.000000 0.000000 
2625 0.000000 0.000000 
2626 0.000000 0.000000 
2627 0.000000 0.000000 
2628 0.000000 0.000000 
2629 0.000000 0.000000 
2630 0.000000 0.000000 
2631 0.000000 0.000000 
2632 0.000000 0.000000 
2633 0.000000 0.000000 
2634 0.000000 0.000000 
2635 0.000000 0.000000 
2636 0.000000 0.000000 
2637 0.000000 0.000000 
2638 0.000000 0.000000 
2639 0.000000 0.000000 
2640 0.000000 0.000000 
2641 0.000000 0.000000 
2642 0.000000 0.000000 
2643 0.000000 0.000000 
2644 0.000000 0.000000 
2645 0.000000 0.000000 
2646 0.000000 0.000000 
2647 0.000000 0.000000 
2648 0.000000 0.000000 
2649 0.000000 0.000000 
2650 0.000000 0.000000 
2651 0.000000 0.000000 
2652 0.000000 0.000000 
2653 0.000000 0.000000 
2654 0.000000 0.000000 
2655 0.000000 0.000000 
2656 0.000000 0.000000 
2657 0.000000 0.000000 
2658 0.000000 0.000000 
2659 0.000000 0.000000 
2660 0.000000 0.000000 
2661 0.000000 0.000000 
2662 0.000000 0.000000 
2663 0.000000 0.000000 
2664 0.000000 0.000000 
2665 0.000000 0.000000 
2666 0.000000 0.000000 
2667 0.000000 0.000000 
2668 0.000000 0.000000 
2669 0.000000 0.000000 
2670 0.000000 0.000000 
2671 0.000000 0.000000 
2672 0.000000 0.000000 
2673 0.000000 0.000000 
2674 0.000000 0.000000 
2675 0.000000 0.000000 
2676 0.000000 0.000000 
2677 0.000000 0.000000 
2678 0.000000 0.000000 
2679 0.000000 0.000000 
2680 0.000000 0.000000 
2681 0.000000 0.000000 
2682 0.000000 0.000000 
2683 0.000000 0.000000 
2684 0.000000 0.000000 
2685 0.000000 0.000000 
2686 0.000000 0.000000 
2687 0.000000 0.000000 
2688 0.000000 0.000000 
2689 0.000000 0.000000 
2690 0.000000 0.000000 
2691 0.000000 0.000000 
2692 0.000000 0.000000 
2693 0.000000 0.000000 
2694 0.000000 0.000000 
2695 0.000000 0.000000 
2696 0.000000 0.000000 
2697 0.000000 0.000000 
2698 0.000000 0.000000 
2699 0.000000 0.000000 
2700 0.000000 0.000000 
2701 0.000000 0.000000 
2702 0.000000 0.000000 
2703 0.000000 0.000000 
2704 0.000000 0.000000 
2705 0.000000 0.000000 
2706 0.000000 0.000000 
2707 0.000000 0.000000 
2708 0.000000 0.000000 
2709 0.000000 0.000000 
2710 0.000000 0.000000 
2711 0.000000 0.000000 
2712 0.000000 0.000000 
2713 0.000000 0.000000 
2714 0.000000 0.000000 
2715 0.000000 0.000000 
2716 0.000000 0.000000 
2717 0.000000 0.000000 
2718 0.000000 0.000000 
2719 0.000000 0.000000 
2720 0.000000 0.000000 
2721 0.000000 0.000000 
2722 0.000000 0.000000 
2723 0.000000 0.000000 
2724 0.000000 0.000000 
2725 0.000000 0.000000 
2726 0.000000 0.000000 
2727 0.000000 0.000000 
2728 0.000000 0.000000 
2729 0.000000 0.000000 
2730 0.000000 0.000000 
2731 0.000000 0.000000 
2732 0.000000 0.000000 
2733 0.000000 0.000000 
2734 0.000000 0.000000 
2735 0.000000 0.000000 
2736 0.000000 0.000000 
2737 0.000000 0.000000 
2738 0.000000 0.000000 
2739 0.000000 0.000000 
2740 0.000000 0.000000 
2741 0.000000 0.000000 
2742 0.000000 0.000000 
2743 0.000000 0.000000 
2744 0.000000 0.000000 
2745 0.000000 0.000000 
2746 0.000000 0.000000 
2747 0.000000 0.000000 
2748 0.000000 0.000000 
2749 0.000000 0.000000 
2750 0.000000 0.000000 
2751 0.000000 0.000000 
2752 0.000000 0.000000 
2753 0.000000 0.000000 
2754 0.000000 0.000000 
2755 0.000000 0.000000 
2756 0.000000 0.000000 
2757 0.000000 0.000000 
2758 0.000000 0.000000 
2759 0.000000 0.000000 
2760 0.000000 0.000000 
2761 0.000000 0.000000 
2762 0.000000 0.000000 
2763 0.000000 0.000000 
2764 0.000000 0.000000 
2765 0.000000 0.000000 
2766 0.000000 0.000000 
2767 0.000000 0.000000 
2768 0.000000 0.000000 
2769 0.000000 0.000000 
2770 0.000000 0.000000 
2771 0.000000 0.000000 
2772 0.000000 0.000000 
2773 0.000000 0.000000 
2774 0.000000 0.000000 
2775 0.000000 0.000000 
2776 0.000000 0.000000 
2777 0.000000 0.000000 
2778 0.000000 0.000000 
2779 0.000000 0.000000 
2780 0.000000 0.000000 
2781 0.000000 0.000000 
2782 0.000000 0.000000 
2783 0.000000 0.000000 
2784 0.000000 0.000000 
2785 0.000000 0.000000 
2786 0.000000 0.000000 
2787 0.000000 0.000000 
2788 0.000000 0.000000 
2789 0.000000 0.000000 
2790 0.000000 0.000000 
2791 0.000000 0.000000 
2792 0.000000 0.000000 
2793 0.000000 0.000000 
2794 0.000000 0.000000 
2795 0.000000 0.000000 
2796 0.000000 0.000000 
2797 0.000000 0.000000 
2798 0.000000 0.000000 
2799 0.000000 0.000000 
2800 0.000000 0.000000 
2801 0.000000 0.000000 
2802 0.000000 0.000000 
2803 0.000000 0.000000 
2804 0.000000 0.000000 
2805 0.000000 0.000000 
2806 0.000000 0.000000 
2807 0.000000 0.000000 
2808 0.000000 0.000000 
2809 0.000000 0.000000 
2810 0.000000 0.000000 
2811 0.000000 0.000000 
2812 0.000000 0.000000 
2813 0.000000 0.000000 
2814 0.000000 0.000000 
2815 0.000000 0.000000 
2816 0.000000 0.000000 
2817 0.000000 0.000000 
2818 0.000000 0.000000 
2819 0.000000 0.000000 
2820 0.000000 0.000000 
2821 0.000000 0.000000 
2822 0.000000 0.000000 
2823 0.000000 0.000000 
2824 0.000000 0.000000 
2825 0.000000 0.000000 
2826 0.000000 0.000000 
2827 0.000000 0.000000 
2828 0.000000 0.000000 
2829 0.000000 0.000000 
2830 0.000000 0.000000 
2831 0.000000 0.000000 
2832 0.000000 0.000000 
2833 0.000000 0.000000 
2834 0.000000 0.000000 
2835 0.000000 0.000000 
2836 0.000000 0.000000 
2837 0.000000 0.000000 
2838 0.000000 0.000000 
2839 0.000000 0.000000 
2840 0.000000 0.000000 
2841 0.000000 0.000000 
2842 0.000000 0.000000 
2843 0.000000 0.000000 
2844 0.000000 0.000000 
2845 0.000000 0.000000 
2846 0.000000 0.000000 
2847 0.000000 0.000000 
2848 0.000000 0.000000 
2849 0.000000 0.000000 
2850 0.000000 0.000000 
2851 0.000000 0.000000 
2852 0.000000 0.000000 
2853 0.000000 0.000000 
2854 0.000000 0.000000 
2855 0.000000 0.000000 
2856 0.000000 0.000000 
2857 0.000000 0.000000 
2858 0.000000 0.000000 
2859 0.000000 0.000000 
2860 0.000000 0.000000 
2861 0.000000 0.000000 
2862 0.000000 0.000000 
2863 0.000000 0.000000 
2864 0.000000 0.000000 
2865 0.000000 0.000000 
2866 0.000000 0.000000 
2867 0.000000 0.000000 
2868 0.000000 0.000000 
2869 0.000000 0.000000 
2870 0.000000 0.000000 
2871 0.000000 0.000000 
2872 0.000000 0.000000 
2873 0.000000 0.000000 
2874 0.000000 0.000000 
2875 0.000000 0.000000 
2876 0.000000 0.000000 
2877 0.000000 0.000000 
2878 0.000000 0.000000 
2879 0.000000 0.000000 
2880 0.000000 0.000000 
2881 0.000000 0.000000 
2882 0.000000 0.000000 
2883 0.000000 0.000000 
2884 0.000000 0.000000 
2885 0.000000 0.000000 
2886 0.000000 0.000000 
2887 0.000000 0.000000 
2888 0.000000 0.000000 
2889 0.000000 0.000000 
2890 0.000000 0.000000 
2891 0.000000 0.000000 
2892 0.000000 0.000000 
2893 0.000000 0.000000 
2894 0.000000 0.000000 
2895 0.000000 0.000000 
2896 0.000000 0.000000 
2897 0.000000 0.000000 
2898 0.000000 0.000000 
2899 0.000000 0.000000 
2900 0.000000 0.000000 
2901 0.000000 0.000000 
2902 0.000000 0.000000 
2903 0.000000 0.000000 
2904 0.000000 0.000000 
2905 0.000000 0.000000 
2906 0.000000 0.000000 
2907 0.000000 0.000000 
2908 0.000000 0.000000 
2909 0.000000 0.000000 
2910 0.000000 0.000000 
2911 0.000000 0.000000 
2912 0.000000 0.000000 
2913 0.000000 0.000000 
2914 0.000000 0.000000 
2915 0.000000 0.000000 
2916 0.000000 0.000000 
2917 0.000000 0.000000 
2918 0.000000 0.000000 
2919 0.000000 0.000000 
2920 0.000000 0.000000 
2921 0.000000 0.000000 
2922 0.000000 0.000000 
2923 0.000000 0.000000 
2924 0.000000 0.000000 
2925 0.000000 0.000000 
2926 0.000000 0.000000 
2927 0.000000 0.000000 
2928 0.000000 0.000000 
2929 0.000000 0.000000 
2930 0.000000 0.000000 
2931 0.000000 0.000000 
2932 0.000000 0.000000 
2933 0.000000 0.000000 
2934 0.000000 0.000000 
2935 0.000000 0.000000 
2936 0.000000 0.000000 
2937 0.000000 0.000000 
2938 0.000000 0.000000 
2939 0.000000 0.000000 
2940 0.000000 0.000000 
2941 0.000000 0.000000 
2942 0.000000 0.000000 
2943 0.000000 0.000000 
2944 0.000000 0.000000 
2945 0.000000 0.000000 
2946 0.000000 0.000000 
2947 0.000000 0.000000 
2948 0.000000 0.000000 
2949 0.000000 0.000000 
2950 0.000000 0.000000 
2951 0.000000 0.000000 
2952 0.000000 0.000000 
2953 0.000000 0.000000 
2954 0.000000 0.000000 
2955 0.000000 0.000000 
2956 0.000000 0.000000 
2957 0.000000 0.000000 
2958 0.000000 0.000000 
2959 0.000000 0.000000 
2960 0.000000 0.000000 
2961 0.000000 0.000000 
2962 0.000000 0.000000 
2963 0.000000 0.000000 
2964 0.000000 0.000000 
2965 0.000000 0.000000 
2966 0.000000 0.000000 
2967 0.000000 0.000000 
2968 0.000000 0.000000 
2969 0.000000 0.000000 
2970 0.000000 0.000000 
2971 0.000000 0.000000 
2972 0.000000 0.000000 
2973 0.000000 0.000000 
2974 0.000000 0.000000 
2975 0.000000 0.000000 
2976 0.000000 0.000000 
2977 0.000000 0.000000 
2978 0.000000 0.000000 
2979 0.000000 0.000000 
2980 0.000000 0.000000 
2981 0.000000 0.000000 
2982 0.000000 0.000000 
2983 0.000000 0.000000 
2984 0.000000 0.000000 
2985 0.000000 0.000000 
2986 0.000000 0.000000 
2987 0.000000 0.000000 
2988 0.000000 0.000000 
2989 0.000000 0.000000 
2990 0.000000 0.000000 
2991 0.000000 0.000000 
2992 0.000000 0.000000 
2993 0.000000 0.000000 
2994 0.000000 0.000000 
2995 0.000000 0.000000 
2996 0.000000 0.000000 
2997 0.000000 0.000000 
2998 0.000000 0.000000 
2999 0.000000 0.000000 
3000 0.000000 0.000000 
3001 0.000000 0.000000 
3002 0.000000 0.000000 
3003 0.000000 0.000000 
3004 0.000000 0.000000 
3005 0.000000 0.000000 
3006 0.000000 0.000000 
3007 0.000000 0.000000 
3008 0.000000 0.000000 
3009 0.000000 0.000000 
3010 0.000000 0.000000 
3011 0.000000 0.000000 
3012 0.000000 0.000000 
3013 0.000000 0.000000 
3014 0.000000 0.000000 
3015 0.000000 0.000000 
3016 0.000000 0.000000 
3017 0.000000 0.000000 
3018 0.000000 0.000000 
3019 0.000000 0.000000 
3020 0.000000 0.000000 
3021 0.000000 0.000000 
3022 0.000000 0.000000 
3023 0.000000 0.000000 
3024 0.000000 0.000000 
3025 0.000000 0.000000 
3026 0.000000 0.000000 
3027 0.000000 0.000000 
3028 0.000000 0.000000 
3029 0.000000 0.000000 
3030 0.000000 0.000000 
3031 0.000000 0.000000 
3032 0.000000 0.000000 
3033 0.000000 0.000000 
3034 0.000000 0.000000 
3035 0.000000 0.000000 
3036 0.000000 0.000000 
3037 0.000000 0.000000 
3038 0.000000 0.000000 
3039 0.000000 0.000000 
3040 0.000000 0.000000 
3041 0.000000 0.000000 
3042 0.000000 0.000000 
3043 0.000000 0.000000 
3044 0.000000 0.000000 
3045 0.000000 0.000000 
3046 0.000000 0.000000 
3047 0.000000 0.000000 
3048 0.000000 0.000000 
3049 0.000000 0.000000 
3050 0.000000 0.000000 
3051 0.000000 0.000000 
3052 0.000000 0.000000 
3053 0.000000 0.000000 
3054 0.000000 0.000000 
3055 0.000000 0.000000 
3056 0.000000 0.000000 
3057 0.000000 0.000000 
3058 0.000000 0.000000 
3059 0.000000 0.000000 
3060 0.000000 0.000000 
3061 0.000000 0.000000 
3062 0.000001 0.000000 
3063 0.000001 0.000000 
3064 0.000001 0.000000 
3065 0.000001 0.000000 
3066 0.000001 0.000000 
3067 0.000001 0.000000 
3068 0.000001 0.000000 
3069 0.000001 0.000000 
3070 0.000001 0.000000 
3071 0.000001 0.000000 
3072 0.000001 0.000000 
3073 0.000001 0.000000 
3074 0.000001 0.000000 
3075 0.000001 0.000000 
3076 0.000001 0.000000 
3077 0.000001 0.000000 
3078 0.000001 0.000000 
3079 0.000001 0.000000 
3080 0.000001 0.000000 
3081 0.000001 0.000000 
3082 0.000001 0.000000 
3083 0.000001 0.000000 
3084 0.000001 0.000000 
3085 0.000001 0.000000 
3086 0.000002 0.000000 
3087 0.000002 0.000000 
3088 0.000002 0.000000 
3089 0.000002 0.000000 
3090 0.000002 0.000000 
3091 0.000002 0.000000 
3092 0.000002 0.000000 
3093 0.000002 0.000000 
3094 0.000002 0.000000 
3095 0.000002 0.000000 
3096 0.000002 0.000000 
3097 0.000003 0.000000 
3098 0.000003 0.000000 
3099 0.000003 0.000000 
3100 0.000003 0.000000 
3101 0.000003 0.000000 
3102 0.000003 0.000000 
3103 0.000003 0.000000 
3104 0.000003 0.000000 
3105 0.000004 0.000000 
3106 0.000004 0.000000 
3107 0.000004 0.000000 
3108 0.000004 0.000000 
3109 0.000004 0.000000 
3110 0.000004 0.000000 
3111 0.000005 0.000000 
3112 0.000005 0.000000 
3113 0.000005 0.000000 
3114 0.000005 0.000000 
3115 0.000005 0.000000 
3116 0.000006 0.000000 
3117 0.000006 0.000000 
3118 0.000006 0.000000 
3119 0.000006 0.000000 
3120 0.000007 0.000000 
3121 0.000007 0.000000 
3122 0.000007 0.000000 
3123 0.000008 0.000000 
3124 0.000008 0.000000 
3125 0.000008 0.000000 
3126 0.000009 0.000000 
3127 0.000009 0.000000 
3128 0.000009 0.000000 
3129 0.000010 0.000000 
3130 0.000010 0.000000 
3131 0.000011 0.000000 
3132 0.000011 0.000000 
3133 0.000012 0.000000 
3134 0.000012 0.000000 
3135 0.000013 0.000000 
3136 0.000013 0.000000 
3137 0.000014 0.000000 
3138 0.000014 0.000000 
3139 0.000015 0.000000 
3140 0.000016 0.000000 
3141 0.000016 0.000000 
3142 0.000017 0.000000 
3143 0.000018 0.000000 
3144 0.000018 0.000000 
3145 0.000019 0.000000 
3146 0.000020 0.000000 
3147 0.000021 0.000000 
3148 0.000022 0.000000 
3149 0.000023 0.000000 
3150 0.000023 0.000000 
3151 0.000024 0.000000 
3152 0.000025 0.000000 
3153 0.000026 0.000000 
3154 0.000028 0.000000 
3155 0.000029 0.000000 
3156 0.000030 0.000000 
3157 0.000031 0.000000 
3158 0.000032 0.000000 
3159 0.000034 0.000000 
3160 0.000035 0.000000 
3161 0.000036 0.000000 
3162 0.000038 0.000000 
3163 0.000039 0.000000 
3164 0.000041 0.000000 
3165 0.000043 0.000000 
3166 0.000044 0.000000 
3167 0.000046 0.000000 
3168 0.000048 0.000000 
3169 0.000050 0.000000 
3170 0.000052 0.000000 
3171 0.000054 0.000000 
3172 0.000056 0.000000 
3173 0.000059 0.000000 
3174 0.000061 0.000000 
3175 0.000063 0.000000 
3176 0.000066 0.000000 
3177 0.000068 0.000000 
3178 0.000071 0.000000 
3179 0.000074 0.000000 
3180 0.000077 0.000000 
3181 0.000080 0.000000 
3182 0.000083 0.000000 
3183 0.000086 0.000000 
3184 0.000090 0.000000 
3185 0.000093 0.000000 
3186 0.000097 0.000000 
3187 0.000101 0.000000 
3188 0.000105 0.000000 
3189 0.000109 0.000000 
3190 0.000113 0.000000 
3191 0.000117 0.000000 
3192 0.000122 0.000000 
3193 0.000126 0.000000 
3194 0.000131 0.000000 
3195 0.000136 0.000000 
3196 0.000142 0.000000 
3197 0.000147 0.000000 
3198 0.000153 0.000000 
3199 0.000158 0.000000 
3200 0.000164 0.000000 
3201 0.000171 0.000000 
3202 0.000177 0.000000 
3203 0.000184 0.000000 
3204 0.000191 0.000000 
3205 0.000198 0.000000 
3206 0.000206 0.000000 
3207 0.000213 0.000000 
3208 0.000221 0.000000 
3209 0.000230 0.000000 
3210 0.000238 0.000000 
3211 0.000247 0.000000 
3212 0.000257 0.000000 
3213 0.000266 0.000000 
3214 0.000276 0.000000 
3215 0.000286 0.000000 
3216 0.000297 0.000000 
3217 0.000308 0.000000 
3218 0.000319 0.000000 
3219 0.000331 0.000000 
3220 0.000343 0.000000 
3221 0.000356 0.000000 
3222 0.000369 0.000000 
3223 0.000383 0.000000 
3224 0.000397 0.000000 
3225 0.000411 0.000000 
3226 0.000426 0.000000 
3227 0.000442 0.000000 
3228 0.000458 0.000000 
3229 0.000474 0.000000 
3230 0.000491 0.000000 
3231 0.000509 0.000000 
3232 0.000527 0.000000 
3233 0.000546 0.000000 
3234 0.000566 0.000000 
3235 0.000586 0.000000 
3236 0.000607 0.000000 
3237 0.000629 0.000000 
3238 0.000652 0.000000 
3239 0.000675 0.000000 
3240 0.000699 0.000000 
3241 0.000724 0.000000 
3242 0.000749 0.000000 
3243 0.000776 0.000000 
3244 0.000803 0.000000 
3245 0.000832 0.000000 
3246 0.000861 0.000000 
3247 0.000891 0.000000 
3248 0.000922 0.000000 
3249 0.000955 0.000000 
3250 0.000988 0.000000 
3251 0.001022 0.000000 
3252 0.001058 0.000000 
3253 0.001095 0.000000 
3254 0.001133 0.000000 
3255 0.001172 0.000000 
3256 0.001212 0.000000 
3257 0.001254 0.000000 
3258 0.001297 0.000000 
3259 0.001342 0.000000 
3260 0.001388 0.000000 
3261 0.001435 0.000000 
3262 0.001484 0.000000 
3263 0.001535 0.000000 
3264 0.001587 0.000000 
3265 0.001641 0.000000 
3266 0.001697 0.000000 
3267 0.001754 0.000000 
3268 0.001813 0.000000 
3269 0.001874 0.000000 
3270 0.001938 0.000000 
3271 0.002003 0.000000 
3272 0.002070 0.000000 
3273 0.002139 0.000000 
3274 0.002210 0.000000 
3275 0.002284 0.000000 
3276 0.002360 0.000000 
3277 0.002438 0.000000 
3278 0.002519 0.000000 
3279 0.002602 0.000000 
3280 0.002688 0.000000 
3281 0.002777 0.000000 
3282 0.002868 0.000000 
3283 0.002962 0.000000 
3284 0.003059 0.000000 
3285 0.003159 0.000000 
3286 0.003262 0.000000 
3287 0.003368 0.000000 
3288 0.003478 0.000000 
3289 0.003590 0.000000 
3290 0.003707 0.000000 
3291 0.003826 0.000000 
3292 0.003950 0.000000 
3293 0.004077 0.000000 
3294 0.004208 0.000000 
3295 0.004342 0.000000 
3296 0.004481 0.000000 
3297 0.004624 0.000000 
3298 0.004771 0.000000 
3299 0.004923 0.000000 
3300 0.005079 0.000000 
3301 0.005240 0.000000 
3302 0.005406 0.000000 
3303 0.005576 0.000000 
3304 0.005751 0.000000 
3305 0.005932 0.000000 
3306 0.006118 0.000000 
3307 0.006309 0.000000 
3308 0.006506 0.000000 
3309 0.006708 0.000000 
3310 0.006917 0.000000 
3311 0.007131 0.000000 
3312 0.007352 0.000000 
3313 0.007579 0.000000 
3314 0.007813 0.000000 
3315 0.008053 0.000000 
3316 0.008300 0.000000 
3317 0.008554 0.000000 
3318 0.008816 0.000000 
3319 0.009085 0.000000 
3320 0.009361 0.000000 
3321 0.009645 0.000000 
3322 0.009938 0.000000 
3323 0.010238 0.000000 
3324 0.010547 0.000000 
3325 0.010865 0.000000 
3326 0.011191 0.000000 
3327 0.011527 0.000000 
3328 0.011871 0.000000 
3329 0.012226 0.000000 
3330 0.012590 0.000000 
3331 0.012964 0.000000 
3332 0.013349 0.000000 
3333 0.013744 0.000000 
3334 0.014150 0.000000 
3335 0.014567 0.000000 
3336 0.014995 0.000000 
3337 0.015435 0.000000 
3338 0.015887 0.000000 
3339 0.016352 0.000000 
3340 0.016828 0.000000 
3341 0.017318 0.000000 
3342 0.017820 0.000000 
3343 0.018336 0.000000 
3344 0.018866 0.000000 
3345 0.019410 0.000000 
3346 0.019968 0.000000 
3347 0.020542 0.000000 
3348 0.021130 0.000000 
3349 0.021734 0.000000 
3350 0.022353 0.000000 
3351 0.022989 0.000000 
3352 0.023642 0.000000 
3353 0.024311 0.000000 
3354 0.024998 0.000000 
3355 0.025703 0.000000 
3356 0.026426 0.000000 
3357 0.027167 0.000000 
3358 0.027928 0.000000 
3359 0.028708 0.000000 
3360 0.029508 0.000000 
3361 0.030329 0.000000 
3362 0.031170 0.000000 
3363 0.032033 0.000000 
3364 0.032918 0.000000 
3365 0.033825 0.000000 
3366 0.034755 0.000000 
3367 0.035708 0.000000 
3368 0.036685 0.000000 
3369 0.037686 0.000000 
3370 0.038712 0.000000 
3371 0.039764 0.000000 
3372 0.040842 0.000000 
3373 0.041946 0.000000 
3374 0.043078 0.000000 
3375 0.044237 0.000000 
3376 0.045425 0.000000 
3377 0.046641 0.000000 
3378 0.047888 0.000000 
3379 0.049164 0.000000 
3380 0.050472 0.000000 
3381 0.051811 0.000000 
3382 0.053182 0.000000 
3383 0.054586 0.000000 
3384 0.056024 0.000000 
3385 0.057495 0.000000 
3386 0.059002 0.000000 
3387 0.060545 0.000000 
3388 0.062124 0.000000 
3389 0.063741 0.000000 
3390 0.065395 0.000000 
3391 0.067088 0.000000 
3392 0.068821 0.000000 
3393 0.070594 0.000000 
3394 0.072408 0.000000 
3395 0.074264 0.000000 
3396 0.076163 0.000000 
3397 0.078106 0.000000 
3398 0.080093 0.000000 
3399 0.082126 0.000000 
3400 0.084205 0.000000 
3401 0.086332 0.000000 
3402 0.088506 0.000000 
3403 0.090730 0.000000 
3404 0.093004 0.000000 
3405 0.095329 0.000000 
3406 0.097705 0.000000 
3407 0.100135 0.000000 
3408 0.102619 0.000000 
3409 0.105158 0.000000 
3410 0.107753 0.000000 
3411 0.110406 0.000000 
3412 0.113116 0.000000 
3413 0.115886 0.000000 
3414 0.118717 0.000000 
3415 0.121608 0.000000 
3416 0.124563 0.000000 
3417 0.127582 0.000000 
3418 0.130665 0.000000 
3419 0.133815 0.000000 
3420 0.137032 0.000000 
3421 0.140317 0.000000 
3422 0.143673 0.000000 
3423 0.147099 0.000000 
3424 0.150598 0.000000 
3425 0.154171 0.000000 
3426 0.157818 0.000000 
3427 0.161542 0.000000 
3428 0.165343 0.000000 
3429 0.169224 0.000000 
3430 0.173184 0.000000 
3431 0.177226 0.000000 
3432 0.181351 0.000000 
3433 0.185561 0.000000 
3434 0.189857 0.000000 
3435 0.194240 0.000000 
3436 0.198711 0.000000 
3437 0.203274 0.000000 
3438 0.207927 0.000000 
3439 0.212675 0.000000 
3440 0.217517 0.000000 
3441 0.222455 0.000000 
3442 0.227491 0.000000 
3443 0.232627 0.000000 
3444 0.237864 0.000000 
3445 0.243204 0.000000 
3446 0.248648 0.000000 
3447 0.254199 0.000000 
3448 0.259857 0.000000 
3449 0.265624 0.000000 
3450 0.271503 0.000000 
3451 0.277494 0.000000 
3452 0.283600 0.000000 
3453 0.289822 0.000000 
3454 0.296162 0.000000 
3455 0.302623 0.000000 
3456 0.309204 0.000000 
3457 0.315910 0.000000 
3458 0.322740 0.000000 
3459 0.329698 0.000000 
3460 0.336785 0.000000 
3461 0.344003 0.000001 
3462 0.351353 0.000001 
3463 0.358839 0.000001 
3464 0.366461 0.000001 
3465 0.374221 0.000001 
3466 0.382123 0.000001 
3467 0.390166 0.000001 
3468 0.398355 0.000001 
3469 0.406689 0.000001 
3470 0.415173 0.000001 
3471 0.423806 0.000001 
3472 0.432593 0.000001 
3473 0.441534 0.000001 
3474 0.450632 0.000001 
3475 0.459889 0.000001 
3476 0.469307 0.000001 
3477 0.478887 0.000001 
3478 0.488633 0.000001 
3479 0.498547 0.000001 
3480 0.508629 0.000001 
3481 0.518884 0.000001 
3482 0.529312 0.000001 
3483 0.539916 0.000001 
3484 0.550698 0.000001 
3485 0.561661 0.000002 
3486 0.572806 0.000002 
3487 0.584136 0.000002 
3488 0.595653 0.000002 
3489 0.607360 0.000002 
3490 0.619257 0.000002 
3491 0.631349 0.000002 
3492 0.643637 0.000002 
3493 0.656123 0.000002 
3494 0.668809 0.000002 
3495 0.681699 0.000002 
3496 0.694793 0.000002 
3497 0.708095 0.000003 
3498 0.721607 0.000003 
3499 0.735331 0.000003 
3500 0.749269 0.000003 
3501 0.763424 0.000003 
3502 0.777798 0.000003 
3503 0.792393 0.000003 
3504 0.807212 0.000003 
3505 0.822256 0.000004 
3506 0.837529 0.000004 
3507 0.853033 0.000004 
3508 0.868769 0.000004 
3509 0.884741 0.000004 
3510 0.900951 0.000005 
3511 0.917400 0.000005 
3512 0.934091 0.000005 
3513 0.951027 0.000005 
3514 0.968209 0.000005 
3515 0.985641 0.000006 
3516 1.003324 0.000006 
3517 1.021261 0.000006 
3518 1.039454 0.000006 
3519 1.057904 0.000007 
3520 1.076616 0.000007 
3521 1.095590 0.000007 
3522 1.114829 0.000008 
3523 1.134336 0.000008 
3524 1.154111 0.000008 
3525 1.174159 0.000009 
3526 1.194480 0.000009 
3527 1.215078 0.000009 
3528 1.235954 0.000010 
3529 1.257110 0.000010 
3530 1.278548 0.000011 
3531 1.300272 0.000011 
3532 1.322282 0.000011 
3533 1.344581 0.000012 
3534 1.367171 0.000012 
3535 1.390054 0.000013 
3536 1.413232 0.000014 
3537 1.436706 0.000014 
3538 1.460480 0.000015 
3539 1.484555 0.000015 
3540 1.508933 0.000016 
3541 1.533616 0.000017 
3542 1.558605 0.000017 
3543 1.583903 0.000018 
3544 1.609512 0.000019 
3545 1.635432 0.000020 
3546 1.661667 0.000020 
3547 1.688217 0.000021 
3548 1.715085 0.000022 
3549 1.742272 0.000023 
3550 1.769780 0.000024 
3551 1.797610 0.000025 
3552 1.825764 0.000026 
3553 1.854244 0.000027 
3554 1.883050 0.000028 
3555 1.912185 0.000029 
3556 1.941650 0.000031 
3557 1.971447 0.000032 
3558 2.001575 0.000033 
3559 2.032038 0.000035 
3560 2.062836 0.000036 
3561 2.093971 0.000037 
3562 2.125443 0.000039 
3563 2.157253 0.000040 
3564 2.189404 0.000042 
3565 2.221895 0.000044 
3566 2.254728 0.000046 
3567 2.287904 0.000047 
3568 2.321424 0.000049 
3569 2.355288 0.000051 
3570 2.389497 0.000053 
3571 2.424052 0.000055 
3572 2.458954 0.000058 
3573 2.494203 0.000060 
3574 2.529799 0.000062 
3575 2.565744 0.000065 
3576 2.602038 0.000067 
3577 2.638681 0.000070 
3578 2.675673 0.000073 
3579 2.713015 0.000076 
3580 2.750707 0.000079 
3581 2.788749 0.000082 
3582 2.827140 0.000085 
3583 2.865882 0.000088 
3584 2.904974 0.000092 
3585 2.944416 0.000096 
3586 2.984208 0.000099 
3587 3.024349 0.000103 
3588 3.064839 0.000107 
3589 3.105678 0.000111 
3590 3.146865 0.000116 
3591 3.188400 0.000120 
3592 3.230282 0.000125 
3593 3.272510 0.000130 
3594 3.315084 0.000135 
3595 3.358003 0.000140 
3596 3.401265 0.000145 
3597 3.444871 0.000151 
3598 3.488818 0.000156 
3599 3.533106 0.000162 
3600 3.577733 0.000169 
3601 3.622698 0.000175 
3602 3.668000 0.000182 
3603 3.713638 0.000189 
3604 3.759609 0.000196 
3605 3.805912 0.000203 
3606 3.852546 0.000211 
3607 3.899508 0.000219 
3608 3.946797 0.000227 
3609 3.994410 0.000236 
3610 4.042347 0.000244 
3611 4.090604 0.000254 
3612 4.139179 0.000263 
3613 4.188070 0.000273 
3614 4.237275 0.000283 
3615 4.286791 0.000294 
3616 4.336616 0.000304 
3617 4.386746 0.000316 
3618 4.437180 0.000327 
3619 4.487914 0.000339 
3620 4.538946 0.000352 
3621 4.590272 0.000365 
3622 4.641889 0.000378 
3623 4.693794 0.000392 
3624 4.745985 0.000407 
3625 4.798457 0.000421 
3626 4.851206 0.000437 
3627 4.904231 0.000453 
3628 4.957526 0.000469 
3629 5.011088 0.000486 
3630 5.064914 0.000504 
3631 5.118999 0.000522 
3632 5.173339 0.000541 
3633 5.227931 0.000560 
3634 5.282770 0.000580 
3635 5.337851 0.000601 
3636 5.393171 0.000623 
3637 5.448725 0.000645 
3638 5.504509 0.000668 
3639 5.560517 0.000692 
3640 5.616746 0.000717 
3641 5.673189 0.000742 
3642 5.729843 0.000768 
3643 5.786703 0.000795 
3644 5.843763 0.000824 
3645 5.901018 0.000853 
3646 5.958463 0.000883 
3647 6.016092 0.000914 
3648 6.073900 0.000946 
3649 6.131883 0.000979 
3650 6.190033 0.001013 
3651 6.248345 0.001048 
3652 6.306814 0.001085 
3653 6.365434 0.001122 
3654 6.424198 0.001161 
3655 6.483102 0.001201 
3656 6.542138 0.001243 
3657 6.601300 0.001286 
3658 6.660583 0.001330 
3659 6.719979 0.001376 
3660 6.779483 0.001423 
3661 6.839088 0.001471 
3662 6.898787 0.001522 
3663 6.958574 0.001574 
3664 7.018442 0.001627 
3665 7.078384 0.001682 
3666 7.138394 0.001739 
3667 7.198464 0.001798 
3668 7.258587 0.001859 
3669 7.318757 0.001922 
3670 7.378966 0.001986 
3671 7.439207 0.002053 
3672 7.499473 0.002122 
3673 7.559756 0.002193 
3674 7.620049 0.002266 
3675 7.680345 0.002341 
3676 7.740636 0.002419 
3677 7.800914 0.002499 
3678 7.861171 0.002582 
3679 7.921401 0.002668 
3680 7.981596 0.002756 
3681 8.041747 0.002846 
3682 8.101846 0.002940 
3683 8.161886 0.003036 
3684 8.221860 0.003136 
3685 8.281758 0.003238 
3686 8.341573 0.003344 
3687 8.401296 0.003452 
3688 8.460920 0.003564 
3689 8.520437 0.003680 
3690 8.579838 0.003799 
3691 8.639115 0.003922 
3692 8.698260 0.004048 
3693 8.757264 0.004178 
3694 8.816120 0.004312 
3695 8.874818 0.004450 
3696 8.933350 0.004592 
3697 8.991709 0.004739 
3698 9.049885 0.004890 
3699 9.107870 0.005045 
3700 9.165656 0.005205 
3701 9.223234 0.005370 
3702 9.280595 0.005539 
3703 9.337732 0.005714 
3704 9.394635 0.005893 
3705 9.451297 0.006078 
3706 9.507708 0.006269 
3707 9.563859 0.006464 
3708 9.619744 0.006666 
3709 9.675352 0.006873 
3710 9.730675 0.007087 
3711 9.785706 0.007307 
3712 9.840434 0.007532 
3713 9.894853 0.007765 
3714 9.948952 0.008004 
3715 10.002724 0.008250 
3716 10.056161 0.008503 
3717 10.109253 0.008763 
3718 10.161992 0.009031 
3719 10.214371 0.009306 
3720 10.266380 0.009589 
3721 10.318011 0.009880 
3722 10.369255 0.010180 
3723 10.420106 0.010487 
3724 10.470553 0.010803 
3725 10.520589 0.011128 
3726 10.570206 0.011463 
3727 10.619395 0.011806 
3728 10.668149 0.012159 
3729 10.716459 0.012522 
3730 10.764317 0.012895 
3731 10.811716 0.013278 
3732 10.858646 0.013671 
3733 10.905102 0.014076 
3734 10.951073 0.014491 
3735 10.996554 0.014918 
3736 11.041535 0.015356 
3737 11.086010 0.015806 
3738 11.129971 0.016269 
3739 11.173410 0.016744 
3740 11.216320 0.017231 
3741 11.258693 0.017732 
3742 11.300522 0.018246 
3743 11.341801 0.018774 
3744 11.382521 0.019316 
3745 11.422675 0.019873 
3746 11.462257 0.020444 
3747 11.501260 0.021030 
3748 11.539677 0.021632 
3749 11.577500 0.022250 
3750 11.614725 0.022883 
3751 11.651343 0.023534 
3752 11.687348 0.024201 
3753 11.722734 0.024886 
3754 11.757495 0.025588 
3755 11.791625 0.026309 
3756 11.825117 0.027048 
3757 11.857965 0.027807 
3758 11.890164 0.028584 
3759 11.921707 0.029382 
3760 11.952590 0.030200 
3761 11.982806 0.031039 
3762 12.012350 0.031899 
3763 12.041217 0.032781 
3764 12.069401 0.033686 
3765 12.096897 0.034613 
3766 12.123701 0.035563 
3767 12.149808 0.036538 
3768 12.175212 0.037536 
3769 12.199909 0.038560 
3770 12.223894 0.039609 
3771 12.247164 0.040684 
3772 12.269714 0.041785 
3773 12.291539 0.042914 
3774 12.312636 0.044070 
3775 12.333001 0.045255 
3776 12.352630 0.046469 
3777 12.371520 0.047712 
3778 12.389666 0.048985 
3779 12.407066 0.050290 
3780 12.423717 0.051625 
3781 12.439614 0.052993 
3782 12.454757 0.054394 
3783 12.469140 0.055828 
3784 12.482763 0.057297 
3785 12.495622 0.058801 
3786 12.507715 0.060340 
3787 12.519040 0.061916 
3788 12.529594 0.063529 
3789 12.539376 0.065179 
3790 12.548384 0.066869 
3791 12.556616 0.068598 
3792 12.564070 0.070368 
3793 12.570746 0.072178 
3794 12.576641 0.074031 
3795 12.581756 0.075926 
3796 12.586088 0.077865 
3797 12.589638 0.079848 
3798 12.592403 0.081877 
3799 12.594385 0.083953 
3800 12.595582 0.086075 
3801 12.595995 0.088246 
3802 12.595623 0.090465 
3803 12.594466 0.092735 
3804 12.592524 0.095056 
3805 12.589799 0.097429 
3806 12.586290 0.099855 
3807 12.581997 0.102335 
3808 12.576923 0.104869 
3809 12.571067 0.107460 
3810 12.564432 0.110108 
3811 12.557017 0.112815 
3812 12.548825 0.115580 
3813 12.539856 0.118406 
3814 12.530114 0.121294 
3815 12.519599 0.124244 
3816 12.508313 0.127258 
3817 12.496259 0.130337 
3818 12.483439 0.133483 
3819 12.469854 0.136695 
3820 12.455509 0.139976 
3821 12.440405 0.143327 
3822 12.424545 0.146749 
3823 12.407932 0.150244 
3824 12.390569 0.153812 
3825 12.372459 0.157455 
3826 12.353606 0.161174 
3827 12.334014 0.164971 
3828 12.313685 0.168846 
3829 12.292623 0.172802 
3830 12.270833 0.176840 
3831 12.248319 0.180960 
3832 12.225084 0.185165 
3833 12.201132 0.189456 
3834 12.176469 0.193834 
3835 12.151099 0.198301 
3836 12.125026 0.202859 
3837 12.098255 0.207508 
3838 12.070790 0.212251 
3839 12.042638 0.217088 
3840 12.013803 0.222022 
3841 11.984290 0.227053 
3842 11.954105 0.232185 
3843 11.923252 0.237417 
3844 11.891738 0.242752 
3845 11.859569 0.248192 
3846 11.826749 0.253737 
3847 11.793286 0.259391 
3848 11.759184 0.265153 
3849 11.724450 0.271027 
3850 11.689091 0.277014 
3851 11.653112 0.283115 
3852 11.616519 0.289333 
3853 11.579320 0.295669 
3854 11.541521 0.302125 
3855 11.503129 0.308702 
3856 11.464150 0.315403 
3857 11.424590 0.322229 
3858 11.384458 0.329183 
3859 11.343760 0.336265 
3860 11.302503 0.343479 
3861 11.260695 0.350825 
3862 11.218342 0.358306 
3863 11.175452 0.365924 
3864 11.132032 0.373680 
3865 11.088089 0.381577 
3866 11.043632 0.389617 
3867 10.998668 0.397801 
3868 10.953204 0.406132 
3869 10.907249 0.414612 
3870 10.860809 0.423242 
3871 10.813893 0.432025 
3872 10.766509 0.440962 
3873 10.718664 0.450056 
3874 10.670367 0.459310 
3875 10.621626 0.468724 
3876 10.572449 0.478301 
3877 10.522843 0.488044 
3878 10.472817 0.497954 
3879 10.422380 0.508034 
3880 10.371539 0.518285 
3881 10.320303 0.528710 
3882 10.268680 0.539311 
3883 10.216679 0.550091 
3884 10.164308 0.561051 
3885 10.111574 0.572194 
3886 10.058488 0.583521 
3887 10.005056 0.595036 
3888 9.951289 0.606740 
3889 9.897193 0.618636 
3890 9.842778 0.630725 
3891 9.788052 0.643011 
3892 9.733024 0.655495 
3893 9.677702 0.668180 
3894 9.622095 0.681068 
3895 9.566211 0.694161 
3896 9.510058 0.707462 
3897 9.453647 0.720972 
3898 9.396984 0.734695 
3899 9.340078 0.748632 
3900 9.282939 0.762787 
3901 9.225574 0.777160 
3902 9.167993 0.791755 
3903 9.110203 0.806573 
3904 9.052213 0.821618 
3905 8.994031 0.836891 
3906 8.935667 0.852395 
3907 8.877128 0.868131 
3908 8.818423 0.884104 
3909 8.759560 0.900314 
3910 8.700547 0.916764 
3911 8.641394 0.933456 
3912 8.582108 0.950393 
3913 8.522698 0.967577 
3914 8.463171 0.985010 
3915 8.403536 1.002695 
3916 8.343801 1.020634 
3917 8.283975 1.038829 
3918 8.224065 1.057282 
3919 8.164079 1.075996 
3920 8.104026 1.094973 
3921 8.043913 1.114215 
3922 7.983749 1.133725 
3923 7.923540 1.153504 
3924 7.863295 1.173555 
3925 7.803023 1.193880 
3926 7.742729 1.214482 
3927 7.682423 1.235362 
3928 7.622111 1.256522 
3929 7.561801 1.277966 
3930 7.501501 1.299694 
3931 7.441218 1.321709 
3932 7.380959 1.344014 
3933 7.320732 1.366609 
3934 7.260544 1.389498 
3935 7.200401 1.412682 
3936 7.140312 1.436163 
3937 7.080283 1.459944 
3938 7.020321 1.484025 
3939 6.960433 1.508410 
3940 6.900626 1.533100 
3941 6.840906 1.558097 
3942 6.781280 1.583403 
3943 6.721755 1.609019 
3944 6.662338 1.634948 
3945 6.603033 1.661192 
3946 6.543849 1.687751 
3947 6.484791 1.714628 
3948 6.425866 1.741824 
3949 6.367079 1.769341 
3950 6.308436 1.797181 
3951 6.249944 1.825345 
3952 6.191609 1.853835 
3953 6.133435 1.882652 
3954 6.075430 1.911798 
3955 6.017598 1.941275 
3956 5.959945 1.971082 
3957 5.902476 2.001223 
3958 5.845197 2.031698 
3959 5.788113 2.062508 
3960 5.731229 2.093655 
3961 5.674551 2.125140 
3962 5.618083 2.156963 
3963 5.561830 2.189127 
3964 5.505797 2.221632 
3965 5.449989 2.254479 
3966 5.394410 2.287669 
3967 5.339065 2.321203 
3968 5.283959 2.355082 
3969 5.229095 2.389306 
3970 5.174478 2.423876 
3971 5.120113 2.458793 
3972 5.066003 2.494058 
3973 5.012153 2.529670 
3974 4.958565 2.565631 
3975 4.905245 2.601942 
3976 4.852196 2.638601 
3977 4.799421 2.675610 
3978 4.746925 2.712969 
3979 4.694709 2.750679 
3980 4.642779 2.788738 
3981 4.591137 2.827148 
3982 4.539787 2.865908 
3983 4.488730 2.905019 
3984 4.437972 2.944479 
3985 4.387514 2.984290 
3986 4.337359 3.024450 
3987 4.287510 3.064960 
3988 4.237970 3.105818 
3989 4.188741 3.147025 
3990 4.139826 3.188580 
3991 4.091227 3.230483 
3992 4.042946 3.272731 
3993 3.994986 3.315326 
3994 3.947349 3.358266 
3995 3.900037 3.401549 
3996 3.853052 3.445176 
3997 3.806395 3.489145 
3998 3.760069 3.533454 
3999 3.714075 3.578104 
4000 3.668416 3.623091 
