0 0.000000 0.000000 
1 0.000000 0.000000 
2 0.000000 0.000000 
3 0.000000 0.000000 
4 0.000000 0.000000 
5 0.000000 0.000000 
6 0.000000 0.000000 
7 0.000000 0.000000 
8 0.000000 0.000000 
9 0.000000 0.000000 
10 0.000000 0.000000 
11 0.000000 0.000000 
12 0.000000 0.000000 
13 0.000000 0.000000 
14 0.000000 0.000000 
15 0.000000 0.000000 
16 0.000000 0.000000 
17 0.000000 0.000000 
18 0.000000 0.000000 
19 0.000000 0.000000 
20 0.000000 0.000000 
21 0.000000 0.000000 
22 0.000000 0.000000 
23 0.000000 0.000000 
24 0.000000 0.000000 
25 0.000000 0.000000 
26 0.000000 0.000000 
27 0.000000 0.000000 
28 0.000000 0.000000 
29 0.000000 0.000000 
30 0.000000 0.000000 
31 0.000000 0.000000 
32 0.000000 0.000000 
33 0.000000 0.000000 
34 0.000000 0.000000 
35 0.000000 0.000000 
36 0.000000 0.000000 
37 0.000000 0.000000 
38 0.000000 0.000000 
39 0.000000 0.000000 
40 0.000000 0.000000 
41 0.000000 0.000000 
42 0.000000 0.000000 
43 0.000000 0.000000 
44 0.000000 0.000000 
45 0.000000 0.000000 
46 0.000000 0.000000 
47 0.000000 0.000000 
48 0.000000 0.000000 
49 0.000000 0.000000 
50 0.000000 0.000001 
51 0.000000 0.000001 
52 0.000000 0.000001 
53 0.000000 0.000001 
54 0.000000 0.000001 
55 0.000000 0.000001 
56 0.000000 0.000001 
57 0.000000 0.000001 
58 0.000000 0.000001 
59 0.000000 0.000001 
60 0.000000 0.000001 
61 0.000000 0.000001 
62 0.000000 0.000001 
63 0.000000 0.000001 
64 0.000000 0.000001 
65 0.000000 0.000001 
66 0.000000 0.000001 
67 0.000000 0.000001 
68 0.000000 0.000001 
69 0.000000 0.000001 
70 0.000000 0.000001 
71 0.000000 0.000001 
72 0.000000 0.000001 
73 0.000000 0.000001 
74 0.000000 0.000001 
75 0.000000 0.000002 
76 0.000000 0.000002 
77 0.000000 0.000002 
78 0.000000 0.000002 
79 0.000000 0.000002 
80 0.000000 0.000002 
81 0.000000 0.000002 
82 0.000000 0.000002 
83 0.000000 0.000002 
84 0.000000 0.000002 
85 0.000000 0.000002 
86 0.000000 0.000003 
87 0.000000 0.000003 
88 0.000000 0.000003 
89 0.000000 0.000003 
90 0.000000 0.000003 
91 0.000000 0.000003 
92 0.000000 0.000003 
93 0.000000 0.000003 
94 0.000000 0.000004 
95 0.000000 0.000004 
96 0.000000 0.000004 
97 0.000000 0.000004 
98 0.000000 0.000004 
99 0.000000 0.000004 
100 0.000000 0.000005 
101 0.000000 0.000005 
102 0.000000 0.000005 
103 0.000000 0.000005 
104 0.000000 0.000005 
105 0.000000 0.000006 
106 0.000000 0.000006 
107 0.000000 0.000006 
108 0.000000 0.000006 
109 0.000000 0.000007 
110 0.000000 0.000007 
111 0.000000 0.000007 
112 0.000000 0.000008 
113 0.000000 0.000008 
114 0.000000 0.000008 
115 0.000000 0.000009 
116 0.000000 0.000009 
117 0.000000 0.000009 
118 0.000000 0.000010 
119 0.000000 0.000010 
120 0.000000 0.000011 
121 0.000000 0.000011 
122 0.000000 0.000011 
123 0.000000 0.000012 
124 0.000000 0.000012 
125 0.000000 0.000013 
126 0.000000 0.000013 
127 0.000000 0.000014 
128 0.000000 0.000015 
129 0.000000 0.000015 
130 0.000000 0.000016 
131 0.000000 0.000016 
132 0.000000 0.000017 
133 0.000000 0.000018 
134 0.000000 0.000019 
135 0.000000 0.000019 
136 0.000000 0.000020 
137 0.000000 0.000021 
138 0.000000 0.000022 
139 0.000000 0.000023 
140 0.000000 0.000024 
141 0.000000 0.000025 
142 0.000000 0.000026 
143 0.000000 0.000027 
144 0.000000 0.000028 
145 0.000000 0.000029 
146 0.000000 0.000030 
147 0.000000 0.000031 
148 0.000000 0.000033 
149 0.000000 0.000034 
150 0.000000 0.000035 
151 0.000000 0.000037 
152 0.000000 0.000038 
153 0.000000 0.000040 
154 0.000000 0.000041 
155 0.000000 0.000043 
156 0.000000 0.000045 
157 0.000000 0.000046 
158 0.000000 0.000048 
159 0.000000 0.000050 
160 0.000000 0.000052 
161 0.000000 0.000054 
162 0.000000 0.000056 
163 0.000000 0.000058 
164 0.000000 0.000061 
165 0.000000 0.000063 
166 0.000000 0.000066 
167 0.000000 0.000068 
168 0.000000 0.000071 
169 0.000000 0.000074 
170 0.000000 0.000077 
171 0.000000 0.000079 
172 0.000000 0.000083 
173 0.000000 0.000086 
174 0.000000 0.000089 
175 0.000000 0.000093 
176 0.000000 0.000096 
177 0.000000 0.000100 
178 0.000000 0.000104 
179 0.000000 0.000108 
180 0.000000 0.000112 
181 0.000000 0.000116 
182 0.000000 0.000120 
183 0.000000 0.000125 
184 0.000000 0.000130 
185 0.000000 0.000135 
186 0.000000 0.000140 
187 0.000000 0.000145 
188 0.000000 0.000151 
189 0.000000 0.000156 
190 0.000000 0.000162 
191 0.000000 0.000168 
192 0.000000 0.000175 
193 0.000000 0.000181 
194 0.000000 0.000188 
195 0.000000 0.000195 
196 0.000000 0.000202 
197 0.000000 0.000210 
198 0.000000 0.000218 
199 0.000000 0.000226 
200 0.000000 0.000234 
201 0.000000 0.000243 
202 0.000000 0.000252 
203 0.000000 0.000261 
204 0.000000 0.000270 
205 0.000000 0.000280 
206 0.000000 0.000291 
207 0.000000 0.000301 
208 0.000000 0.000312 
209 0.000000 0.000324 
210 0.000000 0.000335 
211 0.000000 0.000348 
212 0.000000 0.000360 
213 0.000000 0.000373 
214 0.000000 0.000387 
215 0.000000 0.000401 
216 0.000000 0.000415 
217 0.000000 0.000430 
218 0.000000 0.000446 
219 0.000000 0.000462 
220 0.000000 0.000478 
221 0.000000 0.000495 
222 0.000000 0.000513 
223 0.000000 0.000531 
224 0.000000 0.000550 
225 0.000000 0.000569 
226 0.000000 0.000590 
227 0.000000 0.000610 
228 0.000000 0.000632 
229 0.000000 0.000654 
230 0.000000 0.000677 
231 0.000000 0.000701 
232 0.000000 0.000726 
233 0.000000 0.000751 
234 0.000000 0.000777 
235 0.000000 0.000804 
236 0.000000 0.000832 
237 0.000000 0.000861 
238 0.000000 0.000891 
239 0.000000 0.000922 
240 0.000000 0.000954 
241 0.000000 0.000986 
242 0.000000 0.001020 
243 0.000000 0.001055 
244 0.000000 0.001092 
245 0.000000 0.001129 
246 0.000000 0.001167 
247 0.000000 0.001207 
248 0.000000 0.001248 
249 0.000000 0.001291 
250 0.000000 0.001334 
251 0.000000 0.001380 
252 0.000000 0.001426 
253 0.000000 0.001474 
254 0.000000 0.001524 
255 0.000000 0.001575 
256 0.000000 0.001628 
257 0.000000 0.001682 
258 0.000000 0.001739 
259 0.000000 0.001796 
260 0.000000 0.001856 
261 0.000000 0.001918 
262 0.000000 0.001981 
263 0.000000 0.002047 
264 0.000000 0.002115 
265 0.000000 0.002184 
266 0.000000 0.002256 
267 0.000000 0.002330 
268 0.000000 0.002407 
269 0.000000 0.002485 
270 0.000000 0.002566 
271 0.000000 0.002650 
272 0.000000 0.002736 
273 0.000000 0.002825 
274 0.000000 0.002917 
275 0.000000 0.003011 
276 0.000000 0.003108 
277 0.000000 0.003208 
278 0.000000 0.003311 
279 0.000000 0.003417 
280 0.000000 0.003527 
281 0.000000 0.003640 
282 0.000000 0.003756 
283 0.000000 0.003875 
284 0.000000 0.003998 
285 0.000000 0.004125 
286 0.000000 0.004255 
287 0.000000 0.004390 
288 0.000000 0.004528 
289 0.000000 0.004671 
290 0.000000 0.004817 
291 0.000000 0.004968 
292 0.000000 0.005123 
293 0.000000 0.005283 
294 0.000000 0.005448 
295 0.000000 0.005617 
296 0.000000 0.005791 
297 0.000000 0.005971 
298 0.000000 0.006155 
299 0.000000 0.006345 
300 0.000000 0.006540 
301 0.000000 0.006741 
302 0.000000 0.006947 
303 0.000000 0.007160 
304 0.000000 0.007378 
305 0.000000 0.007603 
306 0.000000 0.007834 
307 0.000000 0.008071 
308 0.000000 0.008316 
309 0.000000 0.008567 
310 0.000000 0.008825 
311 0.000000 0.009090 
312 0.000000 0.009363 
313 0.000000 0.009644 
314 0.000000 0.009932 
315 0.000000 0.010228 
316 0.000000 0.010533 
317 0.000000 0.010845 
318 0.000000 0.011167 
319 0.000000 0.011497 
320 0.000000 0.011836 
321 0.000000 0.012185 
322 0.000000 0.012543 
323 0.000000 0.012911 
324 0.000000 0.013289 
325 0.000000 0.013677 
326 0.000000 0.014075 
327 0.000000 0.014485 
328 0.000000 0.014905 
329 0.000000 0.015336 
330 0.000000 0.015779 
331 0.000000 0.016234 
332 0.000000 0.016701 
333 0.000000 0.017180 
334 0.000000 0.017672 
335 0.000000 0.018177 
336 0.000000 0.018696 
337 0.000000 0.019228 
338 0.000000 0.019774 
339 0.000000 0.020334 
340 0.000000 0.020908 
341 0.000000 0.021498 
342 0.000000 0.022103 
343 0.000000 0.022723 
344 0.000000 0.023360 
345 0.000000 0.024013 
346 0.000000 0.024683 
347 0.000000 0.025369 
348 0.000000 0.026074 
349 0.000000 0.026796 
350 0.000000 0.027537 
351 0.000000 0.028296 
352 0.000000 0.029075 
353 0.000000 0.029873 
354 0.000000 0.030691 
355 0.000000 0.031530 
356 0.000000 0.032389 
357 0.000000 0.033270 
358 0.000000 0.034173 
359 0.000000 0.035099 
360 0.000000 0.036047 
361 0.000000 0.037019 
362 0.000000 0.038014 
363 0.000000 0.039034 
364 0.000000 0.040079 
365 0.000000 0.041149 
366 0.000000 0.042245 
367 0.000000 0.043368 
368 0.000000 0.044518 
369 0.000000 0.045696 
370 0.000000 0.046902 
371 0.000000 0.048137 
372 0.000000 0.049401 
373 0.000000 0.050696 
374 0.000000 0.052021 
375 0.000000 0.053378 
376 0.000000 0.054767 
377 0.000000 0.056188 
378 0.000000 0.057643 
379 0.000000 0.059132 
380 0.000000 0.060656 
381 0.000000 0.062215 
382 0.000000 0.063811 
383 0.000000 0.065443 
384 0.000000 0.067113 
385 0.000000 0.068822 
386 0.000000 0.070570 
387 0.000000 0.072357 
388 0.000000 0.074186 
389 0.000000 0.076056 
390 0.000000 0.077969 
391 0.000000 0.079924 
392 0.000000 0.081924 
393 0.000000 0.083969 
394 0.000000 0.086060 
395 0.000000 0.088197 
396 0.000000 0.090382 
397 0.000000 0.092616 
398 0.000000 0.094899 
399 0.000000 0.097232 
400 0.000000 0.099616 
401 0.000000 0.102053 
402 0.000000 0.104543 
403 0.000000 0.107088 
404 0.000000 0.109688 
405 0.000000 0.112344 
406 0.000000 0.115057 
407 0.000000 0.117828 
408 0.000000 0.120660 
409 0.000000 0.123551 
410 0.000000 0.126505 
411 0.000000 0.129520 
412 0.000000 0.132600 
413 0.000000 0.135745 
414 0.000000 0.138956 
415 0.000000 0.142234 
416 0.000000 0.145581 
417 0.000000 0.148998 
418 0.000000 0.152485 
419 0.000000 0.156045 
420 0.000000 0.159678 
421 0.000000 0.163386 
422 0.000000 0.167169 
423 0.000000 0.171030 
424 0.000000 0.174969 
425 0.000000 0.178989 
426 0.000000 0.183089 
427 0.000000 0.187272 
428 0.000000 0.191539 
429 0.000000 0.195892 
430 0.000000 0.200331 
431 0.000000 0.204858 
432 0.000000 0.209475 
433 0.000000 0.214183 
434 0.000000 0.218983 
435 0.000000 0.223878 
436 0.000000 0.228868 
437 0.000000 0.233954 
438 0.000000 0.239140 
439 0.000000 0.244426 
440 0.000000 0.249813 
441 0.000000 0.255303 
442 0.000000 0.260899 
443 0.000000 0.266600 
444 0.000000 0.272410 
445 0.000000 0.278330 
446 0.000000 0.284361 
447 0.000000 0.290505 
448 0.000000 0.296764 
449 0.000000 0.303139 
450 0.000000 0.309632 
451 0.000000 0.316245 
452 0.000000 0.322980 
453 0.000000 0.329839 
454 0.000000 0.336822 
455 0.000000 0.343933 
456 0.000000 0.351172 
457 0.000000 0.358542 
458 0.000000 0.366044 
459 0.000000 0.373681 
460 0.000000 0.381453 
461 0.000000 0.389364 
462 0.000000 0.397415 
463 0.000000 0.405608 
464 0.000000 0.413944 
465 0.000000 0.422426 
466 0.000000 0.431056 
467 0.000000 0.439836 
468 0.000000 0.448767 
469 0.000000 0.457851 
470 0.000000 0.467091 
471 0.000000 0.476489 
472 0.000000 0.486046 
473 0.000000 0.495765 
474 0.000000 0.505647 
475 0.000000 0.515696 
476 0.000000 0.525912 
477 0.000000 0.536297 
478 0.000000 0.546855 
479 0.000000 0.557587 
480 0.000000 0.568495 
481 0.000000 0.579581 
482 0.000000 0.590847 
483 0.000000 0.602296 
484 0.000000 0.613929 
485 0.000000 0.625749 
486 0.000000 0.637758 
487 0.000000 0.649958 
488 0.000000 0.662352 
489 0.000000 0.674940 
490 0.000000 0.687726 
491 0.000000 0.700712 
492 0.000000 0.713900 
493 0.000000 0.727292 
494 0.000000 0.740890 
495 0.000000 0.754696 
496 0.000000 0.768713 
497 0.000000 0.782943 
498 0.000000 0.797388 
499 0.000000 0.812050 
500 0.000000 0.826932 
501 0.000000 0.842035 
502 0.000000 0.857362 
503 0.000000 0.872915 
504 0.000000 0.888697 
505 0.000000 0.904708 
506 0.000000 0.920953 
507 0.000000 0.937432 
508 0.000000 0.954148 
509 0.000000 0.971103 
510 0.000000 0.988300 
511 0.000000 1.005740 
512 0.000000 1.023426 
513 0.000000 1.041359 
514 0.000000 1.059543 
515 0.000000 1.077978 
516 0.000000 1.096668 
517 0.000000 1.115614 
518 0.000000 1.134819 
519 0.000000 1.154284 
520 0.000000 1.174012 
521 0.000000 1.194005 
522 0.000000 1.214264 
523 0.000000 1.234792 
524 0.000000 1.255591 
525 0.000000 1.276663 
526 0.000000 1.298010 
527 0.000000 1.319634 
528 0.000000 1.341537 
529 0.000000 1.363720 
530 0.000000 1.386186 
531 0.000000 1.408937 
532 0.000000 1.431974 
533 0.000000 1.455300 
534 0.000000 1.478916 
535 0.000000 1.502823 
536 0.000000 1.527025 
537 0.000000 1.551523 
538 0.000000 1.576317 
539 0.000000 1.601411 
540 0.000000 1.626806 
541 0.000000 1.652503 
542 0.000000 1.678504 
543 0.000000 1.704811 
544 0.000000 1.731425 
545 0.000000 1.758348 
546 0.000000 1.785581 
547 0.000000 1.813126 
548 0.000000 1.840984 
549 0.000000 1.869157 
550 0.000000 1.897646 
551 0.000000 1.926452 
552 0.000000 1.955577 
553 0.000000 1.985021 
554 0.000000 2.014787 
555 0.000000 2.044875 
556 0.000000 2.075287 
557 0.000000 2.106023 
558 0.000000 2.137085 
559 0.000000 2.168473 
560 0.000000 2.200189 
561 0.000000 2.232233 
562 0.000000 2.264607 
563 0.000000 2.297310 
564 0.000000 2.330345 
565 0.000000 2.363711 
566 0.000000 2.397410 
567 0.000000 2.431441 
568 0.000000 2.465806 
569 0.000000 2.500505 
570 0.000000 2.535539 
571 0.000000 2.570907 
572 0.000000 2.606611 
573 0.000000 2.642650 
574 0.000000 2.679025 
575 0.000000 2.715735 
576 0.000000 2.752782 
577 0.000000 2.790165 
578 0.000000 2.827885 
579 0.000000 2.865940 
580 0.000000 2.904331 
581 0.000000 2.943058 
582 0.000000 2.982120 
583 0.000000 3.021518 
584 0.000000 3.061250 
585 0.000000 3.101317 
586 0.000000 3.141718 
587 0.000000 3.182451 
588 0.000000 3.223518 
589 0.000000 3.264916 
590 0.000000 3.306646 
591 0.000000 3.348705 
592 0.000000 3.391094 
593 0.000000 3.433811 
594 0.000000 3.476856 
595 0.000000 3.520226 
596 0.000000 3.563922 
597 0.000000 3.607941 
598 0.000000 3.652282 
599 0.000000 3.696943 
600 0.000000 3.741924 
601 0.000000 3.787223 
602 0.000000 3.832837 
603 0.000000 3.878766 
604 0.000000 3.925007 
605 0.000000 3.971558 
606 0.000000 4.018417 
607 0.000000 4.065583 
608 0.000000 4.113053 
609 0.000000 4.160825 
610 0.000000 4.208896 
611 0.000000 4.257265 
612 0.000000 4.305928 
613 0.000000 4.354884 
614 0.000000 4.404129 
615 0.000000 4.453660 
616 0.000000 4.503476 
617 0.000000 4.553572 
618 0.000000 4.603947 
619 0.000000 4.654597 
620 0.000000 4.705518 
621 0.000000 4.756708 
622 0.000000 4.808163 
623 0.000000 4.859881 
624 0.000000 4.911856 
625 0.000000 4.964087 
626 0.000000 5.016568 
627 0.000000 5.069297 
628 0.000000 5.122269 
629 0.000000 5.175481 
630 0.000000 5.228929 
631 0.000000 5.282609 
632 0.000000 5.336515 
633 0.000000 5.390645 
634 0.000000 5.444994 
635 0.000000 5.499557 
636 0.000000 5.554331 
637 0.000000 5.609309 
638 0.000000 5.664488 
639 0.000000 5.719863 
640 0.000000 5.775429 
641 0.000000 5.831182 
642 0.000000 5.887115 
643 0.000000 5.943225 
644 0.000000 5.999505 
645 0.000000 6.055951 
646 0.000000 6.112558 
647 0.000000 6.169320 
648 0.000000 6.226231 
649 0.000000 6.283286 
650 0.000000 6.340479 
651 0.000000 6.397805 
652 0.000000 6.455258 
653 0.000000 6.512832 
654 0.000000 6.570521 
655 0.000000 6.628319 
656 0.000000 6.686220 
657 0.000000 6.744217 
658 0.000000 6.802305 
659 0.000000 6.860478 
660 0.000000 6.918728 
661 0.000000 6.977050 
662 0.000000 7.035437 
663 0.000000 7.093883 
664 0.000000 7.152380 
665 0.000000 7.210922 
666 0.000000 7.269503 
667 0.000000 7.328115 
668 0.000000 7.386752 
669 0.000000 7.445407 
670 0.000000 7.504072 
671 0.000000 7.562741 
672 0.000000 7.621406 
673 0.000000 7.680061 
674 0.000000 7.738698 
675 0.000000 7.797310 
676 0.000000 7.855890 
677 0.000000 7.914429 
678 0.000000 7.972922 
679 0.000000 8.031360 
680 0.000000 8.089735 
681 0.000000 8.148041 
682 0.000000 8.206269 
683 0.000000 8.264413 
684 0.000000 8.322463 
685 0.000000 8.380414 
686 0.000000 8.438256 
687 0.000000 8.495982 
688 0.000000 8.553585 
689 0.000000 8.611056 
690 0.000000 8.668387 
691 0.000000 8.725572 
692 0.000000 8.782600 
693 0.000000 8.839466 
694 0.000000 8.896161 
695 0.000000 8.952676 
696 0.000000 9.009004 
697 0.000000 9.065137 
698 0.000000 9.121066 
699 0.000000 9.176785 
700 0.000000 9.232283 
701 0.000000 9.287555 
702 0.000000 9.342591 
703 0.000000 9.397383 
704 0.000000 9.451923 
705 0.000000 9.506204 
706 0.000000 9.560216 
707 0.000000 9.613953 
708 0.000000 9.667406 
709 0.000000 9.720566 
710 0.000000 9.773427 
711 0.000000 9.825978 
712 0.000000 9.878214 
713 0.000000 9.930125 
714 0.000000 9.981704 
715 0.000000 10.032943 
716 0.000000 10.083833 
717 0.000000 10.134367 
718 0.000000 10.184537 
719 0.000000 10.234334 
720 0.000000 10.283752 
721 0.000000 10.332782 
722 0.000000 10.381416 
723 0.000000 10.429647 
724 0.000000 10.477466 
725 0.000000 10.524867 
726 0.000000 10.571841 
727 0.000000 10.618382 
728 0.000000 10.664480 
729 0.000000 10.710130 
730 0.000000 10.755322 
731 0.000000 10.800051 
732 0.000000 10.844309 
733 0.000000 10.888087 
734 0.000000 10.931380 
735 0.000000 10.974179 
736 0.000000 11.016479 
737 0.000000 11.058271 
738 0.000000 11.099548 
739 0.000000 11.140304 
740 0.000000 11.180533 
741 0.000000 11.220226 
742 0.000000 11.259377 
743 0.000000 11.297981 
744 0.000000 11.336029 
745 0.000000 11.373516 
746 0.000000 11.410436 
747 0.000000 11.446781 
748 0.000000 11.482546 
749 0.000000 11.517725 
750 0.000000 11.552311 
751 0.000000 11.586298 
752 0.000000 11.619682 
753 0.000000 11.652455 
754 0.000000 11.684612 
755 0.000000 11.716147 
756 0.000000 11.747056 
757 0.000000 11.777332 
758 0.000000 11.806971 
759 0.000000 11.835967 
760 0.000000 11.864315 
761 0.000000 11.892009 
762 0.000000 11.919046 
763 0.000000 11.945421 
764 0.000000 11.971128 
765 0.000000 11.996163 
766 0.000000 12.020522 
767 0.000000 12.044200 
768 0.000000 12.067194 
769 0.000000 12.089499 
770 0.000000 12.111110 
771 0.000000 12.132025 
772 0.000000 12.152240 
773 0.000000 12.171750 
774 0.000000 12.190553 
775 0.000000 12.208645 
776 0.000000 12.226023 
777 0.000000 12.242683 
778 0.000000 12.258623 
779 0.000000 12.273840 
780 0.000000 12.288331 
781 0.000000 12.302093 
782 0.000000 12.315124 
783 0.000000 12.327422 
784 0.000000 12.338985 
785 0.000000 12.349809 
786 0.000000 12.359894 
787 0.000000 12.369238 
788 0.000000 12.377838 
789 0.000000 12.385693 
790 0.000000 12.392803 
791 0.000000 12.399165 
792 0.000000 12.404778 
793 0.000000 12.409642 
794 0.000000 12.413755 
795 0.000000 12.417118 
796 0.000000 12.419728 
797 0.000000 12.421586 
798 0.000000 12.422691 
799 0.000000 12.423044 
800 0.000000 12.422643 
801 0.000000 12.421490 
802 0.000000 12.419584 
803 0.000000 12.416926 
804 0.000000 12.413516 
805 0.000000 12.409355 
806 0.000000 12.404444 
807 0.000000 12.398783 
808 0.000000 12.392373 
809 0.000000 12.385217 
810 0.000000 12.377314 
811 0.000000 12.368667 
812 0.000000 12.359276 
813 0.000000 12.349145 
814 0.000000 12.338274 
815 0.000000 12.326665 
816 0.000000 12.314322 
817 0.000000 12.301245 
818 0.000000 12.287437 
819 0.000000 12.272901 
820 0.000000 12.257639 
821 0.000000 12.241654 
822 0.000000 12.224950 
823 0.000000 12.207528 
824 0.000000 12.189393 
825 0.000000 12.170547 
826 0.000000 12.150993 
827 0.000000 12.130736 
828 0.000000 12.109779 
829 0.000000 12.088125 
830 0.000000 12.065779 
831 0.000000 12.042745 
832 0.000000 12.019026 
833 0.000000 11.994627 
834 0.000000 11.969552 
835 0.000000 11.943806 
836 0.000000 11.917393 
837 0.000000 11.890318 
838 0.000000 11.862585 
839 0.000000 11.834200 
840 0.000000 11.805168 
841 0.000000 11.775493 
842 0.000000 11.745181 
843 0.000000 11.714237 
844 0.000000 11.682667 
845 0.000000 11.650476 
846 0.000000 11.617669 
847 0.000000 11.584253 
848 0.000000 11.550234 
849 0.000000 11.515616 
850 0.000000 11.480406 
851 0.000000 11.444611 
852 0.000000 11.408236 
853 0.000000 11.371287 
854 0.000000 11.333772 
855 0.000000 11.295695 
856 0.000000 11.257065 
857 0.000000 11.217887 
858 0.000000 11.178168 
859 0.000000 11.137914 
860 0.000000 11.097133 
861 0.000000 11.055832 
862 0.000000 11.014017 
863 0.000000 10.971695 
864 0.000000 10.928874 
865 0.000000 10.885560 
866 0.000000 10.841761 
867 0.000000 10.797484 
868 0.000000 10.752736 
869 0.000000 10.707525 
870 0.000000 10.661858 
871 0.000000 10.615742 
872 0.000000 10.569186 
873 0.000000 10.522196 
874 0.000000 10.474780 
875 0.000000 10.426946 
876 0.000000 10.378702 
877 0.000000 10.330056 
878 0.000000 10.281014 
879 0.000000 10.231585 
880 0.000000 10.181777 
881 0.000000 10.131598 
882 0.000000 10.081055 
883 0.000000 10.030156 
884 0.000000 9.978910 
885 0.000000 9.927324 
886 0.000000 9.875407 
887 0.000000 9.823166 
888 0.000000 9.770609 
889 0.000000 9.717745 
890 0.000000 9.664581 
891 0.000000 9.611126 
892 0.000000 9.557387 
893 0.000000 9.503373 
894 0.000000 9.449092 
895 0.000000 9.394552 
896 0.000000 9.339760 
897 0.000000 9.284726 
898 0.000000 9.229457 
899 0.000000 9.173961 
900 0.000000 9.118246 
901 0.000000 9.062321 
902 0.000000 9.006193 
903 0.000000 8.949870 
904 0.000000 8.893361 
905 0.000000 8.836673 
906 0.000000 8.779815 
907 0.000000 8.722794 
908 0.000000 8.665618 
909 0.000000 8.608296 
910 0.000000 8.550835 
911 0.000000 8.493243 
912 0.000000 8.435528 
913 0.000000 8.377697 
914 0.000000 8.319759 
915 0.000000 8.261721 
916 0.000000 8.203591 
917 0.000000 8.145376 
918 0.000000 8.087085 
919 0.000000 8.028724 
920 0.000000 7.970302 
921 0.000000 7.911826 
922 0.000000 7.853302 
923 0.000000 7.794740 
924 0.000000 7.736146 
925 0.000000 7.677527 
926 0.000000 7.618890 
927 0.000000 7.560244 
928 0.000000 7.501594 
929 0.000000 7.442949 
930 0.000000 7.384314 
931 0.000000 7.325698 
932 0.000000 7.267107 
933 0.000000 7.208548 
934 0.000000 7.150028 
935 0.000000 7.091553 
936 0.000000 7.033130 
937 0.000000 6.974766 
938 0.000000 6.916468 
939 0.000000 6.858241 
940 0.000000 6.800092 
941 0.000000 6.742029 
942 0.000000 6.684056 
943 0.000000 6.626180 
944 0.000000 6.568407 
945 0.000000 6.510744 
946 0.000000 6.453196 
947 0.000000 6.395770 
948 0.000000 6.338470 
949 0.000000 6.281303 
950 0.000000 6.224275 
951 0.000000 6.167391 
952 0.000000 6.110657 
953 0.000000 6.054078 
954 0.000000 5.997660 
955 0.000000 5.941407 
956 0.000000 5.885326 
957 0.000000 5.829421 
958 0.000000 5.773697 
959 0.000000 5.718159 
960 0.000000 5.662813 
961 0.000000 5.607663 
962 0.000000 5.552713 
963 0.000000 5.497969 
964 0.000000 5.443435 
965 0.000000 5.389116 
966 0.000000 5.335015 
967 0.000000 5.281138 
968 0.000000 5.227488 
969 0.000000 5.174070 
970 0.000000 5.120887 
971 0.000000 5.067944 
972 0.000000 5.015245 
973 0.000000 4.962793 
974 0.000000 4.910592 
975 0.000000 4.858646 
976 0.000000 4.806959 
977 0.000000 4.755533 
978 0.000000 4.704373 
979 0.000000 4.653481 
980 0.000000 4.602860 
981 0.000000 4.552515 
982 0.000000 4.502448 
983 0.000000 4.452662 
984 0.000000 4.403159 
985 0.000000 4.353943 
986 0.000000 4.305017 
987 0.000000 4.256382 
988 0.000000 4.208042 
989 0.000000 4.160000 
990 0.000000 4.112256 
991 0.000000 4.064815 
992 0.000000 4.017677 
993 0.000000 3.970846 
994 0.000000 3.924322 
995 0.000000 3.878109 
996 0.000000 3.832208 
997 0.000000 3.786621 
998 0.000000 3.741350 
999 0.000000 3.696396 
1000 0.000000 3.651761 
1001 0.000000 3.607447 
1002 0.000000 3.563454 
1003 0.000000 3.519785 
1004 0.000000 3.476441 
1005 0.000000 3.433422 
1006 0.000000 3.390731 
1007 0.000000 3.348367 
1008 0.000000 3.306332 
1009 0.000000 3.264628 
1010 0.000000 3.223254 
1011 0.000000 3.182212 
1012 0.000000 3.141502 
1013 0.000000 3.101126 
1014 0.000000 3.061082 
1015 0.000000 3.021373 
1016 0.000000 2.981999 
1017 0.000000 2.942959 
1018 0.000000 2.904255 
1019 0.000000 2.865886 
1020 0.000000 2.827852 
1021 0.000000 2.790155 
1022 0.000000 2.752793 
1023 0.000000 2.715768 
1024 0.000000 2.679077 
1025 0.000000 2.642723 
1026 0.000000 2.606704 
1027 0.000000 2.571020 
1028 0.000000 2.535672 
1029 0.000000 2.500658 
1030 0.000000 2.465978 
1031 0.000000 2.431631 
1032 0.000000 2.397618 
1033 0.000000 2.363938 
1034 0.000000 2.330589 
1035 0.000000 2.297572 
1036 0.000000 2.264885 
1037 0.000000 2.232529 
1038 0.000000 2.200501 
1039 0.000000 2.168801 
1040 0.000000 2.137429 
1041 0.000000 2.106383 
1042 0.000000 2.075662 
1043 0.000000 2.045266 
1044 0.000000 2.015192 
1045 0.000000 1.985441 
1046 0.000000 1.956010 
1047 0.000000 1.926899 
1048 0.000000 1.898106 
1049 0.000000 1.869630 
1050 0.000000 1.841470 
1051 0.000000 1.813624 
1052 0.000000 1.786092 
1053 0.000000 1.758870 
1054 0.000000 1.731959 
1055 0.000000 1.705356 
1056 0.000000 1.679060 
1057 0.000000 1.653070 
1058 0.000000 1.627383 
1059 0.000000 1.601998 
1060 0.000000 1.576914 
1061 0.000000 1.552129 
1062 0.000000 1.527641 
1063 0.000000 1.503448 
1064 0.000000 1.479549 
1065 0.000000 1.455941 
1066 0.000000 1.432623 
1067 0.000000 1.409594 
1068 0.000000 1.386850 
1069 0.000000 1.364392 
1070 0.000000 1.342215 
1071 0.000000 1.320319 
1072 0.000000 1.298702 
1073 0.000000 1.277361 
1074 0.000000 1.256294 
1075 0.000000 1.235501 
1076 0.000000 1.214978 
1077 0.000000 1.194723 
1078 0.000000 1.174736 
1079 0.000000 1.155012 
1080 0.000000 1.135551 
1081 0.000000 1.116350 
1082 0.000000 1.097408 
1083 0.000000 1.078722 
1084 0.000000 1.060289 
1085 0.000000 1.042109 
1086 0.000000 1.024178 
1087 0.000000 1.006495 
1088 0.000000 0.989057 
1089 0.000000 0.971863 
1090 0.000000 0.954909 
1091 0.000000 0.938195 
1092 0.000000 0.921717 
1093 0.000000 0.905474 
1094 0.000000 0.889463 
1095 0.000000 0.873683 
1096 0.000000 0.858130 
1097 0.000000 0.842804 
1098 0.000000 0.827701 
1099 0.000000 0.812819 
1100 0.000000 0.798157 
1101 0.000000 0.783712 
1102 0.000000 0.769481 
1103 0.000000 0.755464 
1104 0.000000 0.741656 
1105 0.000000 0.728057 
1106 0.000000 0.714664 
1107 0.000000 0.701475 
1108 0.000000 0.688488 
1109 0.000000 0.675700 
1110 0.000000 0.663110 
1111 0.000000 0.650715 
1112 0.000000 0.638513 
1113 0.000000 0.626501 
1114 0.000000 0.614679 
1115 0.000000 0.603043 
1116 0.000000 0.591592 
1117 0.000000 0.580322 
1118 0.000000 0.569234 
1119 0.000000 0.558323 
1120 0.000000 0.547588 
1121 0.000000 0.537027 
1122 0.000000 0.526638 
1123 0.000000 0.516418 
1124 0.000000 0.506367 
1125 0.000000 0.496480 
1126 0.000000 0.486758 
1127 0.000000 0.477197 
1128 0.000000 0.467795 
1129 0.000000 0.458551 
1130 0.000000 0.449462 
1131 0.000000 0.440527 
1132 0.000000 0.431743 
1133 0.000000 0.423109 
1134 0.000000 0.414623 
1135 0.000000 0.406282 
1136 0.000000 0.398084 
1137 0.000000 0.390029 
1138 0.000000 0.382113 
1139 0.000000 0.374336 
1140 0.000000 0.366694 
1141 0.000000 0.359187 
1142 0.000000 0.351812 
1143 0.000000 0.344568 
1144 0.000000 0.337452 
1145 0.000000 0.330463 
1146 0.000000 0.323600 
1147 0.000000 0.316860 
1148 0.000000 0.310241 
1149 0.000000 0.303743 
1150 0.000000 0.297362 
1151 0.000000 0.291098 
1152 0.000000 0.284949 
1153 0.000000 0.278912 
1154 0.000000 0.272987 
1155 0.000000 0.267172 
1156 0.000000 0.261465 
1157 0.000000 0.255864 
1158 0.000000 0.250368 
1159 0.000000 0.244975 
1160 0.000000 0.239684 
1161 0.000000 0.234493 
1162 0.000000 0.229401 
1163 0.000000 0.224405 
1164 0.000000 0.219505 
1165 0.000000 0.214699 
1166 0.000000 0.209986 
1167 0.000000 0.205363 
1168 0.000000 0.200831 
1169 0.000000 0.196386 
1170 0.000000 0.192028 
1171 0.000000 0.187755 
1172 0.000000 0.183567 
1173 0.000000 0.179461 
1174 0.000000 0.175436 
1175 0.000000 0.171491 
1176 0.000000 0.167625 
1177 0.000000 0.163836 
1178 0.000000 0.160122 
1179 0.000000 0.156484 
1180 0.000000 0.152919 
1181 0.000000 0.149426 
1182 0.000000 0.146004 
1183 0.000000 0.142652 
1184 0.000000 0.139368 
1185 0.000000 0.136152 
1186 0.000000 0.133002 
1187 0.000000 0.129917 
1188 0.000000 0.126896 
1189 0.000000 0.123937 
1190 0.000000 0.121040 
1191 0.000000 0.118204 
1192 0.000000 0.115427 
1193 0.000000 0.112709 
1194 0.000000 0.110048 
1195 0.000000 0.107443 
1196 0.000000 0.104894 
1197 0.000000 0.102399 
1198 0.000000 0.099957 
1199 0.000000 0.097567 
1200 0.000000 0.095229 
1201 0.000000 0.092941 
1202 0.000000 0.090703 
1203 0.000000 0.088514 
1204 0.000000 0.086371 
1205 0.000000 0.084276 
1206 0.000000 0.082227 
1207 0.000000 0.080222 
1208 0.000000 0.078262 
1209 0.000000 0.076345 
1210 0.000000 0.074470 
1211 0.000000 0.072637 
1212 0.000000 0.070845 
1213 0.000000 0.069093 
1214 0.000000 0.067380 
1215 0.000000 0.065706 
1216 0.000000 0.064069 
1217 0.000000 0.062469 
1218 0.000000 0.060906 
1219 0.000000 0.059378 
1220 0.000000 0.057885 
1221 0.000000 0.056426 
1222 0.000000 0.055001 
1223 0.000000 0.053608 
1224 0.000000 0.052247 
1225 0.000000 0.050918 
1226 0.000000 0.049620 
1227 0.000000 0.048352 
1228 0.000000 0.047113 
1229 0.000000 0.045904 
1230 0.000000 0.044722 
1231 0.000000 0.043569 
1232 0.000000 0.042442 
1233 0.000000 0.041343 
1234 0.000000 0.040269 
1235 0.000000 0.039221 
1236 0.000000 0.038198 
1237 0.000000 0.037199 
1238 0.000000 0.036224 
1239 0.000000 0.035273 
1240 0.000000 0.034344 
1241 0.000000 0.033438 
1242 0.000000 0.032554 
1243 0.000000 0.031691 
1244 0.000000 0.030849 
1245 0.000000 0.030028 
1246 0.000000 0.029227 
1247 0.000000 0.028446 
1248 0.000000 0.027684 
1249 0.000000 0.026940 
1250 0.000000 0.026215 
1251 0.000000 0.025508 
1252 0.000000 0.024819 
1253 0.000000 0.024146 
1254 0.000000 0.023491 
1255 0.000000 0.022852 
1256 0.000000 0.022229 
1257 0.000000 0.021621 
1258 0.000000 0.021029 
1259 0.000000 0.020452 
1260 0.000000 0.019890 
1261 0.000000 0.019341 
1262 0.000000 0.018807 
1263 0.000000 0.018287 
1264 0.000000 0.017780 
1265 0.000000 0.017285 
1266 0.000000 0.016804 
1267 0.000000 0.016335 
1268 0.000000 0.015878 
1269 0.000000 0.015433 
1270 0.000000 0.014999 
1271 0.000000 0.014577 
1272 0.000000 0.014166 
1273 0.000000 0.013766 
1274 0.000000 0.013376 
1275 0.000000 0.012996 
1276 0.000000 0.012626 
1277 0.000000 0.012267 
1278 0.000000 0.011916 
1279 0.000000 0.011575 
1280 0.000000 0.011243 
1281 0.000000 0.010920 
1282 0.000000 0.010606 
1283 0.000000 0.010300 
1284 0.000000 0.010002 
1285 0.000000 0.009712 
1286 0.000000 0.009430 
1287 0.000000 0.009156 
1288 0.000000 0.008889 
1289 0.000000 0.008629 
1290 0.000000 0.008377 
1291 0.000000 0.008131 
1292 0.000000 0.007892 
1293 0.000000 0.007660 
1294 0.000000 0.007434 
1295 0.000000 0.007214 
1296 0.000000 0.007001 
1297 0.000000 0.006793 
1298 0.000000 0.006591 
1299 0.000000 0.006395 
1300 0.000000 0.006204 
1301 0.000000 0.006018 
1302 0.000000 0.005838 
1303 0.000000 0.005662 
1304 0.000000 0.005492 
1305 0.000000 0.005327 
1306 0.000000 0.005166 
1307 0.000000 0.005009 
1308 0.000000 0.004857 
1309 0.000000 0.004710 
1310 0.000000 0.004567 
1311 0.000000 0.004427 
1312 0.000000 0.004292 
1313 0.000000 0.004161 
1314 0.000000 0.004033 
1315 0.000000 0.003909 
1316 0.000000 0.003789 
1317 0.000000 0.003672 
1318 0.000000 0.003558 
1319 0.000000 0.003448 
1320 0.000000 0.003341 
1321 0.000000 0.003237 
1322 0.000000 0.003136 
1323 0.000000 0.003039 
1324 0.000000 0.002944 
1325 0.000000 0.002851 
1326 0.000000 0.002762 
1327 0.000000 0.002675 
1328 0.000000 0.002591 
1329 0.000000 0.002509 
1330 0.000000 0.002430 
1331 0.000000 0.002353 
1332 0.000000 0.002278 
1333 0.000000 0.002206 
1334 0.000000 0.002136 
1335 0.000000 0.002067 
1336 0.000000 0.002001 
1337 0.000000 0.001937 
1338 0.000000 0.001875 
1339 0.000000 0.001815 
1340 0.000000 0.001756 
1341 0.000000 0.001700 
1342 0.000000 0.001645 
1343 0.000000 0.001592 
1344 0.000000 0.001540 
1345 0.000000 0.001490 
1346 0.000000 0.001441 
1347 0.000000 0.001394 
1348 0.000000 0.001349 
1349 0.000000 0.001305 
1350 0.000000 0.001262 
1351 0.000000 0.001221 
1352 0.000000 0.001180 
1353 0.000000 0.001142 
1354 0.000000 0.001104 
1355 0.000000 0.001067 
1356 0.000000 0.001032 
1357 0.000000 0.000998 
1358 0.000000 0.000965 
1359 0.000000 0.000932 
1360 0.000000 0.000901 
1361 0.000000 0.000871 
1362 0.000000 0.000842 
1363 0.000000 0.000814 
1364 0.000000 0.000786 
1365 0.000000 0.000760 
1366 0.000000 0.000734 
1367 0.000000 0.000710 
1368 0.000000 0.000686 
1369 0.000000 0.000662 
1370 0.000000 0.000640 
1371 0.000000 0.000618 
1372 0.000000 0.000597 
1373 0.000000 0.000577 
1374 0.000000 0.000557 
1375 0.000000 0.000538 
1376 0.000000 0.000519 
1377 0.000000 0.000502 
1378 0.000000 0.000484 
1379 0.000000 0.000468 
1380 0.000000 0.000451 
1381 0.000000 0.000436 
1382 0.000000 0.000421 
1383 0.000000 0.000406 
1384 0.000000 0.000392 
1385 0.000000 0.000378 
1386 0.000000 0.000365 
1387 0.000000 0.000352 
1388 0.000000 0.000340 
1389 0.000000 0.000328 
1390 0.000000 0.000317 
1391 0.000000 0.000305 
1392 0.000000 0.000295 
1393 0.000000 0.000284 
1394 0.000000 0.000274 
1395 0.000000 0.000265 
1396 0.000000 0.000255 
1397 0.000000 0.000246 
1398 0.000000 0.000237 
1399 0.000000 0.000229 
1400 0.000000 0.000221 
1401 0.000000 0.000213 
1402 0.000000 0.000205 
1403 0.000000 0.000198 
1404 0.000000 0.000191 
1405 0.000000 0.000184 
1406 0.000000 0.000177 
1407 0.000000 0.000171 
1408 0.000000 0.000165 
1409 0.000000 0.000159 
1410 0.000000 0.000153 
1411 0.000000 0.000147 
1412 0.000000 0.000142 
1413 0.000000 0.000137 
1414 0.000000 0.000132 
1415 0.000000 0.000127 
1416 0.000000 0.000122 
1417 0.000000 0.000118 
1418 0.000000 0.000114 
1419 0.000000 0.000109 
1420 0.000000 0.000105 
1421 0.000000 0.000101 
1422 0.000000 0.000098 
1423 0.000000 0.000094 
1424 0.000000 0.000091 
1425 0.000000 0.000087 
1426 0.000000 0.000084 
1427 0.000000 0.000081 
1428 0.000000 0.000078 
1429 0.000000 0.000075 
1430 0.000000 0.000072 
1431 0.000000 0.000069 
1432 0.000000 0.000067 
1433 0.000000 0.000064 
1434 0.000000 0.000062 
1435 0.000000 0.000060 
1436 0.000000 0.000057 
1437 0.000000 0.000055 
1438 0.000000 0.000053 
1439 0.000000 0.000051 
1440 0.000000 0.000049 
1441 0.000000 0.000047 
1442 0.000000 0.000045 
1443 0.000000 0.000044 
1444 0.000000 0.000042 
1445 0.000000 0.000040 
1446 0.000000 0.000039 
1447 0.000000 0.000037 
1448 0.000000 0.000036 
1449 0.000000 0.000035 
1450 0.000000 0.000033 
1451 0.000000 0.000032 
1452 0.000000 0.000031 
1453 0.000000 0.000029 
1454 0.000000 0.000028 
1455 0.000000 0.000027 
1456 0.000000 0.000026 
1457 0.000000 0.000025 
1458 0.000000 0.000024 
1459 0.000000 0.000023 
1460 0.000000 0.000022 
1461 0.000000 0.000021 
1462 0.000000 0.000021 
1463 0.000000 0.000020 
1464 0.000000 0.000019 
1465 0.000000 0.000018 
1466 0.000000 0.000018 
1467 0.000000 0.000017 
1468 0.000000 0.000016 
1469 0.000000 0.000016 
1470 0.000000 0.000015 
1471 0.000000 0.000014 
1472 0.000000 0.000014 
1473 0.000000 0.000013 
1474 0.000000 0.000013 
1475 0.000000 0.000012 
1476 0.000000 0.000012 
1477 0.000000 0.000011 
1478 0.000000 0.000011 
1479 0.000000 0.000010 
1480 0.000000 0.000010 
1481 0.000000 0.000010 
1482 0.000000 0.000009 
1483 0.000000 0.000009 
1484 0.000000 0.000008 
1485 0.000000 0.000008 
1486 0.000000 0.000008 
1487 0.000000 0.000007 
1488 0.000000 0.000007 
1489 0.000000 0.000007 
1490 0.000000 0.000007 
1491 0.000000 0.000006 
1492 0.000000 0.000006 
1493 0.000000 0.000006 
1494 0.000000 0.000006 
1495 0.000000 0.000005 
1496 0.000000 0.000005 
1497 0.000000 0.000005 
1498 0.000000 0.000005 
1499 0.000000 0.000004 
1500 0.000000 0.000004 
1501 0.000000 0.000004 
1502 0.000000 0.000004 
1503 0.000000 0.000004 
1504 0.000000 0.000004 
1505 0.000000 0.000003 
1506 0.000000 0.000003 
1507 0.000000 0.000003 
1508 0.000000 0.000003 
1509 0.000000 0.000003 
1510 0.000000 0.000003 
1511 0.000000 0.000003 
1512 0.000000 0.000003 
1513 0.000000 0.000002 
1514 0.000000 0.000002 
1515 0.000000 0.000002 
1516 0.000000 0.000002 
1517 0.000000 0.000002 
1518 0.000000 0.000002 
1519 0.000000 0.000002 
1520 0.000000 0.000002 
1521 0.000000 0.000002 
1522 0.000000 0.000002 
1523 0.000000 0.000002 
1524 0.000000 0.000002 
1525 0.000000 0.000001 
1526 0.000000 0.000001 
1527 0.000000 0.000001 
1528 0.000000 0.000001 
1529 0.000000 0.000001 
1530 0.000000 0.000001 
1531 0.000000 0.000001 
1532 0.000000 0.000001 
1533 0.000000 0.000001 
1534 0.000000 0.000001 
1535 0.000000 0.000001 
1536 0.000000 0.000001 
1537 0.000000 0.000001 
1538 0.000000 0.000001 
1539 0.000000 0.000001 
1540 0.000000 0.000001 
1541 0.000000 0.000001 
1542 0.000000 0.000001 
1543 0.000000 0.000001 
1544 0.000000 0.000001 
1545 0.000000 0.000001 
1546 0.000000 0.000001 
1547 0.000000 0.000001 
1548 0.000000 0.000001 
1549 0.000000 0.000000 
1550 0.000000 0.000000 
1551 0.000000 0.000000 
1552 0.000000 0.000000 
1553 0.000000 0.000000 
1554 0.000000 0.000000 
1555 0.000000 0.000000 
1556 0.000000 0.000000 
1557 0.000000 0.000000 
1558 0.000000 0.000000 
1559 0.000000 0.000000 
1560 0.000000 0.000000 
1561 0.000000 0.000000 
1562 0.000000 0.000000 
1563 0.000000 0.000000 
1564 0.000000 0.000000 
1565 0.000000 0.000000 
1566 0.000000 0.000000 
1567 0.000000 0.000000 
1568 0.000000 0.000000 
1569 0.000000 0.000000 
1570 0.000000 0.000000 
1571 0.000000 0.000000 
1572 0.000000 0.000000 
1573 0.000000 0.000000 
1574 0.000000 0.000000 
1575 0.000000 0.000000 
1576 0.000000 0.000000 
1577 0.000000 0.000000 
1578 0.000000 0.000000 
1579 0.000000 0.000000 
1580 0.000000 0.000000 
1581 0.000000 0.000000 
1582 0.000000 0.000000 
1583 0.000000 0.000000 
1584 0.000000 0.000000 
1585 0.000000 0.000000 
1586 0.000000 0.000000 
1587 0.000000 0.000000 
1588 0.000000 0.000000 
1589 0.000000 0.000000 
1590 0.000000 0.000000 
1591 0.000000 0.000000 
1592 0.000000 0.000000 
1593 0.000000 0.000000 
1594 0.000000 0.000000 
1595 0.000000 0.000000 
1596 0.000000 0.000000 
1597 0.000000 0.000000 
1598 0.000000 0.000000 
1599 0.000000 0.000000 
1600 0.000000 0.000000 
1601 0.000000 0.000000 
1602 0.000000 0.000000 
1603 0.000000 0.000000 
1604 0.000000 0.000000 
1605 0.000000 0.000000 
1606 0.000000 0.000000 
1607 0.000000 0.000000 
1608 0.000000 0.000000 
1609 0.000000 0.000000 
1610 0.000000 0.000000 
1611 0.000000 0.000000 
1612 0.000000 0.000000 
1613 0.000000 0.000000 
1614 0.000000 0.000000 
1615 0.000000 0.000000 
1616 0.000000 0.000000 
1617 0.000000 0.000000 
1618 0.000000 0.000000 
1619 0.000000 0.000000 
1620 0.000000 0.000000 
1621 0.000000 0.000000 
1622 0.000000 0.000000 
1623 0.000000 0.000000 
1624 0.000000 0.000000 
1625 0.000000 0.000000 
1626 0.000000 0.000000 
1627 0.000000 0.000000 
1628 0.000000 0.000000 
1629 0.000000 0.000000 
1630 0.000000 0.000000 
1631 0.000000 0.000000 
1632 0.000000 0.000000 
1633 0.000000 0.000000 
1634 0.000000 0.000000 
1635 0.000000 0.000000 
1636 0.000000 0.000000 
1637 0.000000 0.000000 
1638 0.000000 0.000000 
1639 0.000000 0.000000 
1640 0.000000 0.000000 
1641 0.000000 0.000000 
1642 0.000000 0.000000 
1643 0.000000 0.000000 
1644 0.000000 0.000000 
1645 0.000000 0.000000 
1646 0.000000 0.000000 
1647 0.000000 0.000000 
1648 0.000000 0.000000 
1649 0.000000 0.000000 
1650 0.000000 0.000000 
1651 0.000000 0.000000 
1652 0.000000 0.000000 
1653 0.000000 0.000000 
1654 0.000000 0.000000 
1655 0.000000 0.000000 
1656 0.000000 0.000000 
1657 0.000000 0.000000 
1658 0.000000 0.000000 
1659 0.000000 0.000000 
1660 0.000000 0.000000 
1661 0.000000 0.000000 
1662 0.000000 0.000000 
1663 0.000000 0.000000 
1664 0.000000 0.000000 
1665 0.000000 0.000000 
1666 0.000000 0.000000 
1667 0.000000 0.000000 
1668 0.000000 0.000000 
1669 0.000000 0.000000 
1670 0.000000 0.000000 
1671 0.000000 0.000000 
1672 0.000000 0.000000 
1673 0.000000 0.000000 
1674 0.000000 0.000000 
1675 0.000000 0.000000 
1676 0.000000 0.000000 
1677 0.000000 0.000000 
1678 0.000000 0.000000 
1679 0.000000 0.000000 
1680 0.000000 0.000000 
1681 0.000000 0.000000 
1682 0.000000 0.000000 
1683 0.000000 0.000000 
1684 0.000000 0.000000 
1685 0.000000 0.000000 
1686 0.000000 0.000000 
1687 0.000000 0.000000 
1688 0.000000 0.000000 
1689 0.000000 0.000000 
1690 0.000000 0.000000 
1691 0.000000 0.000000 
1692 0.000000 0.000000 
1693 0.000000 0.000000 
1694 0.000000 0.000000 
1695 0.000000 0.000000 
1696 0.000000 0.000000 
1697 0.000000 0.000000 
1698 0.000000 0.000000 
1699 0.000000 0.000000 
1700 0.000000 0.000000 
1701 0.000000 0.000000 
1702 0.000000 0.000000 
1703 0.000000 0.000000 
1704 0.000000 0.000000 
1705 0.000000 0.000000 
1706 0.000000 0.000000 
1707 0.000000 0.000000 
1708 0.000000 0.000000 
1709 0.000000 0.000000 
1710 0.000000 0.000000 
1711 0.000000 0.000000 
1712 0.000000 0.000000 
1713 0.000000 0.000000 
1714 0.000000 0.000000 
1715 0.000000 0.000000 
1716 0.000000 0.000000 
1717 0.000000 0.000000 
1718 0.000000 0.000000 
1719 0.000000 0.000000 
1720 0.000000 0.000000 
1721 0.000000 0.000000 
1722 0.000000 0.000000 
1723 0.000000 0.000000 
1724 0.000000 0.000000 
1725 0.000000 0.000000 
1726 0.000000 0.000000 
1727 0.000000 0.000000 
1728 0.000000 0.000000 
1729 0.000000 0.000000 
1730 0.000000 0.000000 
1731 0.000000 0.000000 
1732 0.000000 0.000000 
1733 0.000000 0.000000 
1734 0.000000 0.000000 
1735 0.000000 0.000000 
1736 0.000000 0.000000 
1737 0.000000 0.000000 
1738 0.000000 0.000000 
1739 0.000000 0.000000 
1740 0.000000 0.000000 
1741 0.000000 0.000000 
1742 0.000000 0.000000 
1743 0.000000 0.000000 
1744 0.000000 0.000000 
1745 0.000000 0.000000 
1746 0.000000 0.000000 
1747 0.000000 0.000000 
1748 0.000000 0.000000 
1749 0.000000 0.000000 
1750 0.000000 0.000000 
1751 0.000000 0.000000 
1752 0.000000 0.000000 
1753 0.000000 0.000000 
1754 0.000000 0.000000 
1755 0.000000 0.000000 
1756 0.000000 0.000000 
1757 0.000000 0.000000 
1758 0.000000 0.000000 
1759 0.000000 0.000000 
1760 0.000000 0.000000 
1761 0.000000 0.000000 
1762 0.000000 0.000000 
1763 0.000000 0.000000 
1764 0.000000 0.000000 
1765 0.000000 0.000000 
1766 0.000000 0.000000 
1767 0.000000 0.000000 
1768 0.000000 0.000000 
1769 0.000000 0.000000 
1770 0.000000 0.000000 
1771 0.000000 0.000000 
1772 0.000000 0.000000 
1773 0.000000 0.000000 
1774 0.000000 0.000000 
1775 0.000000 0.000000 
1776 0.000000 0.000000 
1777 0.000000 0.000000 
1778 0.000000 0.000000 
1779 0.000000 0.000000 
1780 0.000000 0.000000 
1781 0.000000 0.000000 
1782 0.000000 0.000000 
1783 0.000000 0.000000 
1784 0.000000 0.000000 
1785 0.000000 0.000000 
1786 0.000000 0.000000 
1787 0.000000 0.000000 
1788 0.000000 0.000000 
1789 0.000000 0.000000 
1790 0.000000 0.000000 
1791 0.000000 0.000000 
1792 0.000000 0.000000 
1793 0.000000 0.000000 
1794 0.000000 0.000000 
1795 0.000000 0.000000 
1796 0.000000 0.000000 
1797 0.000000 0.000000 
1798 0.000000 0.000000 
1799 0.000000 0.000000 
1800 0.000000 0.000000 
1801 0.000000 0.000000 
1802 0.000000 0.000000 
1803 0.000000 0.000000 
1804 0.000000 0.000000 
1805 0.000000 0.000000 
1806 0.000000 0.000000 
1807 0.000000 0.000000 
1808 0.000000 0.000000 
1809 0.000000 0.000000 
1810 0.000000 0.000000 
1811 0.000000 0.000000 
1812 0.000000 0.000000 
1813 0.000000 0.000000 
1814 0.000000 0.000000 
1815 0.000000 0.000000 
1816 0.000000 0.000000 
1817 0.000000 0.000000 
1818 0.000000 0.000000 
1819 0.000000 0.000000 
1820 0.000000 0.000000 
1821 0.000000 0.000000 
1822 0.000000 0.000000 
1823 0.000000 0.000000 
1824 0.000000 0.000000 
1825 0.000000 0.000000 
1826 0.000000 0.000000 
1827 0.000000 0.000000 
1828 0.000000 0.000000 
1829 0.000000 0.000000 
1830 0.000000 0.000000 
1831 0.000000 0.000000 
1832 0.000000 0.000000 
1833 0.000000 0.000000 
1834 0.000000 0.000000 
1835 0.000000 0.000000 
1836 0.000000 0.000000 
1837 0.000000 0.000000 
1838 0.000000 0.000000 
1839 0.000000 0.000000 
1840 0.000000 0.000000 
1841 0.000000 0.000000 
1842 0.000000 0.000000 
1843 0.000000 0.000000 
1844 0.000000 0.000000 
1845 0.000000 0.000000 
1846 0.000000 0.000000 
1847 0.000000 0.000000 
1848 0.000000 0.000000 
1849 0.000000 0.000000 
1850 0.000000 0.000000 
1851 0.000000 0.000000 
1852 0.000000 0.000000 
1853 0.000000 0.000000 
1854 0.000000 0.000000 
1855 0.000000 0.000000 
1856 0.000000 0.000000 
1857 0.000000 0.000000 
1858 0.000000 0.000000 
1859 0.000000 0.000000 
1860 0.000000 0.000000 
1861 0.000000 0.000000 
1862 0.000000 0.000000 
1863 0.000000 0.000000 
1864 0.000000 0.000000 
1865 0.000000 0.000000 
1866 0.000000 0.000000 
1867 0.000000 0.000000 
1868 0.000000 0.000000 
1869 0.000000 0.000000 
1870 0.000000 0.000000 
1871 0.000000 0.000000 
1872 0.000000 0.000000 
1873 0.000000 0.000000 
1874 0.000000 0.000000 
1875 0.000000 0.000000 
1876 0.000000 0.000000 
1877 0.000000 0.000000 
1878 0.000000 0.000000 
1879 0.000000 0.000000 
1880 0.000000 0.000000 
1881 0.000000 0.000000 
1882 0.000000 0.000000 
1883 0.000000 0.000000 
1884 0.000000 0.000000 
1885 0.000000 0.000000 
1886 0.000000 0.000000 
1887 0.000000 0.000000 
1888 0.000000 0.000000 
1889 0.000000 0.000000 
1890 0.000000 0.000000 
1891 0.000000 0.000000 
1892 0.000000 0.000000 
1893 0.000000 0.000000 
1894 0.000000 0.000000 
1895 0.000000 0.000000 
1896 0.000000 0.000000 
1897 0.000000 0.000000 
1898 0.000000 0.000000 
1899 0.000000 0.000000 
1900 0.000000 0.000000 
1901 0.000000 0.000000 
1902 0.000000 0.000000 
1903 0.000000 0.000000 
1904 0.000000 0.000000 
1905 0.000000 0.000000 
1906 0.000000 0.000000 
1907 0.000000 0.000000 
1908 0.000000 0.000000 
1909 0.000000 0.000000 
1910 0.000000 0.000000 
1911 0.000000 0.000000 
1912 0.000000 0.000000 
1913 0.000000 0.000000 
1914 0.000000 0.000000 
1915 0.000000 0.000000 
1916 0.000000 0.000000 
1917 0.000000 0.000000 
1918 0.000000 0.000000 
1919 0.000000 0.000000 
1920 0.000000 0.000000 
1921 0.000000 0.000000 
1922 0.000000 0.000000 
1923 0.000000 0.000000 
1924 0.000000 0.000000 
1925 0.000000 0.000000 
1926 0.000000 0.000000 
1927 0.000000 0.000000 
1928 0.000000 0.000000 
1929 0.000000 0.000000 
1930 0.000000 0.000000 
1931 0.000000 0.000000 
1932 0.000000 0.000000 
1933 0.000000 0.000000 
1934 0.000000 0.000000 
1935 0.000000 0.000000 
1936 0.000000 0.000000 
1937 0.000000 0.000000 
1938 0.000000 0.000000 
1939 0.000000 0.000000 
1940 0.000000 0.000000 
1941 0.000000 0.000000 
1942 0.000000 0.000000 
1943 0.000000 0.000000 
1944 0.000000 0.000000 
1945 0.000000 0.000000 
1946 0.000000 0.000000 
1947 0.000000 0.000000 
1948 0.000000 0.000000 
1949 0.000000 0.000000 
1950 0.000000 0.000000 
1951 0.000000 0.000000 
1952 0.000000 0.000000 
1953 0.000000 0.000000 
1954 0.000000 0.000000 
1955 0.000000 0.000000 
1956 0.000000 0.000000 
1957 0.000000 0.000000 
1958 0.000000 0.000000 
1959 0.000000 0.000000 
1960 0.000000 0.000000 
1961 0.000000 0.000000 
1962 0.000000 0.000000 
1963 0.000000 0.000000 
1964 0.000000 0.000000 
1965 0.000000 0.000000 
1966 0.000000 0.000000 
1967 0.000000 0.000000 
1968 0.000000 0.000000 
1969 0.000000 0.000000 
1970 0.000000 0.000000 
1971 0.000000 0.000000 
1972 0.000000 0.000000 
1973 0.000000 0.000000 
1974 0.000000 0.000000 
1975 0.000000 0.000000 
1976 0.000000 0.000000 
1977 0.000000 0.000000 
1978 0.000000 0.000000 
1979 0.000000 0.000000 
1980 0.000000 0.000000 
1981 0.000000 0.000000 
1982 0.000000 0.000000 
1983 0.000000 0.000000 
1984 0.000000 0.000000 
1985 0.000000 0.000000 
1986 0.000000 0.000000 
1987 0.000000 0.000000 
1988 0.000000 0.000000 
1989 0.000000 0.000000 
1990 0.000000 0.000000 
1991 0.000000 0.000000 
1992 0.000000 0.000000 
1993 0.000000 0.000000 
1994 0.000000 0.000000 
1995 0.000000 0.000000 
1996 0.000000 0.000000 
1997 0.000000 0.000000 
1998 0.000000 0.000000 
1999 0.000000 0.000000 
2000 0.000000 0.000000 
2001 0.000000 0.000000 
2002 0.000000 0.000000 
2003 0.000000 0.000000 
2004 0.000000 0.000000 
2005 0.000000 0.000000 
2006 0.000000 0.000000 
2007 0.000000 0.000000 
2008 0.000000 0.000000 
2009 0.000000 0.000000 
2010 0.000000 0.000000 
2011 0.000000 0.000000 
2012 0.000000 0.000000 
2013 0.000000 0.000000 
2014 0.000000 0.000000 
2015 0.000000 0.000000 
2016 0.000000 0.000000 
2017 0.000000 0.000000 
2018 0.000000 0.000000 
2019 0.000000 0.000000 
2020 0.000000 0.000000 
2021 0.000000 0.000000 
2022 0.000000 0.000000 
2023 0.000000 0.000000 
2024 0.000000 0.000000 
2025 0.000000 0.000000 
2026 0.000000 0.000000 
2027 0.000000 0.000000 
2028 0.000000 0.000000 
2029 0.000000 0.000000 
2030 0.000000 0.000000 
2031 0.000000 0.000000 
2032 0.000000 0.000000 
2033 0.000000 0.000000 
2034 0.000000 0.000000 
2035 0.000000 0.000000 
2036 0.000000 0.000000 
2037 0.000000 0.000000 
2038 0.000000 0.000000 
2039 0.000000 0.000000 
2040 0.000000 0.000000 
2041 0.000000 0.000000 
2042 0.000000 0.000000 
2043 0.000000 0.000000 
2044 0.000000 0.000000 
2045 0.000000 0.000000 
2046 0.000000 0.000000 
2047 0.000000 0.000000 
2048 0.000000 0.000000 
2049 0.000000 0.000000 
2050 0.000000 0.000000 
2051 0.000000 0.000000 
2052 0.000000 0.000000 
2053 0.000000 0.000000 
2054 0.000000 0.000000 
2055 0.000000 0.000000 
2056 0.000000 0.000000 
2057 0.000000 0.000000 
2058 0.000000 0.000000 
2059 0.000000 0.000000 
2060 0.000000 0.000000 
2061 0.000000 0.000000 
2062 0.000000 0.000000 
2063 0.000000 0.000000 
2064 0.000000 0.000000 
2065 0.000000 0.000000 
2066 0.000000 0.000000 
2067 0.000000 0.000000 
2068 0.000000 0.000000 
2069 0.000000 0.000000 
2070 0.000000 0.000000 
2071 0.000000 0.000000 
2072 0.000000 0.000000 
2073 0.000000 0.000000 
2074 0.000000 0.000000 
2075 0.000000 0.000000 
2076 0.000000 0.000000 
2077 0.000000 0.000000 
2078 0.000000 0.000000 
2079 0.000000 0.000000 
2080 0.000000 0.000000 
2081 0.000000 0.000000 
2082 0.000000 0.000000 
2083 0.000000 0.000000 
2084 0.000000 0.000000 
2085 0.000000 0.000000 
2086 0.000000 0.000000 
2087 0.000000 0.000000 
2088 0.000000 0.000000 
2089 0.000000 0.000000 
2090 0.000000 0.000000 
2091 0.000000 0.000000 
2092 0.000000 0.000000 
2093 0.000000 0.000000 
2094 0.000000 0.000000 
2095 0.000000 0.000000 
2096 0.000000 0.000000 
2097 0.000000 0.000000 
2098 0.000000 0.000000 
2099 0.000000 0.000000 
2100 0.000000 0.000000 
2101 0.000000 0.000000 
2102 0.000000 0.000000 
2103 0.000000 0.000000 
2104 0.000000 0.000000 
2105 0.000000 0.000000 
2106 0.000000 0.000000 
2107 0.000000 0.000000 
2108 0.000000 0.000000 
2109 0.000000 0.000000 
2110 0.000000 0.000000 
2111 0.000000 0.000000 
2112 0.000000 0.000000 
2113 0.000000 0.000000 
2114 0.000000 0.000000 
2115 0.000000 0.000000 
2116 0.000000 0.000000 
2117 0.000000 0.000000 
2118 0.000000 0.000000 
2119 0.000000 0.000000 
2120 0.000000 0.000000 
2121 0.000000 0.000000 
2122 0.000000 0.000000 
2123 0.000000 0.000000 
2124 0.000000 0.000000 
2125 0.000000 0.000000 
2126 0.000000 0.000000 
2127 0.000000 0.000000 
2128 0.000000 0.000000 
2129 0.000000 0.000000 
2130 0.000000 0.000000 
2131 0.000000 0.000000 
2132 0.000000 0.000000 
2133 0.000000 0.000000 
2134 0.000000 0.000000 
2135 0.000000 0.000000 
2136 0.000000 0.000000 
2137 0.000000 0.000000 
2138 0.000000 0.000000 
2139 0.000000 0.000000 
2140 0.000000 0.000000 
2141 0.000000 0.000000 
2142 0.000000 0.000000 
2143 0.000000 0.000000 
2144 0.000000 0.000000 
2145 0.000000 0.000000 
2146 0.000000 0.000000 
2147 0.000000 0.000000 
2148 0.000000 0.000000 
2149 0.000000 0.000000 
2150 0.000000 0.000000 
2151 0.000000 0.000000 
2152 0.000000 0.000000 
2153 0.000000 0.000000 
2154 0.000000 0.000000 
2155 0.000000 0.000000 
2156 0.000000 0.000000 
2157 0.000000 0.000000 
2158 0.000000 0.000000 
2159 0.000000 0.000000 
2160 0.000000 0.000000 
2161 0.000000 0.000000 
2162 0.000000 0.000000 
2163 0.000000 0.000000 
2164 0.000000 0.000000 
2165 0.000000 0.000000 
2166 0.000000 0.000000 
2167 0.000000 0.000000 
2168 0.000000 0.000000 
2169 0.000000 0.000000 
2170 0.000000 0.000000 
2171 0.000000 0.000000 
2172 0.000000 0.000000 
2173 0.000000 0.000000 
2174 0.000000 0.000000 
2175 0.000000 0.000000 
2176 0.000000 0.000000 
2177 0.000000 0.000000 
2178 0.000000 0.000000 
2179 0.000000 0.000000 
2180 0.000000 0.000000 
2181 0.000000 0.000000 
2182 0.000000 0.000000 
2183 0.000000 0.000000 
2184 0.000000 0.000000 
2185 0.000000 0.000000 
2186 0.000000 0.000000 
2187 0.000000 0.000000 
2188 0.000000 0.000000 
2189 0.000000 0.000000 
2190 0.000000 0.000000 
2191 0.000000 0.000000 
2192 0.000000 0.000000 
2193 0.000000 0.000000 
2194 0.000000 0.000000 
2195 0.000000 0.000000 
2196 0.000000 0.000000 
2197 0.000000 0.000000 
2198 0.000000 0.000000 
2199 0.000000 0.000000 
2200 0.000000 0.000000 
2201 0.000000 0.000000 
2202 0.000000 0.000000 
2203 0.000000 0.000000 
2204 0.000000 0.000000 
2205 0.000000 0.000000 
2206 0.000000 0.000000 
2207 0.000000 0.000000 
2208 0.000000 0.000000 
2209 0.000000 0.000000 
2210 0.000000 0.000000 
2211 0.000000 0.000000 
2212 0.000000 0.000000 
2213 0.000000 0.000000 
2214 0.000000 0.000000 
2215 0.000000 0.000000 
2216 0.000000 0.000000 
2217 0.000000 0.000000 
2218 0.000000 0.000000 
2219 0.000000 0.000000 
2220 0.000000 0.000000 
2221 0.000000 0.000000 
2222 0.000000 0.000000 
2223 0.000000 0.000000 
2224 0.000000 0.000000 
2225 0.000000 0.000000 
2226 0.000000 0.000000 
2227 0.000000 0.000000 
2228 0.000000 0.000000 
2229 0.000000 0.000000 
2230 0.000000 0.000000 
2231 0.000000 0.000000 
2232 0.000000 0.000000 
2233 0.000000 0.000000 
2234 0.000000 0.000000 
2235 0.000000 0.000000 
2236 0.000000 0.000000 
2237 0.000000 0.000000 
2238 0.000000 0.000000 
2239 0.000000 0.000000 
2240 0.000000 0.000000 
2241 0.000000 0.000000 
2242 0.000000 0.000000 
2243 0.000000 0.000000 
2244 0.000000 0.000000 
2245 0.000000 0.000000 
2246 0.000000 0.000000 
2247 0.000000 0.000000 
2248 0.000000 0.000000 
2249 0.000000 0.000000 
2250 0.000000 0.000000 
2251 0.000000 0.000000 
2252 0.000000 0.000000 
2253 0.000000 0.000000 
2254 0.000000 0.000000 
2255 0.000000 0.000000 
2256 0.000000 0.000000 
2257 0.000000 0.000000 
2258 0.000000 0.000000 
2259 0.000000 0.000000 
2260 0.000000 0.000000 
2261 0.000000 0.000000 
2262 0.000000 0.000000 
2263 0.000000 0.000000 
2264 0.000000 0.000000 
2265 0.000000 0.000000 
2266 0.000000 0.000000 
2267 0.000000 0.000000 
2268 0.000000 0.000000 
2269 0.000000 0.000000 
2270 0.000000 0.000000 
2271 0.000000 0.000000 
2272 0.000000 0.000000 
2273 0.000000 0.000000 
2274 0.000000 0.000000 
2275 0.000000 0.000000 
2276 0.000000 0.000000 
2277 0.000000 0.000000 
2278 0.000000 0.000000 
2279 0.000000 0.000000 
2280 0.000000 0.000000 
2281 0.000000 0.000000 
2282 0.000000 0.000000 
2283 0.000000 0.000000 
2284 0.000000 0.000000 
2285 0.000000 0.000000 
2286 0.000000 0.000000 
2287 0.000000 0.000000 
2288 0.000000 0.000000 
2289 0.000000 0.000000 
2290 0.000000 0.000000 
2291 0.000000 0.000000 
2292 0.000000 0.000000 
2293 0.000000 0.000000 
2294 0.000000 0.000000 
2295 0.000000 0.000000 
2296 0.000000 0.000000 
2297 0.000000 0.000000 
2298 0.000000 0.000000 
2299 0.000000 0.000000 
2300 0.000000 0.000000 
2301 0.000000 0.000000 
2302 0.000000 0.000000 
2303 0.000000 0.000000 
2304 0.000000 0.000000 
2305 0.000000 0.000000 
2306 0.000000 0.000000 
2307 0.000000 0.000000 
2308 0.000000 0.000000 
2309 0.000000 0.000000 
2310 0.000000 0.000000 
2311 0.000000 0.000000 
2312 0.000000 0.000000 
2313 0.000000 0.000000 
2314 0.000000 0.000000 
2315 0.000000 0.000000 
2316 0.000000 0.000000 
2317 0.000000 0.000000 
2318 0.000000 0.000000 
2319 0.000000 0.000000 
2320 0.000000 0.000000 
2321 0.000000 0.000000 
2322 0.000000 0.000000 
2323 0.000000 0.000000 
2324 0.000000 0.000000 
2325 0.000000 0.000000 
2326 0.000000 0.000000 
2327 0.000000 0.000000 
2328 0.000000 0.000000 
2329 0.000000 0.000000 
2330 0.000000 0.000000 
2331 0.000000 0.000000 
2332 0.000000 0.000000 
2333 0.000000 0.000000 
2334 0.000000 0.000000 
2335 0.000000 0.000000 
2336 0.000000 0.000000 
2337 0.000000 0.000000 
2338 0.000000 0.000000 
2339 0.000000 0.000000 
2340 0.000000 0.000000 
2341 0.000000 0.000000 
2342 0.000000 0.000000 
2343 0.000000 0.000000 
2344 0.000000 0.000000 
2345 0.000000 0.000000 
2346 0.000000 0.000000 
2347 0.000000 0.000000 
2348 0.000000 0.000000 
2349 0.000000 0.000000 
2350 0.000000 0.000000 
2351 0.000000 0.000000 
2352 0.000000 0.000000 
2353 0.000000 0.000000 
2354 0.000000 0.000000 
2355 0.000000 0.000000 
2356 0.000000 0.000000 
2357 0.000000 0.000000 
2358 0.000000 0.000000 
2359 0.000000 0.000000 
2360 0.000000 0.000000 
2361 0.000000 0.000000 
2362 0.000000 0.000000 
2363 0.000000 0.000000 
2364 0.000000 0.000000 
2365 0.000000 0.000000 
2366 0.000000 0.000000 
2367 0.000000 0.000000 
2368 0.000000 0.000000 
2369 0.000000 0.000000 
2370 0.000000 0.000000 
2371 0.000000 0.000000 
2372 0.000000 0.000000 
2373 0.000000 0.000000 
2374 0.000000 0.000000 
2375 0.000000 0.000000 
2376 0.000000 0.000000 
2377 0.000000 0.000000 
2378 0.000000 0.000000 
2379 0.000000 0.000000 
2380 0.000000 0.000000 
2381 0.000000 0.000000 
2382 0.000000 0.000000 
2383 0.000000 0.000000 
2384 0.000000 0.000000 
2385 0.000000 0.000000 
2386 0.000000 0.000000 
2387 0.000000 0.000000 
2388 0.000000 0.000000 
2389 0.000000 0.000000 
2390 0.000000 0.000000 
2391 0.000000 0.000000 
2392 0.000000 0.000000 
2393 0.000000 0.000000 
2394 0.000000 0.000000 
2395 0.000000 0.000000 
2396 0.000000 0.000000 
2397 0.000000 0.000000 
2398 0.000000 0.000000 
2399 0.000000 0.000000 
2400 0.000000 0.000000 
2401 0.000000 0.000000 
2402 0.000000 0.000000 
2403 0.000000 0.000000 
2404 0.000000 0.000000 
2405 0.000000 0.000000 
2406 0.000000 0.000000 
2407 0.000000 0.000000 
2408 0.000000 0.000000 
2409 0.000000 0.000000 
2410 0.000000 0.000000 
2411 0.000000 0.000000 
2412 0.000000 0.000000 
2413 0.000000 0.000000 
2414 0.000000 0.000000 
2415 0.000000 0.000000 
2416 0.000000 0.000000 
2417 0.000000 0.000000 
2418 0.000000 0.000000 
2419 0.000000 0.000000 
2420 0.000000 0.000000 
2421 0.000000 0.000000 
2422 0.000000 0.000000 
2423 0.000000 0.000000 
2424 0.000000 0.000000 
2425 0.000000 0.000000 
2426 0.000000 0.000000 
2427 0.000000 0.000000 
2428 0.000000 0.000000 
2429 0.000000 0.000000 
2430 0.000000 0.000000 
2431 0.000000 0.000000 
2432 0.000000 0.000000 
2433 0.000000 0.000000 
2434 0.000000 0.000000 
2435 0.000000 0.000000 
2436 0.000000 0.000000 
2437 0.000000 0.000000 
2438 0.000000 0.000000 
2439 0.000000 0.000000 
2440 0.000000 0.000000 
2441 0.000000 0.000000 
2442 0.000000 0.000000 
2443 0.000000 0.000000 
2444 0.000000 0.000000 
2445 0.000000 0.000000 
2446 0.000000 0.000000 
2447 0.000000 0.000000 
2448 0.000000 0.000000 
2449 0.000000 0.000000 
2450 0.000000 0.000000 
2451 0.000000 0.000000 
2452 0.000001 0.000000 
2453 0.000001 0.000000 
2454 0.000001 0.000000 
2455 0.000001 0.000000 
2456 0.000001 0.000000 
2457 0.000001 0.000000 
2458 0.000001 0.000000 
2459 0.000001 0.000000 
2460 0.000001 0.000000 
2461 0.000001 0.000000 
2462 0.000001 0.000000 
2463 0.000001 0.000000 
2464 0.000001 0.000000 
2465 0.000001 0.000000 
2466 0.000001 0.000000 
2467 0.000001 0.000000 
2468 0.000001 0.000000 
2469 0.000001 0.000000 
2470 0.000001 0.000000 
2471 0.000001 0.000000 
2472 0.000001 0.000000 
2473 0.000001 0.000000 
2474 0.000001 0.000000 
2475 0.000001 0.000000 
2476 0.000002 0.000000 
2477 0.000002 0.000000 
2478 0.000002 0.000000 
2479 0.000002 0.000000 
2480 0.000002 0.000000 
2481 0.000002 0.000000 
2482 0.000002 0.000000 
2483 0.000002 0.000000 
2484 0.000002 0.000000 
2485 0.000002 0.000000 
2486 0.000002 0.000000 
2487 0.000002 0.000000 
2488 0.000003 0.000000 
2489 0.000003 0.000000 
2490 0.000003 0.000000 
2491 0.000003 0.000000 
2492 0.000003 0.000000 
2493 0.000003 0.000000 
2494 0.000003 0.000000 
2495 0.000003 0.000000 
2496 0.000004 0.000000 
2497 0.000004 0.000000 
2498 0.000004 0.000000 
2499 0.000004 0.000000 
2500 0.000004 0.000000 
2501 0.000004 0.000000 
2502 0.000005 0.000000 
2503 0.000005 0.000000 
2504 0.000005 0.000000 
2505 0.000005 0.000000 
2506 0.000006 0.000000 
2507 0.000006 0.000000 
2508 0.000006 0.000000 
2509 0.000006 0.000000 
2510 0.000007 0.000000 
2511 0.000007 0.000000 
2512 0.000007 0.000000 
2513 0.000007 0.000000 
2514 0.000008 0.000000 
2515 0.000008 0.000000 
2516 0.000008 0.000000 
2517 0.000009 0.000000 
2518 0.000009 0.000000 
2519 0.000010 0.000000 
2520 0.000010 0.000000 
2521 0.000010 0.000000 
2522 0.000011 0.000000 
2523 0.000011 0.000000 
2524 0.000012 0.000000 
2525 0.000012 0.000000 
2526 0.000013 0.000000 
2527 0.000013 0.000000 
2528 0.000014 0.000000 
2529 0.000014 0.000000 
2530 0.000015 0.000000 
2531 0.000016 0.000000 
2532 0.000016 0.000000 
2533 0.000017 0.000000 
2534 0.000018 0.000000 
2535 0.000018 0.000000 
2536 0.000019 0.000000 
2537 0.000020 0.000000 
2538 0.000021 0.000000 
2539 0.000021 0.000000 
2540 0.000022 0.000000 
2541 0.000023 0.000000 
2542 0.000024 0.000000 
2543 0.000025 0.000000 
2544 0.000026 0.000000 
2545 0.000027 0.000000 
2546 0.000028 0.000000 
2547 0.000029 0.000000 
2548 0.000031 0.000000 
2549 0.000032 0.000000 
2550 0.000033 0.000000 
2551 0.000035 0.000000 
2552 0.000036 0.000000 
2553 0.000037 0.000000 
2554 0.000039 0.000000 
2555 0.000040 0.000000 
2556 0.000042 0.000000 
2557 0.000044 0.000000 
2558 0.000045 0.000000 
2559 0.000047 0.000000 
2560 0.000049 0.000000 
2561 0.000051 0.000000 
2562 0.000053 0.000000 
2563 0.000055 0.000000 
2564 0.000057 0.000000 
2565 0.000060 0.000000 
2566 0.000062 0.000000 
2567 0.000064 0.000000 
2568 0.000067 0.000000 
2569 0.000069 0.000000 
2570 0.000072 0.000000 
2571 0.000075 0.000000 
2572 0.000078 0.000000 
2573 0.000081 0.000000 
2574 0.000084 0.000000 
2575 0.000087 0.000000 
2576 0.000091 0.000000 
2577 0.000094 0.000000 
2578 0.000098 0.000000 
2579 0.000101 0.000000 
2580 0.000105 0.000000 
2581 0.000109 0.000000 
2582 0.000114 0.000000 
2583 0.000118 0.000000 
2584 0.000122 0.000000 
2585 0.000127 0.000000 
2586 0.000132 0.000000 
2587 0.000137 0.000000 
2588 0.000142 0.000000 
2589 0.000147 0.000000 
2590 0.000153 0.000000 
2591 0.000159 0.000000 
2592 0.000165 0.000000 
2593 0.000171 0.000000 
2594 0.000177 0.000000 
2595 0.000184 0.000000 
2596 0.000191 0.000000 
2597 0.000198 0.000000 
2598 0.000205 0.000000 
2599 0.000213 0.000000 
2600 0.000221 0.000000 
2601 0.000229 0.000000 
2602 0.000237 0.000000 
2603 0.000246 0.000000 
2604 0.000255 0.000000 
2605 0.000265 0.000000 
2606 0.000274 0.000000 
2607 0.000284 0.000000 
2608 0.000295 0.000000 
2609 0.000305 0.000000 
2610 0.000317 0.000000 
2611 0.000328 0.000000 
2612 0.000340 0.000000 
2613 0.000352 0.000000 
2614 0.000365 0.000000 
2615 0.000378 0.000000 
2616 0.000392 0.000000 
2617 0.000406 0.000000 
2618 0.000421 0.000000 
2619 0.000436 0.000000 
2620 0.000451 0.000000 
2621 0.000468 0.000000 
2622 0.000484 0.000000 
2623 0.000502 0.000000 
2624 0.000519 0.000000 
2625 0.000538 0.000000 
2626 0.000557 0.000000 
2627 0.000577 0.000000 
2628 0.000597 0.000000 
2629 0.000618 0.000000 
2630 0.000640 0.000000 
2631 0.000662 0.000000 
2632 0.000686 0.000000 
2633 0.000710 0.000000 
2634 0.000734 0.000000 
2635 0.000760 0.000000 
2636 0.000786 0.000000 
2637 0.000814 0.000000 
2638 0.000842 0.000000 
2639 0.000871 0.000000 
2640 0.000901 0.000000 
2641 0.000932 0.000000 
2642 0.000965 0.000000 
2643 0.000998 0.000000 
2644 0.001032 0.000000 
2645 0.001067 0.000000 
2646 0.001104 0.000000 
2647 0.001142 0.000000 
2648 0.001180 0.000000 
2649 0.001221 0.000000 
2650 0.001262 0.000000 
2651 0.001305 0.000000 
2652 0.001349 0.000000 
2653 0.001394 0.000000 
2654 0.001441 0.000000 
2655 0.001490 0.000000 
2656 0.001540 0.000000 
2657 0.001592 0.000000 
2658 0.001645 0.000000 
2659 0.001700 0.000000 
2660 0.001756 0.000000 
2661 0.001815 0.000000 
2662 0.001875 0.000000 
2663 0.001937 0.000000 
2664 0.002001 0.000000 
2665 0.002067 0.000000 
2666 0.002136 0.000000 
2667 0.002206 0.000000 
2668 0.002278 0.000000 
2669 0.002353 0.000000 
2670 0.002430 0.000000 
2671 0.002509 0.000000 
2672 0.002591 0.000000 
2673 0.002675 0.000000 
2674 0.002762 0.000000 
2675 0.002851 0.000000 
2676 0.002944 0.000000 
2677 0.003039 0.000000 
2678 0.003136 0.000000 
2679 0.003237 0.000000 
2680 0.003341 0.000000 
2681 0.003448 0.000000 
2682 0.003558 0.000000 
2683 0.003672 0.000000 
2684 0.003789 0.000000 
2685 0.003909 0.000000 
2686 0.004033 0.000000 
2687 0.004161 0.000000 
2688 0.004292 0.000000 
2689 0.004427 0.000000 
2690 0.004567 0.000000 
2691 0.004710 0.000000 
2692 0.004857 0.000000 
2693 0.005009 0.000000 
2694 0.005166 0.000000 
2695 0.005327 0.000000 
2696 0.005492 0.000000 
2697 0.005662 0.000000 
2698 0.005838 0.000000 
2699 0.006018 0.000000 
2700 0.006204 0.000000 
2701 0.006395 0.000000 
2702 0.006591 0.000000 
2703 0.006793 0.000000 
2704 0.007001 0.000000 
2705 0.007214 0.000000 
2706 0.007434 0.000000 
2707 0.007660 0.000000 
2708 0.007892 0.000000 
2709 0.008131 0.000000 
2710 0.008377 0.000000 
2711 0.008629 0.000000 
2712 0.008889 0.000000 
2713 0.009156 0.000000 
2714 0.009430 0.000000 
2715 0.009712 0.000000 
2716 0.010002 0.000000 
2717 0.010300 0.000000 
2718 0.010606 0.000000 
2719 0.010920 0.000000 
2720 0.011243 0.000000 
2721 0.011575 0.000000 
2722 0.011916 0.000000 
2723 0.012267 0.000000 
2724 0.012626 0.000000 
2725 0.012996 0.000000 
2726 0.013376 0.000000 
2727 0.013766 0.000000 
2728 0.014166 0.000000 
2729 0.014577 0.000000 
2730 0.014999 0.000000 
2731 0.015433 0.000000 
2732 0.015878 0.000000 
2733 0.016335 0.000000 
2734 0.016804 0.000000 
2735 0.017285 0.000000 
2736 0.017780 0.000000 
2737 0.018287 0.000000 
2738 0.018807 0.000000 
2739 0.019341 0.000000 
2740 0.019890 0.000000 
2741 0.020452 0.000000 
2742 0.021029 0.000000 
2743 0.021621 0.000000 
2744 0.022229 0.000000 
2745 0.022852 0.000000 
2746 0.023491 0.000000 
2747 0.024146 0.000000 
2748 0.024819 0.000000 
2749 0.025508 0.000000 
2750 0.026215 0.000000 
2751 0.026940 0.000000 
2752 0.027684 0.000000 
2753 0.028446 0.000000 
2754 0.029227 0.000000 
2755 0.030028 0.000000 
2756 0.030849 0.000000 
2757 0.031691 0.000000 
2758 0.032554 0.000000 
2759 0.033438 0.000000 
2760 0.034344 0.000000 
2761 0.035273 0.000000 
2762 0.036224 0.000000 
2763 0.037199 0.000000 
2764 0.038198 0.000000 
2765 0.039221 0.000000 
2766 0.040269 0.000000 
2767 0.041343 0.000000 
2768 0.042442 0.000000 
2769 0.043569 0.000000 
2770 0.044722 0.000000 
2771 0.045904 0.000000 
2772 0.047113 0.000000 
2773 0.048352 0.000000 
2774 0.049620 0.000000 
2775 0.050918 0.000000 
2776 0.052247 0.000000 
2777 0.053608 0.000000 
2778 0.055001 0.000000 
2779 0.056426 0.000000 
2780 0.057885 0.000000 
2781 0.059378 0.000000 
2782 0.060906 0.000000 
2783 0.062469 0.000000 
2784 0.064069 0.000000 
2785 0.065706 0.000000 
2786 0.067380 0.000000 
2787 0.069093 0.000000 
2788 0.070845 0.000000 
2789 0.072637 0.000000 
2790 0.074470 0.000000 
2791 0.076345 0.000000 
2792 0.078262 0.000000 
2793 0.080222 0.000000 
2794 0.082227 0.000000 
2795 0.084276 0.000000 
2796 0.086371 0.000000 
2797 0.088514 0.000000 
2798 0.090703 0.000000 
2799 0.092941 0.000000 
2800 0.095229 0.000000 
2801 0.097567 0.000000 
2802 0.099957 0.000000 
2803 0.102399 0.000000 
2804 0.104894 0.000000 
2805 0.107443 0.000000 
2806 0.110048 0.000000 
2807 0.112709 0.000000 
2808 0.115427 0.000000 
2809 0.118204 0.000000 
2810 0.121040 0.000000 
2811 0.123937 0.000000 
2812 0.126896 0.000000 
2813 0.129917 0.000000 
2814 0.133002 0.000000 
2815 0.136152 0.000000 
2816 0.139368 0.000000 
2817 0.142652 0.000000 
2818 0.146004 0.000000 
2819 0.149426 0.000000 
2820 0.152919 0.000000 
2821 0.156484 0.000000 
2822 0.160122 0.000000 
2823 0.163836 0.000000 
2824 0.167625 0.000000 
2825 0.171491 0.000000 
2826 0.175436 0.000000 
2827 0.179461 0.000000 
2828 0.183567 0.000000 
2829 0.187755 0.000000 
2830 0.192028 0.000000 
2831 0.196386 0.000000 
2832 0.200831 0.000000 
2833 0.205363 0.000000 
2834 0.209986 0.000000 
2835 0.214699 0.000000 
2836 0.219505 0.000000 
2837 0.224405 0.000000 
2838 0.229401 0.000000 
2839 0.234493 0.000000 
2840 0.239684 0.000000 
2841 0.244975 0.000000 
2842 0.250368 0.000000 
2843 0.255864 0.000000 
2844 0.261465 0.000000 
2845 0.267172 0.000000 
2846 0.272987 0.000000 
2847 0.278912 0.000000 
2848 0.284949 0.000000 
2849 0.291098 0.000000 
2850 0.297362 0.000000 
2851 0.303743 0.000000 
2852 0.310241 0.000000 
2853 0.316860 0.000000 
2854 0.323600 0.000000 
2855 0.330463 0.000000 
2856 0.337452 0.000000 
2857 0.344568 0.000000 
2858 0.351812 0.000000 
2859 0.359187 0.000000 
2860 0.366694 0.000000 
2861 0.374336 0.000000 
2862 0.382113 0.000000 
2863 0.390029 0.000000 
2864 0.398084 0.000000 
2865 0.406282 0.000000 
2866 0.414623 0.000000 
2867 0.423109 0.000000 
2868 0.431743 0.000000 
2869 0.440527 0.000000 
2870 0.449462 0.000000 
2871 0.458551 0.000000 
2872 0.467795 0.000000 
2873 0.477197 0.000000 
2874 0.486758 0.000000 
2875 0.496480 0.000000 
2876 0.506367 0.000000 
2877 0.516418 0.000000 
2878 0.526638 0.000000 
2879 0.537027 0.000000 
2880 0.547588 0.000000 
2881 0.558323 0.000000 
2882 0.569234 0.000000 
2883 0.580322 0.000000 
2884 0.591592 0.000000 
2885 0.603043 0.000000 
2886 0.614679 0.000000 
2887 0.626501 0.000000 
2888 0.638513 0.000000 
2889 0.650715 0.000000 
2890 0.663110 0.000000 
2891 0.675700 0.000000 
2892 0.688488 0.000000 
2893 0.701475 0.000000 
2894 0.714664 0.000000 
2895 0.728057 0.000000 
2896 0.741656 0.000000 
2897 0.755464 0.000000 
2898 0.769481 0.000000 
2899 0.783712 0.000000 
2900 0.798157 0.000000 
2901 0.812819 0.000000 
2902 0.827701 0.000000 
2903 0.842804 0.000000 
2904 0.858130 0.000000 
2905 0.873683 0.000000 
2906 0.889463 0.000000 
2907 0.905474 0.000000 
2908 0.921717 0.000000 
2909 0.938195 0.000000 
2910 0.954909 0.000000 
2911 0.971863 0.000000 
2912 0.989057 0.000000 
2913 1.006495 0.000000 
2914 1.024178 0.000000 
2915 1.042109 0.000000 
2916 1.060289 0.000000 
2917 1.078722 0.000000 
2918 1.097408 0.000000 
2919 1.116350 0.000000 
2920 1.135551 0.000000 
2921 1.155012 0.000000 
2922 1.174736 0.000000 
2923 1.194723 0.000000 
2924 1.214978 0.000000 
2925 1.235501 0.000000 
2926 1.256294 0.000000 
2927 1.277361 0.000000 
2928 1.298702 0.000000 
2929 1.320319 0.000000 
2930 1.342215 0.000000 
2931 1.364392 0.000000 
2932 1.386850 0.000000 
2933 1.409594 0.000000 
2934 1.432623 0.000000 
2935 1.455941 0.000000 
2936 1.479549 0.000000 
2937 1.503448 0.000000 
2938 1.527641 0.000000 
2939 1.552129 0.000000 
2940 1.576914 0.000000 
2941 1.601998 0.000000 
2942 1.627383 0.000000 
2943 1.653070 0.000000 
2944 1.679060 0.000000 
2945 1.705356 0.000000 
2946 1.731959 0.000000 
2947 1.758870 0.000000 
2948 1.786092 0.000000 
2949 1.813624 0.000000 
2950 1.841470 0.000000 
2951 1.869630 0.000000 
2952 1.898106 0.000000 
2953 1.926899 0.000000 
2954 1.956010 0.000000 
2955 1.985441 0.000000 
2956 2.015192 0.000000 
2957 2.045266 0.000000 
2958 2.075662 0.000000 
2959 2.106383 0.000000 
2960 2.137429 0.000000 
2961 2.168801 0.000000 
2962 2.200501 0.000000 
2963 2.232529 0.000000 
2964 2.264885 0.000000 
2965 2.297572 0.000000 
2966 2.330589 0.000000 
2967 2.363938 0.000000 
2968 2.397618 0.000000 
2969 2.431631 0.000000 
2970 2.465978 0.000000 
2971 2.500658 0.000000 
2972 2.535672 0.000000 
2973 2.571020 0.000000 
2974 2.606704 0.000000 
2975 2.642723 0.000000 
2976 2.679077 0.000000 
2977 2.715768 0.000000 
2978 2.752793 0.000000 
2979 2.790155 0.000000 
2980 2.827852 0.000000 
2981 2.865886 0.000000 
2982 2.904255 0.000000 
2983 2.942959 0.000000 
2984 2.981999 0.000000 
2985 3.021373 0.000000 
2986 3.061082 0.000000 
2987 3.101126 0.000000 
2988 3.141502 0.000000 
2989 3.182212 0.000000 
2990 3.223254 0.000000 
2991 3.264628 0.000000 
2992 3.306332 0.000000 
2993 3.348367 0.000000 
2994 3.390731 0.000000 
2995 3.433422 0.000000 
2996 3.476441 0.000000 
2997 3.519785 0.000000 
2998 3.563454 0.000000 
2999 3.607447 0.000000 
3000 3.651761 0.000000 
3001 3.696396 0.000000 
3002 3.741350 0.000000 
3003 3.786621 0.000000 
3004 3.832208 0.000000 
3005 3.878109 0.000000 
3006 3.924322 0.000000 
3007 3.970846 0.000000 
3008 4.017677 0.000000 
3009 4.064815 0.000000 
3010 4.112256 0.000000 
3011 4.160000 0.000000 
3012 4.208042 0.000000 
3013 4.256382 0.000000 
3014 4.305017 0.000000 
3015 4.353943 0.000000 
3016 4.403159 0.000000 
3017 4.452662 0.000000 
3018 4.502448 0.000000 
3019 4.552515 0.000000 
3020 4.602860 0.000000 
3021 4.653481 0.000000 
3022 4.704373 0.000000 
3023 4.755533 0.000000 
3024 4.806959 0.000000 
3025 4.858646 0.000000 
3026 4.910592 0.000000 
3027 4.962793 0.000000 
3028 5.015245 0.000000 
3029 5.067944 0.000000 
3030 5.120887 0.000000 
3031 5.174070 0.000000 
3032 5.227488 0.000000 
3033 5.281138 0.000000 
3034 5.335015 0.000000 
3035 5.389116 0.000000 
3036 5.443435 0.000000 
3037 5.497969 0.000000 
3038 5.552713 0.000000 
3039 5.607663 0.000000 
3040 5.662813 0.000000 
3041 5.718159 0.000000 
3042 5.773697 0.000000 
3043 5.829421 0.000000 
3044 5.885326 0.000000 
3045 5.941407 0.000000 
3046 5.997660 0.000000 
3047 6.054078 0.000000 
3048 6.110657 0.000000 
3049 6.167391 0.000000 
3050 6.224275 0.000000 
3051 6.281303 0.000000 
3052 6.338470 0.000000 
3053 6.395770 0.000000 
3054 6.453196 0.000000 
3055 6.510744 0.000000 
3056 6.568407 0.000000 
3057 6.626180 0.000000 
3058 6.684056 0.000000 
3059 6.742029 0.000000 
3060 6.800092 0.000000 
3061 6.858241 0.000000 
3062 6.916468 0.000000 
3063 6.974766 0.000000 
3064 7.033130 0.000000 
3065 7.091553 0.000000 
3066 7.150028 0.000000 
3067 7.208548 0.000000 
3068 7.267107 0.000000 
3069 7.325698 0.000000 
3070 7.384314 0.000000 
3071 7.442949 0.000000 
3072 7.501594 0.000000 
3073 7.560244 0.000000 
3074 7.618890 0.000000 
3075 7.677527 0.000000 
3076 7.736146 0.000000 
3077 7.794740 0.000000 
3078 7.853302 0.000000 
3079 7.911826 0.000000 
3080 7.970302 0.000000 
3081 8.028724 0.000000 
3082 8.087085 0.000000 
3083 8.145376 0.000000 
3084 8.203591 0.000000 
3085 8.261721 0.000000 
3086 8.319759 0.000000 
3087 8.377697 0.000000 
3088 8.435528 0.000000 
3089 8.493243 0.000000 
3090 8.550835 0.000000 
3091 8.608296 0.000000 
3092 8.665618 0.000000 
3093 8.722794 0.000000 
3094 8.779815 0.000000 
3095 8.836673 0.000000 
3096 8.893361 0.000000 
3097 8.949870 0.000000 
3098 9.006193 0.000000 
3099 9.062321 0.000000 
3100 9.118246 0.000000 
3101 9.173961 0.000000 
3102 9.229457 0.000000 
3103 9.284726 0.000000 
3104 9.339760 0.000000 
3105 9.394552 0.000000 
3106 9.449092 0.000000 
3107 9.503373 0.000000 
3108 9.557387 0.000000 
3109 9.611126 0.000000 
3110 9.664581 0.000000 
3111 9.717745 0.000000 
3112 9.770609 0.000000 
3113 9.823166 0.000000 
3114 9.875407 0.000000 
3115 9.927324 0.000000 
3116 9.978910 0.000000 
3117 10.030156 0.000000 
3118 10.081055 0.000000 
3119 10.131598 0.000000 
3120 10.181777 0.000000 
3121 10.231585 0.000000 
3122 10.281014 0.000000 
3123 10.330056 0.000000 
3124 10.378702 0.000000 
3125 10.426946 0.000000 
3126 10.474780 0.000000 
3127 10.522196 0.000000 
3128 10.569186 0.000000 
3129 10.615742 0.000000 
3130 10.661858 0.000000 
3131 10.707525 0.000000 
3132 10.752736 0.000000 
3133 10.797484 0.000000 
3134 10.841761 0.000000 
3135 10.885560 0.000000 
3136 10.928874 0.000000 
3137 10.971695 0.000000 
3138 11.014017 0.000000 
3139 11.055832 0.000000 
3140 11.097133 0.000000 
3141 11.137914 0.000000 
3142 11.178168 0.000000 
3143 11.217887 0.000000 
3144 11.257065 0.000000 
3145 11.295695 0.000000 
3146 11.333772 0.000000 
3147 11.371287 0.000000 
3148 11.408236 0.000000 
3149 11.444611 0.000000 
3150 11.480406 0.000000 
3151 11.515616 0.000000 
3152 11.550234 0.000000 
3153 11.584253 0.000000 
3154 11.617669 0.000000 
3155 11.650476 0.000000 
3156 11.682667 0.000000 
3157 11.714237 0.000000 
3158 11.745181 0.000000 
3159 11.775493 0.000000 
3160 11.805168 0.000000 
3161 11.834200 0.000000 
3162 11.862585 0.000000 
3163 11.890318 0.000000 
3164 11.917393 0.000000 
3165 11.943806 0.000000 
3166 11.969552 0.000000 
3167 11.994627 0.000000 
3168 12.019026 0.000000 
3169 12.042745 0.000000 
3170 12.065779 0.000000 
3171 12.088125 0.000000 
3172 12.109779 0.000000 
3173 12.130736 0.000000 
3174 12.150993 0.000000 
3175 12.170547 0.000000 
3176 12.189393 0.000000 
3177 12.207528 0.000000 
3178 12.224950 0.000000 
3179 12.241654 0.000000 
3180 12.257639 0.000000 
3181 12.272901 0.000000 
3182 12.287437 0.000000 
3183 12.301245 0.000000 
3184 12.314322 0.000000 
3185 12.326665 0.000000 
3186 12.338274 0.000000 
3187 12.349145 0.000000 
3188 12.359276 0.000000 
3189 12.368667 0.000000 
3190 12.377314 0.000000 
3191 12.385217 0.000000 
3192 12.392373 0.000000 
3193 12.398783 0.000000 
3194 12.404444 0.000000 
3195 12.409355 0.000000 
3196 12.413516 0.000000 
3197 12.416926 0.000000 
3198 12.419584 0.000000 
3199 12.421490 0.000000 
3200 12.422643 0.000000 
3201 12.423044 0.000000 
3202 12.422691 0.000000 
3203 12.421586 0.000000 
3204 12.419728 0.000000 
3205 12.417118 0.000000 
3206 12.413755 0.000000 
3207 12.409642 0.000000 
3208 12.404778 0.000000 
3209 12.399165 0.000000 
3210 12.392803 0.000000 
3211 12.385693 0.000000 
3212 12.377838 0.000000 
3213 12.369238 0.000000 
3214 12.359894 0.000000 
3215 12.349809 0.000000 
3216 12.338985 0.000000 
3217 12.327422 0.000000 
3218 12.315124 0.000000 
3219 12.302093 0.000000 
3220 12.288331 0.000000 
3221 12.273840 0.000000 
3222 12.258623 0.000000 
3223 12.242683 0.000000 
3224 12.226023 0.000000 
3225 12.208645 0.000000 
3226 12.190553 0.000000 
3227 12.171750 0.000000 
3228 12.152240 0.000000 
3229 12.132025 0.000000 
3230 12.111110 0.000000 
3231 12.089499 0.000000 
3232 12.067194 0.000000 
3233 12.044200 0.000000 
3234 12.020522 0.000000 
3235 11.996163 0.000000 
3236 11.971128 0.000000 
3237 11.945421 0.000000 
3238 11.919046 0.000000 
3239 11.892009 0.000000 
3240 11.864315 0.000000 
3241 11.835967 0.000000 
3242 11.806971 0.000000 
3243 11.777332 0.000000 
3244 11.747056 0.000000 
3245 11.716147 0.000000 
3246 11.684612 0.000000 
3247 11.652455 0.000000 
3248 11.619682 0.000000 
3249 11.586298 0.000000 
3250 11.552311 0.000000 
3251 11.517725 0.000000 
3252 11.482546 0.000000 
3253 11.446781 0.000000 
3254 11.410436 0.000000 
3255 11.373516 0.000000 
3256 11.336029 0.000000 
3257 11.297981 0.000000 
3258 11.259377 0.000000 
3259 11.220226 0.000000 
3260 11.180533 0.000000 
3261 11.140304 0.000000 
3262 11.099548 0.000000 
3263 11.058271 0.000000 
3264 11.016479 0.000000 
3265 10.974179 0.000000 
3266 10.931380 0.000000 
3267 10.888087 0.000000 
3268 10.844309 0.000000 
3269 10.800051 0.000000 
3270 10.755322 0.000000 
3271 10.710130 0.000000 
3272 10.664480 0.000000 
3273 10.618382 0.000000 
3274 10.571841 0.000000 
3275 10.524867 0.000000 
3276 10.477466 0.000000 
3277 10.429647 0.000000 
3278 10.381416 0.000000 
3279 10.332782 0.000000 
3280 10.283752 0.000000 
3281 10.234334 0.000000 
3282 10.184537 0.000000 
3283 10.134367 0.000000 
3284 10.083833 0.000000 
3285 10.032943 0.000000 
3286 9.981704 0.000000 
3287 9.930125 0.000000 
3288 9.878214 0.000000 
3289 9.825978 0.000000 
3290 9.773427 0.000000 
3291 9.720566 0.000000 
3292 9.667406 0.000000 
3293 9.613953 0.000000 
3294 9.560216 0.000000 
3295 9.506204 0.000000 
3296 9.451923 0.000000 
3297 9.397383 0.000000 
3298 9.342591 0.000000 
3299 9.287555 0.000000 
3300 9.232283 0.000000 
3301 9.176785 0.000000 
3302 9.121066 0.000000 
3303 9.065137 0.000000 
3304 9.009004 0.000000 
3305 8.952676 0.000000 
3306 8.896161 0.000000 
3307 8.839466 0.000000 
3308 8.782600 0.000000 
3309 8.725572 0.000000 
3310 8.668387 0.000000 
3311 8.611056 0.000000 
3312 8.553585 0.000000 
3313 8.495982 0.000000 
3314 8.438256 0.000000 
3315 8.380414 0.000000 
3316 8.322463 0.000000 
3317 8.264413 0.000000 
3318 8.206269 0.000000 
3319 8.148041 0.000000 
3320 8.089735 0.000000 
3321 8.031360 0.000000 
3322 7.972922 0.000000 
3323 7.914429 0.000000 
3324 7.855890 0.000000 
3325 7.797310 0.000000 
3326 7.738698 0.000000 
3327 7.680061 0.000000 
3328 7.621406 0.000000 
3329 7.562741 0.000000 
3330 7.504072 0.000000 
3331 7.445407 0.000000 
3332 7.386752 0.000000 
3333 7.328115 0.000000 
3334 7.269503 0.000000 
3335 7.210922 0.000000 
3336 7.152380 0.000000 
3337 7.093883 0.000000 
3338 7.035437 0.000000 
3339 6.977050 0.000000 
3340 6.918728 0.000000 
3341 6.860478 0.000000 
3342 6.802305 0.000000 
3343 6.744217 0.000000 
3344 6.686220 0.000000 
3345 6.628319 0.000000 
3346 6.570521 0.000000 
3347 6.512832 0.000000 
3348 6.455258 0.000000 
3349 6.397805 0.000000 
3350 6.340479 0.000000 
3351 6.283286 0.000000 
3352 6.226231 0.000000 
3353 6.169320 0.000000 
3354 6.112558 0.000000 
3355 6.055951 0.000000 
3356 5.999505 0.000000 
3357 5.943225 0.000000 
3358 5.887115 0.000000 
3359 5.831182 0.000000 
3360 5.775429 0.000000 
3361 5.719863 0.000000 
3362 5.664488 0.000000 
3363 5.609309 0.000000 
3364 5.554331 0.000000 
3365 5.499557 0.000000 
3366 5.444994 0.000000 
3367 5.390645 0.000000 
3368 5.336515 0.000000 
3369 5.282609 0.000000 
3370 5.228929 0.000000 
3371 5.175481 0.000000 
3372 5.122269 0.000000 
3373 5.069297 0.000000 
3374 5.016568 0.000000 
3375 4.964087 0.000000 
3376 4.911856 0.000000 
3377 4.859881 0.000000 
3378 4.808163 0.000000 
3379 4.756708 0.000000 
3380 4.705518 0.000000 
3381 4.654597 0.000000 
3382 4.603947 0.000000 
3383 4.553572 0.000000 
3384 4.503476 0.000000 
3385 4.453660 0.000000 
3386 4.404129 0.000000 
3387 4.354884 0.000000 
3388 4.305928 0.000000 
3389 4.257265 0.000000 
3390 4.208896 0.000000 
3391 4.160825 0.000000 
3392 4.113053 0.000000 
3393 4.065583 0.000000 
3394 4.018417 0.000000 
3395 3.971558 0.000000 
3396 3.925007 0.000000 
3397 3.878766 0.000000 
3398 3.832837 0.000000 
3399 3.787223 0.000000 
3400 3.741924 0.000000 
3401 3.696943 0.000000 
3402 3.652282 0.000000 
3403 3.607941 0.000000 
3404 3.563922 0.000000 
3405 3.520226 0.000000 
3406 3.476856 0.000000 
3407 3.433811 0.000000 
3408 3.391094 0.000000 
3409 3.348705 0.000000 
3410 3.306646 0.000000 
3411 3.264916 0.000000 
3412 3.223518 0.000000 
3413 3.182451 0.000000 
3414 3.141718 0.000000 
3415 3.101317 0.000000 
3416 3.061250 0.000000 
3417 3.021518 0.000000 
3418 2.982120 0.000000 
3419 2.943058 0.000000 
3420 2.904331 0.000000 
3421 2.865940 0.000000 
3422 2.827885 0.000000 
3423 2.790165 0.000000 
3424 2.752782 0.000000 
3425 2.715735 0.000000 
3426 2.679025 0.000000 
3427 2.642650 0.000000 
3428 2.606611 0.000000 
3429 2.570907 0.000000 
3430 2.535539 0.000000 
3431 2.500505 0.000000 
3432 2.465806 0.000000 
3433 2.431441 0.000000 
3434 2.397410 0.000000 
3435 2.363711 0.000000 
3436 2.330345 0.000000 
3437 2.297310 0.000000 
3438 2.264607 0.000000 
3439 2.232233 0.000000 
3440 2.200189 0.000000 
3441 2.168473 0.000000 
3442 2.137085 0.000000 
3443 2.106023 0.000000 
3444 2.075287 0.000000 
3445 2.044875 0.000000 
3446 2.014787 0.000000 
3447 1.985021 0.000000 
3448 1.955577 0.000000 
3449 1.926452 0.000000 
3450 1.897646 0.000000 
3451 1.869157 0.000000 
3452 1.840984 0.000000 
3453 1.813126 0.000000 
3454 1.785581 0.000000 
3455 1.758348 0.000000 
3456 1.731425 0.000000 
3457 1.704811 0.000000 
3458 1.678504 0.000000 
3459 1.652503 0.000000 
3460 1.626806 0.000000 
3461 1.601411 0.000000 
3462 1.576317 0.000000 
3463 1.551523 0.000000 
3464 1.527025 0.000000 
3465 1.502823 0.000000 
3466 1.478916 0.000000 
3467 1.455300 0.000000 
3468 1.431974 0.000000 
3469 1.408937 0.000000 
3470 1.386186 0.000000 
3471 1.363720 0.000000 
3472 1.341537 0.000000 
3473 1.319634 0.000000 
3474 1.298010 0.000000 
3475 1.276663 0.000000 
3476 1.255591 0.000000 
3477 1.234792 0.000000 
3478 1.214264 0.000000 
3479 1.194005 0.000000 
3480 1.174012 0.000000 
3481 1.154284 0.000000 
3482 1.134819 0.000000 
3483 1.115614 0.000000 
3484 1.096668 0.000000 
3485 1.077978 0.000000 
3486 1.059543 0.000000 
3487 1.041359 0.000000 
3488 1.023426 0.000000 
3489 1.005740 0.000000 
3490 0.988300 0.000000 
3491 0.971103 0.000000 
3492 0.954148 0.000000 
3493 0.937432 0.000000 
3494 0.920953 0.000000 
3495 0.904708 0.000000 
3496 0.888697 0.000000 
3497 0.872915 0.000000 
3498 0.857362 0.000000 
3499 0.842035 0.000000 
3500 0.826932 0.000000 
3501 0.812050 0.000000 
3502 0.797388 0.000000 
3503 0.782943 0.000000 
3504 0.768713 0.000000 
3505 0.754696 0.000000 
3506 0.740890 0.000000 
3507 0.727292 0.000000 
3508 0.713900 0.000000 
3509 0.700712 0.000000 
3510 0.687726 0.000000 
3511 0.674940 0.000000 
3512 0.662352 0.000000 
3513 0.649958 0.000000 
3514 0.637758 0.000000 
3515 0.625749 0.000000 
3516 0.613929 0.000000 
3517 0.602296 0.000000 
3518 0.590847 0.000000 
3519 0.579581 0.000000 
3520 0.568495 0.000000 
3521 0.557587 0.000000 
3522 0.546855 0.000000 
3523 0.536297 0.000000 
3524 0.525912 0.000000 
3525 0.515696 0.000000 
3526 0.505647 0.000000 
3527 0.495765 0.000000 
3528 0.486046 0.000000 
3529 0.476489 0.000000 
3530 0.467091 0.000000 
3531 0.457851 0.000000 
3532 0.448767 0.000000 
3533 0.439836 0.000000 
3534 0.431056 0.000000 
3535 0.422426 0.000000 
3536 0.413944 0.000000 
3537 0.405608 0.000000 
3538 0.397415 0.000000 
3539 0.389364 0.000000 
3540 0.381453 0.000000 
3541 0.373681 0.000000 
3542 0.366044 0.000000 
3543 0.358542 0.000000 
3544 0.351172 0.000000 
3545 0.343933 0.000000 
3546 0.336822 0.000000 
3547 0.329839 0.000000 
3548 0.322980 0.000000 
3549 0.316245 0.000000 
3550 0.309632 0.000000 
3551 0.303139 0.000000 
3552 0.296764 0.000000 
3553 0.290505 0.000000 
3554 0.284361 0.000000 
3555 0.278330 0.000000 
3556 0.272410 0.000000 
3557 0.266600 0.000000 
3558 0.260899 0.000000 
3559 0.255303 0.000000 
3560 0.249813 0.000000 
3561 0.244426 0.000000 
3562 0.239140 0.000000 
3563 0.233954 0.000000 
3564 0.228868 0.000000 
3565 0.223878 0.000000 
3566 0.218983 0.000000 
3567 0.214183 0.000000 
3568 0.209475 0.000000 
3569 0.204858 0.000000 
3570 0.200331 0.000000 
3571 0.195892 0.000000 
3572 0.191539 0.000000 
3573 0.187272 0.000000 
3574 0.183089 0.000000 
3575 0.178989 0.000000 
3576 0.174969 0.000000 
3577 0.171030 0.000000 
3578 0.167169 0.000000 
3579 0.163386 0.000000 
3580 0.159678 0.000000 
3581 0.156045 0.000000 
3582 0.152485 0.000000 
3583 0.148998 0.000000 
3584 0.145581 0.000000 
3585 0.142234 0.000000 
3586 0.138956 0.000000 
3587 0.135745 0.000000 
3588 0.132600 0.000000 
3589 0.129520 0.000000 
3590 0.126505 0.000000 
3591 0.123551 0.000000 
3592 0.120660 0.000000 
3593 0.117828 0.000000 
3594 0.115057 0.000000 
3595 0.112344 0.000000 
3596 0.109688 0.000000 
3597 0.107088 0.000000 
3598 0.104543 0.000000 
3599 0.102053 0.000000 
3600 0.099616 0.000000 
3601 0.097232 0.000000 
3602 0.094899 0.000000 
3603 0.092616 0.000000 
3604 0.090382 0.000000 
3605 0.088197 0.000000 
3606 0.086060 0.000000 
3607 0.083969 0.000000 
3608 0.081924 0.000000 
3609 0.079924 0.000000 
3610 0.077969 0.000000 
3611 0.076056 0.000000 
3612 0.074186 0.000000 
3613 0.072357 0.000000 
3614 0.070570 0.000000 
3615 0.068822 0.000000 
3616 0.067113 0.000000 
3617 0.065443 0.000000 
3618 0.063811 0.000000 
3619 0.062215 0.000000 
3620 0.060656 0.000000 
3621 0.059132 0.000000 
3622 0.057643 0.000000 
3623 0.056188 0.000000 
3624 0.054767 0.000000 
3625 0.053378 0.000000 
3626 0.052021 0.000000 
3627 0.050696 0.000000 
3628 0.049401 0.000000 
3629 0.048137 0.000000 
3630 0.046902 0.000000 
3631 0.045696 0.000000 
3632 0.044518 0.000000 
3633 0.043368 0.000000 
3634 0.042245 0.000000 
3635 0.041149 0.000000 
3636 0.040079 0.000000 
3637 0.039034 0.000000 
3638 0.038014 0.000000 
3639 0.037019 0.000000 
3640 0.036047 0.000000 
3641 0.035099 0.000000 
3642 0.034173 0.000000 
3643 0.033270 0.000000 
3644 0.032389 0.000000 
3645 0.031530 0.000000 
3646 0.030691 0.000000 
3647 0.029873 0.000000 
3648 0.029075 0.000000 
3649 0.028296 0.000000 
3650 0.027537 0.000000 
3651 0.026796 0.000000 
3652 0.026074 0.000000 
3653 0.025369 0.000000 
3654 0.024683 0.000000 
3655 0.024013 0.000000 
3656 0.023360 0.000000 
3657 0.022723 0.000000 
3658 0.022103 0.000000 
3659 0.021498 0.000000 
3660 0.020908 0.000000 
3661 0.020334 0.000000 
3662 0.019774 0.000000 
3663 0.019228 0.000000 
3664 0.018696 0.000000 
3665 0.018177 0.000000 
3666 0.017672 0.000000 
3667 0.017180 0.000000 
3668 0.016701 0.000000 
3669 0.016234 0.000000 
3670 0.015779 0.000000 
3671 0.015336 0.000000 
3672 0.014905 0.000000 
3673 0.014485 0.000000 
3674 0.014075 0.000000 
3675 0.013677 0.000000 
3676 0.013289 0.000000 
3677 0.012911 0.000000 
3678 0.012543 0.000000 
3679 0.012185 0.000000 
3680 0.011836 0.000000 
3681 0.011497 0.000000 
3682 0.011167 0.000000 
3683 0.010845 0.000000 
3684 0.010533 0.000000 
3685 0.010228 0.000000 
3686 0.009932 0.000000 
3687 0.009644 0.000000 
3688 0.009363 0.000000 
3689 0.009090 0.000000 
3690 0.008825 0.000000 
3691 0.008567 0.000000 
3692 0.008316 0.000000 
3693 0.008071 0.000000 
3694 0.007834 0.000000 
3695 0.007603 0.000000 
3696 0.007378 0.000000 
3697 0.007160 0.000000 
3698 0.006947 0.000000 
3699 0.006741 0.000000 
3700 0.006540 0.000000 
3701 0.006345 0.000000 
3702 0.006155 0.000000 
3703 0.005971 0.000000 
3704 0.005791 0.000000 
3705 0.005617 0.000000 
3706 0.005448 0.000000 
3707 0.005283 0.000000 
3708 0.005123 0.000000 
3709 0.004968 0.000000 
3710 0.004817 0.000000 
3711 0.004671 0.000000 
3712 0.004528 0.000000 
3713 0.004390 0.000000 
3714 0.004255 0.000000 
3715 0.004125 0.000000 
3716 0.003998 0.000000 
3717 0.003875 0.000000 
3718 0.003756 0.000000 
3719 0.003640 0.000000 
3720 0.003527 0.000000 
3721 0.003417 0.000000 
3722 0.003311 0.000000 
3723 0.003208 0.000000 
3724 0.003108 0.000000 
3725 0.003011 0.000000 
3726 0.002917 0.000000 
3727 0.002825 0.000000 
3728 0.002736 0.000000 
3729 0.002650 0.000000 
3730 0.002566 0.000000 
3731 0.002485 0.000000 
3732 0.002407 0.000000 
3733 0.002330 0.000000 
3734 0.002256 0.000000 
3735 0.002184 0.000000 
3736 0.002115 0.000000 
3737 0.002047 0.000000 
3738 0.001981 0.000000 
3739 0.001918 0.000000 
3740 0.001856 0.000000 
3741 0.001796 0.000000 
3742 0.001739 0.000000 
3743 0.001682 0.000000 
3744 0.001628 0.000000 
3745 0.001575 0.000000 
3746 0.001524 0.000000 
3747 0.001474 0.000000 
3748 0.001426 0.000000 
3749 0.001380 0.000000 
3750 0.001334 0.000000 
3751 0.001291 0.000000 
3752 0.001248 0.000000 
3753 0.001207 0.000000 
3754 0.001167 0.000000 
3755 0.001129 0.000000 
3756 0.001092 0.000000 
3757 0.001055 0.000000 
3758 0.001020 0.000000 
3759 0.000986 0.000000 
3760 0.000954 0.000000 
3761 0.000922 0.000000 
3762 0.000891 0.000000 
3763 0.000861 0.000000 
3764 0.000832 0.000000 
3765 0.000804 0.000000 
3766 0.000777 0.000000 
3767 0.000751 0.000000 
3768 0.000726 0.000000 
3769 0.000701 0.000000 
3770 0.000677 0.000000 
3771 0.000654 0.000000 
3772 0.000632 0.000000 
3773 0.000610 0.000000 
3774 0.000590 0.000000 
3775 0.000569 0.000000 
3776 0.000550 0.000000 
3777 0.000531 0.000000 
3778 0.000513 0.000000 
3779 0.000495 0.000000 
3780 0.000478 0.000000 
3781 0.000462 0.000000 
3782 0.000446 0.000000 
3783 0.000430 0.000000 
3784 0.000415 0.000000 
3785 0.000401 0.000000 
3786 0.000387 0.000000 
3787 0.000373 0.000000 
3788 0.000360 0.000000 
3789 0.000348 0.000000 
3790 0.000335 0.000000 
3791 0.000324 0.000000 
3792 0.000312 0.000000 
3793 0.000301 0.000000 
3794 0.000291 0.000000 
3795 0.000280 0.000000 
3796 0.000270 0.000000 
3797 0.000261 0.000000 
3798 0.000252 0.000000 
3799 0.000243 0.000000 
3800 0.000234 0.000000 
3801 0.000226 0.000000 
3802 0.000218 0.000000 
3803 0.000210 0.000000 
3804 0.000202 0.000000 
3805 0.000195 0.000000 
3806 0.000188 0.000000 
3807 0.000181 0.000000 
3808 0.000175 0.000000 
3809 0.000168 0.000000 
3810 0.000162 0.000000 
3811 0.000156 0.000000 
3812 0.000151 0.000000 
3813 0.000145 0.000000 
3814 0.000140 0.000000 
3815 0.000135 0.000000 
3816 0.000130 0.000000 
3817 0.000125 0.000000 
3818 0.000120 0.000000 
3819 0.000116 0.000000 
3820 0.000112 0.000000 
3821 0.000108 0.000000 
3822 0.000104 0.000000 
3823 0.000100 0.000000 
3824 0.000096 0.000000 
3825 0.000093 0.000000 
3826 0.000089 0.000000 
3827 0.000086 0.000000 
3828 0.000083 0.000000 
3829 0.000079 0.000000 
3830 0.000077 0.000000 
3831 0.000074 0.000000 
3832 0.000071 0.000000 
3833 0.000068 0.000000 
3834 0.000066 0.000000 
3835 0.000063 0.000000 
3836 0.000061 0.000000 
3837 0.000058 0.000000 
3838 0.000056 0.000000 
3839 0.000054 0.000000 
3840 0.000052 0.000000 
3841 0.000050 0.000000 
3842 0.000048 0.000000 
3843 0.000046 0.000000 
3844 0.000045 0.000000 
3845 0.000043 0.000000 
3846 0.000041 0.000000 
3847 0.000040 0.000000 
3848 0.000038 0.000000 
3849 0.000037 0.000000 
3850 0.000035 0.000000 
3851 0.000034 0.000000 
3852 0.000033 0.000000 
3853 0.000031 0.000000 
3854 0.000030 0.000000 
3855 0.000029 0.000000 
3856 0.000028 0.000000 
3857 0.000027 0.000000 
3858 0.000026 0.000000 
3859 0.000025 0.000000 
3860 0.000024 0.000000 
3861 0.000023 0.000000 
3862 0.000022 0.000000 
3863 0.000021 0.000000 
3864 0.000020 0.000000 
3865 0.000019 0.000000 
3866 0.000019 0.000000 
3867 0.000018 0.000000 
3868 0.000017 0.000000 
3869 0.000016 0.000000 
3870 0.000016 0.000000 
3871 0.000015 0.000000 
3872 0.000015 0.000000 
3873 0.000014 0.000000 
3874 0.000013 0.000000 
3875 0.000013 0.000000 
3876 0.000012 0.000000 
3877 0.000012 0.000000 
3878 0.000011 0.000000 
3879 0.000011 0.000000 
3880 0.000011 0.000000 
3881 0.000010 0.000000 
3882 0.000010 0.000000 
3883 0.000009 0.000000 
3884 0.000009 0.000000 
3885 0.000009 0.000000 
3886 0.000008 0.000000 
3887 0.000008 0.000000 
3888 0.000008 0.000000 
3889 0.000007 0.000000 
3890 0.000007 0.000000 
3891 0.000007 0.000000 
3892 0.000006 0.000000 
3893 0.000006 0.000000 
3894 0.000006 0.000000 
3895 0.000006 0.000000 
3896 0.000005 0.000000 
3897 0.000005 0.000000 
3898 0.000005 0.000000 
3899 0.000005 0.000000 
3900 0.000005 0.000000 
3901 0.000004 0.000000 
3902 0.000004 0.000000 
3903 0.000004 0.000000 
3904 0.000004 0.000000 
3905 0.000004 0.000000 
3906 0.000004 0.000000 
3907 0.000003 0.000000 
3908 0.000003 0.000000 
3909 0.000003 0.000000 
3910 0.000003 0.000000 
3911 0.000003 0.000000 
3912 0.000003 0.000000 
3913 0.000003 0.000000 
3914 0.000003 0.000000 
3915 0.000002 0.000000 
3916 0.000002 0.000000 
3917 0.000002 0.000000 
3918 0.000002 0.000000 
3919 0.000002 0.000000 
3920 0.000002 0.000000 
3921 0.000002 0.000000 
3922 0.000002 0.000000 
3923 0.000002 0.000000 
3924 0.000002 0.000000 
3925 0.000002 0.000000 
3926 0.000001 0.000000 
3927 0.000001 0.000000 
3928 0.000001 0.000000 
3929 0.000001 0.000000 
3930 0.000001 0.000000 
3931 0.000001 0.000000 
3932 0.000001 0.000000 
3933 0.000001 0.000000 
3934 0.000001 0.000000 
3935 0.000001 0.000000 
3936 0.000001 0.000000 
3937 0.000001 0.000000 
3938 0.000001 0.000000 
3939 0.000001 0.000000 
3940 0.000001 0.000000 
3941 0.000001 0.000000 
3942 0.000001 0.000000 
3943 0.000001 0.000000 
3944 0.000001 0.000000 
3945 0.000001 0.000000 
3946 0.000001 0.000000 
3947 0.000001 0.000000 
3948 0.000001 0.000000 
3949 0.000001 0.000000 
3950 0.000001 0.000000 
3951 0.000000 0.000000 
3952 0.000000 0.000000 
3953 0.000000 0.000000 
3954 0.000000 0.000000 
3955 0.000000 0.000000 
3956 0.000000 0.000000 
3957 0.000000 0.000000 
3958 0.000000 0.000000 
3959 0.000000 0.000000 
3960 0.000000 0.000000 
3961 0.000000 0.000000 
3962 0.000000 0.000000 
3963 0.000000 0.000000 
3964 0.000000 0.000000 
3965 0.000000 0.000000 
3966 0.000000 0.000000 
3967 0.000000 0.000000 
3968 0.000000 0.000000 
3969 0.000000 0.000000 
3970 0.000000 0.000000 
3971 0.000000 0.000000 
3972 0.000000 0.000000 
3973 0.000000 0.000000 
3974 0.000000 0.000000 
3975 0.000000 0.000000 
3976 0.000000 0.000000 
3977 0.000000 0.000000 
3978 0.000000 0.000000 
3979 0.000000 0.000000 
3980 0.000000 0.000000 
3981 0.000000 0.000000 
3982 0.000000 0.000000 
3983 0.000000 0.000000 
3984 0.000000 0.000000 
3985 0.000000 0.000000 
3986 0.000000 0.000000 
3987 0.000000 0.000000 
3988 0.000000 0.000000 
3989 0.000000 0.000000 
3990 0.000000 0.000000 
3991 0.000000 0.000000 
3992 0.000000 0.000000 
3993 0.000000 0.000000 
3994 0.000000 0.000000 
3995 0.000000 0.000000 
3996 0.000000 0.000000 
3997 0.000000 0.000000 
3998 0.000000 0.000000 
3999 0.000000 0.000000 
4000 0.000000 0.000000 
