0 0.000000 0.000000 
1 0.000000 0.000000 
2 0.000000 0.000000 
3 0.000000 0.000000 
4 0.000000 0.000000 
5 0.000000 0.000000 
6 0.000000 0.000000 
7 0.000000 0.000000 
8 0.000000 0.000000 
9 0.000000 0.000000 
10 0.000000 0.000000 
11 0.000000 0.000000 
12 0.000000 0.000000 
13 0.000000 0.000000 
14 0.000000 0.000000 
15 0.000000 0.000000 
16 0.000000 0.000000 
17 0.000000 0.000000 
18 0.000000 0.000000 
19 0.000000 0.000000 
20 0.000000 0.000000 
21 0.000000 0.000000 
22 0.000000 0.000000 
23 0.000000 0.000000 
24 0.000000 0.000000 
25 0.000000 0.000000 
26 0.000000 0.000000 
27 0.000000 0.000000 
28 0.000000 0.000000 
29 0.000000 0.000000 
30 0.000000 0.000000 
31 0.000000 0.000000 
32 0.000000 0.000000 
33 0.000000 0.000000 
34 0.000000 0.000000 
35 0.000000 0.000000 
36 0.000000 0.000000 
37 0.000000 0.000000 
38 0.000000 0.000000 
39 0.000000 0.000000 
40 0.000000 0.000000 
41 0.000000 0.000000 
42 0.000000 0.000000 
43 0.000000 0.000000 
44 0.000000 0.000000 
45 0.000000 0.000000 
46 0.000000 0.000000 
47 0.000000 0.000000 
48 0.000000 0.000000 
49 0.000000 0.000000 
50 0.000000 0.000000 
51 0.000000 0.000000 
52 0.000000 0.000000 
53 0.000000 0.000000 
54 0.000000 0.000000 
55 0.000000 0.000000 
56 0.000000 0.000000 
57 0.000000 0.000000 
58 0.000000 0.000000 
59 0.000000 0.000000 
60 0.000000 0.000000 
61 0.000000 0.000000 
62 0.000000 0.000000 
63 0.000000 0.000000 
64 0.000000 0.000000 
65 0.000000 0.000000 
66 0.000000 0.000000 
67 0.000000 0.000000 
68 0.000000 0.000000 
69 0.000000 0.000000 
70 0.000000 0.000000 
71 0.000000 0.000000 
72 0.000000 0.000000 
73 0.000000 0.000000 
74 0.000000 0.000000 
75 0.000000 0.000000 
76 0.000000 0.000000 
77 0.000000 0.000000 
78 0.000000 0.000000 
79 0.000000 0.000000 
80 0.000000 0.000000 
81 0.000000 0.000000 
82 0.000000 0.000000 
83 0.000000 0.000000 
84 0.000000 0.000000 
85 0.000000 0.000000 
86 0.000000 0.000000 
87 0.000000 0.000000 
88 0.000000 0.000000 
89 0.000000 0.000000 
90 0.000000 0.000000 
91 0.000000 0.000000 
92 0.000000 0.000000 
93 0.000000 0.000000 
94 0.000000 0.000000 
95 0.000000 0.000000 
96 0.000000 0.000000 
97 0.000000 0.000000 
98 0.000000 0.000000 
99 0.000000 0.000000 
100 0.000000 0.000000 
101 0.000000 0.000000 
102 0.000000 0.000000 
103 0.000000 0.000000 
104 0.000000 0.000000 
105 0.000000 0.000000 
106 0.000000 0.000000 
107 0.000000 0.000000 
108 0.000000 0.000000 
109 0.000000 0.000000 
110 0.000000 0.000000 
111 0.000000 0.000000 
112 0.000000 0.000000 
113 0.000000 0.000000 
114 0.000000 0.000000 
115 0.000000 0.000000 
116 0.000000 0.000000 
117 0.000000 0.000000 
118 0.000000 0.000000 
119 0.000000 0.000000 
120 0.000000 0.000000 
121 0.000000 0.000000 
122 0.000000 0.000000 
123 0.000000 0.000000 
124 0.000000 0.000000 
125 0.000000 0.000000 
126 0.000000 0.000000 
127 0.000000 0.000000 
128 0.000000 0.000000 
129 0.000000 0.000000 
130 0.000000 0.000000 
131 0.000000 0.000000 
132 0.000000 0.000000 
133 0.000000 0.000000 
134 0.000000 0.000000 
135 0.000000 0.000000 
136 0.000000 0.000000 
137 0.000000 0.000000 
138 0.000000 0.000000 
139 0.000000 0.000000 
140 0.000000 0.000000 
141 0.000000 0.000000 
142 0.000000 0.000000 
143 0.000000 0.000000 
144 0.000000 0.000000 
145 0.000000 0.000000 
146 0.000000 0.000000 
147 0.000000 0.000000 
148 0.000000 0.000000 
149 0.000000 0.000000 
150 0.000000 0.000000 
151 0.000000 0.000000 
152 0.000000 0.000000 
153 0.000000 0.000000 
154 0.000000 0.000000 
155 0.000000 0.000000 
156 0.000000 0.000000 
157 0.000000 0.000000 
158 0.000000 0.000000 
159 0.000000 0.000000 
160 0.000000 0.000000 
161 0.000000 0.000000 
162 0.000000 0.000000 
163 0.000000 0.000000 
164 0.000000 0.000000 
165 0.000000 0.000000 
166 0.000000 0.000000 
167 0.000000 0.000000 
168 0.000000 0.000000 
169 0.000000 0.000000 
170 0.000000 0.000000 
171 0.000000 0.000000 
172 0.000000 0.000000 
173 0.000000 0.000000 
174 0.000000 0.000000 
175 0.000000 0.000000 
176 0.000000 0.000000 
177 0.000000 0.000000 
178 0.000000 0.000000 
179 0.000000 0.000000 
180 0.000000 0.000000 
181 0.000000 0.000000 
182 0.000000 0.000000 
183 0.000000 0.000000 
184 0.000000 0.000000 
185 0.000000 0.000000 
186 0.000000 0.000000 
187 0.000000 0.000000 
188 0.000000 0.000000 
189 0.000000 0.000000 
190 0.000000 0.000000 
191 0.000000 0.000000 
192 0.000000 0.000000 
193 0.000000 0.000000 
194 0.000000 0.000000 
195 0.000000 0.000000 
196 0.000000 0.000000 
197 0.000000 0.000000 
198 0.000000 0.000000 
199 0.000000 0.000000 
200 0.000000 0.000000 
201 0.000000 0.000000 
202 0.000000 0.000000 
203 0.000000 0.000000 
204 0.000000 0.000000 
205 0.000000 0.000000 
206 0.000000 0.000000 
207 0.000000 0.000000 
208 0.000000 0.000000 
209 0.000000 0.000000 
210 0.000000 0.000000 
211 0.000000 0.000000 
212 0.000000 0.000000 
213 0.000000 0.000000 
214 0.000000 0.000000 
215 0.000000 0.000000 
216 0.000000 0.000000 
217 0.000000 0.000000 
218 0.000000 0.000000 
219 0.000000 0.000000 
220 0.000000 0.000000 
221 0.000000 0.000000 
222 0.000000 0.000000 
223 0.000000 0.000000 
224 0.000000 0.000000 
225 0.000000 0.000000 
226 0.000000 0.000000 
227 0.000000 0.000000 
228 0.000000 0.000000 
229 0.000000 0.000000 
230 0.000000 0.000000 
231 0.000000 0.000000 
232 0.000000 0.000000 
233 0.000000 0.000000 
234 0.000000 0.000000 
235 0.000000 0.000000 
236 0.000000 0.000000 
237 0.000000 0.000000 
238 0.000000 0.000000 
239 0.000000 0.000000 
240 0.000000 0.000000 
241 0.000000 0.000000 
242 0.000000 0.000000 
243 0.000000 0.000000 
244 0.000000 0.000000 
245 0.000000 0.000000 
246 0.000000 0.000000 
247 0.000000 0.000000 
248 0.000000 0.000000 
249 0.000000 0.000000 
250 0.000000 0.000000 
251 0.000000 0.000000 
252 0.000000 0.000000 
253 0.000000 0.000000 
254 0.000000 0.000000 
255 0.000000 0.000000 
256 0.000000 0.000000 
257 0.000000 0.000000 
258 0.000000 0.000000 
259 0.000000 0.000000 
260 0.000000 0.000000 
261 0.000000 0.000000 
262 0.000000 0.000000 
263 0.000000 0.000000 
264 0.000000 0.000000 
265 0.000000 0.000000 
266 0.000000 0.000000 
267 0.000000 0.000000 
268 0.000000 0.000000 
269 0.000000 0.000000 
270 0.000000 0.000000 
271 0.000000 0.000000 
272 0.000000 0.000000 
273 0.000000 0.000000 
274 0.000000 0.000000 
275 0.000000 0.000000 
276 0.000000 0.000000 
277 0.000000 0.000000 
278 0.000000 0.000000 
279 0.000000 0.000000 
280 0.000000 0.000000 
281 0.000000 0.000000 
282 0.000000 0.000000 
283 0.000000 0.000000 
284 0.000000 0.000000 
285 0.000000 0.000000 
286 0.000000 0.000000 
287 0.000000 0.000000 
288 0.000000 0.000000 
289 0.000000 0.000000 
290 0.000000 0.000000 
291 0.000000 0.000000 
292 0.000000 0.000000 
293 0.000000 0.000000 
294 0.000000 0.000000 
295 0.000000 0.000000 
296 0.000000 0.000000 
297 0.000000 0.000000 
298 0.000000 0.000000 
299 0.000000 0.000000 
300 0.000000 0.000000 
301 0.000000 0.000000 
302 0.000000 0.000000 
303 0.000000 0.000000 
304 0.000000 0.000000 
305 0.000000 0.000000 
306 0.000000 0.000000 
307 0.000000 0.000000 
308 0.000000 0.000000 
309 0.000000 0.000000 
310 0.000000 0.000000 
311 0.000000 0.000000 
312 0.000000 0.000000 
313 0.000000 0.000000 
314 0.000000 0.000000 
315 0.000000 0.000000 
316 0.000000 0.000000 
317 0.000000 0.000000 
318 0.000000 0.000000 
319 0.000000 0.000000 
320 0.000000 0.000000 
321 0.000000 0.000000 
322 0.000000 0.000000 
323 0.000000 0.000000 
324 0.000000 0.000000 
325 0.000000 0.000000 
326 0.000000 0.000000 
327 0.000000 0.000000 
328 0.000000 0.000000 
329 0.000000 0.000000 
330 0.000000 0.000000 
331 0.000000 0.000000 
332 0.000000 0.000000 
333 0.000000 0.000000 
334 0.000000 0.000000 
335 0.000000 0.000000 
336 0.000000 0.000000 
337 0.000000 0.000000 
338 0.000000 0.000000 
339 0.000000 0.000000 
340 0.000000 0.000000 
341 0.000000 0.000000 
342 0.000000 0.000000 
343 0.000000 0.000000 
344 0.000000 0.000000 
345 0.000000 0.000000 
346 0.000000 0.000000 
347 0.000000 0.000000 
348 0.000000 0.000000 
349 0.000000 0.000000 
350 0.000000 0.000000 
351 0.000000 0.000000 
352 0.000000 0.000000 
353 0.000000 0.000000 
354 0.000000 0.000000 
355 0.000000 0.000000 
356 0.000000 0.000000 
357 0.000000 0.000000 
358 0.000000 0.000000 
359 0.000000 0.000000 
360 0.000000 0.000000 
361 0.000000 0.000000 
362 0.000000 0.000000 
363 0.000000 0.000000 
364 0.000000 0.000000 
365 0.000000 0.000000 
366 0.000000 0.000000 
367 0.000000 0.000000 
368 0.000000 0.000000 
369 0.000000 0.000000 
370 0.000000 0.000000 
371 0.000000 0.000000 
372 0.000000 0.000000 
373 0.000000 0.000000 
374 0.000000 0.000000 
375 0.000000 0.000000 
376 0.000000 0.000000 
377 0.000000 0.000000 
378 0.000000 0.000000 
379 0.000000 0.000000 
380 0.000000 0.000000 
381 0.000000 0.000000 
382 0.000000 0.000000 
383 0.000000 0.000000 
384 0.000000 0.000000 
385 0.000000 0.000000 
386 0.000000 0.000000 
387 0.000000 0.000000 
388 0.000000 0.000000 
389 0.000000 0.000000 
390 0.000000 0.000000 
391 0.000000 0.000000 
392 0.000000 0.000000 
393 0.000000 0.000000 
394 0.000000 0.000000 
395 0.000000 0.000000 
396 0.000000 0.000000 
397 0.000000 0.000000 
398 0.000000 0.000000 
399 0.000000 0.000000 
400 0.000000 0.000000 
401 0.000000 0.000000 
402 0.000000 0.000000 
403 0.000000 0.000000 
404 0.000000 0.000000 
405 0.000000 0.000000 
406 0.000000 0.000000 
407 0.000000 0.000000 
408 0.000000 0.000000 
409 0.000000 0.000000 
410 0.000000 0.000000 
411 0.000000 0.000000 
412 0.000000 0.000000 
413 0.000000 0.000000 
414 0.000000 0.000000 
415 0.000000 0.000000 
416 0.000000 0.000000 
417 0.000000 0.000000 
418 0.000000 0.000000 
419 0.000000 0.000000 
420 0.000000 0.000000 
421 0.000000 0.000000 
422 0.000000 0.000000 
423 0.000000 0.000000 
424 0.000000 0.000000 
425 0.000000 0.000000 
426 0.000000 0.000000 
427 0.000000 0.000000 
428 0.000000 0.000000 
429 0.000000 0.000000 
430 0.000000 0.000000 
431 0.000000 0.000000 
432 0.000000 0.000000 
433 0.000000 0.000000 
434 0.000000 0.000000 
435 0.000000 0.000000 
436 0.000000 0.000000 
437 0.000000 0.000000 
438 0.000000 0.000000 
439 0.000000 0.000000 
440 0.000000 0.000000 
441 0.000000 0.000000 
442 0.000000 0.000000 
443 0.000000 0.000000 
444 0.000000 0.000000 
445 0.000000 0.000000 
446 0.000000 0.000000 
447 0.000000 0.000000 
448 0.000000 0.000000 
449 0.000000 0.000000 
450 0.000000 0.000000 
451 0.000000 0.000000 
452 0.000000 0.000000 
453 0.000000 0.000000 
454 0.000000 0.000000 
455 0.000000 0.000000 
456 0.000000 0.000000 
457 0.000000 0.000000 
458 0.000000 0.000000 
459 0.000000 0.000000 
460 0.000000 0.000000 
461 0.000000 0.000000 
462 0.000000 0.000000 
463 0.000000 0.000000 
464 0.000000 0.000000 
465 0.000000 0.000000 
466 0.000000 0.000000 
467 0.000000 0.000000 
468 0.000000 0.000000 
469 0.000000 0.000000 
470 0.000000 0.000000 
471 0.000000 0.000000 
472 0.000000 0.000000 
473 0.000000 0.000000 
474 0.000000 0.000000 
475 0.000000 0.000000 
476 0.000000 0.000000 
477 0.000000 0.000000 
478 0.000000 0.000000 
479 0.000000 0.000000 
480 0.000000 0.000000 
481 0.000000 0.000000 
482 0.000000 0.000000 
483 0.000000 0.000000 
484 0.000000 0.000000 
485 0.000000 0.000000 
486 0.000000 0.000000 
487 0.000000 0.000000 
488 0.000000 0.000000 
489 0.000000 0.000000 
490 0.000000 0.000000 
491 0.000000 0.000000 
492 0.000000 0.000000 
493 0.000000 0.000000 
494 0.000000 0.000000 
495 0.000000 0.000000 
496 0.000000 0.000000 
497 0.000000 0.000000 
498 0.000000 0.000000 
499 0.000000 0.000000 
500 0.000000 0.000000 
501 0.000000 0.000000 
502 0.000000 0.000000 
503 0.000000 0.000000 
504 0.000000 0.000000 
505 0.000000 0.000000 
506 0.000000 0.000000 
507 0.000000 0.000000 
508 0.000000 0.000000 
509 0.000000 0.000000 
510 0.000000 0.000000 
511 0.000000 0.000000 
512 0.000000 0.000000 
513 0.000000 0.000000 
514 0.000000 0.000000 
515 0.000000 0.000000 
516 0.000000 0.000000 
517 0.000000 0.000000 
518 0.000000 0.000000 
519 0.000000 0.000000 
520 0.000000 0.000000 
521 0.000000 0.000000 
522 0.000000 0.000000 
523 0.000000 0.000000 
524 0.000000 0.000000 
525 0.000000 0.000000 
526 0.000000 0.000000 
527 0.000000 0.000000 
528 0.000000 0.000000 
529 0.000000 0.000000 
530 0.000000 0.000000 
531 0.000000 0.000000 
532 0.000000 0.000000 
533 0.000000 0.000000 
534 0.000000 0.000000 
535 0.000000 0.000000 
536 0.000000 0.000000 
537 0.000000 0.000000 
538 0.000000 0.000000 
539 0.000000 0.000000 
540 0.000000 0.000000 
541 0.000000 0.000000 
542 0.000000 0.000000 
543 0.000000 0.000000 
544 0.000000 0.000000 
545 0.000000 0.000000 
546 0.000000 0.000000 
547 0.000000 0.000000 
548 0.000000 0.000000 
549 0.000000 0.000000 
550 0.000000 0.000000 
551 0.000000 0.000000 
552 0.000000 0.000000 
553 0.000000 0.000000 
554 0.000000 0.000000 
555 0.000000 0.000000 
556 0.000000 0.000000 
557 0.000000 0.000000 
558 0.000000 0.000000 
559 0.000000 0.000000 
560 0.000000 0.000000 
561 0.000000 0.000000 
562 0.000000 0.000000 
563 0.000000 0.000000 
564 0.000000 0.000000 
565 0.000000 0.000000 
566 0.000000 0.000000 
567 0.000000 0.000000 
568 0.000000 0.000000 
569 0.000000 0.000000 
570 0.000000 0.000000 
571 0.000000 0.000000 
572 0.000000 0.000000 
573 0.000000 0.000000 
574 0.000000 0.000000 
575 0.000000 0.000000 
576 0.000000 0.000000 
577 0.000000 0.000000 
578 0.000000 0.000000 
579 0.000000 0.000000 
580 0.000000 0.000000 
581 0.000000 0.000000 
582 0.000000 0.000000 
583 0.000000 0.000000 
584 0.000000 0.000000 
585 0.000000 0.000000 
586 0.000000 0.000000 
587 0.000000 0.000000 
588 0.000000 0.000000 
589 0.000000 0.000000 
590 0.000000 0.000000 
591 0.000000 0.000000 
592 0.000000 0.000000 
593 0.000000 0.000000 
594 0.000000 0.000000 
595 0.000000 0.000000 
596 0.000000 0.000000 
597 0.000000 0.000000 
598 0.000000 0.000000 
599 0.000000 0.000000 
600 0.000000 0.000000 
601 0.000000 0.000000 
602 0.000000 0.000000 
603 0.000000 0.000000 
604 0.000000 0.000000 
605 0.000000 0.000000 
606 0.000000 0.000000 
607 0.000000 0.000000 
608 0.000000 0.000000 
609 0.000000 0.000000 
610 0.000000 0.000000 
611 0.000000 0.000000 
612 0.000000 0.000000 
613 0.000000 0.000000 
614 0.000000 0.000000 
615 0.000000 0.000000 
616 0.000000 0.000000 
617 0.000000 0.000000 
618 0.000000 0.000000 
619 0.000000 0.000000 
620 0.000000 0.000000 
621 0.000000 0.000000 
622 0.000000 0.000000 
623 0.000000 0.000000 
624 0.000000 0.000000 
625 0.000000 0.000000 
626 0.000000 0.000000 
627 0.000000 0.000000 
628 0.000000 0.000000 
629 0.000000 0.000000 
630 0.000000 0.000000 
631 0.000000 0.000000 
632 0.000000 0.000000 
633 0.000000 0.000000 
634 0.000000 0.000000 
635 0.000000 0.000000 
636 0.000000 0.000000 
637 0.000000 0.000000 
638 0.000000 0.000000 
639 0.000000 0.000000 
640 0.000000 0.000000 
641 0.000000 0.000000 
642 0.000000 0.000000 
643 0.000000 0.000000 
644 0.000000 0.000000 
645 0.000000 0.000000 
646 0.000000 0.000000 
647 0.000000 0.000000 
648 0.000000 0.000000 
649 0.000000 0.000000 
650 0.000000 0.000000 
651 0.000000 0.000000 
652 0.000000 0.000000 
653 0.000000 0.000000 
654 0.000000 0.000000 
655 0.000000 0.000000 
656 0.000000 0.000000 
657 0.000000 0.000000 
658 0.000000 0.000000 
659 0.000000 0.000000 
660 0.000000 0.000000 
661 0.000000 0.000000 
662 0.000000 0.000000 
663 0.000000 0.000000 
664 0.000000 0.000000 
665 0.000000 0.000000 
666 0.000000 0.000000 
667 0.000000 0.000000 
668 0.000000 0.000000 
669 0.000000 0.000000 
670 0.000000 0.000000 
671 0.000000 0.000000 
672 0.000000 0.000000 
673 0.000000 0.000000 
674 0.000000 0.000000 
675 0.000000 0.000000 
676 0.000000 0.000000 
677 0.000000 0.000000 
678 0.000000 0.000000 
679 0.000000 0.000000 
680 0.000000 0.000000 
681 0.000000 0.000000 
682 0.000000 0.000000 
683 0.000000 0.000000 
684 0.000000 0.000000 
685 0.000000 0.000000 
686 0.000000 0.000000 
687 0.000000 0.000000 
688 0.000000 0.000000 
689 0.000000 0.000000 
690 0.000000 0.000000 
691 0.000000 0.000000 
692 0.000000 0.000000 
693 0.000000 0.000000 
694 0.000000 0.000000 
695 0.000000 0.000000 
696 0.000000 0.000000 
697 0.000000 0.000000 
698 0.000000 0.000000 
699 0.000000 0.000000 
700 0.000000 0.000000 
701 0.000000 0.000000 
702 0.000000 0.000000 
703 0.000000 0.000000 
704 0.000000 0.000000 
705 0.000000 0.000000 
706 0.000000 0.000000 
707 0.000000 0.000000 
708 0.000000 0.000000 
709 0.000000 0.000000 
710 0.000000 0.000000 
711 0.000000 0.000000 
712 0.000000 0.000000 
713 0.000000 0.000000 
714 0.000000 0.000000 
715 0.000000 0.000000 
716 0.000000 0.000000 
717 0.000000 0.000000 
718 0.000000 0.000000 
719 0.000000 0.000000 
720 0.000000 0.000000 
721 0.000000 0.000000 
722 0.000000 0.000000 
723 0.000000 0.000000 
724 0.000001 0.000000 
725 0.000001 0.000000 
726 0.000001 0.000000 
727 0.000001 0.000000 
728 0.000001 0.000000 
729 0.000001 0.000000 
730 0.000001 0.000000 
731 0.000001 0.000000 
732 0.000001 0.000000 
733 0.000001 0.000000 
734 0.000001 0.000000 
735 0.000001 0.000000 
736 0.000001 0.000000 
737 0.000001 0.000000 
738 0.000001 0.000000 
739 0.000001 0.000000 
740 0.000001 0.000000 
741 0.000001 0.000000 
742 0.000001 0.000000 
743 0.000001 0.000000 
744 0.000001 0.000000 
745 0.000001 0.000000 
746 0.000001 0.000000 
747 0.000001 0.000000 
748 0.000001 0.000000 
749 0.000002 0.000000 
750 0.000002 0.000000 
751 0.000002 0.000000 
752 0.000002 0.000000 
753 0.000002 0.000000 
754 0.000002 0.000000 
755 0.000002 0.000000 
756 0.000002 0.000000 
757 0.000002 0.000000 
758 0.000002 0.000000 
759 0.000002 0.000000 
760 0.000002 0.000000 
761 0.000002 0.000000 
762 0.000003 0.000000 
763 0.000003 0.000000 
764 0.000003 0.000000 
765 0.000003 0.000000 
766 0.000003 0.000000 
767 0.000003 0.000000 
768 0.000003 0.000000 
769 0.000003 0.000000 
770 0.000004 0.000000 
771 0.000004 0.000000 
772 0.000004 0.000000 
773 0.000004 0.000000 
774 0.000004 0.000000 
775 0.000004 0.000000 
776 0.000005 0.000000 
777 0.000005 0.000000 
778 0.000005 0.000000 
779 0.000005 0.000000 
780 0.000005 0.000000 
781 0.000006 0.000000 
782 0.000006 0.000000 
783 0.000006 0.000000 
784 0.000006 0.000000 
785 0.000007 0.000000 
786 0.000007 0.000000 
787 0.000007 0.000000 
788 0.000007 0.000000 
789 0.000008 0.000000 
790 0.000008 0.000000 
791 0.000008 0.000000 
792 0.000009 0.000000 
793 0.000009 0.000000 
794 0.000010 0.000000 
795 0.000010 0.000000 
796 0.000010 0.000000 
797 0.000011 0.000000 
798 0.000011 0.000000 
799 0.000012 0.000000 
800 0.000012 0.000000 
801 0.000013 0.000000 
802 0.000013 0.000000 
803 0.000014 0.000000 
804 0.000014 0.000000 
805 0.000015 0.000000 
806 0.000015 0.000000 
807 0.000016 0.000000 
808 0.000017 0.000000 
809 0.000017 0.000000 
810 0.000018 0.000000 
811 0.000019 0.000000 
812 0.000019 0.000000 
813 0.000020 0.000000 
814 0.000021 0.000000 
815 0.000022 0.000000 
816 0.000022 0.000000 
817 0.000023 0.000000 
818 0.000024 0.000000 
819 0.000025 0.000000 
820 0.000026 0.000000 
821 0.000027 0.000000 
822 0.000028 0.000000 
823 0.000029 0.000000 
824 0.000031 0.000000 
825 0.000032 0.000000 
826 0.000033 0.000000 
827 0.000034 0.000000 
828 0.000036 0.000000 
829 0.000037 0.000000 
830 0.000038 0.000000 
831 0.000040 0.000000 
832 0.000041 0.000000 
833 0.000043 0.000000 
834 0.000045 0.000000 
835 0.000046 0.000000 
836 0.000048 0.000000 
837 0.000050 0.000000 
838 0.000052 0.000000 
839 0.000054 0.000000 
840 0.000056 0.000000 
841 0.000058 0.000000 
842 0.000060 0.000000 
843 0.000062 0.000000 
844 0.000065 0.000000 
845 0.000067 0.000000 
846 0.000070 0.000000 
847 0.000072 0.000000 
848 0.000075 0.000000 
849 0.000078 0.000000 
850 0.000081 0.000000 
851 0.000084 0.000000 
852 0.000087 0.000000 
853 0.000090 0.000000 
854 0.000093 0.000000 
855 0.000097 0.000000 
856 0.000100 0.000000 
857 0.000104 0.000000 
858 0.000108 0.000000 
859 0.000112 0.000000 
860 0.000116 0.000000 
861 0.000120 0.000000 
862 0.000124 0.000000 
863 0.000129 0.000000 
864 0.000134 0.000000 
865 0.000138 0.000000 
866 0.000144 0.000000 
867 0.000149 0.000000 
868 0.000154 0.000000 
869 0.000160 0.000000 
870 0.000165 0.000000 
871 0.000171 0.000000 
872 0.000178 0.000000 
873 0.000184 0.000000 
874 0.000191 0.000000 
875 0.000197 0.000000 
876 0.000204 0.000000 
877 0.000212 0.000000 
878 0.000219 0.000000 
879 0.000227 0.000000 
880 0.000235 0.000000 
881 0.000244 0.000000 
882 0.000252 0.000000 
883 0.000261 0.000000 
884 0.000270 0.000000 
885 0.000280 0.000000 
886 0.000290 0.000000 
887 0.000300 0.000000 
888 0.000310 0.000000 
889 0.000321 0.000000 
890 0.000332 0.000000 
891 0.000344 0.000000 
892 0.000356 0.000000 
893 0.000368 0.000000 
894 0.000381 0.000000 
895 0.000394 0.000000 
896 0.000408 0.000000 
897 0.000422 0.000000 
898 0.000437 0.000000 
899 0.000452 0.000000 
900 0.000467 0.000000 
901 0.000483 0.000000 
902 0.000500 0.000000 
903 0.000517 0.000000 
904 0.000534 0.000000 
905 0.000553 0.000000 
906 0.000571 0.000000 
907 0.000591 0.000000 
908 0.000611 0.000000 
909 0.000632 0.000000 
910 0.000653 0.000000 
911 0.000675 0.000000 
912 0.000698 0.000000 
913 0.000721 0.000000 
914 0.000745 0.000000 
915 0.000770 0.000000 
916 0.000796 0.000000 
917 0.000823 0.000000 
918 0.000850 0.000000 
919 0.000878 0.000000 
920 0.000908 0.000000 
921 0.000938 0.000000 
922 0.000969 0.000000 
923 0.001001 0.000000 
924 0.001034 0.000000 
925 0.001068 0.000000 
926 0.001103 0.000000 
927 0.001139 0.000000 
928 0.001176 0.000000 
929 0.001215 0.000000 
930 0.001254 0.000000 
931 0.001295 0.000000 
932 0.001337 0.000000 
933 0.001381 0.000000 
934 0.001425 0.000000 
935 0.001471 0.000000 
936 0.001519 0.000000 
937 0.001568 0.000000 
938 0.001618 0.000000 
939 0.001670 0.000000 
940 0.001724 0.000000 
941 0.001779 0.000000 
942 0.001836 0.000000 
943 0.001894 0.000000 
944 0.001954 0.000000 
945 0.002017 0.000000 
946 0.002080 0.000000 
947 0.002146 0.000000 
948 0.002214 0.000000 
949 0.002284 0.000000 
950 0.002356 0.000000 
951 0.002430 0.000000 
952 0.002506 0.000000 
953 0.002584 0.000000 
954 0.002665 0.000000 
955 0.002748 0.000000 
956 0.002834 0.000000 
957 0.002922 0.000000 
958 0.003012 0.000000 
959 0.003106 0.000000 
960 0.003201 0.000000 
961 0.003300 0.000000 
962 0.003402 0.000000 
963 0.003506 0.000000 
964 0.003614 0.000000 
965 0.003724 0.000000 
966 0.003838 0.000000 
967 0.003955 0.000000 
968 0.004075 0.000000 
969 0.004199 0.000000 
970 0.004326 0.000000 
971 0.004457 0.000000 
972 0.004592 0.000000 
973 0.004730 0.000000 
974 0.004873 0.000000 
975 0.005019 0.000000 
976 0.005169 0.000000 
977 0.005324 0.000000 
978 0.005483 0.000000 
979 0.005646 0.000000 
980 0.005814 0.000000 
981 0.005987 0.000000 
982 0.006164 0.000000 
983 0.006346 0.000000 
984 0.006533 0.000000 
985 0.006726 0.000000 
986 0.006923 0.000000 
987 0.007127 0.000000 
988 0.007335 0.000000 
989 0.007549 0.000000 
990 0.007770 0.000000 
991 0.007996 0.000000 
992 0.008228 0.000000 
993 0.008466 0.000000 
994 0.008711 0.000000 
995 0.008963 0.000000 
996 0.009221 0.000000 
997 0.009486 0.000000 
998 0.009758 0.000000 
999 0.010038 0.000000 
1000 0.010325 0.000000 
1001 0.010619 0.000000 
1002 0.010921 0.000000 
1003 0.011232 0.000000 
1004 0.011550 0.000000 
1005 0.011877 0.000000 
1006 0.012212 0.000000 
1007 0.012556 0.000000 
1008 0.012909 0.000000 
1009 0.013271 0.000000 
1010 0.013643 0.000000 
1011 0.014024 0.000000 
1012 0.014415 0.000000 
1013 0.014817 0.000000 
1014 0.015228 0.000000 
1015 0.015650 0.000000 
1016 0.016083 0.000000 
1017 0.016527 0.000000 
1018 0.016982 0.000000 
1019 0.017449 0.000000 
1020 0.017927 0.000000 
1021 0.018418 0.000000 
1022 0.018921 0.000000 
1023 0.019437 0.000000 
1024 0.019965 0.000000 
1025 0.020507 0.000000 
1026 0.021062 0.000000 
1027 0.021631 0.000000 
1028 0.022215 0.000000 
1029 0.022812 0.000000 
1030 0.023425 0.000000 
1031 0.024053 0.000000 
1032 0.024696 0.000000 
1033 0.025354 0.000000 
1034 0.026029 0.000000 
1035 0.026721 0.000000 
1036 0.027429 0.000000 
1037 0.028154 0.000000 
1038 0.028897 0.000000 
1039 0.029658 0.000000 
1040 0.030437 0.000000 
1041 0.031235 0.000000 
1042 0.032052 0.000000 
1043 0.032889 0.000000 
1044 0.033745 0.000000 
1045 0.034622 0.000000 
1046 0.035520 0.000000 
1047 0.036439 0.000000 
1048 0.037380 0.000000 
1049 0.038342 0.000000 
1050 0.039328 0.000000 
1051 0.040336 0.000000 
1052 0.041368 0.000000 
1053 0.042424 0.000000 
1054 0.043504 0.000000 
1055 0.044610 0.000000 
1056 0.045741 0.000000 
1057 0.046898 0.000000 
1058 0.048081 0.000000 
1059 0.049292 0.000000 
1060 0.050530 0.000000 
1061 0.051797 0.000000 
1062 0.053092 0.000000 
1063 0.054416 0.000000 
1064 0.055771 0.000000 
1065 0.057156 0.000000 
1066 0.058572 0.000000 
1067 0.060020 0.000000 
1068 0.061500 0.000000 
1069 0.063013 0.000000 
1070 0.064560 0.000000 
1071 0.066141 0.000000 
1072 0.067757 0.000000 
1073 0.069409 0.000000 
1074 0.071097 0.000000 
1075 0.072821 0.000000 
1076 0.074584 0.000000 
1077 0.076385 0.000000 
1078 0.078224 0.000000 
1079 0.080104 0.000000 
1080 0.082024 0.000000 
1081 0.083986 0.000000 
1082 0.085990 0.000000 
1083 0.088036 0.000000 
1084 0.090126 0.000000 
1085 0.092261 0.000000 
1086 0.094441 0.000000 
1087 0.096667 0.000000 
1088 0.098940 0.000000 
1089 0.101260 0.000000 
1090 0.103629 0.000000 
1091 0.106048 0.000000 
1092 0.108517 0.000000 
1093 0.111037 0.000000 
1094 0.113610 0.000000 
1095 0.116235 0.000000 
1096 0.118915 0.000000 
1097 0.121649 0.000000 
1098 0.124440 0.000000 
1099 0.127287 0.000000 
1100 0.130192 0.000000 
1101 0.133156 0.000000 
1102 0.136180 0.000000 
1103 0.139264 0.000000 
1104 0.142411 0.000000 
1105 0.145620 0.000000 
1106 0.148893 0.000000 
1107 0.152232 0.000000 
1108 0.155636 0.000000 
1109 0.159108 0.000000 
1110 0.162648 0.000000 
1111 0.166257 0.000000 
1112 0.169937 0.000000 
1113 0.173689 0.000000 
1114 0.177513 0.000000 
1115 0.181412 0.000000 
1116 0.185386 0.000000 
1117 0.189436 0.000000 
1118 0.193564 0.000000 
1119 0.197770 0.000000 
1120 0.202057 0.000000 
1121 0.206425 0.000000 
1122 0.210876 0.000000 
1123 0.215410 0.000000 
1124 0.220030 0.000000 
1125 0.224736 0.000000 
1126 0.229530 0.000000 
1127 0.234413 0.000000 
1128 0.239386 0.000000 
1129 0.244451 0.000000 
1130 0.249610 0.000000 
1131 0.254862 0.000000 
1132 0.260211 0.000000 
1133 0.265657 0.000000 
1134 0.271202 0.000000 
1135 0.276847 0.000000 
1136 0.282594 0.000000 
1137 0.288444 0.000000 
1138 0.294398 0.000000 
1139 0.300459 0.000000 
1140 0.306627 0.000000 
1141 0.312904 0.000000 
1142 0.319291 0.000000 
1143 0.325791 0.000000 
1144 0.332404 0.000000 
1145 0.339133 0.000000 
1146 0.345978 0.000000 
1147 0.352942 0.000000 
1148 0.360025 0.000000 
1149 0.367231 0.000000 
1150 0.374559 0.000000 
1151 0.382012 0.000000 
1152 0.389592 0.000000 
1153 0.397299 0.000000 
1154 0.405136 0.000000 
1155 0.413105 0.000000 
1156 0.421207 0.000000 
1157 0.429444 0.000000 
1158 0.437817 0.000000 
1159 0.446328 0.000000 
1160 0.454979 0.000000 
1161 0.463772 0.000000 
1162 0.472708 0.000000 
1163 0.481790 0.000000 
1164 0.491018 0.000000 
1165 0.500395 0.000000 
1166 0.509922 0.000000 
1167 0.519602 0.000000 
1168 0.529435 0.000000 
1169 0.539424 0.000000 
1170 0.549571 0.000000 
1171 0.559878 0.000000 
1172 0.570345 0.000000 
1173 0.580976 0.000000 
1174 0.591772 0.000000 
1175 0.602734 0.000000 
1176 0.613865 0.000000 
1177 0.625166 0.000000 
1178 0.636640 0.000000 
1179 0.648288 0.000000 
1180 0.660112 0.000000 
1181 0.672114 0.000000 
1182 0.684296 0.000000 
1183 0.696659 0.000000 
1184 0.709206 0.000000 
1185 0.721938 0.000000 
1186 0.734857 0.000000 
1187 0.747966 0.000000 
1188 0.761266 0.000000 
1189 0.774759 0.000000 
1190 0.788446 0.000000 
1191 0.802331 0.000000 
1192 0.816414 0.000000 
1193 0.830697 0.000000 
1194 0.845183 0.000000 
1195 0.859874 0.000000 
1196 0.874770 0.000000 
1197 0.889875 0.000000 
1198 0.905189 0.000000 
1199 0.920716 0.000000 
1200 0.936456 0.000000 
1201 0.952412 0.000000 
1202 0.968585 0.000000 
1203 0.984977 0.000000 
1204 1.001591 0.000000 
1205 1.018428 0.000000 
1206 1.035489 0.000000 
1207 1.052777 0.000000 
1208 1.070294 0.000000 
1209 1.088041 0.000000 
1210 1.106021 0.000000 
1211 1.124234 0.000000 
1212 1.142683 0.000000 
1213 1.161369 0.000000 
1214 1.180295 0.000000 
1215 1.199461 0.000000 
1216 1.218871 0.000000 
1217 1.238525 0.000000 
1218 1.258425 0.000000 
1219 1.278573 0.000000 
1220 1.298971 0.000000 
1221 1.319620 0.000000 
1222 1.340522 0.000000 
1223 1.361679 0.000000 
1224 1.383092 0.000000 
1225 1.404762 0.000000 
1226 1.426692 0.000000 
1227 1.448883 0.000000 
1228 1.471337 0.000000 
1229 1.494054 0.000000 
1230 1.517037 0.000000 
1231 1.540287 0.000000 
1232 1.563806 0.000000 
1233 1.587594 0.000000 
1234 1.611654 0.000000 
1235 1.635986 0.000000 
1236 1.660593 0.000000 
1237 1.685475 0.000000 
1238 1.710633 0.000000 
1239 1.736070 0.000000 
1240 1.761786 0.000000 
1241 1.787782 0.000000 
1242 1.814060 0.000000 
1243 1.840621 0.000000 
1244 1.867466 0.000000 
1245 1.894596 0.000000 
1246 1.922012 0.000000 
1247 1.949716 0.000000 
1248 1.977707 0.000000 
1249 2.005988 0.000000 
1250 2.034559 0.000000 
1251 2.063420 0.000000 
1252 2.092574 0.000000 
1253 2.122020 0.000000 
1254 2.151760 0.000000 
1255 2.181794 0.000000 
1256 2.212123 0.000000 
1257 2.242747 0.000000 
1258 2.273668 0.000000 
1259 2.304885 0.000000 
1260 2.336400 0.000000 
1261 2.368213 0.000000 
1262 2.400324 0.000000 
1263 2.432733 0.000000 
1264 2.465442 0.000000 
1265 2.498450 0.000000 
1266 2.531758 0.000000 
1267 2.565366 0.000000 
1268 2.599273 0.000000 
1269 2.633481 0.000000 
1270 2.667989 0.000000 
1271 2.702798 0.000000 
1272 2.737907 0.000000 
1273 2.773316 0.000000 
1274 2.809025 0.000000 
1275 2.845034 0.000000 
1276 2.881343 0.000000 
1277 2.917951 0.000000 
1278 2.954858 0.000000 
1279 2.992064 0.000000 
1280 3.029568 0.000000 
1281 3.067370 0.000000 
1282 3.105469 0.000000 
1283 3.143864 0.000000 
1284 3.182556 0.000000 
1285 3.221542 0.000000 
1286 3.260823 0.000000 
1287 3.300398 0.000000 
1288 3.340265 0.000000 
1289 3.380423 0.000000 
1290 3.420872 0.000000 
1291 3.461611 0.000000 
1292 3.502638 0.000000 
1293 3.543952 0.000000 
1294 3.585552 0.000000 
1295 3.627436 0.000000 
1296 3.669603 0.000000 
1297 3.712052 0.000000 
1298 3.754781 0.000000 
1299 3.797788 0.000000 
1300 3.841073 0.000000 
1301 3.884632 0.000000 
1302 3.928464 0.000000 
1303 3.972567 0.000000 
1304 4.016940 0.000000 
1305 4.061581 0.000000 
1306 4.106486 0.000000 
1307 4.151655 0.000000 
1308 4.197085 0.000000 
1309 4.242773 0.000000 
1310 4.288718 0.000000 
1311 4.334916 0.000000 
1312 4.381366 0.000000 
1313 4.428065 0.000000 
1314 4.475010 0.000000 
1315 4.522199 0.000000 
1316 4.569628 0.000000 
1317 4.617296 0.000000 
1318 4.665198 0.000000 
1319 4.713332 0.000000 
1320 4.761696 0.000000 
1321 4.810285 0.000000 
1322 4.859097 0.000000 
1323 4.908128 0.000000 
1324 4.957376 0.000000 
1325 5.006836 0.000000 
1326 5.056506 0.000000 
1327 5.106381 0.000000 
1328 5.156458 0.000000 
1329 5.206734 0.000000 
1330 5.257205 0.000000 
1331 5.307866 0.000000 
1332 5.358714 0.000000 
1333 5.409746 0.000000 
1334 5.460956 0.000000 
1335 5.512342 0.000000 
1336 5.563898 0.000000 
1337 5.615620 0.000000 
1338 5.667505 0.000000 
1339 5.719548 0.000000 
1340 5.771744 0.000000 
1341 5.824089 0.000000 
1342 5.876579 0.000000 
1343 5.929208 0.000000 
1344 5.981972 0.000000 
1345 6.034867 0.000000 
1346 6.087887 0.000000 
1347 6.141028 0.000000 
1348 6.194285 0.000000 
1349 6.247652 0.000000 
1350 6.301124 0.000000 
1351 6.354698 0.000000 
1352 6.408366 0.000000 
1353 6.462124 0.000000 
1354 6.515967 0.000000 
1355 6.569889 0.000000 
1356 6.623886 0.000000 
1357 6.677950 0.000000 
1358 6.732077 0.000000 
1359 6.786262 0.000000 
1360 6.840498 0.000000 
1361 6.894780 0.000000 
1362 6.949102 0.000000 
1363 7.003458 0.000000 
1364 7.057843 0.000000 
1365 7.112250 0.000000 
1366 7.166674 0.000000 
1367 7.221108 0.000000 
1368 7.275547 0.000000 
1369 7.329983 0.000000 
1370 7.384412 0.000000 
1371 7.438827 0.000000 
1372 7.493222 0.000000 
1373 7.547590 0.000000 
1374 7.601925 0.000000 
1375 7.656221 0.000000 
1376 7.710471 0.000000 
1377 7.764669 0.000000 
1378 7.818809 0.000000 
1379 7.872883 0.000000 
1380 7.926886 0.000000 
1381 7.980810 0.000000 
1382 8.034649 0.000000 
1383 8.088397 0.000000 
1384 8.142046 0.000000 
1385 8.195591 0.000000 
1386 8.249024 0.000000 
1387 8.302338 0.000000 
1388 8.355528 0.000000 
1389 8.408585 0.000000 
1390 8.461503 0.000000 
1391 8.514276 0.000000 
1392 8.566896 0.000000 
1393 8.619357 0.000000 
1394 8.671651 0.000000 
1395 8.723772 0.000000 
1396 8.775713 0.000000 
1397 8.827467 0.000000 
1398 8.879026 0.000000 
1399 8.930385 0.000000 
1400 8.981536 0.000000 
1401 9.032472 0.000000 
1402 9.083186 0.000000 
1403 9.133671 0.000000 
1404 9.183920 0.000000 
1405 9.233927 0.000000 
1406 9.283684 0.000000 
1407 9.333184 0.000000 
1408 9.382420 0.000000 
1409 9.431386 0.000000 
1410 9.480074 0.000000 
1411 9.528478 0.000000 
1412 9.576591 0.000000 
1413 9.624405 0.000000 
1414 9.671914 0.000000 
1415 9.719111 0.000000 
1416 9.765989 0.000000 
1417 9.812541 0.000000 
1418 9.858761 0.000000 
1419 9.904642 0.000000 
1420 9.950176 0.000000 
1421 9.995358 0.000000 
1422 10.040180 0.000000 
1423 10.084636 0.000000 
1424 10.128720 0.000000 
1425 10.172424 0.000000 
1426 10.215742 0.000000 
1427 10.258668 0.000000 
1428 10.301194 0.000000 
1429 10.343316 0.000000 
1430 10.385025 0.000000 
1431 10.426317 0.000000 
1432 10.467184 0.000000 
1433 10.507620 0.000000 
1434 10.547619 0.000000 
1435 10.587175 0.000000 
1436 10.626281 0.000000 
1437 10.664933 0.000000 
1438 10.703123 0.000000 
1439 10.740845 0.000000 
1440 10.778095 0.000000 
1441 10.814865 0.000000 
1442 10.851151 0.000000 
1443 10.886945 0.000000 
1444 10.922244 0.000000 
1445 10.957041 0.000000 
1446 10.991331 0.000000 
1447 11.025107 0.000000 
1448 11.058366 0.000000 
1449 11.091101 0.000000 
1450 11.123307 0.000000 
1451 11.154980 0.000000 
1452 11.186113 0.000000 
1453 11.216703 0.000000 
1454 11.246744 0.000000 
1455 11.276230 0.000000 
1456 11.305159 0.000000 
1457 11.333524 0.000000 
1458 11.361321 0.000000 
1459 11.388545 0.000000 
1460 11.415193 0.000000 
1461 11.441260 0.000000 
1462 11.466741 0.000000 
1463 11.491633 0.000000 
1464 11.515930 0.000000 
1465 11.539631 0.000000 
1466 11.562729 0.000000 
1467 11.585222 0.000000 
1468 11.607106 0.000000 
1469 11.628377 0.000000 
1470 11.649032 0.000000 
1471 11.669067 0.000000 
1472 11.688479 0.000000 
1473 11.707265 0.000000 
1474 11.725422 0.000000 
1475 11.742946 0.000000 
1476 11.759835 0.000000 
1477 11.776085 0.000000 
1478 11.791695 0.000000 
1479 11.806661 0.000000 
1480 11.820981 0.000000 
1481 11.834653 0.000000 
1482 11.847675 0.000000 
1483 11.860043 0.000000 
1484 11.871756 0.000000 
1485 11.882813 0.000000 
1486 11.893211 0.000000 
1487 11.902948 0.000000 
1488 11.912023 0.000000 
1489 11.920435 0.000000 
1490 11.928181 0.000000 
1491 11.935261 0.000000 
1492 11.941673 0.000000 
1493 11.947417 0.000000 
1494 11.952491 0.000000 
1495 11.956894 0.000000 
1496 11.960626 0.000000 
1497 11.963687 0.000000 
1498 11.966075 0.000000 
1499 11.967790 0.000000 
1500 11.968832 0.000000 
1501 11.969200 0.000000 
1502 11.968896 0.000000 
1503 11.967918 0.000000 
1504 11.966266 0.000000 
1505 11.963942 0.000000 
1506 11.960946 0.000000 
1507 11.957277 0.000000 
1508 11.952937 0.000000 
1509 11.947927 0.000000 
1510 11.942246 0.000000 
1511 11.935897 0.000000 
1512 11.928880 0.000000 
1513 11.921197 0.000000 
1514 11.912848 0.000000 
1515 11.903835 0.000000 
1516 11.894160 0.000000 
1517 11.883824 0.000000 
1518 11.872829 0.000000 
1519 11.861176 0.000000 
1520 11.848869 0.000000 
1521 11.835908 0.000000 
1522 11.822296 0.000000 
1523 11.808036 0.000000 
1524 11.793129 0.000000 
1525 11.777578 0.000000 
1526 11.761387 0.000000 
1527 11.744556 0.000000 
1528 11.727090 0.000000 
1529 11.708990 0.000000 
1530 11.690261 0.000000 
1531 11.670906 0.000000 
1532 11.650926 0.000000 
1533 11.630327 0.000000 
1534 11.609110 0.000000 
1535 11.587281 0.000000 
1536 11.564841 0.000000 
1537 11.541796 0.000000 
1538 11.518148 0.000000 
1539 11.493902 0.000000 
1540 11.469062 0.000000 
1541 11.443631 0.000000 
1542 11.417614 0.000000 
1543 11.391016 0.000000 
1544 11.363840 0.000000 
1545 11.336091 0.000000 
1546 11.307773 0.000000 
1547 11.278891 0.000000 
1548 11.249450 0.000000 
1549 11.219455 0.000000 
1550 11.188910 0.000000 
1551 11.157820 0.000000 
1552 11.126190 0.000000 
1553 11.094026 0.000000 
1554 11.061332 0.000000 
1555 11.028114 0.000000 
1556 10.994377 0.000000 
1557 10.960126 0.000000 
1558 10.925367 0.000000 
1559 10.890106 0.000000 
1560 10.854347 0.000000 
1561 10.818097 0.000000 
1562 10.781362 0.000000 
1563 10.744146 0.000000 
1564 10.706457 0.000000 
1565 10.668299 0.000000 
1566 10.629679 0.000000 
1567 10.590603 0.000000 
1568 10.551076 0.000000 
1569 10.511106 0.000000 
1570 10.470697 0.000000 
1571 10.429857 0.000000 
1572 10.388592 0.000000 
1573 10.346907 0.000000 
1574 10.304810 0.000000 
1575 10.262307 0.000000 
1576 10.219403 0.000000 
1577 10.176107 0.000000 
1578 10.132423 0.000000 
1579 10.088359 0.000000 
1580 10.043921 0.000000 
1581 9.999117 0.000000 
1582 9.953952 0.000000 
1583 9.908433 0.000000 
1584 9.862568 0.000000 
1585 9.816362 0.000000 
1586 9.769822 0.000000 
1587 9.722956 0.000000 
1588 9.675771 0.000000 
1589 9.628272 0.000000 
1590 9.580467 0.000000 
1591 9.532363 0.000000 
1592 9.483967 0.000000 
1593 9.435286 0.000000 
1594 9.386326 0.000000 
1595 9.337094 0.000000 
1596 9.287598 0.000000 
1597 9.237844 0.000000 
1598 9.187840 0.000000 
1599 9.137592 0.000000 
1600 9.087107 0.000000 
1601 9.036392 0.000000 
1602 8.985455 0.000000 
1603 8.934302 0.000000 
1604 8.882940 0.000000 
1605 8.831376 0.000000 
1606 8.779618 0.000000 
1607 8.727671 0.000000 
1608 8.675544 0.000000 
1609 8.623242 0.000000 
1610 8.570773 0.000000 
1611 8.518144 0.000000 
1612 8.465361 0.000000 
1613 8.412432 0.000000 
1614 8.359364 0.000000 
1615 8.306162 0.000000 
1616 8.252835 0.000000 
1617 8.199388 0.000000 
1618 8.145829 0.000000 
1619 8.092164 0.000000 
1620 8.038401 0.000000 
1621 7.984545 0.000000 
1622 7.930603 0.000000 
1623 7.876582 0.000000 
1624 7.822489 0.000000 
1625 7.768330 0.000000 
1626 7.714112 0.000000 
1627 7.659841 0.000000 
1628 7.605523 0.000000 
1629 7.551166 0.000000 
1630 7.496775 0.000000 
1631 7.442356 0.000000 
1632 7.387917 0.000000 
1633 7.333463 0.000000 
1634 7.279001 0.000000 
1635 7.224537 0.000000 
1636 7.170076 0.000000 
1637 7.115625 0.000000 
1638 7.061191 0.000000 
1639 7.006778 0.000000 
1640 6.952393 0.000000 
1641 6.898041 0.000000 
1642 6.843730 0.000000 
1643 6.789463 0.000000 
1644 6.735248 0.000000 
1645 6.681090 0.000000 
1646 6.626994 0.000000 
1647 6.572965 0.000000 
1648 6.519011 0.000000 
1649 6.465135 0.000000 
1650 6.411343 0.000000 
1651 6.357641 0.000000 
1652 6.304034 0.000000 
1653 6.250527 0.000000 
1654 6.197125 0.000000 
1655 6.143834 0.000000 
1656 6.090657 0.000000 
1657 6.037601 0.000000 
1658 5.984671 0.000000 
1659 5.931870 0.000000 
1660 5.879204 0.000000 
1661 5.826678 0.000000 
1662 5.774295 0.000000 
1663 5.722062 0.000000 
1664 5.669981 0.000000 
1665 5.618059 0.000000 
1666 5.566298 0.000000 
1667 5.514704 0.000000 
1668 5.463280 0.000000 
1669 5.412031 0.000000 
1670 5.360961 0.000000 
1671 5.310074 0.000000 
1672 5.259374 0.000000 
1673 5.208864 0.000000 
1674 5.158549 0.000000 
1675 5.108433 0.000000 
1676 5.058518 0.000000 
1677 5.008809 0.000000 
1678 4.959310 0.000000 
1679 4.910023 0.000000 
1680 4.860952 0.000000 
1681 4.812100 0.000000 
1682 4.763471 0.000000 
1683 4.715068 0.000000 
1684 4.666895 0.000000 
1685 4.618953 0.000000 
1686 4.571246 0.000000 
1687 4.523777 0.000000 
1688 4.476549 0.000000 
1689 4.429565 0.000000 
1690 4.382827 0.000000 
1691 4.336338 0.000000 
1692 4.290100 0.000000 
1693 4.244116 0.000000 
1694 4.198389 0.000000 
1695 4.152921 0.000000 
1696 4.107714 0.000000 
1697 4.062770 0.000000 
1698 4.018091 0.000000 
1699 3.973680 0.000000 
1700 3.929539 0.000000 
1701 3.885669 0.000000 
1702 3.842072 0.000000 
1703 3.798751 0.000000 
1704 3.755706 0.000000 
1705 3.712940 0.000000 
1706 3.670455 0.000000 
1707 3.628251 0.000000 
1708 3.586331 0.000000 
1709 3.544695 0.000000 
1710 3.503345 0.000000 
1711 3.462283 0.000000 
1712 3.421509 0.000000 
1713 3.381025 0.000000 
1714 3.340832 0.000000 
1715 3.300930 0.000000 
1716 3.261322 0.000000 
1717 3.222007 0.000000 
1718 3.182987 0.000000 
1719 3.144263 0.000000 
1720 3.105834 0.000000 
1721 3.067703 0.000000 
1722 3.029869 0.000000 
1723 2.992333 0.000001 
1724 2.955095 0.000001 
1725 2.918157 0.000001 
1726 2.881518 0.000001 
1727 2.845179 0.000001 
1728 2.809140 0.000001 
1729 2.773401 0.000001 
1730 2.737962 0.000001 
1731 2.702824 0.000001 
1732 2.667987 0.000001 
1733 2.633451 0.000001 
1734 2.599215 0.000001 
1735 2.565280 0.000001 
1736 2.531645 0.000001 
1737 2.498310 0.000001 
1738 2.465276 0.000001 
1739 2.432541 0.000001 
1740 2.400106 0.000001 
1741 2.367969 0.000001 
1742 2.336132 0.000001 
1743 2.304593 0.000001 
1744 2.273351 0.000001 
1745 2.242407 0.000001 
1746 2.211759 0.000001 
1747 2.181407 0.000001 
1748 2.151351 0.000002 
1749 2.121589 0.000002 
1750 2.092121 0.000002 
1751 2.062946 0.000002 
1752 2.034064 0.000002 
1753 2.005473 0.000002 
1754 1.977172 0.000002 
1755 1.949161 0.000002 
1756 1.921438 0.000002 
1757 1.894003 0.000002 
1758 1.866855 0.000002 
1759 1.839992 0.000002 
1760 1.813413 0.000003 
1761 1.787118 0.000003 
1762 1.761105 0.000003 
1763 1.735372 0.000003 
1764 1.709920 0.000003 
1765 1.684745 0.000003 
1766 1.659848 0.000003 
1767 1.635227 0.000003 
1768 1.610880 0.000003 
1769 1.586806 0.000004 
1770 1.563004 0.000004 
1771 1.539472 0.000004 
1772 1.516209 0.000004 
1773 1.493213 0.000004 
1774 1.470484 0.000004 
1775 1.448019 0.000005 
1776 1.425816 0.000005 
1777 1.403875 0.000005 
1778 1.382194 0.000005 
1779 1.360771 0.000005 
1780 1.339604 0.000006 
1781 1.318693 0.000006 
1782 1.298034 0.000006 
1783 1.277628 0.000006 
1784 1.257471 0.000007 
1785 1.237562 0.000007 
1786 1.217901 0.000007 
1787 1.198484 0.000008 
1788 1.179310 0.000008 
1789 1.160377 0.000008 
1790 1.141684 0.000009 
1791 1.123229 0.000009 
1792 1.105010 0.000009 
1793 1.087025 0.000010 
1794 1.069273 0.000010 
1795 1.051751 0.000010 
1796 1.034459 0.000011 
1797 1.017393 0.000011 
1798 1.000552 0.000012 
1799 0.983935 0.000012 
1800 0.967539 0.000013 
1801 0.951363 0.000013 
1802 0.935404 0.000014 
1803 0.919661 0.000014 
1804 0.904133 0.000015 
1805 0.888816 0.000015 
1806 0.873710 0.000016 
1807 0.858812 0.000017 
1808 0.844120 0.000017 
1809 0.829634 0.000018 
1810 0.815349 0.000019 
1811 0.801266 0.000019 
1812 0.787381 0.000020 
1813 0.773694 0.000021 
1814 0.760201 0.000022 
1815 0.746902 0.000023 
1816 0.733794 0.000024 
1817 0.720875 0.000025 
1818 0.708144 0.000025 
1819 0.695599 0.000026 
1820 0.683237 0.000028 
1821 0.671058 0.000029 
1822 0.659058 0.000030 
1823 0.647236 0.000031 
1824 0.635591 0.000032 
1825 0.624119 0.000033 
1826 0.612821 0.000035 
1827 0.601693 0.000036 
1828 0.590734 0.000037 
1829 0.579941 0.000039 
1830 0.569314 0.000040 
1831 0.558850 0.000042 
1832 0.548548 0.000043 
1833 0.538405 0.000045 
1834 0.528420 0.000047 
1835 0.518590 0.000049 
1836 0.508915 0.000050 
1837 0.499392 0.000052 
1838 0.490020 0.000054 
1839 0.480797 0.000056 
1840 0.471721 0.000059 
1841 0.462789 0.000061 
1842 0.454002 0.000063 
1843 0.445356 0.000065 
1844 0.436850 0.000068 
1845 0.428483 0.000070 
1846 0.420252 0.000073 
1847 0.412156 0.000076 
1848 0.404193 0.000079 
1849 0.396362 0.000082 
1850 0.388660 0.000085 
1851 0.381087 0.000088 
1852 0.373640 0.000091 
1853 0.366318 0.000094 
1854 0.359119 0.000098 
1855 0.352042 0.000101 
1856 0.345085 0.000105 
1857 0.338246 0.000109 
1858 0.331524 0.000113 
1859 0.324918 0.000117 
1860 0.318425 0.000122 
1861 0.312044 0.000126 
1862 0.305774 0.000131 
1863 0.299613 0.000135 
1864 0.293560 0.000140 
1865 0.287613 0.000145 
1866 0.281770 0.000151 
1867 0.276030 0.000156 
1868 0.270392 0.000162 
1869 0.264855 0.000168 
1870 0.259416 0.000174 
1871 0.254074 0.000180 
1872 0.248829 0.000187 
1873 0.243678 0.000193 
1874 0.238620 0.000200 
1875 0.233654 0.000207 
1876 0.228778 0.000215 
1877 0.223992 0.000222 
1878 0.219293 0.000230 
1879 0.214681 0.000239 
1880 0.210154 0.000247 
1881 0.205711 0.000256 
1882 0.201350 0.000265 
1883 0.197071 0.000274 
1884 0.192872 0.000284 
1885 0.188751 0.000294 
1886 0.184709 0.000304 
1887 0.180742 0.000315 
1888 0.176851 0.000326 
1889 0.173034 0.000337 
1890 0.169290 0.000349 
1891 0.165617 0.000361 
1892 0.162015 0.000374 
1893 0.158482 0.000387 
1894 0.155018 0.000400 
1895 0.151621 0.000414 
1896 0.148290 0.000429 
1897 0.145024 0.000443 
1898 0.141821 0.000459 
1899 0.138682 0.000474 
1900 0.135605 0.000491 
1901 0.132588 0.000508 
1902 0.129631 0.000525 
1903 0.126733 0.000543 
1904 0.123893 0.000561 
1905 0.121110 0.000580 
1906 0.118382 0.000600 
1907 0.115710 0.000621 
1908 0.113091 0.000642 
1909 0.110525 0.000663 
1910 0.108012 0.000686 
1911 0.105549 0.000709 
1912 0.103137 0.000733 
1913 0.100775 0.000757 
1914 0.098461 0.000783 
1915 0.096195 0.000809 
1916 0.093975 0.000836 
1917 0.091802 0.000864 
1918 0.089674 0.000893 
1919 0.087590 0.000922 
1920 0.085550 0.000953 
1921 0.083552 0.000984 
1922 0.081597 0.001017 
1923 0.079683 0.001051 
1924 0.077809 0.001085 
1925 0.075975 0.001121 
1926 0.074181 0.001158 
1927 0.072424 0.001196 
1928 0.070705 0.001235 
1929 0.069023 0.001275 
1930 0.067378 0.001317 
1931 0.065768 0.001360 
1932 0.064192 0.001404 
1933 0.062651 0.001449 
1934 0.061143 0.001496 
1935 0.059669 0.001545 
1936 0.058226 0.001594 
1937 0.056816 0.001646 
1938 0.055436 0.001699 
1939 0.054087 0.001753 
1940 0.052767 0.001809 
1941 0.051477 0.001867 
1942 0.050216 0.001927 
1943 0.048983 0.001988 
1944 0.047777 0.002051 
1945 0.046599 0.002116 
1946 0.045446 0.002183 
1947 0.044320 0.002252 
1948 0.043220 0.002323 
1949 0.042144 0.002397 
1950 0.041093 0.002472 
1951 0.040066 0.002550 
1952 0.039062 0.002629 
1953 0.038081 0.002712 
1954 0.037123 0.002796 
1955 0.036187 0.002883 
1956 0.035272 0.002973 
1957 0.034379 0.003065 
1958 0.033506 0.003160 
1959 0.032654 0.003258 
1960 0.031821 0.003358 
1961 0.031008 0.003462 
1962 0.030214 0.003568 
1963 0.029439 0.003678 
1964 0.028682 0.003790 
1965 0.027943 0.003906 
1966 0.027222 0.004026 
1967 0.026517 0.004148 
1968 0.025829 0.004274 
1969 0.025158 0.004404 
1970 0.024503 0.004537 
1971 0.023864 0.004674 
1972 0.023239 0.004815 
1973 0.022630 0.004960 
1974 0.022036 0.005109 
1975 0.021456 0.005263 
1976 0.020890 0.005420 
1977 0.020338 0.005582 
1978 0.019800 0.005748 
1979 0.019274 0.005919 
1980 0.018762 0.006095 
1981 0.018262 0.006276 
1982 0.017774 0.006461 
1983 0.017299 0.006652 
1984 0.016835 0.006848 
1985 0.016383 0.007050 
1986 0.015941 0.007257 
1987 0.015511 0.007469 
1988 0.015092 0.007687 
1989 0.014683 0.007912 
1990 0.014285 0.008142 
1991 0.013896 0.008379 
1992 0.013518 0.008622 
1993 0.013149 0.008871 
1994 0.012789 0.009127 
1995 0.012438 0.009390 
1996 0.012097 0.009661 
1997 0.011764 0.009938 
1998 0.011439 0.010223 
1999 0.011123 0.010515 
2000 0.010815 0.010815 
2001 0.010515 0.011123 
2002 0.010223 0.011439 
2003 0.009938 0.011764 
2004 0.009661 0.012097 
2005 0.009390 0.012438 
2006 0.009127 0.012789 
2007 0.008871 0.013149 
2008 0.008622 0.013518 
2009 0.008379 0.013896 
2010 0.008142 0.014285 
2011 0.007912 0.014683 
2012 0.007687 0.015092 
2013 0.007469 0.015511 
2014 0.007257 0.015941 
2015 0.007050 0.016383 
2016 0.006848 0.016835 
2017 0.006652 0.017299 
2018 0.006461 0.017774 
2019 0.006276 0.018262 
2020 0.006095 0.018762 
2021 0.005919 0.019274 
2022 0.005748 0.019800 
2023 0.005582 0.020338 
2024 0.005420 0.020890 
2025 0.005263 0.021456 
2026 0.005109 0.022036 
2027 0.004960 0.022630 
2028 0.004815 0.023239 
2029 0.004674 0.023864 
2030 0.004537 0.024503 
2031 0.004404 0.025158 
2032 0.004274 0.025829 
2033 0.004148 0.026517 
2034 0.004026 0.027222 
2035 0.003906 0.027943 
2036 0.003790 0.028682 
2037 0.003678 0.029439 
2038 0.003568 0.030214 
2039 0.003462 0.031008 
2040 0.003358 0.031821 
2041 0.003258 0.032654 
2042 0.003160 0.033506 
2043 0.003065 0.034379 
2044 0.002973 0.035272 
2045 0.002883 0.036187 
2046 0.002796 0.037123 
2047 0.002712 0.038081 
2048 0.002629 0.039062 
2049 0.002550 0.040066 
2050 0.002472 0.041093 
2051 0.002397 0.042144 
2052 0.002323 0.043220 
2053 0.002252 0.044320 
2054 0.002183 0.045446 
2055 0.002116 0.046599 
2056 0.002051 0.047777 
2057 0.001988 0.048983 
2058 0.001927 0.050216 
2059 0.001867 0.051477 
2060 0.001809 0.052767 
2061 0.001753 0.054087 
2062 0.001699 0.055436 
2063 0.001646 0.056816 
2064 0.001594 0.058226 
2065 0.001545 0.059669 
2066 0.001496 0.061143 
2067 0.001449 0.062651 
2068 0.001404 0.064192 
2069 0.001360 0.065768 
2070 0.001317 0.067378 
2071 0.001275 0.069023 
2072 0.001235 0.070705 
2073 0.001196 0.072424 
2074 0.001158 0.074181 
2075 0.001121 0.075975 
2076 0.001085 0.077809 
2077 0.001051 0.079683 
2078 0.001017 0.081597 
2079 0.000984 0.083552 
2080 0.000953 0.085550 
2081 0.000922 0.087590 
2082 0.000893 0.089674 
2083 0.000864 0.091802 
2084 0.000836 0.093975 
2085 0.000809 0.096195 
2086 0.000783 0.098461 
2087 0.000757 0.100775 
2088 0.000733 0.103137 
2089 0.000709 0.105549 
2090 0.000686 0.108012 
2091 0.000663 0.110525 
2092 0.000642 0.113091 
2093 0.000621 0.115710 
2094 0.000600 0.118382 
2095 0.000580 0.121110 
2096 0.000561 0.123893 
2097 0.000543 0.126733 
2098 0.000525 0.129631 
2099 0.000508 0.132588 
2100 0.000491 0.135605 
2101 0.000474 0.138682 
2102 0.000459 0.141821 
2103 0.000443 0.145024 
2104 0.000429 0.148290 
2105 0.000414 0.151621 
2106 0.000400 0.155018 
2107 0.000387 0.158482 
2108 0.000374 0.162015 
2109 0.000361 0.165617 
2110 0.000349 0.169290 
2111 0.000337 0.173034 
2112 0.000326 0.176851 
2113 0.000315 0.180742 
2114 0.000304 0.184709 
2115 0.000294 0.188751 
2116 0.000284 0.192872 
2117 0.000274 0.197071 
2118 0.000265 0.201350 
2119 0.000256 0.205711 
2120 0.000247 0.210154 
2121 0.000239 0.214681 
2122 0.000230 0.219293 
2123 0.000222 0.223992 
2124 0.000215 0.228778 
2125 0.000207 0.233654 
2126 0.000200 0.238620 
2127 0.000193 0.243678 
2128 0.000187 0.248829 
2129 0.000180 0.254074 
2130 0.000174 0.259416 
2131 0.000168 0.264855 
2132 0.000162 0.270392 
2133 0.000156 0.276030 
2134 0.000151 0.281770 
2135 0.000145 0.287613 
2136 0.000140 0.293560 
2137 0.000135 0.299613 
2138 0.000131 0.305774 
2139 0.000126 0.312044 
2140 0.000122 0.318425 
2141 0.000117 0.324918 
2142 0.000113 0.331524 
2143 0.000109 0.338246 
2144 0.000105 0.345085 
2145 0.000101 0.352042 
2146 0.000098 0.359119 
2147 0.000094 0.366318 
2148 0.000091 0.373640 
2149 0.000088 0.381087 
2150 0.000085 0.388660 
2151 0.000082 0.396362 
2152 0.000079 0.404193 
2153 0.000076 0.412156 
2154 0.000073 0.420252 
2155 0.000070 0.428483 
2156 0.000068 0.436850 
2157 0.000065 0.445356 
2158 0.000063 0.454002 
2159 0.000061 0.462789 
2160 0.000059 0.471721 
2161 0.000056 0.480797 
2162 0.000054 0.490020 
2163 0.000052 0.499392 
2164 0.000050 0.508915 
2165 0.000049 0.518590 
2166 0.000047 0.528420 
2167 0.000045 0.538405 
2168 0.000043 0.548548 
2169 0.000042 0.558850 
2170 0.000040 0.569314 
2171 0.000039 0.579941 
2172 0.000037 0.590734 
2173 0.000036 0.601693 
2174 0.000035 0.612821 
2175 0.000033 0.624119 
2176 0.000032 0.635591 
2177 0.000031 0.647236 
2178 0.000030 0.659058 
2179 0.000029 0.671058 
2180 0.000028 0.683237 
2181 0.000026 0.695599 
2182 0.000025 0.708144 
2183 0.000025 0.720875 
2184 0.000024 0.733794 
2185 0.000023 0.746902 
2186 0.000022 0.760201 
2187 0.000021 0.773694 
2188 0.000020 0.787381 
2189 0.000019 0.801266 
2190 0.000019 0.815349 
2191 0.000018 0.829634 
2192 0.000017 0.844120 
2193 0.000017 0.858812 
2194 0.000016 0.873710 
2195 0.000015 0.888816 
2196 0.000015 0.904133 
2197 0.000014 0.919661 
2198 0.000014 0.935404 
2199 0.000013 0.951363 
2200 0.000013 0.967539 
2201 0.000012 0.983935 
2202 0.000012 1.000552 
2203 0.000011 1.017393 
2204 0.000011 1.034459 
2205 0.000010 1.051751 
2206 0.000010 1.069273 
2207 0.000010 1.087025 
2208 0.000009 1.105010 
2209 0.000009 1.123229 
2210 0.000009 1.141684 
2211 0.000008 1.160377 
2212 0.000008 1.179310 
2213 0.000008 1.198484 
2214 0.000007 1.217901 
2215 0.000007 1.237562 
2216 0.000007 1.257471 
2217 0.000006 1.277628 
2218 0.000006 1.298034 
2219 0.000006 1.318693 
2220 0.000006 1.339604 
2221 0.000005 1.360771 
2222 0.000005 1.382194 
2223 0.000005 1.403875 
2224 0.000005 1.425816 
2225 0.000005 1.448019 
2226 0.000004 1.470484 
2227 0.000004 1.493213 
2228 0.000004 1.516209 
2229 0.000004 1.539472 
2230 0.000004 1.563004 
2231 0.000004 1.586806 
2232 0.000003 1.610880 
2233 0.000003 1.635227 
2234 0.000003 1.659848 
2235 0.000003 1.684745 
2236 0.000003 1.709920 
2237 0.000003 1.735372 
2238 0.000003 1.761105 
2239 0.000003 1.787118 
2240 0.000003 1.813413 
2241 0.000002 1.839992 
2242 0.000002 1.866855 
2243 0.000002 1.894003 
2244 0.000002 1.921438 
2245 0.000002 1.949161 
2246 0.000002 1.977172 
2247 0.000002 2.005473 
2248 0.000002 2.034064 
2249 0.000002 2.062946 
2250 0.000002 2.092121 
2251 0.000002 2.121589 
2252 0.000002 2.151351 
2253 0.000001 2.181407 
2254 0.000001 2.211759 
2255 0.000001 2.242407 
2256 0.000001 2.273351 
2257 0.000001 2.304593 
2258 0.000001 2.336132 
2259 0.000001 2.367969 
2260 0.000001 2.400106 
2261 0.000001 2.432541 
2262 0.000001 2.465276 
2263 0.000001 2.498310 
2264 0.000001 2.531645 
2265 0.000001 2.565280 
2266 0.000001 2.599215 
2267 0.000001 2.633451 
2268 0.000001 2.667987 
2269 0.000001 2.702824 
2270 0.000001 2.737962 
2271 0.000001 2.773401 
2272 0.000001 2.809140 
2273 0.000001 2.845179 
2274 0.000001 2.881518 
2275 0.000001 2.918157 
2276 0.000001 2.955095 
2277 0.000001 2.992333 
2278 0.000000 3.029869 
2279 0.000000 3.067703 
2280 0.000000 3.105834 
2281 0.000000 3.144263 
2282 0.000000 3.182987 
2283 0.000000 3.222007 
2284 0.000000 3.261322 
2285 0.000000 3.300930 
2286 0.000000 3.340832 
2287 0.000000 3.381025 
2288 0.000000 3.421509 
2289 0.000000 3.462283 
2290 0.000000 3.503345 
2291 0.000000 3.544695 
2292 0.000000 3.586331 
2293 0.000000 3.628251 
2294 0.000000 3.670455 
2295 0.000000 3.712940 
2296 0.000000 3.755706 
2297 0.000000 3.798751 
2298 0.000000 3.842072 
2299 0.000000 3.885669 
2300 0.000000 3.929539 
2301 0.000000 3.973680 
2302 0.000000 4.018091 
2303 0.000000 4.062770 
2304 0.000000 4.107714 
2305 0.000000 4.152921 
2306 0.000000 4.198389 
2307 0.000000 4.244116 
2308 0.000000 4.290100 
2309 0.000000 4.336338 
2310 0.000000 4.382827 
2311 0.000000 4.429565 
2312 0.000000 4.476549 
2313 0.000000 4.523777 
2314 0.000000 4.571246 
2315 0.000000 4.618953 
2316 0.000000 4.666895 
2317 0.000000 4.715068 
2318 0.000000 4.763471 
2319 0.000000 4.812100 
2320 0.000000 4.860952 
2321 0.000000 4.910023 
2322 0.000000 4.959310 
2323 0.000000 5.008809 
2324 0.000000 5.058518 
2325 0.000000 5.108433 
2326 0.000000 5.158549 
2327 0.000000 5.208864 
2328 0.000000 5.259374 
2329 0.000000 5.310074 
2330 0.000000 5.360961 
2331 0.000000 5.412031 
2332 0.000000 5.463280 
2333 0.000000 5.514704 
2334 0.000000 5.566298 
2335 0.000000 5.618059 
2336 0.000000 5.669981 
2337 0.000000 5.722062 
2338 0.000000 5.774295 
2339 0.000000 5.826678 
2340 0.000000 5.879204 
2341 0.000000 5.931870 
2342 0.000000 5.984671 
2343 0.000000 6.037601 
2344 0.000000 6.090657 
2345 0.000000 6.143834 
2346 0.000000 6.197125 
2347 0.000000 6.250527 
2348 0.000000 6.304034 
2349 0.000000 6.357641 
2350 0.000000 6.411343 
2351 0.000000 6.465135 
2352 0.000000 6.519011 
2353 0.000000 6.572965 
2354 0.000000 6.626994 
2355 0.000000 6.681090 
2356 0.000000 6.735248 
2357 0.000000 6.789463 
2358 0.000000 6.843730 
2359 0.000000 6.898041 
2360 0.000000 6.952393 
2361 0.000000 7.006778 
2362 0.000000 7.061191 
2363 0.000000 7.115625 
2364 0.000000 7.170076 
2365 0.000000 7.224537 
2366 0.000000 7.279001 
2367 0.000000 7.333463 
2368 0.000000 7.387917 
2369 0.000000 7.442356 
2370 0.000000 7.496775 
2371 0.000000 7.551166 
2372 0.000000 7.605523 
2373 0.000000 7.659841 
2374 0.000000 7.714112 
2375 0.000000 7.768330 
2376 0.000000 7.822489 
2377 0.000000 7.876582 
2378 0.000000 7.930603 
2379 0.000000 7.984545 
2380 0.000000 8.038401 
2381 0.000000 8.092164 
2382 0.000000 8.145829 
2383 0.000000 8.199388 
2384 0.000000 8.252835 
2385 0.000000 8.306162 
2386 0.000000 8.359364 
2387 0.000000 8.412432 
2388 0.000000 8.465361 
2389 0.000000 8.518144 
2390 0.000000 8.570773 
2391 0.000000 8.623242 
2392 0.000000 8.675544 
2393 0.000000 8.727671 
2394 0.000000 8.779618 
2395 0.000000 8.831376 
2396 0.000000 8.882940 
2397 0.000000 8.934302 
2398 0.000000 8.985455 
2399 0.000000 9.036392 
2400 0.000000 9.087107 
2401 0.000000 9.137592 
2402 0.000000 9.187840 
2403 0.000000 9.237844 
2404 0.000000 9.287598 
2405 0.000000 9.337094 
2406 0.000000 9.386326 
2407 0.000000 9.435286 
2408 0.000000 9.483967 
2409 0.000000 9.532363 
2410 0.000000 9.580467 
2411 0.000000 9.628272 
2412 0.000000 9.675771 
2413 0.000000 9.722956 
2414 0.000000 9.769822 
2415 0.000000 9.816362 
2416 0.000000 9.862568 
2417 0.000000 9.908433 
2418 0.000000 9.953952 
2419 0.000000 9.999117 
2420 0.000000 10.043921 
2421 0.000000 10.088359 
2422 0.000000 10.132423 
2423 0.000000 10.176107 
2424 0.000000 10.219403 
2425 0.000000 10.262307 
2426 0.000000 10.304810 
2427 0.000000 10.346907 
2428 0.000000 10.388592 
2429 0.000000 10.429857 
2430 0.000000 10.470697 
2431 0.000000 10.511106 
2432 0.000000 10.551076 
2433 0.000000 10.590603 
2434 0.000000 10.629679 
2435 0.000000 10.668299 
2436 0.000000 10.706457 
2437 0.000000 10.744146 
2438 0.000000 10.781362 
2439 0.000000 10.818097 
2440 0.000000 10.854347 
2441 0.000000 10.890106 
2442 0.000000 10.925367 
2443 0.000000 10.960126 
2444 0.000000 10.994377 
2445 0.000000 11.028114 
2446 0.000000 11.061332 
2447 0.000000 11.094026 
2448 0.000000 11.126190 
2449 0.000000 11.157820 
2450 0.000000 11.188910 
2451 0.000000 11.219455 
2452 0.000000 11.249450 
2453 0.000000 11.278891 
2454 0.000000 11.307773 
2455 0.000000 11.336091 
2456 0.000000 11.363840 
2457 0.000000 11.391016 
2458 0.000000 11.417614 
2459 0.000000 11.443631 
2460 0.000000 11.469062 
2461 0.000000 11.493902 
2462 0.000000 11.518148 
2463 0.000000 11.541796 
2464 0.000000 11.564841 
2465 0.000000 11.587281 
2466 0.000000 11.609110 
2467 0.000000 11.630327 
2468 0.000000 11.650926 
2469 0.000000 11.670906 
2470 0.000000 11.690261 
2471 0.000000 11.708990 
2472 0.000000 11.727090 
2473 0.000000 11.744556 
2474 0.000000 11.761387 
2475 0.000000 11.777578 
2476 0.000000 11.793129 
2477 0.000000 11.808036 
2478 0.000000 11.822296 
2479 0.000000 11.835908 
2480 0.000000 11.848869 
2481 0.000000 11.861176 
2482 0.000000 11.872829 
2483 0.000000 11.883824 
2484 0.000000 11.894160 
2485 0.000000 11.903835 
2486 0.000000 11.912848 
2487 0.000000 11.921197 
2488 0.000000 11.928880 
2489 0.000000 11.935897 
2490 0.000000 11.942246 
2491 0.000000 11.947927 
2492 0.000000 11.952937 
2493 0.000000 11.957277 
2494 0.000000 11.960946 
2495 0.000000 11.963942 
2496 0.000000 11.966266 
2497 0.000000 11.967918 
2498 0.000000 11.968896 
2499 0.000000 11.969200 
2500 0.000000 11.968832 
2501 0.000000 11.967790 
2502 0.000000 11.966075 
2503 0.000000 11.963687 
2504 0.000000 11.960626 
2505 0.000000 11.956894 
2506 0.000000 11.952491 
2507 0.000000 11.947417 
2508 0.000000 11.941673 
2509 0.000000 11.935261 
2510 0.000000 11.928181 
2511 0.000000 11.920435 
2512 0.000000 11.912023 
2513 0.000000 11.902948 
2514 0.000000 11.893211 
2515 0.000000 11.882813 
2516 0.000000 11.871756 
2517 0.000000 11.860043 
2518 0.000000 11.847675 
2519 0.000000 11.834653 
2520 0.000000 11.820981 
2521 0.000000 11.806661 
2522 0.000000 11.791695 
2523 0.000000 11.776085 
2524 0.000000 11.759835 
2525 0.000000 11.742946 
2526 0.000000 11.725422 
2527 0.000000 11.707265 
2528 0.000000 11.688479 
2529 0.000000 11.669067 
2530 0.000000 11.649032 
2531 0.000000 11.628377 
2532 0.000000 11.607106 
2533 0.000000 11.585222 
2534 0.000000 11.562729 
2535 0.000000 11.539631 
2536 0.000000 11.515930 
2537 0.000000 11.491633 
2538 0.000000 11.466741 
2539 0.000000 11.441260 
2540 0.000000 11.415193 
2541 0.000000 11.388545 
2542 0.000000 11.361321 
2543 0.000000 11.333524 
2544 0.000000 11.305159 
2545 0.000000 11.276230 
2546 0.000000 11.246744 
2547 0.000000 11.216703 
2548 0.000000 11.186113 
2549 0.000000 11.154980 
2550 0.000000 11.123307 
2551 0.000000 11.091101 
2552 0.000000 11.058366 
2553 0.000000 11.025107 
2554 0.000000 10.991331 
2555 0.000000 10.957041 
2556 0.000000 10.922244 
2557 0.000000 10.886945 
2558 0.000000 10.851151 
2559 0.000000 10.814865 
2560 0.000000 10.778095 
2561 0.000000 10.740845 
2562 0.000000 10.703123 
2563 0.000000 10.664933 
2564 0.000000 10.626281 
2565 0.000000 10.587175 
2566 0.000000 10.547619 
2567 0.000000 10.507620 
2568 0.000000 10.467184 
2569 0.000000 10.426317 
2570 0.000000 10.385025 
2571 0.000000 10.343316 
2572 0.000000 10.301194 
2573 0.000000 10.258668 
2574 0.000000 10.215742 
2575 0.000000 10.172424 
2576 0.000000 10.128720 
2577 0.000000 10.084636 
2578 0.000000 10.040180 
2579 0.000000 9.995358 
2580 0.000000 9.950176 
2581 0.000000 9.904642 
2582 0.000000 9.858761 
2583 0.000000 9.812541 
2584 0.000000 9.765989 
2585 0.000000 9.719111 
2586 0.000000 9.671914 
2587 0.000000 9.624405 
2588 0.000000 9.576591 
2589 0.000000 9.528478 
2590 0.000000 9.480074 
2591 0.000000 9.431386 
2592 0.000000 9.382420 
2593 0.000000 9.333184 
2594 0.000000 9.283684 
2595 0.000000 9.233927 
2596 0.000000 9.183920 
2597 0.000000 9.133671 
2598 0.000000 9.083186 
2599 0.000000 9.032472 
2600 0.000000 8.981536 
2601 0.000000 8.930385 
2602 0.000000 8.879026 
2603 0.000000 8.827467 
2604 0.000000 8.775713 
2605 0.000000 8.723772 
2606 0.000000 8.671651 
2607 0.000000 8.619357 
2608 0.000000 8.566896 
2609 0.000000 8.514276 
2610 0.000000 8.461503 
2611 0.000000 8.408585 
2612 0.000000 8.355528 
2613 0.000000 8.302338 
2614 0.000000 8.249024 
2615 0.000000 8.195591 
2616 0.000000 8.142046 
2617 0.000000 8.088397 
2618 0.000000 8.034649 
2619 0.000000 7.980810 
2620 0.000000 7.926886 
2621 0.000000 7.872883 
2622 0.000000 7.818809 
2623 0.000000 7.764669 
2624 0.000000 7.710471 
2625 0.000000 7.656221 
2626 0.000000 7.601925 
2627 0.000000 7.547590 
2628 0.000000 7.493222 
2629 0.000000 7.438827 
2630 0.000000 7.384412 
2631 0.000000 7.329983 
2632 0.000000 7.275547 
2633 0.000000 7.221108 
2634 0.000000 7.166674 
2635 0.000000 7.112250 
2636 0.000000 7.057843 
2637 0.000000 7.003458 
2638 0.000000 6.949102 
2639 0.000000 6.894780 
2640 0.000000 6.840498 
2641 0.000000 6.786262 
2642 0.000000 6.732077 
2643 0.000000 6.677950 
2644 0.000000 6.623886 
2645 0.000000 6.569889 
2646 0.000000 6.515967 
2647 0.000000 6.462124 
2648 0.000000 6.408366 
2649 0.000000 6.354698 
2650 0.000000 6.301124 
2651 0.000000 6.247652 
2652 0.000000 6.194285 
2653 0.000000 6.141028 
2654 0.000000 6.087887 
2655 0.000000 6.034867 
2656 0.000000 5.981972 
2657 0.000000 5.929208 
2658 0.000000 5.876579 
2659 0.000000 5.824089 
2660 0.000000 5.771744 
2661 0.000000 5.719548 
2662 0.000000 5.667505 
2663 0.000000 5.615620 
2664 0.000000 5.563898 
2665 0.000000 5.512342 
2666 0.000000 5.460956 
2667 0.000000 5.409746 
2668 0.000000 5.358714 
2669 0.000000 5.307866 
2670 0.000000 5.257205 
2671 0.000000 5.206734 
2672 0.000000 5.156458 
2673 0.000000 5.106381 
2674 0.000000 5.056506 
2675 0.000000 5.006836 
2676 0.000000 4.957376 
2677 0.000000 4.908128 
2678 0.000000 4.859097 
2679 0.000000 4.810285 
2680 0.000000 4.761696 
2681 0.000000 4.713332 
2682 0.000000 4.665198 
2683 0.000000 4.617296 
2684 0.000000 4.569628 
2685 0.000000 4.522199 
2686 0.000000 4.475010 
2687 0.000000 4.428065 
2688 0.000000 4.381366 
2689 0.000000 4.334916 
2690 0.000000 4.288718 
2691 0.000000 4.242773 
2692 0.000000 4.197085 
2693 0.000000 4.151655 
2694 0.000000 4.106486 
2695 0.000000 4.061581 
2696 0.000000 4.016940 
2697 0.000000 3.972567 
2698 0.000000 3.928464 
2699 0.000000 3.884632 
2700 0.000000 3.841073 
2701 0.000000 3.797788 
2702 0.000000 3.754781 
2703 0.000000 3.712052 
2704 0.000000 3.669603 
2705 0.000000 3.627436 
2706 0.000000 3.585552 
2707 0.000000 3.543952 
2708 0.000000 3.502638 
2709 0.000000 3.461611 
2710 0.000000 3.420872 
2711 0.000000 3.380423 
2712 0.000000 3.340265 
2713 0.000000 3.300398 
2714 0.000000 3.260823 
2715 0.000000 3.221542 
2716 0.000000 3.182556 
2717 0.000000 3.143864 
2718 0.000000 3.105469 
2719 0.000000 3.067370 
2720 0.000000 3.029568 
2721 0.000000 2.992064 
2722 0.000000 2.954858 
2723 0.000000 2.917951 
2724 0.000000 2.881343 
2725 0.000000 2.845034 
2726 0.000000 2.809025 
2727 0.000000 2.773316 
2728 0.000000 2.737907 
2729 0.000000 2.702798 
2730 0.000000 2.667989 
2731 0.000000 2.633481 
2732 0.000000 2.599273 
2733 0.000000 2.565366 
2734 0.000000 2.531758 
2735 0.000000 2.498450 
2736 0.000000 2.465442 
2737 0.000000 2.432733 
2738 0.000000 2.400324 
2739 0.000000 2.368213 
2740 0.000000 2.336400 
2741 0.000000 2.304885 
2742 0.000000 2.273668 
2743 0.000000 2.242747 
2744 0.000000 2.212123 
2745 0.000000 2.181794 
2746 0.000000 2.151760 
2747 0.000000 2.122020 
2748 0.000000 2.092574 
2749 0.000000 2.063420 
2750 0.000000 2.034559 
2751 0.000000 2.005988 
2752 0.000000 1.977707 
2753 0.000000 1.949716 
2754 0.000000 1.922012 
2755 0.000000 1.894596 
2756 0.000000 1.867466 
2757 0.000000 1.840621 
2758 0.000000 1.814060 
2759 0.000000 1.787782 
2760 0.000000 1.761786 
2761 0.000000 1.736070 
2762 0.000000 1.710633 
2763 0.000000 1.685475 
2764 0.000000 1.660593 
2765 0.000000 1.635986 
2766 0.000000 1.611654 
2767 0.000000 1.587594 
2768 0.000000 1.563806 
2769 0.000000 1.540287 
2770 0.000000 1.517037 
2771 0.000000 1.494054 
2772 0.000000 1.471337 
2773 0.000000 1.448883 
2774 0.000000 1.426692 
2775 0.000000 1.404762 
2776 0.000000 1.383092 
2777 0.000000 1.361679 
2778 0.000000 1.340522 
2779 0.000000 1.319620 
2780 0.000000 1.298971 
2781 0.000000 1.278573 
2782 0.000000 1.258425 
2783 0.000000 1.238525 
2784 0.000000 1.218871 
2785 0.000000 1.199461 
2786 0.000000 1.180295 
2787 0.000000 1.161369 
2788 0.000000 1.142683 
2789 0.000000 1.124234 
2790 0.000000 1.106021 
2791 0.000000 1.088041 
2792 0.000000 1.070294 
2793 0.000000 1.052777 
2794 0.000000 1.035489 
2795 0.000000 1.018428 
2796 0.000000 1.001591 
2797 0.000000 0.984977 
2798 0.000000 0.968585 
2799 0.000000 0.952412 
2800 0.000000 0.936456 
2801 0.000000 0.920716 
2802 0.000000 0.905189 
2803 0.000000 0.889875 
2804 0.000000 0.874770 
2805 0.000000 0.859874 
2806 0.000000 0.845183 
2807 0.000000 0.830697 
2808 0.000000 0.816414 
2809 0.000000 0.802331 
2810 0.000000 0.788446 
2811 0.000000 0.774759 
2812 0.000000 0.761266 
2813 0.000000 0.747966 
2814 0.000000 0.734857 
2815 0.000000 0.721938 
2816 0.000000 0.709206 
2817 0.000000 0.696659 
2818 0.000000 0.684296 
2819 0.000000 0.672114 
2820 0.000000 0.660112 
2821 0.000000 0.648288 
2822 0.000000 0.636640 
2823 0.000000 0.625166 
2824 0.000000 0.613865 
2825 0.000000 0.602734 
2826 0.000000 0.591772 
2827 0.000000 0.580976 
2828 0.000000 0.570345 
2829 0.000000 0.559878 
2830 0.000000 0.549571 
2831 0.000000 0.539424 
2832 0.000000 0.529435 
2833 0.000000 0.519602 
2834 0.000000 0.509922 
2835 0.000000 0.500395 
2836 0.000000 0.491018 
2837 0.000000 0.481790 
2838 0.000000 0.472708 
2839 0.000000 0.463772 
2840 0.000000 0.454979 
2841 0.000000 0.446328 
2842 0.000000 0.437817 
2843 0.000000 0.429444 
2844 0.000000 0.421207 
2845 0.000000 0.413105 
2846 0.000000 0.405136 
2847 0.000000 0.397299 
2848 0.000000 0.389592 
2849 0.000000 0.382012 
2850 0.000000 0.374559 
2851 0.000000 0.367231 
2852 0.000000 0.360025 
2853 0.000000 0.352942 
2854 0.000000 0.345978 
2855 0.000000 0.339133 
2856 0.000000 0.332404 
2857 0.000000 0.325791 
2858 0.000000 0.319291 
2859 0.000000 0.312904 
2860 0.000000 0.306627 
2861 0.000000 0.300459 
2862 0.000000 0.294398 
2863 0.000000 0.288444 
2864 0.000000 0.282594 
2865 0.000000 0.276847 
2866 0.000000 0.271202 
2867 0.000000 0.265657 
2868 0.000000 0.260211 
2869 0.000000 0.254862 
2870 0.000000 0.249610 
2871 0.000000 0.244451 
2872 0.000000 0.239386 
2873 0.000000 0.234413 
2874 0.000000 0.229530 
2875 0.000000 0.224736 
2876 0.000000 0.220030 
2877 0.000000 0.215410 
2878 0.000000 0.210876 
2879 0.000000 0.206425 
2880 0.000000 0.202057 
2881 0.000000 0.197770 
2882 0.000000 0.193564 
2883 0.000000 0.189436 
2884 0.000000 0.185386 
2885 0.000000 0.181412 
2886 0.000000 0.177513 
2887 0.000000 0.173689 
2888 0.000000 0.169937 
2889 0.000000 0.166257 
2890 0.000000 0.162648 
2891 0.000000 0.159108 
2892 0.000000 0.155636 
2893 0.000000 0.152232 
2894 0.000000 0.148893 
2895 0.000000 0.145620 
2896 0.000000 0.142411 
2897 0.000000 0.139264 
2898 0.000000 0.136180 
2899 0.000000 0.133156 
2900 0.000000 0.130192 
2901 0.000000 0.127287 
2902 0.000000 0.124440 
2903 0.000000 0.121649 
2904 0.000000 0.118915 
2905 0.000000 0.116235 
2906 0.000000 0.113610 
2907 0.000000 0.111037 
2908 0.000000 0.108517 
2909 0.000000 0.106048 
2910 0.000000 0.103629 
2911 0.000000 0.101260 
2912 0.000000 0.098940 
2913 0.000000 0.096667 
2914 0.000000 0.094441 
2915 0.000000 0.092261 
2916 0.000000 0.090126 
2917 0.000000 0.088036 
2918 0.000000 0.085990 
2919 0.000000 0.083986 
2920 0.000000 0.082024 
2921 0.000000 0.080104 
2922 0.000000 0.078224 
2923 0.000000 0.076385 
2924 0.000000 0.074584 
2925 0.000000 0.072821 
2926 0.000000 0.071097 
2927 0.000000 0.069409 
2928 0.000000 0.067757 
2929 0.000000 0.066141 
2930 0.000000 0.064560 
2931 0.000000 0.063013 
2932 0.000000 0.061500 
2933 0.000000 0.060020 
2934 0.000000 0.058572 
2935 0.000000 0.057156 
2936 0.000000 0.055771 
2937 0.000000 0.054416 
2938 0.000000 0.053092 
2939 0.000000 0.051797 
2940 0.000000 0.050530 
2941 0.000000 0.049292 
2942 0.000000 0.048081 
2943 0.000000 0.046898 
2944 0.000000 0.045741 
2945 0.000000 0.044610 
2946 0.000000 0.043504 
2947 0.000000 0.042424 
2948 0.000000 0.041368 
2949 0.000000 0.040336 
2950 0.000000 0.039328 
2951 0.000000 0.038342 
2952 0.000000 0.037380 
2953 0.000000 0.036439 
2954 0.000000 0.035520 
2955 0.000000 0.034622 
2956 0.000000 0.033745 
2957 0.000000 0.032889 
2958 0.000000 0.032052 
2959 0.000000 0.031235 
2960 0.000000 0.030437 
2961 0.000000 0.029658 
2962 0.000000 0.028897 
2963 0.000000 0.028154 
2964 0.000000 0.027429 
2965 0.000000 0.026721 
2966 0.000000 0.026029 
2967 0.000000 0.025354 
2968 0.000000 0.024696 
2969 0.000000 0.024053 
2970 0.000000 0.023425 
2971 0.000000 0.022812 
2972 0.000000 0.022215 
2973 0.000000 0.021631 
2974 0.000000 0.021062 
2975 0.000000 0.020507 
2976 0.000000 0.019965 
2977 0.000000 0.019437 
2978 0.000000 0.018921 
2979 0.000000 0.018418 
2980 0.000000 0.017927 
2981 0.000000 0.017449 
2982 0.000000 0.016982 
2983 0.000000 0.016527 
2984 0.000000 0.016083 
2985 0.000000 0.015650 
2986 0.000000 0.015228 
2987 0.000000 0.014817 
2988 0.000000 0.014415 
2989 0.000000 0.014024 
2990 0.000000 0.013643 
2991 0.000000 0.013271 
2992 0.000000 0.012909 
2993 0.000000 0.012556 
2994 0.000000 0.012212 
2995 0.000000 0.011877 
2996 0.000000 0.011550 
2997 0.000000 0.011232 
2998 0.000000 0.010921 
2999 0.000000 0.010619 
3000 0.000000 0.010325 
3001 0.000000 0.010038 
3002 0.000000 0.009758 
3003 0.000000 0.009486 
3004 0.000000 0.009221 
3005 0.000000 0.008963 
3006 0.000000 0.008711 
3007 0.000000 0.008466 
3008 0.000000 0.008228 
3009 0.000000 0.007996 
3010 0.000000 0.007770 
3011 0.000000 0.007549 
3012 0.000000 0.007335 
3013 0.000000 0.007127 
3014 0.000000 0.006923 
3015 0.000000 0.006726 
3016 0.000000 0.006533 
3017 0.000000 0.006346 
3018 0.000000 0.006164 
3019 0.000000 0.005987 
3020 0.000000 0.005814 
3021 0.000000 0.005646 
3022 0.000000 0.005483 
3023 0.000000 0.005324 
3024 0.000000 0.005169 
3025 0.000000 0.005019 
3026 0.000000 0.004873 
3027 0.000000 0.004730 
3028 0.000000 0.004592 
3029 0.000000 0.004457 
3030 0.000000 0.004326 
3031 0.000000 0.004199 
3032 0.000000 0.004075 
3033 0.000000 0.003955 
3034 0.000000 0.003838 
3035 0.000000 0.003724 
3036 0.000000 0.003614 
3037 0.000000 0.003506 
3038 0.000000 0.003402 
3039 0.000000 0.003300 
3040 0.000000 0.003201 
3041 0.000000 0.003106 
3042 0.000000 0.003012 
3043 0.000000 0.002922 
3044 0.000000 0.002834 
3045 0.000000 0.002748 
3046 0.000000 0.002665 
3047 0.000000 0.002584 
3048 0.000000 0.002506 
3049 0.000000 0.002430 
3050 0.000000 0.002356 
3051 0.000000 0.002284 
3052 0.000000 0.002214 
3053 0.000000 0.002146 
3054 0.000000 0.002080 
3055 0.000000 0.002017 
3056 0.000000 0.001954 
3057 0.000000 0.001894 
3058 0.000000 0.001836 
3059 0.000000 0.001779 
3060 0.000000 0.001724 
3061 0.000000 0.001670 
3062 0.000000 0.001618 
3063 0.000000 0.001568 
3064 0.000000 0.001519 
3065 0.000000 0.001471 
3066 0.000000 0.001425 
3067 0.000000 0.001381 
3068 0.000000 0.001337 
3069 0.000000 0.001295 
3070 0.000000 0.001254 
3071 0.000000 0.001215 
3072 0.000000 0.001176 
3073 0.000000 0.001139 
3074 0.000000 0.001103 
3075 0.000000 0.001068 
3076 0.000000 0.001034 
3077 0.000000 0.001001 
3078 0.000000 0.000969 
3079 0.000000 0.000938 
3080 0.000000 0.000908 
3081 0.000000 0.000878 
3082 0.000000 0.000850 
3083 0.000000 0.000823 
3084 0.000000 0.000796 
3085 0.000000 0.000770 
3086 0.000000 0.000745 
3087 0.000000 0.000721 
3088 0.000000 0.000698 
3089 0.000000 0.000675 
3090 0.000000 0.000653 
3091 0.000000 0.000632 
3092 0.000000 0.000611 
3093 0.000000 0.000591 
3094 0.000000 0.000571 
3095 0.000000 0.000553 
3096 0.000000 0.000534 
3097 0.000000 0.000517 
3098 0.000000 0.000500 
3099 0.000000 0.000483 
3100 0.000000 0.000467 
3101 0.000000 0.000452 
3102 0.000000 0.000437 
3103 0.000000 0.000422 
3104 0.000000 0.000408 
3105 0.000000 0.000394 
3106 0.000000 0.000381 
3107 0.000000 0.000368 
3108 0.000000 0.000356 
3109 0.000000 0.000344 
3110 0.000000 0.000332 
3111 0.000000 0.000321 
3112 0.000000 0.000310 
3113 0.000000 0.000300 
3114 0.000000 0.000290 
3115 0.000000 0.000280 
3116 0.000000 0.000270 
3117 0.000000 0.000261 
3118 0.000000 0.000252 
3119 0.000000 0.000244 
3120 0.000000 0.000235 
3121 0.000000 0.000227 
3122 0.000000 0.000219 
3123 0.000000 0.000212 
3124 0.000000 0.000204 
3125 0.000000 0.000197 
3126 0.000000 0.000191 
3127 0.000000 0.000184 
3128 0.000000 0.000178 
3129 0.000000 0.000171 
3130 0.000000 0.000165 
3131 0.000000 0.000160 
3132 0.000000 0.000154 
3133 0.000000 0.000149 
3134 0.000000 0.000144 
3135 0.000000 0.000138 
3136 0.000000 0.000134 
3137 0.000000 0.000129 
3138 0.000000 0.000124 
3139 0.000000 0.000120 
3140 0.000000 0.000116 
3141 0.000000 0.000112 
3142 0.000000 0.000108 
3143 0.000000 0.000104 
3144 0.000000 0.000100 
3145 0.000000 0.000097 
3146 0.000000 0.000093 
3147 0.000000 0.000090 
3148 0.000000 0.000087 
3149 0.000000 0.000084 
3150 0.000000 0.000081 
3151 0.000000 0.000078 
3152 0.000000 0.000075 
3153 0.000000 0.000072 
3154 0.000000 0.000070 
3155 0.000000 0.000067 
3156 0.000000 0.000065 
3157 0.000000 0.000062 
3158 0.000000 0.000060 
3159 0.000000 0.000058 
3160 0.000000 0.000056 
3161 0.000000 0.000054 
3162 0.000000 0.000052 
3163 0.000000 0.000050 
3164 0.000000 0.000048 
3165 0.000000 0.000046 
3166 0.000000 0.000045 
3167 0.000000 0.000043 
3168 0.000000 0.000041 
3169 0.000000 0.000040 
3170 0.000000 0.000038 
3171 0.000000 0.000037 
3172 0.000000 0.000036 
3173 0.000000 0.000034 
3174 0.000000 0.000033 
3175 0.000000 0.000032 
3176 0.000000 0.000031 
3177 0.000000 0.000029 
3178 0.000000 0.000028 
3179 0.000000 0.000027 
3180 0.000000 0.000026 
3181 0.000000 0.000025 
3182 0.000000 0.000024 
3183 0.000000 0.000023 
3184 0.000000 0.000022 
3185 0.000000 0.000022 
3186 0.000000 0.000021 
3187 0.000000 0.000020 
3188 0.000000 0.000019 
3189 0.000000 0.000019 
3190 0.000000 0.000018 
3191 0.000000 0.000017 
3192 0.000000 0.000017 
3193 0.000000 0.000016 
3194 0.000000 0.000015 
3195 0.000000 0.000015 
3196 0.000000 0.000014 
3197 0.000000 0.000014 
3198 0.000000 0.000013 
3199 0.000000 0.000013 
3200 0.000000 0.000012 
3201 0.000000 0.000012 
3202 0.000000 0.000011 
3203 0.000000 0.000011 
3204 0.000000 0.000010 
3205 0.000000 0.000010 
3206 0.000000 0.000010 
3207 0.000000 0.000009 
3208 0.000000 0.000009 
3209 0.000000 0.000008 
3210 0.000000 0.000008 
3211 0.000000 0.000008 
3212 0.000000 0.000007 
3213 0.000000 0.000007 
3214 0.000000 0.000007 
3215 0.000000 0.000007 
3216 0.000000 0.000006 
3217 0.000000 0.000006 
3218 0.000000 0.000006 
3219 0.000000 0.000006 
3220 0.000000 0.000005 
3221 0.000000 0.000005 
3222 0.000000 0.000005 
3223 0.000000 0.000005 
3224 0.000000 0.000005 
3225 0.000000 0.000004 
3226 0.000000 0.000004 
3227 0.000000 0.000004 
3228 0.000000 0.000004 
3229 0.000000 0.000004 
3230 0.000000 0.000004 
3231 0.000000 0.000003 
3232 0.000000 0.000003 
3233 0.000000 0.000003 
3234 0.000000 0.000003 
3235 0.000000 0.000003 
3236 0.000000 0.000003 
3237 0.000000 0.000003 
3238 0.000000 0.000003 
3239 0.000000 0.000002 
3240 0.000000 0.000002 
3241 0.000000 0.000002 
3242 0.000000 0.000002 
3243 0.000000 0.000002 
3244 0.000000 0.000002 
3245 0.000000 0.000002 
3246 0.000000 0.000002 
3247 0.000000 0.000002 
3248 0.000000 0.000002 
3249 0.000000 0.000002 
3250 0.000000 0.000002 
3251 0.000000 0.000002 
3252 0.000000 0.000001 
3253 0.000000 0.000001 
3254 0.000000 0.000001 
3255 0.000000 0.000001 
3256 0.000000 0.000001 
3257 0.000000 0.000001 
3258 0.000000 0.000001 
3259 0.000000 0.000001 
3260 0.000000 0.000001 
3261 0.000000 0.000001 
3262 0.000000 0.000001 
3263 0.000000 0.000001 
3264 0.000000 0.000001 
3265 0.000000 0.000001 
3266 0.000000 0.000001 
3267 0.000000 0.000001 
3268 0.000000 0.000001 
3269 0.000000 0.000001 
3270 0.000000 0.000001 
3271 0.000000 0.000001 
3272 0.000000 0.000001 
3273 0.000000 0.000001 
3274 0.000000 0.000001 
3275 0.000000 0.000001 
3276 0.000000 0.000001 
3277 0.000000 0.000000 
3278 0.000000 0.000000 
3279 0.000000 0.000000 
3280 0.000000 0.000000 
3281 0.000000 0.000000 
3282 0.000000 0.000000 
3283 0.000000 0.000000 
3284 0.000000 0.000000 
3285 0.000000 0.000000 
3286 0.000000 0.000000 
3287 0.000000 0.000000 
3288 0.000000 0.000000 
3289 0.000000 0.000000 
3290 0.000000 0.000000 
3291 0.000000 0.000000 
3292 0.000000 0.000000 
3293 0.000000 0.000000 
3294 0.000000 0.000000 
3295 0.000000 0.000000 
3296 0.000000 0.000000 
3297 0.000000 0.000000 
3298 0.000000 0.000000 
3299 0.000000 0.000000 
3300 0.000000 0.000000 
3301 0.000000 0.000000 
3302 0.000000 0.000000 
3303 0.000000 0.000000 
3304 0.000000 0.000000 
3305 0.000000 0.000000 
3306 0.000000 0.000000 
3307 0.000000 0.000000 
3308 0.000000 0.000000 
3309 0.000000 0.000000 
3310 0.000000 0.000000 
3311 0.000000 0.000000 
3312 0.000000 0.000000 
3313 0.000000 0.000000 
3314 0.000000 0.000000 
3315 0.000000 0.000000 
3316 0.000000 0.000000 
3317 0.000000 0.000000 
3318 0.000000 0.000000 
3319 0.000000 0.000000 
3320 0.000000 0.000000 
3321 0.000000 0.000000 
3322 0.000000 0.000000 
3323 0.000000 0.000000 
3324 0.000000 0.000000 
3325 0.000000 0.000000 
3326 0.000000 0.000000 
3327 0.000000 0.000000 
3328 0.000000 0.000000 
3329 0.000000 0.000000 
3330 0.000000 0.000000 
3331 0.000000 0.000000 
3332 0.000000 0.000000 
3333 0.000000 0.000000 
3334 0.000000 0.000000 
3335 0.000000 0.000000 
3336 0.000000 0.000000 
3337 0.000000 0.000000 
3338 0.000000 0.000000 
3339 0.000000 0.000000 
3340 0.000000 0.000000 
3341 0.000000 0.000000 
3342 0.000000 0.000000 
3343 0.000000 0.000000 
3344 0.000000 0.000000 
3345 0.000000 0.000000 
3346 0.000000 0.000000 
3347 0.000000 0.000000 
3348 0.000000 0.000000 
3349 0.000000 0.000000 
3350 0.000000 0.000000 
3351 0.000000 0.000000 
3352 0.000000 0.000000 
3353 0.000000 0.000000 
3354 0.000000 0.000000 
3355 0.000000 0.000000 
3356 0.000000 0.000000 
3357 0.000000 0.000000 
3358 0.000000 0.000000 
3359 0.000000 0.000000 
3360 0.000000 0.000000 
3361 0.000000 0.000000 
3362 0.000000 0.000000 
3363 0.000000 0.000000 
3364 0.000000 0.000000 
3365 0.000000 0.000000 
3366 0.000000 0.000000 
3367 0.000000 0.000000 
3368 0.000000 0.000000 
3369 0.000000 0.000000 
3370 0.000000 0.000000 
3371 0.000000 0.000000 
3372 0.000000 0.000000 
3373 0.000000 0.000000 
3374 0.000000 0.000000 
3375 0.000000 0.000000 
3376 0.000000 0.000000 
3377 0.000000 0.000000 
3378 0.000000 0.000000 
3379 0.000000 0.000000 
3380 0.000000 0.000000 
3381 0.000000 0.000000 
3382 0.000000 0.000000 
3383 0.000000 0.000000 
3384 0.000000 0.000000 
3385 0.000000 0.000000 
3386 0.000000 0.000000 
3387 0.000000 0.000000 
3388 0.000000 0.000000 
3389 0.000000 0.000000 
3390 0.000000 0.000000 
3391 0.000000 0.000000 
3392 0.000000 0.000000 
3393 0.000000 0.000000 
3394 0.000000 0.000000 
3395 0.000000 0.000000 
3396 0.000000 0.000000 
3397 0.000000 0.000000 
3398 0.000000 0.000000 
3399 0.000000 0.000000 
3400 0.000000 0.000000 
3401 0.000000 0.000000 
3402 0.000000 0.000000 
3403 0.000000 0.000000 
3404 0.000000 0.000000 
3405 0.000000 0.000000 
3406 0.000000 0.000000 
3407 0.000000 0.000000 
3408 0.000000 0.000000 
3409 0.000000 0.000000 
3410 0.000000 0.000000 
3411 0.000000 0.000000 
3412 0.000000 0.000000 
3413 0.000000 0.000000 
3414 0.000000 0.000000 
3415 0.000000 0.000000 
3416 0.000000 0.000000 
3417 0.000000 0.000000 
3418 0.000000 0.000000 
3419 0.000000 0.000000 
3420 0.000000 0.000000 
3421 0.000000 0.000000 
3422 0.000000 0.000000 
3423 0.000000 0.000000 
3424 0.000000 0.000000 
3425 0.000000 0.000000 
3426 0.000000 0.000000 
3427 0.000000 0.000000 
3428 0.000000 0.000000 
3429 0.000000 0.000000 
3430 0.000000 0.000000 
3431 0.000000 0.000000 
3432 0.000000 0.000000 
3433 0.000000 0.000000 
3434 0.000000 0.000000 
3435 0.000000 0.000000 
3436 0.000000 0.000000 
3437 0.000000 0.000000 
3438 0.000000 0.000000 
3439 0.000000 0.000000 
3440 0.000000 0.000000 
3441 0.000000 0.000000 
3442 0.000000 0.000000 
3443 0.000000 0.000000 
3444 0.000000 0.000000 
3445 0.000000 0.000000 
3446 0.000000 0.000000 
3447 0.000000 0.000000 
3448 0.000000 0.000000 
3449 0.000000 0.000000 
3450 0.000000 0.000000 
3451 0.000000 0.000000 
3452 0.000000 0.000000 
3453 0.000000 0.000000 
3454 0.000000 0.000000 
3455 0.000000 0.000000 
3456 0.000000 0.000000 
3457 0.000000 0.000000 
3458 0.000000 0.000000 
3459 0.000000 0.000000 
3460 0.000000 0.000000 
3461 0.000000 0.000000 
3462 0.000000 0.000000 
3463 0.000000 0.000000 
3464 0.000000 0.000000 
3465 0.000000 0.000000 
3466 0.000000 0.000000 
3467 0.000000 0.000000 
3468 0.000000 0.000000 
3469 0.000000 0.000000 
3470 0.000000 0.000000 
3471 0.000000 0.000000 
3472 0.000000 0.000000 
3473 0.000000 0.000000 
3474 0.000000 0.000000 
3475 0.000000 0.000000 
3476 0.000000 0.000000 
3477 0.000000 0.000000 
3478 0.000000 0.000000 
3479 0.000000 0.000000 
3480 0.000000 0.000000 
3481 0.000000 0.000000 
3482 0.000000 0.000000 
3483 0.000000 0.000000 
3484 0.000000 0.000000 
3485 0.000000 0.000000 
3486 0.000000 0.000000 
3487 0.000000 0.000000 
3488 0.000000 0.000000 
3489 0.000000 0.000000 
3490 0.000000 0.000000 
3491 0.000000 0.000000 
3492 0.000000 0.000000 
3493 0.000000 0.000000 
3494 0.000000 0.000000 
3495 0.000000 0.000000 
3496 0.000000 0.000000 
3497 0.000000 0.000000 
3498 0.000000 0.000000 
3499 0.000000 0.000000 
3500 0.000000 0.000000 
3501 0.000000 0.000000 
3502 0.000000 0.000000 
3503 0.000000 0.000000 
3504 0.000000 0.000000 
3505 0.000000 0.000000 
3506 0.000000 0.000000 
3507 0.000000 0.000000 
3508 0.000000 0.000000 
3509 0.000000 0.000000 
3510 0.000000 0.000000 
3511 0.000000 0.000000 
3512 0.000000 0.000000 
3513 0.000000 0.000000 
3514 0.000000 0.000000 
3515 0.000000 0.000000 
3516 0.000000 0.000000 
3517 0.000000 0.000000 
3518 0.000000 0.000000 
3519 0.000000 0.000000 
3520 0.000000 0.000000 
3521 0.000000 0.000000 
3522 0.000000 0.000000 
3523 0.000000 0.000000 
3524 0.000000 0.000000 
3525 0.000000 0.000000 
3526 0.000000 0.000000 
3527 0.000000 0.000000 
3528 0.000000 0.000000 
3529 0.000000 0.000000 
3530 0.000000 0.000000 
3531 0.000000 0.000000 
3532 0.000000 0.000000 
3533 0.000000 0.000000 
3534 0.000000 0.000000 
3535 0.000000 0.000000 
3536 0.000000 0.000000 
3537 0.000000 0.000000 
3538 0.000000 0.000000 
3539 0.000000 0.000000 
3540 0.000000 0.000000 
3541 0.000000 0.000000 
3542 0.000000 0.000000 
3543 0.000000 0.000000 
3544 0.000000 0.000000 
3545 0.000000 0.000000 
3546 0.000000 0.000000 
3547 0.000000 0.000000 
3548 0.000000 0.000000 
3549 0.000000 0.000000 
3550 0.000000 0.000000 
3551 0.000000 0.000000 
3552 0.000000 0.000000 
3553 0.000000 0.000000 
3554 0.000000 0.000000 
3555 0.000000 0.000000 
3556 0.000000 0.000000 
3557 0.000000 0.000000 
3558 0.000000 0.000000 
3559 0.000000 0.000000 
3560 0.000000 0.000000 
3561 0.000000 0.000000 
3562 0.000000 0.000000 
3563 0.000000 0.000000 
3564 0.000000 0.000000 
3565 0.000000 0.000000 
3566 0.000000 0.000000 
3567 0.000000 0.000000 
3568 0.000000 0.000000 
3569 0.000000 0.000000 
3570 0.000000 0.000000 
3571 0.000000 0.000000 
3572 0.000000 0.000000 
3573 0.000000 0.000000 
3574 0.000000 0.000000 
3575 0.000000 0.000000 
3576 0.000000 0.000000 
3577 0.000000 0.000000 
3578 0.000000 0.000000 
3579 0.000000 0.000000 
3580 0.000000 0.000000 
3581 0.000000 0.000000 
3582 0.000000 0.000000 
3583 0.000000 0.000000 
3584 0.000000 0.000000 
3585 0.000000 0.000000 
3586 0.000000 0.000000 
3587 0.000000 0.000000 
3588 0.000000 0.000000 
3589 0.000000 0.000000 
3590 0.000000 0.000000 
3591 0.000000 0.000000 
3592 0.000000 0.000000 
3593 0.000000 0.000000 
3594 0.000000 0.000000 
3595 0.000000 0.000000 
3596 0.000000 0.000000 
3597 0.000000 0.000000 
3598 0.000000 0.000000 
3599 0.000000 0.000000 
3600 0.000000 0.000000 
3601 0.000000 0.000000 
3602 0.000000 0.000000 
3603 0.000000 0.000000 
3604 0.000000 0.000000 
3605 0.000000 0.000000 
3606 0.000000 0.000000 
3607 0.000000 0.000000 
3608 0.000000 0.000000 
3609 0.000000 0.000000 
3610 0.000000 0.000000 
3611 0.000000 0.000000 
3612 0.000000 0.000000 
3613 0.000000 0.000000 
3614 0.000000 0.000000 
3615 0.000000 0.000000 
3616 0.000000 0.000000 
3617 0.000000 0.000000 
3618 0.000000 0.000000 
3619 0.000000 0.000000 
3620 0.000000 0.000000 
3621 0.000000 0.000000 
3622 0.000000 0.000000 
3623 0.000000 0.000000 
3624 0.000000 0.000000 
3625 0.000000 0.000000 
3626 0.000000 0.000000 
3627 0.000000 0.000000 
3628 0.000000 0.000000 
3629 0.000000 0.000000 
3630 0.000000 0.000000 
3631 0.000000 0.000000 
3632 0.000000 0.000000 
3633 0.000000 0.000000 
3634 0.000000 0.000000 
3635 0.000000 0.000000 
3636 0.000000 0.000000 
3637 0.000000 0.000000 
3638 0.000000 0.000000 
3639 0.000000 0.000000 
3640 0.000000 0.000000 
3641 0.000000 0.000000 
3642 0.000000 0.000000 
3643 0.000000 0.000000 
3644 0.000000 0.000000 
3645 0.000000 0.000000 
3646 0.000000 0.000000 
3647 0.000000 0.000000 
3648 0.000000 0.000000 
3649 0.000000 0.000000 
3650 0.000000 0.000000 
3651 0.000000 0.000000 
3652 0.000000 0.000000 
3653 0.000000 0.000000 
3654 0.000000 0.000000 
3655 0.000000 0.000000 
3656 0.000000 0.000000 
3657 0.000000 0.000000 
3658 0.000000 0.000000 
3659 0.000000 0.000000 
3660 0.000000 0.000000 
3661 0.000000 0.000000 
3662 0.000000 0.000000 
3663 0.000000 0.000000 
3664 0.000000 0.000000 
3665 0.000000 0.000000 
3666 0.000000 0.000000 
3667 0.000000 0.000000 
3668 0.000000 0.000000 
3669 0.000000 0.000000 
3670 0.000000 0.000000 
3671 0.000000 0.000000 
3672 0.000000 0.000000 
3673 0.000000 0.000000 
3674 0.000000 0.000000 
3675 0.000000 0.000000 
3676 0.000000 0.000000 
3677 0.000000 0.000000 
3678 0.000000 0.000000 
3679 0.000000 0.000000 
3680 0.000000 0.000000 
3681 0.000000 0.000000 
3682 0.000000 0.000000 
3683 0.000000 0.000000 
3684 0.000000 0.000000 
3685 0.000000 0.000000 
3686 0.000000 0.000000 
3687 0.000000 0.000000 
3688 0.000000 0.000000 
3689 0.000000 0.000000 
3690 0.000000 0.000000 
3691 0.000000 0.000000 
3692 0.000000 0.000000 
3693 0.000000 0.000000 
3694 0.000000 0.000000 
3695 0.000000 0.000000 
3696 0.000000 0.000000 
3697 0.000000 0.000000 
3698 0.000000 0.000000 
3699 0.000000 0.000000 
3700 0.000000 0.000000 
3701 0.000000 0.000000 
3702 0.000000 0.000000 
3703 0.000000 0.000000 
3704 0.000000 0.000000 
3705 0.000000 0.000000 
3706 0.000000 0.000000 
3707 0.000000 0.000000 
3708 0.000000 0.000000 
3709 0.000000 0.000000 
3710 0.000000 0.000000 
3711 0.000000 0.000000 
3712 0.000000 0.000000 
3713 0.000000 0.000000 
3714 0.000000 0.000000 
3715 0.000000 0.000000 
3716 0.000000 0.000000 
3717 0.000000 0.000000 
3718 0.000000 0.000000 
3719 0.000000 0.000000 
3720 0.000000 0.000000 
3721 0.000000 0.000000 
3722 0.000000 0.000000 
3723 0.000000 0.000000 
3724 0.000000 0.000000 
3725 0.000000 0.000000 
3726 0.000000 0.000000 
3727 0.000000 0.000000 
3728 0.000000 0.000000 
3729 0.000000 0.000000 
3730 0.000000 0.000000 
3731 0.000000 0.000000 
3732 0.000000 0.000000 
3733 0.000000 0.000000 
3734 0.000000 0.000000 
3735 0.000000 0.000000 
3736 0.000000 0.000000 
3737 0.000000 0.000000 
3738 0.000000 0.000000 
3739 0.000000 0.000000 
3740 0.000000 0.000000 
3741 0.000000 0.000000 
3742 0.000000 0.000000 
3743 0.000000 0.000000 
3744 0.000000 0.000000 
3745 0.000000 0.000000 
3746 0.000000 0.000000 
3747 0.000000 0.000000 
3748 0.000000 0.000000 
3749 0.000000 0.000000 
3750 0.000000 0.000000 
3751 0.000000 0.000000 
3752 0.000000 0.000000 
3753 0.000000 0.000000 
3754 0.000000 0.000000 
3755 0.000000 0.000000 
3756 0.000000 0.000000 
3757 0.000000 0.000000 
3758 0.000000 0.000000 
3759 0.000000 0.000000 
3760 0.000000 0.000000 
3761 0.000000 0.000000 
3762 0.000000 0.000000 
3763 0.000000 0.000000 
3764 0.000000 0.000000 
3765 0.000000 0.000000 
3766 0.000000 0.000000 
3767 0.000000 0.000000 
3768 0.000000 0.000000 
3769 0.000000 0.000000 
3770 0.000000 0.000000 
3771 0.000000 0.000000 
3772 0.000000 0.000000 
3773 0.000000 0.000000 
3774 0.000000 0.000000 
3775 0.000000 0.000000 
3776 0.000000 0.000000 
3777 0.000000 0.000000 
3778 0.000000 0.000000 
3779 0.000000 0.000000 
3780 0.000000 0.000000 
3781 0.000000 0.000000 
3782 0.000000 0.000000 
3783 0.000000 0.000000 
3784 0.000000 0.000000 
3785 0.000000 0.000000 
3786 0.000000 0.000000 
3787 0.000000 0.000000 
3788 0.000000 0.000000 
3789 0.000000 0.000000 
3790 0.000000 0.000000 
3791 0.000000 0.000000 
3792 0.000000 0.000000 
3793 0.000000 0.000000 
3794 0.000000 0.000000 
3795 0.000000 0.000000 
3796 0.000000 0.000000 
3797 0.000000 0.000000 
3798 0.000000 0.000000 
3799 0.000000 0.000000 
3800 0.000000 0.000000 
3801 0.000000 0.000000 
3802 0.000000 0.000000 
3803 0.000000 0.000000 
3804 0.000000 0.000000 
3805 0.000000 0.000000 
3806 0.000000 0.000000 
3807 0.000000 0.000000 
3808 0.000000 0.000000 
3809 0.000000 0.000000 
3810 0.000000 0.000000 
3811 0.000000 0.000000 
3812 0.000000 0.000000 
3813 0.000000 0.000000 
3814 0.000000 0.000000 
3815 0.000000 0.000000 
3816 0.000000 0.000000 
3817 0.000000 0.000000 
3818 0.000000 0.000000 
3819 0.000000 0.000000 
3820 0.000000 0.000000 
3821 0.000000 0.000000 
3822 0.000000 0.000000 
3823 0.000000 0.000000 
3824 0.000000 0.000000 
3825 0.000000 0.000000 
3826 0.000000 0.000000 
3827 0.000000 0.000000 
3828 0.000000 0.000000 
3829 0.000000 0.000000 
3830 0.000000 0.000000 
3831 0.000000 0.000000 
3832 0.000000 0.000000 
3833 0.000000 0.000000 
3834 0.000000 0.000000 
3835 0.000000 0.000000 
3836 0.000000 0.000000 
3837 0.000000 0.000000 
3838 0.000000 0.000000 
3839 0.000000 0.000000 
3840 0.000000 0.000000 
3841 0.000000 0.000000 
3842 0.000000 0.000000 
3843 0.000000 0.000000 
3844 0.000000 0.000000 
3845 0.000000 0.000000 
3846 0.000000 0.000000 
3847 0.000000 0.000000 
3848 0.000000 0.000000 
3849 0.000000 0.000000 
3850 0.000000 0.000000 
3851 0.000000 0.000000 
3852 0.000000 0.000000 
3853 0.000000 0.000000 
3854 0.000000 0.000000 
3855 0.000000 0.000000 
3856 0.000000 0.000000 
3857 0.000000 0.000000 
3858 0.000000 0.000000 
3859 0.000000 0.000000 
3860 0.000000 0.000000 
3861 0.000000 0.000000 
3862 0.000000 0.000000 
3863 0.000000 0.000000 
3864 0.000000 0.000000 
3865 0.000000 0.000000 
3866 0.000000 0.000000 
3867 0.000000 0.000000 
3868 0.000000 0.000000 
3869 0.000000 0.000000 
3870 0.000000 0.000000 
3871 0.000000 0.000000 
3872 0.000000 0.000000 
3873 0.000000 0.000000 
3874 0.000000 0.000000 
3875 0.000000 0.000000 
3876 0.000000 0.000000 
3877 0.000000 0.000000 
3878 0.000000 0.000000 
3879 0.000000 0.000000 
3880 0.000000 0.000000 
3881 0.000000 0.000000 
3882 0.000000 0.000000 
3883 0.000000 0.000000 
3884 0.000000 0.000000 
3885 0.000000 0.000000 
3886 0.000000 0.000000 
3887 0.000000 0.000000 
3888 0.000000 0.000000 
3889 0.000000 0.000000 
3890 0.000000 0.000000 
3891 0.000000 0.000000 
3892 0.000000 0.000000 
3893 0.000000 0.000000 
3894 0.000000 0.000000 
3895 0.000000 0.000000 
3896 0.000000 0.000000 
3897 0.000000 0.000000 
3898 0.000000 0.000000 
3899 0.000000 0.000000 
3900 0.000000 0.000000 
3901 0.000000 0.000000 
3902 0.000000 0.000000 
3903 0.000000 0.000000 
3904 0.000000 0.000000 
3905 0.000000 0.000000 
3906 0.000000 0.000000 
3907 0.000000 0.000000 
3908 0.000000 0.000000 
3909 0.000000 0.000000 
3910 0.000000 0.000000 
3911 0.000000 0.000000 
3912 0.000000 0.000000 
3913 0.000000 0.000000 
3914 0.000000 0.000000 
3915 0.000000 0.000000 
3916 0.000000 0.000000 
3917 0.000000 0.000000 
3918 0.000000 0.000000 
3919 0.000000 0.000000 
3920 0.000000 0.000000 
3921 0.000000 0.000000 
3922 0.000000 0.000000 
3923 0.000000 0.000000 
3924 0.000000 0.000000 
3925 0.000000 0.000000 
3926 0.000000 0.000000 
3927 0.000000 0.000000 
3928 0.000000 0.000000 
3929 0.000000 0.000000 
3930 0.000000 0.000000 
3931 0.000000 0.000000 
3932 0.000000 0.000000 
3933 0.000000 0.000000 
3934 0.000000 0.000000 
3935 0.000000 0.000000 
3936 0.000000 0.000000 
3937 0.000000 0.000000 
3938 0.000000 0.000000 
3939 0.000000 0.000000 
3940 0.000000 0.000000 
3941 0.000000 0.000000 
3942 0.000000 0.000000 
3943 0.000000 0.000000 
3944 0.000000 0.000000 
3945 0.000000 0.000000 
3946 0.000000 0.000000 
3947 0.000000 0.000000 
3948 0.000000 0.000000 
3949 0.000000 0.000000 
3950 0.000000 0.000000 
3951 0.000000 0.000000 
3952 0.000000 0.000000 
3953 0.000000 0.000000 
3954 0.000000 0.000000 
3955 0.000000 0.000000 
3956 0.000000 0.000000 
3957 0.000000 0.000000 
3958 0.000000 0.000000 
3959 0.000000 0.000000 
3960 0.000000 0.000000 
3961 0.000000 0.000000 
3962 0.000000 0.000000 
3963 0.000000 0.000000 
3964 0.000000 0.000000 
3965 0.000000 0.000000 
3966 0.000000 0.000000 
3967 0.000000 0.000000 
3968 0.000000 0.000000 
3969 0.000000 0.000000 
3970 0.000000 0.000000 
3971 0.000000 0.000000 
3972 0.000000 0.000000 
3973 0.000000 0.000000 
3974 0.000000 0.000000 
3975 0.000000 0.000000 
3976 0.000000 0.000000 
3977 0.000000 0.000000 
3978 0.000000 0.000000 
3979 0.000000 0.000000 
3980 0.000000 0.000000 
3981 0.000000 0.000000 
3982 0.000000 0.000000 
3983 0.000000 0.000000 
3984 0.000000 0.000000 
3985 0.000000 0.000000 
3986 0.000000 0.000000 
3987 0.000000 0.000000 
3988 0.000000 0.000000 
3989 0.000000 0.000000 
3990 0.000000 0.000000 
3991 0.000000 0.000000 
3992 0.000000 0.000000 
3993 0.000000 0.000000 
3994 0.000000 0.000000 
3995 0.000000 0.000000 
3996 0.000000 0.000000 
3997 0.000000 0.000000 
3998 0.000000 0.000000 
3999 0.000000 0.000000 
4000 0.000000 0.000000 
