0 0.000000 0.000000 
1 0.000000 0.000000 
2 0.000000 0.000000 
3 0.000000 0.000000 
4 0.000000 0.000000 
5 0.000000 0.000000 
6 0.000000 0.000000 
7 0.000000 0.000000 
8 0.000000 0.000000 
9 0.000000 0.000000 
10 0.000000 0.000000 
11 0.000000 0.000000 
12 0.000000 0.000000 
13 0.000000 0.000000 
14 0.000000 0.000000 
15 0.000000 0.000000 
16 0.000000 0.000000 
17 0.000000 0.000000 
18 0.000000 0.000000 
19 0.000000 0.000000 
20 0.000000 0.000000 
21 0.000000 0.000000 
22 0.000000 0.000000 
23 0.000000 0.000000 
24 0.000000 0.000000 
25 0.000000 0.000000 
26 0.000000 0.000000 
27 0.000000 0.000000 
28 0.000000 0.000000 
29 0.000000 0.000000 
30 0.000000 0.000000 
31 0.000000 0.000000 
32 0.000000 0.000000 
33 0.000000 0.000000 
34 0.000000 0.000000 
35 0.000000 0.000000 
36 0.000000 0.000000 
37 0.000000 0.000000 
38 0.000000 0.000000 
39 0.000000 0.000000 
40 0.000000 0.000000 
41 0.000000 0.000000 
42 0.000000 0.000000 
43 0.000000 0.000000 
44 0.000000 0.000000 
45 0.000000 0.000000 
46 0.000000 0.000000 
47 0.000000 0.000000 
48 0.000000 0.000000 
49 0.000000 0.000000 
50 0.000000 0.000000 
51 0.000000 0.000000 
52 0.000000 0.000000 
53 0.000000 0.000000 
54 0.000000 0.000000 
55 0.000000 0.000000 
56 0.000000 0.000000 
57 0.000000 0.000000 
58 0.000000 0.000000 
59 0.000000 0.000000 
60 0.000000 0.000000 
61 0.000000 0.000000 
62 0.000000 0.000000 
63 0.000000 0.000000 
64 0.000000 0.000000 
65 0.000000 0.000000 
66 0.000000 0.000000 
67 0.000000 0.000000 
68 0.000000 0.000000 
69 0.000000 0.000000 
70 0.000000 0.000000 
71 0.000000 0.000000 
72 0.000000 0.000000 
73 0.000000 0.000000 
74 0.000000 0.000000 
75 0.000000 0.000000 
76 0.000000 0.000000 
77 0.000000 0.000000 
78 0.000000 0.000000 
79 0.000000 0.000000 
80 0.000000 0.000000 
81 0.000000 0.000000 
82 0.000000 0.000000 
83 0.000000 0.000000 
84 0.000000 0.000000 
85 0.000000 0.000000 
86 0.000000 0.000000 
87 0.000000 0.000000 
88 0.000000 0.000000 
89 0.000000 0.000000 
90 0.000000 0.000000 
91 0.000000 0.000000 
92 0.000000 0.000000 
93 0.000000 0.000000 
94 0.000000 0.000000 
95 0.000000 0.000000 
96 0.000000 0.000000 
97 0.000000 0.000000 
98 0.000000 0.000000 
99 0.000000 0.000000 
100 0.000000 0.000000 
101 0.000000 0.000000 
102 0.000000 0.000000 
103 0.000000 0.000000 
104 0.000000 0.000000 
105 0.000000 0.000000 
106 0.000000 0.000000 
107 0.000000 0.000000 
108 0.000000 0.000000 
109 0.000000 0.000000 
110 0.000000 0.000000 
111 0.000000 0.000000 
112 0.000000 0.000000 
113 0.000000 0.000000 
114 0.000000 0.000000 
115 0.000000 0.000000 
116 0.000000 0.000000 
117 0.000000 0.000000 
118 0.000000 0.000000 
119 0.000000 0.000000 
120 0.000000 0.000000 
121 0.000000 0.000000 
122 0.000000 0.000000 
123 0.000000 0.000000 
124 0.000000 0.000000 
125 0.000000 0.000000 
126 0.000000 0.000000 
127 0.000000 0.000000 
128 0.000000 0.000000 
129 0.000000 0.000000 
130 0.000000 0.000000 
131 0.000000 0.000000 
132 0.000000 0.000000 
133 0.000000 0.000000 
134 0.000000 0.000000 
135 0.000000 0.000000 
136 0.000000 0.000000 
137 0.000000 0.000000 
138 0.000000 0.000000 
139 0.000000 0.000000 
140 0.000000 0.000000 
141 0.000000 0.000000 
142 0.000000 0.000000 
143 0.000000 0.000000 
144 0.000000 0.000000 
145 0.000000 0.000000 
146 0.000000 0.000000 
147 0.000000 0.000000 
148 0.000000 0.000000 
149 0.000000 0.000000 
150 0.000000 0.000000 
151 0.000000 0.000000 
152 0.000000 0.000000 
153 0.000000 0.000000 
154 0.000000 0.000000 
155 0.000000 0.000000 
156 0.000000 0.000000 
157 0.000000 0.000000 
158 0.000000 0.000000 
159 0.000000 0.000000 
160 0.000000 0.000000 
161 0.000000 0.000000 
162 0.000000 0.000000 
163 0.000000 0.000000 
164 0.000000 0.000000 
165 0.000000 0.000000 
166 0.000000 0.000000 
167 0.000000 0.000000 
168 0.000000 0.000000 
169 0.000000 0.000000 
170 0.000000 0.000000 
171 0.000000 0.000000 
172 0.000000 0.000000 
173 0.000000 0.000000 
174 0.000000 0.000000 
175 0.000000 0.000000 
176 0.000000 0.000000 
177 0.000000 0.000000 
178 0.000000 0.000000 
179 0.000000 0.000000 
180 0.000000 0.000000 
181 0.000000 0.000000 
182 0.000000 0.000000 
183 0.000000 0.000000 
184 0.000000 0.000000 
185 0.000000 0.000000 
186 0.000000 0.000000 
187 0.000000 0.000000 
188 0.000000 0.000000 
189 0.000000 0.000000 
190 0.000000 0.000000 
191 0.000000 0.000000 
192 0.000000 0.000000 
193 0.000000 0.000000 
194 0.000000 0.000000 
195 0.000000 0.000000 
196 0.000000 0.000000 
197 0.000000 0.000000 
198 0.000000 0.000000 
199 0.000000 0.000000 
200 0.000000 0.000000 
201 0.000000 0.000000 
202 0.000000 0.000000 
203 0.000000 0.000000 
204 0.000000 0.000000 
205 0.000000 0.000000 
206 0.000000 0.000000 
207 0.000000 0.000000 
208 0.000000 0.000000 
209 0.000000 0.000000 
210 0.000000 0.000000 
211 0.000000 0.000000 
212 0.000000 0.000000 
213 0.000000 0.000000 
214 0.000000 0.000000 
215 0.000000 0.000000 
216 0.000000 0.000000 
217 0.000000 0.000000 
218 0.000000 0.000000 
219 0.000000 0.000000 
220 0.000000 0.000000 
221 0.000000 0.000000 
222 0.000000 0.000000 
223 0.000000 0.000000 
224 0.000000 0.000000 
225 0.000000 0.000000 
226 0.000000 0.000000 
227 0.000000 0.000000 
228 0.000000 0.000000 
229 0.000000 0.000000 
230 0.000000 0.000000 
231 0.000000 0.000000 
232 0.000000 0.000000 
233 0.000000 0.000000 
234 0.000000 0.000000 
235 0.000000 0.000000 
236 0.000000 0.000000 
237 0.000000 0.000000 
238 0.000000 0.000000 
239 0.000000 0.000000 
240 0.000000 0.000000 
241 0.000000 0.000000 
242 0.000000 0.000000 
243 0.000000 0.000000 
244 0.000000 0.000000 
245 0.000000 0.000000 
246 0.000000 0.000000 
247 0.000000 0.000000 
248 0.000000 0.000000 
249 0.000000 0.000000 
250 0.000000 0.000000 
251 0.000000 0.000000 
252 0.000000 0.000000 
253 0.000000 0.000000 
254 0.000000 0.000000 
255 0.000000 0.000000 
256 0.000000 0.000000 
257 0.000000 0.000000 
258 0.000000 0.000000 
259 0.000000 0.000000 
260 0.000000 0.000000 
261 0.000000 0.000000 
262 0.000000 0.000000 
263 0.000000 0.000000 
264 0.000000 0.000000 
265 0.000000 0.000000 
266 0.000000 0.000000 
267 0.000000 0.000000 
268 0.000000 0.000000 
269 0.000000 0.000000 
270 0.000000 0.000000 
271 0.000000 0.000000 
272 0.000000 0.000000 
273 0.000000 0.000000 
274 0.000000 0.000000 
275 0.000000 0.000000 
276 0.000000 0.000000 
277 0.000000 0.000000 
278 0.000000 0.000000 
279 0.000000 0.000000 
280 0.000000 0.000000 
281 0.000000 0.000000 
282 0.000000 0.000000 
283 0.000000 0.000000 
284 0.000000 0.000000 
285 0.000000 0.000000 
286 0.000000 0.000000 
287 0.000000 0.000000 
288 0.000000 0.000000 
289 0.000000 0.000000 
290 0.000000 0.000000 
291 0.000000 0.000000 
292 0.000000 0.000000 
293 0.000000 0.000000 
294 0.000000 0.000000 
295 0.000000 0.000000 
296 0.000000 0.000000 
297 0.000000 0.000000 
298 0.000000 0.000000 
299 0.000000 0.000000 
300 0.000000 0.000000 
301 0.000000 0.000000 
302 0.000000 0.000000 
303 0.000000 0.000000 
304 0.000000 0.000000 
305 0.000000 0.000000 
306 0.000000 0.000000 
307 0.000000 0.000000 
308 0.000000 0.000000 
309 0.000000 0.000000 
310 0.000000 0.000000 
311 0.000000 0.000000 
312 0.000000 0.000000 
313 0.000000 0.000000 
314 0.000000 0.000000 
315 0.000000 0.000000 
316 0.000000 0.000000 
317 0.000000 0.000000 
318 0.000000 0.000000 
319 0.000000 0.000000 
320 0.000000 0.000000 
321 0.000000 0.000000 
322 0.000000 0.000000 
323 0.000000 0.000000 
324 0.000000 0.000000 
325 0.000000 0.000000 
326 0.000000 0.000000 
327 0.000000 0.000000 
328 0.000000 0.000000 
329 0.000000 0.000000 
330 0.000000 0.000000 
331 0.000000 0.000000 
332 0.000000 0.000000 
333 0.000000 0.000000 
334 0.000000 0.000000 
335 0.000000 0.000000 
336 0.000000 0.000000 
337 0.000000 0.000000 
338 0.000000 0.000000 
339 0.000000 0.000000 
340 0.000000 0.000000 
341 0.000000 0.000000 
342 0.000000 0.000000 
343 0.000000 0.000000 
344 0.000000 0.000000 
345 0.000000 0.000000 
346 0.000000 0.000000 
347 0.000000 0.000000 
348 0.000000 0.000000 
349 0.000000 0.000000 
350 0.000000 0.000000 
351 0.000000 0.000000 
352 0.000000 0.000000 
353 0.000000 0.000000 
354 0.000000 0.000000 
355 0.000000 0.000000 
356 0.000000 0.000000 
357 0.000000 0.000000 
358 0.000000 0.000000 
359 0.000000 0.000000 
360 0.000000 0.000000 
361 0.000000 0.000000 
362 0.000000 0.000000 
363 0.000000 0.000000 
364 0.000000 0.000000 
365 0.000000 0.000000 
366 0.000000 0.000000 
367 0.000000 0.000000 
368 0.000000 0.000000 
369 0.000000 0.000000 
370 0.000000 0.000000 
371 0.000000 0.000000 
372 0.000000 0.000000 
373 0.000000 0.000000 
374 0.000000 0.000000 
375 0.000000 0.000000 
376 0.000000 0.000000 
377 0.000000 0.000000 
378 0.000000 0.000000 
379 0.000000 0.000000 
380 0.000000 0.000000 
381 0.000000 0.000000 
382 0.000000 0.000000 
383 0.000000 0.000000 
384 0.000000 0.000000 
385 0.000000 0.000000 
386 0.000000 0.000000 
387 0.000000 0.000000 
388 0.000000 0.000000 
389 0.000000 0.000000 
390 0.000000 0.000000 
391 0.000000 0.000000 
392 0.000000 0.000000 
393 0.000000 0.000000 
394 0.000000 0.000000 
395 0.000000 0.000000 
396 0.000000 0.000000 
397 0.000000 0.000000 
398 0.000000 0.000000 
399 0.000000 0.000000 
400 0.000000 0.000000 
401 0.000000 0.000000 
402 0.000000 0.000000 
403 0.000000 0.000000 
404 0.000000 0.000000 
405 0.000000 0.000000 
406 0.000000 0.000000 
407 0.000000 0.000000 
408 0.000000 0.000000 
409 0.000000 0.000000 
410 0.000000 0.000000 
411 0.000000 0.000000 
412 0.000000 0.000000 
413 0.000000 0.000000 
414 0.000000 0.000000 
415 0.000000 0.000000 
416 0.000000 0.000000 
417 0.000000 0.000000 
418 0.000000 0.000000 
419 0.000000 0.000000 
420 0.000000 0.000000 
421 0.000000 0.000000 
422 0.000000 0.000000 
423 0.000000 0.000000 
424 0.000000 0.000000 
425 0.000000 0.000000 
426 0.000000 0.000000 
427 0.000000 0.000000 
428 0.000000 0.000000 
429 0.000000 0.000000 
430 0.000000 0.000000 
431 0.000000 0.000000 
432 0.000000 0.000000 
433 0.000000 0.000000 
434 0.000000 0.000000 
435 0.000000 0.000000 
436 0.000000 0.000000 
437 0.000000 0.000000 
438 0.000000 0.000000 
439 0.000000 0.000000 
440 0.000000 0.000000 
441 0.000000 0.000000 
442 0.000000 0.000000 
443 0.000000 0.000000 
444 0.000000 0.000000 
445 0.000000 0.000000 
446 0.000000 0.000000 
447 0.000000 0.000000 
448 0.000000 0.000000 
449 0.000000 0.000000 
450 0.000000 0.000000 
451 0.000000 0.000000 
452 0.000000 0.000000 
453 0.000000 0.000000 
454 0.000000 0.000000 
455 0.000000 0.000000 
456 0.000000 0.000000 
457 0.000000 0.000000 
458 0.000000 0.000000 
459 0.000000 0.000000 
460 0.000000 0.000000 
461 0.000000 0.000000 
462 0.000000 0.000000 
463 0.000000 0.000000 
464 0.000000 0.000000 
465 0.000000 0.000000 
466 0.000000 0.000000 
467 0.000000 0.000000 
468 0.000000 0.000000 
469 0.000000 0.000000 
470 0.000000 0.000000 
471 0.000000 0.000000 
472 0.000000 0.000000 
473 0.000000 0.000000 
474 0.000000 0.000000 
475 0.000000 0.000000 
476 0.000000 0.000000 
477 0.000000 0.000000 
478 0.000000 0.000000 
479 0.000000 0.000000 
480 0.000000 0.000000 
481 0.000000 0.000000 
482 0.000000 0.000000 
483 0.000000 0.000000 
484 0.000000 0.000000 
485 0.000000 0.000000 
486 0.000000 0.000000 
487 0.000000 0.000000 
488 0.000000 0.000000 
489 0.000000 0.000000 
490 0.000000 0.000000 
491 0.000000 0.000000 
492 0.000000 0.000000 
493 0.000000 0.000000 
494 0.000000 0.000000 
495 0.000000 0.000000 
496 0.000000 0.000000 
497 0.000000 0.000000 
498 0.000000 0.000000 
499 0.000000 0.000000 
500 0.000000 0.000000 
501 0.000000 0.000000 
502 0.000000 0.000000 
503 0.000000 0.000000 
504 0.000000 0.000000 
505 0.000000 0.000000 
506 0.000000 0.000000 
507 0.000000 0.000000 
508 0.000000 0.000000 
509 0.000000 0.000000 
510 0.000000 0.000000 
511 0.000000 0.000000 
512 0.000000 0.000000 
513 0.000000 0.000000 
514 0.000000 0.000000 
515 0.000000 0.000000 
516 0.000000 0.000000 
517 0.000000 0.000000 
518 0.000000 0.000000 
519 0.000000 0.000000 
520 0.000000 0.000000 
521 0.000000 0.000000 
522 0.000000 0.000000 
523 0.000000 0.000000 
524 0.000000 0.000000 
525 0.000000 0.000000 
526 0.000000 0.000000 
527 0.000000 0.000000 
528 0.000000 0.000000 
529 0.000000 0.000000 
530 0.000000 0.000000 
531 0.000000 0.000000 
532 0.000000 0.000000 
533 0.000000 0.000000 
534 0.000000 0.000000 
535 0.000000 0.000000 
536 0.000000 0.000000 
537 0.000000 0.000000 
538 0.000000 0.000000 
539 0.000000 0.000000 
540 0.000000 0.000000 
541 0.000000 0.000000 
542 0.000000 0.000000 
543 0.000000 0.000000 
544 0.000000 0.000000 
545 0.000000 0.000000 
546 0.000000 0.000000 
547 0.000000 0.000000 
548 0.000000 0.000000 
549 0.000000 0.000000 
550 0.000000 0.000000 
551 0.000000 0.000000 
552 0.000000 0.000000 
553 0.000000 0.000000 
554 0.000000 0.000000 
555 0.000000 0.000000 
556 0.000000 0.000000 
557 0.000000 0.000000 
558 0.000000 0.000000 
559 0.000000 0.000000 
560 0.000000 0.000000 
561 0.000000 0.000000 
562 0.000000 0.000000 
563 0.000000 0.000000 
564 0.000000 0.000000 
565 0.000000 0.000000 
566 0.000000 0.000000 
567 0.000000 0.000000 
568 0.000000 0.000000 
569 0.000000 0.000000 
570 0.000000 0.000000 
571 0.000000 0.000000 
572 0.000000 0.000000 
573 0.000000 0.000000 
574 0.000000 0.000000 
575 0.000000 0.000000 
576 0.000000 0.000000 
577 0.000000 0.000000 
578 0.000000 0.000000 
579 0.000000 0.000000 
580 0.000000 0.000000 
581 0.000000 0.000000 
582 0.000000 0.000000 
583 0.000000 0.000000 
584 0.000000 0.000000 
585 0.000000 0.000000 
586 0.000000 0.000000 
587 0.000000 0.000000 
588 0.000000 0.000000 
589 0.000000 0.000000 
590 0.000000 0.000000 
591 0.000000 0.000000 
592 0.000000 0.000000 
593 0.000000 0.000000 
594 0.000000 0.000000 
595 0.000000 0.000000 
596 0.000000 0.000000 
597 0.000000 0.000000 
598 0.000000 0.000000 
599 0.000000 0.000000 
600 0.000000 0.000000 
601 0.000000 0.000000 
602 0.000000 0.000000 
603 0.000000 0.000000 
604 0.000000 0.000000 
605 0.000000 0.000000 
606 0.000000 0.000000 
607 0.000000 0.000000 
608 0.000000 0.000000 
609 0.000000 0.000000 
610 0.000000 0.000000 
611 0.000000 0.000000 
612 0.000000 0.000000 
613 0.000000 0.000000 
614 0.000000 0.000000 
615 0.000000 0.000000 
616 0.000000 0.000000 
617 0.000000 0.000000 
618 0.000000 0.000000 
619 0.000000 0.000000 
620 0.000000 0.000000 
621 0.000000 0.000000 
622 0.000000 0.000000 
623 0.000000 0.000000 
624 0.000000 0.000000 
625 0.000000 0.000000 
626 0.000000 0.000000 
627 0.000000 0.000000 
628 0.000000 0.000000 
629 0.000000 0.000000 
630 0.000000 0.000000 
631 0.000000 0.000000 
632 0.000000 0.000000 
633 0.000000 0.000000 
634 0.000000 0.000000 
635 0.000000 0.000000 
636 0.000000 0.000000 
637 0.000000 0.000000 
638 0.000000 0.000000 
639 0.000000 0.000000 
640 0.000000 0.000000 
641 0.000000 0.000000 
642 0.000000 0.000000 
643 0.000000 0.000000 
644 0.000000 0.000000 
645 0.000000 0.000000 
646 0.000000 0.000000 
647 0.000000 0.000000 
648 0.000000 0.000000 
649 0.000000 0.000000 
650 0.000000 0.000000 
651 0.000000 0.000000 
652 0.000000 0.000000 
653 0.000000 0.000000 
654 0.000000 0.000000 
655 0.000000 0.000000 
656 0.000000 0.000000 
657 0.000000 0.000000 
658 0.000000 0.000000 
659 0.000000 0.000000 
660 0.000000 0.000000 
661 0.000000 0.000000 
662 0.000000 0.000000 
663 0.000000 0.000000 
664 0.000000 0.000000 
665 0.000000 0.000000 
666 0.000000 0.000000 
667 0.000000 0.000000 
668 0.000000 0.000000 
669 0.000000 0.000000 
670 0.000000 0.000000 
671 0.000000 0.000000 
672 0.000000 0.000000 
673 0.000000 0.000000 
674 0.000000 0.000000 
675 0.000000 0.000000 
676 0.000000 0.000000 
677 0.000000 0.000000 
678 0.000000 0.000000 
679 0.000000 0.000000 
680 0.000000 0.000000 
681 0.000000 0.000000 
682 0.000000 0.000000 
683 0.000000 0.000000 
684 0.000000 0.000000 
685 0.000000 0.000000 
686 0.000000 0.000000 
687 0.000000 0.000000 
688 0.000000 0.000000 
689 0.000000 0.000000 
690 0.000000 0.000000 
691 0.000000 0.000000 
692 0.000000 0.000000 
693 0.000000 0.000000 
694 0.000000 0.000000 
695 0.000000 0.000000 
696 0.000000 0.000000 
697 0.000000 0.000000 
698 0.000000 0.000000 
699 0.000000 0.000000 
700 0.000000 0.000000 
701 0.000000 0.000000 
702 0.000000 0.000000 
703 0.000000 0.000000 
704 0.000000 0.000000 
705 0.000000 0.000000 
706 0.000000 0.000000 
707 0.000000 0.000000 
708 0.000000 0.000000 
709 0.000000 0.000000 
710 0.000000 0.000000 
711 0.000000 0.000000 
712 0.000000 0.000000 
713 0.000000 0.000000 
714 0.000000 0.000000 
715 0.000000 0.000000 
716 0.000000 0.000000 
717 0.000000 0.000000 
718 0.000000 0.000000 
719 0.000000 0.000000 
720 0.000000 0.000000 
721 0.000000 0.000000 
722 0.000000 0.000000 
723 0.000000 0.000000 
724 0.000000 0.000000 
725 0.000000 0.000000 
726 0.000000 0.000000 
727 0.000000 0.000000 
728 0.000000 0.000000 
729 0.000000 0.000000 
730 0.000000 0.000000 
731 0.000000 0.000000 
732 0.000000 0.000000 
733 0.000000 0.000000 
734 0.000000 0.000000 
735 0.000000 0.000000 
736 0.000000 0.000000 
737 0.000000 0.000000 
738 0.000000 0.000000 
739 0.000000 0.000000 
740 0.000000 0.000000 
741 0.000000 0.000000 
742 0.000000 0.000000 
743 0.000000 0.000000 
744 0.000000 0.000000 
745 0.000000 0.000000 
746 0.000000 0.000000 
747 0.000000 0.000000 
748 0.000000 0.000000 
749 0.000000 0.000000 
750 0.000000 0.000000 
751 0.000000 0.000000 
752 0.000000 0.000000 
753 0.000000 0.000000 
754 0.000000 0.000000 
755 0.000000 0.000000 
756 0.000000 0.000000 
757 0.000000 0.000000 
758 0.000000 0.000000 
759 0.000000 0.000000 
760 0.000000 0.000000 
761 0.000000 0.000000 
762 0.000000 0.000000 
763 0.000000 0.000000 
764 0.000000 0.000000 
765 0.000000 0.000000 
766 0.000000 0.000000 
767 0.000000 0.000000 
768 0.000000 0.000000 
769 0.000000 0.000000 
770 0.000000 0.000000 
771 0.000000 0.000000 
772 0.000000 0.000000 
773 0.000000 0.000000 
774 0.000000 0.000000 
775 0.000000 0.000000 
776 0.000000 0.000000 
777 0.000000 0.000000 
778 0.000000 0.000000 
779 0.000000 0.000000 
780 0.000000 0.000000 
781 0.000000 0.000000 
782 0.000000 0.000000 
783 0.000000 0.000000 
784 0.000000 0.000000 
785 0.000000 0.000000 
786 0.000000 0.000000 
787 0.000000 0.000000 
788 0.000000 0.000000 
789 0.000000 0.000000 
790 0.000000 0.000000 
791 0.000000 0.000000 
792 0.000000 0.000000 
793 0.000000 0.000000 
794 0.000000 0.000000 
795 0.000000 0.000000 
796 0.000000 0.000000 
797 0.000000 0.000000 
798 0.000000 0.000000 
799 0.000000 0.000000 
800 0.000000 0.000000 
801 0.000000 0.000000 
802 0.000000 0.000000 
803 0.000000 0.000000 
804 0.000000 0.000000 
805 0.000000 0.000000 
806 0.000000 0.000000 
807 0.000000 0.000000 
808 0.000000 0.000000 
809 0.000000 0.000000 
810 0.000000 0.000000 
811 0.000000 0.000000 
812 0.000000 0.000000 
813 0.000000 0.000000 
814 0.000000 0.000000 
815 0.000000 0.000000 
816 0.000000 0.000000 
817 0.000000 0.000000 
818 0.000000 0.000000 
819 0.000000 0.000000 
820 0.000000 0.000000 
821 0.000000 0.000000 
822 0.000000 0.000000 
823 0.000000 0.000000 
824 0.000000 0.000000 
825 0.000000 0.000000 
826 0.000000 0.000000 
827 0.000000 0.000000 
828 0.000000 0.000000 
829 0.000000 0.000000 
830 0.000000 0.000000 
831 0.000000 0.000000 
832 0.000000 0.000000 
833 0.000000 0.000000 
834 0.000000 0.000000 
835 0.000000 0.000000 
836 0.000000 0.000000 
837 0.000000 0.000000 
838 0.000000 0.000000 
839 0.000000 0.000000 
840 0.000000 0.000000 
841 0.000000 0.000000 
842 0.000000 0.000000 
843 0.000000 0.000000 
844 0.000000 0.000000 
845 0.000000 0.000000 
846 0.000000 0.000000 
847 0.000000 0.000000 
848 0.000000 0.000000 
849 0.000000 0.000000 
850 0.000000 0.000000 
851 0.000000 0.000000 
852 0.000000 0.000000 
853 0.000000 0.000000 
854 0.000000 0.000000 
855 0.000000 0.000000 
856 0.000000 0.000000 
857 0.000000 0.000000 
858 0.000000 0.000000 
859 0.000000 0.000000 
860 0.000000 0.000000 
861 0.000000 0.000000 
862 0.000000 0.000000 
863 0.000000 0.000000 
864 0.000000 0.000000 
865 0.000000 0.000000 
866 0.000000 0.000000 
867 0.000000 0.000000 
868 0.000000 0.000000 
869 0.000000 0.000000 
870 0.000000 0.000000 
871 0.000000 0.000000 
872 0.000000 0.000000 
873 0.000000 0.000000 
874 0.000000 0.000000 
875 0.000000 0.000000 
876 0.000000 0.000000 
877 0.000000 0.000000 
878 0.000000 0.000000 
879 0.000000 0.000000 
880 0.000000 0.000000 
881 0.000000 0.000000 
882 0.000000 0.000000 
883 0.000000 0.000000 
884 0.000000 0.000000 
885 0.000000 0.000000 
886 0.000000 0.000000 
887 0.000000 0.000000 
888 0.000000 0.000000 
889 0.000000 0.000000 
890 0.000000 0.000000 
891 0.000000 0.000000 
892 0.000001 0.000000 
893 0.000001 0.000000 
894 0.000001 0.000000 
895 0.000001 0.000000 
896 0.000001 0.000000 
897 0.000001 0.000000 
898 0.000001 0.000000 
899 0.000001 0.000000 
900 0.000001 0.000000 
901 0.000001 0.000000 
902 0.000001 0.000000 
903 0.000001 0.000000 
904 0.000001 0.000000 
905 0.000001 0.000000 
906 0.000001 0.000000 
907 0.000001 0.000000 
908 0.000001 0.000000 
909 0.000001 0.000000 
910 0.000001 0.000000 
911 0.000001 0.000000 
912 0.000001 0.000000 
913 0.000001 0.000000 
914 0.000001 0.000000 
915 0.000002 0.000000 
916 0.000002 0.000000 
917 0.000002 0.000000 
918 0.000002 0.000000 
919 0.000002 0.000000 
920 0.000002 0.000000 
921 0.000002 0.000000 
922 0.000002 0.000000 
923 0.000002 0.000000 
924 0.000002 0.000000 
925 0.000002 0.000000 
926 0.000003 0.000000 
927 0.000003 0.000000 
928 0.000003 0.000000 
929 0.000003 0.000000 
930 0.000003 0.000000 
931 0.000003 0.000000 
932 0.000003 0.000000 
933 0.000004 0.000000 
934 0.000004 0.000000 
935 0.000004 0.000000 
936 0.000004 0.000000 
937 0.000004 0.000000 
938 0.000004 0.000000 
939 0.000005 0.000000 
940 0.000005 0.000000 
941 0.000005 0.000000 
942 0.000005 0.000000 
943 0.000006 0.000000 
944 0.000006 0.000000 
945 0.000006 0.000000 
946 0.000006 0.000000 
947 0.000007 0.000000 
948 0.000007 0.000000 
949 0.000007 0.000000 
950 0.000008 0.000000 
951 0.000008 0.000000 
952 0.000008 0.000000 
953 0.000009 0.000000 
954 0.000009 0.000000 
955 0.000009 0.000000 
956 0.000010 0.000000 
957 0.000010 0.000000 
958 0.000011 0.000000 
959 0.000011 0.000000 
960 0.000012 0.000000 
961 0.000012 0.000000 
962 0.000013 0.000000 
963 0.000013 0.000000 
964 0.000014 0.000000 
965 0.000015 0.000000 
966 0.000015 0.000000 
967 0.000016 0.000000 
968 0.000017 0.000000 
969 0.000017 0.000000 
970 0.000018 0.000000 
971 0.000019 0.000000 
972 0.000020 0.000000 
973 0.000021 0.000000 
974 0.000021 0.000000 
975 0.000022 0.000000 
976 0.000023 0.000000 
977 0.000024 0.000000 
978 0.000025 0.000000 
979 0.000027 0.000000 
980 0.000028 0.000000 
981 0.000029 0.000000 
982 0.000030 0.000000 
983 0.000031 0.000000 
984 0.000033 0.000000 
985 0.000034 0.000000 
986 0.000036 0.000000 
987 0.000037 0.000000 
988 0.000039 0.000000 
989 0.000040 0.000000 
990 0.000042 0.000000 
991 0.000044 0.000000 
992 0.000046 0.000000 
993 0.000048 0.000000 
994 0.000050 0.000000 
995 0.000052 0.000000 
996 0.000054 0.000000 
997 0.000056 0.000000 
998 0.000058 0.000000 
999 0.000061 0.000000 
1000 0.000063 0.000000 
1001 0.000066 0.000000 
1002 0.000069 0.000000 
1003 0.000072 0.000000 
1004 0.000075 0.000000 
1005 0.000078 0.000000 
1006 0.000081 0.000000 
1007 0.000084 0.000000 
1008 0.000088 0.000000 
1009 0.000091 0.000000 
1010 0.000095 0.000000 
1011 0.000099 0.000000 
1012 0.000103 0.000000 
1013 0.000107 0.000000 
1014 0.000112 0.000000 
1015 0.000116 0.000000 
1016 0.000121 0.000000 
1017 0.000126 0.000000 
1018 0.000131 0.000000 
1019 0.000136 0.000000 
1020 0.000141 0.000000 
1021 0.000147 0.000000 
1022 0.000153 0.000000 
1023 0.000159 0.000000 
1024 0.000166 0.000000 
1025 0.000172 0.000000 
1026 0.000179 0.000000 
1027 0.000186 0.000000 
1028 0.000194 0.000000 
1029 0.000201 0.000000 
1030 0.000209 0.000000 
1031 0.000217 0.000000 
1032 0.000226 0.000000 
1033 0.000235 0.000000 
1034 0.000244 0.000000 
1035 0.000254 0.000000 
1036 0.000264 0.000000 
1037 0.000274 0.000000 
1038 0.000285 0.000000 
1039 0.000296 0.000000 
1040 0.000307 0.000000 
1041 0.000319 0.000000 
1042 0.000331 0.000000 
1043 0.000344 0.000000 
1044 0.000358 0.000000 
1045 0.000371 0.000000 
1046 0.000386 0.000000 
1047 0.000400 0.000000 
1048 0.000416 0.000000 
1049 0.000432 0.000000 
1050 0.000448 0.000000 
1051 0.000465 0.000000 
1052 0.000483 0.000000 
1053 0.000501 0.000000 
1054 0.000520 0.000000 
1055 0.000540 0.000000 
1056 0.000560 0.000000 
1057 0.000581 0.000000 
1058 0.000603 0.000000 
1059 0.000626 0.000000 
1060 0.000649 0.000000 
1061 0.000673 0.000000 
1062 0.000698 0.000000 
1063 0.000724 0.000000 
1064 0.000751 0.000000 
1065 0.000779 0.000000 
1066 0.000808 0.000000 
1067 0.000838 0.000000 
1068 0.000869 0.000000 
1069 0.000901 0.000000 
1070 0.000934 0.000000 
1071 0.000968 0.000000 
1072 0.001004 0.000000 
1073 0.001040 0.000000 
1074 0.001078 0.000000 
1075 0.001117 0.000000 
1076 0.001158 0.000000 
1077 0.001200 0.000000 
1078 0.001243 0.000000 
1079 0.001288 0.000000 
1080 0.001335 0.000000 
1081 0.001383 0.000000 
1082 0.001432 0.000000 
1083 0.001484 0.000000 
1084 0.001537 0.000000 
1085 0.001592 0.000000 
1086 0.001648 0.000000 
1087 0.001707 0.000000 
1088 0.001767 0.000000 
1089 0.001830 0.000000 
1090 0.001895 0.000000 
1091 0.001961 0.000000 
1092 0.002030 0.000000 
1093 0.002102 0.000000 
1094 0.002175 0.000000 
1095 0.002251 0.000000 
1096 0.002330 0.000000 
1097 0.002411 0.000000 
1098 0.002495 0.000000 
1099 0.002582 0.000000 
1100 0.002671 0.000000 
1101 0.002763 0.000000 
1102 0.002859 0.000000 
1103 0.002957 0.000000 
1104 0.003059 0.000000 
1105 0.003163 0.000000 
1106 0.003272 0.000000 
1107 0.003383 0.000000 
1108 0.003499 0.000000 
1109 0.003618 0.000000 
1110 0.003740 0.000000 
1111 0.003867 0.000000 
1112 0.003998 0.000000 
1113 0.004132 0.000000 
1114 0.004271 0.000000 
1115 0.004415 0.000000 
1116 0.004563 0.000000 
1117 0.004715 0.000000 
1118 0.004872 0.000000 
1119 0.005035 0.000000 
1120 0.005202 0.000000 
1121 0.005374 0.000000 
1122 0.005552 0.000000 
1123 0.005735 0.000000 
1124 0.005924 0.000000 
1125 0.006119 0.000000 
1126 0.006320 0.000000 
1127 0.006527 0.000000 
1128 0.006740 0.000000 
1129 0.006960 0.000000 
1130 0.007186 0.000000 
1131 0.007419 0.000000 
1132 0.007659 0.000000 
1133 0.007907 0.000000 
1134 0.008162 0.000000 
1135 0.008424 0.000000 
1136 0.008695 0.000000 
1137 0.008973 0.000000 
1138 0.009260 0.000000 
1139 0.009555 0.000000 
1140 0.009859 0.000000 
1141 0.010172 0.000000 
1142 0.010494 0.000000 
1143 0.010826 0.000000 
1144 0.011167 0.000000 
1145 0.011519 0.000000 
1146 0.011880 0.000000 
1147 0.012253 0.000000 
1148 0.012636 0.000000 
1149 0.013030 0.000000 
1150 0.013435 0.000000 
1151 0.013852 0.000000 
1152 0.014281 0.000000 
1153 0.014723 0.000000 
1154 0.015177 0.000000 
1155 0.015644 0.000000 
1156 0.016124 0.000000 
1157 0.016618 0.000000 
1158 0.017125 0.000000 
1159 0.017647 0.000000 
1160 0.018184 0.000000 
1161 0.018736 0.000000 
1162 0.019303 0.000000 
1163 0.019886 0.000000 
1164 0.020485 0.000000 
1165 0.021101 0.000000 
1166 0.021734 0.000000 
1167 0.022385 0.000000 
1168 0.023053 0.000000 
1169 0.023740 0.000000 
1170 0.024445 0.000000 
1171 0.025170 0.000000 
1172 0.025914 0.000000 
1173 0.026679 0.000000 
1174 0.027464 0.000000 
1175 0.028270 0.000000 
1176 0.029099 0.000000 
1177 0.029949 0.000000 
1178 0.030822 0.000000 
1179 0.031718 0.000000 
1180 0.032639 0.000000 
1181 0.033584 0.000000 
1182 0.034553 0.000000 
1183 0.035549 0.000000 
1184 0.036570 0.000000 
1185 0.037618 0.000000 
1186 0.038694 0.000000 
1187 0.039798 0.000000 
1188 0.040930 0.000000 
1189 0.042092 0.000000 
1190 0.043284 0.000000 
1191 0.044506 0.000000 
1192 0.045760 0.000000 
1193 0.047046 0.000000 
1194 0.048365 0.000000 
1195 0.049718 0.000000 
1196 0.051105 0.000000 
1197 0.052527 0.000000 
1198 0.053985 0.000000 
1199 0.055479 0.000000 
1200 0.057011 0.000000 
1201 0.058582 0.000000 
1202 0.060192 0.000000 
1203 0.061841 0.000000 
1204 0.063532 0.000000 
1205 0.065264 0.000000 
1206 0.067039 0.000000 
1207 0.068857 0.000000 
1208 0.070721 0.000000 
1209 0.072629 0.000000 
1210 0.074584 0.000000 
1211 0.076586 0.000000 
1212 0.078637 0.000000 
1213 0.080737 0.000000 
1214 0.082888 0.000000 
1215 0.085090 0.000000 
1216 0.087345 0.000000 
1217 0.089653 0.000000 
1218 0.092017 0.000000 
1219 0.094436 0.000000 
1220 0.096912 0.000000 
1221 0.099446 0.000000 
1222 0.102039 0.000000 
1223 0.104693 0.000000 
1224 0.107409 0.000000 
1225 0.110188 0.000000 
1226 0.113031 0.000000 
1227 0.115939 0.000000 
1228 0.118914 0.000000 
1229 0.121957 0.000000 
1230 0.125070 0.000000 
1231 0.128253 0.000000 
1232 0.131508 0.000000 
1233 0.134837 0.000000 
1234 0.138241 0.000000 
1235 0.141721 0.000000 
1236 0.145278 0.000000 
1237 0.148915 0.000000 
1238 0.152633 0.000000 
1239 0.156432 0.000000 
1240 0.160315 0.000000 
1241 0.164284 0.000000 
1242 0.168339 0.000000 
1243 0.172483 0.000000 
1244 0.176717 0.000000 
1245 0.181042 0.000000 
1246 0.185461 0.000000 
1247 0.189974 0.000000 
1248 0.194584 0.000000 
1249 0.199292 0.000000 
1250 0.204101 0.000000 
1251 0.209011 0.000000 
1252 0.214025 0.000000 
1253 0.219144 0.000000 
1254 0.224370 0.000000 
1255 0.229706 0.000000 
1256 0.235152 0.000000 
1257 0.240711 0.000000 
1258 0.246385 0.000000 
1259 0.252175 0.000000 
1260 0.258084 0.000000 
1261 0.264113 0.000000 
1262 0.270264 0.000000 
1263 0.276541 0.000000 
1264 0.282943 0.000000 
1265 0.289475 0.000000 
1266 0.296136 0.000000 
1267 0.302931 0.000000 
1268 0.309860 0.000000 
1269 0.316927 0.000000 
1270 0.324132 0.000000 
1271 0.331479 0.000000 
1272 0.338969 0.000000 
1273 0.346605 0.000000 
1274 0.354389 0.000000 
1275 0.362323 0.000000 
1276 0.370409 0.000000 
1277 0.378650 0.000000 
1278 0.387048 0.000000 
1279 0.395606 0.000000 
1280 0.404325 0.000000 
1281 0.413208 0.000000 
1282 0.422258 0.000000 
1283 0.431476 0.000000 
1284 0.440866 0.000000 
1285 0.450430 0.000000 
1286 0.460169 0.000000 
1287 0.470087 0.000000 
1288 0.480187 0.000000 
1289 0.490470 0.000000 
1290 0.500939 0.000000 
1291 0.511597 0.000000 
1292 0.522446 0.000000 
1293 0.533489 0.000000 
1294 0.544728 0.000000 
1295 0.556166 0.000000 
1296 0.567806 0.000000 
1297 0.579650 0.000000 
1298 0.591700 0.000000 
1299 0.603960 0.000000 
1300 0.616433 0.000000 
1301 0.629120 0.000000 
1302 0.642024 0.000000 
1303 0.655149 0.000000 
1304 0.668496 0.000000 
1305 0.682069 0.000000 
1306 0.695870 0.000000 
1307 0.709902 0.000000 
1308 0.724168 0.000000 
1309 0.738670 0.000000 
1310 0.753412 0.000000 
1311 0.768395 0.000000 
1312 0.783623 0.000000 
1313 0.799099 0.000000 
1314 0.814825 0.000000 
1315 0.830803 0.000000 
1316 0.847038 0.000000 
1317 0.863531 0.000000 
1318 0.880285 0.000000 
1319 0.897303 0.000000 
1320 0.914588 0.000000 
1321 0.932143 0.000000 
1322 0.949970 0.000000 
1323 0.968072 0.000000 
1324 0.986452 0.000000 
1325 1.005112 0.000000 
1326 1.024056 0.000000 
1327 1.043286 0.000000 
1328 1.062804 0.000000 
1329 1.082615 0.000000 
1330 1.102719 0.000000 
1331 1.123121 0.000000 
1332 1.143822 0.000000 
1333 1.164825 0.000000 
1334 1.186134 0.000000 
1335 1.207750 0.000000 
1336 1.229676 0.000000 
1337 1.251915 0.000000 
1338 1.274470 0.000000 
1339 1.297343 0.000000 
1340 1.320537 0.000000 
1341 1.344053 0.000000 
1342 1.367896 0.000000 
1343 1.392067 0.000000 
1344 1.416568 0.000000 
1345 1.441403 0.000000 
1346 1.466574 0.000000 
1347 1.492082 0.000000 
1348 1.517931 0.000000 
1349 1.544123 0.000000 
1350 1.570660 0.000000 
1351 1.597544 0.000000 
1352 1.624778 0.000000 
1353 1.652363 0.000000 
1354 1.680303 0.000000 
1355 1.708599 0.000000 
1356 1.737253 0.000000 
1357 1.766268 0.000000 
1358 1.795645 0.000000 
1359 1.825387 0.000000 
1360 1.855495 0.000000 
1361 1.885972 0.000000 
1362 1.916818 0.000000 
1363 1.948037 0.000000 
1364 1.979629 0.000000 
1365 2.011597 0.000000 
1366 2.043942 0.000000 
1367 2.076666 0.000000 
1368 2.109771 0.000000 
1369 2.143257 0.000000 
1370 2.177127 0.000000 
1371 2.211381 0.000000 
1372 2.246022 0.000000 
1373 2.281050 0.000000 
1374 2.316467 0.000000 
1375 2.352274 0.000000 
1376 2.388472 0.000000 
1377 2.425062 0.000000 
1378 2.462045 0.000000 
1379 2.499422 0.000000 
1380 2.537194 0.000000 
1381 2.575361 0.000000 
1382 2.613925 0.000000 
1383 2.652886 0.000000 
1384 2.692245 0.000000 
1385 2.732001 0.000000 
1386 2.772157 0.000000 
1387 2.812711 0.000000 
1388 2.853664 0.000000 
1389 2.895016 0.000000 
1390 2.936768 0.000000 
1391 2.978920 0.000000 
1392 3.021471 0.000000 
1393 3.064421 0.000000 
1394 3.107771 0.000000 
1395 3.151519 0.000000 
1396 3.195666 0.000000 
1397 3.240211 0.000000 
1398 3.285153 0.000000 
1399 3.330493 0.000000 
1400 3.376228 0.000000 
1401 3.422358 0.000000 
1402 3.468883 0.000000 
1403 3.515802 0.000000 
1404 3.563112 0.000000 
1405 3.610814 0.000000 
1406 3.658905 0.000000 
1407 3.707384 0.000000 
1408 3.756251 0.000000 
1409 3.805502 0.000000 
1410 3.855137 0.000000 
1411 3.905154 0.000000 
1412 3.955551 0.000000 
1413 4.006326 0.000000 
1414 4.057476 0.000000 
1415 4.109000 0.000000 
1416 4.160895 0.000000 
1417 4.213160 0.000000 
1418 4.265790 0.000000 
1419 4.318784 0.000000 
1420 4.372139 0.000000 
1421 4.425852 0.000000 
1422 4.479920 0.000000 
1423 4.534341 0.000000 
1424 4.589110 0.000000 
1425 4.644225 0.000000 
1426 4.699682 0.000000 
1427 4.755478 0.000000 
1428 4.811609 0.000000 
1429 4.868072 0.000000 
1430 4.924862 0.000000 
1431 4.981976 0.000000 
1432 5.039409 0.000000 
1433 5.097157 0.000000 
1434 5.155217 0.000000 
1435 5.213584 0.000000 
1436 5.272252 0.000000 
1437 5.331218 0.000000 
1438 5.390477 0.000000 
1439 5.450024 0.000000 
1440 5.509854 0.000000 
1441 5.569962 0.000000 
1442 5.630343 0.000000 
1443 5.690991 0.000000 
1444 5.751901 0.000000 
1445 5.813067 0.000000 
1446 5.874485 0.000000 
1447 5.936147 0.000000 
1448 5.998049 0.000000 
1449 6.060184 0.000000 
1450 6.122547 0.000000 
1451 6.185130 0.000000 
1452 6.247928 0.000000 
1453 6.310934 0.000000 
1454 6.374142 0.000000 
1455 6.437546 0.000000 
1456 6.501137 0.000000 
1457 6.564911 0.000000 
1458 6.628859 0.000000 
1459 6.692974 0.000000 
1460 6.757251 0.000000 
1461 6.821680 0.000000 
1462 6.886255 0.000000 
1463 6.950969 0.000000 
1464 7.015814 0.000000 
1465 7.080782 0.000000 
1466 7.145865 0.000000 
1467 7.211056 0.000000 
1468 7.276347 0.000000 
1469 7.341730 0.000000 
1470 7.407196 0.000000 
1471 7.472738 0.000000 
1472 7.538347 0.000000 
1473 7.604015 0.000000 
1474 7.669733 0.000000 
1475 7.735492 0.000000 
1476 7.801285 0.000000 
1477 7.867103 0.000000 
1478 7.932936 0.000000 
1479 7.998776 0.000000 
1480 8.064613 0.000000 
1481 8.130440 0.000000 
1482 8.196246 0.000000 
1483 8.262023 0.000000 
1484 8.327761 0.000000 
1485 8.393452 0.000000 
1486 8.459085 0.000000 
1487 8.524651 0.000000 
1488 8.590142 0.000000 
1489 8.655547 0.000000 
1490 8.720856 0.000000 
1491 8.786061 0.000000 
1492 8.851151 0.000000 
1493 8.916116 0.000000 
1494 8.980948 0.000000 
1495 9.045636 0.000000 
1496 9.110170 0.000000 
1497 9.174540 0.000000 
1498 9.238736 0.000000 
1499 9.302749 0.000000 
1500 9.366569 0.000000 
1501 9.430184 0.000000 
1502 9.493586 0.000000 
1503 9.556764 0.000000 
1504 9.619709 0.000000 
1505 9.682409 0.000000 
1506 9.744855 0.000000 
1507 9.807036 0.000000 
1508 9.868943 0.000000 
1509 9.930565 0.000000 
1510 9.991893 0.000000 
1511 10.052915 0.000000 
1512 10.113622 0.000000 
1513 10.174003 0.000000 
1514 10.234049 0.000000 
1515 10.293748 0.000000 
1516 10.353092 0.000000 
1517 10.412070 0.000000 
1518 10.470671 0.000000 
1519 10.528886 0.000000 
1520 10.586704 0.000000 
1521 10.644116 0.000000 
1522 10.701111 0.000000 
1523 10.757680 0.000000 
1524 10.813812 0.000000 
1525 10.869498 0.000000 
1526 10.924727 0.000000 
1527 10.979489 0.000000 
1528 11.033776 0.000000 
1529 11.087577 0.000000 
1530 11.140882 0.000000 
1531 11.193683 0.000000 
1532 11.245968 0.000000 
1533 11.297729 0.000000 
1534 11.348956 0.000000 
1535 11.399641 0.000000 
1536 11.449772 0.000000 
1537 11.499342 0.000000 
1538 11.548341 0.000000 
1539 11.596759 0.000000 
1540 11.644589 0.000000 
1541 11.691820 0.000000 
1542 11.738445 0.000000 
1543 11.784454 0.000000 
1544 11.829838 0.000000 
1545 11.874589 0.000000 
1546 11.918699 0.000000 
1547 11.962159 0.000000 
1548 12.004961 0.000000 
1549 12.047096 0.000000 
1550 12.088557 0.000000 
1551 12.129336 0.000000 
1552 12.169424 0.000000 
1553 12.208814 0.000000 
1554 12.247499 0.000000 
1555 12.285470 0.000000 
1556 12.322721 0.000000 
1557 12.359244 0.000000 
1558 12.395032 0.000000 
1559 12.430078 0.000000 
1560 12.464375 0.000000 
1561 12.497916 0.000000 
1562 12.530696 0.000000 
1563 12.562707 0.000000 
1564 12.593942 0.000000 
1565 12.624397 0.000000 
1566 12.654065 0.000000 
1567 12.682939 0.000000 
1568 12.711015 0.000000 
1569 12.738286 0.000000 
1570 12.764747 0.000000 
1571 12.790394 0.000000 
1572 12.815219 0.000000 
1573 12.839220 0.000000 
1574 12.862391 0.000000 
1575 12.884727 0.000000 
1576 12.906224 0.000000 
1577 12.926877 0.000000 
1578 12.946682 0.000000 
1579 12.965636 0.000000 
1580 12.983734 0.000000 
1581 13.000974 0.000000 
1582 13.017350 0.000000 
1583 13.032861 0.000000 
1584 13.047502 0.000000 
1585 13.061271 0.000000 
1586 13.074166 0.000000 
1587 13.086183 0.000000 
1588 13.097319 0.000000 
1589 13.107574 0.000000 
1590 13.116945 0.000000 
1591 13.125429 0.000000 
1592 13.133025 0.000000 
1593 13.139732 0.000000 
1594 13.145548 0.000000 
1595 13.150472 0.000000 
1596 13.154502 0.000000 
1597 13.157639 0.000000 
1598 13.159882 0.000000 
1599 13.161229 0.000000 
1600 13.161682 0.000000 
1601 13.161238 0.000000 
1602 13.159900 0.000000 
1603 13.157667 0.000000 
1604 13.154539 0.000000 
1605 13.150517 0.000000 
1606 13.145602 0.000000 
1607 13.139796 0.000000 
1608 13.133098 0.000000 
1609 13.125511 0.000000 
1610 13.117035 0.000000 
1611 13.107674 0.000000 
1612 13.097428 0.000000 
1613 13.086300 0.000000 
1614 13.074292 0.000000 
1615 13.061407 0.000000 
1616 13.047646 0.000000 
1617 13.033013 0.000000 
1618 13.017512 0.000000 
1619 13.001144 0.000000 
1620 12.983913 0.000000 
1621 12.965823 0.000000 
1622 12.946878 0.000000 
1623 12.927081 0.000000 
1624 12.906436 0.000000 
1625 12.884947 0.000000 
1626 12.862619 0.000000 
1627 12.839457 0.000000 
1628 12.815464 0.000000 
1629 12.790646 0.000000 
1630 12.765008 0.000000 
1631 12.738554 0.000000 
1632 12.711291 0.000000 
1633 12.683222 0.000000 
1634 12.654356 0.000000 
1635 12.624695 0.000000 
1636 12.594248 0.000000 
1637 12.563019 0.000000 
1638 12.531016 0.000000 
1639 12.498243 0.000000 
1640 12.464708 0.000000 
1641 12.430418 0.000000 
1642 12.395378 0.000000 
1643 12.359597 0.000000 
1644 12.323080 0.000000 
1645 12.285836 0.000000 
1646 12.247871 0.000000 
1647 12.209192 0.000000 
1648 12.169808 0.000000 
1649 12.129726 0.000000 
1650 12.088953 0.000000 
1651 12.047498 0.000000 
1652 12.005368 0.000000 
1653 11.962571 0.000000 
1654 11.919116 0.000000 
1655 11.875012 0.000000 
1656 11.830265 0.000000 
1657 11.784886 0.000000 
1658 11.738881 0.000000 
1659 11.692261 0.000000 
1660 11.645034 0.000000 
1661 11.597209 0.000000 
1662 11.548794 0.000000 
1663 11.499800 0.000000 
1664 11.450234 0.000000 
1665 11.400106 0.000000 
1666 11.349425 0.000000 
1667 11.298201 0.000000 
1668 11.246443 0.000000 
1669 11.194161 0.000000 
1670 11.141364 0.000000 
1671 11.088061 0.000000 
1672 11.034263 0.000000 
1673 10.979979 0.000000 
1674 10.925218 0.000000 
1675 10.869991 0.000000 
1676 10.814308 0.000000 
1677 10.758178 0.000000 
1678 10.701611 0.000000 
1679 10.644617 0.000000 
1680 10.587207 0.000000 
1681 10.529390 0.000000 
1682 10.471176 0.000000 
1683 10.412576 0.000000 
1684 10.353599 0.000000 
1685 10.294256 0.000000 
1686 10.234557 0.000000 
1687 10.174512 0.000000 
1688 10.114131 0.000000 
1689 10.053424 0.000000 
1690 9.992402 0.000000 
1691 9.931075 0.000000 
1692 9.869452 0.000001 
1693 9.807545 0.000001 
1694 9.745363 0.000001 
1695 9.682917 0.000001 
1696 9.620216 0.000001 
1697 9.557271 0.000001 
1698 9.494092 0.000001 
1699 9.430688 0.000001 
1700 9.367072 0.000001 
1701 9.303251 0.000001 
1702 9.239236 0.000001 
1703 9.175038 0.000001 
1704 9.110666 0.000001 
1705 9.046130 0.000001 
1706 8.981440 0.000001 
1707 8.916607 0.000001 
1708 8.851639 0.000001 
1709 8.786546 0.000001 
1710 8.721339 0.000001 
1711 8.656027 0.000001 
1712 8.590620 0.000001 
1713 8.525127 0.000001 
1714 8.459557 0.000001 
1715 8.393921 0.000002 
1716 8.328227 0.000002 
1717 8.262486 0.000002 
1718 8.196706 0.000002 
1719 8.130896 0.000002 
1720 8.065066 0.000002 
1721 7.999224 0.000002 
1722 7.933381 0.000002 
1723 7.867544 0.000002 
1724 7.801723 0.000002 
1725 7.735926 0.000002 
1726 7.670162 0.000003 
1727 7.604440 0.000003 
1728 7.538768 0.000003 
1729 7.473155 0.000003 
1730 7.407608 0.000003 
1731 7.342138 0.000003 
1732 7.276750 0.000003 
1733 7.211455 0.000004 
1734 7.146259 0.000004 
1735 7.081171 0.000004 
1736 7.016198 0.000004 
1737 6.951349 0.000004 
1738 6.886630 0.000004 
1739 6.822050 0.000005 
1740 6.757615 0.000005 
1741 6.693334 0.000005 
1742 6.629213 0.000005 
1743 6.565260 0.000006 
1744 6.501482 0.000006 
1745 6.437885 0.000006 
1746 6.374476 0.000006 
1747 6.311263 0.000007 
1748 6.248251 0.000007 
1749 6.185448 0.000007 
1750 6.122859 0.000008 
1751 6.060491 0.000008 
1752 5.998351 0.000008 
1753 5.936443 0.000009 
1754 5.874775 0.000009 
1755 5.813352 0.000009 
1756 5.752180 0.000010 
1757 5.691264 0.000010 
1758 5.630611 0.000011 
1759 5.570224 0.000011 
1760 5.510111 0.000012 
1761 5.450275 0.000012 
1762 5.390723 0.000013 
1763 5.331458 0.000013 
1764 5.272486 0.000014 
1765 5.213812 0.000015 
1766 5.155440 0.000015 
1767 5.097375 0.000016 
1768 5.039620 0.000017 
1769 4.982181 0.000017 
1770 4.925062 0.000018 
1771 4.868267 0.000019 
1772 4.811798 0.000020 
1773 4.755662 0.000020 
1774 4.699860 0.000021 
1775 4.644397 0.000022 
1776 4.589277 0.000023 
1777 4.534502 0.000024 
1778 4.480076 0.000025 
1779 4.426003 0.000026 
1780 4.372284 0.000028 
1781 4.318924 0.000029 
1782 4.265924 0.000030 
1783 4.213288 0.000031 
1784 4.161019 0.000033 
1785 4.109118 0.000034 
1786 4.057589 0.000035 
1787 4.006433 0.000037 
1788 3.955654 0.000039 
1789 3.905252 0.000040 
1790 3.855230 0.000042 
1791 3.805589 0.000044 
1792 3.756333 0.000045 
1793 3.707461 0.000047 
1794 3.658977 0.000049 
1795 3.610881 0.000051 
1796 3.563175 0.000054 
1797 3.515859 0.000056 
1798 3.468936 0.000058 
1799 3.422407 0.000061 
1800 3.376272 0.000063 
1801 3.330532 0.000066 
1802 3.285188 0.000069 
1803 3.240241 0.000071 
1804 3.195692 0.000074 
1805 3.151540 0.000077 
1806 3.107788 0.000081 
1807 3.064434 0.000084 
1808 3.021479 0.000087 
1809 2.978924 0.000091 
1810 2.936768 0.000095 
1811 2.895012 0.000099 
1812 2.853656 0.000103 
1813 2.812699 0.000107 
1814 2.772141 0.000111 
1815 2.731982 0.000116 
1816 2.692221 0.000120 
1817 2.652859 0.000125 
1818 2.613895 0.000130 
1819 2.575327 0.000136 
1820 2.537156 0.000141 
1821 2.499381 0.000147 
1822 2.462000 0.000153 
1823 2.425014 0.000159 
1824 2.388421 0.000165 
1825 2.352220 0.000172 
1826 2.316410 0.000179 
1827 2.280990 0.000186 
1828 2.245958 0.000193 
1829 2.211315 0.000201 
1830 2.177057 0.000209 
1831 2.143185 0.000217 
1832 2.109696 0.000225 
1833 2.076589 0.000234 
1834 2.043862 0.000244 
1835 2.011514 0.000253 
1836 1.979544 0.000263 
1837 1.947949 0.000273 
1838 1.916728 0.000284 
1839 1.885879 0.000295 
1840 1.855401 0.000306 
1841 1.825290 0.000318 
1842 1.795546 0.000331 
1843 1.766167 0.000343 
1844 1.737150 0.000357 
1845 1.708494 0.000370 
1846 1.680196 0.000385 
1847 1.652255 0.000399 
1848 1.624667 0.000415 
1849 1.597432 0.000431 
1850 1.570546 0.000447 
1851 1.544007 0.000464 
1852 1.517814 0.000482 
1853 1.491964 0.000500 
1854 1.466454 0.000519 
1855 1.441282 0.000539 
1856 1.416446 0.000559 
1857 1.391943 0.000580 
1858 1.367771 0.000602 
1859 1.343927 0.000624 
1860 1.320410 0.000648 
1861 1.297215 0.000672 
1862 1.274341 0.000697 
1863 1.251785 0.000723 
1864 1.229545 0.000750 
1865 1.207618 0.000778 
1866 1.186001 0.000806 
1867 1.164692 0.000836 
1868 1.143688 0.000867 
1869 1.122986 0.000899 
1870 1.102584 0.000932 
1871 1.082479 0.000966 
1872 1.062668 0.001002 
1873 1.043149 0.001038 
1874 1.023919 0.001076 
1875 1.004975 0.001115 
1876 0.986314 0.001156 
1877 0.967934 0.001198 
1878 0.949832 0.001241 
1879 0.932005 0.001286 
1880 0.914450 0.001332 
1881 0.897165 0.001380 
1882 0.880147 0.001430 
1883 0.863392 0.001481 
1884 0.846899 0.001534 
1885 0.830665 0.001589 
1886 0.814686 0.001645 
1887 0.798961 0.001704 
1888 0.783485 0.001764 
1889 0.768258 0.001827 
1890 0.753274 0.001891 
1891 0.738533 0.001958 
1892 0.724031 0.002027 
1893 0.709766 0.002098 
1894 0.695734 0.002172 
1895 0.681933 0.002248 
1896 0.668360 0.002326 
1897 0.655013 0.002407 
1898 0.641889 0.002491 
1899 0.628985 0.002577 
1900 0.616299 0.002667 
1901 0.603827 0.002759 
1902 0.591568 0.002854 
1903 0.579518 0.002952 
1904 0.567674 0.003054 
1905 0.556035 0.003158 
1906 0.544598 0.003267 
1907 0.533359 0.003378 
1908 0.522317 0.003493 
1909 0.511469 0.003612 
1910 0.500812 0.003735 
1911 0.490344 0.003861 
1912 0.480061 0.003992 
1913 0.469963 0.004126 
1914 0.460045 0.004265 
1915 0.450306 0.004408 
1916 0.440744 0.004556 
1917 0.431355 0.004708 
1918 0.422137 0.004866 
1919 0.413088 0.005028 
1920 0.404206 0.005195 
1921 0.395488 0.005367 
1922 0.386931 0.005544 
1923 0.378534 0.005728 
1924 0.370294 0.005916 
1925 0.362209 0.006111 
1926 0.354276 0.006311 
1927 0.346493 0.006518 
1928 0.338858 0.006731 
1929 0.331369 0.006950 
1930 0.324023 0.007176 
1931 0.316819 0.007409 
1932 0.309753 0.007649 
1933 0.302825 0.007897 
1934 0.296031 0.008151 
1935 0.289371 0.008414 
1936 0.282840 0.008684 
1937 0.276439 0.008962 
1938 0.270164 0.009248 
1939 0.264013 0.009543 
1940 0.257985 0.009847 
1941 0.252077 0.010160 
1942 0.246288 0.010482 
1943 0.240615 0.010813 
1944 0.235057 0.011154 
1945 0.229612 0.011505 
1946 0.224278 0.011867 
1947 0.219053 0.012239 
1948 0.213935 0.012621 
1949 0.208922 0.013015 
1950 0.204013 0.013420 
1951 0.199205 0.013837 
1952 0.194498 0.014266 
1953 0.189889 0.014707 
1954 0.185377 0.015160 
1955 0.180959 0.015627 
1956 0.176635 0.016107 
1957 0.172402 0.016600 
1958 0.168260 0.017107 
1959 0.164205 0.017629 
1960 0.160238 0.018165 
1961 0.156356 0.018717 
1962 0.152557 0.019283 
1963 0.148841 0.019866 
1964 0.145205 0.020465 
1965 0.141648 0.021080 
1966 0.138169 0.021713 
1967 0.134767 0.022363 
1968 0.131439 0.023031 
1969 0.128185 0.023717 
1970 0.125002 0.024422 
1971 0.121891 0.025146 
1972 0.118849 0.025890 
1973 0.115874 0.026654 
1974 0.112967 0.027439 
1975 0.110125 0.028245 
1976 0.107347 0.029072 
1977 0.104632 0.029922 
1978 0.101979 0.030795 
1979 0.099387 0.031691 
1980 0.096854 0.032610 
1981 0.094378 0.033554 
1982 0.091960 0.034524 
1983 0.089598 0.035518 
1984 0.087291 0.036539 
1985 0.085037 0.037587 
1986 0.082835 0.038662 
1987 0.080686 0.039765 
1988 0.078586 0.040897 
1989 0.076536 0.042058 
1990 0.074535 0.043249 
1991 0.072580 0.044471 
1992 0.070673 0.045724 
1993 0.068810 0.047010 
1994 0.066993 0.048328 
1995 0.065219 0.049680 
1996 0.063487 0.051066 
1997 0.061797 0.052487 
1998 0.060148 0.053945 
1999 0.058540 0.055439 
2000 0.056970 0.056970 
2001 0.055439 0.058540 
2002 0.053945 0.060148 
2003 0.052487 0.061797 
2004 0.051066 0.063487 
2005 0.049680 0.065219 
2006 0.048328 0.066993 
2007 0.047010 0.068810 
2008 0.045724 0.070673 
2009 0.044471 0.072580 
2010 0.043249 0.074535 
2011 0.042058 0.076536 
2012 0.040897 0.078586 
2013 0.039765 0.080686 
2014 0.038662 0.082835 
2015 0.037587 0.085037 
2016 0.036539 0.087291 
2017 0.035518 0.089598 
2018 0.034524 0.091960 
2019 0.033554 0.094378 
2020 0.032610 0.096854 
2021 0.031691 0.099387 
2022 0.030795 0.101979 
2023 0.029922 0.104632 
2024 0.029072 0.107347 
2025 0.028245 0.110125 
2026 0.027439 0.112967 
2027 0.026654 0.115874 
2028 0.025890 0.118849 
2029 0.025146 0.121891 
2030 0.024422 0.125002 
2031 0.023717 0.128185 
2032 0.023031 0.131439 
2033 0.022363 0.134767 
2034 0.021713 0.138169 
2035 0.021080 0.141648 
2036 0.020465 0.145205 
2037 0.019866 0.148841 
2038 0.019283 0.152557 
2039 0.018717 0.156356 
2040 0.018165 0.160238 
2041 0.017629 0.164205 
2042 0.017107 0.168260 
2043 0.016600 0.172402 
2044 0.016107 0.176635 
2045 0.015627 0.180959 
2046 0.015160 0.185377 
2047 0.014707 0.189889 
2048 0.014266 0.194498 
2049 0.013837 0.199205 
2050 0.013420 0.204013 
2051 0.013015 0.208922 
2052 0.012621 0.213935 
2053 0.012239 0.219053 
2054 0.011867 0.224278 
2055 0.011505 0.229612 
2056 0.011154 0.235057 
2057 0.010813 0.240615 
2058 0.010482 0.246288 
2059 0.010160 0.252077 
2060 0.009847 0.257985 
2061 0.009543 0.264013 
2062 0.009248 0.270164 
2063 0.008962 0.276439 
2064 0.008684 0.282840 
2065 0.008414 0.289371 
2066 0.008151 0.296031 
2067 0.007897 0.302825 
2068 0.007649 0.309753 
2069 0.007409 0.316819 
2070 0.007176 0.324023 
2071 0.006950 0.331369 
2072 0.006731 0.338858 
2073 0.006518 0.346493 
2074 0.006311 0.354276 
2075 0.006111 0.362209 
2076 0.005916 0.370294 
2077 0.005728 0.378534 
2078 0.005544 0.386931 
2079 0.005367 0.395488 
2080 0.005195 0.404206 
2081 0.005028 0.413088 
2082 0.004866 0.422137 
2083 0.004708 0.431355 
2084 0.004556 0.440744 
2085 0.004408 0.450306 
2086 0.004265 0.460045 
2087 0.004126 0.469963 
2088 0.003992 0.480061 
2089 0.003861 0.490344 
2090 0.003735 0.500812 
2091 0.003612 0.511469 
2092 0.003493 0.522317 
2093 0.003378 0.533359 
2094 0.003267 0.544598 
2095 0.003158 0.556035 
2096 0.003054 0.567674 
2097 0.002952 0.579518 
2098 0.002854 0.591568 
2099 0.002759 0.603827 
2100 0.002667 0.616299 
2101 0.002577 0.628985 
2102 0.002491 0.641889 
2103 0.002407 0.655013 
2104 0.002326 0.668360 
2105 0.002248 0.681933 
2106 0.002172 0.695734 
2107 0.002098 0.709766 
2108 0.002027 0.724031 
2109 0.001958 0.738533 
2110 0.001891 0.753274 
2111 0.001827 0.768258 
2112 0.001764 0.783485 
2113 0.001704 0.798961 
2114 0.001645 0.814686 
2115 0.001589 0.830665 
2116 0.001534 0.846899 
2117 0.001481 0.863392 
2118 0.001430 0.880147 
2119 0.001380 0.897165 
2120 0.001332 0.914450 
2121 0.001286 0.932005 
2122 0.001241 0.949832 
2123 0.001198 0.967934 
2124 0.001156 0.986314 
2125 0.001115 1.004975 
2126 0.001076 1.023919 
2127 0.001038 1.043149 
2128 0.001002 1.062668 
2129 0.000966 1.082479 
2130 0.000932 1.102584 
2131 0.000899 1.122986 
2132 0.000867 1.143688 
2133 0.000836 1.164692 
2134 0.000806 1.186001 
2135 0.000778 1.207618 
2136 0.000750 1.229545 
2137 0.000723 1.251785 
2138 0.000697 1.274341 
2139 0.000672 1.297215 
2140 0.000648 1.320410 
2141 0.000624 1.343927 
2142 0.000602 1.367771 
2143 0.000580 1.391943 
2144 0.000559 1.416446 
2145 0.000539 1.441282 
2146 0.000519 1.466454 
2147 0.000500 1.491964 
2148 0.000482 1.517814 
2149 0.000464 1.544007 
2150 0.000447 1.570546 
2151 0.000431 1.597432 
2152 0.000415 1.624667 
2153 0.000399 1.652255 
2154 0.000385 1.680196 
2155 0.000370 1.708494 
2156 0.000357 1.737150 
2157 0.000343 1.766167 
2158 0.000331 1.795546 
2159 0.000318 1.825290 
2160 0.000306 1.855401 
2161 0.000295 1.885879 
2162 0.000284 1.916728 
2163 0.000273 1.947949 
2164 0.000263 1.979544 
2165 0.000253 2.011514 
2166 0.000244 2.043862 
2167 0.000234 2.076589 
2168 0.000225 2.109696 
2169 0.000217 2.143185 
2170 0.000209 2.177057 
2171 0.000201 2.211315 
2172 0.000193 2.245958 
2173 0.000186 2.280990 
2174 0.000179 2.316410 
2175 0.000172 2.352220 
2176 0.000165 2.388421 
2177 0.000159 2.425014 
2178 0.000153 2.462000 
2179 0.000147 2.499381 
2180 0.000141 2.537156 
2181 0.000136 2.575327 
2182 0.000130 2.613895 
2183 0.000125 2.652859 
2184 0.000120 2.692221 
2185 0.000116 2.731982 
2186 0.000111 2.772141 
2187 0.000107 2.812699 
2188 0.000103 2.853656 
2189 0.000099 2.895012 
2190 0.000095 2.936768 
2191 0.000091 2.978924 
2192 0.000087 3.021479 
2193 0.000084 3.064434 
2194 0.000081 3.107788 
2195 0.000077 3.151540 
2196 0.000074 3.195692 
2197 0.000071 3.240241 
2198 0.000069 3.285188 
2199 0.000066 3.330532 
2200 0.000063 3.376272 
2201 0.000061 3.422407 
2202 0.000058 3.468936 
2203 0.000056 3.515859 
2204 0.000054 3.563175 
2205 0.000051 3.610881 
2206 0.000049 3.658977 
2207 0.000047 3.707461 
2208 0.000045 3.756333 
2209 0.000044 3.805589 
2210 0.000042 3.855230 
2211 0.000040 3.905252 
2212 0.000039 3.955654 
2213 0.000037 4.006433 
2214 0.000035 4.057589 
2215 0.000034 4.109118 
2216 0.000033 4.161019 
2217 0.000031 4.213288 
2218 0.000030 4.265924 
2219 0.000029 4.318924 
2220 0.000028 4.372284 
2221 0.000026 4.426003 
2222 0.000025 4.480076 
2223 0.000024 4.534502 
2224 0.000023 4.589277 
2225 0.000022 4.644397 
2226 0.000021 4.699860 
2227 0.000020 4.755662 
2228 0.000020 4.811798 
2229 0.000019 4.868267 
2230 0.000018 4.925062 
2231 0.000017 4.982181 
2232 0.000017 5.039620 
2233 0.000016 5.097375 
2234 0.000015 5.155440 
2235 0.000015 5.213812 
2236 0.000014 5.272486 
2237 0.000013 5.331458 
2238 0.000013 5.390723 
2239 0.000012 5.450275 
2240 0.000012 5.510111 
2241 0.000011 5.570224 
2242 0.000011 5.630611 
2243 0.000010 5.691264 
2244 0.000010 5.752180 
2245 0.000009 5.813352 
2246 0.000009 5.874775 
2247 0.000009 5.936443 
2248 0.000008 5.998351 
2249 0.000008 6.060491 
2250 0.000008 6.122859 
2251 0.000007 6.185448 
2252 0.000007 6.248251 
2253 0.000007 6.311263 
2254 0.000006 6.374476 
2255 0.000006 6.437885 
2256 0.000006 6.501482 
2257 0.000006 6.565260 
2258 0.000005 6.629213 
2259 0.000005 6.693334 
2260 0.000005 6.757615 
2261 0.000005 6.822050 
2262 0.000004 6.886630 
2263 0.000004 6.951349 
2264 0.000004 7.016198 
2265 0.000004 7.081171 
2266 0.000004 7.146259 
2267 0.000004 7.211455 
2268 0.000003 7.276750 
2269 0.000003 7.342138 
2270 0.000003 7.407608 
2271 0.000003 7.473155 
2272 0.000003 7.538768 
2273 0.000003 7.604440 
2274 0.000003 7.670162 
2275 0.000002 7.735926 
2276 0.000002 7.801723 
2277 0.000002 7.867544 
2278 0.000002 7.933381 
2279 0.000002 7.999224 
2280 0.000002 8.065066 
2281 0.000002 8.130896 
2282 0.000002 8.196706 
2283 0.000002 8.262486 
2284 0.000002 8.328227 
2285 0.000002 8.393921 
2286 0.000001 8.459557 
2287 0.000001 8.525127 
2288 0.000001 8.590620 
2289 0.000001 8.656027 
2290 0.000001 8.721339 
2291 0.000001 8.786546 
2292 0.000001 8.851639 
2293 0.000001 8.916607 
2294 0.000001 8.981440 
2295 0.000001 9.046130 
2296 0.000001 9.110666 
2297 0.000001 9.175038 
2298 0.000001 9.239236 
2299 0.000001 9.303251 
2300 0.000001 9.367072 
2301 0.000001 9.430688 
2302 0.000001 9.494092 
2303 0.000001 9.557271 
2304 0.000001 9.620216 
2305 0.000001 9.682917 
2306 0.000001 9.745363 
2307 0.000001 9.807545 
2308 0.000001 9.869452 
2309 0.000000 9.931075 
2310 0.000000 9.992402 
2311 0.000000 10.053424 
2312 0.000000 10.114131 
2313 0.000000 10.174512 
2314 0.000000 10.234557 
2315 0.000000 10.294256 
2316 0.000000 10.353599 
2317 0.000000 10.412576 
2318 0.000000 10.471176 
2319 0.000000 10.529390 
2320 0.000000 10.587207 
2321 0.000000 10.644617 
2322 0.000000 10.701611 
2323 0.000000 10.758178 
2324 0.000000 10.814308 
2325 0.000000 10.869991 
2326 0.000000 10.925218 
2327 0.000000 10.979979 
2328 0.000000 11.034263 
2329 0.000000 11.088061 
2330 0.000000 11.141364 
2331 0.000000 11.194161 
2332 0.000000 11.246443 
2333 0.000000 11.298201 
2334 0.000000 11.349425 
2335 0.000000 11.400106 
2336 0.000000 11.450234 
2337 0.000000 11.499800 
2338 0.000000 11.548794 
2339 0.000000 11.597209 
2340 0.000000 11.645034 
2341 0.000000 11.692261 
2342 0.000000 11.738881 
2343 0.000000 11.784886 
2344 0.000000 11.830265 
2345 0.000000 11.875012 
2346 0.000000 11.919116 
2347 0.000000 11.962571 
2348 0.000000 12.005368 
2349 0.000000 12.047498 
2350 0.000000 12.088953 
2351 0.000000 12.129726 
2352 0.000000 12.169808 
2353 0.000000 12.209192 
2354 0.000000 12.247871 
2355 0.000000 12.285836 
2356 0.000000 12.323080 
2357 0.000000 12.359597 
2358 0.000000 12.395378 
2359 0.000000 12.430418 
2360 0.000000 12.464708 
2361 0.000000 12.498243 
2362 0.000000 12.531016 
2363 0.000000 12.563019 
2364 0.000000 12.594248 
2365 0.000000 12.624695 
2366 0.000000 12.654356 
2367 0.000000 12.683222 
2368 0.000000 12.711291 
2369 0.000000 12.738554 
2370 0.000000 12.765008 
2371 0.000000 12.790646 
2372 0.000000 12.815464 
2373 0.000000 12.839457 
2374 0.000000 12.862619 
2375 0.000000 12.884947 
2376 0.000000 12.906436 
2377 0.000000 12.927081 
2378 0.000000 12.946878 
2379 0.000000 12.965823 
2380 0.000000 12.983913 
2381 0.000000 13.001144 
2382 0.000000 13.017512 
2383 0.000000 13.033013 
2384 0.000000 13.047646 
2385 0.000000 13.061407 
2386 0.000000 13.074292 
2387 0.000000 13.086300 
2388 0.000000 13.097428 
2389 0.000000 13.107674 
2390 0.000000 13.117035 
2391 0.000000 13.125511 
2392 0.000000 13.133098 
2393 0.000000 13.139796 
2394 0.000000 13.145602 
2395 0.000000 13.150517 
2396 0.000000 13.154539 
2397 0.000000 13.157667 
2398 0.000000 13.159900 
2399 0.000000 13.161238 
2400 0.000000 13.161682 
2401 0.000000 13.161229 
2402 0.000000 13.159882 
2403 0.000000 13.157639 
2404 0.000000 13.154502 
2405 0.000000 13.150472 
2406 0.000000 13.145548 
2407 0.000000 13.139732 
2408 0.000000 13.133025 
2409 0.000000 13.125429 
2410 0.000000 13.116945 
2411 0.000000 13.107574 
2412 0.000000 13.097319 
2413 0.000000 13.086183 
2414 0.000000 13.074166 
2415 0.000000 13.061271 
2416 0.000000 13.047502 
2417 0.000000 13.032861 
2418 0.000000 13.017350 
2419 0.000000 13.000974 
2420 0.000000 12.983734 
2421 0.000000 12.965636 
2422 0.000000 12.946682 
2423 0.000000 12.926877 
2424 0.000000 12.906224 
2425 0.000000 12.884727 
2426 0.000000 12.862391 
2427 0.000000 12.839220 
2428 0.000000 12.815219 
2429 0.000000 12.790394 
2430 0.000000 12.764747 
2431 0.000000 12.738286 
2432 0.000000 12.711015 
2433 0.000000 12.682939 
2434 0.000000 12.654065 
2435 0.000000 12.624397 
2436 0.000000 12.593942 
2437 0.000000 12.562707 
2438 0.000000 12.530696 
2439 0.000000 12.497916 
2440 0.000000 12.464375 
2441 0.000000 12.430078 
2442 0.000000 12.395032 
2443 0.000000 12.359244 
2444 0.000000 12.322721 
2445 0.000000 12.285470 
2446 0.000000 12.247499 
2447 0.000000 12.208814 
2448 0.000000 12.169424 
2449 0.000000 12.129336 
2450 0.000000 12.088557 
2451 0.000000 12.047096 
2452 0.000000 12.004961 
2453 0.000000 11.962159 
2454 0.000000 11.918699 
2455 0.000000 11.874589 
2456 0.000000 11.829838 
2457 0.000000 11.784454 
2458 0.000000 11.738445 
2459 0.000000 11.691820 
2460 0.000000 11.644589 
2461 0.000000 11.596759 
2462 0.000000 11.548341 
2463 0.000000 11.499342 
2464 0.000000 11.449772 
2465 0.000000 11.399641 
2466 0.000000 11.348956 
2467 0.000000 11.297729 
2468 0.000000 11.245968 
2469 0.000000 11.193683 
2470 0.000000 11.140882 
2471 0.000000 11.087577 
2472 0.000000 11.033776 
2473 0.000000 10.979489 
2474 0.000000 10.924727 
2475 0.000000 10.869498 
2476 0.000000 10.813812 
2477 0.000000 10.757680 
2478 0.000000 10.701111 
2479 0.000000 10.644116 
2480 0.000000 10.586704 
2481 0.000000 10.528886 
2482 0.000000 10.470671 
2483 0.000000 10.412070 
2484 0.000000 10.353092 
2485 0.000000 10.293748 
2486 0.000000 10.234049 
2487 0.000000 10.174003 
2488 0.000000 10.113622 
2489 0.000000 10.052915 
2490 0.000000 9.991893 
2491 0.000000 9.930565 
2492 0.000000 9.868943 
2493 0.000000 9.807036 
2494 0.000000 9.744855 
2495 0.000000 9.682409 
2496 0.000000 9.619709 
2497 0.000000 9.556764 
2498 0.000000 9.493586 
2499 0.000000 9.430184 
2500 0.000000 9.366569 
2501 0.000000 9.302749 
2502 0.000000 9.238736 
2503 0.000000 9.174540 
2504 0.000000 9.110170 
2505 0.000000 9.045636 
2506 0.000000 8.980948 
2507 0.000000 8.916116 
2508 0.000000 8.851151 
2509 0.000000 8.786061 
2510 0.000000 8.720856 
2511 0.000000 8.655547 
2512 0.000000 8.590142 
2513 0.000000 8.524651 
2514 0.000000 8.459085 
2515 0.000000 8.393452 
2516 0.000000 8.327761 
2517 0.000000 8.262023 
2518 0.000000 8.196246 
2519 0.000000 8.130440 
2520 0.000000 8.064613 
2521 0.000000 7.998776 
2522 0.000000 7.932936 
2523 0.000000 7.867103 
2524 0.000000 7.801285 
2525 0.000000 7.735492 
2526 0.000000 7.669733 
2527 0.000000 7.604015 
2528 0.000000 7.538347 
2529 0.000000 7.472738 
2530 0.000000 7.407196 
2531 0.000000 7.341730 
2532 0.000000 7.276347 
2533 0.000000 7.211056 
2534 0.000000 7.145865 
2535 0.000000 7.080782 
2536 0.000000 7.015814 
2537 0.000000 6.950969 
2538 0.000000 6.886255 
2539 0.000000 6.821680 
2540 0.000000 6.757251 
2541 0.000000 6.692974 
2542 0.000000 6.628859 
2543 0.000000 6.564911 
2544 0.000000 6.501137 
2545 0.000000 6.437546 
2546 0.000000 6.374142 
2547 0.000000 6.310934 
2548 0.000000 6.247928 
2549 0.000000 6.185130 
2550 0.000000 6.122547 
2551 0.000000 6.060184 
2552 0.000000 5.998049 
2553 0.000000 5.936147 
2554 0.000000 5.874485 
2555 0.000000 5.813067 
2556 0.000000 5.751901 
2557 0.000000 5.690991 
2558 0.000000 5.630343 
2559 0.000000 5.569962 
2560 0.000000 5.509854 
2561 0.000000 5.450024 
2562 0.000000 5.390477 
2563 0.000000 5.331218 
2564 0.000000 5.272252 
2565 0.000000 5.213584 
2566 0.000000 5.155217 
2567 0.000000 5.097157 
2568 0.000000 5.039409 
2569 0.000000 4.981976 
2570 0.000000 4.924862 
2571 0.000000 4.868072 
2572 0.000000 4.811609 
2573 0.000000 4.755478 
2574 0.000000 4.699682 
2575 0.000000 4.644225 
2576 0.000000 4.589110 
2577 0.000000 4.534341 
2578 0.000000 4.479920 
2579 0.000000 4.425852 
2580 0.000000 4.372139 
2581 0.000000 4.318784 
2582 0.000000 4.265790 
2583 0.000000 4.213160 
2584 0.000000 4.160895 
2585 0.000000 4.109000 
2586 0.000000 4.057476 
2587 0.000000 4.006326 
2588 0.000000 3.955551 
2589 0.000000 3.905154 
2590 0.000000 3.855137 
2591 0.000000 3.805502 
2592 0.000000 3.756251 
2593 0.000000 3.707384 
2594 0.000000 3.658905 
2595 0.000000 3.610814 
2596 0.000000 3.563112 
2597 0.000000 3.515802 
2598 0.000000 3.468883 
2599 0.000000 3.422358 
2600 0.000000 3.376228 
2601 0.000000 3.330493 
2602 0.000000 3.285153 
2603 0.000000 3.240211 
2604 0.000000 3.195666 
2605 0.000000 3.151519 
2606 0.000000 3.107771 
2607 0.000000 3.064421 
2608 0.000000 3.021471 
2609 0.000000 2.978920 
2610 0.000000 2.936768 
2611 0.000000 2.895016 
2612 0.000000 2.853664 
2613 0.000000 2.812711 
2614 0.000000 2.772157 
2615 0.000000 2.732001 
2616 0.000000 2.692245 
2617 0.000000 2.652886 
2618 0.000000 2.613925 
2619 0.000000 2.575361 
2620 0.000000 2.537194 
2621 0.000000 2.499422 
2622 0.000000 2.462045 
2623 0.000000 2.425062 
2624 0.000000 2.388472 
2625 0.000000 2.352274 
2626 0.000000 2.316467 
2627 0.000000 2.281050 
2628 0.000000 2.246022 
2629 0.000000 2.211381 
2630 0.000000 2.177127 
2631 0.000000 2.143257 
2632 0.000000 2.109771 
2633 0.000000 2.076666 
2634 0.000000 2.043942 
2635 0.000000 2.011597 
2636 0.000000 1.979629 
2637 0.000000 1.948037 
2638 0.000000 1.916818 
2639 0.000000 1.885972 
2640 0.000000 1.855495 
2641 0.000000 1.825387 
2642 0.000000 1.795645 
2643 0.000000 1.766268 
2644 0.000000 1.737253 
2645 0.000000 1.708599 
2646 0.000000 1.680303 
2647 0.000000 1.652363 
2648 0.000000 1.624778 
2649 0.000000 1.597544 
2650 0.000000 1.570660 
2651 0.000000 1.544123 
2652 0.000000 1.517931 
2653 0.000000 1.492082 
2654 0.000000 1.466574 
2655 0.000000 1.441403 
2656 0.000000 1.416568 
2657 0.000000 1.392067 
2658 0.000000 1.367896 
2659 0.000000 1.344053 
2660 0.000000 1.320537 
2661 0.000000 1.297343 
2662 0.000000 1.274470 
2663 0.000000 1.251915 
2664 0.000000 1.229676 
2665 0.000000 1.207750 
2666 0.000000 1.186134 
2667 0.000000 1.164825 
2668 0.000000 1.143822 
2669 0.000000 1.123121 
2670 0.000000 1.102719 
2671 0.000000 1.082615 
2672 0.000000 1.062804 
2673 0.000000 1.043286 
2674 0.000000 1.024056 
2675 0.000000 1.005112 
2676 0.000000 0.986452 
2677 0.000000 0.968072 
2678 0.000000 0.949970 
2679 0.000000 0.932143 
2680 0.000000 0.914588 
2681 0.000000 0.897303 
2682 0.000000 0.880285 
2683 0.000000 0.863531 
2684 0.000000 0.847038 
2685 0.000000 0.830803 
2686 0.000000 0.814825 
2687 0.000000 0.799099 
2688 0.000000 0.783623 
2689 0.000000 0.768395 
2690 0.000000 0.753412 
2691 0.000000 0.738670 
2692 0.000000 0.724168 
2693 0.000000 0.709902 
2694 0.000000 0.695870 
2695 0.000000 0.682069 
2696 0.000000 0.668496 
2697 0.000000 0.655149 
2698 0.000000 0.642024 
2699 0.000000 0.629120 
2700 0.000000 0.616433 
2701 0.000000 0.603960 
2702 0.000000 0.591700 
2703 0.000000 0.579650 
2704 0.000000 0.567806 
2705 0.000000 0.556166 
2706 0.000000 0.544728 
2707 0.000000 0.533489 
2708 0.000000 0.522446 
2709 0.000000 0.511597 
2710 0.000000 0.500939 
2711 0.000000 0.490470 
2712 0.000000 0.480187 
2713 0.000000 0.470087 
2714 0.000000 0.460169 
2715 0.000000 0.450430 
2716 0.000000 0.440866 
2717 0.000000 0.431476 
2718 0.000000 0.422258 
2719 0.000000 0.413208 
2720 0.000000 0.404325 
2721 0.000000 0.395606 
2722 0.000000 0.387048 
2723 0.000000 0.378650 
2724 0.000000 0.370409 
2725 0.000000 0.362323 
2726 0.000000 0.354389 
2727 0.000000 0.346605 
2728 0.000000 0.338969 
2729 0.000000 0.331479 
2730 0.000000 0.324132 
2731 0.000000 0.316927 
2732 0.000000 0.309860 
2733 0.000000 0.302931 
2734 0.000000 0.296136 
2735 0.000000 0.289475 
2736 0.000000 0.282943 
2737 0.000000 0.276541 
2738 0.000000 0.270264 
2739 0.000000 0.264113 
2740 0.000000 0.258084 
2741 0.000000 0.252175 
2742 0.000000 0.246385 
2743 0.000000 0.240711 
2744 0.000000 0.235152 
2745 0.000000 0.229706 
2746 0.000000 0.224370 
2747 0.000000 0.219144 
2748 0.000000 0.214025 
2749 0.000000 0.209011 
2750 0.000000 0.204101 
2751 0.000000 0.199292 
2752 0.000000 0.194584 
2753 0.000000 0.189974 
2754 0.000000 0.185461 
2755 0.000000 0.181042 
2756 0.000000 0.176717 
2757 0.000000 0.172483 
2758 0.000000 0.168339 
2759 0.000000 0.164284 
2760 0.000000 0.160315 
2761 0.000000 0.156432 
2762 0.000000 0.152633 
2763 0.000000 0.148915 
2764 0.000000 0.145278 
2765 0.000000 0.141721 
2766 0.000000 0.138241 
2767 0.000000 0.134837 
2768 0.000000 0.131508 
2769 0.000000 0.128253 
2770 0.000000 0.125070 
2771 0.000000 0.121957 
2772 0.000000 0.118914 
2773 0.000000 0.115939 
2774 0.000000 0.113031 
2775 0.000000 0.110188 
2776 0.000000 0.107409 
2777 0.000000 0.104693 
2778 0.000000 0.102039 
2779 0.000000 0.099446 
2780 0.000000 0.096912 
2781 0.000000 0.094436 
2782 0.000000 0.092017 
2783 0.000000 0.089653 
2784 0.000000 0.087345 
2785 0.000000 0.085090 
2786 0.000000 0.082888 
2787 0.000000 0.080737 
2788 0.000000 0.078637 
2789 0.000000 0.076586 
2790 0.000000 0.074584 
2791 0.000000 0.072629 
2792 0.000000 0.070721 
2793 0.000000 0.068857 
2794 0.000000 0.067039 
2795 0.000000 0.065264 
2796 0.000000 0.063532 
2797 0.000000 0.061841 
2798 0.000000 0.060192 
2799 0.000000 0.058582 
2800 0.000000 0.057011 
2801 0.000000 0.055479 
2802 0.000000 0.053985 
2803 0.000000 0.052527 
2804 0.000000 0.051105 
2805 0.000000 0.049718 
2806 0.000000 0.048365 
2807 0.000000 0.047046 
2808 0.000000 0.045760 
2809 0.000000 0.044506 
2810 0.000000 0.043284 
2811 0.000000 0.042092 
2812 0.000000 0.040930 
2813 0.000000 0.039798 
2814 0.000000 0.038694 
2815 0.000000 0.037618 
2816 0.000000 0.036570 
2817 0.000000 0.035549 
2818 0.000000 0.034553 
2819 0.000000 0.033584 
2820 0.000000 0.032639 
2821 0.000000 0.031718 
2822 0.000000 0.030822 
2823 0.000000 0.029949 
2824 0.000000 0.029099 
2825 0.000000 0.028270 
2826 0.000000 0.027464 
2827 0.000000 0.026679 
2828 0.000000 0.025914 
2829 0.000000 0.025170 
2830 0.000000 0.024445 
2831 0.000000 0.023740 
2832 0.000000 0.023053 
2833 0.000000 0.022385 
2834 0.000000 0.021734 
2835 0.000000 0.021101 
2836 0.000000 0.020485 
2837 0.000000 0.019886 
2838 0.000000 0.019303 
2839 0.000000 0.018736 
2840 0.000000 0.018184 
2841 0.000000 0.017647 
2842 0.000000 0.017125 
2843 0.000000 0.016618 
2844 0.000000 0.016124 
2845 0.000000 0.015644 
2846 0.000000 0.015177 
2847 0.000000 0.014723 
2848 0.000000 0.014281 
2849 0.000000 0.013852 
2850 0.000000 0.013435 
2851 0.000000 0.013030 
2852 0.000000 0.012636 
2853 0.000000 0.012253 
2854 0.000000 0.011880 
2855 0.000000 0.011519 
2856 0.000000 0.011167 
2857 0.000000 0.010826 
2858 0.000000 0.010494 
2859 0.000000 0.010172 
2860 0.000000 0.009859 
2861 0.000000 0.009555 
2862 0.000000 0.009260 
2863 0.000000 0.008973 
2864 0.000000 0.008695 
2865 0.000000 0.008424 
2866 0.000000 0.008162 
2867 0.000000 0.007907 
2868 0.000000 0.007659 
2869 0.000000 0.007419 
2870 0.000000 0.007186 
2871 0.000000 0.006960 
2872 0.000000 0.006740 
2873 0.000000 0.006527 
2874 0.000000 0.006320 
2875 0.000000 0.006119 
2876 0.000000 0.005924 
2877 0.000000 0.005735 
2878 0.000000 0.005552 
2879 0.000000 0.005374 
2880 0.000000 0.005202 
2881 0.000000 0.005035 
2882 0.000000 0.004872 
2883 0.000000 0.004715 
2884 0.000000 0.004563 
2885 0.000000 0.004415 
2886 0.000000 0.004271 
2887 0.000000 0.004132 
2888 0.000000 0.003998 
2889 0.000000 0.003867 
2890 0.000000 0.003740 
2891 0.000000 0.003618 
2892 0.000000 0.003499 
2893 0.000000 0.003383 
2894 0.000000 0.003272 
2895 0.000000 0.003163 
2896 0.000000 0.003059 
2897 0.000000 0.002957 
2898 0.000000 0.002859 
2899 0.000000 0.002763 
2900 0.000000 0.002671 
2901 0.000000 0.002582 
2902 0.000000 0.002495 
2903 0.000000 0.002411 
2904 0.000000 0.002330 
2905 0.000000 0.002251 
2906 0.000000 0.002175 
2907 0.000000 0.002102 
2908 0.000000 0.002030 
2909 0.000000 0.001961 
2910 0.000000 0.001895 
2911 0.000000 0.001830 
2912 0.000000 0.001767 
2913 0.000000 0.001707 
2914 0.000000 0.001648 
2915 0.000000 0.001592 
2916 0.000000 0.001537 
2917 0.000000 0.001484 
2918 0.000000 0.001432 
2919 0.000000 0.001383 
2920 0.000000 0.001335 
2921 0.000000 0.001288 
2922 0.000000 0.001243 
2923 0.000000 0.001200 
2924 0.000000 0.001158 
2925 0.000000 0.001117 
2926 0.000000 0.001078 
2927 0.000000 0.001040 
2928 0.000000 0.001004 
2929 0.000000 0.000968 
2930 0.000000 0.000934 
2931 0.000000 0.000901 
2932 0.000000 0.000869 
2933 0.000000 0.000838 
2934 0.000000 0.000808 
2935 0.000000 0.000779 
2936 0.000000 0.000751 
2937 0.000000 0.000724 
2938 0.000000 0.000698 
2939 0.000000 0.000673 
2940 0.000000 0.000649 
2941 0.000000 0.000626 
2942 0.000000 0.000603 
2943 0.000000 0.000581 
2944 0.000000 0.000560 
2945 0.000000 0.000540 
2946 0.000000 0.000520 
2947 0.000000 0.000501 
2948 0.000000 0.000483 
2949 0.000000 0.000465 
2950 0.000000 0.000448 
2951 0.000000 0.000432 
2952 0.000000 0.000416 
2953 0.000000 0.000400 
2954 0.000000 0.000386 
2955 0.000000 0.000371 
2956 0.000000 0.000358 
2957 0.000000 0.000344 
2958 0.000000 0.000331 
2959 0.000000 0.000319 
2960 0.000000 0.000307 
2961 0.000000 0.000296 
2962 0.000000 0.000285 
2963 0.000000 0.000274 
2964 0.000000 0.000264 
2965 0.000000 0.000254 
2966 0.000000 0.000244 
2967 0.000000 0.000235 
2968 0.000000 0.000226 
2969 0.000000 0.000217 
2970 0.000000 0.000209 
2971 0.000000 0.000201 
2972 0.000000 0.000194 
2973 0.000000 0.000186 
2974 0.000000 0.000179 
2975 0.000000 0.000172 
2976 0.000000 0.000166 
2977 0.000000 0.000159 
2978 0.000000 0.000153 
2979 0.000000 0.000147 
2980 0.000000 0.000141 
2981 0.000000 0.000136 
2982 0.000000 0.000131 
2983 0.000000 0.000126 
2984 0.000000 0.000121 
2985 0.000000 0.000116 
2986 0.000000 0.000112 
2987 0.000000 0.000107 
2988 0.000000 0.000103 
2989 0.000000 0.000099 
2990 0.000000 0.000095 
2991 0.000000 0.000091 
2992 0.000000 0.000088 
2993 0.000000 0.000084 
2994 0.000000 0.000081 
2995 0.000000 0.000078 
2996 0.000000 0.000075 
2997 0.000000 0.000072 
2998 0.000000 0.000069 
2999 0.000000 0.000066 
3000 0.000000 0.000063 
3001 0.000000 0.000061 
3002 0.000000 0.000058 
3003 0.000000 0.000056 
3004 0.000000 0.000054 
3005 0.000000 0.000052 
3006 0.000000 0.000050 
3007 0.000000 0.000048 
3008 0.000000 0.000046 
3009 0.000000 0.000044 
3010 0.000000 0.000042 
3011 0.000000 0.000040 
3012 0.000000 0.000039 
3013 0.000000 0.000037 
3014 0.000000 0.000036 
3015 0.000000 0.000034 
3016 0.000000 0.000033 
3017 0.000000 0.000031 
3018 0.000000 0.000030 
3019 0.000000 0.000029 
3020 0.000000 0.000028 
3021 0.000000 0.000027 
3022 0.000000 0.000025 
3023 0.000000 0.000024 
3024 0.000000 0.000023 
3025 0.000000 0.000022 
3026 0.000000 0.000021 
3027 0.000000 0.000021 
3028 0.000000 0.000020 
3029 0.000000 0.000019 
3030 0.000000 0.000018 
3031 0.000000 0.000017 
3032 0.000000 0.000017 
3033 0.000000 0.000016 
3034 0.000000 0.000015 
3035 0.000000 0.000015 
3036 0.000000 0.000014 
3037 0.000000 0.000013 
3038 0.000000 0.000013 
3039 0.000000 0.000012 
3040 0.000000 0.000012 
3041 0.000000 0.000011 
3042 0.000000 0.000011 
3043 0.000000 0.000010 
3044 0.000000 0.000010 
3045 0.000000 0.000009 
3046 0.000000 0.000009 
3047 0.000000 0.000009 
3048 0.000000 0.000008 
3049 0.000000 0.000008 
3050 0.000000 0.000008 
3051 0.000000 0.000007 
3052 0.000000 0.000007 
3053 0.000000 0.000007 
3054 0.000000 0.000006 
3055 0.000000 0.000006 
3056 0.000000 0.000006 
3057 0.000000 0.000006 
3058 0.000000 0.000005 
3059 0.000000 0.000005 
3060 0.000000 0.000005 
3061 0.000000 0.000005 
3062 0.000000 0.000004 
3063 0.000000 0.000004 
3064 0.000000 0.000004 
3065 0.000000 0.000004 
3066 0.000000 0.000004 
3067 0.000000 0.000004 
3068 0.000000 0.000003 
3069 0.000000 0.000003 
3070 0.000000 0.000003 
3071 0.000000 0.000003 
3072 0.000000 0.000003 
3073 0.000000 0.000003 
3074 0.000000 0.000003 
3075 0.000000 0.000002 
3076 0.000000 0.000002 
3077 0.000000 0.000002 
3078 0.000000 0.000002 
3079 0.000000 0.000002 
3080 0.000000 0.000002 
3081 0.000000 0.000002 
3082 0.000000 0.000002 
3083 0.000000 0.000002 
3084 0.000000 0.000002 
3085 0.000000 0.000002 
3086 0.000000 0.000001 
3087 0.000000 0.000001 
3088 0.000000 0.000001 
3089 0.000000 0.000001 
3090 0.000000 0.000001 
3091 0.000000 0.000001 
3092 0.000000 0.000001 
3093 0.000000 0.000001 
3094 0.000000 0.000001 
3095 0.000000 0.000001 
3096 0.000000 0.000001 
3097 0.000000 0.000001 
3098 0.000000 0.000001 
3099 0.000000 0.000001 
3100 0.000000 0.000001 
3101 0.000000 0.000001 
3102 0.000000 0.000001 
3103 0.000000 0.000001 
3104 0.000000 0.000001 
3105 0.000000 0.000001 
3106 0.000000 0.000001 
3107 0.000000 0.000001 
3108 0.000000 0.000001 
3109 0.000000 0.000000 
3110 0.000000 0.000000 
3111 0.000000 0.000000 
3112 0.000000 0.000000 
3113 0.000000 0.000000 
3114 0.000000 0.000000 
3115 0.000000 0.000000 
3116 0.000000 0.000000 
3117 0.000000 0.000000 
3118 0.000000 0.000000 
3119 0.000000 0.000000 
3120 0.000000 0.000000 
3121 0.000000 0.000000 
3122 0.000000 0.000000 
3123 0.000000 0.000000 
3124 0.000000 0.000000 
3125 0.000000 0.000000 
3126 0.000000 0.000000 
3127 0.000000 0.000000 
3128 0.000000 0.000000 
3129 0.000000 0.000000 
3130 0.000000 0.000000 
3131 0.000000 0.000000 
3132 0.000000 0.000000 
3133 0.000000 0.000000 
3134 0.000000 0.000000 
3135 0.000000 0.000000 
3136 0.000000 0.000000 
3137 0.000000 0.000000 
3138 0.000000 0.000000 
3139 0.000000 0.000000 
3140 0.000000 0.000000 
3141 0.000000 0.000000 
3142 0.000000 0.000000 
3143 0.000000 0.000000 
3144 0.000000 0.000000 
3145 0.000000 0.000000 
3146 0.000000 0.000000 
3147 0.000000 0.000000 
3148 0.000000 0.000000 
3149 0.000000 0.000000 
3150 0.000000 0.000000 
3151 0.000000 0.000000 
3152 0.000000 0.000000 
3153 0.000000 0.000000 
3154 0.000000 0.000000 
3155 0.000000 0.000000 
3156 0.000000 0.000000 
3157 0.000000 0.000000 
3158 0.000000 0.000000 
3159 0.000000 0.000000 
3160 0.000000 0.000000 
3161 0.000000 0.000000 
3162 0.000000 0.000000 
3163 0.000000 0.000000 
3164 0.000000 0.000000 
3165 0.000000 0.000000 
3166 0.000000 0.000000 
3167 0.000000 0.000000 
3168 0.000000 0.000000 
3169 0.000000 0.000000 
3170 0.000000 0.000000 
3171 0.000000 0.000000 
3172 0.000000 0.000000 
3173 0.000000 0.000000 
3174 0.000000 0.000000 
3175 0.000000 0.000000 
3176 0.000000 0.000000 
3177 0.000000 0.000000 
3178 0.000000 0.000000 
3179 0.000000 0.000000 
3180 0.000000 0.000000 
3181 0.000000 0.000000 
3182 0.000000 0.000000 
3183 0.000000 0.000000 
3184 0.000000 0.000000 
3185 0.000000 0.000000 
3186 0.000000 0.000000 
3187 0.000000 0.000000 
3188 0.000000 0.000000 
3189 0.000000 0.000000 
3190 0.000000 0.000000 
3191 0.000000 0.000000 
3192 0.000000 0.000000 
3193 0.000000 0.000000 
3194 0.000000 0.000000 
3195 0.000000 0.000000 
3196 0.000000 0.000000 
3197 0.000000 0.000000 
3198 0.000000 0.000000 
3199 0.000000 0.000000 
3200 0.000000 0.000000 
3201 0.000000 0.000000 
3202 0.000000 0.000000 
3203 0.000000 0.000000 
3204 0.000000 0.000000 
3205 0.000000 0.000000 
3206 0.000000 0.000000 
3207 0.000000 0.000000 
3208 0.000000 0.000000 
3209 0.000000 0.000000 
3210 0.000000 0.000000 
3211 0.000000 0.000000 
3212 0.000000 0.000000 
3213 0.000000 0.000000 
3214 0.000000 0.000000 
3215 0.000000 0.000000 
3216 0.000000 0.000000 
3217 0.000000 0.000000 
3218 0.000000 0.000000 
3219 0.000000 0.000000 
3220 0.000000 0.000000 
3221 0.000000 0.000000 
3222 0.000000 0.000000 
3223 0.000000 0.000000 
3224 0.000000 0.000000 
3225 0.000000 0.000000 
3226 0.000000 0.000000 
3227 0.000000 0.000000 
3228 0.000000 0.000000 
3229 0.000000 0.000000 
3230 0.000000 0.000000 
3231 0.000000 0.000000 
3232 0.000000 0.000000 
3233 0.000000 0.000000 
3234 0.000000 0.000000 
3235 0.000000 0.000000 
3236 0.000000 0.000000 
3237 0.000000 0.000000 
3238 0.000000 0.000000 
3239 0.000000 0.000000 
3240 0.000000 0.000000 
3241 0.000000 0.000000 
3242 0.000000 0.000000 
3243 0.000000 0.000000 
3244 0.000000 0.000000 
3245 0.000000 0.000000 
3246 0.000000 0.000000 
3247 0.000000 0.000000 
3248 0.000000 0.000000 
3249 0.000000 0.000000 
3250 0.000000 0.000000 
3251 0.000000 0.000000 
3252 0.000000 0.000000 
3253 0.000000 0.000000 
3254 0.000000 0.000000 
3255 0.000000 0.000000 
3256 0.000000 0.000000 
3257 0.000000 0.000000 
3258 0.000000 0.000000 
3259 0.000000 0.000000 
3260 0.000000 0.000000 
3261 0.000000 0.000000 
3262 0.000000 0.000000 
3263 0.000000 0.000000 
3264 0.000000 0.000000 
3265 0.000000 0.000000 
3266 0.000000 0.000000 
3267 0.000000 0.000000 
3268 0.000000 0.000000 
3269 0.000000 0.000000 
3270 0.000000 0.000000 
3271 0.000000 0.000000 
3272 0.000000 0.000000 
3273 0.000000 0.000000 
3274 0.000000 0.000000 
3275 0.000000 0.000000 
3276 0.000000 0.000000 
3277 0.000000 0.000000 
3278 0.000000 0.000000 
3279 0.000000 0.000000 
3280 0.000000 0.000000 
3281 0.000000 0.000000 
3282 0.000000 0.000000 
3283 0.000000 0.000000 
3284 0.000000 0.000000 
3285 0.000000 0.000000 
3286 0.000000 0.000000 
3287 0.000000 0.000000 
3288 0.000000 0.000000 
3289 0.000000 0.000000 
3290 0.000000 0.000000 
3291 0.000000 0.000000 
3292 0.000000 0.000000 
3293 0.000000 0.000000 
3294 0.000000 0.000000 
3295 0.000000 0.000000 
3296 0.000000 0.000000 
3297 0.000000 0.000000 
3298 0.000000 0.000000 
3299 0.000000 0.000000 
3300 0.000000 0.000000 
3301 0.000000 0.000000 
3302 0.000000 0.000000 
3303 0.000000 0.000000 
3304 0.000000 0.000000 
3305 0.000000 0.000000 
3306 0.000000 0.000000 
3307 0.000000 0.000000 
3308 0.000000 0.000000 
3309 0.000000 0.000000 
3310 0.000000 0.000000 
3311 0.000000 0.000000 
3312 0.000000 0.000000 
3313 0.000000 0.000000 
3314 0.000000 0.000000 
3315 0.000000 0.000000 
3316 0.000000 0.000000 
3317 0.000000 0.000000 
3318 0.000000 0.000000 
3319 0.000000 0.000000 
3320 0.000000 0.000000 
3321 0.000000 0.000000 
3322 0.000000 0.000000 
3323 0.000000 0.000000 
3324 0.000000 0.000000 
3325 0.000000 0.000000 
3326 0.000000 0.000000 
3327 0.000000 0.000000 
3328 0.000000 0.000000 
3329 0.000000 0.000000 
3330 0.000000 0.000000 
3331 0.000000 0.000000 
3332 0.000000 0.000000 
3333 0.000000 0.000000 
3334 0.000000 0.000000 
3335 0.000000 0.000000 
3336 0.000000 0.000000 
3337 0.000000 0.000000 
3338 0.000000 0.000000 
3339 0.000000 0.000000 
3340 0.000000 0.000000 
3341 0.000000 0.000000 
3342 0.000000 0.000000 
3343 0.000000 0.000000 
3344 0.000000 0.000000 
3345 0.000000 0.000000 
3346 0.000000 0.000000 
3347 0.000000 0.000000 
3348 0.000000 0.000000 
3349 0.000000 0.000000 
3350 0.000000 0.000000 
3351 0.000000 0.000000 
3352 0.000000 0.000000 
3353 0.000000 0.000000 
3354 0.000000 0.000000 
3355 0.000000 0.000000 
3356 0.000000 0.000000 
3357 0.000000 0.000000 
3358 0.000000 0.000000 
3359 0.000000 0.000000 
3360 0.000000 0.000000 
3361 0.000000 0.000000 
3362 0.000000 0.000000 
3363 0.000000 0.000000 
3364 0.000000 0.000000 
3365 0.000000 0.000000 
3366 0.000000 0.000000 
3367 0.000000 0.000000 
3368 0.000000 0.000000 
3369 0.000000 0.000000 
3370 0.000000 0.000000 
3371 0.000000 0.000000 
3372 0.000000 0.000000 
3373 0.000000 0.000000 
3374 0.000000 0.000000 
3375 0.000000 0.000000 
3376 0.000000 0.000000 
3377 0.000000 0.000000 
3378 0.000000 0.000000 
3379 0.000000 0.000000 
3380 0.000000 0.000000 
3381 0.000000 0.000000 
3382 0.000000 0.000000 
3383 0.000000 0.000000 
3384 0.000000 0.000000 
3385 0.000000 0.000000 
3386 0.000000 0.000000 
3387 0.000000 0.000000 
3388 0.000000 0.000000 
3389 0.000000 0.000000 
3390 0.000000 0.000000 
3391 0.000000 0.000000 
3392 0.000000 0.000000 
3393 0.000000 0.000000 
3394 0.000000 0.000000 
3395 0.000000 0.000000 
3396 0.000000 0.000000 
3397 0.000000 0.000000 
3398 0.000000 0.000000 
3399 0.000000 0.000000 
3400 0.000000 0.000000 
3401 0.000000 0.000000 
3402 0.000000 0.000000 
3403 0.000000 0.000000 
3404 0.000000 0.000000 
3405 0.000000 0.000000 
3406 0.000000 0.000000 
3407 0.000000 0.000000 
3408 0.000000 0.000000 
3409 0.000000 0.000000 
3410 0.000000 0.000000 
3411 0.000000 0.000000 
3412 0.000000 0.000000 
3413 0.000000 0.000000 
3414 0.000000 0.000000 
3415 0.000000 0.000000 
3416 0.000000 0.000000 
3417 0.000000 0.000000 
3418 0.000000 0.000000 
3419 0.000000 0.000000 
3420 0.000000 0.000000 
3421 0.000000 0.000000 
3422 0.000000 0.000000 
3423 0.000000 0.000000 
3424 0.000000 0.000000 
3425 0.000000 0.000000 
3426 0.000000 0.000000 
3427 0.000000 0.000000 
3428 0.000000 0.000000 
3429 0.000000 0.000000 
3430 0.000000 0.000000 
3431 0.000000 0.000000 
3432 0.000000 0.000000 
3433 0.000000 0.000000 
3434 0.000000 0.000000 
3435 0.000000 0.000000 
3436 0.000000 0.000000 
3437 0.000000 0.000000 
3438 0.000000 0.000000 
3439 0.000000 0.000000 
3440 0.000000 0.000000 
3441 0.000000 0.000000 
3442 0.000000 0.000000 
3443 0.000000 0.000000 
3444 0.000000 0.000000 
3445 0.000000 0.000000 
3446 0.000000 0.000000 
3447 0.000000 0.000000 
3448 0.000000 0.000000 
3449 0.000000 0.000000 
3450 0.000000 0.000000 
3451 0.000000 0.000000 
3452 0.000000 0.000000 
3453 0.000000 0.000000 
3454 0.000000 0.000000 
3455 0.000000 0.000000 
3456 0.000000 0.000000 
3457 0.000000 0.000000 
3458 0.000000 0.000000 
3459 0.000000 0.000000 
3460 0.000000 0.000000 
3461 0.000000 0.000000 
3462 0.000000 0.000000 
3463 0.000000 0.000000 
3464 0.000000 0.000000 
3465 0.000000 0.000000 
3466 0.000000 0.000000 
3467 0.000000 0.000000 
3468 0.000000 0.000000 
3469 0.000000 0.000000 
3470 0.000000 0.000000 
3471 0.000000 0.000000 
3472 0.000000 0.000000 
3473 0.000000 0.000000 
3474 0.000000 0.000000 
3475 0.000000 0.000000 
3476 0.000000 0.000000 
3477 0.000000 0.000000 
3478 0.000000 0.000000 
3479 0.000000 0.000000 
3480 0.000000 0.000000 
3481 0.000000 0.000000 
3482 0.000000 0.000000 
3483 0.000000 0.000000 
3484 0.000000 0.000000 
3485 0.000000 0.000000 
3486 0.000000 0.000000 
3487 0.000000 0.000000 
3488 0.000000 0.000000 
3489 0.000000 0.000000 
3490 0.000000 0.000000 
3491 0.000000 0.000000 
3492 0.000000 0.000000 
3493 0.000000 0.000000 
3494 0.000000 0.000000 
3495 0.000000 0.000000 
3496 0.000000 0.000000 
3497 0.000000 0.000000 
3498 0.000000 0.000000 
3499 0.000000 0.000000 
3500 0.000000 0.000000 
3501 0.000000 0.000000 
3502 0.000000 0.000000 
3503 0.000000 0.000000 
3504 0.000000 0.000000 
3505 0.000000 0.000000 
3506 0.000000 0.000000 
3507 0.000000 0.000000 
3508 0.000000 0.000000 
3509 0.000000 0.000000 
3510 0.000000 0.000000 
3511 0.000000 0.000000 
3512 0.000000 0.000000 
3513 0.000000 0.000000 
3514 0.000000 0.000000 
3515 0.000000 0.000000 
3516 0.000000 0.000000 
3517 0.000000 0.000000 
3518 0.000000 0.000000 
3519 0.000000 0.000000 
3520 0.000000 0.000000 
3521 0.000000 0.000000 
3522 0.000000 0.000000 
3523 0.000000 0.000000 
3524 0.000000 0.000000 
3525 0.000000 0.000000 
3526 0.000000 0.000000 
3527 0.000000 0.000000 
3528 0.000000 0.000000 
3529 0.000000 0.000000 
3530 0.000000 0.000000 
3531 0.000000 0.000000 
3532 0.000000 0.000000 
3533 0.000000 0.000000 
3534 0.000000 0.000000 
3535 0.000000 0.000000 
3536 0.000000 0.000000 
3537 0.000000 0.000000 
3538 0.000000 0.000000 
3539 0.000000 0.000000 
3540 0.000000 0.000000 
3541 0.000000 0.000000 
3542 0.000000 0.000000 
3543 0.000000 0.000000 
3544 0.000000 0.000000 
3545 0.000000 0.000000 
3546 0.000000 0.000000 
3547 0.000000 0.000000 
3548 0.000000 0.000000 
3549 0.000000 0.000000 
3550 0.000000 0.000000 
3551 0.000000 0.000000 
3552 0.000000 0.000000 
3553 0.000000 0.000000 
3554 0.000000 0.000000 
3555 0.000000 0.000000 
3556 0.000000 0.000000 
3557 0.000000 0.000000 
3558 0.000000 0.000000 
3559 0.000000 0.000000 
3560 0.000000 0.000000 
3561 0.000000 0.000000 
3562 0.000000 0.000000 
3563 0.000000 0.000000 
3564 0.000000 0.000000 
3565 0.000000 0.000000 
3566 0.000000 0.000000 
3567 0.000000 0.000000 
3568 0.000000 0.000000 
3569 0.000000 0.000000 
3570 0.000000 0.000000 
3571 0.000000 0.000000 
3572 0.000000 0.000000 
3573 0.000000 0.000000 
3574 0.000000 0.000000 
3575 0.000000 0.000000 
3576 0.000000 0.000000 
3577 0.000000 0.000000 
3578 0.000000 0.000000 
3579 0.000000 0.000000 
3580 0.000000 0.000000 
3581 0.000000 0.000000 
3582 0.000000 0.000000 
3583 0.000000 0.000000 
3584 0.000000 0.000000 
3585 0.000000 0.000000 
3586 0.000000 0.000000 
3587 0.000000 0.000000 
3588 0.000000 0.000000 
3589 0.000000 0.000000 
3590 0.000000 0.000000 
3591 0.000000 0.000000 
3592 0.000000 0.000000 
3593 0.000000 0.000000 
3594 0.000000 0.000000 
3595 0.000000 0.000000 
3596 0.000000 0.000000 
3597 0.000000 0.000000 
3598 0.000000 0.000000 
3599 0.000000 0.000000 
3600 0.000000 0.000000 
3601 0.000000 0.000000 
3602 0.000000 0.000000 
3603 0.000000 0.000000 
3604 0.000000 0.000000 
3605 0.000000 0.000000 
3606 0.000000 0.000000 
3607 0.000000 0.000000 
3608 0.000000 0.000000 
3609 0.000000 0.000000 
3610 0.000000 0.000000 
3611 0.000000 0.000000 
3612 0.000000 0.000000 
3613 0.000000 0.000000 
3614 0.000000 0.000000 
3615 0.000000 0.000000 
3616 0.000000 0.000000 
3617 0.000000 0.000000 
3618 0.000000 0.000000 
3619 0.000000 0.000000 
3620 0.000000 0.000000 
3621 0.000000 0.000000 
3622 0.000000 0.000000 
3623 0.000000 0.000000 
3624 0.000000 0.000000 
3625 0.000000 0.000000 
3626 0.000000 0.000000 
3627 0.000000 0.000000 
3628 0.000000 0.000000 
3629 0.000000 0.000000 
3630 0.000000 0.000000 
3631 0.000000 0.000000 
3632 0.000000 0.000000 
3633 0.000000 0.000000 
3634 0.000000 0.000000 
3635 0.000000 0.000000 
3636 0.000000 0.000000 
3637 0.000000 0.000000 
3638 0.000000 0.000000 
3639 0.000000 0.000000 
3640 0.000000 0.000000 
3641 0.000000 0.000000 
3642 0.000000 0.000000 
3643 0.000000 0.000000 
3644 0.000000 0.000000 
3645 0.000000 0.000000 
3646 0.000000 0.000000 
3647 0.000000 0.000000 
3648 0.000000 0.000000 
3649 0.000000 0.000000 
3650 0.000000 0.000000 
3651 0.000000 0.000000 
3652 0.000000 0.000000 
3653 0.000000 0.000000 
3654 0.000000 0.000000 
3655 0.000000 0.000000 
3656 0.000000 0.000000 
3657 0.000000 0.000000 
3658 0.000000 0.000000 
3659 0.000000 0.000000 
3660 0.000000 0.000000 
3661 0.000000 0.000000 
3662 0.000000 0.000000 
3663 0.000000 0.000000 
3664 0.000000 0.000000 
3665 0.000000 0.000000 
3666 0.000000 0.000000 
3667 0.000000 0.000000 
3668 0.000000 0.000000 
3669 0.000000 0.000000 
3670 0.000000 0.000000 
3671 0.000000 0.000000 
3672 0.000000 0.000000 
3673 0.000000 0.000000 
3674 0.000000 0.000000 
3675 0.000000 0.000000 
3676 0.000000 0.000000 
3677 0.000000 0.000000 
3678 0.000000 0.000000 
3679 0.000000 0.000000 
3680 0.000000 0.000000 
3681 0.000000 0.000000 
3682 0.000000 0.000000 
3683 0.000000 0.000000 
3684 0.000000 0.000000 
3685 0.000000 0.000000 
3686 0.000000 0.000000 
3687 0.000000 0.000000 
3688 0.000000 0.000000 
3689 0.000000 0.000000 
3690 0.000000 0.000000 
3691 0.000000 0.000000 
3692 0.000000 0.000000 
3693 0.000000 0.000000 
3694 0.000000 0.000000 
3695 0.000000 0.000000 
3696 0.000000 0.000000 
3697 0.000000 0.000000 
3698 0.000000 0.000000 
3699 0.000000 0.000000 
3700 0.000000 0.000000 
3701 0.000000 0.000000 
3702 0.000000 0.000000 
3703 0.000000 0.000000 
3704 0.000000 0.000000 
3705 0.000000 0.000000 
3706 0.000000 0.000000 
3707 0.000000 0.000000 
3708 0.000000 0.000000 
3709 0.000000 0.000000 
3710 0.000000 0.000000 
3711 0.000000 0.000000 
3712 0.000000 0.000000 
3713 0.000000 0.000000 
3714 0.000000 0.000000 
3715 0.000000 0.000000 
3716 0.000000 0.000000 
3717 0.000000 0.000000 
3718 0.000000 0.000000 
3719 0.000000 0.000000 
3720 0.000000 0.000000 
3721 0.000000 0.000000 
3722 0.000000 0.000000 
3723 0.000000 0.000000 
3724 0.000000 0.000000 
3725 0.000000 0.000000 
3726 0.000000 0.000000 
3727 0.000000 0.000000 
3728 0.000000 0.000000 
3729 0.000000 0.000000 
3730 0.000000 0.000000 
3731 0.000000 0.000000 
3732 0.000000 0.000000 
3733 0.000000 0.000000 
3734 0.000000 0.000000 
3735 0.000000 0.000000 
3736 0.000000 0.000000 
3737 0.000000 0.000000 
3738 0.000000 0.000000 
3739 0.000000 0.000000 
3740 0.000000 0.000000 
3741 0.000000 0.000000 
3742 0.000000 0.000000 
3743 0.000000 0.000000 
3744 0.000000 0.000000 
3745 0.000000 0.000000 
3746 0.000000 0.000000 
3747 0.000000 0.000000 
3748 0.000000 0.000000 
3749 0.000000 0.000000 
3750 0.000000 0.000000 
3751 0.000000 0.000000 
3752 0.000000 0.000000 
3753 0.000000 0.000000 
3754 0.000000 0.000000 
3755 0.000000 0.000000 
3756 0.000000 0.000000 
3757 0.000000 0.000000 
3758 0.000000 0.000000 
3759 0.000000 0.000000 
3760 0.000000 0.000000 
3761 0.000000 0.000000 
3762 0.000000 0.000000 
3763 0.000000 0.000000 
3764 0.000000 0.000000 
3765 0.000000 0.000000 
3766 0.000000 0.000000 
3767 0.000000 0.000000 
3768 0.000000 0.000000 
3769 0.000000 0.000000 
3770 0.000000 0.000000 
3771 0.000000 0.000000 
3772 0.000000 0.000000 
3773 0.000000 0.000000 
3774 0.000000 0.000000 
3775 0.000000 0.000000 
3776 0.000000 0.000000 
3777 0.000000 0.000000 
3778 0.000000 0.000000 
3779 0.000000 0.000000 
3780 0.000000 0.000000 
3781 0.000000 0.000000 
3782 0.000000 0.000000 
3783 0.000000 0.000000 
3784 0.000000 0.000000 
3785 0.000000 0.000000 
3786 0.000000 0.000000 
3787 0.000000 0.000000 
3788 0.000000 0.000000 
3789 0.000000 0.000000 
3790 0.000000 0.000000 
3791 0.000000 0.000000 
3792 0.000000 0.000000 
3793 0.000000 0.000000 
3794 0.000000 0.000000 
3795 0.000000 0.000000 
3796 0.000000 0.000000 
3797 0.000000 0.000000 
3798 0.000000 0.000000 
3799 0.000000 0.000000 
3800 0.000000 0.000000 
3801 0.000000 0.000000 
3802 0.000000 0.000000 
3803 0.000000 0.000000 
3804 0.000000 0.000000 
3805 0.000000 0.000000 
3806 0.000000 0.000000 
3807 0.000000 0.000000 
3808 0.000000 0.000000 
3809 0.000000 0.000000 
3810 0.000000 0.000000 
3811 0.000000 0.000000 
3812 0.000000 0.000000 
3813 0.000000 0.000000 
3814 0.000000 0.000000 
3815 0.000000 0.000000 
3816 0.000000 0.000000 
3817 0.000000 0.000000 
3818 0.000000 0.000000 
3819 0.000000 0.000000 
3820 0.000000 0.000000 
3821 0.000000 0.000000 
3822 0.000000 0.000000 
3823 0.000000 0.000000 
3824 0.000000 0.000000 
3825 0.000000 0.000000 
3826 0.000000 0.000000 
3827 0.000000 0.000000 
3828 0.000000 0.000000 
3829 0.000000 0.000000 
3830 0.000000 0.000000 
3831 0.000000 0.000000 
3832 0.000000 0.000000 
3833 0.000000 0.000000 
3834 0.000000 0.000000 
3835 0.000000 0.000000 
3836 0.000000 0.000000 
3837 0.000000 0.000000 
3838 0.000000 0.000000 
3839 0.000000 0.000000 
3840 0.000000 0.000000 
3841 0.000000 0.000000 
3842 0.000000 0.000000 
3843 0.000000 0.000000 
3844 0.000000 0.000000 
3845 0.000000 0.000000 
3846 0.000000 0.000000 
3847 0.000000 0.000000 
3848 0.000000 0.000000 
3849 0.000000 0.000000 
3850 0.000000 0.000000 
3851 0.000000 0.000000 
3852 0.000000 0.000000 
3853 0.000000 0.000000 
3854 0.000000 0.000000 
3855 0.000000 0.000000 
3856 0.000000 0.000000 
3857 0.000000 0.000000 
3858 0.000000 0.000000 
3859 0.000000 0.000000 
3860 0.000000 0.000000 
3861 0.000000 0.000000 
3862 0.000000 0.000000 
3863 0.000000 0.000000 
3864 0.000000 0.000000 
3865 0.000000 0.000000 
3866 0.000000 0.000000 
3867 0.000000 0.000000 
3868 0.000000 0.000000 
3869 0.000000 0.000000 
3870 0.000000 0.000000 
3871 0.000000 0.000000 
3872 0.000000 0.000000 
3873 0.000000 0.000000 
3874 0.000000 0.000000 
3875 0.000000 0.000000 
3876 0.000000 0.000000 
3877 0.000000 0.000000 
3878 0.000000 0.000000 
3879 0.000000 0.000000 
3880 0.000000 0.000000 
3881 0.000000 0.000000 
3882 0.000000 0.000000 
3883 0.000000 0.000000 
3884 0.000000 0.000000 
3885 0.000000 0.000000 
3886 0.000000 0.000000 
3887 0.000000 0.000000 
3888 0.000000 0.000000 
3889 0.000000 0.000000 
3890 0.000000 0.000000 
3891 0.000000 0.000000 
3892 0.000000 0.000000 
3893 0.000000 0.000000 
3894 0.000000 0.000000 
3895 0.000000 0.000000 
3896 0.000000 0.000000 
3897 0.000000 0.000000 
3898 0.000000 0.000000 
3899 0.000000 0.000000 
3900 0.000000 0.000000 
3901 0.000000 0.000000 
3902 0.000000 0.000000 
3903 0.000000 0.000000 
3904 0.000000 0.000000 
3905 0.000000 0.000000 
3906 0.000000 0.000000 
3907 0.000000 0.000000 
3908 0.000000 0.000000 
3909 0.000000 0.000000 
3910 0.000000 0.000000 
3911 0.000000 0.000000 
3912 0.000000 0.000000 
3913 0.000000 0.000000 
3914 0.000000 0.000000 
3915 0.000000 0.000000 
3916 0.000000 0.000000 
3917 0.000000 0.000000 
3918 0.000000 0.000000 
3919 0.000000 0.000000 
3920 0.000000 0.000000 
3921 0.000000 0.000000 
3922 0.000000 0.000000 
3923 0.000000 0.000000 
3924 0.000000 0.000000 
3925 0.000000 0.000000 
3926 0.000000 0.000000 
3927 0.000000 0.000000 
3928 0.000000 0.000000 
3929 0.000000 0.000000 
3930 0.000000 0.000000 
3931 0.000000 0.000000 
3932 0.000000 0.000000 
3933 0.000000 0.000000 
3934 0.000000 0.000000 
3935 0.000000 0.000000 
3936 0.000000 0.000000 
3937 0.000000 0.000000 
3938 0.000000 0.000000 
3939 0.000000 0.000000 
3940 0.000000 0.000000 
3941 0.000000 0.000000 
3942 0.000000 0.000000 
3943 0.000000 0.000000 
3944 0.000000 0.000000 
3945 0.000000 0.000000 
3946 0.000000 0.000000 
3947 0.000000 0.000000 
3948 0.000000 0.000000 
3949 0.000000 0.000000 
3950 0.000000 0.000000 
3951 0.000000 0.000000 
3952 0.000000 0.000000 
3953 0.000000 0.000000 
3954 0.000000 0.000000 
3955 0.000000 0.000000 
3956 0.000000 0.000000 
3957 0.000000 0.000000 
3958 0.000000 0.000000 
3959 0.000000 0.000000 
3960 0.000000 0.000000 
3961 0.000000 0.000000 
3962 0.000000 0.000000 
3963 0.000000 0.000000 
3964 0.000000 0.000000 
3965 0.000000 0.000000 
3966 0.000000 0.000000 
3967 0.000000 0.000000 
3968 0.000000 0.000000 
3969 0.000000 0.000000 
3970 0.000000 0.000000 
3971 0.000000 0.000000 
3972 0.000000 0.000000 
3973 0.000000 0.000000 
3974 0.000000 0.000000 
3975 0.000000 0.000000 
3976 0.000000 0.000000 
3977 0.000000 0.000000 
3978 0.000000 0.000000 
3979 0.000000 0.000000 
3980 0.000000 0.000000 
3981 0.000000 0.000000 
3982 0.000000 0.000000 
3983 0.000000 0.000000 
3984 0.000000 0.000000 
3985 0.000000 0.000000 
3986 0.000000 0.000000 
3987 0.000000 0.000000 
3988 0.000000 0.000000 
3989 0.000000 0.000000 
3990 0.000000 0.000000 
3991 0.000000 0.000000 
3992 0.000000 0.000000 
3993 0.000000 0.000000 
3994 0.000000 0.000000 
3995 0.000000 0.000000 
3996 0.000000 0.000000 
3997 0.000000 0.000000 
3998 0.000000 0.000000 
3999 0.000000 0.000000 
4000 0.000000 0.000000 
