0 0.000000 0.000000 
1 0.000000 0.000000 
2 0.000000 0.000000 
3 0.000000 0.000000 
4 0.000000 0.000000 
5 0.000000 0.000000 
6 0.000000 0.000000 
7 0.000000 0.000000 
8 0.000000 0.000000 
9 0.000000 0.000000 
10 0.000000 0.000000 
11 0.000000 0.000000 
12 0.000000 0.000000 
13 0.000000 0.000000 
14 0.000000 0.000000 
15 0.000000 0.000000 
16 0.000000 0.000000 
17 0.000000 0.000000 
18 0.000000 0.000000 
19 0.000000 0.000000 
20 0.000000 0.000000 
21 0.000000 0.000000 
22 0.000000 0.000000 
23 0.000000 0.000000 
24 0.000000 0.000000 
25 0.000000 0.000000 
26 0.000000 0.000000 
27 0.000000 0.000000 
28 0.000000 0.000000 
29 0.000000 0.000000 
30 0.000000 0.000000 
31 0.000000 0.000000 
32 0.000000 0.000000 
33 0.000000 0.000000 
34 0.000000 0.000000 
35 0.000000 0.000000 
36 0.000000 0.000000 
37 0.000000 0.000000 
38 0.000000 0.000000 
39 0.000000 0.000000 
40 0.000000 0.000000 
41 0.000000 0.000000 
42 0.000000 0.000000 
43 0.000000 0.000000 
44 0.000000 0.000000 
45 0.000000 0.000000 
46 0.000000 0.000000 
47 0.000000 0.000000 
48 0.000000 0.000000 
49 0.000000 0.000000 
50 0.000000 0.000000 
51 0.000000 0.000000 
52 0.000000 0.000000 
53 0.000000 0.000000 
54 0.000000 0.000000 
55 0.000000 0.000000 
56 0.000000 0.000000 
57 0.000000 0.000000 
58 0.000000 0.000000 
59 0.000000 0.000000 
60 0.000000 0.000000 
61 0.000000 0.000000 
62 0.000000 0.000000 
63 0.000000 0.000000 
64 0.000000 0.000000 
65 0.000000 0.000000 
66 0.000000 0.000000 
67 0.000000 0.000000 
68 0.000000 0.000000 
69 0.000000 0.000000 
70 0.000000 0.000000 
71 0.000000 0.000000 
72 0.000000 0.000000 
73 0.000000 0.000000 
74 0.000000 0.000000 
75 0.000000 0.000000 
76 0.000000 0.000000 
77 0.000000 0.000000 
78 0.000000 0.000000 
79 0.000000 0.000000 
80 0.000000 0.000000 
81 0.000000 0.000000 
82 0.000000 0.000000 
83 0.000000 0.000000 
84 0.000000 0.000000 
85 0.000000 0.000000 
86 0.000000 0.000000 
87 0.000000 0.000000 
88 0.000000 0.000000 
89 0.000000 0.000000 
90 0.000000 0.000000 
91 0.000000 0.000000 
92 0.000000 0.000000 
93 0.000000 0.000000 
94 0.000000 0.000000 
95 0.000000 0.000000 
96 0.000000 0.000000 
97 0.000000 0.000000 
98 0.000000 0.000000 
99 0.000000 0.000000 
100 0.000000 0.000000 
101 0.000000 0.000000 
102 0.000000 0.000000 
103 0.000000 0.000000 
104 0.000000 0.000000 
105 0.000000 0.000000 
106 0.000000 0.000000 
107 0.000000 0.000000 
108 0.000000 0.000000 
109 0.000000 0.000000 
110 0.000000 0.000000 
111 0.000000 0.000000 
112 0.000000 0.000000 
113 0.000000 0.000000 
114 0.000000 0.000000 
115 0.000000 0.000000 
116 0.000000 0.000000 
117 0.000000 0.000000 
118 0.000000 0.000000 
119 0.000000 0.000000 
120 0.000000 0.000000 
121 0.000000 0.000000 
122 0.000000 0.000000 
123 0.000000 0.000000 
124 0.000000 0.000000 
125 0.000000 0.000000 
126 0.000000 0.000000 
127 0.000000 0.000000 
128 0.000000 0.000000 
129 0.000000 0.000000 
130 0.000000 0.000000 
131 0.000000 0.000000 
132 0.000000 0.000000 
133 0.000000 0.000000 
134 0.000000 0.000000 
135 0.000000 0.000000 
136 0.000000 0.000000 
137 0.000000 0.000000 
138 0.000000 0.000000 
139 0.000000 0.000000 
140 0.000000 0.000000 
141 0.000000 0.000000 
142 0.000000 0.000000 
143 0.000000 0.000000 
144 0.000000 0.000000 
145 0.000000 0.000000 
146 0.000000 0.000000 
147 0.000000 0.000000 
148 0.000000 0.000000 
149 0.000000 0.000000 
150 0.000000 0.000000 
151 0.000000 0.000000 
152 0.000000 0.000000 
153 0.000000 0.000000 
154 0.000000 0.000000 
155 0.000000 0.000000 
156 0.000000 0.000000 
157 0.000000 0.000000 
158 0.000000 0.000000 
159 0.000000 0.000000 
160 0.000000 0.000000 
161 0.000000 0.000000 
162 0.000000 0.000000 
163 0.000000 0.000000 
164 0.000000 0.000000 
165 0.000000 0.000000 
166 0.000000 0.000000 
167 0.000000 0.000000 
168 0.000000 0.000000 
169 0.000000 0.000000 
170 0.000000 0.000000 
171 0.000000 0.000000 
172 0.000000 0.000000 
173 0.000000 0.000000 
174 0.000000 0.000000 
175 0.000000 0.000000 
176 0.000000 0.000000 
177 0.000000 0.000000 
178 0.000000 0.000000 
179 0.000000 0.000000 
180 0.000000 0.000000 
181 0.000000 0.000000 
182 0.000000 0.000000 
183 0.000000 0.000000 
184 0.000000 0.000000 
185 0.000000 0.000000 
186 0.000000 0.000000 
187 0.000000 0.000000 
188 0.000000 0.000000 
189 0.000000 0.000000 
190 0.000000 0.000000 
191 0.000000 0.000000 
192 0.000000 0.000000 
193 0.000000 0.000000 
194 0.000000 0.000000 
195 0.000000 0.000000 
196 0.000000 0.000000 
197 0.000000 0.000000 
198 0.000000 0.000000 
199 0.000000 0.000000 
200 0.000000 0.000000 
201 0.000000 0.000000 
202 0.000000 0.000000 
203 0.000000 0.000000 
204 0.000000 0.000000 
205 0.000000 0.000000 
206 0.000000 0.000000 
207 0.000000 0.000000 
208 0.000000 0.000000 
209 0.000000 0.000000 
210 0.000000 0.000000 
211 0.000000 0.000000 
212 0.000000 0.000000 
213 0.000000 0.000000 
214 0.000000 0.000000 
215 0.000000 0.000000 
216 0.000000 0.000000 
217 0.000000 0.000000 
218 0.000000 0.000000 
219 0.000000 0.000000 
220 0.000000 0.000000 
221 0.000000 0.000000 
222 0.000000 0.000000 
223 0.000000 0.000000 
224 0.000000 0.000000 
225 0.000000 0.000000 
226 0.000000 0.000000 
227 0.000000 0.000000 
228 0.000000 0.000000 
229 0.000000 0.000000 
230 0.000000 0.000000 
231 0.000000 0.000000 
232 0.000000 0.000000 
233 0.000000 0.000000 
234 0.000000 0.000000 
235 0.000000 0.000000 
236 0.000000 0.000000 
237 0.000000 0.000000 
238 0.000000 0.000000 
239 0.000000 0.000000 
240 0.000000 0.000000 
241 0.000000 0.000000 
242 0.000000 0.000000 
243 0.000000 0.000000 
244 0.000000 0.000000 
245 0.000000 0.000000 
246 0.000000 0.000000 
247 0.000000 0.000000 
248 0.000000 0.000000 
249 0.000000 0.000000 
250 0.000000 0.000000 
251 0.000000 0.000000 
252 0.000000 0.000000 
253 0.000000 0.000000 
254 0.000000 0.000000 
255 0.000000 0.000000 
256 0.000000 0.000000 
257 0.000000 0.000000 
258 0.000000 0.000000 
259 0.000000 0.000000 
260 0.000000 0.000000 
261 0.000000 0.000000 
262 0.000000 0.000000 
263 0.000000 0.000000 
264 0.000000 0.000000 
265 0.000000 0.000000 
266 0.000000 0.000000 
267 0.000000 0.000000 
268 0.000000 0.000000 
269 0.000000 0.000000 
270 0.000000 0.000000 
271 0.000000 0.000000 
272 0.000000 0.000000 
273 0.000000 0.000000 
274 0.000000 0.000000 
275 0.000000 0.000000 
276 0.000000 0.000000 
277 0.000000 0.000000 
278 0.000000 0.000000 
279 0.000000 0.000000 
280 0.000000 0.000000 
281 0.000000 0.000000 
282 0.000000 0.000000 
283 0.000000 0.000000 
284 0.000000 0.000000 
285 0.000000 0.000000 
286 0.000000 0.000000 
287 0.000000 0.000000 
288 0.000000 0.000000 
289 0.000000 0.000000 
290 0.000000 0.000000 
291 0.000000 0.000000 
292 0.000000 0.000000 
293 0.000000 0.000000 
294 0.000000 0.000000 
295 0.000000 0.000000 
296 0.000000 0.000000 
297 0.000000 0.000000 
298 0.000000 0.000000 
299 0.000000 0.000000 
300 0.000000 0.000000 
301 0.000000 0.000000 
302 0.000000 0.000000 
303 0.000000 0.000000 
304 0.000000 0.000000 
305 0.000000 0.000000 
306 0.000000 0.000000 
307 0.000000 0.000000 
308 0.000000 0.000000 
309 0.000000 0.000000 
310 0.000000 0.000000 
311 0.000000 0.000000 
312 0.000000 0.000000 
313 0.000000 0.000000 
314 0.000000 0.000000 
315 0.000000 0.000000 
316 0.000000 0.000000 
317 0.000000 0.000000 
318 0.000000 0.000000 
319 0.000000 0.000000 
320 0.000000 0.000000 
321 0.000000 0.000000 
322 0.000000 0.000000 
323 0.000000 0.000000 
324 0.000000 0.000000 
325 0.000000 0.000000 
326 0.000000 0.000000 
327 0.000000 0.000000 
328 0.000000 0.000000 
329 0.000000 0.000000 
330 0.000000 0.000000 
331 0.000000 0.000000 
332 0.000000 0.000000 
333 0.000000 0.000000 
334 0.000000 0.000000 
335 0.000000 0.000000 
336 0.000000 0.000000 
337 0.000000 0.000000 
338 0.000000 0.000000 
339 0.000000 0.000000 
340 0.000000 0.000000 
341 0.000000 0.000000 
342 0.000000 0.000000 
343 0.000000 0.000000 
344 0.000000 0.000000 
345 0.000000 0.000000 
346 0.000000 0.000000 
347 0.000000 0.000000 
348 0.000000 0.000000 
349 0.000000 0.000000 
350 0.000000 0.000000 
351 0.000000 0.000000 
352 0.000000 0.000000 
353 0.000000 0.000000 
354 0.000000 0.000000 
355 0.000000 0.000000 
356 0.000000 0.000000 
357 0.000000 0.000000 
358 0.000000 0.000000 
359 0.000000 0.000000 
360 0.000000 0.000000 
361 0.000000 0.000000 
362 0.000000 0.000000 
363 0.000000 0.000000 
364 0.000000 0.000000 
365 0.000000 0.000000 
366 0.000000 0.000000 
367 0.000000 0.000000 
368 0.000000 0.000000 
369 0.000000 0.000000 
370 0.000000 0.000000 
371 0.000000 0.000000 
372 0.000000 0.000000 
373 0.000000 0.000000 
374 0.000000 0.000000 
375 0.000000 0.000000 
376 0.000000 0.000000 
377 0.000000 0.000000 
378 0.000000 0.000000 
379 0.000000 0.000000 
380 0.000000 0.000000 
381 0.000000 0.000000 
382 0.000000 0.000000 
383 0.000000 0.000000 
384 0.000000 0.000000 
385 0.000000 0.000000 
386 0.000000 0.000000 
387 0.000000 0.000000 
388 0.000000 0.000000 
389 0.000000 0.000000 
390 0.000000 0.000000 
391 0.000000 0.000000 
392 0.000000 0.000000 
393 0.000000 0.000000 
394 0.000000 0.000000 
395 0.000000 0.000000 
396 0.000000 0.000000 
397 0.000000 0.000000 
398 0.000000 0.000000 
399 0.000000 0.000000 
400 0.000000 0.000000 
401 0.000000 0.000000 
402 0.000000 0.000000 
403 0.000000 0.000000 
404 0.000000 0.000000 
405 0.000000 0.000000 
406 0.000000 0.000000 
407 0.000000 0.000000 
408 0.000000 0.000000 
409 0.000000 0.000000 
410 0.000000 0.000000 
411 0.000000 0.000000 
412 0.000000 0.000000 
413 0.000000 0.000000 
414 0.000000 0.000000 
415 0.000000 0.000000 
416 0.000000 0.000000 
417 0.000000 0.000000 
418 0.000000 0.000000 
419 0.000001 0.000000 
420 0.000001 0.000000 
421 0.000001 0.000000 
422 0.000001 0.000000 
423 0.000001 0.000000 
424 0.000001 0.000000 
425 0.000001 0.000000 
426 0.000001 0.000000 
427 0.000001 0.000000 
428 0.000001 0.000000 
429 0.000001 0.000000 
430 0.000001 0.000000 
431 0.000001 0.000000 
432 0.000001 0.000000 
433 0.000001 0.000000 
434 0.000001 0.000000 
435 0.000001 0.000000 
436 0.000001 0.000000 
437 0.000001 0.000000 
438 0.000001 0.000000 
439 0.000001 0.000000 
440 0.000001 0.000000 
441 0.000001 0.000000 
442 0.000001 0.000000 
443 0.000001 0.000000 
444 0.000001 0.000000 
445 0.000002 0.000000 
446 0.000002 0.000000 
447 0.000002 0.000000 
448 0.000002 0.000000 
449 0.000002 0.000000 
450 0.000002 0.000000 
451 0.000002 0.000000 
452 0.000002 0.000000 
453 0.000002 0.000000 
454 0.000002 0.000000 
455 0.000002 0.000000 
456 0.000002 0.000000 
457 0.000003 0.000000 
458 0.000003 0.000000 
459 0.000003 0.000000 
460 0.000003 0.000000 
461 0.000003 0.000000 
462 0.000003 0.000000 
463 0.000003 0.000000 
464 0.000003 0.000000 
465 0.000004 0.000000 
466 0.000004 0.000000 
467 0.000004 0.000000 
468 0.000004 0.000000 
469 0.000004 0.000000 
470 0.000004 0.000000 
471 0.000005 0.000000 
472 0.000005 0.000000 
473 0.000005 0.000000 
474 0.000005 0.000000 
475 0.000005 0.000000 
476 0.000006 0.000000 
477 0.000006 0.000000 
478 0.000006 0.000000 
479 0.000006 0.000000 
480 0.000006 0.000000 
481 0.000007 0.000000 
482 0.000007 0.000000 
483 0.000007 0.000000 
484 0.000008 0.000000 
485 0.000008 0.000000 
486 0.000008 0.000000 
487 0.000009 0.000000 
488 0.000009 0.000000 
489 0.000009 0.000000 
490 0.000010 0.000000 
491 0.000010 0.000000 
492 0.000010 0.000000 
493 0.000011 0.000000 
494 0.000011 0.000000 
495 0.000012 0.000000 
496 0.000012 0.000000 
497 0.000013 0.000000 
498 0.000013 0.000000 
499 0.000014 0.000000 
500 0.000014 0.000000 
501 0.000015 0.000000 
502 0.000015 0.000000 
503 0.000016 0.000000 
504 0.000017 0.000000 
505 0.000017 0.000000 
506 0.000018 0.000000 
507 0.000019 0.000000 
508 0.000019 0.000000 
509 0.000020 0.000000 
510 0.000021 0.000000 
511 0.000022 0.000000 
512 0.000023 0.000000 
513 0.000024 0.000000 
514 0.000024 0.000000 
515 0.000025 0.000000 
516 0.000026 0.000000 
517 0.000027 0.000000 
518 0.000028 0.000000 
519 0.000030 0.000000 
520 0.000031 0.000000 
521 0.000032 0.000000 
522 0.000033 0.000000 
523 0.000034 0.000000 
524 0.000036 0.000000 
525 0.000037 0.000000 
526 0.000038 0.000000 
527 0.000040 0.000000 
528 0.000041 0.000000 
529 0.000043 0.000000 
530 0.000045 0.000000 
531 0.000046 0.000000 
532 0.000048 0.000000 
533 0.000050 0.000000 
534 0.000052 0.000000 
535 0.000054 0.000000 
536 0.000056 0.000000 
537 0.000058 0.000000 
538 0.000060 0.000000 
539 0.000062 0.000000 
540 0.000065 0.000000 
541 0.000067 0.000000 
542 0.000069 0.000000 
543 0.000072 0.000000 
544 0.000075 0.000000 
545 0.000078 0.000000 
546 0.000080 0.000000 
547 0.000083 0.000000 
548 0.000086 0.000000 
549 0.000090 0.000000 
550 0.000093 0.000000 
551 0.000096 0.000000 
552 0.000100 0.000000 
553 0.000104 0.000000 
554 0.000107 0.000000 
555 0.000111 0.000000 
556 0.000115 0.000000 
557 0.000119 0.000000 
558 0.000124 0.000000 
559 0.000128 0.000000 
560 0.000133 0.000000 
561 0.000138 0.000000 
562 0.000143 0.000000 
563 0.000148 0.000000 
564 0.000153 0.000000 
565 0.000159 0.000000 
566 0.000164 0.000000 
567 0.000170 0.000000 
568 0.000176 0.000000 
569 0.000183 0.000000 
570 0.000189 0.000000 
571 0.000196 0.000000 
572 0.000203 0.000000 
573 0.000210 0.000000 
574 0.000217 0.000000 
575 0.000225 0.000000 
576 0.000233 0.000000 
577 0.000241 0.000000 
578 0.000250 0.000000 
579 0.000259 0.000000 
580 0.000268 0.000000 
581 0.000277 0.000000 
582 0.000287 0.000000 
583 0.000297 0.000000 
584 0.000307 0.000000 
585 0.000318 0.000000 
586 0.000329 0.000000 
587 0.000340 0.000000 
588 0.000352 0.000000 
589 0.000364 0.000000 
590 0.000377 0.000000 
591 0.000390 0.000000 
592 0.000403 0.000000 
593 0.000417 0.000000 
594 0.000431 0.000000 
595 0.000446 0.000000 
596 0.000461 0.000000 
597 0.000477 0.000000 
598 0.000493 0.000000 
599 0.000510 0.000000 
600 0.000527 0.000000 
601 0.000545 0.000000 
602 0.000564 0.000000 
603 0.000583 0.000000 
604 0.000602 0.000000 
605 0.000622 0.000000 
606 0.000643 0.000000 
607 0.000665 0.000000 
608 0.000687 0.000000 
609 0.000710 0.000000 
610 0.000734 0.000000 
611 0.000758 0.000000 
612 0.000783 0.000000 
613 0.000809 0.000000 
614 0.000836 0.000000 
615 0.000864 0.000000 
616 0.000892 0.000000 
617 0.000922 0.000000 
618 0.000952 0.000000 
619 0.000983 0.000000 
620 0.001016 0.000000 
621 0.001049 0.000000 
622 0.001083 0.000000 
623 0.001118 0.000000 
624 0.001155 0.000000 
625 0.001192 0.000000 
626 0.001231 0.000000 
627 0.001271 0.000000 
628 0.001312 0.000000 
629 0.001354 0.000000 
630 0.001398 0.000000 
631 0.001443 0.000000 
632 0.001489 0.000000 
633 0.001537 0.000000 
634 0.001586 0.000000 
635 0.001637 0.000000 
636 0.001689 0.000000 
637 0.001743 0.000000 
638 0.001798 0.000000 
639 0.001855 0.000000 
640 0.001914 0.000000 
641 0.001974 0.000000 
642 0.002036 0.000000 
643 0.002100 0.000000 
644 0.002166 0.000000 
645 0.002234 0.000000 
646 0.002304 0.000000 
647 0.002376 0.000000 
648 0.002450 0.000000 
649 0.002527 0.000000 
650 0.002605 0.000000 
651 0.002686 0.000000 
652 0.002769 0.000000 
653 0.002855 0.000000 
654 0.002943 0.000000 
655 0.003033 0.000000 
656 0.003126 0.000000 
657 0.003222 0.000000 
658 0.003321 0.000000 
659 0.003422 0.000000 
660 0.003527 0.000000 
661 0.003634 0.000000 
662 0.003745 0.000000 
663 0.003858 0.000000 
664 0.003975 0.000000 
665 0.004095 0.000000 
666 0.004218 0.000000 
667 0.004345 0.000000 
668 0.004476 0.000000 
669 0.004610 0.000000 
670 0.004748 0.000000 
671 0.004890 0.000000 
672 0.005036 0.000000 
673 0.005186 0.000000 
674 0.005340 0.000000 
675 0.005498 0.000000 
676 0.005661 0.000000 
677 0.005828 0.000000 
678 0.005999 0.000000 
679 0.006176 0.000000 
680 0.006357 0.000000 
681 0.006543 0.000000 
682 0.006735 0.000000 
683 0.006931 0.000000 
684 0.007133 0.000000 
685 0.007341 0.000000 
686 0.007554 0.000000 
687 0.007772 0.000000 
688 0.007997 0.000000 
689 0.008228 0.000000 
690 0.008464 0.000000 
691 0.008708 0.000000 
692 0.008957 0.000000 
693 0.009214 0.000000 
694 0.009477 0.000000 
695 0.009747 0.000000 
696 0.010024 0.000000 
697 0.010309 0.000000 
698 0.010601 0.000000 
699 0.010900 0.000000 
700 0.011208 0.000000 
701 0.011523 0.000000 
702 0.011847 0.000000 
703 0.012180 0.000000 
704 0.012520 0.000000 
705 0.012870 0.000000 
706 0.013229 0.000000 
707 0.013597 0.000000 
708 0.013974 0.000000 
709 0.014361 0.000000 
710 0.014758 0.000000 
711 0.015166 0.000000 
712 0.015583 0.000000 
713 0.016011 0.000000 
714 0.016450 0.000000 
715 0.016901 0.000000 
716 0.017362 0.000000 
717 0.017835 0.000000 
718 0.018320 0.000000 
719 0.018817 0.000000 
720 0.019327 0.000000 
721 0.019849 0.000000 
722 0.020384 0.000000 
723 0.020932 0.000000 
724 0.021495 0.000000 
725 0.022070 0.000000 
726 0.022660 0.000000 
727 0.023265 0.000000 
728 0.023884 0.000000 
729 0.024519 0.000000 
730 0.025169 0.000000 
731 0.025835 0.000000 
732 0.026517 0.000000 
733 0.027215 0.000000 
734 0.027930 0.000000 
735 0.028663 0.000000 
736 0.029413 0.000000 
737 0.030181 0.000000 
738 0.030967 0.000000 
739 0.031772 0.000000 
740 0.032596 0.000000 
741 0.033440 0.000000 
742 0.034303 0.000000 
743 0.035187 0.000000 
744 0.036092 0.000000 
745 0.037018 0.000000 
746 0.037966 0.000000 
747 0.038935 0.000000 
748 0.039928 0.000000 
749 0.040943 0.000000 
750 0.041982 0.000000 
751 0.043044 0.000000 
752 0.044132 0.000000 
753 0.045244 0.000000 
754 0.046381 0.000000 
755 0.047545 0.000000 
756 0.048735 0.000000 
757 0.049952 0.000000 
758 0.051197 0.000000 
759 0.052469 0.000000 
760 0.053771 0.000000 
761 0.055101 0.000000 
762 0.056462 0.000000 
763 0.057853 0.000000 
764 0.059275 0.000000 
765 0.060728 0.000000 
766 0.062213 0.000000 
767 0.063732 0.000000 
768 0.065284 0.000000 
769 0.066869 0.000000 
770 0.068490 0.000000 
771 0.070146 0.000000 
772 0.071838 0.000000 
773 0.073567 0.000000 
774 0.075333 0.000000 
775 0.077137 0.000000 
776 0.078981 0.000000 
777 0.080863 0.000000 
778 0.082786 0.000000 
779 0.084751 0.000000 
780 0.086756 0.000000 
781 0.088805 0.000000 
782 0.090897 0.000000 
783 0.093032 0.000000 
784 0.095213 0.000000 
785 0.097440 0.000000 
786 0.099713 0.000000 
787 0.102033 0.000000 
788 0.104402 0.000000 
789 0.106819 0.000000 
790 0.109287 0.000000 
791 0.111805 0.000000 
792 0.114375 0.000000 
793 0.116998 0.000000 
794 0.119674 0.000000 
795 0.122405 0.000000 
796 0.125191 0.000000 
797 0.128033 0.000000 
798 0.130933 0.000000 
799 0.133891 0.000000 
800 0.136908 0.000000 
801 0.139985 0.000000 
802 0.143123 0.000000 
803 0.146324 0.000000 
804 0.149588 0.000000 
805 0.152917 0.000000 
806 0.156310 0.000000 
807 0.159771 0.000000 
808 0.163298 0.000000 
809 0.166895 0.000000 
810 0.170561 0.000000 
811 0.174298 0.000000 
812 0.178107 0.000000 
813 0.181989 0.000000 
814 0.185946 0.000000 
815 0.189978 0.000000 
816 0.194087 0.000000 
817 0.198273 0.000000 
818 0.202539 0.000000 
819 0.206885 0.000000 
820 0.211312 0.000000 
821 0.215822 0.000000 
822 0.220417 0.000000 
823 0.225096 0.000000 
824 0.229862 0.000000 
825 0.234717 0.000000 
826 0.239660 0.000000 
827 0.244694 0.000000 
828 0.249820 0.000000 
829 0.255039 0.000000 
830 0.260352 0.000000 
831 0.265762 0.000000 
832 0.271269 0.000000 
833 0.276874 0.000000 
834 0.282580 0.000000 
835 0.288388 0.000000 
836 0.294298 0.000000 
837 0.300313 0.000000 
838 0.306434 0.000000 
839 0.312662 0.000000 
840 0.319000 0.000000 
841 0.325447 0.000000 
842 0.332007 0.000000 
843 0.338680 0.000000 
844 0.345468 0.000000 
845 0.352372 0.000000 
846 0.359395 0.000000 
847 0.366537 0.000000 
848 0.373800 0.000000 
849 0.381187 0.000000 
850 0.388697 0.000000 
851 0.396334 0.000000 
852 0.404098 0.000000 
853 0.411991 0.000000 
854 0.420016 0.000000 
855 0.428173 0.000000 
856 0.436464 0.000000 
857 0.444891 0.000000 
858 0.453455 0.000000 
859 0.462159 0.000000 
860 0.471004 0.000000 
861 0.479991 0.000000 
862 0.489123 0.000000 
863 0.498401 0.000000 
864 0.507826 0.000000 
865 0.517402 0.000000 
866 0.527128 0.000000 
867 0.537008 0.000000 
868 0.547042 0.000000 
869 0.557233 0.000000 
870 0.567583 0.000000 
871 0.578092 0.000000 
872 0.588764 0.000000 
873 0.599599 0.000000 
874 0.610600 0.000000 
875 0.621768 0.000000 
876 0.633106 0.000000 
877 0.644614 0.000000 
878 0.656295 0.000000 
879 0.668151 0.000000 
880 0.680183 0.000000 
881 0.692393 0.000000 
882 0.704784 0.000000 
883 0.717357 0.000000 
884 0.730113 0.000000 
885 0.743055 0.000000 
886 0.756184 0.000000 
887 0.769503 0.000000 
888 0.783013 0.000000 
889 0.796716 0.000000 
890 0.810613 0.000000 
891 0.824708 0.000000 
892 0.839001 0.000000 
893 0.853494 0.000000 
894 0.868190 0.000000 
895 0.883089 0.000000 
896 0.898195 0.000000 
897 0.913508 0.000000 
898 0.929031 0.000000 
899 0.944765 0.000000 
900 0.960712 0.000000 
901 0.976874 0.000000 
902 0.993254 0.000000 
903 1.009851 0.000000 
904 1.026669 0.000000 
905 1.043710 0.000000 
906 1.060974 0.000000 
907 1.078464 0.000000 
908 1.096182 0.000000 
909 1.114129 0.000000 
910 1.132306 0.000000 
911 1.150717 0.000000 
912 1.169362 0.000000 
913 1.188244 0.000000 
914 1.207363 0.000000 
915 1.226722 0.000000 
916 1.246322 0.000000 
917 1.266165 0.000000 
918 1.286252 0.000000 
919 1.306586 0.000000 
920 1.327168 0.000000 
921 1.347999 0.000000 
922 1.369081 0.000000 
923 1.390416 0.000000 
924 1.412005 0.000000 
925 1.433849 0.000000 
926 1.455951 0.000000 
927 1.478311 0.000000 
928 1.500932 0.000000 
929 1.523814 0.000000 
930 1.546959 0.000000 
931 1.570368 0.000000 
932 1.594044 0.000000 
933 1.617986 0.000000 
934 1.642197 0.000000 
935 1.666678 0.000000 
936 1.691430 0.000000 
937 1.716455 0.000000 
938 1.741753 0.000000 
939 1.767326 0.000000 
940 1.793174 0.000000 
941 1.819300 0.000000 
942 1.845704 0.000000 
943 1.872388 0.000000 
944 1.899352 0.000000 
945 1.926597 0.000000 
946 1.954125 0.000000 
947 1.981936 0.000000 
948 2.010032 0.000000 
949 2.038412 0.000000 
950 2.067079 0.000000 
951 2.096032 0.000000 
952 2.125273 0.000000 
953 2.154803 0.000000 
954 2.184621 0.000000 
955 2.214730 0.000000 
956 2.245129 0.000000 
957 2.275818 0.000000 
958 2.306800 0.000000 
959 2.338073 0.000000 
960 2.369639 0.000000 
961 2.401497 0.000000 
962 2.433649 0.000000 
963 2.466095 0.000000 
964 2.498835 0.000000 
965 2.531868 0.000000 
966 2.565196 0.000000 
967 2.598819 0.000000 
968 2.632736 0.000000 
969 2.666948 0.000000 
970 2.701455 0.000000 
971 2.736256 0.000000 
972 2.771352 0.000000 
973 2.806742 0.000000 
974 2.842426 0.000000 
975 2.878405 0.000000 
976 2.914677 0.000000 
977 2.951242 0.000000 
978 2.988101 0.000000 
979 3.025251 0.000000 
980 3.062694 0.000000 
981 3.100428 0.000000 
982 3.138453 0.000000 
983 3.176768 0.000000 
984 3.215372 0.000000 
985 3.254265 0.000000 
986 3.293446 0.000000 
987 3.332913 0.000000 
988 3.372666 0.000000 
989 3.412704 0.000000 
990 3.453025 0.000000 
991 3.493629 0.000000 
992 3.534515 0.000000 
993 3.575680 0.000000 
994 3.617124 0.000000 
995 3.658846 0.000000 
996 3.700843 0.000000 
997 3.743115 0.000000 
998 3.785659 0.000000 
999 3.828475 0.000000 
1000 3.871560 0.000000 
1001 3.914912 0.000000 
1002 3.958531 0.000000 
1003 4.002413 0.000000 
1004 4.046557 0.000000 
1005 4.090961 0.000000 
1006 4.135622 0.000000 
1007 4.180539 0.000000 
1008 4.225710 0.000000 
1009 4.271132 0.000000 
1010 4.316802 0.000000 
1011 4.362718 0.000000 
1012 4.408878 0.000000 
1013 4.455280 0.000000 
1014 4.501919 0.000000 
1015 4.548795 0.000000 
1016 4.595904 0.000000 
1017 4.643242 0.000000 
1018 4.690808 0.000000 
1019 4.738599 0.000000 
1020 4.786610 0.000000 
1021 4.834840 0.000000 
1022 4.883284 0.000000 
1023 4.931941 0.000000 
1024 4.980805 0.000000 
1025 5.029875 0.000000 
1026 5.079146 0.000000 
1027 5.128615 0.000000 
1028 5.178278 0.000000 
1029 5.228133 0.000000 
1030 5.278174 0.000000 
1031 5.328398 0.000000 
1032 5.378802 0.000000 
1033 5.429381 0.000000 
1034 5.480132 0.000000 
1035 5.531050 0.000000 
1036 5.582132 0.000000 
1037 5.633372 0.000000 
1038 5.684767 0.000000 
1039 5.736313 0.000000 
1040 5.788005 0.000000 
1041 5.839838 0.000000 
1042 5.891809 0.000000 
1043 5.943912 0.000000 
1044 5.996143 0.000000 
1045 6.048497 0.000000 
1046 6.100970 0.000000 
1047 6.153557 0.000000 
1048 6.206252 0.000000 
1049 6.259051 0.000000 
1050 6.311949 0.000000 
1051 6.364940 0.000000 
1052 6.418020 0.000000 
1053 6.471184 0.000000 
1054 6.524426 0.000000 
1055 6.577740 0.000000 
1056 6.631123 0.000000 
1057 6.684567 0.000000 
1058 6.738068 0.000000 
1059 6.791620 0.000000 
1060 6.845218 0.000000 
1061 6.898856 0.000000 
1062 6.952529 0.000000 
1063 7.006229 0.000000 
1064 7.059953 0.000000 
1065 7.113694 0.000000 
1066 7.167446 0.000000 
1067 7.221203 0.000000 
1068 7.274960 0.000000 
1069 7.328709 0.000000 
1070 7.382446 0.000000 
1071 7.436165 0.000000 
1072 7.489858 0.000000 
1073 7.543520 0.000000 
1074 7.597145 0.000000 
1075 7.650727 0.000000 
1076 7.704258 0.000000 
1077 7.757734 0.000000 
1078 7.811147 0.000000 
1079 7.864491 0.000000 
1080 7.917760 0.000000 
1081 7.970947 0.000000 
1082 8.024046 0.000000 
1083 8.077050 0.000000 
1084 8.129953 0.000000 
1085 8.182748 0.000000 
1086 8.235428 0.000000 
1087 8.287988 0.000000 
1088 8.340420 0.000000 
1089 8.392718 0.000000 
1090 8.444874 0.000000 
1091 8.496884 0.000000 
1092 8.548738 0.000000 
1093 8.600432 0.000000 
1094 8.651958 0.000000 
1095 8.703309 0.000000 
1096 8.754480 0.000000 
1097 8.805462 0.000000 
1098 8.856249 0.000000 
1099 8.906834 0.000000 
1100 8.957211 0.000000 
1101 9.007373 0.000000 
1102 9.057313 0.000000 
1103 9.107024 0.000000 
1104 9.156500 0.000000 
1105 9.205733 0.000000 
1106 9.254717 0.000000 
1107 9.303445 0.000000 
1108 9.351910 0.000000 
1109 9.400106 0.000000 
1110 9.448025 0.000000 
1111 9.495662 0.000000 
1112 9.543009 0.000000 
1113 9.590059 0.000000 
1114 9.636806 0.000000 
1115 9.683243 0.000000 
1116 9.729364 0.000000 
1117 9.775162 0.000000 
1118 9.820630 0.000000 
1119 9.865761 0.000000 
1120 9.910550 0.000000 
1121 9.954989 0.000000 
1122 9.999072 0.000000 
1123 10.042793 0.000000 
1124 10.086144 0.000000 
1125 10.129121 0.000000 
1126 10.171715 0.000000 
1127 10.213922 0.000000 
1128 10.255734 0.000000 
1129 10.297145 0.000000 
1130 10.338149 0.000000 
1131 10.378741 0.000000 
1132 10.418913 0.000000 
1133 10.458659 0.000000 
1134 10.497975 0.000000 
1135 10.536853 0.000000 
1136 10.575287 0.000000 
1137 10.613273 0.000000 
1138 10.650803 0.000000 
1139 10.687872 0.000000 
1140 10.724475 0.000000 
1141 10.760606 0.000000 
1142 10.796259 0.000000 
1143 10.831428 0.000000 
1144 10.866108 0.000000 
1145 10.900294 0.000000 
1146 10.933980 0.000000 
1147 10.967162 0.000000 
1148 10.999833 0.000000 
1149 11.031988 0.000000 
1150 11.063623 0.000000 
1151 11.094733 0.000000 
1152 11.125312 0.000000 
1153 11.155356 0.000000 
1154 11.184860 0.000000 
1155 11.213819 0.000000 
1156 11.242228 0.000000 
1157 11.270084 0.000000 
1158 11.297381 0.000000 
1159 11.324115 0.000000 
1160 11.350282 0.000000 
1161 11.375877 0.000000 
1162 11.400897 0.000000 
1163 11.425338 0.000000 
1164 11.449195 0.000000 
1165 11.472464 0.000000 
1166 11.495142 0.000000 
1167 11.517226 0.000000 
1168 11.538711 0.000000 
1169 11.559593 0.000000 
1170 11.579871 0.000000 
1171 11.599539 0.000000 
1172 11.618596 0.000000 
1173 11.637037 0.000000 
1174 11.654861 0.000000 
1175 11.672063 0.000000 
1176 11.688642 0.000000 
1177 11.704593 0.000000 
1178 11.719916 0.000000 
1179 11.734607 0.000000 
1180 11.748663 0.000000 
1181 11.762083 0.000000 
1182 11.774864 0.000000 
1183 11.787004 0.000000 
1184 11.798502 0.000000 
1185 11.809354 0.000000 
1186 11.819560 0.000000 
1187 11.829118 0.000000 
1188 11.838026 0.000000 
1189 11.846282 0.000000 
1190 11.853886 0.000000 
1191 11.860835 0.000000 
1192 11.867129 0.000000 
1193 11.872767 0.000000 
1194 11.877748 0.000000 
1195 11.882071 0.000000 
1196 11.885735 0.000000 
1197 11.888740 0.000000 
1198 11.891085 0.000000 
1199 11.892770 0.000000 
1200 11.893794 0.000000 
1201 11.894157 0.000000 
1202 11.893860 0.000000 
1203 11.892902 0.000000 
1204 11.891283 0.000000 
1205 11.889004 0.000000 
1206 11.886065 0.000000 
1207 11.882467 0.000000 
1208 11.878210 0.000000 
1209 11.873295 0.000000 
1210 11.867722 0.000000 
1211 11.861493 0.000000 
1212 11.854608 0.000000 
1213 11.847070 0.000000 
1214 11.838878 0.000000 
1215 11.830035 0.000000 
1216 11.820541 0.000000 
1217 11.810399 0.000000 
1218 11.799610 0.000000 
1219 11.788176 0.000000 
1220 11.776099 0.000000 
1221 11.763380 0.000000 
1222 11.750023 0.000000 
1223 11.736028 0.000000 
1224 11.721399 0.000000 
1225 11.706137 0.000000 
1226 11.690246 0.000000 
1227 11.673728 0.000000 
1228 11.656586 0.000000 
1229 11.638822 0.000000 
1230 11.620439 0.000000 
1231 11.601441 0.000000 
1232 11.581830 0.000000 
1233 11.561610 0.000000 
1234 11.540784 0.000000 
1235 11.519355 0.000000 
1236 11.497327 0.000000 
1237 11.474704 0.000000 
1238 11.451489 0.000000 
1239 11.427686 0.000000 
1240 11.403298 0.000000 
1241 11.378331 0.000000 
1242 11.352787 0.000000 
1243 11.326671 0.000000 
1244 11.299987 0.000000 
1245 11.272740 0.000000 
1246 11.244934 0.000000 
1247 11.216572 0.000000 
1248 11.187661 0.000000 
1249 11.158204 0.000000 
1250 11.128206 0.000000 
1251 11.097672 0.000000 
1252 11.066607 0.000000 
1253 11.035016 0.000000 
1254 11.002903 0.000000 
1255 10.970275 0.000000 
1256 10.937135 0.000000 
1257 10.903489 0.000000 
1258 10.869343 0.000000 
1259 10.834701 0.000000 
1260 10.799570 0.000000 
1261 10.763954 0.000000 
1262 10.727860 0.000000 
1263 10.691292 0.000000 
1264 10.654257 0.000000 
1265 10.616761 0.000000 
1266 10.578808 0.000000 
1267 10.540405 0.000000 
1268 10.501558 0.000000 
1269 10.462273 0.000000 
1270 10.422555 0.000000 
1271 10.382411 0.000000 
1272 10.341847 0.000000 
1273 10.300869 0.000000 
1274 10.259483 0.000000 
1275 10.217696 0.000000 
1276 10.175513 0.000000 
1277 10.132941 0.000000 
1278 10.089986 0.000000 
1279 10.046655 0.000000 
1280 10.002954 0.000000 
1281 9.958890 0.000000 
1282 9.914469 0.000000 
1283 9.869697 0.000000 
1284 9.824581 0.000000 
1285 9.779129 0.000000 
1286 9.733345 0.000000 
1287 9.687237 0.000000 
1288 9.640812 0.000000 
1289 9.594076 0.000000 
1290 9.547036 0.000000 
1291 9.499698 0.000000 
1292 9.452070 0.000000 
1293 9.404158 0.000000 
1294 9.355969 0.000000 
1295 9.307509 0.000000 
1296 9.258786 0.000000 
1297 9.209806 0.000000 
1298 9.160575 0.000000 
1299 9.111102 0.000000 
1300 9.061391 0.000000 
1301 9.011452 0.000000 
1302 8.961289 0.000000 
1303 8.910910 0.000000 
1304 8.860322 0.000000 
1305 8.809531 0.000000 
1306 8.758545 0.000000 
1307 8.707369 0.000000 
1308 8.656012 0.000000 
1309 8.604479 0.000000 
1310 8.552777 0.000000 
1311 8.500914 0.000000 
1312 8.448895 0.000000 
1313 8.396728 0.000000 
1314 8.344419 0.000000 
1315 8.291975 0.000000 
1316 8.239402 0.000000 
1317 8.186708 0.000000 
1318 8.133898 0.000000 
1319 8.080980 0.000000 
1320 8.027960 0.000000 
1321 7.974845 0.000000 
1322 7.921640 0.000000 
1323 7.868353 0.000000 
1324 7.814990 0.000000 
1325 7.761557 0.000000 
1326 7.708061 0.000000 
1327 7.654509 0.000000 
1328 7.600906 0.000000 
1329 7.547258 0.000000 
1330 7.493573 0.000000 
1331 7.439856 0.000000 
1332 7.386113 0.000000 
1333 7.332351 0.000000 
1334 7.278575 0.000000 
1335 7.224792 0.000000 
1336 7.171008 0.000000 
1337 7.117229 0.000000 
1338 7.063460 0.000000 
1339 7.009707 0.000000 
1340 6.955977 0.000000 
1341 6.902275 0.000000 
1342 6.848607 0.000000 
1343 6.794979 0.000000 
1344 6.741395 0.000000 
1345 6.687862 0.000000 
1346 6.634385 0.000000 
1347 6.580970 0.000000 
1348 6.527623 0.000000 
1349 6.474347 0.000000 
1350 6.421150 0.000000 
1351 6.368035 0.000000 
1352 6.315009 0.000000 
1353 6.262076 0.000000 
1354 6.209241 0.000000 
1355 6.156510 0.000000 
1356 6.103887 0.000000 
1357 6.051378 0.000000 
1358 5.998986 0.000000 
1359 5.946718 0.000000 
1360 5.894577 0.000000 
1361 5.842569 0.000000 
1362 5.790697 0.000000 
1363 5.738967 0.000000 
1364 5.687383 0.000000 
1365 5.635949 0.000000 
1366 5.584669 0.000000 
1367 5.533549 0.000000 
1368 5.482591 0.000000 
1369 5.431801 0.000000 
1370 5.381182 0.000000 
1371 5.330738 0.000000 
1372 5.280473 0.000000 
1373 5.230392 0.000000 
1374 5.180497 0.000000 
1375 5.130794 0.000000 
1376 5.081284 0.000000 
1377 5.031972 0.000000 
1378 4.982862 0.000000 
1379 4.933957 0.000000 
1380 4.885260 0.000000 
1381 4.836774 0.000000 
1382 4.788504 0.000000 
1383 4.740451 0.000000 
1384 4.692620 0.000000 
1385 4.645013 0.000000 
1386 4.597634 0.000000 
1387 4.550484 0.000000 
1388 4.503568 0.000000 
1389 4.456888 0.000000 
1390 4.410446 0.000000 
1391 4.364245 0.000000 
1392 4.318288 0.000000 
1393 4.272578 0.000000 
1394 4.227116 0.000000 
1395 4.181905 0.000000 
1396 4.136948 0.000000 
1397 4.092246 0.000000 
1398 4.047803 0.000000 
1399 4.003619 0.000000 
1400 3.959698 0.000000 
1401 3.916040 0.000000 
1402 3.872649 0.000000 
1403 3.829525 0.000000 
1404 3.786671 0.000000 
1405 3.744088 0.000000 
1406 3.701778 0.000000 
1407 3.659743 0.000000 
1408 3.617983 0.000000 
1409 3.576502 0.000000 
1410 3.535299 0.000000 
1411 3.494377 0.000000 
1412 3.453736 0.000000 
1413 3.413378 0.000000 
1414 3.373304 0.000000 
1415 3.333515 0.000000 
1416 3.294012 0.000000 
1417 3.254796 0.000000 
1418 3.215868 0.000000 
1419 3.177229 0.000000 
1420 3.138880 0.000000 
1421 3.100821 0.000000 
1422 3.063053 0.000000 
1423 3.025577 0.000000 
1424 2.988393 0.000000 
1425 2.951502 0.000000 
1426 2.914905 0.000000 
1427 2.878601 0.000000 
1428 2.842591 0.000000 
1429 2.806875 0.000000 
1430 2.771454 0.000000 
1431 2.736327 0.000000 
1432 2.701496 0.000000 
1433 2.666959 0.000000 
1434 2.632718 0.000000 
1435 2.598772 0.000000 
1436 2.565120 0.000000 
1437 2.531764 0.000000 
1438 2.498702 0.000000 
1439 2.465935 0.000000 
1440 2.433463 0.000000 
1441 2.401284 0.000000 
1442 2.369399 0.000000 
1443 2.337807 0.000000 
1444 2.306508 0.000000 
1445 2.275502 0.000000 
1446 2.244788 0.000000 
1447 2.214365 0.000000 
1448 2.184232 0.000000 
1449 2.154390 0.000000 
1450 2.124838 0.000000 
1451 2.095574 0.000000 
1452 2.066598 0.000000 
1453 2.037910 0.000000 
1454 2.009508 0.000000 
1455 1.981392 0.000000 
1456 1.953560 0.000000 
1457 1.926012 0.000000 
1458 1.898747 0.000000 
1459 1.871764 0.000000 
1460 1.845061 0.000000 
1461 1.818639 0.000000 
1462 1.792495 0.000000 
1463 1.766628 0.000000 
1464 1.741038 0.000000 
1465 1.715723 0.000000 
1466 1.690682 0.000000 
1467 1.665914 0.000000 
1468 1.641418 0.000000 
1469 1.617191 0.000000 
1470 1.593234 0.000000 
1471 1.569544 0.000000 
1472 1.546121 0.000000 
1473 1.522962 0.000000 
1474 1.500066 0.000000 
1475 1.477433 0.000000 
1476 1.455060 0.000000 
1477 1.432946 0.000000 
1478 1.411090 0.000000 
1479 1.389490 0.000000 
1480 1.368145 0.000000 
1481 1.347052 0.000000 
1482 1.326211 0.000000 
1483 1.305619 0.000000 
1484 1.285276 0.000000 
1485 1.265179 0.000000 
1486 1.245327 0.000000 
1487 1.225719 0.000000 
1488 1.206352 0.000000 
1489 1.187225 0.000000 
1490 1.168336 0.000000 
1491 1.149684 0.000000 
1492 1.131267 0.000000 
1493 1.113083 0.000000 
1494 1.095130 0.000000 
1495 1.077407 0.000000 
1496 1.059911 0.000000 
1497 1.042642 0.000000 
1498 1.025597 0.000000 
1499 1.008774 0.000000 
1500 0.992172 0.000000 
1501 0.975790 0.000000 
1502 0.959624 0.000000 
1503 0.943673 0.000000 
1504 0.927936 0.000000 
1505 0.912411 0.000000 
1506 0.897096 0.000000 
1507 0.881988 0.000000 
1508 0.867087 0.000000 
1509 0.852390 0.000000 
1510 0.837895 0.000000 
1511 0.823601 0.000000 
1512 0.809506 0.000000 
1513 0.795608 0.000000 
1514 0.781905 0.000000 
1515 0.768395 0.000000 
1516 0.755077 0.000000 
1517 0.741948 0.000000 
1518 0.729007 0.000000 
1519 0.716251 0.000000 
1520 0.703680 0.000000 
1521 0.691291 0.000000 
1522 0.679082 0.000000 
1523 0.667052 0.000000 
1524 0.655198 0.000000 
1525 0.643519 0.000000 
1526 0.632014 0.000000 
1527 0.620679 0.000000 
1528 0.609514 0.000000 
1529 0.598516 0.000000 
1530 0.587684 0.000000 
1531 0.577016 0.000000 
1532 0.566510 0.000000 
1533 0.556164 0.000000 
1534 0.545977 0.000000 
1535 0.535947 0.000000 
1536 0.526071 0.000000 
1537 0.516349 0.000000 
1538 0.506779 0.000000 
1539 0.497358 0.000000 
1540 0.488085 0.000000 
1541 0.478958 0.000000 
1542 0.469976 0.000000 
1543 0.461136 0.000000 
1544 0.452438 0.000000 
1545 0.443879 0.000000 
1546 0.435457 0.000000 
1547 0.427172 0.000000 
1548 0.419021 0.000000 
1549 0.411003 0.000000 
1550 0.403115 0.000000 
1551 0.395357 0.000000 
1552 0.387727 0.000000 
1553 0.380223 0.000000 
1554 0.372843 0.000000 
1555 0.365586 0.000000 
1556 0.358451 0.000000 
1557 0.351435 0.000000 
1558 0.344537 0.000000 
1559 0.337756 0.000000 
1560 0.331090 0.000000 
1561 0.324537 0.000000 
1562 0.318097 0.000000 
1563 0.311767 0.000000 
1564 0.305545 0.000000 
1565 0.299432 0.000000 
1566 0.293424 0.000000 
1567 0.287521 0.000000 
1568 0.281721 0.000000 
1569 0.276022 0.000000 
1570 0.270424 0.000000 
1571 0.264924 0.000000 
1572 0.259522 0.000000 
1573 0.254216 0.000000 
1574 0.249005 0.000000 
1575 0.243887 0.000000 
1576 0.238860 0.000000 
1577 0.233925 0.000000 
1578 0.229078 0.000000 
1579 0.224319 0.000000 
1580 0.219648 0.000000 
1581 0.215061 0.000000 
1582 0.210558 0.000000 
1583 0.206139 0.000000 
1584 0.201800 0.000000 
1585 0.197542 0.000000 
1586 0.193364 0.000000 
1587 0.189263 0.000000 
1588 0.185238 0.000000 
1589 0.181289 0.000000 
1590 0.177415 0.000000 
1591 0.173613 0.000000 
1592 0.169884 0.000000 
1593 0.166225 0.000000 
1594 0.162637 0.000000 
1595 0.159116 0.000000 
1596 0.155664 0.000000 
1597 0.152277 0.000000 
1598 0.148957 0.000000 
1599 0.145700 0.000000 
1600 0.142507 0.000000 
1601 0.139376 0.000000 
1602 0.136306 0.000000 
1603 0.133296 0.000000 
1604 0.130346 0.000000 
1605 0.127453 0.000000 
1606 0.124618 0.000000 
1607 0.121840 0.000000 
1608 0.119116 0.000000 
1609 0.116447 0.000000 
1610 0.113832 0.000000 
1611 0.111269 0.000000 
1612 0.108757 0.000000 
1613 0.106297 0.000000 
1614 0.103886 0.000000 
1615 0.101524 0.000000 
1616 0.099211 0.000000 
1617 0.096944 0.000000 
1618 0.094725 0.000000 
1619 0.092551 0.000000 
1620 0.090421 0.000000 
1621 0.088336 0.000000 
1622 0.086295 0.000000 
1623 0.084295 0.000000 
1624 0.082338 0.000000 
1625 0.080421 0.000000 
1626 0.078545 0.000000 
1627 0.076708 0.000000 
1628 0.074910 0.000000 
1629 0.073150 0.000000 
1630 0.071427 0.000000 
1631 0.069741 0.000000 
1632 0.068091 0.000000 
1633 0.066476 0.000000 
1634 0.064897 0.000000 
1635 0.063351 0.000000 
1636 0.061838 0.000000 
1637 0.060358 0.000000 
1638 0.058911 0.000000 
1639 0.057494 0.000000 
1640 0.056109 0.000000 
1641 0.054754 0.000000 
1642 0.053429 0.000000 
1643 0.052133 0.000000 
1644 0.050866 0.000000 
1645 0.049627 0.000000 
1646 0.048415 0.000000 
1647 0.047230 0.000000 
1648 0.046071 0.000000 
1649 0.044939 0.000000 
1650 0.043832 0.000000 
1651 0.042749 0.000000 
1652 0.041692 0.000000 
1653 0.040658 0.000000 
1654 0.039647 0.000000 
1655 0.038660 0.000000 
1656 0.037695 0.000000 
1657 0.036752 0.000000 
1658 0.035830 0.000000 
1659 0.034930 0.000000 
1660 0.034050 0.000000 
1661 0.033191 0.000000 
1662 0.032352 0.000000 
1663 0.031532 0.000000 
1664 0.030731 0.000000 
1665 0.029949 0.000000 
1666 0.029185 0.000000 
1667 0.028439 0.000000 
1668 0.027711 0.000000 
1669 0.027000 0.000000 
1670 0.026305 0.000000 
1671 0.025627 0.000000 
1672 0.024965 0.000000 
1673 0.024319 0.000000 
1674 0.023688 0.000000 
1675 0.023072 0.000000 
1676 0.022471 0.000000 
1677 0.021885 0.000000 
1678 0.021312 0.000000 
1679 0.020754 0.000000 
1680 0.020209 0.000000 
1681 0.019677 0.000000 
1682 0.019158 0.000000 
1683 0.018651 0.000000 
1684 0.018158 0.000000 
1685 0.017676 0.000000 
1686 0.017206 0.000000 
1687 0.016747 0.000000 
1688 0.016300 0.000000 
1689 0.015864 0.000000 
1690 0.015439 0.000000 
1691 0.015024 0.000000 
1692 0.014620 0.000000 
1693 0.014225 0.000000 
1694 0.013841 0.000000 
1695 0.013466 0.000000 
1696 0.013101 0.000000 
1697 0.012745 0.000000 
1698 0.012397 0.000000 
1699 0.012059 0.000000 
1700 0.011729 0.000000 
1701 0.011408 0.000000 
1702 0.011095 0.000000 
1703 0.010789 0.000000 
1704 0.010492 0.000000 
1705 0.010202 0.000000 
1706 0.009920 0.000000 
1707 0.009645 0.000000 
1708 0.009377 0.000000 
1709 0.009116 0.000000 
1710 0.008862 0.000000 
1711 0.008614 0.000000 
1712 0.008373 0.000000 
1713 0.008138 0.000000 
1714 0.007909 0.000000 
1715 0.007686 0.000000 
1716 0.007469 0.000000 
1717 0.007258 0.000000 
1718 0.007053 0.000000 
1719 0.006853 0.000000 
1720 0.006658 0.000000 
1721 0.006468 0.000000 
1722 0.006284 0.000000 
1723 0.006104 0.000000 
1724 0.005929 0.000000 
1725 0.005759 0.000000 
1726 0.005593 0.000000 
1727 0.005432 0.000000 
1728 0.005275 0.000000 
1729 0.005123 0.000000 
1730 0.004974 0.000000 
1731 0.004830 0.000000 
1732 0.004689 0.000000 
1733 0.004553 0.000000 
1734 0.004420 0.000000 
1735 0.004291 0.000000 
1736 0.004165 0.000000 
1737 0.004043 0.000000 
1738 0.003924 0.000000 
1739 0.003808 0.000000 
1740 0.003696 0.000000 
1741 0.003587 0.000000 
1742 0.003480 0.000000 
1743 0.003377 0.000000 
1744 0.003277 0.000000 
1745 0.003179 0.000000 
1746 0.003084 0.000000 
1747 0.002992 0.000000 
1748 0.002902 0.000000 
1749 0.002815 0.000000 
1750 0.002731 0.000000 
1751 0.002648 0.000000 
1752 0.002569 0.000000 
1753 0.002491 0.000000 
1754 0.002416 0.000000 
1755 0.002342 0.000000 
1756 0.002271 0.000000 
1757 0.002202 0.000000 
1758 0.002135 0.000000 
1759 0.002070 0.000000 
1760 0.002006 0.000000 
1761 0.001945 0.000000 
1762 0.001885 0.000000 
1763 0.001827 0.000000 
1764 0.001771 0.000000 
1765 0.001716 0.000000 
1766 0.001663 0.000000 
1767 0.001612 0.000000 
1768 0.001562 0.000000 
1769 0.001513 0.000000 
1770 0.001466 0.000000 
1771 0.001420 0.000000 
1772 0.001376 0.000000 
1773 0.001333 0.000000 
1774 0.001291 0.000000 
1775 0.001250 0.000000 
1776 0.001211 0.000000 
1777 0.001173 0.000000 
1778 0.001136 0.000000 
1779 0.001100 0.000000 
1780 0.001065 0.000000 
1781 0.001031 0.000000 
1782 0.000999 0.000000 
1783 0.000967 0.000000 
1784 0.000936 0.000000 
1785 0.000906 0.000000 
1786 0.000877 0.000000 
1787 0.000849 0.000000 
1788 0.000822 0.000000 
1789 0.000795 0.000000 
1790 0.000770 0.000000 
1791 0.000745 0.000000 
1792 0.000721 0.000000 
1793 0.000697 0.000000 
1794 0.000675 0.000000 
1795 0.000653 0.000000 
1796 0.000632 0.000000 
1797 0.000611 0.000000 
1798 0.000591 0.000000 
1799 0.000572 0.000000 
1800 0.000553 0.000000 
1801 0.000535 0.000000 
1802 0.000517 0.000000 
1803 0.000500 0.000000 
1804 0.000484 0.000000 
1805 0.000468 0.000000 
1806 0.000452 0.000000 
1807 0.000437 0.000000 
1808 0.000423 0.000000 
1809 0.000409 0.000000 
1810 0.000395 0.000000 
1811 0.000382 0.000000 
1812 0.000369 0.000000 
1813 0.000357 0.000000 
1814 0.000345 0.000000 
1815 0.000333 0.000000 
1816 0.000322 0.000000 
1817 0.000311 0.000000 
1818 0.000301 0.000000 
1819 0.000291 0.000000 
1820 0.000281 0.000000 
1821 0.000271 0.000000 
1822 0.000262 0.000000 
1823 0.000253 0.000000 
1824 0.000245 0.000000 
1825 0.000236 0.000000 
1826 0.000228 0.000000 
1827 0.000220 0.000000 
1828 0.000213 0.000000 
1829 0.000205 0.000000 
1830 0.000198 0.000000 
1831 0.000192 0.000000 
1832 0.000185 0.000000 
1833 0.000179 0.000000 
1834 0.000172 0.000000 
1835 0.000166 0.000000 
1836 0.000161 0.000000 
1837 0.000155 0.000000 
1838 0.000150 0.000000 
1839 0.000144 0.000000 
1840 0.000139 0.000000 
1841 0.000135 0.000000 
1842 0.000130 0.000000 
1843 0.000125 0.000000 
1844 0.000121 0.000000 
1845 0.000117 0.000000 
1846 0.000113 0.000000 
1847 0.000109 0.000000 
1848 0.000105 0.000000 
1849 0.000101 0.000000 
1850 0.000097 0.000000 
1851 0.000094 0.000000 
1852 0.000091 0.000000 
1853 0.000087 0.000000 
1854 0.000084 0.000000 
1855 0.000081 0.000000 
1856 0.000078 0.000000 
1857 0.000076 0.000000 
1858 0.000073 0.000000 
1859 0.000070 0.000000 
1860 0.000068 0.000000 
1861 0.000065 0.000000 
1862 0.000063 0.000000 
1863 0.000061 0.000000 
1864 0.000058 0.000000 
1865 0.000056 0.000000 
1866 0.000054 0.000000 
1867 0.000052 0.000000 
1868 0.000050 0.000000 
1869 0.000049 0.000000 
1870 0.000047 0.000000 
1871 0.000045 0.000000 
1872 0.000043 0.000000 
1873 0.000042 0.000000 
1874 0.000040 0.000000 
1875 0.000039 0.000000 
1876 0.000037 0.000000 
1877 0.000036 0.000000 
1878 0.000035 0.000000 
1879 0.000033 0.000000 
1880 0.000032 0.000000 
1881 0.000031 0.000000 
1882 0.000030 0.000000 
1883 0.000029 0.000000 
1884 0.000028 0.000000 
1885 0.000027 0.000000 
1886 0.000026 0.000000 
1887 0.000025 0.000000 
1888 0.000024 0.000000 
1889 0.000023 0.000000 
1890 0.000022 0.000000 
1891 0.000021 0.000000 
1892 0.000020 0.000000 
1893 0.000020 0.000000 
1894 0.000019 0.000000 
1895 0.000018 0.000000 
1896 0.000017 0.000000 
1897 0.000017 0.000000 
1898 0.000016 0.000000 
1899 0.000016 0.000000 
1900 0.000015 0.000000 
1901 0.000014 0.000000 
1902 0.000014 0.000000 
1903 0.000013 0.000000 
1904 0.000013 0.000000 
1905 0.000012 0.000000 
1906 0.000012 0.000000 
1907 0.000011 0.000000 
1908 0.000011 0.000000 
1909 0.000010 0.000000 
1910 0.000010 0.000000 
1911 0.000010 0.000000 
1912 0.000009 0.000000 
1913 0.000009 0.000000 
1914 0.000009 0.000000 
1915 0.000008 0.000000 
1916 0.000008 0.000000 
1917 0.000008 0.000000 
1918 0.000007 0.000000 
1919 0.000007 0.000000 
1920 0.000007 0.000000 
1921 0.000007 0.000000 
1922 0.000006 0.000000 
1923 0.000006 0.000000 
1924 0.000006 0.000000 
1925 0.000006 0.000000 
1926 0.000005 0.000000 
1927 0.000005 0.000000 
1928 0.000005 0.000000 
1929 0.000005 0.000000 
1930 0.000005 0.000000 
1931 0.000004 0.000000 
1932 0.000004 0.000000 
1933 0.000004 0.000000 
1934 0.000004 0.000000 
1935 0.000004 0.000000 
1936 0.000004 0.000000 
1937 0.000003 0.000000 
1938 0.000003 0.000000 
1939 0.000003 0.000000 
1940 0.000003 0.000000 
1941 0.000003 0.000000 
1942 0.000003 0.000000 
1943 0.000003 0.000000 
1944 0.000003 0.000000 
1945 0.000002 0.000000 
1946 0.000002 0.000000 
1947 0.000002 0.000000 
1948 0.000002 0.000000 
1949 0.000002 0.000000 
1950 0.000002 0.000000 
1951 0.000002 0.000000 
1952 0.000002 0.000000 
1953 0.000002 0.000000 
1954 0.000002 0.000000 
1955 0.000002 0.000000 
1956 0.000002 0.000000 
1957 0.000001 0.000000 
1958 0.000001 0.000000 
1959 0.000001 0.000000 
1960 0.000001 0.000000 
1961 0.000001 0.000000 
1962 0.000001 0.000000 
1963 0.000001 0.000000 
1964 0.000001 0.000000 
1965 0.000001 0.000000 
1966 0.000001 0.000000 
1967 0.000001 0.000000 
1968 0.000001 0.000000 
1969 0.000001 0.000000 
1970 0.000001 0.000000 
1971 0.000001 0.000000 
1972 0.000001 0.000000 
1973 0.000001 0.000000 
1974 0.000001 0.000000 
1975 0.000001 0.000000 
1976 0.000001 0.000000 
1977 0.000001 0.000000 
1978 0.000001 0.000000 
1979 0.000001 0.000000 
1980 0.000001 0.000000 
1981 0.000001 0.000000 
1982 0.000001 0.000000 
1983 0.000000 0.000000 
1984 0.000000 0.000000 
1985 0.000000 0.000000 
1986 0.000000 0.000000 
1987 0.000000 0.000000 
1988 0.000000 0.000000 
1989 0.000000 0.000000 
1990 0.000000 0.000000 
1991 0.000000 0.000000 
1992 0.000000 0.000000 
1993 0.000000 0.000000 
1994 0.000000 0.000000 
1995 0.000000 0.000000 
1996 0.000000 0.000000 
1997 0.000000 0.000000 
1998 0.000000 0.000000 
1999 0.000000 0.000000 
2000 0.000000 0.000000 
2001 0.000000 0.000000 
2002 0.000000 0.000000 
2003 0.000000 0.000000 
2004 0.000000 0.000000 
2005 0.000000 0.000000 
2006 0.000000 0.000000 
2007 0.000000 0.000000 
2008 0.000000 0.000000 
2009 0.000000 0.000000 
2010 0.000000 0.000000 
2011 0.000000 0.000000 
2012 0.000000 0.000000 
2013 0.000000 0.000000 
2014 0.000000 0.000000 
2015 0.000000 0.000000 
2016 0.000000 0.000000 
2017 0.000000 0.000000 
2018 0.000000 0.000001 
2019 0.000000 0.000001 
2020 0.000000 0.000001 
2021 0.000000 0.000001 
2022 0.000000 0.000001 
2023 0.000000 0.000001 
2024 0.000000 0.000001 
2025 0.000000 0.000001 
2026 0.000000 0.000001 
2027 0.000000 0.000001 
2028 0.000000 0.000001 
2029 0.000000 0.000001 
2030 0.000000 0.000001 
2031 0.000000 0.000001 
2032 0.000000 0.000001 
2033 0.000000 0.000001 
2034 0.000000 0.000001 
2035 0.000000 0.000001 
2036 0.000000 0.000001 
2037 0.000000 0.000001 
2038 0.000000 0.000001 
2039 0.000000 0.000001 
2040 0.000000 0.000001 
2041 0.000000 0.000001 
2042 0.000000 0.000001 
2043 0.000000 0.000001 
2044 0.000000 0.000002 
2045 0.000000 0.000002 
2046 0.000000 0.000002 
2047 0.000000 0.000002 
2048 0.000000 0.000002 
2049 0.000000 0.000002 
2050 0.000000 0.000002 
2051 0.000000 0.000002 
2052 0.000000 0.000002 
2053 0.000000 0.000002 
2054 0.000000 0.000002 
2055 0.000000 0.000002 
2056 0.000000 0.000003 
2057 0.000000 0.000003 
2058 0.000000 0.000003 
2059 0.000000 0.000003 
2060 0.000000 0.000003 
2061 0.000000 0.000003 
2062 0.000000 0.000003 
2063 0.000000 0.000003 
2064 0.000000 0.000004 
2065 0.000000 0.000004 
2066 0.000000 0.000004 
2067 0.000000 0.000004 
2068 0.000000 0.000004 
2069 0.000000 0.000004 
2070 0.000000 0.000005 
2071 0.000000 0.000005 
2072 0.000000 0.000005 
2073 0.000000 0.000005 
2074 0.000000 0.000005 
2075 0.000000 0.000006 
2076 0.000000 0.000006 
2077 0.000000 0.000006 
2078 0.000000 0.000006 
2079 0.000000 0.000007 
2080 0.000000 0.000007 
2081 0.000000 0.000007 
2082 0.000000 0.000007 
2083 0.000000 0.000008 
2084 0.000000 0.000008 
2085 0.000000 0.000008 
2086 0.000000 0.000009 
2087 0.000000 0.000009 
2088 0.000000 0.000009 
2089 0.000000 0.000010 
2090 0.000000 0.000010 
2091 0.000000 0.000010 
2092 0.000000 0.000011 
2093 0.000000 0.000011 
2094 0.000000 0.000012 
2095 0.000000 0.000012 
2096 0.000000 0.000013 
2097 0.000000 0.000013 
2098 0.000000 0.000014 
2099 0.000000 0.000014 
2100 0.000000 0.000015 
2101 0.000000 0.000016 
2102 0.000000 0.000016 
2103 0.000000 0.000017 
2104 0.000000 0.000017 
2105 0.000000 0.000018 
2106 0.000000 0.000019 
2107 0.000000 0.000020 
2108 0.000000 0.000020 
2109 0.000000 0.000021 
2110 0.000000 0.000022 
2111 0.000000 0.000023 
2112 0.000000 0.000024 
2113 0.000000 0.000025 
2114 0.000000 0.000026 
2115 0.000000 0.000027 
2116 0.000000 0.000028 
2117 0.000000 0.000029 
2118 0.000000 0.000030 
2119 0.000000 0.000031 
2120 0.000000 0.000032 
2121 0.000000 0.000033 
2122 0.000000 0.000035 
2123 0.000000 0.000036 
2124 0.000000 0.000037 
2125 0.000000 0.000039 
2126 0.000000 0.000040 
2127 0.000000 0.000042 
2128 0.000000 0.000043 
2129 0.000000 0.000045 
2130 0.000000 0.000047 
2131 0.000000 0.000049 
2132 0.000000 0.000050 
2133 0.000000 0.000052 
2134 0.000000 0.000054 
2135 0.000000 0.000056 
2136 0.000000 0.000058 
2137 0.000000 0.000061 
2138 0.000000 0.000063 
2139 0.000000 0.000065 
2140 0.000000 0.000068 
2141 0.000000 0.000070 
2142 0.000000 0.000073 
2143 0.000000 0.000076 
2144 0.000000 0.000078 
2145 0.000000 0.000081 
2146 0.000000 0.000084 
2147 0.000000 0.000087 
2148 0.000000 0.000091 
2149 0.000000 0.000094 
2150 0.000000 0.000097 
2151 0.000000 0.000101 
2152 0.000000 0.000105 
2153 0.000000 0.000109 
2154 0.000000 0.000113 
2155 0.000000 0.000117 
2156 0.000000 0.000121 
2157 0.000000 0.000125 
2158 0.000000 0.000130 
2159 0.000000 0.000135 
2160 0.000000 0.000139 
2161 0.000000 0.000144 
2162 0.000000 0.000150 
2163 0.000000 0.000155 
2164 0.000000 0.000161 
2165 0.000000 0.000166 
2166 0.000000 0.000172 
2167 0.000000 0.000179 
2168 0.000000 0.000185 
2169 0.000000 0.000192 
2170 0.000000 0.000198 
2171 0.000000 0.000205 
2172 0.000000 0.000213 
2173 0.000000 0.000220 
2174 0.000000 0.000228 
2175 0.000000 0.000236 
2176 0.000000 0.000245 
2177 0.000000 0.000253 
2178 0.000000 0.000262 
2179 0.000000 0.000271 
2180 0.000000 0.000281 
2181 0.000000 0.000291 
2182 0.000000 0.000301 
2183 0.000000 0.000311 
2184 0.000000 0.000322 
2185 0.000000 0.000333 
2186 0.000000 0.000345 
2187 0.000000 0.000357 
2188 0.000000 0.000369 
2189 0.000000 0.000382 
2190 0.000000 0.000395 
2191 0.000000 0.000409 
2192 0.000000 0.000423 
2193 0.000000 0.000437 
2194 0.000000 0.000452 
2195 0.000000 0.000468 
2196 0.000000 0.000484 
2197 0.000000 0.000500 
2198 0.000000 0.000517 
2199 0.000000 0.000535 
2200 0.000000 0.000553 
2201 0.000000 0.000572 
2202 0.000000 0.000591 
2203 0.000000 0.000611 
2204 0.000000 0.000632 
2205 0.000000 0.000653 
2206 0.000000 0.000675 
2207 0.000000 0.000697 
2208 0.000000 0.000721 
2209 0.000000 0.000745 
2210 0.000000 0.000770 
2211 0.000000 0.000795 
2212 0.000000 0.000822 
2213 0.000000 0.000849 
2214 0.000000 0.000877 
2215 0.000000 0.000906 
2216 0.000000 0.000936 
2217 0.000000 0.000967 
2218 0.000000 0.000999 
2219 0.000000 0.001031 
2220 0.000000 0.001065 
2221 0.000000 0.001100 
2222 0.000000 0.001136 
2223 0.000000 0.001173 
2224 0.000000 0.001211 
2225 0.000000 0.001250 
2226 0.000000 0.001291 
2227 0.000000 0.001333 
2228 0.000000 0.001376 
2229 0.000000 0.001420 
2230 0.000000 0.001466 
2231 0.000000 0.001513 
2232 0.000000 0.001562 
2233 0.000000 0.001612 
2234 0.000000 0.001663 
2235 0.000000 0.001716 
2236 0.000000 0.001771 
2237 0.000000 0.001827 
2238 0.000000 0.001885 
2239 0.000000 0.001945 
2240 0.000000 0.002006 
2241 0.000000 0.002070 
2242 0.000000 0.002135 
2243 0.000000 0.002202 
2244 0.000000 0.002271 
2245 0.000000 0.002342 
2246 0.000000 0.002416 
2247 0.000000 0.002491 
2248 0.000000 0.002569 
2249 0.000000 0.002648 
2250 0.000000 0.002731 
2251 0.000000 0.002815 
2252 0.000000 0.002902 
2253 0.000000 0.002992 
2254 0.000000 0.003084 
2255 0.000000 0.003179 
2256 0.000000 0.003277 
2257 0.000000 0.003377 
2258 0.000000 0.003480 
2259 0.000000 0.003587 
2260 0.000000 0.003696 
2261 0.000000 0.003808 
2262 0.000000 0.003924 
2263 0.000000 0.004043 
2264 0.000000 0.004165 
2265 0.000000 0.004291 
2266 0.000000 0.004420 
2267 0.000000 0.004553 
2268 0.000000 0.004689 
2269 0.000000 0.004830 
2270 0.000000 0.004974 
2271 0.000000 0.005123 
2272 0.000000 0.005275 
2273 0.000000 0.005432 
2274 0.000000 0.005593 
2275 0.000000 0.005759 
2276 0.000000 0.005929 
2277 0.000000 0.006104 
2278 0.000000 0.006284 
2279 0.000000 0.006468 
2280 0.000000 0.006658 
2281 0.000000 0.006853 
2282 0.000000 0.007053 
2283 0.000000 0.007258 
2284 0.000000 0.007469 
2285 0.000000 0.007686 
2286 0.000000 0.007909 
2287 0.000000 0.008138 
2288 0.000000 0.008373 
2289 0.000000 0.008614 
2290 0.000000 0.008862 
2291 0.000000 0.009116 
2292 0.000000 0.009377 
2293 0.000000 0.009645 
2294 0.000000 0.009920 
2295 0.000000 0.010202 
2296 0.000000 0.010492 
2297 0.000000 0.010789 
2298 0.000000 0.011095 
2299 0.000000 0.011408 
2300 0.000000 0.011729 
2301 0.000000 0.012059 
2302 0.000000 0.012397 
2303 0.000000 0.012745 
2304 0.000000 0.013101 
2305 0.000000 0.013466 
2306 0.000000 0.013841 
2307 0.000000 0.014225 
2308 0.000000 0.014620 
2309 0.000000 0.015024 
2310 0.000000 0.015439 
2311 0.000000 0.015864 
2312 0.000000 0.016300 
2313 0.000000 0.016747 
2314 0.000000 0.017206 
2315 0.000000 0.017676 
2316 0.000000 0.018158 
2317 0.000000 0.018651 
2318 0.000000 0.019158 
2319 0.000000 0.019677 
2320 0.000000 0.020209 
2321 0.000000 0.020754 
2322 0.000000 0.021312 
2323 0.000000 0.021885 
2324 0.000000 0.022471 
2325 0.000000 0.023072 
2326 0.000000 0.023688 
2327 0.000000 0.024319 
2328 0.000000 0.024965 
2329 0.000000 0.025627 
2330 0.000000 0.026305 
2331 0.000000 0.027000 
2332 0.000000 0.027711 
2333 0.000000 0.028439 
2334 0.000000 0.029185 
2335 0.000000 0.029949 
2336 0.000000 0.030731 
2337 0.000000 0.031532 
2338 0.000000 0.032352 
2339 0.000000 0.033191 
2340 0.000000 0.034050 
2341 0.000000 0.034930 
2342 0.000000 0.035830 
2343 0.000000 0.036752 
2344 0.000000 0.037695 
2345 0.000000 0.038660 
2346 0.000000 0.039647 
2347 0.000000 0.040658 
2348 0.000000 0.041692 
2349 0.000000 0.042749 
2350 0.000000 0.043832 
2351 0.000000 0.044939 
2352 0.000000 0.046071 
2353 0.000000 0.047230 
2354 0.000000 0.048415 
2355 0.000000 0.049627 
2356 0.000000 0.050866 
2357 0.000000 0.052133 
2358 0.000000 0.053429 
2359 0.000000 0.054754 
2360 0.000000 0.056109 
2361 0.000000 0.057494 
2362 0.000000 0.058911 
2363 0.000000 0.060358 
2364 0.000000 0.061838 
2365 0.000000 0.063351 
2366 0.000000 0.064897 
2367 0.000000 0.066476 
2368 0.000000 0.068091 
2369 0.000000 0.069741 
2370 0.000000 0.071427 
2371 0.000000 0.073150 
2372 0.000000 0.074910 
2373 0.000000 0.076708 
2374 0.000000 0.078545 
2375 0.000000 0.080421 
2376 0.000000 0.082338 
2377 0.000000 0.084295 
2378 0.000000 0.086295 
2379 0.000000 0.088336 
2380 0.000000 0.090421 
2381 0.000000 0.092551 
2382 0.000000 0.094725 
2383 0.000000 0.096944 
2384 0.000000 0.099211 
2385 0.000000 0.101524 
2386 0.000000 0.103886 
2387 0.000000 0.106297 
2388 0.000000 0.108757 
2389 0.000000 0.111269 
2390 0.000000 0.113832 
2391 0.000000 0.116447 
2392 0.000000 0.119116 
2393 0.000000 0.121840 
2394 0.000000 0.124618 
2395 0.000000 0.127453 
2396 0.000000 0.130346 
2397 0.000000 0.133296 
2398 0.000000 0.136306 
2399 0.000000 0.139376 
2400 0.000000 0.142507 
2401 0.000000 0.145700 
2402 0.000000 0.148957 
2403 0.000000 0.152277 
2404 0.000000 0.155664 
2405 0.000000 0.159116 
2406 0.000000 0.162637 
2407 0.000000 0.166225 
2408 0.000000 0.169884 
2409 0.000000 0.173613 
2410 0.000000 0.177415 
2411 0.000000 0.181289 
2412 0.000000 0.185238 
2413 0.000000 0.189263 
2414 0.000000 0.193364 
2415 0.000000 0.197542 
2416 0.000000 0.201800 
2417 0.000000 0.206139 
2418 0.000000 0.210558 
2419 0.000000 0.215061 
2420 0.000000 0.219648 
2421 0.000000 0.224319 
2422 0.000000 0.229078 
2423 0.000000 0.233925 
2424 0.000000 0.238860 
2425 0.000000 0.243887 
2426 0.000000 0.249005 
2427 0.000000 0.254216 
2428 0.000000 0.259522 
2429 0.000000 0.264924 
2430 0.000000 0.270424 
2431 0.000000 0.276022 
2432 0.000000 0.281721 
2433 0.000000 0.287521 
2434 0.000000 0.293424 
2435 0.000000 0.299432 
2436 0.000000 0.305545 
2437 0.000000 0.311767 
2438 0.000000 0.318097 
2439 0.000000 0.324537 
2440 0.000000 0.331090 
2441 0.000000 0.337756 
2442 0.000000 0.344537 
2443 0.000000 0.351435 
2444 0.000000 0.358451 
2445 0.000000 0.365586 
2446 0.000000 0.372843 
2447 0.000000 0.380223 
2448 0.000000 0.387727 
2449 0.000000 0.395357 
2450 0.000000 0.403115 
2451 0.000000 0.411003 
2452 0.000000 0.419021 
2453 0.000000 0.427172 
2454 0.000000 0.435457 
2455 0.000000 0.443879 
2456 0.000000 0.452438 
2457 0.000000 0.461136 
2458 0.000000 0.469976 
2459 0.000000 0.478958 
2460 0.000000 0.488085 
2461 0.000000 0.497358 
2462 0.000000 0.506779 
2463 0.000000 0.516349 
2464 0.000000 0.526071 
2465 0.000000 0.535947 
2466 0.000000 0.545977 
2467 0.000000 0.556164 
2468 0.000000 0.566510 
2469 0.000000 0.577016 
2470 0.000000 0.587684 
2471 0.000000 0.598516 
2472 0.000000 0.609514 
2473 0.000000 0.620679 
2474 0.000000 0.632014 
2475 0.000000 0.643519 
2476 0.000000 0.655198 
2477 0.000000 0.667052 
2478 0.000000 0.679082 
2479 0.000000 0.691291 
2480 0.000000 0.703680 
2481 0.000000 0.716251 
2482 0.000000 0.729007 
2483 0.000000 0.741948 
2484 0.000000 0.755077 
2485 0.000000 0.768395 
2486 0.000000 0.781905 
2487 0.000000 0.795608 
2488 0.000000 0.809506 
2489 0.000000 0.823601 
2490 0.000000 0.837895 
2491 0.000000 0.852390 
2492 0.000000 0.867087 
2493 0.000000 0.881988 
2494 0.000000 0.897096 
2495 0.000000 0.912411 
2496 0.000000 0.927936 
2497 0.000000 0.943673 
2498 0.000000 0.959624 
2499 0.000000 0.975790 
2500 0.000000 0.992172 
2501 0.000000 1.008774 
2502 0.000000 1.025597 
2503 0.000000 1.042642 
2504 0.000000 1.059911 
2505 0.000000 1.077407 
2506 0.000000 1.095130 
2507 0.000000 1.113083 
2508 0.000000 1.131267 
2509 0.000000 1.149684 
2510 0.000000 1.168336 
2511 0.000000 1.187225 
2512 0.000000 1.206352 
2513 0.000000 1.225719 
2514 0.000000 1.245327 
2515 0.000000 1.265179 
2516 0.000000 1.285276 
2517 0.000000 1.305619 
2518 0.000000 1.326211 
2519 0.000000 1.347052 
2520 0.000000 1.368145 
2521 0.000000 1.389490 
2522 0.000000 1.411090 
2523 0.000000 1.432946 
2524 0.000000 1.455060 
2525 0.000000 1.477433 
2526 0.000000 1.500066 
2527 0.000000 1.522962 
2528 0.000000 1.546121 
2529 0.000000 1.569544 
2530 0.000000 1.593234 
2531 0.000000 1.617191 
2532 0.000000 1.641418 
2533 0.000000 1.665914 
2534 0.000000 1.690682 
2535 0.000000 1.715723 
2536 0.000000 1.741038 
2537 0.000000 1.766628 
2538 0.000000 1.792495 
2539 0.000000 1.818639 
2540 0.000000 1.845061 
2541 0.000000 1.871764 
2542 0.000000 1.898747 
2543 0.000000 1.926012 
2544 0.000000 1.953560 
2545 0.000000 1.981392 
2546 0.000000 2.009508 
2547 0.000000 2.037910 
2548 0.000000 2.066598 
2549 0.000000 2.095574 
2550 0.000000 2.124838 
2551 0.000000 2.154390 
2552 0.000000 2.184232 
2553 0.000000 2.214365 
2554 0.000000 2.244788 
2555 0.000000 2.275502 
2556 0.000000 2.306508 
2557 0.000000 2.337807 
2558 0.000000 2.369399 
2559 0.000000 2.401284 
2560 0.000000 2.433463 
2561 0.000000 2.465935 
2562 0.000000 2.498702 
2563 0.000000 2.531764 
2564 0.000000 2.565120 
2565 0.000000 2.598772 
2566 0.000000 2.632718 
2567 0.000000 2.666959 
2568 0.000000 2.701496 
2569 0.000000 2.736327 
2570 0.000000 2.771454 
2571 0.000000 2.806875 
2572 0.000000 2.842591 
2573 0.000000 2.878601 
2574 0.000000 2.914905 
2575 0.000000 2.951502 
2576 0.000000 2.988393 
2577 0.000000 3.025577 
2578 0.000000 3.063053 
2579 0.000000 3.100821 
2580 0.000000 3.138880 
2581 0.000000 3.177229 
2582 0.000000 3.215868 
2583 0.000000 3.254796 
2584 0.000000 3.294012 
2585 0.000000 3.333515 
2586 0.000000 3.373304 
2587 0.000000 3.413378 
2588 0.000000 3.453736 
2589 0.000000 3.494377 
2590 0.000000 3.535299 
2591 0.000000 3.576502 
2592 0.000000 3.617983 
2593 0.000000 3.659743 
2594 0.000000 3.701778 
2595 0.000000 3.744088 
2596 0.000000 3.786671 
2597 0.000000 3.829525 
2598 0.000000 3.872649 
2599 0.000000 3.916040 
2600 0.000000 3.959698 
2601 0.000000 4.003619 
2602 0.000000 4.047803 
2603 0.000000 4.092246 
2604 0.000000 4.136948 
2605 0.000000 4.181905 
2606 0.000000 4.227116 
2607 0.000000 4.272578 
2608 0.000000 4.318288 
2609 0.000000 4.364245 
2610 0.000000 4.410446 
2611 0.000000 4.456888 
2612 0.000000 4.503568 
2613 0.000000 4.550484 
2614 0.000000 4.597634 
2615 0.000000 4.645013 
2616 0.000000 4.692620 
2617 0.000000 4.740451 
2618 0.000000 4.788504 
2619 0.000000 4.836774 
2620 0.000000 4.885260 
2621 0.000000 4.933957 
2622 0.000000 4.982862 
2623 0.000000 5.031972 
2624 0.000000 5.081284 
2625 0.000000 5.130794 
2626 0.000000 5.180497 
2627 0.000000 5.230392 
2628 0.000000 5.280473 
2629 0.000000 5.330738 
2630 0.000000 5.381182 
2631 0.000000 5.431801 
2632 0.000000 5.482591 
2633 0.000000 5.533549 
2634 0.000000 5.584669 
2635 0.000000 5.635949 
2636 0.000000 5.687383 
2637 0.000000 5.738967 
2638 0.000000 5.790697 
2639 0.000000 5.842569 
2640 0.000000 5.894577 
2641 0.000000 5.946718 
2642 0.000000 5.998986 
2643 0.000000 6.051378 
2644 0.000000 6.103887 
2645 0.000000 6.156510 
2646 0.000000 6.209241 
2647 0.000000 6.262076 
2648 0.000000 6.315009 
2649 0.000000 6.368035 
2650 0.000000 6.421150 
2651 0.000000 6.474347 
2652 0.000000 6.527623 
2653 0.000000 6.580970 
2654 0.000000 6.634385 
2655 0.000000 6.687862 
2656 0.000000 6.741395 
2657 0.000000 6.794979 
2658 0.000000 6.848607 
2659 0.000000 6.902275 
2660 0.000000 6.955977 
2661 0.000000 7.009707 
2662 0.000000 7.063460 
2663 0.000000 7.117229 
2664 0.000000 7.171008 
2665 0.000000 7.224792 
2666 0.000000 7.278575 
2667 0.000000 7.332351 
2668 0.000000 7.386113 
2669 0.000000 7.439856 
2670 0.000000 7.493573 
2671 0.000000 7.547258 
2672 0.000000 7.600906 
2673 0.000000 7.654509 
2674 0.000000 7.708061 
2675 0.000000 7.761557 
2676 0.000000 7.814990 
2677 0.000000 7.868353 
2678 0.000000 7.921640 
2679 0.000000 7.974845 
2680 0.000000 8.027960 
2681 0.000000 8.080980 
2682 0.000000 8.133898 
2683 0.000000 8.186708 
2684 0.000000 8.239402 
2685 0.000000 8.291975 
2686 0.000000 8.344419 
2687 0.000000 8.396728 
2688 0.000000 8.448895 
2689 0.000000 8.500914 
2690 0.000000 8.552777 
2691 0.000000 8.604479 
2692 0.000000 8.656012 
2693 0.000000 8.707369 
2694 0.000000 8.758545 
2695 0.000000 8.809531 
2696 0.000000 8.860322 
2697 0.000000 8.910910 
2698 0.000000 8.961289 
2699 0.000000 9.011452 
2700 0.000000 9.061391 
2701 0.000000 9.111102 
2702 0.000000 9.160575 
2703 0.000000 9.209806 
2704 0.000000 9.258786 
2705 0.000000 9.307509 
2706 0.000000 9.355969 
2707 0.000000 9.404158 
2708 0.000000 9.452070 
2709 0.000000 9.499698 
2710 0.000000 9.547036 
2711 0.000000 9.594076 
2712 0.000000 9.640812 
2713 0.000000 9.687237 
2714 0.000000 9.733345 
2715 0.000000 9.779129 
2716 0.000000 9.824581 
2717 0.000000 9.869697 
2718 0.000000 9.914469 
2719 0.000000 9.958890 
2720 0.000000 10.002954 
2721 0.000000 10.046655 
2722 0.000000 10.089986 
2723 0.000000 10.132941 
2724 0.000000 10.175513 
2725 0.000000 10.217696 
2726 0.000000 10.259483 
2727 0.000000 10.300869 
2728 0.000000 10.341847 
2729 0.000000 10.382411 
2730 0.000000 10.422555 
2731 0.000000 10.462273 
2732 0.000000 10.501558 
2733 0.000000 10.540405 
2734 0.000000 10.578808 
2735 0.000000 10.616761 
2736 0.000000 10.654257 
2737 0.000000 10.691292 
2738 0.000000 10.727860 
2739 0.000000 10.763954 
2740 0.000000 10.799570 
2741 0.000000 10.834701 
2742 0.000000 10.869343 
2743 0.000000 10.903489 
2744 0.000000 10.937135 
2745 0.000000 10.970275 
2746 0.000000 11.002903 
2747 0.000000 11.035016 
2748 0.000000 11.066607 
2749 0.000000 11.097672 
2750 0.000000 11.128206 
2751 0.000000 11.158204 
2752 0.000000 11.187661 
2753 0.000000 11.216572 
2754 0.000000 11.244934 
2755 0.000000 11.272740 
2756 0.000000 11.299987 
2757 0.000000 11.326671 
2758 0.000000 11.352787 
2759 0.000000 11.378331 
2760 0.000000 11.403298 
2761 0.000000 11.427686 
2762 0.000000 11.451489 
2763 0.000000 11.474704 
2764 0.000000 11.497327 
2765 0.000000 11.519355 
2766 0.000000 11.540784 
2767 0.000000 11.561610 
2768 0.000000 11.581830 
2769 0.000000 11.601441 
2770 0.000000 11.620439 
2771 0.000000 11.638822 
2772 0.000000 11.656586 
2773 0.000000 11.673728 
2774 0.000000 11.690246 
2775 0.000000 11.706137 
2776 0.000000 11.721399 
2777 0.000000 11.736028 
2778 0.000000 11.750023 
2779 0.000000 11.763380 
2780 0.000000 11.776099 
2781 0.000000 11.788176 
2782 0.000000 11.799610 
2783 0.000000 11.810399 
2784 0.000000 11.820541 
2785 0.000000 11.830035 
2786 0.000000 11.838878 
2787 0.000000 11.847070 
2788 0.000000 11.854608 
2789 0.000000 11.861493 
2790 0.000000 11.867722 
2791 0.000000 11.873295 
2792 0.000000 11.878210 
2793 0.000000 11.882467 
2794 0.000000 11.886065 
2795 0.000000 11.889004 
2796 0.000000 11.891283 
2797 0.000000 11.892902 
2798 0.000000 11.893860 
2799 0.000000 11.894157 
2800 0.000000 11.893794 
2801 0.000000 11.892770 
2802 0.000000 11.891085 
2803 0.000000 11.888740 
2804 0.000000 11.885735 
2805 0.000000 11.882071 
2806 0.000000 11.877748 
2807 0.000000 11.872767 
2808 0.000000 11.867129 
2809 0.000000 11.860835 
2810 0.000000 11.853886 
2811 0.000000 11.846282 
2812 0.000000 11.838026 
2813 0.000000 11.829118 
2814 0.000000 11.819560 
2815 0.000000 11.809354 
2816 0.000000 11.798502 
2817 0.000000 11.787004 
2818 0.000000 11.774864 
2819 0.000000 11.762083 
2820 0.000000 11.748663 
2821 0.000000 11.734607 
2822 0.000000 11.719916 
2823 0.000000 11.704593 
2824 0.000000 11.688642 
2825 0.000000 11.672063 
2826 0.000000 11.654861 
2827 0.000000 11.637037 
2828 0.000000 11.618596 
2829 0.000000 11.599539 
2830 0.000000 11.579871 
2831 0.000000 11.559593 
2832 0.000000 11.538711 
2833 0.000000 11.517226 
2834 0.000000 11.495142 
2835 0.000000 11.472464 
2836 0.000000 11.449195 
2837 0.000000 11.425338 
2838 0.000000 11.400897 
2839 0.000000 11.375877 
2840 0.000000 11.350282 
2841 0.000000 11.324115 
2842 0.000000 11.297381 
2843 0.000000 11.270084 
2844 0.000000 11.242228 
2845 0.000000 11.213819 
2846 0.000000 11.184860 
2847 0.000000 11.155356 
2848 0.000000 11.125312 
2849 0.000000 11.094733 
2850 0.000000 11.063623 
2851 0.000000 11.031988 
2852 0.000000 10.999833 
2853 0.000000 10.967162 
2854 0.000000 10.933980 
2855 0.000000 10.900294 
2856 0.000000 10.866108 
2857 0.000000 10.831428 
2858 0.000000 10.796259 
2859 0.000000 10.760606 
2860 0.000000 10.724475 
2861 0.000000 10.687872 
2862 0.000000 10.650803 
2863 0.000000 10.613273 
2864 0.000000 10.575287 
2865 0.000000 10.536853 
2866 0.000000 10.497975 
2867 0.000000 10.458659 
2868 0.000000 10.418913 
2869 0.000000 10.378741 
2870 0.000000 10.338149 
2871 0.000000 10.297145 
2872 0.000000 10.255734 
2873 0.000000 10.213922 
2874 0.000000 10.171715 
2875 0.000000 10.129121 
2876 0.000000 10.086144 
2877 0.000000 10.042793 
2878 0.000000 9.999072 
2879 0.000000 9.954989 
2880 0.000000 9.910550 
2881 0.000000 9.865761 
2882 0.000000 9.820630 
2883 0.000000 9.775162 
2884 0.000000 9.729364 
2885 0.000000 9.683243 
2886 0.000000 9.636806 
2887 0.000000 9.590059 
2888 0.000000 9.543009 
2889 0.000000 9.495662 
2890 0.000000 9.448025 
2891 0.000000 9.400106 
2892 0.000000 9.351910 
2893 0.000000 9.303445 
2894 0.000000 9.254717 
2895 0.000000 9.205733 
2896 0.000000 9.156500 
2897 0.000000 9.107024 
2898 0.000000 9.057313 
2899 0.000000 9.007373 
2900 0.000000 8.957211 
2901 0.000000 8.906834 
2902 0.000000 8.856249 
2903 0.000000 8.805462 
2904 0.000000 8.754480 
2905 0.000000 8.703309 
2906 0.000000 8.651958 
2907 0.000000 8.600432 
2908 0.000000 8.548738 
2909 0.000000 8.496884 
2910 0.000000 8.444874 
2911 0.000000 8.392718 
2912 0.000000 8.340420 
2913 0.000000 8.287988 
2914 0.000000 8.235428 
2915 0.000000 8.182748 
2916 0.000000 8.129953 
2917 0.000000 8.077050 
2918 0.000000 8.024046 
2919 0.000000 7.970947 
2920 0.000000 7.917760 
2921 0.000000 7.864491 
2922 0.000000 7.811147 
2923 0.000000 7.757734 
2924 0.000000 7.704258 
2925 0.000000 7.650727 
2926 0.000000 7.597145 
2927 0.000000 7.543520 
2928 0.000000 7.489858 
2929 0.000000 7.436165 
2930 0.000000 7.382446 
2931 0.000000 7.328709 
2932 0.000000 7.274960 
2933 0.000000 7.221203 
2934 0.000000 7.167446 
2935 0.000000 7.113694 
2936 0.000000 7.059953 
2937 0.000000 7.006229 
2938 0.000000 6.952529 
2939 0.000000 6.898856 
2940 0.000000 6.845218 
2941 0.000000 6.791620 
2942 0.000000 6.738068 
2943 0.000000 6.684567 
2944 0.000000 6.631123 
2945 0.000000 6.577740 
2946 0.000000 6.524426 
2947 0.000000 6.471184 
2948 0.000000 6.418020 
2949 0.000000 6.364940 
2950 0.000000 6.311949 
2951 0.000000 6.259051 
2952 0.000000 6.206252 
2953 0.000000 6.153557 
2954 0.000000 6.100970 
2955 0.000000 6.048497 
2956 0.000000 5.996143 
2957 0.000000 5.943912 
2958 0.000000 5.891809 
2959 0.000000 5.839838 
2960 0.000000 5.788005 
2961 0.000000 5.736313 
2962 0.000000 5.684767 
2963 0.000000 5.633372 
2964 0.000000 5.582132 
2965 0.000000 5.531050 
2966 0.000000 5.480132 
2967 0.000000 5.429381 
2968 0.000000 5.378802 
2969 0.000000 5.328398 
2970 0.000000 5.278174 
2971 0.000000 5.228133 
2972 0.000000 5.178278 
2973 0.000000 5.128615 
2974 0.000000 5.079146 
2975 0.000000 5.029875 
2976 0.000000 4.980805 
2977 0.000000 4.931941 
2978 0.000000 4.883284 
2979 0.000000 4.834840 
2980 0.000000 4.786610 
2981 0.000000 4.738599 
2982 0.000000 4.690808 
2983 0.000000 4.643242 
2984 0.000000 4.595904 
2985 0.000000 4.548795 
2986 0.000000 4.501919 
2987 0.000000 4.455280 
2988 0.000000 4.408878 
2989 0.000000 4.362718 
2990 0.000000 4.316802 
2991 0.000000 4.271132 
2992 0.000000 4.225710 
2993 0.000000 4.180539 
2994 0.000000 4.135622 
2995 0.000000 4.090961 
2996 0.000000 4.046557 
2997 0.000000 4.002413 
2998 0.000000 3.958531 
2999 0.000000 3.914912 
3000 0.000000 3.871560 
3001 0.000000 3.828475 
3002 0.000000 3.785659 
3003 0.000000 3.743115 
3004 0.000000 3.700843 
3005 0.000000 3.658846 
3006 0.000000 3.617124 
3007 0.000000 3.575680 
3008 0.000000 3.534515 
3009 0.000000 3.493629 
3010 0.000000 3.453025 
3011 0.000000 3.412704 
3012 0.000000 3.372666 
3013 0.000000 3.332913 
3014 0.000000 3.293446 
3015 0.000000 3.254265 
3016 0.000000 3.215372 
3017 0.000000 3.176768 
3018 0.000000 3.138453 
3019 0.000000 3.100428 
3020 0.000000 3.062694 
3021 0.000000 3.025251 
3022 0.000000 2.988101 
3023 0.000000 2.951242 
3024 0.000000 2.914677 
3025 0.000000 2.878405 
3026 0.000000 2.842426 
3027 0.000000 2.806742 
3028 0.000000 2.771352 
3029 0.000000 2.736256 
3030 0.000000 2.701455 
3031 0.000000 2.666948 
3032 0.000000 2.632736 
3033 0.000000 2.598819 
3034 0.000000 2.565196 
3035 0.000000 2.531868 
3036 0.000000 2.498835 
3037 0.000000 2.466095 
3038 0.000000 2.433649 
3039 0.000000 2.401497 
3040 0.000000 2.369639 
3041 0.000000 2.338073 
3042 0.000000 2.306800 
3043 0.000000 2.275818 
3044 0.000000 2.245129 
3045 0.000000 2.214730 
3046 0.000000 2.184621 
3047 0.000000 2.154803 
3048 0.000000 2.125273 
3049 0.000000 2.096032 
3050 0.000000 2.067079 
3051 0.000000 2.038412 
3052 0.000000 2.010032 
3053 0.000000 1.981936 
3054 0.000000 1.954125 
3055 0.000000 1.926597 
3056 0.000000 1.899352 
3057 0.000000 1.872388 
3058 0.000000 1.845704 
3059 0.000000 1.819300 
3060 0.000000 1.793174 
3061 0.000000 1.767326 
3062 0.000000 1.741753 
3063 0.000000 1.716455 
3064 0.000000 1.691430 
3065 0.000000 1.666678 
3066 0.000000 1.642197 
3067 0.000000 1.617986 
3068 0.000000 1.594044 
3069 0.000000 1.570368 
3070 0.000000 1.546959 
3071 0.000000 1.523814 
3072 0.000000 1.500932 
3073 0.000000 1.478311 
3074 0.000000 1.455951 
3075 0.000000 1.433849 
3076 0.000000 1.412005 
3077 0.000000 1.390416 
3078 0.000000 1.369081 
3079 0.000000 1.347999 
3080 0.000000 1.327168 
3081 0.000000 1.306586 
3082 0.000000 1.286252 
3083 0.000000 1.266165 
3084 0.000000 1.246322 
3085 0.000000 1.226722 
3086 0.000000 1.207363 
3087 0.000000 1.188244 
3088 0.000000 1.169362 
3089 0.000000 1.150717 
3090 0.000000 1.132306 
3091 0.000000 1.114129 
3092 0.000000 1.096182 
3093 0.000000 1.078464 
3094 0.000000 1.060974 
3095 0.000000 1.043710 
3096 0.000000 1.026669 
3097 0.000000 1.009851 
3098 0.000000 0.993254 
3099 0.000000 0.976874 
3100 0.000000 0.960712 
3101 0.000000 0.944765 
3102 0.000000 0.929031 
3103 0.000000 0.913508 
3104 0.000000 0.898195 
3105 0.000000 0.883089 
3106 0.000000 0.868190 
3107 0.000000 0.853494 
3108 0.000000 0.839001 
3109 0.000000 0.824708 
3110 0.000000 0.810613 
3111 0.000000 0.796716 
3112 0.000000 0.783013 
3113 0.000000 0.769503 
3114 0.000000 0.756184 
3115 0.000000 0.743055 
3116 0.000000 0.730113 
3117 0.000000 0.717357 
3118 0.000000 0.704784 
3119 0.000000 0.692393 
3120 0.000000 0.680183 
3121 0.000000 0.668151 
3122 0.000000 0.656295 
3123 0.000000 0.644614 
3124 0.000000 0.633106 
3125 0.000000 0.621768 
3126 0.000000 0.610600 
3127 0.000000 0.599599 
3128 0.000000 0.588764 
3129 0.000000 0.578092 
3130 0.000000 0.567583 
3131 0.000000 0.557233 
3132 0.000000 0.547042 
3133 0.000000 0.537008 
3134 0.000000 0.527128 
3135 0.000000 0.517402 
3136 0.000000 0.507826 
3137 0.000000 0.498401 
3138 0.000000 0.489123 
3139 0.000000 0.479991 
3140 0.000000 0.471004 
3141 0.000000 0.462159 
3142 0.000000 0.453455 
3143 0.000000 0.444891 
3144 0.000000 0.436464 
3145 0.000000 0.428173 
3146 0.000000 0.420016 
3147 0.000000 0.411991 
3148 0.000000 0.404098 
3149 0.000000 0.396334 
3150 0.000000 0.388697 
3151 0.000000 0.381187 
3152 0.000000 0.373800 
3153 0.000000 0.366537 
3154 0.000000 0.359395 
3155 0.000000 0.352372 
3156 0.000000 0.345468 
3157 0.000000 0.338680 
3158 0.000000 0.332007 
3159 0.000000 0.325447 
3160 0.000000 0.319000 
3161 0.000000 0.312662 
3162 0.000000 0.306434 
3163 0.000000 0.300313 
3164 0.000000 0.294298 
3165 0.000000 0.288388 
3166 0.000000 0.282580 
3167 0.000000 0.276874 
3168 0.000000 0.271269 
3169 0.000000 0.265762 
3170 0.000000 0.260352 
3171 0.000000 0.255039 
3172 0.000000 0.249820 
3173 0.000000 0.244694 
3174 0.000000 0.239660 
3175 0.000000 0.234717 
3176 0.000000 0.229862 
3177 0.000000 0.225096 
3178 0.000000 0.220417 
3179 0.000000 0.215822 
3180 0.000000 0.211312 
3181 0.000000 0.206885 
3182 0.000000 0.202539 
3183 0.000000 0.198273 
3184 0.000000 0.194087 
3185 0.000000 0.189978 
3186 0.000000 0.185946 
3187 0.000000 0.181989 
3188 0.000000 0.178107 
3189 0.000000 0.174298 
3190 0.000000 0.170561 
3191 0.000000 0.166895 
3192 0.000000 0.163298 
3193 0.000000 0.159771 
3194 0.000000 0.156310 
3195 0.000000 0.152917 
3196 0.000000 0.149588 
3197 0.000000 0.146324 
3198 0.000000 0.143123 
3199 0.000000 0.139985 
3200 0.000000 0.136908 
3201 0.000000 0.133891 
3202 0.000000 0.130933 
3203 0.000000 0.128033 
3204 0.000000 0.125191 
3205 0.000000 0.122405 
3206 0.000000 0.119674 
3207 0.000000 0.116998 
3208 0.000000 0.114375 
3209 0.000000 0.111805 
3210 0.000000 0.109287 
3211 0.000000 0.106819 
3212 0.000000 0.104402 
3213 0.000000 0.102033 
3214 0.000000 0.099713 
3215 0.000000 0.097440 
3216 0.000000 0.095213 
3217 0.000000 0.093032 
3218 0.000000 0.090897 
3219 0.000000 0.088805 
3220 0.000000 0.086756 
3221 0.000000 0.084751 
3222 0.000000 0.082786 
3223 0.000000 0.080863 
3224 0.000000 0.078981 
3225 0.000000 0.077137 
3226 0.000000 0.075333 
3227 0.000000 0.073567 
3228 0.000000 0.071838 
3229 0.000000 0.070146 
3230 0.000000 0.068490 
3231 0.000000 0.066869 
3232 0.000000 0.065284 
3233 0.000000 0.063732 
3234 0.000000 0.062213 
3235 0.000000 0.060728 
3236 0.000000 0.059275 
3237 0.000000 0.057853 
3238 0.000000 0.056462 
3239 0.000000 0.055101 
3240 0.000000 0.053771 
3241 0.000000 0.052469 
3242 0.000000 0.051197 
3243 0.000000 0.049952 
3244 0.000000 0.048735 
3245 0.000000 0.047545 
3246 0.000000 0.046381 
3247 0.000000 0.045244 
3248 0.000000 0.044132 
3249 0.000000 0.043044 
3250 0.000000 0.041982 
3251 0.000000 0.040943 
3252 0.000000 0.039928 
3253 0.000000 0.038935 
3254 0.000000 0.037966 
3255 0.000000 0.037018 
3256 0.000000 0.036092 
3257 0.000000 0.035187 
3258 0.000000 0.034303 
3259 0.000000 0.033440 
3260 0.000000 0.032596 
3261 0.000000 0.031772 
3262 0.000000 0.030967 
3263 0.000000 0.030181 
3264 0.000000 0.029413 
3265 0.000000 0.028663 
3266 0.000000 0.027930 
3267 0.000000 0.027215 
3268 0.000000 0.026517 
3269 0.000000 0.025835 
3270 0.000000 0.025169 
3271 0.000000 0.024519 
3272 0.000000 0.023884 
3273 0.000000 0.023265 
3274 0.000000 0.022660 
3275 0.000000 0.022070 
3276 0.000000 0.021495 
3277 0.000000 0.020932 
3278 0.000000 0.020384 
3279 0.000000 0.019849 
3280 0.000000 0.019327 
3281 0.000000 0.018817 
3282 0.000000 0.018320 
3283 0.000000 0.017835 
3284 0.000000 0.017362 
3285 0.000000 0.016901 
3286 0.000000 0.016450 
3287 0.000000 0.016011 
3288 0.000000 0.015583 
3289 0.000000 0.015166 
3290 0.000000 0.014758 
3291 0.000000 0.014361 
3292 0.000000 0.013974 
3293 0.000000 0.013597 
3294 0.000000 0.013229 
3295 0.000000 0.012870 
3296 0.000000 0.012520 
3297 0.000000 0.012180 
3298 0.000000 0.011847 
3299 0.000000 0.011523 
3300 0.000000 0.011208 
3301 0.000000 0.010900 
3302 0.000000 0.010601 
3303 0.000000 0.010309 
3304 0.000000 0.010024 
3305 0.000000 0.009747 
3306 0.000000 0.009477 
3307 0.000000 0.009214 
3308 0.000000 0.008957 
3309 0.000000 0.008708 
3310 0.000000 0.008464 
3311 0.000000 0.008228 
3312 0.000000 0.007997 
3313 0.000000 0.007772 
3314 0.000000 0.007554 
3315 0.000000 0.007341 
3316 0.000000 0.007133 
3317 0.000000 0.006931 
3318 0.000000 0.006735 
3319 0.000000 0.006543 
3320 0.000000 0.006357 
3321 0.000000 0.006176 
3322 0.000000 0.005999 
3323 0.000000 0.005828 
3324 0.000000 0.005661 
3325 0.000000 0.005498 
3326 0.000000 0.005340 
3327 0.000000 0.005186 
3328 0.000000 0.005036 
3329 0.000000 0.004890 
3330 0.000000 0.004748 
3331 0.000000 0.004610 
3332 0.000000 0.004476 
3333 0.000000 0.004345 
3334 0.000000 0.004218 
3335 0.000000 0.004095 
3336 0.000000 0.003975 
3337 0.000000 0.003858 
3338 0.000000 0.003745 
3339 0.000000 0.003634 
3340 0.000000 0.003527 
3341 0.000000 0.003422 
3342 0.000000 0.003321 
3343 0.000000 0.003222 
3344 0.000000 0.003126 
3345 0.000000 0.003033 
3346 0.000000 0.002943 
3347 0.000000 0.002855 
3348 0.000000 0.002769 
3349 0.000000 0.002686 
3350 0.000000 0.002605 
3351 0.000000 0.002527 
3352 0.000000 0.002450 
3353 0.000000 0.002376 
3354 0.000000 0.002304 
3355 0.000000 0.002234 
3356 0.000000 0.002166 
3357 0.000000 0.002100 
3358 0.000000 0.002036 
3359 0.000000 0.001974 
3360 0.000000 0.001914 
3361 0.000000 0.001855 
3362 0.000000 0.001798 
3363 0.000000 0.001743 
3364 0.000000 0.001689 
3365 0.000000 0.001637 
3366 0.000000 0.001586 
3367 0.000000 0.001537 
3368 0.000000 0.001489 
3369 0.000000 0.001443 
3370 0.000000 0.001398 
3371 0.000000 0.001354 
3372 0.000000 0.001312 
3373 0.000000 0.001271 
3374 0.000000 0.001231 
3375 0.000000 0.001192 
3376 0.000000 0.001155 
3377 0.000000 0.001118 
3378 0.000000 0.001083 
3379 0.000000 0.001049 
3380 0.000000 0.001016 
3381 0.000000 0.000983 
3382 0.000000 0.000952 
3383 0.000000 0.000922 
3384 0.000000 0.000892 
3385 0.000000 0.000864 
3386 0.000000 0.000836 
3387 0.000000 0.000809 
3388 0.000000 0.000783 
3389 0.000000 0.000758 
3390 0.000000 0.000734 
3391 0.000000 0.000710 
3392 0.000000 0.000687 
3393 0.000000 0.000665 
3394 0.000000 0.000643 
3395 0.000000 0.000622 
3396 0.000000 0.000602 
3397 0.000000 0.000583 
3398 0.000000 0.000564 
3399 0.000000 0.000545 
3400 0.000000 0.000527 
3401 0.000000 0.000510 
3402 0.000000 0.000493 
3403 0.000000 0.000477 
3404 0.000000 0.000461 
3405 0.000000 0.000446 
3406 0.000000 0.000431 
3407 0.000000 0.000417 
3408 0.000000 0.000403 
3409 0.000000 0.000390 
3410 0.000000 0.000377 
3411 0.000000 0.000364 
3412 0.000000 0.000352 
3413 0.000000 0.000340 
3414 0.000000 0.000329 
3415 0.000000 0.000318 
3416 0.000000 0.000307 
3417 0.000000 0.000297 
3418 0.000000 0.000287 
3419 0.000000 0.000277 
3420 0.000000 0.000268 
3421 0.000000 0.000259 
3422 0.000000 0.000250 
3423 0.000000 0.000241 
3424 0.000000 0.000233 
3425 0.000000 0.000225 
3426 0.000000 0.000217 
3427 0.000000 0.000210 
3428 0.000000 0.000203 
3429 0.000000 0.000196 
3430 0.000000 0.000189 
3431 0.000000 0.000183 
3432 0.000000 0.000176 
3433 0.000000 0.000170 
3434 0.000000 0.000164 
3435 0.000000 0.000159 
3436 0.000000 0.000153 
3437 0.000000 0.000148 
3438 0.000000 0.000143 
3439 0.000000 0.000138 
3440 0.000000 0.000133 
3441 0.000000 0.000128 
3442 0.000000 0.000124 
3443 0.000000 0.000119 
3444 0.000000 0.000115 
3445 0.000000 0.000111 
3446 0.000000 0.000107 
3447 0.000000 0.000104 
3448 0.000000 0.000100 
3449 0.000000 0.000096 
3450 0.000000 0.000093 
3451 0.000000 0.000090 
3452 0.000000 0.000086 
3453 0.000000 0.000083 
3454 0.000000 0.000080 
3455 0.000000 0.000078 
3456 0.000000 0.000075 
3457 0.000000 0.000072 
3458 0.000000 0.000069 
3459 0.000000 0.000067 
3460 0.000000 0.000065 
3461 0.000000 0.000062 
3462 0.000000 0.000060 
3463 0.000000 0.000058 
3464 0.000000 0.000056 
3465 0.000000 0.000054 
3466 0.000000 0.000052 
3467 0.000000 0.000050 
3468 0.000000 0.000048 
3469 0.000000 0.000046 
3470 0.000000 0.000045 
3471 0.000000 0.000043 
3472 0.000000 0.000041 
3473 0.000000 0.000040 
3474 0.000000 0.000038 
3475 0.000000 0.000037 
3476 0.000000 0.000036 
3477 0.000000 0.000034 
3478 0.000000 0.000033 
3479 0.000000 0.000032 
3480 0.000000 0.000031 
3481 0.000000 0.000030 
3482 0.000000 0.000028 
3483 0.000000 0.000027 
3484 0.000000 0.000026 
3485 0.000000 0.000025 
3486 0.000000 0.000024 
3487 0.000000 0.000024 
3488 0.000000 0.000023 
3489 0.000000 0.000022 
3490 0.000000 0.000021 
3491 0.000000 0.000020 
3492 0.000000 0.000019 
3493 0.000000 0.000019 
3494 0.000000 0.000018 
3495 0.000000 0.000017 
3496 0.000000 0.000017 
3497 0.000000 0.000016 
3498 0.000000 0.000015 
3499 0.000000 0.000015 
3500 0.000000 0.000014 
3501 0.000000 0.000014 
3502 0.000000 0.000013 
3503 0.000000 0.000013 
3504 0.000000 0.000012 
3505 0.000000 0.000012 
3506 0.000000 0.000011 
3507 0.000000 0.000011 
3508 0.000000 0.000010 
3509 0.000000 0.000010 
3510 0.000000 0.000010 
3511 0.000000 0.000009 
3512 0.000000 0.000009 
3513 0.000000 0.000009 
3514 0.000000 0.000008 
3515 0.000000 0.000008 
3516 0.000000 0.000008 
3517 0.000000 0.000007 
3518 0.000000 0.000007 
3519 0.000000 0.000007 
3520 0.000000 0.000006 
3521 0.000000 0.000006 
3522 0.000000 0.000006 
3523 0.000000 0.000006 
3524 0.000000 0.000006 
3525 0.000000 0.000005 
3526 0.000000 0.000005 
3527 0.000000 0.000005 
3528 0.000000 0.000005 
3529 0.000000 0.000005 
3530 0.000000 0.000004 
3531 0.000000 0.000004 
3532 0.000000 0.000004 
3533 0.000000 0.000004 
3534 0.000000 0.000004 
3535 0.000000 0.000004 
3536 0.000000 0.000003 
3537 0.000000 0.000003 
3538 0.000000 0.000003 
3539 0.000000 0.000003 
3540 0.000000 0.000003 
3541 0.000000 0.000003 
3542 0.000000 0.000003 
3543 0.000000 0.000003 
3544 0.000000 0.000002 
3545 0.000000 0.000002 
3546 0.000000 0.000002 
3547 0.000000 0.000002 
3548 0.000000 0.000002 
3549 0.000000 0.000002 
3550 0.000000 0.000002 
3551 0.000000 0.000002 
3552 0.000000 0.000002 
3553 0.000000 0.000002 
3554 0.000000 0.000002 
3555 0.000000 0.000002 
3556 0.000000 0.000001 
3557 0.000000 0.000001 
3558 0.000000 0.000001 
3559 0.000000 0.000001 
3560 0.000000 0.000001 
3561 0.000000 0.000001 
3562 0.000000 0.000001 
3563 0.000000 0.000001 
3564 0.000000 0.000001 
3565 0.000000 0.000001 
3566 0.000000 0.000001 
3567 0.000000 0.000001 
3568 0.000000 0.000001 
3569 0.000000 0.000001 
3570 0.000000 0.000001 
3571 0.000000 0.000001 
3572 0.000000 0.000001 
3573 0.000000 0.000001 
3574 0.000000 0.000001 
3575 0.000000 0.000001 
3576 0.000000 0.000001 
3577 0.000000 0.000001 
3578 0.000000 0.000001 
3579 0.000000 0.000001 
3580 0.000000 0.000001 
3581 0.000000 0.000001 
3582 0.000000 0.000000 
3583 0.000000 0.000000 
3584 0.000000 0.000000 
3585 0.000000 0.000000 
3586 0.000000 0.000000 
3587 0.000000 0.000000 
3588 0.000000 0.000000 
3589 0.000000 0.000000 
3590 0.000000 0.000000 
3591 0.000000 0.000000 
3592 0.000000 0.000000 
3593 0.000000 0.000000 
3594 0.000000 0.000000 
3595 0.000000 0.000000 
3596 0.000000 0.000000 
3597 0.000000 0.000000 
3598 0.000000 0.000000 
3599 0.000000 0.000000 
3600 0.000000 0.000000 
3601 0.000000 0.000000 
3602 0.000000 0.000000 
3603 0.000000 0.000000 
3604 0.000000 0.000000 
3605 0.000000 0.000000 
3606 0.000000 0.000000 
3607 0.000000 0.000000 
3608 0.000000 0.000000 
3609 0.000000 0.000000 
3610 0.000000 0.000000 
3611 0.000000 0.000000 
3612 0.000000 0.000000 
3613 0.000000 0.000000 
3614 0.000000 0.000000 
3615 0.000000 0.000000 
3616 0.000000 0.000000 
3617 0.000000 0.000000 
3618 0.000000 0.000000 
3619 0.000000 0.000000 
3620 0.000000 0.000000 
3621 0.000000 0.000000 
3622 0.000000 0.000000 
3623 0.000000 0.000000 
3624 0.000000 0.000000 
3625 0.000000 0.000000 
3626 0.000000 0.000000 
3627 0.000000 0.000000 
3628 0.000000 0.000000 
3629 0.000000 0.000000 
3630 0.000000 0.000000 
3631 0.000000 0.000000 
3632 0.000000 0.000000 
3633 0.000000 0.000000 
3634 0.000000 0.000000 
3635 0.000000 0.000000 
3636 0.000000 0.000000 
3637 0.000000 0.000000 
3638 0.000000 0.000000 
3639 0.000000 0.000000 
3640 0.000000 0.000000 
3641 0.000000 0.000000 
3642 0.000000 0.000000 
3643 0.000000 0.000000 
3644 0.000000 0.000000 
3645 0.000000 0.000000 
3646 0.000000 0.000000 
3647 0.000000 0.000000 
3648 0.000000 0.000000 
3649 0.000000 0.000000 
3650 0.000000 0.000000 
3651 0.000000 0.000000 
3652 0.000000 0.000000 
3653 0.000000 0.000000 
3654 0.000000 0.000000 
3655 0.000000 0.000000 
3656 0.000000 0.000000 
3657 0.000000 0.000000 
3658 0.000000 0.000000 
3659 0.000000 0.000000 
3660 0.000000 0.000000 
3661 0.000000 0.000000 
3662 0.000000 0.000000 
3663 0.000000 0.000000 
3664 0.000000 0.000000 
3665 0.000000 0.000000 
3666 0.000000 0.000000 
3667 0.000000 0.000000 
3668 0.000000 0.000000 
3669 0.000000 0.000000 
3670 0.000000 0.000000 
3671 0.000000 0.000000 
3672 0.000000 0.000000 
3673 0.000000 0.000000 
3674 0.000000 0.000000 
3675 0.000000 0.000000 
3676 0.000000 0.000000 
3677 0.000000 0.000000 
3678 0.000000 0.000000 
3679 0.000000 0.000000 
3680 0.000000 0.000000 
3681 0.000000 0.000000 
3682 0.000000 0.000000 
3683 0.000000 0.000000 
3684 0.000000 0.000000 
3685 0.000000 0.000000 
3686 0.000000 0.000000 
3687 0.000000 0.000000 
3688 0.000000 0.000000 
3689 0.000000 0.000000 
3690 0.000000 0.000000 
3691 0.000000 0.000000 
3692 0.000000 0.000000 
3693 0.000000 0.000000 
3694 0.000000 0.000000 
3695 0.000000 0.000000 
3696 0.000000 0.000000 
3697 0.000000 0.000000 
3698 0.000000 0.000000 
3699 0.000000 0.000000 
3700 0.000000 0.000000 
3701 0.000000 0.000000 
3702 0.000000 0.000000 
3703 0.000000 0.000000 
3704 0.000000 0.000000 
3705 0.000000 0.000000 
3706 0.000000 0.000000 
3707 0.000000 0.000000 
3708 0.000000 0.000000 
3709 0.000000 0.000000 
3710 0.000000 0.000000 
3711 0.000000 0.000000 
3712 0.000000 0.000000 
3713 0.000000 0.000000 
3714 0.000000 0.000000 
3715 0.000000 0.000000 
3716 0.000000 0.000000 
3717 0.000000 0.000000 
3718 0.000000 0.000000 
3719 0.000000 0.000000 
3720 0.000000 0.000000 
3721 0.000000 0.000000 
3722 0.000000 0.000000 
3723 0.000000 0.000000 
3724 0.000000 0.000000 
3725 0.000000 0.000000 
3726 0.000000 0.000000 
3727 0.000000 0.000000 
3728 0.000000 0.000000 
3729 0.000000 0.000000 
3730 0.000000 0.000000 
3731 0.000000 0.000000 
3732 0.000000 0.000000 
3733 0.000000 0.000000 
3734 0.000000 0.000000 
3735 0.000000 0.000000 
3736 0.000000 0.000000 
3737 0.000000 0.000000 
3738 0.000000 0.000000 
3739 0.000000 0.000000 
3740 0.000000 0.000000 
3741 0.000000 0.000000 
3742 0.000000 0.000000 
3743 0.000000 0.000000 
3744 0.000000 0.000000 
3745 0.000000 0.000000 
3746 0.000000 0.000000 
3747 0.000000 0.000000 
3748 0.000000 0.000000 
3749 0.000000 0.000000 
3750 0.000000 0.000000 
3751 0.000000 0.000000 
3752 0.000000 0.000000 
3753 0.000000 0.000000 
3754 0.000000 0.000000 
3755 0.000000 0.000000 
3756 0.000000 0.000000 
3757 0.000000 0.000000 
3758 0.000000 0.000000 
3759 0.000000 0.000000 
3760 0.000000 0.000000 
3761 0.000000 0.000000 
3762 0.000000 0.000000 
3763 0.000000 0.000000 
3764 0.000000 0.000000 
3765 0.000000 0.000000 
3766 0.000000 0.000000 
3767 0.000000 0.000000 
3768 0.000000 0.000000 
3769 0.000000 0.000000 
3770 0.000000 0.000000 
3771 0.000000 0.000000 
3772 0.000000 0.000000 
3773 0.000000 0.000000 
3774 0.000000 0.000000 
3775 0.000000 0.000000 
3776 0.000000 0.000000 
3777 0.000000 0.000000 
3778 0.000000 0.000000 
3779 0.000000 0.000000 
3780 0.000000 0.000000 
3781 0.000000 0.000000 
3782 0.000000 0.000000 
3783 0.000000 0.000000 
3784 0.000000 0.000000 
3785 0.000000 0.000000 
3786 0.000000 0.000000 
3787 0.000000 0.000000 
3788 0.000000 0.000000 
3789 0.000000 0.000000 
3790 0.000000 0.000000 
3791 0.000000 0.000000 
3792 0.000000 0.000000 
3793 0.000000 0.000000 
3794 0.000000 0.000000 
3795 0.000000 0.000000 
3796 0.000000 0.000000 
3797 0.000000 0.000000 
3798 0.000000 0.000000 
3799 0.000000 0.000000 
3800 0.000000 0.000000 
3801 0.000000 0.000000 
3802 0.000000 0.000000 
3803 0.000000 0.000000 
3804 0.000000 0.000000 
3805 0.000000 0.000000 
3806 0.000000 0.000000 
3807 0.000000 0.000000 
3808 0.000000 0.000000 
3809 0.000000 0.000000 
3810 0.000000 0.000000 
3811 0.000000 0.000000 
3812 0.000000 0.000000 
3813 0.000000 0.000000 
3814 0.000000 0.000000 
3815 0.000000 0.000000 
3816 0.000000 0.000000 
3817 0.000000 0.000000 
3818 0.000000 0.000000 
3819 0.000000 0.000000 
3820 0.000000 0.000000 
3821 0.000000 0.000000 
3822 0.000000 0.000000 
3823 0.000000 0.000000 
3824 0.000000 0.000000 
3825 0.000000 0.000000 
3826 0.000000 0.000000 
3827 0.000000 0.000000 
3828 0.000000 0.000000 
3829 0.000000 0.000000 
3830 0.000000 0.000000 
3831 0.000000 0.000000 
3832 0.000000 0.000000 
3833 0.000000 0.000000 
3834 0.000000 0.000000 
3835 0.000000 0.000000 
3836 0.000000 0.000000 
3837 0.000000 0.000000 
3838 0.000000 0.000000 
3839 0.000000 0.000000 
3840 0.000000 0.000000 
3841 0.000000 0.000000 
3842 0.000000 0.000000 
3843 0.000000 0.000000 
3844 0.000000 0.000000 
3845 0.000000 0.000000 
3846 0.000000 0.000000 
3847 0.000000 0.000000 
3848 0.000000 0.000000 
3849 0.000000 0.000000 
3850 0.000000 0.000000 
3851 0.000000 0.000000 
3852 0.000000 0.000000 
3853 0.000000 0.000000 
3854 0.000000 0.000000 
3855 0.000000 0.000000 
3856 0.000000 0.000000 
3857 0.000000 0.000000 
3858 0.000000 0.000000 
3859 0.000000 0.000000 
3860 0.000000 0.000000 
3861 0.000000 0.000000 
3862 0.000000 0.000000 
3863 0.000000 0.000000 
3864 0.000000 0.000000 
3865 0.000000 0.000000 
3866 0.000000 0.000000 
3867 0.000000 0.000000 
3868 0.000000 0.000000 
3869 0.000000 0.000000 
3870 0.000000 0.000000 
3871 0.000000 0.000000 
3872 0.000000 0.000000 
3873 0.000000 0.000000 
3874 0.000000 0.000000 
3875 0.000000 0.000000 
3876 0.000000 0.000000 
3877 0.000000 0.000000 
3878 0.000000 0.000000 
3879 0.000000 0.000000 
3880 0.000000 0.000000 
3881 0.000000 0.000000 
3882 0.000000 0.000000 
3883 0.000000 0.000000 
3884 0.000000 0.000000 
3885 0.000000 0.000000 
3886 0.000000 0.000000 
3887 0.000000 0.000000 
3888 0.000000 0.000000 
3889 0.000000 0.000000 
3890 0.000000 0.000000 
3891 0.000000 0.000000 
3892 0.000000 0.000000 
3893 0.000000 0.000000 
3894 0.000000 0.000000 
3895 0.000000 0.000000 
3896 0.000000 0.000000 
3897 0.000000 0.000000 
3898 0.000000 0.000000 
3899 0.000000 0.000000 
3900 0.000000 0.000000 
3901 0.000000 0.000000 
3902 0.000000 0.000000 
3903 0.000000 0.000000 
3904 0.000000 0.000000 
3905 0.000000 0.000000 
3906 0.000000 0.000000 
3907 0.000000 0.000000 
3908 0.000000 0.000000 
3909 0.000000 0.000000 
3910 0.000000 0.000000 
3911 0.000000 0.000000 
3912 0.000000 0.000000 
3913 0.000000 0.000000 
3914 0.000000 0.000000 
3915 0.000000 0.000000 
3916 0.000000 0.000000 
3917 0.000000 0.000000 
3918 0.000000 0.000000 
3919 0.000000 0.000000 
3920 0.000000 0.000000 
3921 0.000000 0.000000 
3922 0.000000 0.000000 
3923 0.000000 0.000000 
3924 0.000000 0.000000 
3925 0.000000 0.000000 
3926 0.000000 0.000000 
3927 0.000000 0.000000 
3928 0.000000 0.000000 
3929 0.000000 0.000000 
3930 0.000000 0.000000 
3931 0.000000 0.000000 
3932 0.000000 0.000000 
3933 0.000000 0.000000 
3934 0.000000 0.000000 
3935 0.000000 0.000000 
3936 0.000000 0.000000 
3937 0.000000 0.000000 
3938 0.000000 0.000000 
3939 0.000000 0.000000 
3940 0.000000 0.000000 
3941 0.000000 0.000000 
3942 0.000000 0.000000 
3943 0.000000 0.000000 
3944 0.000000 0.000000 
3945 0.000000 0.000000 
3946 0.000000 0.000000 
3947 0.000000 0.000000 
3948 0.000000 0.000000 
3949 0.000000 0.000000 
3950 0.000000 0.000000 
3951 0.000000 0.000000 
3952 0.000000 0.000000 
3953 0.000000 0.000000 
3954 0.000000 0.000000 
3955 0.000000 0.000000 
3956 0.000000 0.000000 
3957 0.000000 0.000000 
3958 0.000000 0.000000 
3959 0.000000 0.000000 
3960 0.000000 0.000000 
3961 0.000000 0.000000 
3962 0.000000 0.000000 
3963 0.000000 0.000000 
3964 0.000000 0.000000 
3965 0.000000 0.000000 
3966 0.000000 0.000000 
3967 0.000000 0.000000 
3968 0.000000 0.000000 
3969 0.000000 0.000000 
3970 0.000000 0.000000 
3971 0.000000 0.000000 
3972 0.000000 0.000000 
3973 0.000000 0.000000 
3974 0.000000 0.000000 
3975 0.000000 0.000000 
3976 0.000000 0.000000 
3977 0.000000 0.000000 
3978 0.000000 0.000000 
3979 0.000000 0.000000 
3980 0.000000 0.000000 
3981 0.000000 0.000000 
3982 0.000000 0.000000 
3983 0.000000 0.000000 
3984 0.000000 0.000000 
3985 0.000000 0.000000 
3986 0.000000 0.000000 
3987 0.000000 0.000000 
3988 0.000000 0.000000 
3989 0.000000 0.000000 
3990 0.000000 0.000000 
3991 0.000000 0.000000 
3992 0.000000 0.000000 
3993 0.000000 0.000000 
3994 0.000000 0.000000 
3995 0.000000 0.000000 
3996 0.000000 0.000000 
3997 0.000000 0.000000 
3998 0.000000 0.000000 
3999 0.000000 0.000000 
4000 0.000000 0.000000 
