0 0.000000 0.000000 
1 0.000000 0.000000 
2 0.000000 0.000000 
3 0.000000 0.000000 
4 0.000000 0.000000 
5 0.000000 0.000000 
6 0.000000 0.000000 
7 0.000000 0.000000 
8 0.000000 0.000000 
9 0.000000 0.000000 
10 0.000000 0.000000 
11 0.000000 0.000000 
12 0.000000 0.000000 
13 0.000000 0.000000 
14 0.000000 0.000000 
15 0.000000 0.000000 
16 0.000000 0.000000 
17 0.000000 0.000000 
18 0.000000 0.000000 
19 0.000000 0.000000 
20 0.000000 0.000000 
21 0.000000 0.000000 
22 0.000000 0.000000 
23 0.000000 0.000000 
24 0.000000 0.000000 
25 0.000000 0.000000 
26 0.000000 0.000000 
27 0.000000 0.000000 
28 0.000000 0.000000 
29 0.000000 0.000000 
30 0.000000 0.000000 
31 0.000000 0.000000 
32 0.000000 0.000000 
33 0.000000 0.000000 
34 0.000000 0.000000 
35 0.000000 0.000000 
36 0.000000 0.000000 
37 0.000000 0.000000 
38 0.000000 0.000000 
39 0.000000 0.000000 
40 0.000000 0.000000 
41 0.000000 0.000000 
42 0.000000 0.000000 
43 0.000000 0.000000 
44 0.000000 0.000000 
45 0.000000 0.000000 
46 0.000000 0.000000 
47 0.000000 0.000000 
48 0.000000 0.000000 
49 0.000000 0.000000 
50 0.000000 0.000000 
51 0.000000 0.000000 
52 0.000000 0.000000 
53 0.000000 0.000000 
54 0.000000 0.000000 
55 0.000000 0.000000 
56 0.000000 0.000000 
57 0.000000 0.000000 
58 0.000000 0.000000 
59 0.000000 0.000000 
60 0.000000 0.000000 
61 0.000000 0.000000 
62 0.000000 0.000000 
63 0.000000 0.000000 
64 0.000000 0.000000 
65 0.000000 0.000000 
66 0.000000 0.000000 
67 0.000000 0.000000 
68 0.000000 0.000000 
69 0.000000 0.000000 
70 0.000000 0.000000 
71 0.000000 0.000000 
72 0.000000 0.000000 
73 0.000000 0.000000 
74 0.000000 0.000000 
75 0.000000 0.000000 
76 0.000000 0.000000 
77 0.000000 0.000000 
78 0.000000 0.000000 
79 0.000000 0.000000 
80 0.000000 0.000000 
81 0.000000 0.000000 
82 0.000000 0.000000 
83 0.000000 0.000000 
84 0.000000 0.000000 
85 0.000000 0.000000 
86 0.000000 0.000000 
87 0.000000 0.000000 
88 0.000000 0.000000 
89 0.000000 0.000000 
90 0.000000 0.000000 
91 0.000000 0.000000 
92 0.000000 0.000000 
93 0.000000 0.000000 
94 0.000000 0.000000 
95 0.000000 0.000000 
96 0.000000 0.000000 
97 0.000000 0.000000 
98 0.000000 0.000000 
99 0.000000 0.000000 
100 0.000000 0.000000 
101 0.000000 0.000000 
102 0.000000 0.000000 
103 0.000000 0.000000 
104 0.000000 0.000000 
105 0.000000 0.000000 
106 0.000000 0.000000 
107 0.000000 0.000000 
108 0.000000 0.000000 
109 0.000000 0.000000 
110 0.000000 0.000000 
111 0.000000 0.000000 
112 0.000000 0.000000 
113 0.000000 0.000000 
114 0.000000 0.000000 
115 0.000000 0.000000 
116 0.000000 0.000000 
117 0.000000 0.000000 
118 0.000000 0.000000 
119 0.000000 0.000000 
120 0.000000 0.000000 
121 0.000000 0.000000 
122 0.000000 0.000000 
123 0.000000 0.000000 
124 0.000000 0.000000 
125 0.000000 0.000000 
126 0.000000 0.000000 
127 0.000000 0.000000 
128 0.000000 0.000000 
129 0.000000 0.000000 
130 0.000000 0.000000 
131 0.000000 0.000000 
132 0.000000 0.000000 
133 0.000000 0.000000 
134 0.000000 0.000000 
135 0.000000 0.000000 
136 0.000000 0.000000 
137 0.000000 0.000000 
138 0.000000 0.000000 
139 0.000000 0.000000 
140 0.000000 0.000000 
141 0.000000 0.000000 
142 0.000000 0.000000 
143 0.000000 0.000000 
144 0.000000 0.000000 
145 0.000000 0.000000 
146 0.000000 0.000000 
147 0.000000 0.000000 
148 0.000000 0.000000 
149 0.000000 0.000000 
150 0.000000 0.000000 
151 0.000000 0.000000 
152 0.000000 0.000000 
153 0.000000 0.000000 
154 0.000000 0.000000 
155 0.000000 0.000000 
156 0.000000 0.000000 
157 0.000000 0.000000 
158 0.000000 0.000000 
159 0.000000 0.000000 
160 0.000000 0.000000 
161 0.000000 0.000000 
162 0.000000 0.000000 
163 0.000000 0.000000 
164 0.000000 0.000000 
165 0.000000 0.000000 
166 0.000000 0.000000 
167 0.000000 0.000000 
168 0.000000 0.000000 
169 0.000000 0.000000 
170 0.000000 0.000000 
171 0.000000 0.000000 
172 0.000000 0.000000 
173 0.000000 0.000000 
174 0.000000 0.000000 
175 0.000000 0.000000 
176 0.000000 0.000000 
177 0.000000 0.000000 
178 0.000000 0.000000 
179 0.000000 0.000000 
180 0.000000 0.000000 
181 0.000000 0.000000 
182 0.000000 0.000000 
183 0.000000 0.000000 
184 0.000000 0.000000 
185 0.000000 0.000000 
186 0.000000 0.000000 
187 0.000000 0.000000 
188 0.000000 0.000000 
189 0.000000 0.000000 
190 0.000000 0.000000 
191 0.000000 0.000000 
192 0.000000 0.000000 
193 0.000000 0.000000 
194 0.000000 0.000000 
195 0.000000 0.000000 
196 0.000000 0.000000 
197 0.000000 0.000000 
198 0.000000 0.000000 
199 0.000000 0.000000 
200 0.000000 0.000000 
201 0.000000 0.000000 
202 0.000000 0.000000 
203 0.000000 0.000000 
204 0.000000 0.000000 
205 0.000000 0.000000 
206 0.000000 0.000000 
207 0.000000 0.000000 
208 0.000000 0.000000 
209 0.000000 0.000000 
210 0.000000 0.000000 
211 0.000000 0.000000 
212 0.000000 0.000000 
213 0.000000 0.000000 
214 0.000000 0.000000 
215 0.000000 0.000000 
216 0.000000 0.000000 
217 0.000000 0.000000 
218 0.000000 0.000000 
219 0.000000 0.000000 
220 0.000000 0.000000 
221 0.000000 0.000000 
222 0.000000 0.000000 
223 0.000000 0.000000 
224 0.000000 0.000000 
225 0.000000 0.000000 
226 0.000000 0.000000 
227 0.000000 0.000000 
228 0.000000 0.000000 
229 0.000000 0.000000 
230 0.000000 0.000000 
231 0.000000 0.000000 
232 0.000000 0.000000 
233 0.000000 0.000000 
234 0.000000 0.000000 
235 0.000000 0.000000 
236 0.000000 0.000000 
237 0.000000 0.000000 
238 0.000000 0.000000 
239 0.000000 0.000000 
240 0.000000 0.000000 
241 0.000000 0.000000 
242 0.000000 0.000000 
243 0.000000 0.000000 
244 0.000000 0.000000 
245 0.000000 0.000000 
246 0.000000 0.000000 
247 0.000000 0.000000 
248 0.000000 0.000000 
249 0.000000 0.000000 
250 0.000000 0.000000 
251 0.000000 0.000000 
252 0.000000 0.000000 
253 0.000000 0.000000 
254 0.000000 0.000000 
255 0.000000 0.000000 
256 0.000000 0.000000 
257 0.000000 0.000000 
258 0.000000 0.000000 
259 0.000000 0.000000 
260 0.000000 0.000000 
261 0.000000 0.000000 
262 0.000000 0.000000 
263 0.000000 0.000000 
264 0.000000 0.000000 
265 0.000000 0.000000 
266 0.000000 0.000000 
267 0.000000 0.000000 
268 0.000000 0.000000 
269 0.000000 0.000000 
270 0.000000 0.000000 
271 0.000000 0.000000 
272 0.000000 0.000000 
273 0.000000 0.000000 
274 0.000000 0.000000 
275 0.000000 0.000000 
276 0.000000 0.000000 
277 0.000000 0.000000 
278 0.000000 0.000000 
279 0.000000 0.000000 
280 0.000000 0.000000 
281 0.000000 0.000000 
282 0.000000 0.000000 
283 0.000000 0.000000 
284 0.000000 0.000000 
285 0.000000 0.000000 
286 0.000000 0.000000 
287 0.000000 0.000000 
288 0.000000 0.000000 
289 0.000000 0.000000 
290 0.000000 0.000000 
291 0.000000 0.000000 
292 0.000000 0.000000 
293 0.000000 0.000000 
294 0.000000 0.000000 
295 0.000000 0.000000 
296 0.000000 0.000000 
297 0.000000 0.000000 
298 0.000000 0.000000 
299 0.000000 0.000000 
300 0.000000 0.000000 
301 0.000000 0.000000 
302 0.000000 0.000000 
303 0.000000 0.000000 
304 0.000000 0.000000 
305 0.000000 0.000000 
306 0.000000 0.000000 
307 0.000000 0.000000 
308 0.000000 0.000000 
309 0.000000 0.000000 
310 0.000000 0.000000 
311 0.000000 0.000000 
312 0.000000 0.000000 
313 0.000000 0.000000 
314 0.000000 0.000000 
315 0.000000 0.000000 
316 0.000000 0.000000 
317 0.000000 0.000000 
318 0.000000 0.000000 
319 0.000000 0.000000 
320 0.000000 0.000000 
321 0.000000 0.000000 
322 0.000000 0.000000 
323 0.000000 0.000000 
324 0.000000 0.000000 
325 0.000000 0.000000 
326 0.000000 0.000000 
327 0.000000 0.000000 
328 0.000000 0.000000 
329 0.000000 0.000000 
330 0.000000 0.000000 
331 0.000000 0.000000 
332 0.000000 0.000000 
333 0.000000 0.000000 
334 0.000000 0.000000 
335 0.000000 0.000000 
336 0.000000 0.000000 
337 0.000000 0.000000 
338 0.000000 0.000000 
339 0.000000 0.000000 
340 0.000000 0.000000 
341 0.000000 0.000000 
342 0.000000 0.000000 
343 0.000000 0.000000 
344 0.000000 0.000000 
345 0.000000 0.000000 
346 0.000000 0.000000 
347 0.000000 0.000000 
348 0.000000 0.000000 
349 0.000000 0.000000 
350 0.000000 0.000000 
351 0.000000 0.000000 
352 0.000000 0.000000 
353 0.000000 0.000000 
354 0.000000 0.000000 
355 0.000000 0.000000 
356 0.000000 0.000000 
357 0.000000 0.000000 
358 0.000000 0.000000 
359 0.000000 0.000000 
360 0.000000 0.000000 
361 0.000000 0.000000 
362 0.000000 0.000000 
363 0.000000 0.000000 
364 0.000000 0.000000 
365 0.000000 0.000000 
366 0.000000 0.000000 
367 0.000000 0.000000 
368 0.000000 0.000000 
369 0.000000 0.000000 
370 0.000000 0.000000 
371 0.000000 0.000000 
372 0.000000 0.000000 
373 0.000000 0.000000 
374 0.000000 0.000000 
375 0.000000 0.000000 
376 0.000000 0.000000 
377 0.000000 0.000000 
378 0.000000 0.000000 
379 0.000000 0.000000 
380 0.000000 0.000000 
381 0.000000 0.000000 
382 0.000000 0.000000 
383 0.000000 0.000000 
384 0.000000 0.000000 
385 0.000000 0.000000 
386 0.000000 0.000000 
387 0.000000 0.000000 
388 0.000000 0.000000 
389 0.000000 0.000000 
390 0.000000 0.000000 
391 0.000000 0.000000 
392 0.000000 0.000000 
393 0.000000 0.000000 
394 0.000000 0.000000 
395 0.000000 0.000000 
396 0.000000 0.000000 
397 0.000000 0.000000 
398 0.000000 0.000000 
399 0.000000 0.000000 
400 0.000000 0.000000 
401 0.000000 0.000000 
402 0.000000 0.000000 
403 0.000000 0.000000 
404 0.000000 0.000000 
405 0.000000 0.000000 
406 0.000000 0.000000 
407 0.000000 0.000000 
408 0.000000 0.000000 
409 0.000000 0.000000 
410 0.000000 0.000000 
411 0.000000 0.000000 
412 0.000000 0.000000 
413 0.000000 0.000000 
414 0.000000 0.000000 
415 0.000000 0.000000 
416 0.000000 0.000000 
417 0.000000 0.000000 
418 0.000000 0.000000 
419 0.000000 0.000000 
420 0.000000 0.000000 
421 0.000000 0.000000 
422 0.000000 0.000000 
423 0.000000 0.000000 
424 0.000000 0.000000 
425 0.000000 0.000000 
426 0.000000 0.000000 
427 0.000000 0.000000 
428 0.000000 0.000000 
429 0.000000 0.000000 
430 0.000000 0.000000 
431 0.000000 0.000000 
432 0.000000 0.000000 
433 0.000000 0.000000 
434 0.000000 0.000000 
435 0.000000 0.000000 
436 0.000000 0.000000 
437 0.000000 0.000000 
438 0.000000 0.000000 
439 0.000000 0.000000 
440 0.000000 0.000000 
441 0.000000 0.000000 
442 0.000000 0.000000 
443 0.000000 0.000000 
444 0.000000 0.000000 
445 0.000000 0.000000 
446 0.000000 0.000000 
447 0.000000 0.000000 
448 0.000000 0.000000 
449 0.000000 0.000000 
450 0.000000 0.000000 
451 0.000000 0.000000 
452 0.000000 0.000000 
453 0.000000 0.000000 
454 0.000000 0.000000 
455 0.000000 0.000000 
456 0.000000 0.000000 
457 0.000000 0.000000 
458 0.000000 0.000000 
459 0.000000 0.000000 
460 0.000000 0.000000 
461 0.000000 0.000000 
462 0.000000 0.000000 
463 0.000000 0.000000 
464 0.000000 0.000000 
465 0.000000 0.000000 
466 0.000000 0.000000 
467 0.000000 0.000000 
468 0.000000 0.000000 
469 0.000000 0.000000 
470 0.000000 0.000000 
471 0.000000 0.000000 
472 0.000000 0.000000 
473 0.000000 0.000000 
474 0.000000 0.000000 
475 0.000000 0.000000 
476 0.000000 0.000000 
477 0.000000 0.000000 
478 0.000000 0.000000 
479 0.000000 0.000000 
480 0.000000 0.000000 
481 0.000000 0.000000 
482 0.000000 0.000000 
483 0.000000 0.000000 
484 0.000000 0.000000 
485 0.000000 0.000000 
486 0.000000 0.000000 
487 0.000000 0.000000 
488 0.000000 0.000000 
489 0.000000 0.000000 
490 0.000000 0.000000 
491 0.000000 0.000000 
492 0.000000 0.000000 
493 0.000000 0.000000 
494 0.000000 0.000000 
495 0.000000 0.000000 
496 0.000000 0.000000 
497 0.000000 0.000000 
498 0.000000 0.000000 
499 0.000000 0.000000 
500 0.000000 0.000000 
501 0.000000 0.000000 
502 0.000000 0.000000 
503 0.000000 0.000000 
504 0.000000 0.000000 
505 0.000000 0.000000 
506 0.000000 0.000000 
507 0.000000 0.000000 
508 0.000000 0.000000 
509 0.000000 0.000000 
510 0.000000 0.000000 
511 0.000000 0.000000 
512 0.000000 0.000000 
513 0.000000 0.000000 
514 0.000000 0.000000 
515 0.000000 0.000000 
516 0.000000 0.000000 
517 0.000000 0.000000 
518 0.000000 0.000000 
519 0.000000 0.000000 
520 0.000000 0.000000 
521 0.000001 0.000000 
522 0.000001 0.000000 
523 0.000001 0.000000 
524 0.000001 0.000000 
525 0.000001 0.000000 
526 0.000001 0.000000 
527 0.000001 0.000000 
528 0.000001 0.000000 
529 0.000001 0.000000 
530 0.000001 0.000000 
531 0.000001 0.000000 
532 0.000001 0.000000 
533 0.000001 0.000000 
534 0.000001 0.000000 
535 0.000001 0.000000 
536 0.000001 0.000000 
537 0.000001 0.000000 
538 0.000001 0.000000 
539 0.000001 0.000000 
540 0.000001 0.000000 
541 0.000001 0.000000 
542 0.000001 0.000000 
543 0.000001 0.000000 
544 0.000001 0.000000 
545 0.000001 0.000000 
546 0.000002 0.000000 
547 0.000002 0.000000 
548 0.000002 0.000000 
549 0.000002 0.000000 
550 0.000002 0.000000 
551 0.000002 0.000000 
552 0.000002 0.000000 
553 0.000002 0.000000 
554 0.000002 0.000000 
555 0.000002 0.000000 
556 0.000002 0.000000 
557 0.000002 0.000000 
558 0.000002 0.000000 
559 0.000003 0.000000 
560 0.000003 0.000000 
561 0.000003 0.000000 
562 0.000003 0.000000 
563 0.000003 0.000000 
564 0.000003 0.000000 
565 0.000003 0.000000 
566 0.000003 0.000000 
567 0.000004 0.000000 
568 0.000004 0.000000 
569 0.000004 0.000000 
570 0.000004 0.000000 
571 0.000004 0.000000 
572 0.000004 0.000000 
573 0.000005 0.000000 
574 0.000005 0.000000 
575 0.000005 0.000000 
576 0.000005 0.000000 
577 0.000005 0.000000 
578 0.000006 0.000000 
579 0.000006 0.000000 
580 0.000006 0.000000 
581 0.000006 0.000000 
582 0.000007 0.000000 
583 0.000007 0.000000 
584 0.000007 0.000000 
585 0.000007 0.000000 
586 0.000008 0.000000 
587 0.000008 0.000000 
588 0.000008 0.000000 
589 0.000009 0.000000 
590 0.000009 0.000000 
591 0.000009 0.000000 
592 0.000010 0.000000 
593 0.000010 0.000000 
594 0.000011 0.000000 
595 0.000011 0.000000 
596 0.000012 0.000000 
597 0.000012 0.000000 
598 0.000012 0.000000 
599 0.000013 0.000000 
600 0.000013 0.000000 
601 0.000014 0.000000 
602 0.000015 0.000000 
603 0.000015 0.000000 
604 0.000016 0.000000 
605 0.000016 0.000000 
606 0.000017 0.000000 
607 0.000018 0.000000 
608 0.000018 0.000000 
609 0.000019 0.000000 
610 0.000020 0.000000 
611 0.000021 0.000000 
612 0.000021 0.000000 
613 0.000022 0.000000 
614 0.000023 0.000000 
615 0.000024 0.000000 
616 0.000025 0.000000 
617 0.000026 0.000000 
618 0.000027 0.000000 
619 0.000028 0.000000 
620 0.000029 0.000000 
621 0.000030 0.000000 
622 0.000031 0.000000 
623 0.000033 0.000000 
624 0.000034 0.000000 
625 0.000035 0.000000 
626 0.000037 0.000000 
627 0.000038 0.000000 
628 0.000039 0.000000 
629 0.000041 0.000000 
630 0.000042 0.000000 
631 0.000044 0.000000 
632 0.000046 0.000000 
633 0.000047 0.000000 
634 0.000049 0.000000 
635 0.000051 0.000000 
636 0.000053 0.000000 
637 0.000055 0.000000 
638 0.000057 0.000000 
639 0.000059 0.000000 
640 0.000061 0.000000 
641 0.000064 0.000000 
642 0.000066 0.000000 
643 0.000069 0.000000 
644 0.000071 0.000000 
645 0.000074 0.000000 
646 0.000077 0.000000 
647 0.000079 0.000000 
648 0.000082 0.000000 
649 0.000085 0.000000 
650 0.000089 0.000000 
651 0.000092 0.000000 
652 0.000095 0.000000 
653 0.000099 0.000000 
654 0.000102 0.000000 
655 0.000106 0.000000 
656 0.000110 0.000000 
657 0.000114 0.000000 
658 0.000118 0.000000 
659 0.000123 0.000000 
660 0.000127 0.000000 
661 0.000132 0.000000 
662 0.000136 0.000000 
663 0.000141 0.000000 
664 0.000146 0.000000 
665 0.000152 0.000000 
666 0.000157 0.000000 
667 0.000163 0.000000 
668 0.000169 0.000000 
669 0.000175 0.000000 
670 0.000181 0.000000 
671 0.000187 0.000000 
672 0.000194 0.000000 
673 0.000201 0.000000 
674 0.000208 0.000000 
675 0.000216 0.000000 
676 0.000223 0.000000 
677 0.000231 0.000000 
678 0.000239 0.000000 
679 0.000248 0.000000 
680 0.000256 0.000000 
681 0.000265 0.000000 
682 0.000275 0.000000 
683 0.000284 0.000000 
684 0.000294 0.000000 
685 0.000305 0.000000 
686 0.000315 0.000000 
687 0.000326 0.000000 
688 0.000338 0.000000 
689 0.000349 0.000000 
690 0.000361 0.000000 
691 0.000374 0.000000 
692 0.000387 0.000000 
693 0.000400 0.000000 
694 0.000414 0.000000 
695 0.000428 0.000000 
696 0.000443 0.000000 
697 0.000458 0.000000 
698 0.000474 0.000000 
699 0.000490 0.000000 
700 0.000507 0.000000 
701 0.000524 0.000000 
702 0.000542 0.000000 
703 0.000560 0.000000 
704 0.000579 0.000000 
705 0.000598 0.000000 
706 0.000619 0.000000 
707 0.000639 0.000000 
708 0.000661 0.000000 
709 0.000683 0.000000 
710 0.000706 0.000000 
711 0.000730 0.000000 
712 0.000754 0.000000 
713 0.000779 0.000000 
714 0.000805 0.000000 
715 0.000832 0.000000 
716 0.000859 0.000000 
717 0.000888 0.000000 
718 0.000917 0.000000 
719 0.000947 0.000000 
720 0.000979 0.000000 
721 0.001011 0.000000 
722 0.001044 0.000000 
723 0.001078 0.000000 
724 0.001113 0.000000 
725 0.001150 0.000000 
726 0.001187 0.000000 
727 0.001226 0.000000 
728 0.001266 0.000000 
729 0.001307 0.000000 
730 0.001349 0.000000 
731 0.001392 0.000000 
732 0.001437 0.000000 
733 0.001483 0.000000 
734 0.001531 0.000000 
735 0.001580 0.000000 
736 0.001631 0.000000 
737 0.001683 0.000000 
738 0.001737 0.000000 
739 0.001792 0.000000 
740 0.001849 0.000000 
741 0.001907 0.000000 
742 0.001968 0.000000 
743 0.002030 0.000000 
744 0.002094 0.000000 
745 0.002160 0.000000 
746 0.002228 0.000000 
747 0.002298 0.000000 
748 0.002370 0.000000 
749 0.002444 0.000000 
750 0.002520 0.000000 
751 0.002598 0.000000 
752 0.002679 0.000000 
753 0.002762 0.000000 
754 0.002848 0.000000 
755 0.002936 0.000000 
756 0.003027 0.000000 
757 0.003120 0.000000 
758 0.003216 0.000000 
759 0.003314 0.000000 
760 0.003416 0.000000 
761 0.003520 0.000000 
762 0.003628 0.000000 
763 0.003738 0.000000 
764 0.003852 0.000000 
765 0.003969 0.000000 
766 0.004089 0.000000 
767 0.004212 0.000000 
768 0.004339 0.000000 
769 0.004470 0.000000 
770 0.004604 0.000000 
771 0.004743 0.000000 
772 0.004885 0.000000 
773 0.005031 0.000000 
774 0.005181 0.000000 
775 0.005335 0.000000 
776 0.005493 0.000000 
777 0.005656 0.000000 
778 0.005824 0.000000 
779 0.005996 0.000000 
780 0.006172 0.000000 
781 0.006354 0.000000 
782 0.006541 0.000000 
783 0.006732 0.000000 
784 0.006929 0.000000 
785 0.007131 0.000000 
786 0.007339 0.000000 
787 0.007553 0.000000 
788 0.007772 0.000000 
789 0.007997 0.000000 
790 0.008228 0.000000 
791 0.008466 0.000000 
792 0.008709 0.000000 
793 0.008960 0.000000 
794 0.009217 0.000000 
795 0.009480 0.000000 
796 0.009751 0.000000 
797 0.010029 0.000000 
798 0.010315 0.000000 
799 0.010607 0.000000 
800 0.010908 0.000000 
801 0.011216 0.000000 
802 0.011533 0.000000 
803 0.011858 0.000000 
804 0.012191 0.000000 
805 0.012533 0.000000 
806 0.012884 0.000000 
807 0.013244 0.000000 
808 0.013613 0.000000 
809 0.013992 0.000000 
810 0.014380 0.000000 
811 0.014779 0.000000 
812 0.015187 0.000000 
813 0.015606 0.000000 
814 0.016036 0.000000 
815 0.016477 0.000000 
816 0.016928 0.000000 
817 0.017392 0.000000 
818 0.017867 0.000000 
819 0.018354 0.000000 
820 0.018853 0.000000 
821 0.019364 0.000000 
822 0.019888 0.000000 
823 0.020426 0.000000 
824 0.020977 0.000000 
825 0.021541 0.000000 
826 0.022119 0.000000 
827 0.022712 0.000000 
828 0.023319 0.000000 
829 0.023941 0.000000 
830 0.024579 0.000000 
831 0.025232 0.000000 
832 0.025900 0.000000 
833 0.026586 0.000000 
834 0.027287 0.000000 
835 0.028006 0.000000 
836 0.028742 0.000000 
837 0.029495 0.000000 
838 0.030267 0.000000 
839 0.031057 0.000000 
840 0.031866 0.000000 
841 0.032695 0.000000 
842 0.033543 0.000000 
843 0.034411 0.000000 
844 0.035299 0.000000 
845 0.036209 0.000000 
846 0.037140 0.000000 
847 0.038092 0.000000 
848 0.039067 0.000000 
849 0.040065 0.000000 
850 0.041085 0.000000 
851 0.042130 0.000000 
852 0.043199 0.000000 
853 0.044292 0.000000 
854 0.045410 0.000000 
855 0.046554 0.000000 
856 0.047725 0.000000 
857 0.048921 0.000000 
858 0.050146 0.000000 
859 0.051398 0.000000 
860 0.052678 0.000000 
861 0.053987 0.000000 
862 0.055325 0.000000 
863 0.056694 0.000000 
864 0.058093 0.000000 
865 0.059524 0.000000 
866 0.060986 0.000000 
867 0.062481 0.000000 
868 0.064009 0.000000 
869 0.065570 0.000000 
870 0.067166 0.000000 
871 0.068797 0.000000 
872 0.070463 0.000000 
873 0.072166 0.000000 
874 0.073906 0.000000 
875 0.075684 0.000000 
876 0.077500 0.000000 
877 0.079355 0.000000 
878 0.081251 0.000000 
879 0.083186 0.000000 
880 0.085164 0.000000 
881 0.087183 0.000000 
882 0.089245 0.000000 
883 0.091351 0.000000 
884 0.093502 0.000000 
885 0.095697 0.000000 
886 0.097939 0.000000 
887 0.100228 0.000000 
888 0.102565 0.000000 
889 0.104950 0.000000 
890 0.107385 0.000000 
891 0.109870 0.000000 
892 0.112406 0.000000 
893 0.114994 0.000000 
894 0.117636 0.000000 
895 0.120331 0.000000 
896 0.123082 0.000000 
897 0.125888 0.000000 
898 0.128751 0.000000 
899 0.131672 0.000000 
900 0.134652 0.000000 
901 0.137691 0.000000 
902 0.140791 0.000000 
903 0.143953 0.000000 
904 0.147178 0.000000 
905 0.150467 0.000000 
906 0.153820 0.000000 
907 0.157240 0.000000 
908 0.160726 0.000000 
909 0.164281 0.000000 
910 0.167905 0.000000 
911 0.171600 0.000000 
912 0.175366 0.000000 
913 0.179204 0.000000 
914 0.183117 0.000000 
915 0.187104 0.000000 
916 0.191168 0.000000 
917 0.195309 0.000000 
918 0.199529 0.000000 
919 0.203828 0.000000 
920 0.208209 0.000000 
921 0.212672 0.000000 
922 0.217218 0.000000 
923 0.221849 0.000000 
924 0.226567 0.000000 
925 0.231372 0.000000 
926 0.236265 0.000000 
927 0.241249 0.000000 
928 0.246324 0.000000 
929 0.251492 0.000000 
930 0.256753 0.000000 
931 0.262111 0.000000 
932 0.267565 0.000000 
933 0.273118 0.000000 
934 0.278770 0.000000 
935 0.284523 0.000000 
936 0.290379 0.000000 
937 0.296339 0.000000 
938 0.302405 0.000000 
939 0.308578 0.000000 
940 0.314858 0.000000 
941 0.321249 0.000000 
942 0.327752 0.000000 
943 0.334367 0.000000 
944 0.341097 0.000000 
945 0.347943 0.000000 
946 0.354907 0.000000 
947 0.361990 0.000000 
948 0.369193 0.000000 
949 0.376519 0.000000 
950 0.383969 0.000000 
951 0.391545 0.000000 
952 0.399248 0.000000 
953 0.407079 0.000000 
954 0.415042 0.000000 
955 0.423136 0.000000 
956 0.431364 0.000000 
957 0.439728 0.000000 
958 0.448229 0.000000 
959 0.456869 0.000000 
960 0.465650 0.000000 
961 0.474573 0.000000 
962 0.483639 0.000000 
963 0.492852 0.000000 
964 0.502212 0.000000 
965 0.511722 0.000000 
966 0.521382 0.000000 
967 0.531196 0.000000 
968 0.541163 0.000000 
969 0.551288 0.000000 
970 0.561570 0.000000 
971 0.572012 0.000000 
972 0.582616 0.000000 
973 0.593384 0.000000 
974 0.604317 0.000000 
975 0.615417 0.000000 
976 0.626686 0.000000 
977 0.638125 0.000000 
978 0.649738 0.000000 
979 0.661525 0.000000 
980 0.673488 0.000000 
981 0.685630 0.000000 
982 0.697951 0.000000 
983 0.710454 0.000000 
984 0.723141 0.000000 
985 0.736014 0.000000 
986 0.749074 0.000000 
987 0.762323 0.000000 
988 0.775764 0.000000 
989 0.789397 0.000000 
990 0.803225 0.000000 
991 0.817250 0.000000 
992 0.831474 0.000000 
993 0.845898 0.000000 
994 0.860524 0.000000 
995 0.875355 0.000000 
996 0.890391 0.000000 
997 0.905636 0.000000 
998 0.921090 0.000000 
999 0.936755 0.000000 
1000 0.952634 0.000000 
1001 0.968728 0.000000 
1002 0.985040 0.000000 
1003 1.001570 0.000000 
1004 1.018320 0.000000 
1005 1.035294 0.000000 
1006 1.052491 0.000000 
1007 1.069915 0.000000 
1008 1.087566 0.000000 
1009 1.105447 0.000000 
1010 1.123559 0.000000 
1011 1.141905 0.000000 
1012 1.160486 0.000000 
1013 1.179303 0.000000 
1014 1.198358 0.000000 
1015 1.217654 0.000000 
1016 1.237191 0.000000 
1017 1.256972 0.000000 
1018 1.276998 0.000000 
1019 1.297271 0.000000 
1020 1.317792 0.000000 
1021 1.338564 0.000000 
1022 1.359587 0.000000 
1023 1.380863 0.000000 
1024 1.402394 0.000000 
1025 1.424181 0.000000 
1026 1.446227 0.000000 
1027 1.468531 0.000000 
1028 1.491097 0.000000 
1029 1.513925 0.000000 
1030 1.537017 0.000000 
1031 1.560375 0.000000 
1032 1.583999 0.000000 
1033 1.607891 0.000000 
1034 1.632052 0.000000 
1035 1.656485 0.000000 
1036 1.681189 0.000000 
1037 1.706167 0.000000 
1038 1.731420 0.000000 
1039 1.756948 0.000000 
1040 1.782754 0.000000 
1041 1.808837 0.000000 
1042 1.835200 0.000000 
1043 1.861844 0.000000 
1044 1.888769 0.000000 
1045 1.915977 0.000000 
1046 1.943469 0.000000 
1047 1.971245 0.000000 
1048 1.999307 0.000000 
1049 2.027655 0.000000 
1050 2.056291 0.000000 
1051 2.085214 0.000000 
1052 2.114427 0.000000 
1053 2.143930 0.000000 
1054 2.173723 0.000000 
1055 2.203808 0.000000 
1056 2.234184 0.000000 
1057 2.264853 0.000000 
1058 2.295815 0.000000 
1059 2.327071 0.000000 
1060 2.358621 0.000000 
1061 2.390465 0.000000 
1062 2.422604 0.000000 
1063 2.455039 0.000000 
1064 2.487769 0.000000 
1065 2.520795 0.000000 
1066 2.554118 0.000000 
1067 2.587736 0.000000 
1068 2.621651 0.000000 
1069 2.655863 0.000000 
1070 2.690371 0.000000 
1071 2.725175 0.000000 
1072 2.760276 0.000000 
1073 2.795674 0.000000 
1074 2.831367 0.000000 
1075 2.867357 0.000000 
1076 2.903642 0.000000 
1077 2.940222 0.000000 
1078 2.977098 0.000000 
1079 3.014268 0.000000 
1080 3.051731 0.000000 
1081 3.089489 0.000000 
1082 3.127539 0.000000 
1083 3.165882 0.000000 
1084 3.204516 0.000000 
1085 3.243441 0.000000 
1086 3.282655 0.000000 
1087 3.322159 0.000000 
1088 3.361951 0.000000 
1089 3.402030 0.000000 
1090 3.442394 0.000000 
1091 3.483044 0.000000 
1092 3.523977 0.000000 
1093 3.565193 0.000000 
1094 3.606689 0.000000 
1095 3.648466 0.000000 
1096 3.690520 0.000000 
1097 3.732851 0.000000 
1098 3.775458 0.000000 
1099 3.818338 0.000000 
1100 3.861490 0.000000 
1101 3.904911 0.000000 
1102 3.948602 0.000000 
1103 3.992558 0.000000 
1104 4.036779 0.000000 
1105 4.081262 0.000000 
1106 4.126005 0.000000 
1107 4.171006 0.000000 
1108 4.216264 0.000000 
1109 4.261774 0.000000 
1110 4.307536 0.000000 
1111 4.353547 0.000000 
1112 4.399804 0.000000 
1113 4.446305 0.000000 
1114 4.493046 0.000000 
1115 4.540026 0.000000 
1116 4.587242 0.000000 
1117 4.634690 0.000000 
1118 4.682369 0.000000 
1119 4.730274 0.000000 
1120 4.778402 0.000000 
1121 4.826752 0.000000 
1122 4.875319 0.000000 
1123 4.924100 0.000000 
1124 4.973092 0.000000 
1125 5.022292 0.000000 
1126 5.071696 0.000000 
1127 5.121300 0.000000 
1128 5.171101 0.000000 
1129 5.221096 0.000000 
1130 5.271280 0.000000 
1131 5.321649 0.000000 
1132 5.372201 0.000000 
1133 5.422931 0.000000 
1134 5.473834 0.000000 
1135 5.524908 0.000000 
1136 5.576147 0.000000 
1137 5.627547 0.000000 
1138 5.679105 0.000000 
1139 5.730816 0.000000 
1140 5.782675 0.000000 
1141 5.834679 0.000000 
1142 5.886822 0.000000 
1143 5.939100 0.000000 
1144 5.991508 0.000000 
1145 6.044041 0.000000 
1146 6.096696 0.000000 
1147 6.149466 0.000000 
1148 6.202348 0.000000 
1149 6.255335 0.000000 
1150 6.308424 0.000000 
1151 6.361608 0.000000 
1152 6.414884 0.000000 
1153 6.468244 0.000000 
1154 6.521686 0.000000 
1155 6.575202 0.000000 
1156 6.628788 0.000000 
1157 6.682438 0.000000 
1158 6.736146 0.000000 
1159 6.789908 0.000000 
1160 6.843718 0.000000 
1161 6.897569 0.000000 
1162 6.951457 0.000000 
1163 7.005375 0.000000 
1164 7.059317 0.000000 
1165 7.113279 0.000000 
1166 7.167253 0.000000 
1167 7.221235 0.000000 
1168 7.275217 0.000000 
1169 7.329195 0.000000 
1170 7.383161 0.000000 
1171 7.437110 0.000000 
1172 7.491035 0.000000 
1173 7.544931 0.000000 
1174 7.598791 0.000000 
1175 7.652609 0.000000 
1176 7.706379 0.000000 
1177 7.760093 0.000000 
1178 7.813747 0.000000 
1179 7.867333 0.000000 
1180 7.920844 0.000000 
1181 7.974275 0.000000 
1182 8.027619 0.000000 
1183 8.080869 0.000000 
1184 8.134019 0.000000 
1185 8.187062 0.000000 
1186 8.239992 0.000000 
1187 8.292801 0.000000 
1188 8.345484 0.000000 
1189 8.398033 0.000000 
1190 8.450441 0.000000 
1191 8.502703 0.000000 
1192 8.554811 0.000000 
1193 8.606758 0.000000 
1194 8.658538 0.000000 
1195 8.710144 0.000000 
1196 8.761569 0.000000 
1197 8.812806 0.000000 
1198 8.863849 0.000000 
1199 8.914690 0.000000 
1200 8.965323 0.000000 
1201 9.015741 0.000000 
1202 9.065936 0.000000 
1203 9.115903 0.000000 
1204 9.165634 0.000000 
1205 9.215123 0.000000 
1206 9.264363 0.000000 
1207 9.313346 0.000000 
1208 9.362066 0.000000 
1209 9.410516 0.000000 
1210 9.458690 0.000000 
1211 9.506580 0.000000 
1212 9.554179 0.000000 
1213 9.601482 0.000000 
1214 9.648481 0.000000 
1215 9.695169 0.000000 
1216 9.741540 0.000000 
1217 9.787587 0.000000 
1218 9.833303 0.000000 
1219 9.878682 0.000000 
1220 9.923717 0.000000 
1221 9.968402 0.000000 
1222 10.012729 0.000000 
1223 10.056693 0.000000 
1224 10.100286 0.000000 
1225 10.143503 0.000000 
1226 10.186336 0.000000 
1227 10.228780 0.000000 
1228 10.270828 0.000000 
1229 10.312474 0.000000 
1230 10.353711 0.000000 
1231 10.394533 0.000000 
1232 10.434935 0.000000 
1233 10.474909 0.000000 
1234 10.514450 0.000000 
1235 10.553552 0.000000 
1236 10.592209 0.000000 
1237 10.630414 0.000000 
1238 10.668162 0.000000 
1239 10.705447 0.000000 
1240 10.742263 0.000000 
1241 10.778605 0.000000 
1242 10.814467 0.000000 
1243 10.849842 0.000000 
1244 10.884727 0.000000 
1245 10.919114 0.000000 
1246 10.953000 0.000000 
1247 10.986378 0.000000 
1248 11.019242 0.000000 
1249 11.051589 0.000000 
1250 11.083413 0.000000 
1251 11.114708 0.000000 
1252 11.145470 0.000000 
1253 11.175694 0.000000 
1254 11.205375 0.000000 
1255 11.234508 0.000000 
1256 11.263089 0.000000 
1257 11.291113 0.000000 
1258 11.318575 0.000000 
1259 11.345471 0.000000 
1260 11.371796 0.000000 
1261 11.397547 0.000000 
1262 11.422720 0.000000 
1263 11.447309 0.000000 
1264 11.471311 0.000000 
1265 11.494723 0.000000 
1266 11.517540 0.000000 
1267 11.539758 0.000000 
1268 11.561375 0.000000 
1269 11.582386 0.000000 
1270 11.602788 0.000000 
1271 11.622577 0.000000 
1272 11.641751 0.000000 
1273 11.660306 0.000000 
1274 11.678239 0.000000 
1275 11.695548 0.000000 
1276 11.712229 0.000000 
1277 11.728279 0.000000 
1278 11.743696 0.000000 
1279 11.758478 0.000000 
1280 11.772622 0.000000 
1281 11.786125 0.000000 
1282 11.798985 0.000000 
1283 11.811200 0.000000 
1284 11.822769 0.000000 
1285 11.833689 0.000000 
1286 11.843958 0.000000 
1287 11.853575 0.000000 
1288 11.862538 0.000000 
1289 11.870845 0.000000 
1290 11.878496 0.000000 
1291 11.885489 0.000000 
1292 11.891822 0.000000 
1293 11.897495 0.000000 
1294 11.902506 0.000000 
1295 11.906856 0.000000 
1296 11.910543 0.000000 
1297 11.913566 0.000000 
1298 11.915925 0.000000 
1299 11.917619 0.000000 
1300 11.918649 0.000000 
1301 11.919015 0.000000 
1302 11.918715 0.000000 
1303 11.917750 0.000000 
1304 11.916121 0.000000 
1305 11.913827 0.000000 
1306 11.910869 0.000000 
1307 11.907248 0.000000 
1308 11.902963 0.000000 
1309 11.898016 0.000000 
1310 11.892408 0.000000 
1311 11.886139 0.000000 
1312 11.879211 0.000000 
1313 11.871625 0.000000 
1314 11.863381 0.000000 
1315 11.854482 0.000000 
1316 11.844929 0.000000 
1317 11.834723 0.000000 
1318 11.823866 0.000000 
1319 11.812360 0.000000 
1320 11.800206 0.000000 
1321 11.787408 0.000000 
1322 11.773967 0.000000 
1323 11.759884 0.000000 
1324 11.745164 0.000000 
1325 11.729807 0.000000 
1326 11.713816 0.000000 
1327 11.697195 0.000000 
1328 11.679946 0.000000 
1329 11.662071 0.000000 
1330 11.643574 0.000000 
1331 11.624458 0.000000 
1332 11.604726 0.000000 
1333 11.584380 0.000000 
1334 11.563425 0.000000 
1335 11.541864 0.000000 
1336 11.519701 0.000000 
1337 11.496938 0.000000 
1338 11.473581 0.000000 
1339 11.449631 0.000000 
1340 11.425094 0.000000 
1341 11.399974 0.000000 
1342 11.374274 0.000000 
1343 11.347999 0.000000 
1344 11.321153 0.000000 
1345 11.293740 0.000000 
1346 11.265765 0.000000 
1347 11.237232 0.000000 
1348 11.208146 0.000000 
1349 11.178511 0.000000 
1350 11.148333 0.000000 
1351 11.117615 0.000000 
1352 11.086364 0.000000 
1353 11.054584 0.000000 
1354 11.022279 0.000000 
1355 10.989456 0.000000 
1356 10.956119 0.000000 
1357 10.922273 0.000000 
1358 10.887925 0.000000 
1359 10.853079 0.000000 
1360 10.817741 0.000000 
1361 10.781916 0.000000 
1362 10.745610 0.000000 
1363 10.708828 0.000000 
1364 10.671577 0.000000 
1365 10.633862 0.000000 
1366 10.595689 0.000000 
1367 10.557064 0.000000 
1368 10.517993 0.000000 
1369 10.478481 0.000000 
1370 10.438535 0.000000 
1371 10.398162 0.000000 
1372 10.357366 0.000000 
1373 10.316155 0.000000 
1374 10.274534 0.000000 
1375 10.232510 0.000000 
1376 10.190089 0.000000 
1377 10.147278 0.000000 
1378 10.104082 0.000000 
1379 10.060509 0.000000 
1380 10.016565 0.000000 
1381 9.972256 0.000000 
1382 9.927590 0.000000 
1383 9.882571 0.000000 
1384 9.837208 0.000000 
1385 9.791506 0.000000 
1386 9.745473 0.000000 
1387 9.699115 0.000000 
1388 9.652438 0.000000 
1389 9.605450 0.000000 
1390 9.558158 0.000000 
1391 9.510567 0.000000 
1392 9.462685 0.000000 
1393 9.414519 0.000000 
1394 9.366075 0.000000 
1395 9.317360 0.000000 
1396 9.268381 0.000000 
1397 9.219145 0.000000 
1398 9.169659 0.000000 
1399 9.119929 0.000000 
1400 9.069963 0.000000 
1401 9.019767 0.000000 
1402 8.969349 0.000000 
1403 8.918714 0.000000 
1404 8.867870 0.000000 
1405 8.816823 0.000000 
1406 8.765582 0.000000 
1407 8.714151 0.000000 
1408 8.662539 0.000000 
1409 8.610752 0.000000 
1410 8.558797 0.000000 
1411 8.506680 0.000000 
1412 8.454409 0.000000 
1413 8.401989 0.000000 
1414 8.349429 0.000000 
1415 8.296735 0.000000 
1416 8.243912 0.000000 
1417 8.190969 0.000000 
1418 8.137912 0.000000 
1419 8.084747 0.000000 
1420 8.031480 0.000000 
1421 7.978120 0.000000 
1422 7.924671 0.000000 
1423 7.871141 0.000000 
1424 7.817537 0.000000 
1425 7.763864 0.000000 
1426 7.710129 0.000000 
1427 7.656338 0.000000 
1428 7.602498 0.000000 
1429 7.548616 0.000000 
1430 7.494697 0.000000 
1431 7.440747 0.000000 
1432 7.386774 0.000000 
1433 7.332783 0.000000 
1434 7.278780 0.000000 
1435 7.224771 0.000000 
1436 7.170763 0.000000 
1437 7.116761 0.000000 
1438 7.062772 0.000000 
1439 7.008800 0.000000 
1440 6.954853 0.000000 
1441 6.900936 0.000000 
1442 6.847055 0.000000 
1443 6.793215 0.000000 
1444 6.739422 0.000000 
1445 6.685681 0.000000 
1446 6.631999 0.000000 
1447 6.578381 0.000000 
1448 6.524832 0.000000 
1449 6.471357 0.000000 
1450 6.417963 0.000000 
1451 6.364653 0.000000 
1452 6.311434 0.000000 
1453 6.258311 0.000000 
1454 6.205288 0.000000 
1455 6.152371 0.000000 
1456 6.099564 0.000000 
1457 6.046874 0.000000 
1458 5.994303 0.000000 
1459 5.941858 0.000000 
1460 5.889543 0.000000 
1461 5.837362 0.000000 
1462 5.785321 0.000000 
1463 5.733424 0.000000 
1464 5.681675 0.000000 
1465 5.630078 0.000000 
1466 5.578639 0.000000 
1467 5.527361 0.000000 
1468 5.476248 0.000000 
1469 5.425306 0.000000 
1470 5.374537 0.000000 
1471 5.323945 0.000000 
1472 5.273536 0.000000 
1473 5.223312 0.000000 
1474 5.173278 0.000000 
1475 5.123436 0.000000 
1476 5.073792 0.000000 
1477 5.024348 0.000000 
1478 4.975108 0.000000 
1479 4.926076 0.000000 
1480 4.877254 0.000000 
1481 4.828647 0.000000 
1482 4.780257 0.000000 
1483 4.732088 0.000000 
1484 4.684142 0.000000 
1485 4.636424 0.000000 
1486 4.588935 0.000000 
1487 4.541679 0.000000 
1488 4.494659 0.000000 
1489 4.447877 0.000000 
1490 4.401336 0.000000 
1491 4.355039 0.000000 
1492 4.308988 0.000000 
1493 4.263186 0.000000 
1494 4.217636 0.000000 
1495 4.172339 0.000000 
1496 4.127298 0.000000 
1497 4.082515 0.000000 
1498 4.037993 0.000000 
1499 3.993733 0.000000 
1500 3.949738 0.000000 
1501 3.906009 0.000000 
1502 3.862549 0.000000 
1503 3.819359 0.000000 
1504 3.776440 0.000000 
1505 3.733796 0.000000 
1506 3.691427 0.000000 
1507 3.649335 0.000000 
1508 3.607521 0.000000 
1509 3.565988 0.000000 
1510 3.524736 0.000000 
1511 3.483766 0.000000 
1512 3.443080 0.000000 
1513 3.402679 0.000000 
1514 3.362565 0.000000 
1515 3.322738 0.000000 
1516 3.283199 0.000000 
1517 3.243950 0.000000 
1518 3.204990 0.000000 
1519 3.166322 0.000000 
1520 3.127946 0.000000 
1521 3.089862 0.000000 
1522 3.052071 0.000000 
1523 3.014574 0.000000 
1524 2.977372 0.000000 
1525 2.940464 0.000000 
1526 2.903852 0.000000 
1527 2.867535 0.000000 
1528 2.831514 0.000000 
1529 2.795790 0.000000 
1530 2.760362 0.000000 
1531 2.725231 0.000000 
1532 2.690397 0.000000 
1533 2.655859 0.000000 
1534 2.621619 0.000000 
1535 2.587675 0.000000 
1536 2.554029 0.000000 
1537 2.520679 0.000000 
1538 2.487625 0.000000 
1539 2.454868 0.000000 
1540 2.422407 0.000000 
1541 2.390241 0.000000 
1542 2.358371 0.000000 
1543 2.326796 0.000000 
1544 2.295515 0.000000 
1545 2.264529 0.000000 
1546 2.233835 0.000000 
1547 2.203435 0.000000 
1548 2.173327 0.000000 
1549 2.143511 0.000000 
1550 2.113986 0.000000 
1551 2.084750 0.000000 
1552 2.055805 0.000000 
1553 2.027148 0.000000 
1554 1.998779 0.000000 
1555 1.970696 0.000000 
1556 1.942900 0.000000 
1557 1.915389 0.000000 
1558 1.888162 0.000000 
1559 1.861218 0.000000 
1560 1.834555 0.000000 
1561 1.808174 0.000000 
1562 1.782073 0.000000 
1563 1.756250 0.000000 
1564 1.730705 0.000000 
1565 1.705436 0.000000 
1566 1.680442 0.000000 
1567 1.655722 0.000000 
1568 1.631274 0.000000 
1569 1.607098 0.000000 
1570 1.583191 0.000000 
1571 1.559553 0.000000 
1572 1.536182 0.000000 
1573 1.513077 0.000000 
1574 1.490236 0.000000 
1575 1.467657 0.000000 
1576 1.445340 0.000000 
1577 1.423283 0.000000 
1578 1.401485 0.000000 
1579 1.379943 0.000000 
1580 1.358656 0.000000 
1581 1.337623 0.000000 
1582 1.316841 0.000000 
1583 1.296311 0.000000 
1584 1.276029 0.000000 
1585 1.255994 0.000000 
1586 1.236205 0.000000 
1587 1.216659 0.000000 
1588 1.197356 0.000000 
1589 1.178293 0.000000 
1590 1.159468 0.000000 
1591 1.140881 0.000000 
1592 1.122529 0.000000 
1593 1.104411 0.000000 
1594 1.086524 0.000000 
1595 1.068867 0.000000 
1596 1.051438 0.000000 
1597 1.034236 0.000000 
1598 1.017259 0.000000 
1599 1.000504 0.000000 
1600 0.983970 0.000000 
1601 0.967655 0.000000 
1602 0.951558 0.000000 
1603 0.935676 0.000000 
1604 0.920008 0.000000 
1605 0.904551 0.000000 
1606 0.889305 0.000000 
1607 0.874266 0.000000 
1608 0.859434 0.000000 
1609 0.844807 0.000000 
1610 0.830382 0.000000 
1611 0.816157 0.000000 
1612 0.802132 0.000000 
1613 0.788303 0.000000 
1614 0.774670 0.000000 
1615 0.761230 0.000000 
1616 0.747981 0.000000 
1617 0.734921 0.000000 
1618 0.722050 0.000000 
1619 0.709364 0.000000 
1620 0.696862 0.000000 
1621 0.684542 0.000000 
1622 0.672403 0.000000 
1623 0.660441 0.000000 
1624 0.648657 0.000000 
1625 0.637046 0.000000 
1626 0.625609 0.000000 
1627 0.614343 0.000000 
1628 0.603246 0.000000 
1629 0.592316 0.000000 
1630 0.581552 0.000000 
1631 0.570952 0.000000 
1632 0.560513 0.000000 
1633 0.550235 0.000000 
1634 0.540115 0.000000 
1635 0.530151 0.000000 
1636 0.520342 0.000000 
1637 0.510686 0.000000 
1638 0.501181 0.000000 
1639 0.491826 0.000000 
1640 0.482618 0.000000 
1641 0.473556 0.000000 
1642 0.464638 0.000000 
1643 0.455863 0.000000 
1644 0.447229 0.000000 
1645 0.438733 0.000000 
1646 0.430375 0.000000 
1647 0.422153 0.000000 
1648 0.414064 0.000000 
1649 0.406108 0.000000 
1650 0.398282 0.000000 
1651 0.390585 0.000000 
1652 0.383016 0.000000 
1653 0.375572 0.000000 
1654 0.368253 0.000000 
1655 0.361056 0.000000 
1656 0.353979 0.000000 
1657 0.347022 0.000000 
1658 0.340183 0.000000 
1659 0.333460 0.000000 
1660 0.326852 0.000000 
1661 0.320356 0.000000 
1662 0.313972 0.000000 
1663 0.307698 0.000000 
1664 0.301533 0.000000 
1665 0.295475 0.000000 
1666 0.289522 0.000000 
1667 0.283673 0.000000 
1668 0.277927 0.000000 
1669 0.272282 0.000000 
1670 0.266737 0.000000 
1671 0.261290 0.000000 
1672 0.255940 0.000000 
1673 0.250685 0.000000 
1674 0.245525 0.000000 
1675 0.240458 0.000000 
1676 0.235481 0.000000 
1677 0.230595 0.000000 
1678 0.225798 0.000000 
1679 0.221088 0.000000 
1680 0.216465 0.000000 
1681 0.211926 0.000000 
1682 0.207471 0.000000 
1683 0.203098 0.000000 
1684 0.198806 0.000000 
1685 0.194594 0.000000 
1686 0.190460 0.000000 
1687 0.186404 0.000000 
1688 0.182424 0.000000 
1689 0.178519 0.000000 
1690 0.174688 0.000000 
1691 0.170930 0.000000 
1692 0.167243 0.000000 
1693 0.163626 0.000000 
1694 0.160079 0.000000 
1695 0.156600 0.000000 
1696 0.153188 0.000000 
1697 0.149842 0.000000 
1698 0.146560 0.000000 
1699 0.143343 0.000000 
1700 0.140188 0.000000 
1701 0.137096 0.000000 
1702 0.134063 0.000000 
1703 0.131091 0.000000 
1704 0.128177 0.000000 
1705 0.125322 0.000000 
1706 0.122522 0.000000 
1707 0.119779 0.000000 
1708 0.117091 0.000000 
1709 0.114456 0.000000 
1710 0.111875 0.000000 
1711 0.109345 0.000000 
1712 0.106867 0.000000 
1713 0.104440 0.000000 
1714 0.102061 0.000000 
1715 0.099731 0.000000 
1716 0.097449 0.000000 
1717 0.095214 0.000000 
1718 0.093025 0.000000 
1719 0.090881 0.000000 
1720 0.088782 0.000000 
1721 0.086726 0.000000 
1722 0.084713 0.000000 
1723 0.082742 0.000000 
1724 0.080813 0.000000 
1725 0.078924 0.000000 
1726 0.077075 0.000000 
1727 0.075265 0.000000 
1728 0.073494 0.000000 
1729 0.071760 0.000000 
1730 0.070063 0.000000 
1731 0.068402 0.000000 
1732 0.066777 0.000000 
1733 0.065187 0.000000 
1734 0.063632 0.000000 
1735 0.062110 0.000000 
1736 0.060621 0.000000 
1737 0.059164 0.000000 
1738 0.057739 0.000000 
1739 0.056345 0.000000 
1740 0.054982 0.000000 
1741 0.053649 0.000000 
1742 0.052345 0.000000 
1743 0.051070 0.000000 
1744 0.049824 0.000000 
1745 0.048605 0.000000 
1746 0.047413 0.000000 
1747 0.046248 0.000000 
1748 0.045109 0.000000 
1749 0.043995 0.000000 
1750 0.042907 0.000000 
1751 0.041843 0.000000 
1752 0.040804 0.000000 
1753 0.039788 0.000000 
1754 0.038795 0.000000 
1755 0.037824 0.000000 
1756 0.036876 0.000000 
1757 0.035950 0.000000 
1758 0.035045 0.000000 
1759 0.034161 0.000000 
1760 0.033297 0.000000 
1761 0.032453 0.000000 
1762 0.031629 0.000000 
1763 0.030825 0.000000 
1764 0.030038 0.000000 
1765 0.029271 0.000000 
1766 0.028521 0.000000 
1767 0.027789 0.000000 
1768 0.027074 0.000000 
1769 0.026377 0.000000 
1770 0.025695 0.000000 
1771 0.025030 0.000000 
1772 0.024381 0.000000 
1773 0.023747 0.000000 
1774 0.023129 0.000000 
1775 0.022525 0.000000 
1776 0.021936 0.000000 
1777 0.021361 0.000000 
1778 0.020800 0.000000 
1779 0.020253 0.000000 
1780 0.019719 0.000000 
1781 0.019197 0.000000 
1782 0.018689 0.000000 
1783 0.018193 0.000000 
1784 0.017709 0.000000 
1785 0.017237 0.000000 
1786 0.016777 0.000000 
1787 0.016328 0.000000 
1788 0.015891 0.000000 
1789 0.015464 0.000000 
1790 0.015047 0.000000 
1791 0.014642 0.000000 
1792 0.014246 0.000000 
1793 0.013860 0.000000 
1794 0.013484 0.000000 
1795 0.013117 0.000000 
1796 0.012760 0.000000 
1797 0.012412 0.000000 
1798 0.012072 0.000000 
1799 0.011741 0.000000 
1800 0.011419 0.000000 
1801 0.011105 0.000000 
1802 0.010799 0.000000 
1803 0.010500 0.000000 
1804 0.010210 0.000000 
1805 0.009926 0.000000 
1806 0.009651 0.000000 
1807 0.009382 0.000000 
1808 0.009120 0.000000 
1809 0.008865 0.000000 
1810 0.008617 0.000000 
1811 0.008375 0.000000 
1812 0.008140 0.000000 
1813 0.007910 0.000000 
1814 0.007687 0.000000 
1815 0.007470 0.000000 
1816 0.007258 0.000000 
1817 0.007052 0.000000 
1818 0.006852 0.000000 
1819 0.006656 0.000000 
1820 0.006466 0.000000 
1821 0.006281 0.000000 
1822 0.006101 0.000000 
1823 0.005926 0.000000 
1824 0.005756 0.000000 
1825 0.005590 0.000000 
1826 0.005428 0.000000 
1827 0.005271 0.000000 
1828 0.005119 0.000000 
1829 0.004970 0.000000 
1830 0.004825 0.000000 
1831 0.004685 0.000000 
1832 0.004548 0.000000 
1833 0.004415 0.000000 
1834 0.004285 0.000000 
1835 0.004160 0.000000 
1836 0.004037 0.000000 
1837 0.003918 0.000000 
1838 0.003803 0.000000 
1839 0.003690 0.000000 
1840 0.003581 0.000000 
1841 0.003474 0.000000 
1842 0.003371 0.000000 
1843 0.003271 0.000000 
1844 0.003173 0.000000 
1845 0.003078 0.000000 
1846 0.002986 0.000000 
1847 0.002896 0.000000 
1848 0.002809 0.000000 
1849 0.002725 0.000000 
1850 0.002642 0.000000 
1851 0.002562 0.000000 
1852 0.002485 0.000000 
1853 0.002409 0.000000 
1854 0.002336 0.000000 
1855 0.002265 0.000000 
1856 0.002196 0.000000 
1857 0.002129 0.000000 
1858 0.002064 0.000000 
1859 0.002000 0.000000 
1860 0.001939 0.000000 
1861 0.001879 0.000000 
1862 0.001821 0.000000 
1863 0.001765 0.000000 
1864 0.001710 0.000000 
1865 0.001657 0.000000 
1866 0.001606 0.000000 
1867 0.001556 0.000000 
1868 0.001508 0.000000 
1869 0.001461 0.000000 
1870 0.001415 0.000000 
1871 0.001371 0.000000 
1872 0.001328 0.000000 
1873 0.001286 0.000000 
1874 0.001245 0.000000 
1875 0.001206 0.000000 
1876 0.001168 0.000000 
1877 0.001131 0.000000 
1878 0.001095 0.000000 
1879 0.001060 0.000000 
1880 0.001027 0.000000 
1881 0.000994 0.000000 
1882 0.000962 0.000000 
1883 0.000931 0.000000 
1884 0.000902 0.000000 
1885 0.000873 0.000000 
1886 0.000845 0.000000 
1887 0.000818 0.000000 
1888 0.000791 0.000000 
1889 0.000766 0.000000 
1890 0.000741 0.000000 
1891 0.000717 0.000000 
1892 0.000694 0.000000 
1893 0.000671 0.000000 
1894 0.000649 0.000000 
1895 0.000628 0.000000 
1896 0.000607 0.000000 
1897 0.000588 0.000000 
1898 0.000568 0.000000 
1899 0.000550 0.000000 
1900 0.000532 0.000000 
1901 0.000514 0.000000 
1902 0.000497 0.000000 
1903 0.000481 0.000000 
1904 0.000465 0.000000 
1905 0.000449 0.000000 
1906 0.000434 0.000000 
1907 0.000420 0.000000 
1908 0.000406 0.000000 
1909 0.000392 0.000000 
1910 0.000379 0.000000 
1911 0.000367 0.000000 
1912 0.000354 0.000000 
1913 0.000342 0.000000 
1914 0.000331 0.000000 
1915 0.000320 0.000000 
1916 0.000309 0.000000 
1917 0.000299 0.000000 
1918 0.000288 0.000000 
1919 0.000279 0.000000 
1920 0.000269 0.000001 
1921 0.000260 0.000001 
1922 0.000251 0.000001 
1923 0.000243 0.000001 
1924 0.000234 0.000001 
1925 0.000226 0.000001 
1926 0.000218 0.000001 
1927 0.000211 0.000001 
1928 0.000204 0.000001 
1929 0.000197 0.000001 
1930 0.000190 0.000001 
1931 0.000183 0.000001 
1932 0.000177 0.000001 
1933 0.000171 0.000001 
1934 0.000165 0.000001 
1935 0.000159 0.000001 
1936 0.000154 0.000001 
1937 0.000148 0.000001 
1938 0.000143 0.000001 
1939 0.000138 0.000001 
1940 0.000133 0.000001 
1941 0.000129 0.000001 
1942 0.000124 0.000001 
1943 0.000120 0.000001 
1944 0.000115 0.000001 
1945 0.000111 0.000002 
1946 0.000107 0.000002 
1947 0.000104 0.000002 
1948 0.000100 0.000002 
1949 0.000096 0.000002 
1950 0.000093 0.000002 
1951 0.000090 0.000002 
1952 0.000086 0.000002 
1953 0.000083 0.000002 
1954 0.000080 0.000002 
1955 0.000078 0.000002 
1956 0.000075 0.000002 
1957 0.000072 0.000003 
1958 0.000069 0.000003 
1959 0.000067 0.000003 
1960 0.000065 0.000003 
1961 0.000062 0.000003 
1962 0.000060 0.000003 
1963 0.000058 0.000003 
1964 0.000056 0.000003 
1965 0.000054 0.000003 
1966 0.000052 0.000004 
1967 0.000050 0.000004 
1968 0.000048 0.000004 
1969 0.000046 0.000004 
1970 0.000045 0.000004 
1971 0.000043 0.000004 
1972 0.000041 0.000005 
1973 0.000040 0.000005 
1974 0.000038 0.000005 
1975 0.000037 0.000005 
1976 0.000036 0.000005 
1977 0.000034 0.000006 
1978 0.000033 0.000006 
1979 0.000032 0.000006 
1980 0.000031 0.000006 
1981 0.000029 0.000007 
1982 0.000028 0.000007 
1983 0.000027 0.000007 
1984 0.000026 0.000008 
1985 0.000025 0.000008 
1986 0.000024 0.000008 
1987 0.000023 0.000008 
1988 0.000023 0.000009 
1989 0.000022 0.000009 
1990 0.000021 0.000010 
1991 0.000020 0.000010 
1992 0.000019 0.000010 
1993 0.000019 0.000011 
1994 0.000018 0.000011 
1995 0.000017 0.000012 
1996 0.000017 0.000012 
1997 0.000016 0.000013 
1998 0.000015 0.000013 
1999 0.000015 0.000014 
2000 0.000014 0.000014 
2001 0.000014 0.000015 
2002 0.000013 0.000015 
2003 0.000013 0.000016 
2004 0.000012 0.000017 
2005 0.000012 0.000017 
2006 0.000011 0.000018 
2007 0.000011 0.000019 
2008 0.000010 0.000019 
2009 0.000010 0.000020 
2010 0.000010 0.000021 
2011 0.000009 0.000022 
2012 0.000009 0.000023 
2013 0.000008 0.000023 
2014 0.000008 0.000024 
2015 0.000008 0.000025 
2016 0.000008 0.000026 
2017 0.000007 0.000027 
2018 0.000007 0.000028 
2019 0.000007 0.000029 
2020 0.000006 0.000031 
2021 0.000006 0.000032 
2022 0.000006 0.000033 
2023 0.000006 0.000034 
2024 0.000005 0.000036 
2025 0.000005 0.000037 
2026 0.000005 0.000038 
2027 0.000005 0.000040 
2028 0.000005 0.000041 
2029 0.000004 0.000043 
2030 0.000004 0.000045 
2031 0.000004 0.000046 
2032 0.000004 0.000048 
2033 0.000004 0.000050 
2034 0.000004 0.000052 
2035 0.000003 0.000054 
2036 0.000003 0.000056 
2037 0.000003 0.000058 
2038 0.000003 0.000060 
2039 0.000003 0.000062 
2040 0.000003 0.000065 
2041 0.000003 0.000067 
2042 0.000003 0.000069 
2043 0.000003 0.000072 
2044 0.000002 0.000075 
2045 0.000002 0.000078 
2046 0.000002 0.000080 
2047 0.000002 0.000083 
2048 0.000002 0.000086 
2049 0.000002 0.000090 
2050 0.000002 0.000093 
2051 0.000002 0.000096 
2052 0.000002 0.000100 
2053 0.000002 0.000104 
2054 0.000002 0.000107 
2055 0.000002 0.000111 
2056 0.000001 0.000115 
2057 0.000001 0.000120 
2058 0.000001 0.000124 
2059 0.000001 0.000129 
2060 0.000001 0.000133 
2061 0.000001 0.000138 
2062 0.000001 0.000143 
2063 0.000001 0.000148 
2064 0.000001 0.000154 
2065 0.000001 0.000159 
2066 0.000001 0.000165 
2067 0.000001 0.000171 
2068 0.000001 0.000177 
2069 0.000001 0.000183 
2070 0.000001 0.000190 
2071 0.000001 0.000197 
2072 0.000001 0.000204 
2073 0.000001 0.000211 
2074 0.000001 0.000218 
2075 0.000001 0.000226 
2076 0.000001 0.000234 
2077 0.000001 0.000243 
2078 0.000001 0.000251 
2079 0.000001 0.000260 
2080 0.000001 0.000269 
2081 0.000000 0.000279 
2082 0.000000 0.000288 
2083 0.000000 0.000299 
2084 0.000000 0.000309 
2085 0.000000 0.000320 
2086 0.000000 0.000331 
2087 0.000000 0.000342 
2088 0.000000 0.000354 
2089 0.000000 0.000367 
2090 0.000000 0.000379 
2091 0.000000 0.000392 
2092 0.000000 0.000406 
2093 0.000000 0.000420 
2094 0.000000 0.000434 
2095 0.000000 0.000449 
2096 0.000000 0.000465 
2097 0.000000 0.000481 
2098 0.000000 0.000497 
2099 0.000000 0.000514 
2100 0.000000 0.000532 
2101 0.000000 0.000550 
2102 0.000000 0.000568 
2103 0.000000 0.000588 
2104 0.000000 0.000607 
2105 0.000000 0.000628 
2106 0.000000 0.000649 
2107 0.000000 0.000671 
2108 0.000000 0.000694 
2109 0.000000 0.000717 
2110 0.000000 0.000741 
2111 0.000000 0.000766 
2112 0.000000 0.000791 
2113 0.000000 0.000818 
2114 0.000000 0.000845 
2115 0.000000 0.000873 
2116 0.000000 0.000902 
2117 0.000000 0.000931 
2118 0.000000 0.000962 
2119 0.000000 0.000994 
2120 0.000000 0.001027 
2121 0.000000 0.001060 
2122 0.000000 0.001095 
2123 0.000000 0.001131 
2124 0.000000 0.001168 
2125 0.000000 0.001206 
2126 0.000000 0.001245 
2127 0.000000 0.001286 
2128 0.000000 0.001328 
2129 0.000000 0.001371 
2130 0.000000 0.001415 
2131 0.000000 0.001461 
2132 0.000000 0.001508 
2133 0.000000 0.001556 
2134 0.000000 0.001606 
2135 0.000000 0.001657 
2136 0.000000 0.001710 
2137 0.000000 0.001765 
2138 0.000000 0.001821 
2139 0.000000 0.001879 
2140 0.000000 0.001939 
2141 0.000000 0.002000 
2142 0.000000 0.002064 
2143 0.000000 0.002129 
2144 0.000000 0.002196 
2145 0.000000 0.002265 
2146 0.000000 0.002336 
2147 0.000000 0.002409 
2148 0.000000 0.002485 
2149 0.000000 0.002562 
2150 0.000000 0.002642 
2151 0.000000 0.002725 
2152 0.000000 0.002809 
2153 0.000000 0.002896 
2154 0.000000 0.002986 
2155 0.000000 0.003078 
2156 0.000000 0.003173 
2157 0.000000 0.003271 
2158 0.000000 0.003371 
2159 0.000000 0.003474 
2160 0.000000 0.003581 
2161 0.000000 0.003690 
2162 0.000000 0.003803 
2163 0.000000 0.003918 
2164 0.000000 0.004037 
2165 0.000000 0.004160 
2166 0.000000 0.004285 
2167 0.000000 0.004415 
2168 0.000000 0.004548 
2169 0.000000 0.004685 
2170 0.000000 0.004825 
2171 0.000000 0.004970 
2172 0.000000 0.005119 
2173 0.000000 0.005271 
2174 0.000000 0.005428 
2175 0.000000 0.005590 
2176 0.000000 0.005756 
2177 0.000000 0.005926 
2178 0.000000 0.006101 
2179 0.000000 0.006281 
2180 0.000000 0.006466 
2181 0.000000 0.006656 
2182 0.000000 0.006852 
2183 0.000000 0.007052 
2184 0.000000 0.007258 
2185 0.000000 0.007470 
2186 0.000000 0.007687 
2187 0.000000 0.007910 
2188 0.000000 0.008140 
2189 0.000000 0.008375 
2190 0.000000 0.008617 
2191 0.000000 0.008865 
2192 0.000000 0.009120 
2193 0.000000 0.009382 
2194 0.000000 0.009651 
2195 0.000000 0.009926 
2196 0.000000 0.010210 
2197 0.000000 0.010500 
2198 0.000000 0.010799 
2199 0.000000 0.011105 
2200 0.000000 0.011419 
2201 0.000000 0.011741 
2202 0.000000 0.012072 
2203 0.000000 0.012412 
2204 0.000000 0.012760 
2205 0.000000 0.013117 
2206 0.000000 0.013484 
2207 0.000000 0.013860 
2208 0.000000 0.014246 
2209 0.000000 0.014642 
2210 0.000000 0.015047 
2211 0.000000 0.015464 
2212 0.000000 0.015891 
2213 0.000000 0.016328 
2214 0.000000 0.016777 
2215 0.000000 0.017237 
2216 0.000000 0.017709 
2217 0.000000 0.018193 
2218 0.000000 0.018689 
2219 0.000000 0.019197 
2220 0.000000 0.019719 
2221 0.000000 0.020253 
2222 0.000000 0.020800 
2223 0.000000 0.021361 
2224 0.000000 0.021936 
2225 0.000000 0.022525 
2226 0.000000 0.023129 
2227 0.000000 0.023747 
2228 0.000000 0.024381 
2229 0.000000 0.025030 
2230 0.000000 0.025695 
2231 0.000000 0.026377 
2232 0.000000 0.027074 
2233 0.000000 0.027789 
2234 0.000000 0.028521 
2235 0.000000 0.029271 
2236 0.000000 0.030038 
2237 0.000000 0.030825 
2238 0.000000 0.031629 
2239 0.000000 0.032453 
2240 0.000000 0.033297 
2241 0.000000 0.034161 
2242 0.000000 0.035045 
2243 0.000000 0.035950 
2244 0.000000 0.036876 
2245 0.000000 0.037824 
2246 0.000000 0.038795 
2247 0.000000 0.039788 
2248 0.000000 0.040804 
2249 0.000000 0.041843 
2250 0.000000 0.042907 
2251 0.000000 0.043995 
2252 0.000000 0.045109 
2253 0.000000 0.046248 
2254 0.000000 0.047413 
2255 0.000000 0.048605 
2256 0.000000 0.049824 
2257 0.000000 0.051070 
2258 0.000000 0.052345 
2259 0.000000 0.053649 
2260 0.000000 0.054982 
2261 0.000000 0.056345 
2262 0.000000 0.057739 
2263 0.000000 0.059164 
2264 0.000000 0.060621 
2265 0.000000 0.062110 
2266 0.000000 0.063632 
2267 0.000000 0.065187 
2268 0.000000 0.066777 
2269 0.000000 0.068402 
2270 0.000000 0.070063 
2271 0.000000 0.071760 
2272 0.000000 0.073494 
2273 0.000000 0.075265 
2274 0.000000 0.077075 
2275 0.000000 0.078924 
2276 0.000000 0.080813 
2277 0.000000 0.082742 
2278 0.000000 0.084713 
2279 0.000000 0.086726 
2280 0.000000 0.088782 
2281 0.000000 0.090881 
2282 0.000000 0.093025 
2283 0.000000 0.095214 
2284 0.000000 0.097449 
2285 0.000000 0.099731 
2286 0.000000 0.102061 
2287 0.000000 0.104440 
2288 0.000000 0.106867 
2289 0.000000 0.109345 
2290 0.000000 0.111875 
2291 0.000000 0.114456 
2292 0.000000 0.117091 
2293 0.000000 0.119779 
2294 0.000000 0.122522 
2295 0.000000 0.125322 
2296 0.000000 0.128177 
2297 0.000000 0.131091 
2298 0.000000 0.134063 
2299 0.000000 0.137096 
2300 0.000000 0.140188 
2301 0.000000 0.143343 
2302 0.000000 0.146560 
2303 0.000000 0.149842 
2304 0.000000 0.153188 
2305 0.000000 0.156600 
2306 0.000000 0.160079 
2307 0.000000 0.163626 
2308 0.000000 0.167243 
2309 0.000000 0.170930 
2310 0.000000 0.174688 
2311 0.000000 0.178519 
2312 0.000000 0.182424 
2313 0.000000 0.186404 
2314 0.000000 0.190460 
2315 0.000000 0.194594 
2316 0.000000 0.198806 
2317 0.000000 0.203098 
2318 0.000000 0.207471 
2319 0.000000 0.211926 
2320 0.000000 0.216465 
2321 0.000000 0.221088 
2322 0.000000 0.225798 
2323 0.000000 0.230595 
2324 0.000000 0.235481 
2325 0.000000 0.240458 
2326 0.000000 0.245525 
2327 0.000000 0.250685 
2328 0.000000 0.255940 
2329 0.000000 0.261290 
2330 0.000000 0.266737 
2331 0.000000 0.272282 
2332 0.000000 0.277927 
2333 0.000000 0.283673 
2334 0.000000 0.289522 
2335 0.000000 0.295475 
2336 0.000000 0.301533 
2337 0.000000 0.307698 
2338 0.000000 0.313972 
2339 0.000000 0.320356 
2340 0.000000 0.326852 
2341 0.000000 0.333460 
2342 0.000000 0.340183 
2343 0.000000 0.347022 
2344 0.000000 0.353979 
2345 0.000000 0.361056 
2346 0.000000 0.368253 
2347 0.000000 0.375572 
2348 0.000000 0.383016 
2349 0.000000 0.390585 
2350 0.000000 0.398282 
2351 0.000000 0.406108 
2352 0.000000 0.414064 
2353 0.000000 0.422153 
2354 0.000000 0.430375 
2355 0.000000 0.438733 
2356 0.000000 0.447229 
2357 0.000000 0.455863 
2358 0.000000 0.464638 
2359 0.000000 0.473556 
2360 0.000000 0.482618 
2361 0.000000 0.491826 
2362 0.000000 0.501181 
2363 0.000000 0.510686 
2364 0.000000 0.520342 
2365 0.000000 0.530151 
2366 0.000000 0.540115 
2367 0.000000 0.550235 
2368 0.000000 0.560513 
2369 0.000000 0.570952 
2370 0.000000 0.581552 
2371 0.000000 0.592316 
2372 0.000000 0.603246 
2373 0.000000 0.614343 
2374 0.000000 0.625609 
2375 0.000000 0.637046 
2376 0.000000 0.648657 
2377 0.000000 0.660441 
2378 0.000000 0.672403 
2379 0.000000 0.684542 
2380 0.000000 0.696862 
2381 0.000000 0.709364 
2382 0.000000 0.722050 
2383 0.000000 0.734921 
2384 0.000000 0.747981 
2385 0.000000 0.761230 
2386 0.000000 0.774670 
2387 0.000000 0.788303 
2388 0.000000 0.802132 
2389 0.000000 0.816157 
2390 0.000000 0.830382 
2391 0.000000 0.844807 
2392 0.000000 0.859434 
2393 0.000000 0.874266 
2394 0.000000 0.889305 
2395 0.000000 0.904551 
2396 0.000000 0.920008 
2397 0.000000 0.935676 
2398 0.000000 0.951558 
2399 0.000000 0.967655 
2400 0.000000 0.983970 
2401 0.000000 1.000504 
2402 0.000000 1.017259 
2403 0.000000 1.034236 
2404 0.000000 1.051438 
2405 0.000000 1.068867 
2406 0.000000 1.086524 
2407 0.000000 1.104411 
2408 0.000000 1.122529 
2409 0.000000 1.140881 
2410 0.000000 1.159468 
2411 0.000000 1.178293 
2412 0.000000 1.197356 
2413 0.000000 1.216659 
2414 0.000000 1.236205 
2415 0.000000 1.255994 
2416 0.000000 1.276029 
2417 0.000000 1.296311 
2418 0.000000 1.316841 
2419 0.000000 1.337623 
2420 0.000000 1.358656 
2421 0.000000 1.379943 
2422 0.000000 1.401485 
2423 0.000000 1.423283 
2424 0.000000 1.445340 
2425 0.000000 1.467657 
2426 0.000000 1.490236 
2427 0.000000 1.513077 
2428 0.000000 1.536182 
2429 0.000000 1.559553 
2430 0.000000 1.583191 
2431 0.000000 1.607098 
2432 0.000000 1.631274 
2433 0.000000 1.655722 
2434 0.000000 1.680442 
2435 0.000000 1.705436 
2436 0.000000 1.730705 
2437 0.000000 1.756250 
2438 0.000000 1.782073 
2439 0.000000 1.808174 
2440 0.000000 1.834555 
2441 0.000000 1.861218 
2442 0.000000 1.888162 
2443 0.000000 1.915389 
2444 0.000000 1.942900 
2445 0.000000 1.970696 
2446 0.000000 1.998779 
2447 0.000000 2.027148 
2448 0.000000 2.055805 
2449 0.000000 2.084750 
2450 0.000000 2.113986 
2451 0.000000 2.143511 
2452 0.000000 2.173327 
2453 0.000000 2.203435 
2454 0.000000 2.233835 
2455 0.000000 2.264529 
2456 0.000000 2.295515 
2457 0.000000 2.326796 
2458 0.000000 2.358371 
2459 0.000000 2.390241 
2460 0.000000 2.422407 
2461 0.000000 2.454868 
2462 0.000000 2.487625 
2463 0.000000 2.520679 
2464 0.000000 2.554029 
2465 0.000000 2.587675 
2466 0.000000 2.621619 
2467 0.000000 2.655859 
2468 0.000000 2.690397 
2469 0.000000 2.725231 
2470 0.000000 2.760362 
2471 0.000000 2.795790 
2472 0.000000 2.831514 
2473 0.000000 2.867535 
2474 0.000000 2.903852 
2475 0.000000 2.940464 
2476 0.000000 2.977372 
2477 0.000000 3.014574 
2478 0.000000 3.052071 
2479 0.000000 3.089862 
2480 0.000000 3.127946 
2481 0.000000 3.166322 
2482 0.000000 3.204990 
2483 0.000000 3.243950 
2484 0.000000 3.283199 
2485 0.000000 3.322738 
2486 0.000000 3.362565 
2487 0.000000 3.402679 
2488 0.000000 3.443080 
2489 0.000000 3.483766 
2490 0.000000 3.524736 
2491 0.000000 3.565988 
2492 0.000000 3.607521 
2493 0.000000 3.649335 
2494 0.000000 3.691427 
2495 0.000000 3.733796 
2496 0.000000 3.776440 
2497 0.000000 3.819359 
2498 0.000000 3.862549 
2499 0.000000 3.906009 
2500 0.000000 3.949738 
2501 0.000000 3.993733 
2502 0.000000 4.037993 
2503 0.000000 4.082515 
2504 0.000000 4.127298 
2505 0.000000 4.172339 
2506 0.000000 4.217636 
2507 0.000000 4.263186 
2508 0.000000 4.308988 
2509 0.000000 4.355039 
2510 0.000000 4.401336 
2511 0.000000 4.447877 
2512 0.000000 4.494659 
2513 0.000000 4.541679 
2514 0.000000 4.588935 
2515 0.000000 4.636424 
2516 0.000000 4.684142 
2517 0.000000 4.732088 
2518 0.000000 4.780257 
2519 0.000000 4.828647 
2520 0.000000 4.877254 
2521 0.000000 4.926076 
2522 0.000000 4.975108 
2523 0.000000 5.024348 
2524 0.000000 5.073792 
2525 0.000000 5.123436 
2526 0.000000 5.173278 
2527 0.000000 5.223312 
2528 0.000000 5.273536 
2529 0.000000 5.323945 
2530 0.000000 5.374537 
2531 0.000000 5.425306 
2532 0.000000 5.476248 
2533 0.000000 5.527361 
2534 0.000000 5.578639 
2535 0.000000 5.630078 
2536 0.000000 5.681675 
2537 0.000000 5.733424 
2538 0.000000 5.785321 
2539 0.000000 5.837362 
2540 0.000000 5.889543 
2541 0.000000 5.941858 
2542 0.000000 5.994303 
2543 0.000000 6.046874 
2544 0.000000 6.099564 
2545 0.000000 6.152371 
2546 0.000000 6.205288 
2547 0.000000 6.258311 
2548 0.000000 6.311434 
2549 0.000000 6.364653 
2550 0.000000 6.417963 
2551 0.000000 6.471357 
2552 0.000000 6.524832 
2553 0.000000 6.578381 
2554 0.000000 6.631999 
2555 0.000000 6.685681 
2556 0.000000 6.739422 
2557 0.000000 6.793215 
2558 0.000000 6.847055 
2559 0.000000 6.900936 
2560 0.000000 6.954853 
2561 0.000000 7.008800 
2562 0.000000 7.062772 
2563 0.000000 7.116761 
2564 0.000000 7.170763 
2565 0.000000 7.224771 
2566 0.000000 7.278780 
2567 0.000000 7.332783 
2568 0.000000 7.386774 
2569 0.000000 7.440747 
2570 0.000000 7.494697 
2571 0.000000 7.548616 
2572 0.000000 7.602498 
2573 0.000000 7.656338 
2574 0.000000 7.710129 
2575 0.000000 7.763864 
2576 0.000000 7.817537 
2577 0.000000 7.871141 
2578 0.000000 7.924671 
2579 0.000000 7.978120 
2580 0.000000 8.031480 
2581 0.000000 8.084747 
2582 0.000000 8.137912 
2583 0.000000 8.190969 
2584 0.000000 8.243912 
2585 0.000000 8.296735 
2586 0.000000 8.349429 
2587 0.000000 8.401989 
2588 0.000000 8.454409 
2589 0.000000 8.506680 
2590 0.000000 8.558797 
2591 0.000000 8.610752 
2592 0.000000 8.662539 
2593 0.000000 8.714151 
2594 0.000000 8.765582 
2595 0.000000 8.816823 
2596 0.000000 8.867870 
2597 0.000000 8.918714 
2598 0.000000 8.969349 
2599 0.000000 9.019767 
2600 0.000000 9.069963 
2601 0.000000 9.119929 
2602 0.000000 9.169659 
2603 0.000000 9.219145 
2604 0.000000 9.268381 
2605 0.000000 9.317360 
2606 0.000000 9.366075 
2607 0.000000 9.414519 
2608 0.000000 9.462685 
2609 0.000000 9.510567 
2610 0.000000 9.558158 
2611 0.000000 9.605450 
2612 0.000000 9.652438 
2613 0.000000 9.699115 
2614 0.000000 9.745473 
2615 0.000000 9.791506 
2616 0.000000 9.837208 
2617 0.000000 9.882571 
2618 0.000000 9.927590 
2619 0.000000 9.972256 
2620 0.000000 10.016565 
2621 0.000000 10.060509 
2622 0.000000 10.104082 
2623 0.000000 10.147278 
2624 0.000000 10.190089 
2625 0.000000 10.232510 
2626 0.000000 10.274534 
2627 0.000000 10.316155 
2628 0.000000 10.357366 
2629 0.000000 10.398162 
2630 0.000000 10.438535 
2631 0.000000 10.478481 
2632 0.000000 10.517993 
2633 0.000000 10.557064 
2634 0.000000 10.595689 
2635 0.000000 10.633862 
2636 0.000000 10.671577 
2637 0.000000 10.708828 
2638 0.000000 10.745610 
2639 0.000000 10.781916 
2640 0.000000 10.817741 
2641 0.000000 10.853079 
2642 0.000000 10.887925 
2643 0.000000 10.922273 
2644 0.000000 10.956119 
2645 0.000000 10.989456 
2646 0.000000 11.022279 
2647 0.000000 11.054584 
2648 0.000000 11.086364 
2649 0.000000 11.117615 
2650 0.000000 11.148333 
2651 0.000000 11.178511 
2652 0.000000 11.208146 
2653 0.000000 11.237232 
2654 0.000000 11.265765 
2655 0.000000 11.293740 
2656 0.000000 11.321153 
2657 0.000000 11.347999 
2658 0.000000 11.374274 
2659 0.000000 11.399974 
2660 0.000000 11.425094 
2661 0.000000 11.449631 
2662 0.000000 11.473581 
2663 0.000000 11.496938 
2664 0.000000 11.519701 
2665 0.000000 11.541864 
2666 0.000000 11.563425 
2667 0.000000 11.584380 
2668 0.000000 11.604726 
2669 0.000000 11.624458 
2670 0.000000 11.643574 
2671 0.000000 11.662071 
2672 0.000000 11.679946 
2673 0.000000 11.697195 
2674 0.000000 11.713816 
2675 0.000000 11.729807 
2676 0.000000 11.745164 
2677 0.000000 11.759884 
2678 0.000000 11.773967 
2679 0.000000 11.787408 
2680 0.000000 11.800206 
2681 0.000000 11.812360 
2682 0.000000 11.823866 
2683 0.000000 11.834723 
2684 0.000000 11.844929 
2685 0.000000 11.854482 
2686 0.000000 11.863381 
2687 0.000000 11.871625 
2688 0.000000 11.879211 
2689 0.000000 11.886139 
2690 0.000000 11.892408 
2691 0.000000 11.898016 
2692 0.000000 11.902963 
2693 0.000000 11.907248 
2694 0.000000 11.910869 
2695 0.000000 11.913827 
2696 0.000000 11.916121 
2697 0.000000 11.917750 
2698 0.000000 11.918715 
2699 0.000000 11.919015 
2700 0.000000 11.918649 
2701 0.000000 11.917619 
2702 0.000000 11.915925 
2703 0.000000 11.913566 
2704 0.000000 11.910543 
2705 0.000000 11.906856 
2706 0.000000 11.902506 
2707 0.000000 11.897495 
2708 0.000000 11.891822 
2709 0.000000 11.885489 
2710 0.000000 11.878496 
2711 0.000000 11.870845 
2712 0.000000 11.862538 
2713 0.000000 11.853575 
2714 0.000000 11.843958 
2715 0.000000 11.833689 
2716 0.000000 11.822769 
2717 0.000000 11.811200 
2718 0.000000 11.798985 
2719 0.000000 11.786125 
2720 0.000000 11.772622 
2721 0.000000 11.758478 
2722 0.000000 11.743696 
2723 0.000000 11.728279 
2724 0.000000 11.712229 
2725 0.000000 11.695548 
2726 0.000000 11.678239 
2727 0.000000 11.660306 
2728 0.000000 11.641751 
2729 0.000000 11.622577 
2730 0.000000 11.602788 
2731 0.000000 11.582386 
2732 0.000000 11.561375 
2733 0.000000 11.539758 
2734 0.000000 11.517540 
2735 0.000000 11.494723 
2736 0.000000 11.471311 
2737 0.000000 11.447309 
2738 0.000000 11.422720 
2739 0.000000 11.397547 
2740 0.000000 11.371796 
2741 0.000000 11.345471 
2742 0.000000 11.318575 
2743 0.000000 11.291113 
2744 0.000000 11.263089 
2745 0.000000 11.234508 
2746 0.000000 11.205375 
2747 0.000000 11.175694 
2748 0.000000 11.145470 
2749 0.000000 11.114708 
2750 0.000000 11.083413 
2751 0.000000 11.051589 
2752 0.000000 11.019242 
2753 0.000000 10.986378 
2754 0.000000 10.953000 
2755 0.000000 10.919114 
2756 0.000000 10.884727 
2757 0.000000 10.849842 
2758 0.000000 10.814467 
2759 0.000000 10.778605 
2760 0.000000 10.742263 
2761 0.000000 10.705447 
2762 0.000000 10.668162 
2763 0.000000 10.630414 
2764 0.000000 10.592209 
2765 0.000000 10.553552 
2766 0.000000 10.514450 
2767 0.000000 10.474909 
2768 0.000000 10.434935 
2769 0.000000 10.394533 
2770 0.000000 10.353711 
2771 0.000000 10.312474 
2772 0.000000 10.270828 
2773 0.000000 10.228780 
2774 0.000000 10.186336 
2775 0.000000 10.143503 
2776 0.000000 10.100286 
2777 0.000000 10.056693 
2778 0.000000 10.012729 
2779 0.000000 9.968402 
2780 0.000000 9.923717 
2781 0.000000 9.878682 
2782 0.000000 9.833303 
2783 0.000000 9.787587 
2784 0.000000 9.741540 
2785 0.000000 9.695169 
2786 0.000000 9.648481 
2787 0.000000 9.601482 
2788 0.000000 9.554179 
2789 0.000000 9.506580 
2790 0.000000 9.458690 
2791 0.000000 9.410516 
2792 0.000000 9.362066 
2793 0.000000 9.313346 
2794 0.000000 9.264363 
2795 0.000000 9.215123 
2796 0.000000 9.165634 
2797 0.000000 9.115903 
2798 0.000000 9.065936 
2799 0.000000 9.015741 
2800 0.000000 8.965323 
2801 0.000000 8.914690 
2802 0.000000 8.863849 
2803 0.000000 8.812806 
2804 0.000000 8.761569 
2805 0.000000 8.710144 
2806 0.000000 8.658538 
2807 0.000000 8.606758 
2808 0.000000 8.554811 
2809 0.000000 8.502703 
2810 0.000000 8.450441 
2811 0.000000 8.398033 
2812 0.000000 8.345484 
2813 0.000000 8.292801 
2814 0.000000 8.239992 
2815 0.000000 8.187062 
2816 0.000000 8.134019 
2817 0.000000 8.080869 
2818 0.000000 8.027619 
2819 0.000000 7.974275 
2820 0.000000 7.920844 
2821 0.000000 7.867333 
2822 0.000000 7.813747 
2823 0.000000 7.760093 
2824 0.000000 7.706379 
2825 0.000000 7.652609 
2826 0.000000 7.598791 
2827 0.000000 7.544931 
2828 0.000000 7.491035 
2829 0.000000 7.437110 
2830 0.000000 7.383161 
2831 0.000000 7.329195 
2832 0.000000 7.275217 
2833 0.000000 7.221235 
2834 0.000000 7.167253 
2835 0.000000 7.113279 
2836 0.000000 7.059317 
2837 0.000000 7.005375 
2838 0.000000 6.951457 
2839 0.000000 6.897569 
2840 0.000000 6.843718 
2841 0.000000 6.789908 
2842 0.000000 6.736146 
2843 0.000000 6.682438 
2844 0.000000 6.628788 
2845 0.000000 6.575202 
2846 0.000000 6.521686 
2847 0.000000 6.468244 
2848 0.000000 6.414884 
2849 0.000000 6.361608 
2850 0.000000 6.308424 
2851 0.000000 6.255335 
2852 0.000000 6.202348 
2853 0.000000 6.149466 
2854 0.000000 6.096696 
2855 0.000000 6.044041 
2856 0.000000 5.991508 
2857 0.000000 5.939100 
2858 0.000000 5.886822 
2859 0.000000 5.834679 
2860 0.000000 5.782675 
2861 0.000000 5.730816 
2862 0.000000 5.679105 
2863 0.000000 5.627547 
2864 0.000000 5.576147 
2865 0.000000 5.524908 
2866 0.000000 5.473834 
2867 0.000000 5.422931 
2868 0.000000 5.372201 
2869 0.000000 5.321649 
2870 0.000000 5.271280 
2871 0.000000 5.221096 
2872 0.000000 5.171101 
2873 0.000000 5.121300 
2874 0.000000 5.071696 
2875 0.000000 5.022292 
2876 0.000000 4.973092 
2877 0.000000 4.924100 
2878 0.000000 4.875319 
2879 0.000000 4.826752 
2880 0.000000 4.778402 
2881 0.000000 4.730274 
2882 0.000000 4.682369 
2883 0.000000 4.634690 
2884 0.000000 4.587242 
2885 0.000000 4.540026 
2886 0.000000 4.493046 
2887 0.000000 4.446305 
2888 0.000000 4.399804 
2889 0.000000 4.353547 
2890 0.000000 4.307536 
2891 0.000000 4.261774 
2892 0.000000 4.216264 
2893 0.000000 4.171006 
2894 0.000000 4.126005 
2895 0.000000 4.081262 
2896 0.000000 4.036779 
2897 0.000000 3.992558 
2898 0.000000 3.948602 
2899 0.000000 3.904911 
2900 0.000000 3.861490 
2901 0.000000 3.818338 
2902 0.000000 3.775458 
2903 0.000000 3.732851 
2904 0.000000 3.690520 
2905 0.000000 3.648466 
2906 0.000000 3.606689 
2907 0.000000 3.565193 
2908 0.000000 3.523977 
2909 0.000000 3.483044 
2910 0.000000 3.442394 
2911 0.000000 3.402030 
2912 0.000000 3.361951 
2913 0.000000 3.322159 
2914 0.000000 3.282655 
2915 0.000000 3.243441 
2916 0.000000 3.204516 
2917 0.000000 3.165882 
2918 0.000000 3.127539 
2919 0.000000 3.089489 
2920 0.000000 3.051731 
2921 0.000000 3.014268 
2922 0.000000 2.977098 
2923 0.000000 2.940222 
2924 0.000000 2.903642 
2925 0.000000 2.867357 
2926 0.000000 2.831367 
2927 0.000000 2.795674 
2928 0.000000 2.760276 
2929 0.000000 2.725175 
2930 0.000000 2.690371 
2931 0.000000 2.655863 
2932 0.000000 2.621651 
2933 0.000000 2.587736 
2934 0.000000 2.554118 
2935 0.000000 2.520795 
2936 0.000000 2.487769 
2937 0.000000 2.455039 
2938 0.000000 2.422604 
2939 0.000000 2.390465 
2940 0.000000 2.358621 
2941 0.000000 2.327071 
2942 0.000000 2.295815 
2943 0.000000 2.264853 
2944 0.000000 2.234184 
2945 0.000000 2.203808 
2946 0.000000 2.173723 
2947 0.000000 2.143930 
2948 0.000000 2.114427 
2949 0.000000 2.085214 
2950 0.000000 2.056291 
2951 0.000000 2.027655 
2952 0.000000 1.999307 
2953 0.000000 1.971245 
2954 0.000000 1.943469 
2955 0.000000 1.915977 
2956 0.000000 1.888769 
2957 0.000000 1.861844 
2958 0.000000 1.835200 
2959 0.000000 1.808837 
2960 0.000000 1.782754 
2961 0.000000 1.756948 
2962 0.000000 1.731420 
2963 0.000000 1.706167 
2964 0.000000 1.681189 
2965 0.000000 1.656485 
2966 0.000000 1.632052 
2967 0.000000 1.607891 
2968 0.000000 1.583999 
2969 0.000000 1.560375 
2970 0.000000 1.537017 
2971 0.000000 1.513925 
2972 0.000000 1.491097 
2973 0.000000 1.468531 
2974 0.000000 1.446227 
2975 0.000000 1.424181 
2976 0.000000 1.402394 
2977 0.000000 1.380863 
2978 0.000000 1.359587 
2979 0.000000 1.338564 
2980 0.000000 1.317792 
2981 0.000000 1.297271 
2982 0.000000 1.276998 
2983 0.000000 1.256972 
2984 0.000000 1.237191 
2985 0.000000 1.217654 
2986 0.000000 1.198358 
2987 0.000000 1.179303 
2988 0.000000 1.160486 
2989 0.000000 1.141905 
2990 0.000000 1.123559 
2991 0.000000 1.105447 
2992 0.000000 1.087566 
2993 0.000000 1.069915 
2994 0.000000 1.052491 
2995 0.000000 1.035294 
2996 0.000000 1.018320 
2997 0.000000 1.001570 
2998 0.000000 0.985040 
2999 0.000000 0.968728 
3000 0.000000 0.952634 
3001 0.000000 0.936755 
3002 0.000000 0.921090 
3003 0.000000 0.905636 
3004 0.000000 0.890391 
3005 0.000000 0.875355 
3006 0.000000 0.860524 
3007 0.000000 0.845898 
3008 0.000000 0.831474 
3009 0.000000 0.817250 
3010 0.000000 0.803225 
3011 0.000000 0.789397 
3012 0.000000 0.775764 
3013 0.000000 0.762323 
3014 0.000000 0.749074 
3015 0.000000 0.736014 
3016 0.000000 0.723141 
3017 0.000000 0.710454 
3018 0.000000 0.697951 
3019 0.000000 0.685630 
3020 0.000000 0.673488 
3021 0.000000 0.661525 
3022 0.000000 0.649738 
3023 0.000000 0.638125 
3024 0.000000 0.626686 
3025 0.000000 0.615417 
3026 0.000000 0.604317 
3027 0.000000 0.593384 
3028 0.000000 0.582616 
3029 0.000000 0.572012 
3030 0.000000 0.561570 
3031 0.000000 0.551288 
3032 0.000000 0.541163 
3033 0.000000 0.531196 
3034 0.000000 0.521382 
3035 0.000000 0.511722 
3036 0.000000 0.502212 
3037 0.000000 0.492852 
3038 0.000000 0.483639 
3039 0.000000 0.474573 
3040 0.000000 0.465650 
3041 0.000000 0.456869 
3042 0.000000 0.448229 
3043 0.000000 0.439728 
3044 0.000000 0.431364 
3045 0.000000 0.423136 
3046 0.000000 0.415042 
3047 0.000000 0.407079 
3048 0.000000 0.399248 
3049 0.000000 0.391545 
3050 0.000000 0.383969 
3051 0.000000 0.376519 
3052 0.000000 0.369193 
3053 0.000000 0.361990 
3054 0.000000 0.354907 
3055 0.000000 0.347943 
3056 0.000000 0.341097 
3057 0.000000 0.334367 
3058 0.000000 0.327752 
3059 0.000000 0.321249 
3060 0.000000 0.314858 
3061 0.000000 0.308578 
3062 0.000000 0.302405 
3063 0.000000 0.296339 
3064 0.000000 0.290379 
3065 0.000000 0.284523 
3066 0.000000 0.278770 
3067 0.000000 0.273118 
3068 0.000000 0.267565 
3069 0.000000 0.262111 
3070 0.000000 0.256753 
3071 0.000000 0.251492 
3072 0.000000 0.246324 
3073 0.000000 0.241249 
3074 0.000000 0.236265 
3075 0.000000 0.231372 
3076 0.000000 0.226567 
3077 0.000000 0.221849 
3078 0.000000 0.217218 
3079 0.000000 0.212672 
3080 0.000000 0.208209 
3081 0.000000 0.203828 
3082 0.000000 0.199529 
3083 0.000000 0.195309 
3084 0.000000 0.191168 
3085 0.000000 0.187104 
3086 0.000000 0.183117 
3087 0.000000 0.179204 
3088 0.000000 0.175366 
3089 0.000000 0.171600 
3090 0.000000 0.167905 
3091 0.000000 0.164281 
3092 0.000000 0.160726 
3093 0.000000 0.157240 
3094 0.000000 0.153820 
3095 0.000000 0.150467 
3096 0.000000 0.147178 
3097 0.000000 0.143953 
3098 0.000000 0.140791 
3099 0.000000 0.137691 
3100 0.000000 0.134652 
3101 0.000000 0.131672 
3102 0.000000 0.128751 
3103 0.000000 0.125888 
3104 0.000000 0.123082 
3105 0.000000 0.120331 
3106 0.000000 0.117636 
3107 0.000000 0.114994 
3108 0.000000 0.112406 
3109 0.000000 0.109870 
3110 0.000000 0.107385 
3111 0.000000 0.104950 
3112 0.000000 0.102565 
3113 0.000000 0.100228 
3114 0.000000 0.097939 
3115 0.000000 0.095697 
3116 0.000000 0.093502 
3117 0.000000 0.091351 
3118 0.000000 0.089245 
3119 0.000000 0.087183 
3120 0.000000 0.085164 
3121 0.000000 0.083186 
3122 0.000000 0.081251 
3123 0.000000 0.079355 
3124 0.000000 0.077500 
3125 0.000000 0.075684 
3126 0.000000 0.073906 
3127 0.000000 0.072166 
3128 0.000000 0.070463 
3129 0.000000 0.068797 
3130 0.000000 0.067166 
3131 0.000000 0.065570 
3132 0.000000 0.064009 
3133 0.000000 0.062481 
3134 0.000000 0.060986 
3135 0.000000 0.059524 
3136 0.000000 0.058093 
3137 0.000000 0.056694 
3138 0.000000 0.055325 
3139 0.000000 0.053987 
3140 0.000000 0.052678 
3141 0.000000 0.051398 
3142 0.000000 0.050146 
3143 0.000000 0.048921 
3144 0.000000 0.047725 
3145 0.000000 0.046554 
3146 0.000000 0.045410 
3147 0.000000 0.044292 
3148 0.000000 0.043199 
3149 0.000000 0.042130 
3150 0.000000 0.041085 
3151 0.000000 0.040065 
3152 0.000000 0.039067 
3153 0.000000 0.038092 
3154 0.000000 0.037140 
3155 0.000000 0.036209 
3156 0.000000 0.035299 
3157 0.000000 0.034411 
3158 0.000000 0.033543 
3159 0.000000 0.032695 
3160 0.000000 0.031866 
3161 0.000000 0.031057 
3162 0.000000 0.030267 
3163 0.000000 0.029495 
3164 0.000000 0.028742 
3165 0.000000 0.028006 
3166 0.000000 0.027287 
3167 0.000000 0.026586 
3168 0.000000 0.025900 
3169 0.000000 0.025232 
3170 0.000000 0.024579 
3171 0.000000 0.023941 
3172 0.000000 0.023319 
3173 0.000000 0.022712 
3174 0.000000 0.022119 
3175 0.000000 0.021541 
3176 0.000000 0.020977 
3177 0.000000 0.020426 
3178 0.000000 0.019888 
3179 0.000000 0.019364 
3180 0.000000 0.018853 
3181 0.000000 0.018354 
3182 0.000000 0.017867 
3183 0.000000 0.017392 
3184 0.000000 0.016928 
3185 0.000000 0.016477 
3186 0.000000 0.016036 
3187 0.000000 0.015606 
3188 0.000000 0.015187 
3189 0.000000 0.014779 
3190 0.000000 0.014380 
3191 0.000000 0.013992 
3192 0.000000 0.013613 
3193 0.000000 0.013244 
3194 0.000000 0.012884 
3195 0.000000 0.012533 
3196 0.000000 0.012191 
3197 0.000000 0.011858 
3198 0.000000 0.011533 
3199 0.000000 0.011216 
3200 0.000000 0.010908 
3201 0.000000 0.010607 
3202 0.000000 0.010315 
3203 0.000000 0.010029 
3204 0.000000 0.009751 
3205 0.000000 0.009480 
3206 0.000000 0.009217 
3207 0.000000 0.008960 
3208 0.000000 0.008709 
3209 0.000000 0.008466 
3210 0.000000 0.008228 
3211 0.000000 0.007997 
3212 0.000000 0.007772 
3213 0.000000 0.007553 
3214 0.000000 0.007339 
3215 0.000000 0.007131 
3216 0.000000 0.006929 
3217 0.000000 0.006732 
3218 0.000000 0.006541 
3219 0.000000 0.006354 
3220 0.000000 0.006172 
3221 0.000000 0.005996 
3222 0.000000 0.005824 
3223 0.000000 0.005656 
3224 0.000000 0.005493 
3225 0.000000 0.005335 
3226 0.000000 0.005181 
3227 0.000000 0.005031 
3228 0.000000 0.004885 
3229 0.000000 0.004743 
3230 0.000000 0.004604 
3231 0.000000 0.004470 
3232 0.000000 0.004339 
3233 0.000000 0.004212 
3234 0.000000 0.004089 
3235 0.000000 0.003969 
3236 0.000000 0.003852 
3237 0.000000 0.003738 
3238 0.000000 0.003628 
3239 0.000000 0.003520 
3240 0.000000 0.003416 
3241 0.000000 0.003314 
3242 0.000000 0.003216 
3243 0.000000 0.003120 
3244 0.000000 0.003027 
3245 0.000000 0.002936 
3246 0.000000 0.002848 
3247 0.000000 0.002762 
3248 0.000000 0.002679 
3249 0.000000 0.002598 
3250 0.000000 0.002520 
3251 0.000000 0.002444 
3252 0.000000 0.002370 
3253 0.000000 0.002298 
3254 0.000000 0.002228 
3255 0.000000 0.002160 
3256 0.000000 0.002094 
3257 0.000000 0.002030 
3258 0.000000 0.001968 
3259 0.000000 0.001907 
3260 0.000000 0.001849 
3261 0.000000 0.001792 
3262 0.000000 0.001737 
3263 0.000000 0.001683 
3264 0.000000 0.001631 
3265 0.000000 0.001580 
3266 0.000000 0.001531 
3267 0.000000 0.001483 
3268 0.000000 0.001437 
3269 0.000000 0.001392 
3270 0.000000 0.001349 
3271 0.000000 0.001307 
3272 0.000000 0.001266 
3273 0.000000 0.001226 
3274 0.000000 0.001187 
3275 0.000000 0.001150 
3276 0.000000 0.001113 
3277 0.000000 0.001078 
3278 0.000000 0.001044 
3279 0.000000 0.001011 
3280 0.000000 0.000979 
3281 0.000000 0.000947 
3282 0.000000 0.000917 
3283 0.000000 0.000888 
3284 0.000000 0.000859 
3285 0.000000 0.000832 
3286 0.000000 0.000805 
3287 0.000000 0.000779 
3288 0.000000 0.000754 
3289 0.000000 0.000730 
3290 0.000000 0.000706 
3291 0.000000 0.000683 
3292 0.000000 0.000661 
3293 0.000000 0.000639 
3294 0.000000 0.000619 
3295 0.000000 0.000598 
3296 0.000000 0.000579 
3297 0.000000 0.000560 
3298 0.000000 0.000542 
3299 0.000000 0.000524 
3300 0.000000 0.000507 
3301 0.000000 0.000490 
3302 0.000000 0.000474 
3303 0.000000 0.000458 
3304 0.000000 0.000443 
3305 0.000000 0.000428 
3306 0.000000 0.000414 
3307 0.000000 0.000400 
3308 0.000000 0.000387 
3309 0.000000 0.000374 
3310 0.000000 0.000361 
3311 0.000000 0.000349 
3312 0.000000 0.000338 
3313 0.000000 0.000326 
3314 0.000000 0.000315 
3315 0.000000 0.000305 
3316 0.000000 0.000294 
3317 0.000000 0.000284 
3318 0.000000 0.000275 
3319 0.000000 0.000265 
3320 0.000000 0.000256 
3321 0.000000 0.000248 
3322 0.000000 0.000239 
3323 0.000000 0.000231 
3324 0.000000 0.000223 
3325 0.000000 0.000216 
3326 0.000000 0.000208 
3327 0.000000 0.000201 
3328 0.000000 0.000194 
3329 0.000000 0.000187 
3330 0.000000 0.000181 
3331 0.000000 0.000175 
3332 0.000000 0.000169 
3333 0.000000 0.000163 
3334 0.000000 0.000157 
3335 0.000000 0.000152 
3336 0.000000 0.000146 
3337 0.000000 0.000141 
3338 0.000000 0.000136 
3339 0.000000 0.000132 
3340 0.000000 0.000127 
3341 0.000000 0.000123 
3342 0.000000 0.000118 
3343 0.000000 0.000114 
3344 0.000000 0.000110 
3345 0.000000 0.000106 
3346 0.000000 0.000102 
3347 0.000000 0.000099 
3348 0.000000 0.000095 
3349 0.000000 0.000092 
3350 0.000000 0.000089 
3351 0.000000 0.000085 
3352 0.000000 0.000082 
3353 0.000000 0.000079 
3354 0.000000 0.000077 
3355 0.000000 0.000074 
3356 0.000000 0.000071 
3357 0.000000 0.000069 
3358 0.000000 0.000066 
3359 0.000000 0.000064 
3360 0.000000 0.000061 
3361 0.000000 0.000059 
3362 0.000000 0.000057 
3363 0.000000 0.000055 
3364 0.000000 0.000053 
3365 0.000000 0.000051 
3366 0.000000 0.000049 
3367 0.000000 0.000047 
3368 0.000000 0.000046 
3369 0.000000 0.000044 
3370 0.000000 0.000042 
3371 0.000000 0.000041 
3372 0.000000 0.000039 
3373 0.000000 0.000038 
3374 0.000000 0.000037 
3375 0.000000 0.000035 
3376 0.000000 0.000034 
3377 0.000000 0.000033 
3378 0.000000 0.000031 
3379 0.000000 0.000030 
3380 0.000000 0.000029 
3381 0.000000 0.000028 
3382 0.000000 0.000027 
3383 0.000000 0.000026 
3384 0.000000 0.000025 
3385 0.000000 0.000024 
3386 0.000000 0.000023 
3387 0.000000 0.000022 
3388 0.000000 0.000021 
3389 0.000000 0.000021 
3390 0.000000 0.000020 
3391 0.000000 0.000019 
3392 0.000000 0.000018 
3393 0.000000 0.000018 
3394 0.000000 0.000017 
3395 0.000000 0.000016 
3396 0.000000 0.000016 
3397 0.000000 0.000015 
3398 0.000000 0.000015 
3399 0.000000 0.000014 
3400 0.000000 0.000013 
3401 0.000000 0.000013 
3402 0.000000 0.000012 
3403 0.000000 0.000012 
3404 0.000000 0.000012 
3405 0.000000 0.000011 
3406 0.000000 0.000011 
3407 0.000000 0.000010 
3408 0.000000 0.000010 
3409 0.000000 0.000009 
3410 0.000000 0.000009 
3411 0.000000 0.000009 
3412 0.000000 0.000008 
3413 0.000000 0.000008 
3414 0.000000 0.000008 
3415 0.000000 0.000007 
3416 0.000000 0.000007 
3417 0.000000 0.000007 
3418 0.000000 0.000007 
3419 0.000000 0.000006 
3420 0.000000 0.000006 
3421 0.000000 0.000006 
3422 0.000000 0.000006 
3423 0.000000 0.000005 
3424 0.000000 0.000005 
3425 0.000000 0.000005 
3426 0.000000 0.000005 
3427 0.000000 0.000005 
3428 0.000000 0.000004 
3429 0.000000 0.000004 
3430 0.000000 0.000004 
3431 0.000000 0.000004 
3432 0.000000 0.000004 
3433 0.000000 0.000004 
3434 0.000000 0.000003 
3435 0.000000 0.000003 
3436 0.000000 0.000003 
3437 0.000000 0.000003 
3438 0.000000 0.000003 
3439 0.000000 0.000003 
3440 0.000000 0.000003 
3441 0.000000 0.000003 
3442 0.000000 0.000002 
3443 0.000000 0.000002 
3444 0.000000 0.000002 
3445 0.000000 0.000002 
3446 0.000000 0.000002 
3447 0.000000 0.000002 
3448 0.000000 0.000002 
3449 0.000000 0.000002 
3450 0.000000 0.000002 
3451 0.000000 0.000002 
3452 0.000000 0.000002 
3453 0.000000 0.000002 
3454 0.000000 0.000002 
3455 0.000000 0.000001 
3456 0.000000 0.000001 
3457 0.000000 0.000001 
3458 0.000000 0.000001 
3459 0.000000 0.000001 
3460 0.000000 0.000001 
3461 0.000000 0.000001 
3462 0.000000 0.000001 
3463 0.000000 0.000001 
3464 0.000000 0.000001 
3465 0.000000 0.000001 
3466 0.000000 0.000001 
3467 0.000000 0.000001 
3468 0.000000 0.000001 
3469 0.000000 0.000001 
3470 0.000000 0.000001 
3471 0.000000 0.000001 
3472 0.000000 0.000001 
3473 0.000000 0.000001 
3474 0.000000 0.000001 
3475 0.000000 0.000001 
3476 0.000000 0.000001 
3477 0.000000 0.000001 
3478 0.000000 0.000001 
3479 0.000000 0.000001 
3480 0.000000 0.000000 
3481 0.000000 0.000000 
3482 0.000000 0.000000 
3483 0.000000 0.000000 
3484 0.000000 0.000000 
3485 0.000000 0.000000 
3486 0.000000 0.000000 
3487 0.000000 0.000000 
3488 0.000000 0.000000 
3489 0.000000 0.000000 
3490 0.000000 0.000000 
3491 0.000000 0.000000 
3492 0.000000 0.000000 
3493 0.000000 0.000000 
3494 0.000000 0.000000 
3495 0.000000 0.000000 
3496 0.000000 0.000000 
3497 0.000000 0.000000 
3498 0.000000 0.000000 
3499 0.000000 0.000000 
3500 0.000000 0.000000 
3501 0.000000 0.000000 
3502 0.000000 0.000000 
3503 0.000000 0.000000 
3504 0.000000 0.000000 
3505 0.000000 0.000000 
3506 0.000000 0.000000 
3507 0.000000 0.000000 
3508 0.000000 0.000000 
3509 0.000000 0.000000 
3510 0.000000 0.000000 
3511 0.000000 0.000000 
3512 0.000000 0.000000 
3513 0.000000 0.000000 
3514 0.000000 0.000000 
3515 0.000000 0.000000 
3516 0.000000 0.000000 
3517 0.000000 0.000000 
3518 0.000000 0.000000 
3519 0.000000 0.000000 
3520 0.000000 0.000000 
3521 0.000000 0.000000 
3522 0.000000 0.000000 
3523 0.000000 0.000000 
3524 0.000000 0.000000 
3525 0.000000 0.000000 
3526 0.000000 0.000000 
3527 0.000000 0.000000 
3528 0.000000 0.000000 
3529 0.000000 0.000000 
3530 0.000000 0.000000 
3531 0.000000 0.000000 
3532 0.000000 0.000000 
3533 0.000000 0.000000 
3534 0.000000 0.000000 
3535 0.000000 0.000000 
3536 0.000000 0.000000 
3537 0.000000 0.000000 
3538 0.000000 0.000000 
3539 0.000000 0.000000 
3540 0.000000 0.000000 
3541 0.000000 0.000000 
3542 0.000000 0.000000 
3543 0.000000 0.000000 
3544 0.000000 0.000000 
3545 0.000000 0.000000 
3546 0.000000 0.000000 
3547 0.000000 0.000000 
3548 0.000000 0.000000 
3549 0.000000 0.000000 
3550 0.000000 0.000000 
3551 0.000000 0.000000 
3552 0.000000 0.000000 
3553 0.000000 0.000000 
3554 0.000000 0.000000 
3555 0.000000 0.000000 
3556 0.000000 0.000000 
3557 0.000000 0.000000 
3558 0.000000 0.000000 
3559 0.000000 0.000000 
3560 0.000000 0.000000 
3561 0.000000 0.000000 
3562 0.000000 0.000000 
3563 0.000000 0.000000 
3564 0.000000 0.000000 
3565 0.000000 0.000000 
3566 0.000000 0.000000 
3567 0.000000 0.000000 
3568 0.000000 0.000000 
3569 0.000000 0.000000 
3570 0.000000 0.000000 
3571 0.000000 0.000000 
3572 0.000000 0.000000 
3573 0.000000 0.000000 
3574 0.000000 0.000000 
3575 0.000000 0.000000 
3576 0.000000 0.000000 
3577 0.000000 0.000000 
3578 0.000000 0.000000 
3579 0.000000 0.000000 
3580 0.000000 0.000000 
3581 0.000000 0.000000 
3582 0.000000 0.000000 
3583 0.000000 0.000000 
3584 0.000000 0.000000 
3585 0.000000 0.000000 
3586 0.000000 0.000000 
3587 0.000000 0.000000 
3588 0.000000 0.000000 
3589 0.000000 0.000000 
3590 0.000000 0.000000 
3591 0.000000 0.000000 
3592 0.000000 0.000000 
3593 0.000000 0.000000 
3594 0.000000 0.000000 
3595 0.000000 0.000000 
3596 0.000000 0.000000 
3597 0.000000 0.000000 
3598 0.000000 0.000000 
3599 0.000000 0.000000 
3600 0.000000 0.000000 
3601 0.000000 0.000000 
3602 0.000000 0.000000 
3603 0.000000 0.000000 
3604 0.000000 0.000000 
3605 0.000000 0.000000 
3606 0.000000 0.000000 
3607 0.000000 0.000000 
3608 0.000000 0.000000 
3609 0.000000 0.000000 
3610 0.000000 0.000000 
3611 0.000000 0.000000 
3612 0.000000 0.000000 
3613 0.000000 0.000000 
3614 0.000000 0.000000 
3615 0.000000 0.000000 
3616 0.000000 0.000000 
3617 0.000000 0.000000 
3618 0.000000 0.000000 
3619 0.000000 0.000000 
3620 0.000000 0.000000 
3621 0.000000 0.000000 
3622 0.000000 0.000000 
3623 0.000000 0.000000 
3624 0.000000 0.000000 
3625 0.000000 0.000000 
3626 0.000000 0.000000 
3627 0.000000 0.000000 
3628 0.000000 0.000000 
3629 0.000000 0.000000 
3630 0.000000 0.000000 
3631 0.000000 0.000000 
3632 0.000000 0.000000 
3633 0.000000 0.000000 
3634 0.000000 0.000000 
3635 0.000000 0.000000 
3636 0.000000 0.000000 
3637 0.000000 0.000000 
3638 0.000000 0.000000 
3639 0.000000 0.000000 
3640 0.000000 0.000000 
3641 0.000000 0.000000 
3642 0.000000 0.000000 
3643 0.000000 0.000000 
3644 0.000000 0.000000 
3645 0.000000 0.000000 
3646 0.000000 0.000000 
3647 0.000000 0.000000 
3648 0.000000 0.000000 
3649 0.000000 0.000000 
3650 0.000000 0.000000 
3651 0.000000 0.000000 
3652 0.000000 0.000000 
3653 0.000000 0.000000 
3654 0.000000 0.000000 
3655 0.000000 0.000000 
3656 0.000000 0.000000 
3657 0.000000 0.000000 
3658 0.000000 0.000000 
3659 0.000000 0.000000 
3660 0.000000 0.000000 
3661 0.000000 0.000000 
3662 0.000000 0.000000 
3663 0.000000 0.000000 
3664 0.000000 0.000000 
3665 0.000000 0.000000 
3666 0.000000 0.000000 
3667 0.000000 0.000000 
3668 0.000000 0.000000 
3669 0.000000 0.000000 
3670 0.000000 0.000000 
3671 0.000000 0.000000 
3672 0.000000 0.000000 
3673 0.000000 0.000000 
3674 0.000000 0.000000 
3675 0.000000 0.000000 
3676 0.000000 0.000000 
3677 0.000000 0.000000 
3678 0.000000 0.000000 
3679 0.000000 0.000000 
3680 0.000000 0.000000 
3681 0.000000 0.000000 
3682 0.000000 0.000000 
3683 0.000000 0.000000 
3684 0.000000 0.000000 
3685 0.000000 0.000000 
3686 0.000000 0.000000 
3687 0.000000 0.000000 
3688 0.000000 0.000000 
3689 0.000000 0.000000 
3690 0.000000 0.000000 
3691 0.000000 0.000000 
3692 0.000000 0.000000 
3693 0.000000 0.000000 
3694 0.000000 0.000000 
3695 0.000000 0.000000 
3696 0.000000 0.000000 
3697 0.000000 0.000000 
3698 0.000000 0.000000 
3699 0.000000 0.000000 
3700 0.000000 0.000000 
3701 0.000000 0.000000 
3702 0.000000 0.000000 
3703 0.000000 0.000000 
3704 0.000000 0.000000 
3705 0.000000 0.000000 
3706 0.000000 0.000000 
3707 0.000000 0.000000 
3708 0.000000 0.000000 
3709 0.000000 0.000000 
3710 0.000000 0.000000 
3711 0.000000 0.000000 
3712 0.000000 0.000000 
3713 0.000000 0.000000 
3714 0.000000 0.000000 
3715 0.000000 0.000000 
3716 0.000000 0.000000 
3717 0.000000 0.000000 
3718 0.000000 0.000000 
3719 0.000000 0.000000 
3720 0.000000 0.000000 
3721 0.000000 0.000000 
3722 0.000000 0.000000 
3723 0.000000 0.000000 
3724 0.000000 0.000000 
3725 0.000000 0.000000 
3726 0.000000 0.000000 
3727 0.000000 0.000000 
3728 0.000000 0.000000 
3729 0.000000 0.000000 
3730 0.000000 0.000000 
3731 0.000000 0.000000 
3732 0.000000 0.000000 
3733 0.000000 0.000000 
3734 0.000000 0.000000 
3735 0.000000 0.000000 
3736 0.000000 0.000000 
3737 0.000000 0.000000 
3738 0.000000 0.000000 
3739 0.000000 0.000000 
3740 0.000000 0.000000 
3741 0.000000 0.000000 
3742 0.000000 0.000000 
3743 0.000000 0.000000 
3744 0.000000 0.000000 
3745 0.000000 0.000000 
3746 0.000000 0.000000 
3747 0.000000 0.000000 
3748 0.000000 0.000000 
3749 0.000000 0.000000 
3750 0.000000 0.000000 
3751 0.000000 0.000000 
3752 0.000000 0.000000 
3753 0.000000 0.000000 
3754 0.000000 0.000000 
3755 0.000000 0.000000 
3756 0.000000 0.000000 
3757 0.000000 0.000000 
3758 0.000000 0.000000 
3759 0.000000 0.000000 
3760 0.000000 0.000000 
3761 0.000000 0.000000 
3762 0.000000 0.000000 
3763 0.000000 0.000000 
3764 0.000000 0.000000 
3765 0.000000 0.000000 
3766 0.000000 0.000000 
3767 0.000000 0.000000 
3768 0.000000 0.000000 
3769 0.000000 0.000000 
3770 0.000000 0.000000 
3771 0.000000 0.000000 
3772 0.000000 0.000000 
3773 0.000000 0.000000 
3774 0.000000 0.000000 
3775 0.000000 0.000000 
3776 0.000000 0.000000 
3777 0.000000 0.000000 
3778 0.000000 0.000000 
3779 0.000000 0.000000 
3780 0.000000 0.000000 
3781 0.000000 0.000000 
3782 0.000000 0.000000 
3783 0.000000 0.000000 
3784 0.000000 0.000000 
3785 0.000000 0.000000 
3786 0.000000 0.000000 
3787 0.000000 0.000000 
3788 0.000000 0.000000 
3789 0.000000 0.000000 
3790 0.000000 0.000000 
3791 0.000000 0.000000 
3792 0.000000 0.000000 
3793 0.000000 0.000000 
3794 0.000000 0.000000 
3795 0.000000 0.000000 
3796 0.000000 0.000000 
3797 0.000000 0.000000 
3798 0.000000 0.000000 
3799 0.000000 0.000000 
3800 0.000000 0.000000 
3801 0.000000 0.000000 
3802 0.000000 0.000000 
3803 0.000000 0.000000 
3804 0.000000 0.000000 
3805 0.000000 0.000000 
3806 0.000000 0.000000 
3807 0.000000 0.000000 
3808 0.000000 0.000000 
3809 0.000000 0.000000 
3810 0.000000 0.000000 
3811 0.000000 0.000000 
3812 0.000000 0.000000 
3813 0.000000 0.000000 
3814 0.000000 0.000000 
3815 0.000000 0.000000 
3816 0.000000 0.000000 
3817 0.000000 0.000000 
3818 0.000000 0.000000 
3819 0.000000 0.000000 
3820 0.000000 0.000000 
3821 0.000000 0.000000 
3822 0.000000 0.000000 
3823 0.000000 0.000000 
3824 0.000000 0.000000 
3825 0.000000 0.000000 
3826 0.000000 0.000000 
3827 0.000000 0.000000 
3828 0.000000 0.000000 
3829 0.000000 0.000000 
3830 0.000000 0.000000 
3831 0.000000 0.000000 
3832 0.000000 0.000000 
3833 0.000000 0.000000 
3834 0.000000 0.000000 
3835 0.000000 0.000000 
3836 0.000000 0.000000 
3837 0.000000 0.000000 
3838 0.000000 0.000000 
3839 0.000000 0.000000 
3840 0.000000 0.000000 
3841 0.000000 0.000000 
3842 0.000000 0.000000 
3843 0.000000 0.000000 
3844 0.000000 0.000000 
3845 0.000000 0.000000 
3846 0.000000 0.000000 
3847 0.000000 0.000000 
3848 0.000000 0.000000 
3849 0.000000 0.000000 
3850 0.000000 0.000000 
3851 0.000000 0.000000 
3852 0.000000 0.000000 
3853 0.000000 0.000000 
3854 0.000000 0.000000 
3855 0.000000 0.000000 
3856 0.000000 0.000000 
3857 0.000000 0.000000 
3858 0.000000 0.000000 
3859 0.000000 0.000000 
3860 0.000000 0.000000 
3861 0.000000 0.000000 
3862 0.000000 0.000000 
3863 0.000000 0.000000 
3864 0.000000 0.000000 
3865 0.000000 0.000000 
3866 0.000000 0.000000 
3867 0.000000 0.000000 
3868 0.000000 0.000000 
3869 0.000000 0.000000 
3870 0.000000 0.000000 
3871 0.000000 0.000000 
3872 0.000000 0.000000 
3873 0.000000 0.000000 
3874 0.000000 0.000000 
3875 0.000000 0.000000 
3876 0.000000 0.000000 
3877 0.000000 0.000000 
3878 0.000000 0.000000 
3879 0.000000 0.000000 
3880 0.000000 0.000000 
3881 0.000000 0.000000 
3882 0.000000 0.000000 
3883 0.000000 0.000000 
3884 0.000000 0.000000 
3885 0.000000 0.000000 
3886 0.000000 0.000000 
3887 0.000000 0.000000 
3888 0.000000 0.000000 
3889 0.000000 0.000000 
3890 0.000000 0.000000 
3891 0.000000 0.000000 
3892 0.000000 0.000000 
3893 0.000000 0.000000 
3894 0.000000 0.000000 
3895 0.000000 0.000000 
3896 0.000000 0.000000 
3897 0.000000 0.000000 
3898 0.000000 0.000000 
3899 0.000000 0.000000 
3900 0.000000 0.000000 
3901 0.000000 0.000000 
3902 0.000000 0.000000 
3903 0.000000 0.000000 
3904 0.000000 0.000000 
3905 0.000000 0.000000 
3906 0.000000 0.000000 
3907 0.000000 0.000000 
3908 0.000000 0.000000 
3909 0.000000 0.000000 
3910 0.000000 0.000000 
3911 0.000000 0.000000 
3912 0.000000 0.000000 
3913 0.000000 0.000000 
3914 0.000000 0.000000 
3915 0.000000 0.000000 
3916 0.000000 0.000000 
3917 0.000000 0.000000 
3918 0.000000 0.000000 
3919 0.000000 0.000000 
3920 0.000000 0.000000 
3921 0.000000 0.000000 
3922 0.000000 0.000000 
3923 0.000000 0.000000 
3924 0.000000 0.000000 
3925 0.000000 0.000000 
3926 0.000000 0.000000 
3927 0.000000 0.000000 
3928 0.000000 0.000000 
3929 0.000000 0.000000 
3930 0.000000 0.000000 
3931 0.000000 0.000000 
3932 0.000000 0.000000 
3933 0.000000 0.000000 
3934 0.000000 0.000000 
3935 0.000000 0.000000 
3936 0.000000 0.000000 
3937 0.000000 0.000000 
3938 0.000000 0.000000 
3939 0.000000 0.000000 
3940 0.000000 0.000000 
3941 0.000000 0.000000 
3942 0.000000 0.000000 
3943 0.000000 0.000000 
3944 0.000000 0.000000 
3945 0.000000 0.000000 
3946 0.000000 0.000000 
3947 0.000000 0.000000 
3948 0.000000 0.000000 
3949 0.000000 0.000000 
3950 0.000000 0.000000 
3951 0.000000 0.000000 
3952 0.000000 0.000000 
3953 0.000000 0.000000 
3954 0.000000 0.000000 
3955 0.000000 0.000000 
3956 0.000000 0.000000 
3957 0.000000 0.000000 
3958 0.000000 0.000000 
3959 0.000000 0.000000 
3960 0.000000 0.000000 
3961 0.000000 0.000000 
3962 0.000000 0.000000 
3963 0.000000 0.000000 
3964 0.000000 0.000000 
3965 0.000000 0.000000 
3966 0.000000 0.000000 
3967 0.000000 0.000000 
3968 0.000000 0.000000 
3969 0.000000 0.000000 
3970 0.000000 0.000000 
3971 0.000000 0.000000 
3972 0.000000 0.000000 
3973 0.000000 0.000000 
3974 0.000000 0.000000 
3975 0.000000 0.000000 
3976 0.000000 0.000000 
3977 0.000000 0.000000 
3978 0.000000 0.000000 
3979 0.000000 0.000000 
3980 0.000000 0.000000 
3981 0.000000 0.000000 
3982 0.000000 0.000000 
3983 0.000000 0.000000 
3984 0.000000 0.000000 
3985 0.000000 0.000000 
3986 0.000000 0.000000 
3987 0.000000 0.000000 
3988 0.000000 0.000000 
3989 0.000000 0.000000 
3990 0.000000 0.000000 
3991 0.000000 0.000000 
3992 0.000000 0.000000 
3993 0.000000 0.000000 
3994 0.000000 0.000000 
3995 0.000000 0.000000 
3996 0.000000 0.000000 
3997 0.000000 0.000000 
3998 0.000000 0.000000 
3999 0.000000 0.000000 
4000 0.000000 0.000000 
