0 0.000000 0.000000 
1 0.000000 0.000000 
2 0.000000 0.000000 
3 0.000000 0.000000 
4 0.000000 0.000000 
5 0.000000 0.000000 
6 0.000000 0.000000 
7 0.000000 0.000000 
8 0.000000 0.000000 
9 0.000000 0.000000 
10 0.000000 0.000000 
11 0.000000 0.000000 
12 0.000000 0.000000 
13 0.000000 0.000000 
14 0.000000 0.000000 
15 0.000000 0.000000 
16 0.000000 0.000000 
17 0.000000 0.000000 
18 0.000000 0.000000 
19 0.000000 0.000000 
20 0.000000 0.000000 
21 0.000000 0.000000 
22 0.000000 0.000000 
23 0.000000 0.000000 
24 0.000000 0.000000 
25 0.000000 0.000000 
26 0.000000 0.000000 
27 0.000000 0.000000 
28 0.000000 0.000000 
29 0.000000 0.000000 
30 0.000000 0.000000 
31 0.000000 0.000000 
32 0.000000 0.000000 
33 0.000000 0.000000 
34 0.000000 0.000000 
35 0.000000 0.000000 
36 0.000000 0.000000 
37 0.000000 0.000000 
38 0.000000 0.000000 
39 0.000000 0.000000 
40 0.000000 0.000000 
41 0.000000 0.000000 
42 0.000000 0.000000 
43 0.000000 0.000000 
44 0.000000 0.000000 
45 0.000000 0.000000 
46 0.000000 0.000000 
47 0.000000 0.000000 
48 0.000000 0.000000 
49 0.000000 0.000000 
50 0.000000 0.000000 
51 0.000000 0.000000 
52 0.000000 0.000000 
53 0.000000 0.000000 
54 0.000000 0.000000 
55 0.000000 0.000000 
56 0.000000 0.000000 
57 0.000000 0.000000 
58 0.000000 0.000000 
59 0.000000 0.000000 
60 0.000000 0.000000 
61 0.000000 0.000000 
62 0.000000 0.000000 
63 0.000000 0.000000 
64 0.000000 0.000000 
65 0.000000 0.000000 
66 0.000000 0.000000 
67 0.000000 0.000000 
68 0.000000 0.000000 
69 0.000000 0.000000 
70 0.000000 0.000000 
71 0.000000 0.000000 
72 0.000000 0.000000 
73 0.000000 0.000000 
74 0.000000 0.000000 
75 0.000000 0.000000 
76 0.000000 0.000000 
77 0.000000 0.000000 
78 0.000000 0.000000 
79 0.000000 0.000000 
80 0.000000 0.000000 
81 0.000000 0.000000 
82 0.000000 0.000000 
83 0.000000 0.000000 
84 0.000000 0.000000 
85 0.000000 0.000000 
86 0.000000 0.000000 
87 0.000000 0.000000 
88 0.000000 0.000000 
89 0.000000 0.000000 
90 0.000000 0.000000 
91 0.000000 0.000000 
92 0.000000 0.000000 
93 0.000000 0.000000 
94 0.000000 0.000000 
95 0.000000 0.000000 
96 0.000000 0.000000 
97 0.000000 0.000000 
98 0.000000 0.000000 
99 0.000000 0.000000 
100 0.000000 0.000000 
101 0.000000 0.000000 
102 0.000000 0.000000 
103 0.000000 0.000000 
104 0.000000 0.000000 
105 0.000000 0.000000 
106 0.000000 0.000000 
107 0.000000 0.000000 
108 0.000000 0.000000 
109 0.000000 0.000000 
110 0.000000 0.000000 
111 0.000000 0.000000 
112 0.000000 0.000000 
113 0.000000 0.000000 
114 0.000001 0.000000 
115 0.000001 0.000000 
116 0.000001 0.000000 
117 0.000001 0.000000 
118 0.000001 0.000000 
119 0.000001 0.000000 
120 0.000001 0.000000 
121 0.000001 0.000000 
122 0.000001 0.000000 
123 0.000001 0.000000 
124 0.000001 0.000000 
125 0.000001 0.000000 
126 0.000001 0.000000 
127 0.000001 0.000000 
128 0.000001 0.000000 
129 0.000001 0.000000 
130 0.000001 0.000000 
131 0.000001 0.000000 
132 0.000001 0.000000 
133 0.000001 0.000000 
134 0.000001 0.000000 
135 0.000001 0.000000 
136 0.000001 0.000000 
137 0.000001 0.000000 
138 0.000001 0.000000 
139 0.000001 0.000000 
140 0.000002 0.000000 
141 0.000002 0.000000 
142 0.000002 0.000000 
143 0.000002 0.000000 
144 0.000002 0.000000 
145 0.000002 0.000000 
146 0.000002 0.000000 
147 0.000002 0.000000 
148 0.000002 0.000000 
149 0.000002 0.000000 
150 0.000002 0.000000 
151 0.000002 0.000000 
152 0.000002 0.000000 
153 0.000003 0.000000 
154 0.000003 0.000000 
155 0.000003 0.000000 
156 0.000003 0.000000 
157 0.000003 0.000000 
158 0.000003 0.000000 
159 0.000003 0.000000 
160 0.000003 0.000000 
161 0.000004 0.000000 
162 0.000004 0.000000 
163 0.000004 0.000000 
164 0.000004 0.000000 
165 0.000004 0.000000 
166 0.000004 0.000000 
167 0.000005 0.000000 
168 0.000005 0.000000 
169 0.000005 0.000000 
170 0.000005 0.000000 
171 0.000005 0.000000 
172 0.000006 0.000000 
173 0.000006 0.000000 
174 0.000006 0.000000 
175 0.000006 0.000000 
176 0.000007 0.000000 
177 0.000007 0.000000 
178 0.000007 0.000000 
179 0.000007 0.000000 
180 0.000008 0.000000 
181 0.000008 0.000000 
182 0.000008 0.000000 
183 0.000009 0.000000 
184 0.000009 0.000000 
185 0.000009 0.000000 
186 0.000010 0.000000 
187 0.000010 0.000000 
188 0.000011 0.000000 
189 0.000011 0.000000 
190 0.000011 0.000000 
191 0.000012 0.000000 
192 0.000012 0.000000 
193 0.000013 0.000000 
194 0.000013 0.000000 
195 0.000014 0.000000 
196 0.000014 0.000000 
197 0.000015 0.000000 
198 0.000016 0.000000 
199 0.000016 0.000000 
200 0.000017 0.000000 
201 0.000017 0.000000 
202 0.000018 0.000000 
203 0.000019 0.000000 
204 0.000020 0.000000 
205 0.000020 0.000000 
206 0.000021 0.000000 
207 0.000022 0.000000 
208 0.000023 0.000000 
209 0.000024 0.000000 
210 0.000025 0.000000 
211 0.000026 0.000000 
212 0.000026 0.000000 
213 0.000028 0.000000 
214 0.000029 0.000000 
215 0.000030 0.000000 
216 0.000031 0.000000 
217 0.000032 0.000000 
218 0.000033 0.000000 
219 0.000034 0.000000 
220 0.000036 0.000000 
221 0.000037 0.000000 
222 0.000039 0.000000 
223 0.000040 0.000000 
224 0.000041 0.000000 
225 0.000043 0.000000 
226 0.000045 0.000000 
227 0.000046 0.000000 
228 0.000048 0.000000 
229 0.000050 0.000000 
230 0.000052 0.000000 
231 0.000054 0.000000 
232 0.000056 0.000000 
233 0.000058 0.000000 
234 0.000060 0.000000 
235 0.000062 0.000000 
236 0.000064 0.000000 
237 0.000067 0.000000 
238 0.000069 0.000000 
239 0.000072 0.000000 
240 0.000075 0.000000 
241 0.000077 0.000000 
242 0.000080 0.000000 
243 0.000083 0.000000 
244 0.000086 0.000000 
245 0.000089 0.000000 
246 0.000093 0.000000 
247 0.000096 0.000000 
248 0.000099 0.000000 
249 0.000103 0.000000 
250 0.000107 0.000000 
251 0.000111 0.000000 
252 0.000115 0.000000 
253 0.000119 0.000000 
254 0.000123 0.000000 
255 0.000128 0.000000 
256 0.000132 0.000000 
257 0.000137 0.000000 
258 0.000142 0.000000 
259 0.000147 0.000000 
260 0.000152 0.000000 
261 0.000158 0.000000 
262 0.000163 0.000000 
263 0.000169 0.000000 
264 0.000175 0.000000 
265 0.000181 0.000000 
266 0.000188 0.000000 
267 0.000194 0.000000 
268 0.000201 0.000000 
269 0.000208 0.000000 
270 0.000216 0.000000 
271 0.000223 0.000000 
272 0.000231 0.000000 
273 0.000239 0.000000 
274 0.000247 0.000000 
275 0.000256 0.000000 
276 0.000265 0.000000 
277 0.000274 0.000000 
278 0.000284 0.000000 
279 0.000294 0.000000 
280 0.000304 0.000000 
281 0.000314 0.000000 
282 0.000325 0.000000 
283 0.000336 0.000000 
284 0.000348 0.000000 
285 0.000360 0.000000 
286 0.000372 0.000000 
287 0.000385 0.000000 
288 0.000398 0.000000 
289 0.000412 0.000000 
290 0.000426 0.000000 
291 0.000440 0.000000 
292 0.000455 0.000000 
293 0.000470 0.000000 
294 0.000486 0.000000 
295 0.000503 0.000000 
296 0.000520 0.000000 
297 0.000537 0.000000 
298 0.000555 0.000000 
299 0.000574 0.000000 
300 0.000593 0.000000 
301 0.000613 0.000000 
302 0.000633 0.000000 
303 0.000655 0.000000 
304 0.000676 0.000000 
305 0.000699 0.000000 
306 0.000722 0.000000 
307 0.000746 0.000000 
308 0.000771 0.000000 
309 0.000796 0.000000 
310 0.000822 0.000000 
311 0.000849 0.000000 
312 0.000877 0.000000 
313 0.000906 0.000000 
314 0.000935 0.000000 
315 0.000966 0.000000 
316 0.000998 0.000000 
317 0.001030 0.000000 
318 0.001063 0.000000 
319 0.001098 0.000000 
320 0.001133 0.000000 
321 0.001170 0.000000 
322 0.001208 0.000000 
323 0.001247 0.000000 
324 0.001287 0.000000 
325 0.001328 0.000000 
326 0.001371 0.000000 
327 0.001414 0.000000 
328 0.001460 0.000000 
329 0.001506 0.000000 
330 0.001554 0.000000 
331 0.001603 0.000000 
332 0.001654 0.000000 
333 0.001706 0.000000 
334 0.001760 0.000000 
335 0.001816 0.000000 
336 0.001873 0.000000 
337 0.001932 0.000000 
338 0.001992 0.000000 
339 0.002055 0.000000 
340 0.002119 0.000000 
341 0.002185 0.000000 
342 0.002253 0.000000 
343 0.002323 0.000000 
344 0.002395 0.000000 
345 0.002469 0.000000 
346 0.002546 0.000000 
347 0.002624 0.000000 
348 0.002705 0.000000 
349 0.002788 0.000000 
350 0.002874 0.000000 
351 0.002962 0.000000 
352 0.003052 0.000000 
353 0.003145 0.000000 
354 0.003241 0.000000 
355 0.003339 0.000000 
356 0.003441 0.000000 
357 0.003545 0.000000 
358 0.003652 0.000000 
359 0.003762 0.000000 
360 0.003876 0.000000 
361 0.003992 0.000000 
362 0.004112 0.000000 
363 0.004235 0.000000 
364 0.004362 0.000000 
365 0.004492 0.000000 
366 0.004625 0.000000 
367 0.004763 0.000000 
368 0.004904 0.000000 
369 0.005049 0.000000 
370 0.005198 0.000000 
371 0.005352 0.000000 
372 0.005509 0.000000 
373 0.005671 0.000000 
374 0.005838 0.000000 
375 0.006008 0.000000 
376 0.006184 0.000000 
377 0.006364 0.000000 
378 0.006549 0.000000 
379 0.006740 0.000000 
380 0.006935 0.000000 
381 0.007136 0.000000 
382 0.007342 0.000000 
383 0.007553 0.000000 
384 0.007770 0.000000 
385 0.007994 0.000000 
386 0.008223 0.000000 
387 0.008458 0.000000 
388 0.008699 0.000000 
389 0.008947 0.000000 
390 0.009201 0.000000 
391 0.009462 0.000000 
392 0.009730 0.000000 
393 0.010005 0.000000 
394 0.010287 0.000000 
395 0.010576 0.000000 
396 0.010874 0.000000 
397 0.011178 0.000000 
398 0.011491 0.000000 
399 0.011812 0.000000 
400 0.012141 0.000000 
401 0.012478 0.000000 
402 0.012825 0.000000 
403 0.013180 0.000000 
404 0.013544 0.000000 
405 0.013918 0.000000 
406 0.014301 0.000000 
407 0.014694 0.000000 
408 0.015096 0.000000 
409 0.015509 0.000000 
410 0.015933 0.000000 
411 0.016367 0.000000 
412 0.016812 0.000000 
413 0.017268 0.000000 
414 0.017735 0.000000 
415 0.018215 0.000000 
416 0.018706 0.000000 
417 0.019209 0.000000 
418 0.019725 0.000000 
419 0.020253 0.000000 
420 0.020795 0.000000 
421 0.021350 0.000000 
422 0.021918 0.000000 
423 0.022500 0.000000 
424 0.023097 0.000000 
425 0.023708 0.000000 
426 0.024334 0.000000 
427 0.024975 0.000000 
428 0.025631 0.000000 
429 0.026304 0.000000 
430 0.026992 0.000000 
431 0.027697 0.000000 
432 0.028419 0.000000 
433 0.029158 0.000000 
434 0.029915 0.000000 
435 0.030690 0.000000 
436 0.031483 0.000000 
437 0.032294 0.000000 
438 0.033125 0.000000 
439 0.033976 0.000000 
440 0.034846 0.000000 
441 0.035736 0.000000 
442 0.036648 0.000000 
443 0.037580 0.000000 
444 0.038534 0.000000 
445 0.039511 0.000000 
446 0.040509 0.000000 
447 0.041531 0.000000 
448 0.042576 0.000000 
449 0.043645 0.000000 
450 0.044739 0.000000 
451 0.045857 0.000000 
452 0.047001 0.000000 
453 0.048170 0.000000 
454 0.049366 0.000000 
455 0.050589 0.000000 
456 0.051840 0.000000 
457 0.053118 0.000000 
458 0.054425 0.000000 
459 0.055761 0.000000 
460 0.057127 0.000000 
461 0.058523 0.000000 
462 0.059950 0.000000 
463 0.061408 0.000000 
464 0.062898 0.000000 
465 0.064421 0.000000 
466 0.065977 0.000000 
467 0.067567 0.000000 
468 0.069192 0.000000 
469 0.070851 0.000000 
470 0.072547 0.000000 
471 0.074279 0.000000 
472 0.076048 0.000000 
473 0.077856 0.000000 
474 0.079701 0.000000 
475 0.081586 0.000000 
476 0.083512 0.000000 
477 0.085477 0.000000 
478 0.087485 0.000000 
479 0.089534 0.000000 
480 0.091627 0.000000 
481 0.093763 0.000000 
482 0.095944 0.000000 
483 0.098170 0.000000 
484 0.100443 0.000000 
485 0.102762 0.000000 
486 0.105129 0.000000 
487 0.107545 0.000000 
488 0.110010 0.000000 
489 0.112526 0.000000 
490 0.115093 0.000000 
491 0.117712 0.000000 
492 0.120384 0.000000 
493 0.123109 0.000000 
494 0.125890 0.000000 
495 0.128727 0.000000 
496 0.131620 0.000000 
497 0.134571 0.000000 
498 0.137580 0.000000 
499 0.140649 0.000000 
500 0.143779 0.000000 
501 0.146970 0.000000 
502 0.150224 0.000000 
503 0.153542 0.000000 
504 0.156924 0.000000 
505 0.160372 0.000000 
506 0.163886 0.000000 
507 0.167469 0.000000 
508 0.171120 0.000000 
509 0.174842 0.000000 
510 0.178635 0.000000 
511 0.182500 0.000000 
512 0.186438 0.000000 
513 0.190451 0.000000 
514 0.194540 0.000000 
515 0.198705 0.000000 
516 0.202949 0.000000 
517 0.207272 0.000000 
518 0.211675 0.000000 
519 0.216161 0.000000 
520 0.220729 0.000000 
521 0.225381 0.000000 
522 0.230119 0.000000 
523 0.234943 0.000000 
524 0.239856 0.000000 
525 0.244858 0.000000 
526 0.249950 0.000000 
527 0.255134 0.000000 
528 0.260412 0.000000 
529 0.265784 0.000000 
530 0.271253 0.000000 
531 0.276818 0.000000 
532 0.282482 0.000000 
533 0.288247 0.000000 
534 0.294113 0.000000 
535 0.300082 0.000000 
536 0.306155 0.000000 
537 0.312334 0.000000 
538 0.318621 0.000000 
539 0.325016 0.000000 
540 0.331521 0.000000 
541 0.338138 0.000000 
542 0.344868 0.000000 
543 0.351713 0.000000 
544 0.358674 0.000000 
545 0.365753 0.000000 
546 0.372951 0.000000 
547 0.380270 0.000000 
548 0.387711 0.000000 
549 0.395277 0.000000 
550 0.402968 0.000000 
551 0.410786 0.000000 
552 0.418732 0.000000 
553 0.426810 0.000000 
554 0.435019 0.000000 
555 0.443361 0.000000 
556 0.451839 0.000000 
557 0.460454 0.000000 
558 0.469208 0.000000 
559 0.478101 0.000000 
560 0.487137 0.000000 
561 0.496316 0.000000 
562 0.505641 0.000000 
563 0.515112 0.000000 
564 0.524732 0.000000 
565 0.534502 0.000000 
566 0.544425 0.000000 
567 0.554501 0.000000 
568 0.564733 0.000000 
569 0.575123 0.000000 
570 0.585671 0.000000 
571 0.596380 0.000000 
572 0.607252 0.000000 
573 0.618288 0.000000 
574 0.629490 0.000000 
575 0.640860 0.000000 
576 0.652400 0.000000 
577 0.664111 0.000000 
578 0.675995 0.000000 
579 0.688054 0.000000 
580 0.700290 0.000000 
581 0.712705 0.000000 
582 0.725300 0.000000 
583 0.738077 0.000000 
584 0.751038 0.000000 
585 0.764184 0.000000 
586 0.777519 0.000000 
587 0.791042 0.000000 
588 0.804757 0.000000 
589 0.818665 0.000000 
590 0.832767 0.000000 
591 0.847066 0.000000 
592 0.861564 0.000000 
593 0.876261 0.000000 
594 0.891160 0.000000 
595 0.906263 0.000000 
596 0.921572 0.000000 
597 0.937088 0.000000 
598 0.952813 0.000000 
599 0.968748 0.000000 
600 0.984896 0.000000 
601 1.001259 0.000000 
602 1.017838 0.000000 
603 1.034634 0.000000 
604 1.051650 0.000000 
605 1.068887 0.000000 
606 1.086348 0.000000 
607 1.104033 0.000000 
608 1.121944 0.000000 
609 1.140084 0.000000 
610 1.158454 0.000000 
611 1.177055 0.000000 
612 1.195889 0.000000 
613 1.214958 0.000000 
614 1.234263 0.000000 
615 1.253807 0.000000 
616 1.273590 0.000000 
617 1.293614 0.000000 
618 1.313882 0.000000 
619 1.334394 0.000000 
620 1.355151 0.000000 
621 1.376157 0.000000 
622 1.397411 0.000000 
623 1.418916 0.000000 
624 1.440673 0.000000 
625 1.462683 0.000000 
626 1.484948 0.000000 
627 1.507470 0.000000 
628 1.530249 0.000000 
629 1.553288 0.000000 
630 1.576586 0.000000 
631 1.600147 0.000000 
632 1.623971 0.000000 
633 1.648059 0.000000 
634 1.672413 0.000000 
635 1.697034 0.000000 
636 1.721923 0.000000 
637 1.747081 0.000000 
638 1.772510 0.000000 
639 1.798210 0.000000 
640 1.824184 0.000000 
641 1.850430 0.000000 
642 1.876952 0.000000 
643 1.903749 0.000000 
644 1.930824 0.000000 
645 1.958176 0.000000 
646 1.985806 0.000000 
647 2.013716 0.000000 
648 2.041907 0.000000 
649 2.070379 0.000000 
650 2.099133 0.000000 
651 2.128169 0.000000 
652 2.157489 0.000000 
653 2.187093 0.000000 
654 2.216982 0.000000 
655 2.247156 0.000000 
656 2.277616 0.000000 
657 2.308363 0.000000 
658 2.339396 0.000000 
659 2.370716 0.000000 
660 2.402325 0.000000 
661 2.434221 0.000000 
662 2.466406 0.000000 
663 2.498879 0.000000 
664 2.531641 0.000000 
665 2.564692 0.000000 
666 2.598033 0.000000 
667 2.631662 0.000000 
668 2.665581 0.000000 
669 2.699789 0.000000 
670 2.734286 0.000000 
671 2.769072 0.000000 
672 2.804147 0.000000 
673 2.839510 0.000000 
674 2.875163 0.000000 
675 2.911103 0.000000 
676 2.947331 0.000000 
677 2.983846 0.000000 
678 3.020648 0.000000 
679 3.057737 0.000000 
680 3.095111 0.000000 
681 3.132771 0.000000 
682 3.170714 0.000000 
683 3.208942 0.000000 
684 3.247453 0.000000 
685 3.286245 0.000000 
686 3.325319 0.000000 
687 3.364673 0.000000 
688 3.404306 0.000000 
689 3.444217 0.000000 
690 3.484405 0.000000 
691 3.524869 0.000000 
692 3.565608 0.000000 
693 3.606619 0.000000 
694 3.647903 0.000000 
695 3.689456 0.000000 
696 3.731279 0.000000 
697 3.773369 0.000000 
698 3.815724 0.000000 
699 3.858344 0.000000 
700 3.901225 0.000000 
701 3.944367 0.000000 
702 3.987768 0.000000 
703 4.031425 0.000000 
704 4.075337 0.000000 
705 4.119501 0.000000 
706 4.163916 0.000000 
707 4.208579 0.000000 
708 4.253488 0.000000 
709 4.298640 0.000000 
710 4.344034 0.000000 
711 4.389666 0.000000 
712 4.435535 0.000000 
713 4.481637 0.000000 
714 4.527970 0.000000 
715 4.574532 0.000000 
716 4.621319 0.000000 
717 4.668328 0.000000 
718 4.715558 0.000000 
719 4.763004 0.000000 
720 4.810664 0.000000 
721 4.858534 0.000000 
722 4.906612 0.000000 
723 4.954894 0.000000 
724 5.003377 0.000000 
725 5.052057 0.000000 
726 5.100931 0.000000 
727 5.149996 0.000000 
728 5.199248 0.000000 
729 5.248683 0.000000 
730 5.298297 0.000000 
731 5.348088 0.000000 
732 5.398050 0.000000 
733 5.448181 0.000000 
734 5.498475 0.000000 
735 5.548930 0.000000 
736 5.599541 0.000000 
737 5.650304 0.000000 
738 5.701214 0.000000 
739 5.752268 0.000000 
740 5.803460 0.000000 
741 5.854788 0.000000 
742 5.906245 0.000000 
743 5.957829 0.000000 
744 6.009533 0.000000 
745 6.061354 0.000000 
746 6.113286 0.000000 
747 6.165325 0.000000 
748 6.217467 0.000000 
749 6.269705 0.000000 
750 6.322036 0.000000 
751 6.374455 0.000000 
752 6.426955 0.000000 
753 6.479533 0.000000 
754 6.532183 0.000000 
755 6.584899 0.000000 
756 6.637677 0.000000 
757 6.690512 0.000000 
758 6.743397 0.000000 
759 6.796327 0.000000 
760 6.849298 0.000000 
761 6.902303 0.000000 
762 6.955337 0.000000 
763 7.008394 0.000000 
764 7.061468 0.000000 
765 7.114555 0.000000 
766 7.167647 0.000000 
767 7.220740 0.000000 
768 7.273827 0.000000 
769 7.326903 0.000000 
770 7.379962 0.000000 
771 7.432997 0.000000 
772 7.486003 0.000000 
773 7.538973 0.000000 
774 7.591902 0.000000 
775 7.644784 0.000000 
776 7.697611 0.000000 
777 7.750379 0.000000 
778 7.803081 0.000000 
779 7.855710 0.000000 
780 7.908261 0.000000 
781 7.960726 0.000000 
782 8.013101 0.000000 
783 8.065377 0.000000 
784 8.117550 0.000000 
785 8.169612 0.000000 
786 8.221557 0.000000 
787 8.273379 0.000000 
788 8.325071 0.000000 
789 8.376627 0.000000 
790 8.428039 0.000000 
791 8.479303 0.000000 
792 8.530410 0.000000 
793 8.581355 0.000000 
794 8.632130 0.000000 
795 8.682730 0.000000 
796 8.733148 0.000000 
797 8.783377 0.000000 
798 8.833410 0.000000 
799 8.883241 0.000000 
800 8.932863 0.000000 
801 8.982270 0.000000 
802 9.031455 0.000000 
803 9.080412 0.000000 
804 9.129133 0.000000 
805 9.177612 0.000000 
806 9.225842 0.000000 
807 9.273818 0.000000 
808 9.321532 0.000000 
809 9.368977 0.000000 
810 9.416148 0.000000 
811 9.463037 0.000000 
812 9.509638 0.000000 
813 9.555944 0.000000 
814 9.601950 0.000000 
815 9.647647 0.000000 
816 9.693031 0.000000 
817 9.738094 0.000000 
818 9.782830 0.000000 
819 9.827232 0.000000 
820 9.871295 0.000000 
821 9.915011 0.000000 
822 9.958375 0.000000 
823 10.001380 0.000000 
824 10.044020 0.000000 
825 10.086288 0.000000 
826 10.128179 0.000000 
827 10.169686 0.000000 
828 10.210803 0.000000 
829 10.251524 0.000000 
830 10.291843 0.000000 
831 10.331753 0.000000 
832 10.371250 0.000000 
833 10.410327 0.000000 
834 10.448977 0.000000 
835 10.487196 0.000000 
836 10.524978 0.000000 
837 10.562316 0.000000 
838 10.599206 0.000000 
839 10.635641 0.000000 
840 10.671615 0.000000 
841 10.707124 0.000000 
842 10.742162 0.000000 
843 10.776724 0.000000 
844 10.810804 0.000000 
845 10.844396 0.000000 
846 10.877497 0.000000 
847 10.910100 0.000000 
848 10.942200 0.000000 
849 10.973793 0.000000 
850 11.004874 0.000000 
851 11.035437 0.000000 
852 11.065478 0.000000 
853 11.094992 0.000000 
854 11.123975 0.000000 
855 11.152422 0.000000 
856 11.180328 0.000000 
857 11.207689 0.000000 
858 11.234501 0.000000 
859 11.260759 0.000000 
860 11.286459 0.000000 
861 11.311598 0.000000 
862 11.336170 0.000000 
863 11.360173 0.000000 
864 11.383602 0.000000 
865 11.406454 0.000000 
866 11.428724 0.000000 
867 11.450410 0.000000 
868 11.471508 0.000000 
869 11.492014 0.000000 
870 11.511925 0.000000 
871 11.531239 0.000000 
872 11.549950 0.000000 
873 11.568058 0.000000 
874 11.585558 0.000000 
875 11.602449 0.000000 
876 11.618726 0.000000 
877 11.634388 0.000000 
878 11.649432 0.000000 
879 11.663856 0.000000 
880 11.677656 0.000000 
881 11.690832 0.000000 
882 11.703380 0.000000 
883 11.715299 0.000000 
884 11.726587 0.000000 
885 11.737242 0.000000 
886 11.747262 0.000000 
887 11.756645 0.000000 
888 11.765391 0.000000 
889 11.773497 0.000000 
890 11.780962 0.000000 
891 11.787785 0.000000 
892 11.793965 0.000000 
893 11.799500 0.000000 
894 11.804391 0.000000 
895 11.808636 0.000000 
896 11.812234 0.000000 
897 11.815185 0.000000 
898 11.817488 0.000000 
899 11.819143 0.000000 
900 11.820150 0.000000 
901 11.820508 0.000000 
902 11.820218 0.000000 
903 11.819279 0.000000 
904 11.817692 0.000000 
905 11.815457 0.000000 
906 11.812574 0.000000 
907 11.809043 0.000000 
908 11.804866 0.000000 
909 11.800043 0.000000 
910 11.794575 0.000000 
911 11.788462 0.000000 
912 11.781706 0.000000 
913 11.774308 0.000000 
914 11.766269 0.000000 
915 11.757590 0.000000 
916 11.748272 0.000000 
917 11.738318 0.000000 
918 11.727729 0.000000 
919 11.716507 0.000000 
920 11.704652 0.000000 
921 11.692169 0.000000 
922 11.679057 0.000000 
923 11.665320 0.000000 
924 11.650960 0.000000 
925 11.635979 0.000000 
926 11.620380 0.000000 
927 11.604164 0.000000 
928 11.587336 0.000000 
929 11.569896 0.000000 
930 11.551850 0.000000 
931 11.533198 0.000000 
932 11.513944 0.000000 
933 11.494092 0.000000 
934 11.473645 0.000000 
935 11.452605 0.000000 
936 11.430976 0.000000 
937 11.408763 0.000000 
938 11.385967 0.000000 
939 11.362593 0.000000 
940 11.338645 0.000000 
941 11.314127 0.000000 
942 11.289042 0.000000 
943 11.263394 0.000000 
944 11.237188 0.000000 
945 11.210428 0.000000 
946 11.183118 0.000000 
947 11.155262 0.000000 
948 11.126864 0.000000 
949 11.097930 0.000000 
950 11.068463 0.000000 
951 11.038469 0.000000 
952 11.007952 0.000000 
953 10.976917 0.000000 
954 10.945368 0.000000 
955 10.913312 0.000000 
956 10.880752 0.000000 
957 10.847693 0.000000 
958 10.814142 0.000000 
959 10.780102 0.000000 
960 10.745580 0.000000 
961 10.710580 0.000000 
962 10.675109 0.000000 
963 10.639171 0.000000 
964 10.602772 0.000000 
965 10.565918 0.000000 
966 10.528613 0.000000 
967 10.490865 0.000000 
968 10.452678 0.000000 
969 10.414059 0.000000 
970 10.375012 0.000000 
971 10.335545 0.000000 
972 10.295663 0.000000 
973 10.255371 0.000000 
974 10.214677 0.000000 
975 10.173586 0.000000 
976 10.132103 0.000000 
977 10.090236 0.000000 
978 10.047991 0.000000 
979 10.005373 0.000000 
980 9.962389 0.000000 
981 9.919045 0.000000 
982 9.875347 0.000000 
983 9.831302 0.000000 
984 9.786917 0.000000 
985 9.742197 0.000000 
986 9.697149 0.000000 
987 9.651779 0.000000 
988 9.606095 0.000000 
989 9.560101 0.000000 
990 9.513806 0.000000 
991 9.467215 0.000000 
992 9.420335 0.000000 
993 9.373173 0.000000 
994 9.325735 0.000000 
995 9.278027 0.000000 
996 9.230057 0.000000 
997 9.181831 0.000000 
998 9.133355 0.000000 
999 9.084637 0.000000 
1000 9.035682 0.000000 
1001 8.986497 0.000000 
1002 8.937090 0.000000 
1003 8.887467 0.000000 
1004 8.837633 0.000000 
1005 8.787597 0.000000 
1006 8.737364 0.000000 
1007 8.686942 0.000000 
1008 8.636336 0.000000 
1009 8.585554 0.000000 
1010 8.534601 0.000000 
1011 8.483486 0.000000 
1012 8.432213 0.000000 
1013 8.380790 0.000000 
1014 8.329224 0.000000 
1015 8.277520 0.000000 
1016 8.225686 0.000000 
1017 8.173727 0.000000 
1018 8.121650 0.000000 
1019 8.069463 0.000000 
1020 8.017170 0.000000 
1021 7.964779 0.000000 
1022 7.912296 0.000000 
1023 7.859727 0.000000 
1024 7.807079 0.000000 
1025 7.754358 0.000000 
1026 7.701569 0.000000 
1027 7.648720 0.000000 
1028 7.595817 0.000000 
1029 7.542865 0.000000 
1030 7.489872 0.000000 
1031 7.436842 0.000000 
1032 7.383782 0.000000 
1033 7.330698 0.000000 
1034 7.277596 0.000000 
1035 7.224482 0.000000 
1036 7.171362 0.000000 
1037 7.118242 0.000000 
1038 7.065127 0.000000 
1039 7.012024 0.000000 
1040 6.958937 0.000000 
1041 6.905873 0.000000 
1042 6.852838 0.000000 
1043 6.799836 0.000000 
1044 6.746874 0.000000 
1045 6.693956 0.000000 
1046 6.641089 0.000000 
1047 6.588278 0.000000 
1048 6.535527 0.000000 
1049 6.482844 0.000000 
1050 6.430231 0.000000 
1051 6.377695 0.000000 
1052 6.325242 0.000000 
1053 6.272875 0.000000 
1054 6.220600 0.000000 
1055 6.168422 0.000000 
1056 6.116345 0.000000 
1057 6.064375 0.000000 
1058 6.012517 0.000000 
1059 5.960775 0.000000 
1060 5.909153 0.000000 
1061 5.857657 0.000000 
1062 5.806291 0.000000 
1063 5.755059 0.000000 
1064 5.703965 0.000000 
1065 5.653015 0.000000 
1066 5.602213 0.000000 
1067 5.551562 0.000000 
1068 5.501066 0.000000 
1069 5.450731 0.000000 
1070 5.400560 0.000000 
1071 5.350556 0.000000 
1072 5.300725 0.000000 
1073 5.251069 0.000000 
1074 5.201592 0.000000 
1075 5.152299 0.000000 
1076 5.103193 0.000000 
1077 5.054276 0.000000 
1078 5.005554 0.000000 
1079 4.957030 0.000000 
1080 4.908706 0.000000 
1081 4.860586 0.000000 
1082 4.812674 0.000000 
1083 4.764972 0.000000 
1084 4.717483 0.000000 
1085 4.670212 0.000000 
1086 4.623160 0.000000 
1087 4.576331 0.000000 
1088 4.529728 0.000000 
1089 4.483353 0.000000 
1090 4.437208 0.000000 
1091 4.391298 0.000000 
1092 4.345624 0.000000 
1093 4.300188 0.000000 
1094 4.254994 0.000000 
1095 4.210044 0.000000 
1096 4.165340 0.000000 
1097 4.120884 0.000000 
1098 4.076679 0.000000 
1099 4.032726 0.000000 
1100 3.989028 0.000000 
1101 3.945587 0.000000 
1102 3.902404 0.000000 
1103 3.859482 0.000000 
1104 3.816823 0.000000 
1105 3.774427 0.000000 
1106 3.732298 0.000000 
1107 3.690436 0.000000 
1108 3.648843 0.000000 
1109 3.607521 0.000000 
1110 3.566471 0.000000 
1111 3.525694 0.000000 
1112 3.485192 0.000000 
1113 3.444966 0.000000 
1114 3.405017 0.000000 
1115 3.365346 0.000000 
1116 3.325955 0.000000 
1117 3.286845 0.000000 
1118 3.248016 0.000000 
1119 3.209469 0.000000 
1120 3.171205 0.000000 
1121 3.133226 0.000000 
1122 3.095531 0.000000 
1123 3.058122 0.000000 
1124 3.020999 0.000000 
1125 2.984163 0.000000 
1126 2.947614 0.000000 
1127 2.911352 0.000000 
1128 2.875379 0.000000 
1129 2.839694 0.000000 
1130 2.804298 0.000000 
1131 2.769191 0.000000 
1132 2.734373 0.000000 
1133 2.699845 0.000000 
1134 2.665606 0.000000 
1135 2.631657 0.000000 
1136 2.597997 0.000000 
1137 2.564627 0.000000 
1138 2.531547 0.000000 
1139 2.498756 0.000000 
1140 2.466254 0.000000 
1141 2.434041 0.000000 
1142 2.402117 0.000000 
1143 2.370481 0.000000 
1144 2.339134 0.000000 
1145 2.308074 0.000000 
1146 2.277302 0.000000 
1147 2.246816 0.000000 
1148 2.216617 0.000000 
1149 2.186703 0.000000 
1150 2.157075 0.000000 
1151 2.127731 0.000000 
1152 2.098671 0.000000 
1153 2.069894 0.000000 
1154 2.041399 0.000000 
1155 2.013186 0.000000 
1156 1.985254 0.000000 
1157 1.957602 0.000000 
1158 1.930229 0.000000 
1159 1.903135 0.000000 
1160 1.876317 0.000000 
1161 1.849776 0.000000 
1162 1.823509 0.000000 
1163 1.797518 0.000000 
1164 1.771799 0.000000 
1165 1.746352 0.000000 
1166 1.721176 0.000000 
1167 1.696270 0.000000 
1168 1.671632 0.000000 
1169 1.647262 0.000000 
1170 1.623158 0.000000 
1171 1.599318 0.000000 
1172 1.575742 0.000000 
1173 1.552429 0.000000 
1174 1.529376 0.000000 
1175 1.506583 0.000000 
1176 1.484047 0.000000 
1177 1.461769 0.000000 
1178 1.439746 0.000000 
1179 1.417977 0.000000 
1180 1.396460 0.000000 
1181 1.375194 0.000000 
1182 1.354178 0.000000 
1183 1.333409 0.000000 
1184 1.312887 0.000000 
1185 1.292610 0.000000 
1186 1.272575 0.000000 
1187 1.252783 0.000000 
1188 1.233231 0.000000 
1189 1.213917 0.000000 
1190 1.194839 0.000000 
1191 1.175997 0.000000 
1192 1.157389 0.000000 
1193 1.139012 0.000000 
1194 1.120866 0.000000 
1195 1.102948 0.000000 
1196 1.085257 0.000000 
1197 1.067790 0.000000 
1198 1.050548 0.000000 
1199 1.033527 0.000000 
1200 1.016725 0.000000 
1201 1.000142 0.000000 
1202 0.983775 0.000000 
1203 0.967623 0.000000 
1204 0.951684 0.000000 
1205 0.935956 0.000000 
1206 0.920437 0.000000 
1207 0.905126 0.000000 
1208 0.890021 0.000000 
1209 0.875119 0.000000 
1210 0.860420 0.000000 
1211 0.845921 0.000000 
1212 0.831621 0.000000 
1213 0.817518 0.000000 
1214 0.803609 0.000000 
1215 0.789894 0.000000 
1216 0.776370 0.000000 
1217 0.763036 0.000000 
1218 0.749890 0.000000 
1219 0.736929 0.000000 
1220 0.724153 0.000000 
1221 0.711559 0.000000 
1222 0.699146 0.000000 
1223 0.686912 0.000000 
1224 0.674854 0.000000 
1225 0.662972 0.000000 
1226 0.651263 0.000000 
1227 0.639726 0.000000 
1228 0.628358 0.000000 
1229 0.617159 0.000000 
1230 0.606126 0.000000 
1231 0.595257 0.000000 
1232 0.584552 0.000000 
1233 0.574007 0.000000 
1234 0.563621 0.000000 
1235 0.553393 0.000000 
1236 0.543321 0.000000 
1237 0.533402 0.000000 
1238 0.523636 0.000000 
1239 0.514021 0.000000 
1240 0.504554 0.000000 
1241 0.495235 0.000000 
1242 0.486060 0.000000 
1243 0.477030 0.000000 
1244 0.468142 0.000000 
1245 0.459394 0.000000 
1246 0.450784 0.000000 
1247 0.442312 0.000000 
1248 0.433975 0.000000 
1249 0.425772 0.000000 
1250 0.417701 0.000000 
1251 0.409760 0.000000 
1252 0.401948 0.000000 
1253 0.394264 0.000000 
1254 0.386705 0.000000 
1255 0.379270 0.000000 
1256 0.371958 0.000000 
1257 0.364766 0.000000 
1258 0.357694 0.000000 
1259 0.350740 0.000000 
1260 0.343902 0.000000 
1261 0.337179 0.000000 
1262 0.330569 0.000000 
1263 0.324071 0.000000 
1264 0.317683 0.000000 
1265 0.311404 0.000000 
1266 0.305232 0.000000 
1267 0.299166 0.000000 
1268 0.293205 0.000000 
1269 0.287346 0.000000 
1270 0.281589 0.000000 
1271 0.275933 0.000000 
1272 0.270375 0.000000 
1273 0.264914 0.000000 
1274 0.259550 0.000000 
1275 0.254280 0.000000 
1276 0.249103 0.000000 
1277 0.244018 0.000000 
1278 0.239024 0.000000 
1279 0.234120 0.000000 
1280 0.229303 0.000000 
1281 0.224573 0.000000 
1282 0.219929 0.000000 
1283 0.215369 0.000000 
1284 0.210891 0.000000 
1285 0.206496 0.000000 
1286 0.202181 0.000000 
1287 0.197945 0.000000 
1288 0.193787 0.000000 
1289 0.189706 0.000000 
1290 0.185701 0.000000 
1291 0.181771 0.000000 
1292 0.177914 0.000000 
1293 0.174129 0.000000 
1294 0.170415 0.000000 
1295 0.166772 0.000000 
1296 0.163197 0.000000 
1297 0.159690 0.000000 
1298 0.156250 0.000000 
1299 0.152876 0.000000 
1300 0.149566 0.000000 
1301 0.146320 0.000000 
1302 0.143136 0.000000 
1303 0.140014 0.000000 
1304 0.136953 0.000000 
1305 0.133951 0.000000 
1306 0.131007 0.000000 
1307 0.128122 0.000000 
1308 0.125293 0.000000 
1309 0.122520 0.000000 
1310 0.119801 0.000000 
1311 0.117137 0.000000 
1312 0.114525 0.000000 
1313 0.111965 0.000000 
1314 0.109457 0.000000 
1315 0.106999 0.000000 
1316 0.104590 0.000000 
1317 0.102230 0.000000 
1318 0.099918 0.000000 
1319 0.097653 0.000000 
1320 0.095434 0.000000 
1321 0.093260 0.000000 
1322 0.091130 0.000000 
1323 0.089044 0.000000 
1324 0.087002 0.000000 
1325 0.085001 0.000000 
1326 0.083042 0.000000 
1327 0.081124 0.000000 
1328 0.079245 0.000000 
1329 0.077406 0.000000 
1330 0.075605 0.000000 
1331 0.073842 0.000000 
1332 0.072117 0.000000 
1333 0.070427 0.000000 
1334 0.068774 0.000000 
1335 0.067156 0.000000 
1336 0.065572 0.000000 
1337 0.064022 0.000000 
1338 0.062505 0.000000 
1339 0.061020 0.000000 
1340 0.059568 0.000000 
1341 0.058147 0.000000 
1342 0.056757 0.000000 
1343 0.055397 0.000000 
1344 0.054067 0.000000 
1345 0.052765 0.000000 
1346 0.051493 0.000000 
1347 0.050248 0.000000 
1348 0.049030 0.000000 
1349 0.047840 0.000000 
1350 0.046675 0.000000 
1351 0.045537 0.000000 
1352 0.044424 0.000000 
1353 0.043336 0.000000 
1354 0.042272 0.000000 
1355 0.041231 0.000000 
1356 0.040215 0.000000 
1357 0.039221 0.000000 
1358 0.038250 0.000000 
1359 0.037300 0.000000 
1360 0.036372 0.000000 
1361 0.035466 0.000000 
1362 0.034580 0.000000 
1363 0.033714 0.000000 
1364 0.032868 0.000000 
1365 0.032042 0.000000 
1366 0.031235 0.000000 
1367 0.030446 0.000000 
1368 0.029676 0.000000 
1369 0.028923 0.000000 
1370 0.028188 0.000000 
1371 0.027470 0.000000 
1372 0.026769 0.000000 
1373 0.026085 0.000000 
1374 0.025417 0.000000 
1375 0.024764 0.000000 
1376 0.024127 0.000000 
1377 0.023505 0.000000 
1378 0.022897 0.000000 
1379 0.022304 0.000000 
1380 0.021726 0.000000 
1381 0.021161 0.000000 
1382 0.020609 0.000000 
1383 0.020071 0.000000 
1384 0.019546 0.000000 
1385 0.019034 0.000000 
1386 0.018534 0.000000 
1387 0.018046 0.000000 
1388 0.017570 0.000000 
1389 0.017106 0.000000 
1390 0.016653 0.000000 
1391 0.016211 0.000000 
1392 0.015780 0.000000 
1393 0.015359 0.000000 
1394 0.014949 0.000000 
1395 0.014550 0.000000 
1396 0.014160 0.000000 
1397 0.013779 0.000000 
1398 0.013409 0.000000 
1399 0.013047 0.000000 
1400 0.012694 0.000000 
1401 0.012351 0.000000 
1402 0.012016 0.000000 
1403 0.011689 0.000000 
1404 0.011371 0.000000 
1405 0.011061 0.000000 
1406 0.010758 0.000000 
1407 0.010464 0.000000 
1408 0.010176 0.000000 
1409 0.009897 0.000000 
1410 0.009624 0.000000 
1411 0.009358 0.000000 
1412 0.009099 0.000000 
1413 0.008847 0.000000 
1414 0.008602 0.000000 
1415 0.008362 0.000000 
1416 0.008129 0.000000 
1417 0.007902 0.000000 
1418 0.007681 0.000000 
1419 0.007466 0.000000 
1420 0.007256 0.000000 
1421 0.007052 0.000000 
1422 0.006853 0.000000 
1423 0.006659 0.000000 
1424 0.006471 0.000000 
1425 0.006287 0.000000 
1426 0.006109 0.000000 
1427 0.005935 0.000000 
1428 0.005766 0.000000 
1429 0.005601 0.000000 
1430 0.005441 0.000000 
1431 0.005285 0.000000 
1432 0.005133 0.000000 
1433 0.004985 0.000000 
1434 0.004841 0.000000 
1435 0.004701 0.000000 
1436 0.004565 0.000000 
1437 0.004433 0.000000 
1438 0.004304 0.000000 
1439 0.004179 0.000000 
1440 0.004057 0.000000 
1441 0.003939 0.000000 
1442 0.003823 0.000000 
1443 0.003711 0.000000 
1444 0.003602 0.000000 
1445 0.003496 0.000000 
1446 0.003393 0.000000 
1447 0.003293 0.000000 
1448 0.003196 0.000000 
1449 0.003101 0.000000 
1450 0.003009 0.000000 
1451 0.002919 0.000000 
1452 0.002832 0.000000 
1453 0.002748 0.000000 
1454 0.002666 0.000000 
1455 0.002586 0.000000 
1456 0.002508 0.000000 
1457 0.002433 0.000000 
1458 0.002359 0.000000 
1459 0.002288 0.000000 
1460 0.002219 0.000000 
1461 0.002152 0.000000 
1462 0.002087 0.000000 
1463 0.002023 0.000000 
1464 0.001962 0.000000 
1465 0.001902 0.000000 
1466 0.001844 0.000000 
1467 0.001787 0.000000 
1468 0.001733 0.000000 
1469 0.001679 0.000000 
1470 0.001628 0.000000 
1471 0.001578 0.000000 
1472 0.001529 0.000000 
1473 0.001482 0.000000 
1474 0.001436 0.000000 
1475 0.001391 0.000000 
1476 0.001348 0.000000 
1477 0.001306 0.000000 
1478 0.001265 0.000000 
1479 0.001226 0.000000 
1480 0.001187 0.000000 
1481 0.001150 0.000000 
1482 0.001114 0.000000 
1483 0.001079 0.000000 
1484 0.001045 0.000000 
1485 0.001012 0.000000 
1486 0.000980 0.000000 
1487 0.000949 0.000000 
1488 0.000919 0.000000 
1489 0.000890 0.000000 
1490 0.000861 0.000000 
1491 0.000834 0.000000 
1492 0.000807 0.000000 
1493 0.000781 0.000000 
1494 0.000756 0.000000 
1495 0.000732 0.000000 
1496 0.000709 0.000000 
1497 0.000686 0.000000 
1498 0.000664 0.000000 
1499 0.000642 0.000000 
1500 0.000621 0.000000 
1501 0.000601 0.000000 
1502 0.000582 0.000000 
1503 0.000563 0.000000 
1504 0.000545 0.000000 
1505 0.000527 0.000000 
1506 0.000510 0.000000 
1507 0.000493 0.000000 
1508 0.000477 0.000000 
1509 0.000461 0.000000 
1510 0.000446 0.000000 
1511 0.000431 0.000000 
1512 0.000417 0.000000 
1513 0.000403 0.000000 
1514 0.000390 0.000000 
1515 0.000377 0.000000 
1516 0.000364 0.000000 
1517 0.000352 0.000000 
1518 0.000341 0.000000 
1519 0.000329 0.000000 
1520 0.000318 0.000000 
1521 0.000308 0.000000 
1522 0.000297 0.000000 
1523 0.000287 0.000000 
1524 0.000278 0.000000 
1525 0.000268 0.000000 
1526 0.000259 0.000000 
1527 0.000250 0.000000 
1528 0.000242 0.000000 
1529 0.000234 0.000000 
1530 0.000226 0.000000 
1531 0.000218 0.000000 
1532 0.000211 0.000000 
1533 0.000204 0.000000 
1534 0.000197 0.000000 
1535 0.000190 0.000000 
1536 0.000183 0.000000 
1537 0.000177 0.000000 
1538 0.000171 0.000000 
1539 0.000165 0.000000 
1540 0.000159 0.000000 
1541 0.000154 0.000000 
1542 0.000149 0.000000 
1543 0.000143 0.000000 
1544 0.000138 0.000000 
1545 0.000134 0.000000 
1546 0.000129 0.000000 
1547 0.000124 0.000000 
1548 0.000120 0.000000 
1549 0.000116 0.000000 
1550 0.000112 0.000000 
1551 0.000108 0.000000 
1552 0.000104 0.000000 
1553 0.000100 0.000000 
1554 0.000097 0.000000 
1555 0.000094 0.000000 
1556 0.000090 0.000000 
1557 0.000087 0.000000 
1558 0.000084 0.000000 
1559 0.000081 0.000000 
1560 0.000078 0.000000 
1561 0.000075 0.000000 
1562 0.000073 0.000000 
1563 0.000070 0.000000 
1564 0.000068 0.000000 
1565 0.000065 0.000000 
1566 0.000063 0.000000 
1567 0.000061 0.000000 
1568 0.000058 0.000000 
1569 0.000056 0.000000 
1570 0.000054 0.000000 
1571 0.000052 0.000000 
1572 0.000050 0.000000 
1573 0.000049 0.000000 
1574 0.000047 0.000000 
1575 0.000045 0.000000 
1576 0.000043 0.000000 
1577 0.000042 0.000000 
1578 0.000040 0.000000 
1579 0.000039 0.000000 
1580 0.000037 0.000000 
1581 0.000036 0.000000 
1582 0.000035 0.000000 
1583 0.000033 0.000000 
1584 0.000032 0.000000 
1585 0.000031 0.000000 
1586 0.000030 0.000000 
1587 0.000029 0.000000 
1588 0.000028 0.000000 
1589 0.000027 0.000000 
1590 0.000026 0.000000 
1591 0.000025 0.000000 
1592 0.000024 0.000000 
1593 0.000023 0.000000 
1594 0.000022 0.000000 
1595 0.000021 0.000000 
1596 0.000020 0.000000 
1597 0.000020 0.000000 
1598 0.000019 0.000000 
1599 0.000018 0.000000 
1600 0.000018 0.000000 
1601 0.000017 0.000000 
1602 0.000016 0.000000 
1603 0.000016 0.000000 
1604 0.000015 0.000000 
1605 0.000014 0.000000 
1606 0.000014 0.000000 
1607 0.000013 0.000000 
1608 0.000013 0.000000 
1609 0.000012 0.000000 
1610 0.000012 0.000000 
1611 0.000011 0.000000 
1612 0.000011 0.000000 
1613 0.000011 0.000000 
1614 0.000010 0.000000 
1615 0.000010 0.000000 
1616 0.000009 0.000000 
1617 0.000009 0.000000 
1618 0.000009 0.000000 
1619 0.000008 0.000000 
1620 0.000008 0.000000 
1621 0.000008 0.000000 
1622 0.000007 0.000000 
1623 0.000007 0.000000 
1624 0.000007 0.000000 
1625 0.000007 0.000000 
1626 0.000006 0.000000 
1627 0.000006 0.000000 
1628 0.000006 0.000000 
1629 0.000006 0.000000 
1630 0.000005 0.000000 
1631 0.000005 0.000000 
1632 0.000005 0.000000 
1633 0.000005 0.000000 
1634 0.000005 0.000000 
1635 0.000004 0.000000 
1636 0.000004 0.000000 
1637 0.000004 0.000000 
1638 0.000004 0.000000 
1639 0.000004 0.000000 
1640 0.000004 0.000000 
1641 0.000003 0.000000 
1642 0.000003 0.000000 
1643 0.000003 0.000000 
1644 0.000003 0.000000 
1645 0.000003 0.000000 
1646 0.000003 0.000000 
1647 0.000003 0.000000 
1648 0.000003 0.000000 
1649 0.000002 0.000000 
1650 0.000002 0.000000 
1651 0.000002 0.000000 
1652 0.000002 0.000000 
1653 0.000002 0.000000 
1654 0.000002 0.000000 
1655 0.000002 0.000000 
1656 0.000002 0.000000 
1657 0.000002 0.000000 
1658 0.000002 0.000000 
1659 0.000002 0.000000 
1660 0.000002 0.000000 
1661 0.000002 0.000000 
1662 0.000001 0.000000 
1663 0.000001 0.000000 
1664 0.000001 0.000000 
1665 0.000001 0.000000 
1666 0.000001 0.000000 
1667 0.000001 0.000000 
1668 0.000001 0.000000 
1669 0.000001 0.000000 
1670 0.000001 0.000000 
1671 0.000001 0.000000 
1672 0.000001 0.000000 
1673 0.000001 0.000000 
1674 0.000001 0.000000 
1675 0.000001 0.000000 
1676 0.000001 0.000000 
1677 0.000001 0.000000 
1678 0.000001 0.000000 
1679 0.000001 0.000000 
1680 0.000001 0.000000 
1681 0.000001 0.000000 
1682 0.000001 0.000000 
1683 0.000001 0.000000 
1684 0.000001 0.000000 
1685 0.000001 0.000000 
1686 0.000001 0.000000 
1687 0.000001 0.000000 
1688 0.000000 0.000000 
1689 0.000000 0.000000 
1690 0.000000 0.000000 
1691 0.000000 0.000000 
1692 0.000000 0.000000 
1693 0.000000 0.000000 
1694 0.000000 0.000000 
1695 0.000000 0.000000 
1696 0.000000 0.000000 
1697 0.000000 0.000000 
1698 0.000000 0.000000 
1699 0.000000 0.000000 
1700 0.000000 0.000000 
1701 0.000000 0.000000 
1702 0.000000 0.000000 
1703 0.000000 0.000000 
1704 0.000000 0.000000 
1705 0.000000 0.000000 
1706 0.000000 0.000000 
1707 0.000000 0.000000 
1708 0.000000 0.000000 
1709 0.000000 0.000000 
1710 0.000000 0.000000 
1711 0.000000 0.000000 
1712 0.000000 0.000000 
1713 0.000000 0.000000 
1714 0.000000 0.000000 
1715 0.000000 0.000000 
1716 0.000000 0.000000 
1717 0.000000 0.000000 
1718 0.000000 0.000000 
1719 0.000000 0.000000 
1720 0.000000 0.000000 
1721 0.000000 0.000000 
1722 0.000000 0.000000 
1723 0.000000 0.000000 
1724 0.000000 0.000000 
1725 0.000000 0.000000 
1726 0.000000 0.000000 
1727 0.000000 0.000000 
1728 0.000000 0.000000 
1729 0.000000 0.000000 
1730 0.000000 0.000000 
1731 0.000000 0.000000 
1732 0.000000 0.000000 
1733 0.000000 0.000000 
1734 0.000000 0.000000 
1735 0.000000 0.000000 
1736 0.000000 0.000000 
1737 0.000000 0.000000 
1738 0.000000 0.000000 
1739 0.000000 0.000000 
1740 0.000000 0.000000 
1741 0.000000 0.000000 
1742 0.000000 0.000000 
1743 0.000000 0.000000 
1744 0.000000 0.000000 
1745 0.000000 0.000000 
1746 0.000000 0.000000 
1747 0.000000 0.000000 
1748 0.000000 0.000000 
1749 0.000000 0.000000 
1750 0.000000 0.000000 
1751 0.000000 0.000000 
1752 0.000000 0.000000 
1753 0.000000 0.000000 
1754 0.000000 0.000000 
1755 0.000000 0.000000 
1756 0.000000 0.000000 
1757 0.000000 0.000000 
1758 0.000000 0.000000 
1759 0.000000 0.000000 
1760 0.000000 0.000000 
1761 0.000000 0.000000 
1762 0.000000 0.000000 
1763 0.000000 0.000000 
1764 0.000000 0.000000 
1765 0.000000 0.000000 
1766 0.000000 0.000000 
1767 0.000000 0.000000 
1768 0.000000 0.000000 
1769 0.000000 0.000000 
1770 0.000000 0.000000 
1771 0.000000 0.000000 
1772 0.000000 0.000000 
1773 0.000000 0.000000 
1774 0.000000 0.000000 
1775 0.000000 0.000000 
1776 0.000000 0.000000 
1777 0.000000 0.000000 
1778 0.000000 0.000000 
1779 0.000000 0.000000 
1780 0.000000 0.000000 
1781 0.000000 0.000000 
1782 0.000000 0.000000 
1783 0.000000 0.000000 
1784 0.000000 0.000000 
1785 0.000000 0.000000 
1786 0.000000 0.000000 
1787 0.000000 0.000000 
1788 0.000000 0.000000 
1789 0.000000 0.000000 
1790 0.000000 0.000000 
1791 0.000000 0.000000 
1792 0.000000 0.000000 
1793 0.000000 0.000000 
1794 0.000000 0.000000 
1795 0.000000 0.000000 
1796 0.000000 0.000000 
1797 0.000000 0.000000 
1798 0.000000 0.000000 
1799 0.000000 0.000000 
1800 0.000000 0.000000 
1801 0.000000 0.000000 
1802 0.000000 0.000000 
1803 0.000000 0.000000 
1804 0.000000 0.000000 
1805 0.000000 0.000000 
1806 0.000000 0.000000 
1807 0.000000 0.000000 
1808 0.000000 0.000000 
1809 0.000000 0.000000 
1810 0.000000 0.000000 
1811 0.000000 0.000000 
1812 0.000000 0.000000 
1813 0.000000 0.000000 
1814 0.000000 0.000000 
1815 0.000000 0.000000 
1816 0.000000 0.000000 
1817 0.000000 0.000000 
1818 0.000000 0.000000 
1819 0.000000 0.000000 
1820 0.000000 0.000000 
1821 0.000000 0.000000 
1822 0.000000 0.000000 
1823 0.000000 0.000000 
1824 0.000000 0.000000 
1825 0.000000 0.000000 
1826 0.000000 0.000000 
1827 0.000000 0.000000 
1828 0.000000 0.000000 
1829 0.000000 0.000000 
1830 0.000000 0.000000 
1831 0.000000 0.000000 
1832 0.000000 0.000000 
1833 0.000000 0.000000 
1834 0.000000 0.000000 
1835 0.000000 0.000000 
1836 0.000000 0.000000 
1837 0.000000 0.000000 
1838 0.000000 0.000000 
1839 0.000000 0.000000 
1840 0.000000 0.000000 
1841 0.000000 0.000000 
1842 0.000000 0.000000 
1843 0.000000 0.000000 
1844 0.000000 0.000000 
1845 0.000000 0.000000 
1846 0.000000 0.000000 
1847 0.000000 0.000000 
1848 0.000000 0.000000 
1849 0.000000 0.000000 
1850 0.000000 0.000000 
1851 0.000000 0.000000 
1852 0.000000 0.000000 
1853 0.000000 0.000000 
1854 0.000000 0.000000 
1855 0.000000 0.000000 
1856 0.000000 0.000000 
1857 0.000000 0.000000 
1858 0.000000 0.000000 
1859 0.000000 0.000000 
1860 0.000000 0.000000 
1861 0.000000 0.000000 
1862 0.000000 0.000000 
1863 0.000000 0.000000 
1864 0.000000 0.000000 
1865 0.000000 0.000000 
1866 0.000000 0.000000 
1867 0.000000 0.000000 
1868 0.000000 0.000000 
1869 0.000000 0.000000 
1870 0.000000 0.000000 
1871 0.000000 0.000000 
1872 0.000000 0.000000 
1873 0.000000 0.000000 
1874 0.000000 0.000000 
1875 0.000000 0.000000 
1876 0.000000 0.000000 
1877 0.000000 0.000000 
1878 0.000000 0.000000 
1879 0.000000 0.000000 
1880 0.000000 0.000000 
1881 0.000000 0.000000 
1882 0.000000 0.000000 
1883 0.000000 0.000000 
1884 0.000000 0.000000 
1885 0.000000 0.000000 
1886 0.000000 0.000000 
1887 0.000000 0.000000 
1888 0.000000 0.000000 
1889 0.000000 0.000000 
1890 0.000000 0.000000 
1891 0.000000 0.000000 
1892 0.000000 0.000000 
1893 0.000000 0.000000 
1894 0.000000 0.000000 
1895 0.000000 0.000000 
1896 0.000000 0.000000 
1897 0.000000 0.000000 
1898 0.000000 0.000000 
1899 0.000000 0.000000 
1900 0.000000 0.000000 
1901 0.000000 0.000000 
1902 0.000000 0.000000 
1903 0.000000 0.000000 
1904 0.000000 0.000000 
1905 0.000000 0.000000 
1906 0.000000 0.000000 
1907 0.000000 0.000000 
1908 0.000000 0.000000 
1909 0.000000 0.000000 
1910 0.000000 0.000000 
1911 0.000000 0.000000 
1912 0.000000 0.000000 
1913 0.000000 0.000000 
1914 0.000000 0.000000 
1915 0.000000 0.000000 
1916 0.000000 0.000000 
1917 0.000000 0.000000 
1918 0.000000 0.000000 
1919 0.000000 0.000000 
1920 0.000000 0.000000 
1921 0.000000 0.000000 
1922 0.000000 0.000000 
1923 0.000000 0.000000 
1924 0.000000 0.000000 
1925 0.000000 0.000000 
1926 0.000000 0.000000 
1927 0.000000 0.000000 
1928 0.000000 0.000000 
1929 0.000000 0.000000 
1930 0.000000 0.000000 
1931 0.000000 0.000000 
1932 0.000000 0.000000 
1933 0.000000 0.000000 
1934 0.000000 0.000000 
1935 0.000000 0.000000 
1936 0.000000 0.000000 
1937 0.000000 0.000000 
1938 0.000000 0.000000 
1939 0.000000 0.000000 
1940 0.000000 0.000000 
1941 0.000000 0.000000 
1942 0.000000 0.000000 
1943 0.000000 0.000000 
1944 0.000000 0.000000 
1945 0.000000 0.000000 
1946 0.000000 0.000000 
1947 0.000000 0.000000 
1948 0.000000 0.000000 
1949 0.000000 0.000000 
1950 0.000000 0.000000 
1951 0.000000 0.000000 
1952 0.000000 0.000000 
1953 0.000000 0.000000 
1954 0.000000 0.000000 
1955 0.000000 0.000000 
1956 0.000000 0.000000 
1957 0.000000 0.000000 
1958 0.000000 0.000000 
1959 0.000000 0.000000 
1960 0.000000 0.000000 
1961 0.000000 0.000000 
1962 0.000000 0.000000 
1963 0.000000 0.000000 
1964 0.000000 0.000000 
1965 0.000000 0.000000 
1966 0.000000 0.000000 
1967 0.000000 0.000000 
1968 0.000000 0.000000 
1969 0.000000 0.000000 
1970 0.000000 0.000000 
1971 0.000000 0.000000 
1972 0.000000 0.000000 
1973 0.000000 0.000000 
1974 0.000000 0.000000 
1975 0.000000 0.000000 
1976 0.000000 0.000000 
1977 0.000000 0.000000 
1978 0.000000 0.000000 
1979 0.000000 0.000000 
1980 0.000000 0.000000 
1981 0.000000 0.000000 
1982 0.000000 0.000000 
1983 0.000000 0.000000 
1984 0.000000 0.000000 
1985 0.000000 0.000000 
1986 0.000000 0.000000 
1987 0.000000 0.000000 
1988 0.000000 0.000000 
1989 0.000000 0.000000 
1990 0.000000 0.000000 
1991 0.000000 0.000000 
1992 0.000000 0.000000 
1993 0.000000 0.000000 
1994 0.000000 0.000000 
1995 0.000000 0.000000 
1996 0.000000 0.000000 
1997 0.000000 0.000000 
1998 0.000000 0.000000 
1999 0.000000 0.000000 
2000 0.000000 0.000000 
2001 0.000000 0.000000 
2002 0.000000 0.000000 
2003 0.000000 0.000000 
2004 0.000000 0.000000 
2005 0.000000 0.000000 
2006 0.000000 0.000000 
2007 0.000000 0.000000 
2008 0.000000 0.000000 
2009 0.000000 0.000000 
2010 0.000000 0.000000 
2011 0.000000 0.000000 
2012 0.000000 0.000000 
2013 0.000000 0.000000 
2014 0.000000 0.000000 
2015 0.000000 0.000000 
2016 0.000000 0.000000 
2017 0.000000 0.000000 
2018 0.000000 0.000000 
2019 0.000000 0.000000 
2020 0.000000 0.000000 
2021 0.000000 0.000000 
2022 0.000000 0.000000 
2023 0.000000 0.000000 
2024 0.000000 0.000000 
2025 0.000000 0.000000 
2026 0.000000 0.000000 
2027 0.000000 0.000000 
2028 0.000000 0.000000 
2029 0.000000 0.000000 
2030 0.000000 0.000000 
2031 0.000000 0.000000 
2032 0.000000 0.000000 
2033 0.000000 0.000000 
2034 0.000000 0.000000 
2035 0.000000 0.000000 
2036 0.000000 0.000000 
2037 0.000000 0.000000 
2038 0.000000 0.000000 
2039 0.000000 0.000000 
2040 0.000000 0.000000 
2041 0.000000 0.000000 
2042 0.000000 0.000000 
2043 0.000000 0.000000 
2044 0.000000 0.000000 
2045 0.000000 0.000000 
2046 0.000000 0.000000 
2047 0.000000 0.000000 
2048 0.000000 0.000000 
2049 0.000000 0.000000 
2050 0.000000 0.000000 
2051 0.000000 0.000000 
2052 0.000000 0.000000 
2053 0.000000 0.000000 
2054 0.000000 0.000000 
2055 0.000000 0.000000 
2056 0.000000 0.000000 
2057 0.000000 0.000000 
2058 0.000000 0.000000 
2059 0.000000 0.000000 
2060 0.000000 0.000000 
2061 0.000000 0.000000 
2062 0.000000 0.000000 
2063 0.000000 0.000000 
2064 0.000000 0.000000 
2065 0.000000 0.000000 
2066 0.000000 0.000000 
2067 0.000000 0.000000 
2068 0.000000 0.000000 
2069 0.000000 0.000000 
2070 0.000000 0.000000 
2071 0.000000 0.000000 
2072 0.000000 0.000000 
2073 0.000000 0.000000 
2074 0.000000 0.000000 
2075 0.000000 0.000000 
2076 0.000000 0.000000 
2077 0.000000 0.000000 
2078 0.000000 0.000000 
2079 0.000000 0.000000 
2080 0.000000 0.000000 
2081 0.000000 0.000000 
2082 0.000000 0.000000 
2083 0.000000 0.000000 
2084 0.000000 0.000000 
2085 0.000000 0.000000 
2086 0.000000 0.000000 
2087 0.000000 0.000000 
2088 0.000000 0.000000 
2089 0.000000 0.000000 
2090 0.000000 0.000000 
2091 0.000000 0.000000 
2092 0.000000 0.000000 
2093 0.000000 0.000000 
2094 0.000000 0.000000 
2095 0.000000 0.000000 
2096 0.000000 0.000000 
2097 0.000000 0.000000 
2098 0.000000 0.000000 
2099 0.000000 0.000000 
2100 0.000000 0.000000 
2101 0.000000 0.000000 
2102 0.000000 0.000000 
2103 0.000000 0.000000 
2104 0.000000 0.000000 
2105 0.000000 0.000000 
2106 0.000000 0.000000 
2107 0.000000 0.000000 
2108 0.000000 0.000000 
2109 0.000000 0.000000 
2110 0.000000 0.000000 
2111 0.000000 0.000000 
2112 0.000000 0.000000 
2113 0.000000 0.000000 
2114 0.000000 0.000000 
2115 0.000000 0.000000 
2116 0.000000 0.000000 
2117 0.000000 0.000000 
2118 0.000000 0.000000 
2119 0.000000 0.000000 
2120 0.000000 0.000000 
2121 0.000000 0.000000 
2122 0.000000 0.000000 
2123 0.000000 0.000000 
2124 0.000000 0.000000 
2125 0.000000 0.000000 
2126 0.000000 0.000000 
2127 0.000000 0.000000 
2128 0.000000 0.000000 
2129 0.000000 0.000000 
2130 0.000000 0.000000 
2131 0.000000 0.000000 
2132 0.000000 0.000000 
2133 0.000000 0.000000 
2134 0.000000 0.000000 
2135 0.000000 0.000000 
2136 0.000000 0.000000 
2137 0.000000 0.000000 
2138 0.000000 0.000000 
2139 0.000000 0.000000 
2140 0.000000 0.000000 
2141 0.000000 0.000000 
2142 0.000000 0.000000 
2143 0.000000 0.000000 
2144 0.000000 0.000000 
2145 0.000000 0.000000 
2146 0.000000 0.000000 
2147 0.000000 0.000000 
2148 0.000000 0.000000 
2149 0.000000 0.000000 
2150 0.000000 0.000000 
2151 0.000000 0.000000 
2152 0.000000 0.000000 
2153 0.000000 0.000000 
2154 0.000000 0.000000 
2155 0.000000 0.000000 
2156 0.000000 0.000000 
2157 0.000000 0.000000 
2158 0.000000 0.000000 
2159 0.000000 0.000000 
2160 0.000000 0.000000 
2161 0.000000 0.000000 
2162 0.000000 0.000000 
2163 0.000000 0.000000 
2164 0.000000 0.000000 
2165 0.000000 0.000000 
2166 0.000000 0.000000 
2167 0.000000 0.000000 
2168 0.000000 0.000000 
2169 0.000000 0.000000 
2170 0.000000 0.000000 
2171 0.000000 0.000000 
2172 0.000000 0.000000 
2173 0.000000 0.000000 
2174 0.000000 0.000000 
2175 0.000000 0.000000 
2176 0.000000 0.000000 
2177 0.000000 0.000000 
2178 0.000000 0.000000 
2179 0.000000 0.000000 
2180 0.000000 0.000000 
2181 0.000000 0.000000 
2182 0.000000 0.000000 
2183 0.000000 0.000000 
2184 0.000000 0.000000 
2185 0.000000 0.000000 
2186 0.000000 0.000000 
2187 0.000000 0.000000 
2188 0.000000 0.000000 
2189 0.000000 0.000000 
2190 0.000000 0.000000 
2191 0.000000 0.000000 
2192 0.000000 0.000000 
2193 0.000000 0.000000 
2194 0.000000 0.000000 
2195 0.000000 0.000000 
2196 0.000000 0.000000 
2197 0.000000 0.000000 
2198 0.000000 0.000000 
2199 0.000000 0.000000 
2200 0.000000 0.000000 
2201 0.000000 0.000000 
2202 0.000000 0.000000 
2203 0.000000 0.000000 
2204 0.000000 0.000000 
2205 0.000000 0.000000 
2206 0.000000 0.000000 
2207 0.000000 0.000000 
2208 0.000000 0.000000 
2209 0.000000 0.000000 
2210 0.000000 0.000000 
2211 0.000000 0.000000 
2212 0.000000 0.000000 
2213 0.000000 0.000000 
2214 0.000000 0.000000 
2215 0.000000 0.000000 
2216 0.000000 0.000000 
2217 0.000000 0.000000 
2218 0.000000 0.000000 
2219 0.000000 0.000000 
2220 0.000000 0.000000 
2221 0.000000 0.000000 
2222 0.000000 0.000000 
2223 0.000000 0.000000 
2224 0.000000 0.000000 
2225 0.000000 0.000000 
2226 0.000000 0.000000 
2227 0.000000 0.000000 
2228 0.000000 0.000000 
2229 0.000000 0.000000 
2230 0.000000 0.000000 
2231 0.000000 0.000000 
2232 0.000000 0.000000 
2233 0.000000 0.000000 
2234 0.000000 0.000000 
2235 0.000000 0.000000 
2236 0.000000 0.000000 
2237 0.000000 0.000000 
2238 0.000000 0.000000 
2239 0.000000 0.000000 
2240 0.000000 0.000000 
2241 0.000000 0.000000 
2242 0.000000 0.000000 
2243 0.000000 0.000000 
2244 0.000000 0.000000 
2245 0.000000 0.000000 
2246 0.000000 0.000000 
2247 0.000000 0.000000 
2248 0.000000 0.000000 
2249 0.000000 0.000000 
2250 0.000000 0.000000 
2251 0.000000 0.000000 
2252 0.000000 0.000000 
2253 0.000000 0.000000 
2254 0.000000 0.000000 
2255 0.000000 0.000000 
2256 0.000000 0.000000 
2257 0.000000 0.000000 
2258 0.000000 0.000000 
2259 0.000000 0.000000 
2260 0.000000 0.000000 
2261 0.000000 0.000000 
2262 0.000000 0.000000 
2263 0.000000 0.000000 
2264 0.000000 0.000000 
2265 0.000000 0.000000 
2266 0.000000 0.000000 
2267 0.000000 0.000000 
2268 0.000000 0.000000 
2269 0.000000 0.000000 
2270 0.000000 0.000000 
2271 0.000000 0.000000 
2272 0.000000 0.000000 
2273 0.000000 0.000000 
2274 0.000000 0.000000 
2275 0.000000 0.000000 
2276 0.000000 0.000000 
2277 0.000000 0.000000 
2278 0.000000 0.000000 
2279 0.000000 0.000000 
2280 0.000000 0.000000 
2281 0.000000 0.000000 
2282 0.000000 0.000000 
2283 0.000000 0.000000 
2284 0.000000 0.000000 
2285 0.000000 0.000000 
2286 0.000000 0.000000 
2287 0.000000 0.000000 
2288 0.000000 0.000000 
2289 0.000000 0.000000 
2290 0.000000 0.000000 
2291 0.000000 0.000000 
2292 0.000000 0.000000 
2293 0.000000 0.000000 
2294 0.000000 0.000000 
2295 0.000000 0.000000 
2296 0.000000 0.000000 
2297 0.000000 0.000000 
2298 0.000000 0.000000 
2299 0.000000 0.000000 
2300 0.000000 0.000000 
2301 0.000000 0.000000 
2302 0.000000 0.000000 
2303 0.000000 0.000000 
2304 0.000000 0.000000 
2305 0.000000 0.000000 
2306 0.000000 0.000000 
2307 0.000000 0.000000 
2308 0.000000 0.000000 
2309 0.000000 0.000000 
2310 0.000000 0.000000 
2311 0.000000 0.000000 
2312 0.000000 0.000000 
2313 0.000000 0.000001 
2314 0.000000 0.000001 
2315 0.000000 0.000001 
2316 0.000000 0.000001 
2317 0.000000 0.000001 
2318 0.000000 0.000001 
2319 0.000000 0.000001 
2320 0.000000 0.000001 
2321 0.000000 0.000001 
2322 0.000000 0.000001 
2323 0.000000 0.000001 
2324 0.000000 0.000001 
2325 0.000000 0.000001 
2326 0.000000 0.000001 
2327 0.000000 0.000001 
2328 0.000000 0.000001 
2329 0.000000 0.000001 
2330 0.000000 0.000001 
2331 0.000000 0.000001 
2332 0.000000 0.000001 
2333 0.000000 0.000001 
2334 0.000000 0.000001 
2335 0.000000 0.000001 
2336 0.000000 0.000001 
2337 0.000000 0.000001 
2338 0.000000 0.000001 
2339 0.000000 0.000002 
2340 0.000000 0.000002 
2341 0.000000 0.000002 
2342 0.000000 0.000002 
2343 0.000000 0.000002 
2344 0.000000 0.000002 
2345 0.000000 0.000002 
2346 0.000000 0.000002 
2347 0.000000 0.000002 
2348 0.000000 0.000002 
2349 0.000000 0.000002 
2350 0.000000 0.000002 
2351 0.000000 0.000002 
2352 0.000000 0.000003 
2353 0.000000 0.000003 
2354 0.000000 0.000003 
2355 0.000000 0.000003 
2356 0.000000 0.000003 
2357 0.000000 0.000003 
2358 0.000000 0.000003 
2359 0.000000 0.000003 
2360 0.000000 0.000004 
2361 0.000000 0.000004 
2362 0.000000 0.000004 
2363 0.000000 0.000004 
2364 0.000000 0.000004 
2365 0.000000 0.000004 
2366 0.000000 0.000005 
2367 0.000000 0.000005 
2368 0.000000 0.000005 
2369 0.000000 0.000005 
2370 0.000000 0.000005 
2371 0.000000 0.000006 
2372 0.000000 0.000006 
2373 0.000000 0.000006 
2374 0.000000 0.000006 
2375 0.000000 0.000007 
2376 0.000000 0.000007 
2377 0.000000 0.000007 
2378 0.000000 0.000007 
2379 0.000000 0.000008 
2380 0.000000 0.000008 
2381 0.000000 0.000008 
2382 0.000000 0.000009 
2383 0.000000 0.000009 
2384 0.000000 0.000009 
2385 0.000000 0.000010 
2386 0.000000 0.000010 
2387 0.000000 0.000011 
2388 0.000000 0.000011 
2389 0.000000 0.000011 
2390 0.000000 0.000012 
2391 0.000000 0.000012 
2392 0.000000 0.000013 
2393 0.000000 0.000013 
2394 0.000000 0.000014 
2395 0.000000 0.000014 
2396 0.000000 0.000015 
2397 0.000000 0.000016 
2398 0.000000 0.000016 
2399 0.000000 0.000017 
2400 0.000000 0.000018 
2401 0.000000 0.000018 
2402 0.000000 0.000019 
2403 0.000000 0.000020 
2404 0.000000 0.000020 
2405 0.000000 0.000021 
2406 0.000000 0.000022 
2407 0.000000 0.000023 
2408 0.000000 0.000024 
2409 0.000000 0.000025 
2410 0.000000 0.000026 
2411 0.000000 0.000027 
2412 0.000000 0.000028 
2413 0.000000 0.000029 
2414 0.000000 0.000030 
2415 0.000000 0.000031 
2416 0.000000 0.000032 
2417 0.000000 0.000033 
2418 0.000000 0.000035 
2419 0.000000 0.000036 
2420 0.000000 0.000037 
2421 0.000000 0.000039 
2422 0.000000 0.000040 
2423 0.000000 0.000042 
2424 0.000000 0.000043 
2425 0.000000 0.000045 
2426 0.000000 0.000047 
2427 0.000000 0.000049 
2428 0.000000 0.000050 
2429 0.000000 0.000052 
2430 0.000000 0.000054 
2431 0.000000 0.000056 
2432 0.000000 0.000058 
2433 0.000000 0.000061 
2434 0.000000 0.000063 
2435 0.000000 0.000065 
2436 0.000000 0.000068 
2437 0.000000 0.000070 
2438 0.000000 0.000073 
2439 0.000000 0.000075 
2440 0.000000 0.000078 
2441 0.000000 0.000081 
2442 0.000000 0.000084 
2443 0.000000 0.000087 
2444 0.000000 0.000090 
2445 0.000000 0.000094 
2446 0.000000 0.000097 
2447 0.000000 0.000100 
2448 0.000000 0.000104 
2449 0.000000 0.000108 
2450 0.000000 0.000112 
2451 0.000000 0.000116 
2452 0.000000 0.000120 
2453 0.000000 0.000124 
2454 0.000000 0.000129 
2455 0.000000 0.000134 
2456 0.000000 0.000138 
2457 0.000000 0.000143 
2458 0.000000 0.000149 
2459 0.000000 0.000154 
2460 0.000000 0.000159 
2461 0.000000 0.000165 
2462 0.000000 0.000171 
2463 0.000000 0.000177 
2464 0.000000 0.000183 
2465 0.000000 0.000190 
2466 0.000000 0.000197 
2467 0.000000 0.000204 
2468 0.000000 0.000211 
2469 0.000000 0.000218 
2470 0.000000 0.000226 
2471 0.000000 0.000234 
2472 0.000000 0.000242 
2473 0.000000 0.000250 
2474 0.000000 0.000259 
2475 0.000000 0.000268 
2476 0.000000 0.000278 
2477 0.000000 0.000287 
2478 0.000000 0.000297 
2479 0.000000 0.000308 
2480 0.000000 0.000318 
2481 0.000000 0.000329 
2482 0.000000 0.000341 
2483 0.000000 0.000352 
2484 0.000000 0.000364 
2485 0.000000 0.000377 
2486 0.000000 0.000390 
2487 0.000000 0.000403 
2488 0.000000 0.000417 
2489 0.000000 0.000431 
2490 0.000000 0.000446 
2491 0.000000 0.000461 
2492 0.000000 0.000477 
2493 0.000000 0.000493 
2494 0.000000 0.000510 
2495 0.000000 0.000527 
2496 0.000000 0.000545 
2497 0.000000 0.000563 
2498 0.000000 0.000582 
2499 0.000000 0.000601 
2500 0.000000 0.000621 
2501 0.000000 0.000642 
2502 0.000000 0.000664 
2503 0.000000 0.000686 
2504 0.000000 0.000709 
2505 0.000000 0.000732 
2506 0.000000 0.000756 
2507 0.000000 0.000781 
2508 0.000000 0.000807 
2509 0.000000 0.000834 
2510 0.000000 0.000861 
2511 0.000000 0.000890 
2512 0.000000 0.000919 
2513 0.000000 0.000949 
2514 0.000000 0.000980 
2515 0.000000 0.001012 
2516 0.000000 0.001045 
2517 0.000000 0.001079 
2518 0.000000 0.001114 
2519 0.000000 0.001150 
2520 0.000000 0.001187 
2521 0.000000 0.001226 
2522 0.000000 0.001265 
2523 0.000000 0.001306 
2524 0.000000 0.001348 
2525 0.000000 0.001391 
2526 0.000000 0.001436 
2527 0.000000 0.001482 
2528 0.000000 0.001529 
2529 0.000000 0.001578 
2530 0.000000 0.001628 
2531 0.000000 0.001679 
2532 0.000000 0.001733 
2533 0.000000 0.001787 
2534 0.000000 0.001844 
2535 0.000000 0.001902 
2536 0.000000 0.001962 
2537 0.000000 0.002023 
2538 0.000000 0.002087 
2539 0.000000 0.002152 
2540 0.000000 0.002219 
2541 0.000000 0.002288 
2542 0.000000 0.002359 
2543 0.000000 0.002433 
2544 0.000000 0.002508 
2545 0.000000 0.002586 
2546 0.000000 0.002666 
2547 0.000000 0.002748 
2548 0.000000 0.002832 
2549 0.000000 0.002919 
2550 0.000000 0.003009 
2551 0.000000 0.003101 
2552 0.000000 0.003196 
2553 0.000000 0.003293 
2554 0.000000 0.003393 
2555 0.000000 0.003496 
2556 0.000000 0.003602 
2557 0.000000 0.003711 
2558 0.000000 0.003823 
2559 0.000000 0.003939 
2560 0.000000 0.004057 
2561 0.000000 0.004179 
2562 0.000000 0.004304 
2563 0.000000 0.004433 
2564 0.000000 0.004565 
2565 0.000000 0.004701 
2566 0.000000 0.004841 
2567 0.000000 0.004985 
2568 0.000000 0.005133 
2569 0.000000 0.005285 
2570 0.000000 0.005441 
2571 0.000000 0.005601 
2572 0.000000 0.005766 
2573 0.000000 0.005935 
2574 0.000000 0.006109 
2575 0.000000 0.006287 
2576 0.000000 0.006471 
2577 0.000000 0.006659 
2578 0.000000 0.006853 
2579 0.000000 0.007052 
2580 0.000000 0.007256 
2581 0.000000 0.007466 
2582 0.000000 0.007681 
2583 0.000000 0.007902 
2584 0.000000 0.008129 
2585 0.000000 0.008362 
2586 0.000000 0.008602 
2587 0.000000 0.008847 
2588 0.000000 0.009099 
2589 0.000000 0.009358 
2590 0.000000 0.009624 
2591 0.000000 0.009897 
2592 0.000000 0.010176 
2593 0.000000 0.010464 
2594 0.000000 0.010758 
2595 0.000000 0.011061 
2596 0.000000 0.011371 
2597 0.000000 0.011689 
2598 0.000000 0.012016 
2599 0.000000 0.012351 
2600 0.000000 0.012694 
2601 0.000000 0.013047 
2602 0.000000 0.013409 
2603 0.000000 0.013779 
2604 0.000000 0.014160 
2605 0.000000 0.014550 
2606 0.000000 0.014949 
2607 0.000000 0.015359 
2608 0.000000 0.015780 
2609 0.000000 0.016211 
2610 0.000000 0.016653 
2611 0.000000 0.017106 
2612 0.000000 0.017570 
2613 0.000000 0.018046 
2614 0.000000 0.018534 
2615 0.000000 0.019034 
2616 0.000000 0.019546 
2617 0.000000 0.020071 
2618 0.000000 0.020609 
2619 0.000000 0.021161 
2620 0.000000 0.021726 
2621 0.000000 0.022304 
2622 0.000000 0.022897 
2623 0.000000 0.023505 
2624 0.000000 0.024127 
2625 0.000000 0.024764 
2626 0.000000 0.025417 
2627 0.000000 0.026085 
2628 0.000000 0.026769 
2629 0.000000 0.027470 
2630 0.000000 0.028188 
2631 0.000000 0.028923 
2632 0.000000 0.029676 
2633 0.000000 0.030446 
2634 0.000000 0.031235 
2635 0.000000 0.032042 
2636 0.000000 0.032868 
2637 0.000000 0.033714 
2638 0.000000 0.034580 
2639 0.000000 0.035466 
2640 0.000000 0.036372 
2641 0.000000 0.037300 
2642 0.000000 0.038250 
2643 0.000000 0.039221 
2644 0.000000 0.040215 
2645 0.000000 0.041231 
2646 0.000000 0.042272 
2647 0.000000 0.043336 
2648 0.000000 0.044424 
2649 0.000000 0.045537 
2650 0.000000 0.046675 
2651 0.000000 0.047840 
2652 0.000000 0.049030 
2653 0.000000 0.050248 
2654 0.000000 0.051493 
2655 0.000000 0.052765 
2656 0.000000 0.054067 
2657 0.000000 0.055397 
2658 0.000000 0.056757 
2659 0.000000 0.058147 
2660 0.000000 0.059568 
2661 0.000000 0.061020 
2662 0.000000 0.062505 
2663 0.000000 0.064022 
2664 0.000000 0.065572 
2665 0.000000 0.067156 
2666 0.000000 0.068774 
2667 0.000000 0.070427 
2668 0.000000 0.072117 
2669 0.000000 0.073842 
2670 0.000000 0.075605 
2671 0.000000 0.077406 
2672 0.000000 0.079245 
2673 0.000000 0.081124 
2674 0.000000 0.083042 
2675 0.000000 0.085001 
2676 0.000000 0.087002 
2677 0.000000 0.089044 
2678 0.000000 0.091130 
2679 0.000000 0.093260 
2680 0.000000 0.095434 
2681 0.000000 0.097653 
2682 0.000000 0.099918 
2683 0.000000 0.102230 
2684 0.000000 0.104590 
2685 0.000000 0.106999 
2686 0.000000 0.109457 
2687 0.000000 0.111965 
2688 0.000000 0.114525 
2689 0.000000 0.117137 
2690 0.000000 0.119801 
2691 0.000000 0.122520 
2692 0.000000 0.125293 
2693 0.000000 0.128122 
2694 0.000000 0.131007 
2695 0.000000 0.133951 
2696 0.000000 0.136953 
2697 0.000000 0.140014 
2698 0.000000 0.143136 
2699 0.000000 0.146320 
2700 0.000000 0.149566 
2701 0.000000 0.152876 
2702 0.000000 0.156250 
2703 0.000000 0.159690 
2704 0.000000 0.163197 
2705 0.000000 0.166772 
2706 0.000000 0.170415 
2707 0.000000 0.174129 
2708 0.000000 0.177914 
2709 0.000000 0.181771 
2710 0.000000 0.185701 
2711 0.000000 0.189706 
2712 0.000000 0.193787 
2713 0.000000 0.197945 
2714 0.000000 0.202181 
2715 0.000000 0.206496 
2716 0.000000 0.210891 
2717 0.000000 0.215369 
2718 0.000000 0.219929 
2719 0.000000 0.224573 
2720 0.000000 0.229303 
2721 0.000000 0.234120 
2722 0.000000 0.239024 
2723 0.000000 0.244018 
2724 0.000000 0.249103 
2725 0.000000 0.254280 
2726 0.000000 0.259550 
2727 0.000000 0.264914 
2728 0.000000 0.270375 
2729 0.000000 0.275933 
2730 0.000000 0.281589 
2731 0.000000 0.287346 
2732 0.000000 0.293205 
2733 0.000000 0.299166 
2734 0.000000 0.305232 
2735 0.000000 0.311404 
2736 0.000000 0.317683 
2737 0.000000 0.324071 
2738 0.000000 0.330569 
2739 0.000000 0.337179 
2740 0.000000 0.343902 
2741 0.000000 0.350740 
2742 0.000000 0.357694 
2743 0.000000 0.364766 
2744 0.000000 0.371958 
2745 0.000000 0.379270 
2746 0.000000 0.386705 
2747 0.000000 0.394264 
2748 0.000000 0.401948 
2749 0.000000 0.409760 
2750 0.000000 0.417701 
2751 0.000000 0.425772 
2752 0.000000 0.433975 
2753 0.000000 0.442312 
2754 0.000000 0.450784 
2755 0.000000 0.459394 
2756 0.000000 0.468142 
2757 0.000000 0.477030 
2758 0.000000 0.486060 
2759 0.000000 0.495235 
2760 0.000000 0.504554 
2761 0.000000 0.514021 
2762 0.000000 0.523636 
2763 0.000000 0.533402 
2764 0.000000 0.543321 
2765 0.000000 0.553393 
2766 0.000000 0.563621 
2767 0.000000 0.574007 
2768 0.000000 0.584552 
2769 0.000000 0.595257 
2770 0.000000 0.606126 
2771 0.000000 0.617159 
2772 0.000000 0.628358 
2773 0.000000 0.639726 
2774 0.000000 0.651263 
2775 0.000000 0.662972 
2776 0.000000 0.674854 
2777 0.000000 0.686912 
2778 0.000000 0.699146 
2779 0.000000 0.711559 
2780 0.000000 0.724153 
2781 0.000000 0.736929 
2782 0.000000 0.749890 
2783 0.000000 0.763036 
2784 0.000000 0.776370 
2785 0.000000 0.789894 
2786 0.000000 0.803609 
2787 0.000000 0.817518 
2788 0.000000 0.831621 
2789 0.000000 0.845921 
2790 0.000000 0.860420 
2791 0.000000 0.875119 
2792 0.000000 0.890021 
2793 0.000000 0.905126 
2794 0.000000 0.920437 
2795 0.000000 0.935956 
2796 0.000000 0.951684 
2797 0.000000 0.967623 
2798 0.000000 0.983775 
2799 0.000000 1.000142 
2800 0.000000 1.016725 
2801 0.000000 1.033527 
2802 0.000000 1.050548 
2803 0.000000 1.067790 
2804 0.000000 1.085257 
2805 0.000000 1.102948 
2806 0.000000 1.120866 
2807 0.000000 1.139012 
2808 0.000000 1.157389 
2809 0.000000 1.175997 
2810 0.000000 1.194839 
2811 0.000000 1.213917 
2812 0.000000 1.233231 
2813 0.000000 1.252783 
2814 0.000000 1.272575 
2815 0.000000 1.292610 
2816 0.000000 1.312887 
2817 0.000000 1.333409 
2818 0.000000 1.354178 
2819 0.000000 1.375194 
2820 0.000000 1.396460 
2821 0.000000 1.417977 
2822 0.000000 1.439746 
2823 0.000000 1.461769 
2824 0.000000 1.484047 
2825 0.000000 1.506583 
2826 0.000000 1.529376 
2827 0.000000 1.552429 
2828 0.000000 1.575742 
2829 0.000000 1.599318 
2830 0.000000 1.623158 
2831 0.000000 1.647262 
2832 0.000000 1.671632 
2833 0.000000 1.696270 
2834 0.000000 1.721176 
2835 0.000000 1.746352 
2836 0.000000 1.771799 
2837 0.000000 1.797518 
2838 0.000000 1.823509 
2839 0.000000 1.849776 
2840 0.000000 1.876317 
2841 0.000000 1.903135 
2842 0.000000 1.930229 
2843 0.000000 1.957602 
2844 0.000000 1.985254 
2845 0.000000 2.013186 
2846 0.000000 2.041399 
2847 0.000000 2.069894 
2848 0.000000 2.098671 
2849 0.000000 2.127731 
2850 0.000000 2.157075 
2851 0.000000 2.186703 
2852 0.000000 2.216617 
2853 0.000000 2.246816 
2854 0.000000 2.277302 
2855 0.000000 2.308074 
2856 0.000000 2.339134 
2857 0.000000 2.370481 
2858 0.000000 2.402117 
2859 0.000000 2.434041 
2860 0.000000 2.466254 
2861 0.000000 2.498756 
2862 0.000000 2.531547 
2863 0.000000 2.564627 
2864 0.000000 2.597997 
2865 0.000000 2.631657 
2866 0.000000 2.665606 
2867 0.000000 2.699845 
2868 0.000000 2.734373 
2869 0.000000 2.769191 
2870 0.000000 2.804298 
2871 0.000000 2.839694 
2872 0.000000 2.875379 
2873 0.000000 2.911352 
2874 0.000000 2.947614 
2875 0.000000 2.984163 
2876 0.000000 3.020999 
2877 0.000000 3.058122 
2878 0.000000 3.095531 
2879 0.000000 3.133226 
2880 0.000000 3.171205 
2881 0.000000 3.209469 
2882 0.000000 3.248016 
2883 0.000000 3.286845 
2884 0.000000 3.325955 
2885 0.000000 3.365346 
2886 0.000000 3.405017 
2887 0.000000 3.444966 
2888 0.000000 3.485192 
2889 0.000000 3.525694 
2890 0.000000 3.566471 
2891 0.000000 3.607521 
2892 0.000000 3.648843 
2893 0.000000 3.690436 
2894 0.000000 3.732298 
2895 0.000000 3.774427 
2896 0.000000 3.816823 
2897 0.000000 3.859482 
2898 0.000000 3.902404 
2899 0.000000 3.945587 
2900 0.000000 3.989028 
2901 0.000000 4.032726 
2902 0.000000 4.076679 
2903 0.000000 4.120884 
2904 0.000000 4.165340 
2905 0.000000 4.210044 
2906 0.000000 4.254994 
2907 0.000000 4.300188 
2908 0.000000 4.345624 
2909 0.000000 4.391298 
2910 0.000000 4.437208 
2911 0.000000 4.483353 
2912 0.000000 4.529728 
2913 0.000000 4.576331 
2914 0.000000 4.623160 
2915 0.000000 4.670212 
2916 0.000000 4.717483 
2917 0.000000 4.764972 
2918 0.000000 4.812674 
2919 0.000000 4.860586 
2920 0.000000 4.908706 
2921 0.000000 4.957030 
2922 0.000000 5.005554 
2923 0.000000 5.054276 
2924 0.000000 5.103193 
2925 0.000000 5.152299 
2926 0.000000 5.201592 
2927 0.000000 5.251069 
2928 0.000000 5.300725 
2929 0.000000 5.350556 
2930 0.000000 5.400560 
2931 0.000000 5.450731 
2932 0.000000 5.501066 
2933 0.000000 5.551562 
2934 0.000000 5.602213 
2935 0.000000 5.653015 
2936 0.000000 5.703965 
2937 0.000000 5.755059 
2938 0.000000 5.806291 
2939 0.000000 5.857657 
2940 0.000000 5.909153 
2941 0.000000 5.960775 
2942 0.000000 6.012517 
2943 0.000000 6.064375 
2944 0.000000 6.116345 
2945 0.000000 6.168422 
2946 0.000000 6.220600 
2947 0.000000 6.272875 
2948 0.000000 6.325242 
2949 0.000000 6.377695 
2950 0.000000 6.430231 
2951 0.000000 6.482844 
2952 0.000000 6.535527 
2953 0.000000 6.588278 
2954 0.000000 6.641089 
2955 0.000000 6.693956 
2956 0.000000 6.746874 
2957 0.000000 6.799836 
2958 0.000000 6.852838 
2959 0.000000 6.905873 
2960 0.000000 6.958937 
2961 0.000000 7.012024 
2962 0.000000 7.065127 
2963 0.000000 7.118242 
2964 0.000000 7.171362 
2965 0.000000 7.224482 
2966 0.000000 7.277596 
2967 0.000000 7.330698 
2968 0.000000 7.383782 
2969 0.000000 7.436842 
2970 0.000000 7.489872 
2971 0.000000 7.542865 
2972 0.000000 7.595817 
2973 0.000000 7.648720 
2974 0.000000 7.701569 
2975 0.000000 7.754358 
2976 0.000000 7.807079 
2977 0.000000 7.859727 
2978 0.000000 7.912296 
2979 0.000000 7.964779 
2980 0.000000 8.017170 
2981 0.000000 8.069463 
2982 0.000000 8.121650 
2983 0.000000 8.173727 
2984 0.000000 8.225686 
2985 0.000000 8.277520 
2986 0.000000 8.329224 
2987 0.000000 8.380790 
2988 0.000000 8.432213 
2989 0.000000 8.483486 
2990 0.000000 8.534601 
2991 0.000000 8.585554 
2992 0.000000 8.636336 
2993 0.000000 8.686942 
2994 0.000000 8.737364 
2995 0.000000 8.787597 
2996 0.000000 8.837633 
2997 0.000000 8.887467 
2998 0.000000 8.937090 
2999 0.000000 8.986497 
3000 0.000000 9.035682 
3001 0.000000 9.084637 
3002 0.000000 9.133355 
3003 0.000000 9.181831 
3004 0.000000 9.230057 
3005 0.000000 9.278027 
3006 0.000000 9.325735 
3007 0.000000 9.373173 
3008 0.000000 9.420335 
3009 0.000000 9.467215 
3010 0.000000 9.513806 
3011 0.000000 9.560101 
3012 0.000000 9.606095 
3013 0.000000 9.651779 
3014 0.000000 9.697149 
3015 0.000000 9.742197 
3016 0.000000 9.786917 
3017 0.000000 9.831302 
3018 0.000000 9.875347 
3019 0.000000 9.919045 
3020 0.000000 9.962389 
3021 0.000000 10.005373 
3022 0.000000 10.047991 
3023 0.000000 10.090236 
3024 0.000000 10.132103 
3025 0.000000 10.173586 
3026 0.000000 10.214677 
3027 0.000000 10.255371 
3028 0.000000 10.295663 
3029 0.000000 10.335545 
3030 0.000000 10.375012 
3031 0.000000 10.414059 
3032 0.000000 10.452678 
3033 0.000000 10.490865 
3034 0.000000 10.528613 
3035 0.000000 10.565918 
3036 0.000000 10.602772 
3037 0.000000 10.639171 
3038 0.000000 10.675109 
3039 0.000000 10.710580 
3040 0.000000 10.745580 
3041 0.000000 10.780102 
3042 0.000000 10.814142 
3043 0.000000 10.847693 
3044 0.000000 10.880752 
3045 0.000000 10.913312 
3046 0.000000 10.945368 
3047 0.000000 10.976917 
3048 0.000000 11.007952 
3049 0.000000 11.038469 
3050 0.000000 11.068463 
3051 0.000000 11.097930 
3052 0.000000 11.126864 
3053 0.000000 11.155262 
3054 0.000000 11.183118 
3055 0.000000 11.210428 
3056 0.000000 11.237188 
3057 0.000000 11.263394 
3058 0.000000 11.289042 
3059 0.000000 11.314127 
3060 0.000000 11.338645 
3061 0.000000 11.362593 
3062 0.000000 11.385967 
3063 0.000000 11.408763 
3064 0.000000 11.430976 
3065 0.000000 11.452605 
3066 0.000000 11.473645 
3067 0.000000 11.494092 
3068 0.000000 11.513944 
3069 0.000000 11.533198 
3070 0.000000 11.551850 
3071 0.000000 11.569896 
3072 0.000000 11.587336 
3073 0.000000 11.604164 
3074 0.000000 11.620380 
3075 0.000000 11.635979 
3076 0.000000 11.650960 
3077 0.000000 11.665320 
3078 0.000000 11.679057 
3079 0.000000 11.692169 
3080 0.000000 11.704652 
3081 0.000000 11.716507 
3082 0.000000 11.727729 
3083 0.000000 11.738318 
3084 0.000000 11.748272 
3085 0.000000 11.757590 
3086 0.000000 11.766269 
3087 0.000000 11.774308 
3088 0.000000 11.781706 
3089 0.000000 11.788462 
3090 0.000000 11.794575 
3091 0.000000 11.800043 
3092 0.000000 11.804866 
3093 0.000000 11.809043 
3094 0.000000 11.812574 
3095 0.000000 11.815457 
3096 0.000000 11.817692 
3097 0.000000 11.819279 
3098 0.000000 11.820218 
3099 0.000000 11.820508 
3100 0.000000 11.820150 
3101 0.000000 11.819143 
3102 0.000000 11.817488 
3103 0.000000 11.815185 
3104 0.000000 11.812234 
3105 0.000000 11.808636 
3106 0.000000 11.804391 
3107 0.000000 11.799500 
3108 0.000000 11.793965 
3109 0.000000 11.787785 
3110 0.000000 11.780962 
3111 0.000000 11.773497 
3112 0.000000 11.765391 
3113 0.000000 11.756645 
3114 0.000000 11.747262 
3115 0.000000 11.737242 
3116 0.000000 11.726587 
3117 0.000000 11.715299 
3118 0.000000 11.703380 
3119 0.000000 11.690832 
3120 0.000000 11.677656 
3121 0.000000 11.663856 
3122 0.000000 11.649432 
3123 0.000000 11.634388 
3124 0.000000 11.618726 
3125 0.000000 11.602449 
3126 0.000000 11.585558 
3127 0.000000 11.568058 
3128 0.000000 11.549950 
3129 0.000000 11.531239 
3130 0.000000 11.511925 
3131 0.000000 11.492014 
3132 0.000000 11.471508 
3133 0.000000 11.450410 
3134 0.000000 11.428724 
3135 0.000000 11.406454 
3136 0.000000 11.383602 
3137 0.000000 11.360173 
3138 0.000000 11.336170 
3139 0.000000 11.311598 
3140 0.000000 11.286459 
3141 0.000000 11.260759 
3142 0.000000 11.234501 
3143 0.000000 11.207689 
3144 0.000000 11.180328 
3145 0.000000 11.152422 
3146 0.000000 11.123975 
3147 0.000000 11.094992 
3148 0.000000 11.065478 
3149 0.000000 11.035437 
3150 0.000000 11.004874 
3151 0.000000 10.973793 
3152 0.000000 10.942200 
3153 0.000000 10.910100 
3154 0.000000 10.877497 
3155 0.000000 10.844396 
3156 0.000000 10.810804 
3157 0.000000 10.776724 
3158 0.000000 10.742162 
3159 0.000000 10.707124 
3160 0.000000 10.671615 
3161 0.000000 10.635641 
3162 0.000000 10.599206 
3163 0.000000 10.562316 
3164 0.000000 10.524978 
3165 0.000000 10.487196 
3166 0.000000 10.448977 
3167 0.000000 10.410327 
3168 0.000000 10.371250 
3169 0.000000 10.331753 
3170 0.000000 10.291843 
3171 0.000000 10.251524 
3172 0.000000 10.210803 
3173 0.000000 10.169686 
3174 0.000000 10.128179 
3175 0.000000 10.086288 
3176 0.000000 10.044020 
3177 0.000000 10.001380 
3178 0.000000 9.958375 
3179 0.000000 9.915011 
3180 0.000000 9.871295 
3181 0.000000 9.827232 
3182 0.000000 9.782830 
3183 0.000000 9.738094 
3184 0.000000 9.693031 
3185 0.000000 9.647647 
3186 0.000000 9.601950 
3187 0.000000 9.555944 
3188 0.000000 9.509638 
3189 0.000000 9.463037 
3190 0.000000 9.416148 
3191 0.000000 9.368977 
3192 0.000000 9.321532 
3193 0.000000 9.273818 
3194 0.000000 9.225842 
3195 0.000000 9.177612 
3196 0.000000 9.129133 
3197 0.000000 9.080412 
3198 0.000000 9.031455 
3199 0.000000 8.982270 
3200 0.000000 8.932863 
3201 0.000000 8.883241 
3202 0.000000 8.833410 
3203 0.000000 8.783377 
3204 0.000000 8.733148 
3205 0.000000 8.682730 
3206 0.000000 8.632130 
3207 0.000000 8.581355 
3208 0.000000 8.530410 
3209 0.000000 8.479303 
3210 0.000000 8.428039 
3211 0.000000 8.376627 
3212 0.000000 8.325071 
3213 0.000000 8.273379 
3214 0.000000 8.221557 
3215 0.000000 8.169612 
3216 0.000000 8.117550 
3217 0.000000 8.065377 
3218 0.000000 8.013101 
3219 0.000000 7.960726 
3220 0.000000 7.908261 
3221 0.000000 7.855710 
3222 0.000000 7.803081 
3223 0.000000 7.750379 
3224 0.000000 7.697611 
3225 0.000000 7.644784 
3226 0.000000 7.591902 
3227 0.000000 7.538973 
3228 0.000000 7.486003 
3229 0.000000 7.432997 
3230 0.000000 7.379962 
3231 0.000000 7.326903 
3232 0.000000 7.273827 
3233 0.000000 7.220740 
3234 0.000000 7.167647 
3235 0.000000 7.114555 
3236 0.000000 7.061468 
3237 0.000000 7.008394 
3238 0.000000 6.955337 
3239 0.000000 6.902303 
3240 0.000000 6.849298 
3241 0.000000 6.796327 
3242 0.000000 6.743397 
3243 0.000000 6.690512 
3244 0.000000 6.637677 
3245 0.000000 6.584899 
3246 0.000000 6.532183 
3247 0.000000 6.479533 
3248 0.000000 6.426955 
3249 0.000000 6.374455 
3250 0.000000 6.322036 
3251 0.000000 6.269705 
3252 0.000000 6.217467 
3253 0.000000 6.165325 
3254 0.000000 6.113286 
3255 0.000000 6.061354 
3256 0.000000 6.009533 
3257 0.000000 5.957829 
3258 0.000000 5.906245 
3259 0.000000 5.854788 
3260 0.000000 5.803460 
3261 0.000000 5.752268 
3262 0.000000 5.701214 
3263 0.000000 5.650304 
3264 0.000000 5.599541 
3265 0.000000 5.548930 
3266 0.000000 5.498475 
3267 0.000000 5.448181 
3268 0.000000 5.398050 
3269 0.000000 5.348088 
3270 0.000000 5.298297 
3271 0.000000 5.248683 
3272 0.000000 5.199248 
3273 0.000000 5.149996 
3274 0.000000 5.100931 
3275 0.000000 5.052057 
3276 0.000000 5.003377 
3277 0.000000 4.954894 
3278 0.000000 4.906612 
3279 0.000000 4.858534 
3280 0.000000 4.810664 
3281 0.000000 4.763004 
3282 0.000000 4.715558 
3283 0.000000 4.668328 
3284 0.000000 4.621319 
3285 0.000000 4.574532 
3286 0.000000 4.527970 
3287 0.000000 4.481637 
3288 0.000000 4.435535 
3289 0.000000 4.389666 
3290 0.000000 4.344034 
3291 0.000000 4.298640 
3292 0.000000 4.253488 
3293 0.000000 4.208579 
3294 0.000000 4.163916 
3295 0.000000 4.119501 
3296 0.000000 4.075337 
3297 0.000000 4.031425 
3298 0.000000 3.987768 
3299 0.000000 3.944367 
3300 0.000000 3.901225 
3301 0.000000 3.858344 
3302 0.000000 3.815724 
3303 0.000000 3.773369 
3304 0.000000 3.731279 
3305 0.000000 3.689456 
3306 0.000000 3.647903 
3307 0.000000 3.606619 
3308 0.000000 3.565608 
3309 0.000000 3.524869 
3310 0.000000 3.484405 
3311 0.000000 3.444217 
3312 0.000000 3.404306 
3313 0.000000 3.364673 
3314 0.000000 3.325319 
3315 0.000000 3.286245 
3316 0.000000 3.247453 
3317 0.000000 3.208942 
3318 0.000000 3.170714 
3319 0.000000 3.132771 
3320 0.000000 3.095111 
3321 0.000000 3.057737 
3322 0.000000 3.020648 
3323 0.000000 2.983846 
3324 0.000000 2.947331 
3325 0.000000 2.911103 
3326 0.000000 2.875163 
3327 0.000000 2.839510 
3328 0.000000 2.804147 
3329 0.000000 2.769072 
3330 0.000000 2.734286 
3331 0.000000 2.699789 
3332 0.000000 2.665581 
3333 0.000000 2.631662 
3334 0.000000 2.598033 
3335 0.000000 2.564692 
3336 0.000000 2.531641 
3337 0.000000 2.498879 
3338 0.000000 2.466406 
3339 0.000000 2.434221 
3340 0.000000 2.402325 
3341 0.000000 2.370716 
3342 0.000000 2.339396 
3343 0.000000 2.308363 
3344 0.000000 2.277616 
3345 0.000000 2.247156 
3346 0.000000 2.216982 
3347 0.000000 2.187093 
3348 0.000000 2.157489 
3349 0.000000 2.128169 
3350 0.000000 2.099133 
3351 0.000000 2.070379 
3352 0.000000 2.041907 
3353 0.000000 2.013716 
3354 0.000000 1.985806 
3355 0.000000 1.958176 
3356 0.000000 1.930824 
3357 0.000000 1.903749 
3358 0.000000 1.876952 
3359 0.000000 1.850430 
3360 0.000000 1.824184 
3361 0.000000 1.798210 
3362 0.000000 1.772510 
3363 0.000000 1.747081 
3364 0.000000 1.721923 
3365 0.000000 1.697034 
3366 0.000000 1.672413 
3367 0.000000 1.648059 
3368 0.000000 1.623971 
3369 0.000000 1.600147 
3370 0.000000 1.576586 
3371 0.000000 1.553288 
3372 0.000000 1.530249 
3373 0.000000 1.507470 
3374 0.000000 1.484948 
3375 0.000000 1.462683 
3376 0.000000 1.440673 
3377 0.000000 1.418916 
3378 0.000000 1.397411 
3379 0.000000 1.376157 
3380 0.000000 1.355151 
3381 0.000000 1.334394 
3382 0.000000 1.313882 
3383 0.000000 1.293614 
3384 0.000000 1.273590 
3385 0.000000 1.253807 
3386 0.000000 1.234263 
3387 0.000000 1.214958 
3388 0.000000 1.195889 
3389 0.000000 1.177055 
3390 0.000000 1.158454 
3391 0.000000 1.140084 
3392 0.000000 1.121944 
3393 0.000000 1.104033 
3394 0.000000 1.086348 
3395 0.000000 1.068887 
3396 0.000000 1.051650 
3397 0.000000 1.034634 
3398 0.000000 1.017838 
3399 0.000000 1.001259 
3400 0.000000 0.984896 
3401 0.000000 0.968748 
3402 0.000000 0.952813 
3403 0.000000 0.937088 
3404 0.000000 0.921572 
3405 0.000000 0.906263 
3406 0.000000 0.891160 
3407 0.000000 0.876261 
3408 0.000000 0.861564 
3409 0.000000 0.847066 
3410 0.000000 0.832767 
3411 0.000000 0.818665 
3412 0.000000 0.804757 
3413 0.000000 0.791042 
3414 0.000000 0.777519 
3415 0.000000 0.764184 
3416 0.000000 0.751038 
3417 0.000000 0.738077 
3418 0.000000 0.725300 
3419 0.000000 0.712705 
3420 0.000000 0.700290 
3421 0.000000 0.688054 
3422 0.000000 0.675995 
3423 0.000000 0.664111 
3424 0.000000 0.652400 
3425 0.000000 0.640860 
3426 0.000000 0.629490 
3427 0.000000 0.618288 
3428 0.000000 0.607252 
3429 0.000000 0.596380 
3430 0.000000 0.585671 
3431 0.000000 0.575123 
3432 0.000000 0.564733 
3433 0.000000 0.554501 
3434 0.000000 0.544425 
3435 0.000000 0.534502 
3436 0.000000 0.524732 
3437 0.000000 0.515112 
3438 0.000000 0.505641 
3439 0.000000 0.496316 
3440 0.000000 0.487137 
3441 0.000000 0.478101 
3442 0.000000 0.469208 
3443 0.000000 0.460454 
3444 0.000000 0.451839 
3445 0.000000 0.443361 
3446 0.000000 0.435019 
3447 0.000000 0.426810 
3448 0.000000 0.418732 
3449 0.000000 0.410786 
3450 0.000000 0.402968 
3451 0.000000 0.395277 
3452 0.000000 0.387711 
3453 0.000000 0.380270 
3454 0.000000 0.372951 
3455 0.000000 0.365753 
3456 0.000000 0.358674 
3457 0.000000 0.351713 
3458 0.000000 0.344868 
3459 0.000000 0.338138 
3460 0.000000 0.331521 
3461 0.000000 0.325016 
3462 0.000000 0.318621 
3463 0.000000 0.312334 
3464 0.000000 0.306155 
3465 0.000000 0.300082 
3466 0.000000 0.294113 
3467 0.000000 0.288247 
3468 0.000000 0.282482 
3469 0.000000 0.276818 
3470 0.000000 0.271253 
3471 0.000000 0.265784 
3472 0.000000 0.260412 
3473 0.000000 0.255134 
3474 0.000000 0.249950 
3475 0.000000 0.244858 
3476 0.000000 0.239856 
3477 0.000000 0.234943 
3478 0.000000 0.230119 
3479 0.000000 0.225381 
3480 0.000000 0.220729 
3481 0.000000 0.216161 
3482 0.000000 0.211675 
3483 0.000000 0.207272 
3484 0.000000 0.202949 
3485 0.000000 0.198705 
3486 0.000000 0.194540 
3487 0.000000 0.190451 
3488 0.000000 0.186438 
3489 0.000000 0.182500 
3490 0.000000 0.178635 
3491 0.000000 0.174842 
3492 0.000000 0.171120 
3493 0.000000 0.167469 
3494 0.000000 0.163886 
3495 0.000000 0.160372 
3496 0.000000 0.156924 
3497 0.000000 0.153542 
3498 0.000000 0.150224 
3499 0.000000 0.146970 
3500 0.000000 0.143779 
3501 0.000000 0.140649 
3502 0.000000 0.137580 
3503 0.000000 0.134571 
3504 0.000000 0.131620 
3505 0.000000 0.128727 
3506 0.000000 0.125890 
3507 0.000000 0.123109 
3508 0.000000 0.120384 
3509 0.000000 0.117712 
3510 0.000000 0.115093 
3511 0.000000 0.112526 
3512 0.000000 0.110010 
3513 0.000000 0.107545 
3514 0.000000 0.105129 
3515 0.000000 0.102762 
3516 0.000000 0.100443 
3517 0.000000 0.098170 
3518 0.000000 0.095944 
3519 0.000000 0.093763 
3520 0.000000 0.091627 
3521 0.000000 0.089534 
3522 0.000000 0.087485 
3523 0.000000 0.085477 
3524 0.000000 0.083512 
3525 0.000000 0.081586 
3526 0.000000 0.079701 
3527 0.000000 0.077856 
3528 0.000000 0.076048 
3529 0.000000 0.074279 
3530 0.000000 0.072547 
3531 0.000000 0.070851 
3532 0.000000 0.069192 
3533 0.000000 0.067567 
3534 0.000000 0.065977 
3535 0.000000 0.064421 
3536 0.000000 0.062898 
3537 0.000000 0.061408 
3538 0.000000 0.059950 
3539 0.000000 0.058523 
3540 0.000000 0.057127 
3541 0.000000 0.055761 
3542 0.000000 0.054425 
3543 0.000000 0.053118 
3544 0.000000 0.051840 
3545 0.000000 0.050589 
3546 0.000000 0.049366 
3547 0.000000 0.048170 
3548 0.000000 0.047001 
3549 0.000000 0.045857 
3550 0.000000 0.044739 
3551 0.000000 0.043645 
3552 0.000000 0.042576 
3553 0.000000 0.041531 
3554 0.000000 0.040509 
3555 0.000000 0.039511 
3556 0.000000 0.038534 
3557 0.000000 0.037580 
3558 0.000000 0.036648 
3559 0.000000 0.035736 
3560 0.000000 0.034846 
3561 0.000000 0.033976 
3562 0.000000 0.033125 
3563 0.000000 0.032294 
3564 0.000000 0.031483 
3565 0.000000 0.030690 
3566 0.000000 0.029915 
3567 0.000000 0.029158 
3568 0.000000 0.028419 
3569 0.000000 0.027697 
3570 0.000000 0.026992 
3571 0.000000 0.026304 
3572 0.000000 0.025631 
3573 0.000000 0.024975 
3574 0.000000 0.024334 
3575 0.000000 0.023708 
3576 0.000000 0.023097 
3577 0.000000 0.022500 
3578 0.000000 0.021918 
3579 0.000000 0.021350 
3580 0.000000 0.020795 
3581 0.000000 0.020253 
3582 0.000000 0.019725 
3583 0.000000 0.019209 
3584 0.000000 0.018706 
3585 0.000000 0.018215 
3586 0.000000 0.017735 
3587 0.000000 0.017268 
3588 0.000000 0.016812 
3589 0.000000 0.016367 
3590 0.000000 0.015933 
3591 0.000000 0.015509 
3592 0.000000 0.015096 
3593 0.000000 0.014694 
3594 0.000000 0.014301 
3595 0.000000 0.013918 
3596 0.000000 0.013544 
3597 0.000000 0.013180 
3598 0.000000 0.012825 
3599 0.000000 0.012478 
3600 0.000000 0.012141 
3601 0.000000 0.011812 
3602 0.000000 0.011491 
3603 0.000000 0.011178 
3604 0.000000 0.010874 
3605 0.000000 0.010576 
3606 0.000000 0.010287 
3607 0.000000 0.010005 
3608 0.000000 0.009730 
3609 0.000000 0.009462 
3610 0.000000 0.009201 
3611 0.000000 0.008947 
3612 0.000000 0.008699 
3613 0.000000 0.008458 
3614 0.000000 0.008223 
3615 0.000000 0.007994 
3616 0.000000 0.007770 
3617 0.000000 0.007553 
3618 0.000000 0.007342 
3619 0.000000 0.007136 
3620 0.000000 0.006935 
3621 0.000000 0.006740 
3622 0.000000 0.006549 
3623 0.000000 0.006364 
3624 0.000000 0.006184 
3625 0.000000 0.006008 
3626 0.000000 0.005838 
3627 0.000000 0.005671 
3628 0.000000 0.005509 
3629 0.000000 0.005352 
3630 0.000000 0.005198 
3631 0.000000 0.005049 
3632 0.000000 0.004904 
3633 0.000000 0.004763 
3634 0.000000 0.004625 
3635 0.000000 0.004492 
3636 0.000000 0.004362 
3637 0.000000 0.004235 
3638 0.000000 0.004112 
3639 0.000000 0.003992 
3640 0.000000 0.003876 
3641 0.000000 0.003762 
3642 0.000000 0.003652 
3643 0.000000 0.003545 
3644 0.000000 0.003441 
3645 0.000000 0.003339 
3646 0.000000 0.003241 
3647 0.000000 0.003145 
3648 0.000000 0.003052 
3649 0.000000 0.002962 
3650 0.000000 0.002874 
3651 0.000000 0.002788 
3652 0.000000 0.002705 
3653 0.000000 0.002624 
3654 0.000000 0.002546 
3655 0.000000 0.002469 
3656 0.000000 0.002395 
3657 0.000000 0.002323 
3658 0.000000 0.002253 
3659 0.000000 0.002185 
3660 0.000000 0.002119 
3661 0.000000 0.002055 
3662 0.000000 0.001992 
3663 0.000000 0.001932 
3664 0.000000 0.001873 
3665 0.000000 0.001816 
3666 0.000000 0.001760 
3667 0.000000 0.001706 
3668 0.000000 0.001654 
3669 0.000000 0.001603 
3670 0.000000 0.001554 
3671 0.000000 0.001506 
3672 0.000000 0.001460 
3673 0.000000 0.001414 
3674 0.000000 0.001371 
3675 0.000000 0.001328 
3676 0.000000 0.001287 
3677 0.000000 0.001247 
3678 0.000000 0.001208 
3679 0.000000 0.001170 
3680 0.000000 0.001133 
3681 0.000000 0.001098 
3682 0.000000 0.001063 
3683 0.000000 0.001030 
3684 0.000000 0.000998 
3685 0.000000 0.000966 
3686 0.000000 0.000935 
3687 0.000000 0.000906 
3688 0.000000 0.000877 
3689 0.000000 0.000849 
3690 0.000000 0.000822 
3691 0.000000 0.000796 
3692 0.000000 0.000771 
3693 0.000000 0.000746 
3694 0.000000 0.000722 
3695 0.000000 0.000699 
3696 0.000000 0.000676 
3697 0.000000 0.000655 
3698 0.000000 0.000633 
3699 0.000000 0.000613 
3700 0.000000 0.000593 
3701 0.000000 0.000574 
3702 0.000000 0.000555 
3703 0.000000 0.000537 
3704 0.000000 0.000520 
3705 0.000000 0.000503 
3706 0.000000 0.000486 
3707 0.000000 0.000470 
3708 0.000000 0.000455 
3709 0.000000 0.000440 
3710 0.000000 0.000426 
3711 0.000000 0.000412 
3712 0.000000 0.000398 
3713 0.000000 0.000385 
3714 0.000000 0.000372 
3715 0.000000 0.000360 
3716 0.000000 0.000348 
3717 0.000000 0.000336 
3718 0.000000 0.000325 
3719 0.000000 0.000314 
3720 0.000000 0.000304 
3721 0.000000 0.000294 
3722 0.000000 0.000284 
3723 0.000000 0.000274 
3724 0.000000 0.000265 
3725 0.000000 0.000256 
3726 0.000000 0.000247 
3727 0.000000 0.000239 
3728 0.000000 0.000231 
3729 0.000000 0.000223 
3730 0.000000 0.000216 
3731 0.000000 0.000208 
3732 0.000000 0.000201 
3733 0.000000 0.000194 
3734 0.000000 0.000188 
3735 0.000000 0.000181 
3736 0.000000 0.000175 
3737 0.000000 0.000169 
3738 0.000000 0.000163 
3739 0.000000 0.000158 
3740 0.000000 0.000152 
3741 0.000000 0.000147 
3742 0.000000 0.000142 
3743 0.000000 0.000137 
3744 0.000000 0.000132 
3745 0.000000 0.000128 
3746 0.000000 0.000123 
3747 0.000000 0.000119 
3748 0.000000 0.000115 
3749 0.000000 0.000111 
3750 0.000000 0.000107 
3751 0.000000 0.000103 
3752 0.000000 0.000099 
3753 0.000000 0.000096 
3754 0.000000 0.000093 
3755 0.000000 0.000089 
3756 0.000000 0.000086 
3757 0.000000 0.000083 
3758 0.000000 0.000080 
3759 0.000000 0.000077 
3760 0.000000 0.000075 
3761 0.000000 0.000072 
3762 0.000000 0.000069 
3763 0.000000 0.000067 
3764 0.000000 0.000064 
3765 0.000000 0.000062 
3766 0.000000 0.000060 
3767 0.000000 0.000058 
3768 0.000000 0.000056 
3769 0.000000 0.000054 
3770 0.000000 0.000052 
3771 0.000000 0.000050 
3772 0.000000 0.000048 
3773 0.000000 0.000046 
3774 0.000000 0.000045 
3775 0.000000 0.000043 
3776 0.000000 0.000041 
3777 0.000000 0.000040 
3778 0.000000 0.000039 
3779 0.000000 0.000037 
3780 0.000000 0.000036 
3781 0.000000 0.000034 
3782 0.000000 0.000033 
3783 0.000000 0.000032 
3784 0.000000 0.000031 
3785 0.000000 0.000030 
3786 0.000000 0.000029 
3787 0.000000 0.000028 
3788 0.000000 0.000026 
3789 0.000000 0.000026 
3790 0.000000 0.000025 
3791 0.000000 0.000024 
3792 0.000000 0.000023 
3793 0.000000 0.000022 
3794 0.000000 0.000021 
3795 0.000000 0.000020 
3796 0.000000 0.000020 
3797 0.000000 0.000019 
3798 0.000000 0.000018 
3799 0.000000 0.000017 
3800 0.000000 0.000017 
3801 0.000000 0.000016 
3802 0.000000 0.000016 
3803 0.000000 0.000015 
3804 0.000000 0.000014 
3805 0.000000 0.000014 
3806 0.000000 0.000013 
3807 0.000000 0.000013 
3808 0.000000 0.000012 
3809 0.000000 0.000012 
3810 0.000000 0.000011 
3811 0.000000 0.000011 
3812 0.000000 0.000011 
3813 0.000000 0.000010 
3814 0.000000 0.000010 
3815 0.000000 0.000009 
3816 0.000000 0.000009 
3817 0.000000 0.000009 
3818 0.000000 0.000008 
3819 0.000000 0.000008 
3820 0.000000 0.000008 
3821 0.000000 0.000007 
3822 0.000000 0.000007 
3823 0.000000 0.000007 
3824 0.000000 0.000007 
3825 0.000000 0.000006 
3826 0.000000 0.000006 
3827 0.000000 0.000006 
3828 0.000000 0.000006 
3829 0.000000 0.000005 
3830 0.000000 0.000005 
3831 0.000000 0.000005 
3832 0.000000 0.000005 
3833 0.000000 0.000005 
3834 0.000000 0.000004 
3835 0.000000 0.000004 
3836 0.000000 0.000004 
3837 0.000000 0.000004 
3838 0.000000 0.000004 
3839 0.000000 0.000004 
3840 0.000000 0.000003 
3841 0.000000 0.000003 
3842 0.000000 0.000003 
3843 0.000000 0.000003 
3844 0.000000 0.000003 
3845 0.000000 0.000003 
3846 0.000000 0.000003 
3847 0.000000 0.000003 
3848 0.000000 0.000002 
3849 0.000000 0.000002 
3850 0.000000 0.000002 
3851 0.000000 0.000002 
3852 0.000000 0.000002 
3853 0.000000 0.000002 
3854 0.000000 0.000002 
3855 0.000000 0.000002 
3856 0.000000 0.000002 
3857 0.000000 0.000002 
3858 0.000000 0.000002 
3859 0.000000 0.000002 
3860 0.000000 0.000002 
3861 0.000000 0.000001 
3862 0.000000 0.000001 
3863 0.000000 0.000001 
3864 0.000000 0.000001 
3865 0.000000 0.000001 
3866 0.000000 0.000001 
3867 0.000000 0.000001 
3868 0.000000 0.000001 
3869 0.000000 0.000001 
3870 0.000000 0.000001 
3871 0.000000 0.000001 
3872 0.000000 0.000001 
3873 0.000000 0.000001 
3874 0.000000 0.000001 
3875 0.000000 0.000001 
3876 0.000000 0.000001 
3877 0.000000 0.000001 
3878 0.000000 0.000001 
3879 0.000000 0.000001 
3880 0.000000 0.000001 
3881 0.000000 0.000001 
3882 0.000000 0.000001 
3883 0.000000 0.000001 
3884 0.000000 0.000001 
3885 0.000000 0.000001 
3886 0.000000 0.000001 
3887 0.000000 0.000000 
3888 0.000000 0.000000 
3889 0.000000 0.000000 
3890 0.000000 0.000000 
3891 0.000000 0.000000 
3892 0.000000 0.000000 
3893 0.000000 0.000000 
3894 0.000000 0.000000 
3895 0.000000 0.000000 
3896 0.000000 0.000000 
3897 0.000000 0.000000 
3898 0.000000 0.000000 
3899 0.000000 0.000000 
3900 0.000000 0.000000 
3901 0.000000 0.000000 
3902 0.000000 0.000000 
3903 0.000000 0.000000 
3904 0.000000 0.000000 
3905 0.000000 0.000000 
3906 0.000000 0.000000 
3907 0.000000 0.000000 
3908 0.000000 0.000000 
3909 0.000000 0.000000 
3910 0.000000 0.000000 
3911 0.000000 0.000000 
3912 0.000000 0.000000 
3913 0.000000 0.000000 
3914 0.000000 0.000000 
3915 0.000000 0.000000 
3916 0.000000 0.000000 
3917 0.000000 0.000000 
3918 0.000000 0.000000 
3919 0.000000 0.000000 
3920 0.000000 0.000000 
3921 0.000000 0.000000 
3922 0.000000 0.000000 
3923 0.000000 0.000000 
3924 0.000000 0.000000 
3925 0.000000 0.000000 
3926 0.000000 0.000000 
3927 0.000000 0.000000 
3928 0.000000 0.000000 
3929 0.000000 0.000000 
3930 0.000000 0.000000 
3931 0.000000 0.000000 
3932 0.000000 0.000000 
3933 0.000000 0.000000 
3934 0.000000 0.000000 
3935 0.000000 0.000000 
3936 0.000000 0.000000 
3937 0.000000 0.000000 
3938 0.000000 0.000000 
3939 0.000000 0.000000 
3940 0.000000 0.000000 
3941 0.000000 0.000000 
3942 0.000000 0.000000 
3943 0.000000 0.000000 
3944 0.000000 0.000000 
3945 0.000000 0.000000 
3946 0.000000 0.000000 
3947 0.000000 0.000000 
3948 0.000000 0.000000 
3949 0.000000 0.000000 
3950 0.000000 0.000000 
3951 0.000000 0.000000 
3952 0.000000 0.000000 
3953 0.000000 0.000000 
3954 0.000000 0.000000 
3955 0.000000 0.000000 
3956 0.000000 0.000000 
3957 0.000000 0.000000 
3958 0.000000 0.000000 
3959 0.000000 0.000000 
3960 0.000000 0.000000 
3961 0.000000 0.000000 
3962 0.000000 0.000000 
3963 0.000000 0.000000 
3964 0.000000 0.000000 
3965 0.000000 0.000000 
3966 0.000000 0.000000 
3967 0.000000 0.000000 
3968 0.000000 0.000000 
3969 0.000000 0.000000 
3970 0.000000 0.000000 
3971 0.000000 0.000000 
3972 0.000000 0.000000 
3973 0.000000 0.000000 
3974 0.000000 0.000000 
3975 0.000000 0.000000 
3976 0.000000 0.000000 
3977 0.000000 0.000000 
3978 0.000000 0.000000 
3979 0.000000 0.000000 
3980 0.000000 0.000000 
3981 0.000000 0.000000 
3982 0.000000 0.000000 
3983 0.000000 0.000000 
3984 0.000000 0.000000 
3985 0.000000 0.000000 
3986 0.000000 0.000000 
3987 0.000000 0.000000 
3988 0.000000 0.000000 
3989 0.000000 0.000000 
3990 0.000000 0.000000 
3991 0.000000 0.000000 
3992 0.000000 0.000000 
3993 0.000000 0.000000 
3994 0.000000 0.000000 
3995 0.000000 0.000000 
3996 0.000000 0.000000 
3997 0.000000 0.000000 
3998 0.000000 0.000000 
3999 0.000000 0.000000 
4000 0.000000 0.000000 
