0 0.000003 0.000003 
1 0.000003 0.000003 
2 0.000003 0.000003 
3 0.000003 0.000003 
4 0.000004 0.000003 
5 0.000004 0.000002 
6 0.000004 0.000002 
7 0.000004 0.000002 
8 0.000004 0.000002 
9 0.000004 0.000002 
10 0.000005 0.000002 
11 0.000005 0.000002 
12 0.000005 0.000002 
13 0.000005 0.000002 
14 0.000005 0.000002 
15 0.000005 0.000002 
16 0.000006 0.000002 
17 0.000006 0.000002 
18 0.000006 0.000002 
19 0.000006 0.000001 
20 0.000007 0.000001 
21 0.000007 0.000001 
22 0.000007 0.000001 
23 0.000007 0.000001 
24 0.000008 0.000001 
25 0.000008 0.000001 
26 0.000008 0.000001 
27 0.000008 0.000001 
28 0.000009 0.000001 
29 0.000009 0.000001 
30 0.000009 0.000001 
31 0.000010 0.000001 
32 0.000010 0.000001 
33 0.000010 0.000001 
34 0.000011 0.000001 
35 0.000011 0.000001 
36 0.000012 0.000001 
37 0.000012 0.000001 
38 0.000013 0.000001 
39 0.000013 0.000001 
40 0.000013 0.000001 
41 0.000014 0.000001 
42 0.000014 0.000001 
43 0.000015 0.000001 
44 0.000016 0.000001 
45 0.000016 0.000001 
46 0.000017 0.000001 
47 0.000017 0.000000 
48 0.000018 0.000000 
49 0.000019 0.000000 
50 0.000019 0.000000 
51 0.000020 0.000000 
52 0.000021 0.000000 
53 0.000021 0.000000 
54 0.000022 0.000000 
55 0.000023 0.000000 
56 0.000024 0.000000 
57 0.000025 0.000000 
58 0.000025 0.000000 
59 0.000026 0.000000 
60 0.000027 0.000000 
61 0.000028 0.000000 
62 0.000029 0.000000 
63 0.000030 0.000000 
64 0.000031 0.000000 
65 0.000032 0.000000 
66 0.000034 0.000000 
67 0.000035 0.000000 
68 0.000036 0.000000 
69 0.000037 0.000000 
70 0.000038 0.000000 
71 0.000040 0.000000 
72 0.000041 0.000000 
73 0.000043 0.000000 
74 0.000044 0.000000 
75 0.000046 0.000000 
76 0.000047 0.000000 
77 0.000049 0.000000 
78 0.000051 0.000000 
79 0.000052 0.000000 
80 0.000054 0.000000 
81 0.000056 0.000000 
82 0.000058 0.000000 
83 0.000060 0.000000 
84 0.000062 0.000000 
85 0.000064 0.000000 
86 0.000066 0.000000 
87 0.000068 0.000000 
88 0.000071 0.000000 
89 0.000073 0.000000 
90 0.000076 0.000000 
91 0.000078 0.000000 
92 0.000081 0.000000 
93 0.000084 0.000000 
94 0.000086 0.000000 
95 0.000089 0.000000 
96 0.000092 0.000000 
97 0.000095 0.000000 
98 0.000099 0.000000 
99 0.000102 0.000000 
100 0.000105 0.000000 
101 0.000109 0.000000 
102 0.000112 0.000000 
103 0.000116 0.000000 
104 0.000120 0.000000 
105 0.000124 0.000000 
106 0.000128 0.000000 
107 0.000132 0.000000 
108 0.000137 0.000000 
109 0.000141 0.000000 
110 0.000146 0.000000 
111 0.000151 0.000000 
112 0.000156 0.000000 
113 0.000161 0.000000 
114 0.000166 0.000000 
115 0.000172 0.000000 
116 0.000177 0.000000 
117 0.000183 0.000000 
118 0.000189 0.000000 
119 0.000195 0.000000 
120 0.000201 0.000000 
121 0.000208 0.000000 
122 0.000215 0.000000 
123 0.000222 0.000000 
124 0.000229 0.000000 
125 0.000236 0.000000 
126 0.000244 0.000000 
127 0.000252 0.000000 
128 0.000260 0.000000 
129 0.000268 0.000000 
130 0.000277 0.000000 
131 0.000285 0.000000 
132 0.000294 0.000000 
133 0.000304 0.000000 
134 0.000313 0.000000 
135 0.000323 0.000000 
136 0.000334 0.000000 
137 0.000344 0.000000 
138 0.000355 0.000000 
139 0.000366 0.000000 
140 0.000378 0.000000 
141 0.000390 0.000000 
142 0.000402 0.000000 
143 0.000415 0.000000 
144 0.000428 0.000000 
145 0.000441 0.000000 
146 0.000455 0.000000 
147 0.000469 0.000000 
148 0.000484 0.000000 
149 0.000499 0.000000 
150 0.000514 0.000000 
151 0.000530 0.000000 
152 0.000546 0.000000 
153 0.000563 0.000000 
154 0.000581 0.000000 
155 0.000599 0.000000 
156 0.000617 0.000000 
157 0.000636 0.000000 
158 0.000655 0.000000 
159 0.000675 0.000000 
160 0.000696 0.000000 
161 0.000717 0.000000 
162 0.000739 0.000000 
163 0.000762 0.000000 
164 0.000785 0.000000 
165 0.000809 0.000000 
166 0.000833 0.000000 
167 0.000858 0.000000 
168 0.000884 0.000000 
169 0.000911 0.000000 
170 0.000938 0.000000 
171 0.000966 0.000000 
172 0.000995 0.000000 
173 0.001025 0.000000 
174 0.001056 0.000000 
175 0.001087 0.000000 
176 0.001119 0.000000 
177 0.001153 0.000000 
178 0.001187 0.000000 
179 0.001222 0.000000 
180 0.001258 0.000000 
181 0.001295 0.000000 
182 0.001334 0.000000 
183 0.001373 0.000000 
184 0.001413 0.000000 
185 0.001455 0.000000 
186 0.001497 0.000000 
187 0.001541 0.000000 
188 0.001586 0.000000 
189 0.001632 0.000000 
190 0.001680 0.000000 
191 0.001729 0.000000 
192 0.001779 0.000000 
193 0.001830 0.000000 
194 0.001883 0.000000 
195 0.001938 0.000000 
196 0.001994 0.000000 
197 0.002051 0.000000 
198 0.002110 0.000000 
199 0.002170 0.000000 
200 0.002233 0.000000 
201 0.002296 0.000000 
202 0.002362 0.000000 
203 0.002429 0.000000 
204 0.002498 0.000000 
205 0.002569 0.000000 
206 0.002642 0.000000 
207 0.002717 0.000000 
208 0.002793 0.000000 
209 0.002872 0.000000 
210 0.002953 0.000000 
211 0.003036 0.000000 
212 0.003121 0.000000 
213 0.003209 0.000000 
214 0.003298 0.000000 
215 0.003390 0.000000 
216 0.003485 0.000000 
217 0.003582 0.000000 
218 0.003681 0.000000 
219 0.003783 0.000000 
220 0.003888 0.000000 
221 0.003995 0.000000 
222 0.004105 0.000000 
223 0.004218 0.000000 
224 0.004334 0.000000 
225 0.004453 0.000000 
226 0.004575 0.000000 
227 0.004700 0.000000 
228 0.004828 0.000000 
229 0.004960 0.000000 
230 0.005095 0.000000 
231 0.005233 0.000000 
232 0.005375 0.000000 
233 0.005520 0.000000 
234 0.005669 0.000000 
235 0.005822 0.000000 
236 0.005978 0.000000 
237 0.006139 0.000000 
238 0.006303 0.000000 
239 0.006472 0.000000 
240 0.006645 0.000000 
241 0.006822 0.000000 
242 0.007004 0.000000 
243 0.007190 0.000000 
244 0.007380 0.000000 
245 0.007576 0.000000 
246 0.007776 0.000000 
247 0.007981 0.000000 
248 0.008191 0.000000 
249 0.008406 0.000000 
250 0.008626 0.000000 
251 0.008852 0.000000 
252 0.009084 0.000000 
253 0.009321 0.000000 
254 0.009563 0.000000 
255 0.009812 0.000000 
256 0.010066 0.000000 
257 0.010327 0.000000 
258 0.010594 0.000000 
259 0.010867 0.000000 
260 0.011147 0.000000 
261 0.011433 0.000000 
262 0.011727 0.000000 
263 0.012027 0.000000 
264 0.012334 0.000000 
265 0.012649 0.000000 
266 0.012971 0.000000 
267 0.013300 0.000000 
268 0.013638 0.000000 
269 0.013983 0.000000 
270 0.014336 0.000000 
271 0.014698 0.000000 
272 0.015068 0.000000 
273 0.015446 0.000000 
274 0.015834 0.000000 
275 0.016230 0.000000 
276 0.016635 0.000000 
277 0.017050 0.000000 
278 0.017474 0.000000 
279 0.017908 0.000000 
280 0.018352 0.000000 
281 0.018806 0.000000 
282 0.019271 0.000000 
283 0.019746 0.000000 
284 0.020231 0.000000 
285 0.020728 0.000000 
286 0.021236 0.000000 
287 0.021755 0.000000 
288 0.022286 0.000000 
289 0.022829 0.000000 
290 0.023384 0.000000 
291 0.023951 0.000000 
292 0.024531 0.000000 
293 0.025124 0.000000 
294 0.025730 0.000000 
295 0.026349 0.000000 
296 0.026982 0.000000 
297 0.027629 0.000000 
298 0.028290 0.000000 
299 0.028965 0.000000 
300 0.029655 0.000000 
301 0.030361 0.000000 
302 0.031081 0.000000 
303 0.031818 0.000000 
304 0.032570 0.000000 
305 0.033338 0.000000 
306 0.034123 0.000000 
307 0.034925 0.000000 
308 0.035743 0.000000 
309 0.036580 0.000000 
310 0.037434 0.000000 
311 0.038306 0.000000 
312 0.039197 0.000000 
313 0.040107 0.000000 
314 0.041036 0.000000 
315 0.041984 0.000000 
316 0.042952 0.000000 
317 0.043941 0.000000 
318 0.044950 0.000000 
319 0.045981 0.000000 
320 0.047032 0.000000 
321 0.048106 0.000000 
322 0.049201 0.000000 
323 0.050320 0.000000 
324 0.051461 0.000000 
325 0.052626 0.000000 
326 0.053814 0.000000 
327 0.055027 0.000000 
328 0.056265 0.000000 
329 0.057528 0.000000 
330 0.058816 0.000000 
331 0.060130 0.000000 
332 0.061471 0.000000 
333 0.062839 0.000000 
334 0.064234 0.000000 
335 0.065657 0.000000 
336 0.067109 0.000000 
337 0.068589 0.000000 
338 0.070099 0.000000 
339 0.071638 0.000000 
340 0.073208 0.000000 
341 0.074809 0.000000 
342 0.076442 0.000000 
343 0.078106 0.000000 
344 0.079803 0.000000 
345 0.081533 0.000000 
346 0.083296 0.000000 
347 0.085094 0.000000 
348 0.086926 0.000000 
349 0.088794 0.000000 
350 0.090698 0.000000 
351 0.092638 0.000000 
352 0.094615 0.000000 
353 0.096630 0.000000 
354 0.098683 0.000000 
355 0.100775 0.000000 
356 0.102906 0.000000 
357 0.105078 0.000000 
358 0.107290 0.000000 
359 0.109544 0.000000 
360 0.111840 0.000000 
361 0.114179 0.000000 
362 0.116562 0.000000 
363 0.118988 0.000000 
364 0.121459 0.000000 
365 0.123976 0.000000 
366 0.126539 0.000000 
367 0.129149 0.000000 
368 0.131807 0.000000 
369 0.134513 0.000000 
370 0.137268 0.000000 
371 0.140073 0.000000 
372 0.142929 0.000000 
373 0.145836 0.000000 
374 0.148795 0.000000 
375 0.151807 0.000000 
376 0.154873 0.000000 
377 0.157994 0.000000 
378 0.161170 0.000000 
379 0.164401 0.000000 
380 0.167690 0.000000 
381 0.171037 0.000000 
382 0.174442 0.000000 
383 0.177907 0.000000 
384 0.181432 0.000000 
385 0.185018 0.000000 
386 0.188667 0.000000 
387 0.192378 0.000000 
388 0.196153 0.000000 
389 0.199993 0.000000 
390 0.203899 0.000000 
391 0.207871 0.000000 
392 0.211910 0.000000 
393 0.216018 0.000000 
394 0.220195 0.000000 
395 0.224442 0.000000 
396 0.228761 0.000000 
397 0.233152 0.000000 
398 0.237616 0.000000 
399 0.242154 0.000000 
400 0.246767 0.000000 
401 0.251457 0.000000 
402 0.256223 0.000000 
403 0.261068 0.000000 
404 0.265991 0.000000 
405 0.270995 0.000000 
406 0.276081 0.000000 
407 0.281248 0.000000 
408 0.286499 0.000000 
409 0.291834 0.000000 
410 0.297254 0.000000 
411 0.302761 0.000000 
412 0.308356 0.000000 
413 0.314039 0.000000 
414 0.319812 0.000000 
415 0.325676 0.000000 
416 0.331632 0.000000 
417 0.337681 0.000000 
418 0.343825 0.000000 
419 0.350063 0.000000 
420 0.356399 0.000000 
421 0.362831 0.000000 
422 0.369363 0.000000 
423 0.375995 0.000000 
424 0.382728 0.000000 
425 0.389563 0.000000 
426 0.396501 0.000000 
427 0.403545 0.000000 
428 0.410694 0.000000 
429 0.417950 0.000000 
430 0.425315 0.000000 
431 0.432789 0.000000 
432 0.440374 0.000000 
433 0.448071 0.000000 
434 0.455881 0.000000 
435 0.463805 0.000000 
436 0.471845 0.000000 
437 0.480002 0.000000 
438 0.488277 0.000000 
439 0.496672 0.000000 
440 0.505187 0.000000 
441 0.513824 0.000000 
442 0.522584 0.000000 
443 0.531469 0.000000 
444 0.540480 0.000000 
445 0.549617 0.000000 
446 0.558883 0.000000 
447 0.568279 0.000000 
448 0.577805 0.000000 
449 0.587464 0.000000 
450 0.597256 0.000000 
451 0.607183 0.000000 
452 0.617245 0.000000 
453 0.627446 0.000000 
454 0.637785 0.000000 
455 0.648264 0.000000 
456 0.658884 0.000000 
457 0.669647 0.000000 
458 0.680554 0.000000 
459 0.691606 0.000000 
460 0.702805 0.000000 
461 0.714152 0.000000 
462 0.725648 0.000000 
463 0.737294 0.000000 
464 0.749092 0.000000 
465 0.761044 0.000000 
466 0.773150 0.000000 
467 0.785411 0.000000 
468 0.797830 0.000000 
469 0.810407 0.000000 
470 0.823144 0.000000 
471 0.836042 0.000000 
472 0.849102 0.000000 
473 0.862326 0.000000 
474 0.875715 0.000000 
475 0.889270 0.000000 
476 0.902993 0.000000 
477 0.916884 0.000000 
478 0.930946 0.000000 
479 0.945179 0.000000 
480 0.959584 0.000000 
481 0.974164 0.000000 
482 0.988918 0.000000 
483 1.003850 0.000000 
484 1.018958 0.000000 
485 1.034246 0.000000 
486 1.049714 0.000000 
487 1.065364 0.000000 
488 1.081196 0.000000 
489 1.097212 0.000000 
490 1.113413 0.000000 
491 1.129800 0.000000 
492 1.146375 0.000000 
493 1.163139 0.000000 
494 1.180092 0.000000 
495 1.197237 0.000000 
496 1.214574 0.000000 
497 1.232104 0.000000 
498 1.249828 0.000000 
499 1.267748 0.000000 
500 1.285865 0.000000 
501 1.304179 0.000000 
502 1.322693 0.000000 
503 1.341406 0.000000 
504 1.360321 0.000000 
505 1.379437 0.000000 
506 1.398757 0.000000 
507 1.418281 0.000000 
508 1.438010 0.000000 
509 1.457945 0.000000 
510 1.478087 0.000000 
511 1.498438 0.000000 
512 1.518997 0.000000 
513 1.539766 0.000000 
514 1.560747 0.000000 
515 1.581938 0.000000 
516 1.603343 0.000000 
517 1.624961 0.000000 
518 1.646793 0.000000 
519 1.668841 0.000000 
520 1.691105 0.000000 
521 1.713585 0.000000 
522 1.736282 0.000000 
523 1.759198 0.000000 
524 1.782333 0.000000 
525 1.805688 0.000000 
526 1.829263 0.000000 
527 1.853058 0.000000 
528 1.877076 0.000000 
529 1.901316 0.000000 
530 1.925778 0.000000 
531 1.950464 0.000000 
532 1.975373 0.000000 
533 2.000507 0.000000 
534 2.025866 0.000000 
535 2.051451 0.000000 
536 2.077261 0.000000 
537 2.103297 0.000000 
538 2.129560 0.000000 
539 2.156049 0.000000 
540 2.182766 0.000000 
541 2.209711 0.000000 
542 2.236883 0.000000 
543 2.264283 0.000000 
544 2.291912 0.000000 
545 2.319769 0.000000 
546 2.347854 0.000000 
547 2.376168 0.000000 
548 2.404711 0.000000 
549 2.433483 0.000000 
550 2.462484 0.000000 
551 2.491713 0.000000 
552 2.521171 0.000000 
553 2.550859 0.000000 
554 2.580774 0.000000 
555 2.610918 0.000000 
556 2.641291 0.000000 
557 2.671891 0.000000 
558 2.702720 0.000000 
559 2.733776 0.000000 
560 2.765059 0.000000 
561 2.796569 0.000000 
562 2.828306 0.000000 
563 2.860269 0.000000 
564 2.892458 0.000000 
565 2.924871 0.000000 
566 2.957510 0.000000 
567 2.990372 0.000000 
568 3.023458 0.000000 
569 3.056767 0.000000 
570 3.090298 0.000000 
571 3.124050 0.000000 
572 3.158023 0.000000 
573 3.192215 0.000000 
574 3.226627 0.000000 
575 3.261257 0.000000 
576 3.296104 0.000000 
577 3.331167 0.000000 
578 3.366445 0.000000 
579 3.401938 0.000000 
580 3.437644 0.000000 
581 3.473561 0.000000 
582 3.509690 0.000000 
583 3.546027 0.000000 
584 3.582574 0.000000 
585 3.619327 0.000000 
586 3.656286 0.000000 
587 3.693449 0.000000 
588 3.730815 0.000000 
589 3.768382 0.000000 
590 3.806150 0.000000 
591 3.844115 0.000000 
592 3.882278 0.000000 
593 3.920635 0.000000 
594 3.959186 0.000000 
595 3.997928 0.000000 
596 4.036861 0.000000 
597 4.075981 0.000000 
598 4.115288 0.000000 
599 4.154779 0.000000 
600 4.194452 0.000000 
601 4.234306 0.000000 
602 4.274337 0.000000 
603 4.314546 0.000000 
604 4.354928 0.000000 
605 4.395482 0.000000 
606 4.436206 0.000000 
607 4.477097 0.000000 
608 4.518153 0.000000 
609 4.559372 0.000000 
610 4.600751 0.000000 
611 4.642289 0.000000 
612 4.683981 0.000000 
613 4.725827 0.000000 
614 4.767823 0.000000 
615 4.809967 0.000000 
616 4.852255 0.000000 
617 4.894686 0.000000 
618 4.937257 0.000000 
619 4.979964 0.000000 
620 5.022805 0.000000 
621 5.065778 0.000000 
622 5.108878 0.000000 
623 5.152103 0.000000 
624 5.195451 0.000000 
625 5.238918 0.000000 
626 5.282501 0.000000 
627 5.326196 0.000000 
628 5.370001 0.000000 
629 5.413913 0.000000 
630 5.457928 0.000000 
631 5.502043 0.000000 
632 5.546254 0.000000 
633 5.590558 0.000000 
634 5.634952 0.000000 
635 5.679432 0.000000 
636 5.723995 0.000000 
637 5.768637 0.000000 
638 5.813355 0.000000 
639 5.858145 0.000000 
640 5.903002 0.000000 
641 5.947925 0.000000 
642 5.992908 0.000000 
643 6.037949 0.000000 
644 6.083042 0.000000 
645 6.128185 0.000000 
646 6.173374 0.000000 
647 6.218604 0.000000 
648 6.263872 0.000000 
649 6.309174 0.000000 
650 6.354505 0.000000 
651 6.399861 0.000000 
652 6.445240 0.000000 
653 6.490635 0.000000 
654 6.536044 0.000000 
655 6.581462 0.000000 
656 6.626884 0.000000 
657 6.672308 0.000000 
658 6.717727 0.000000 
659 6.763139 0.000000 
660 6.808538 0.000000 
661 6.853920 0.000000 
662 6.899282 0.000000 
663 6.944618 0.000000 
664 6.989924 0.000000 
665 7.035195 0.000000 
666 7.080428 0.000000 
667 7.125618 0.000000 
668 7.170759 0.000000 
669 7.215848 0.000000 
670 7.260880 0.000000 
671 7.305851 0.000000 
672 7.350755 0.000000 
673 7.395588 0.000000 
674 7.440346 0.000000 
675 7.485023 0.000000 
676 7.529616 0.000000 
677 7.574119 0.000000 
678 7.618528 0.000000 
679 7.662837 0.000000 
680 7.707043 0.000000 
681 7.751140 0.000000 
682 7.795124 0.000000 
683 7.838990 0.000000 
684 7.882733 0.000000 
685 7.926348 0.000000 
686 7.969831 0.000000 
687 8.013177 0.000000 
688 8.056380 0.000000 
689 8.099436 0.000000 
690 8.142340 0.000000 
691 8.185088 0.000000 
692 8.227674 0.000000 
693 8.270094 0.000000 
694 8.312343 0.000000 
695 8.354415 0.000000 
696 8.396307 0.000000 
697 8.438012 0.000000 
698 8.479527 0.000000 
699 8.520847 0.000000 
700 8.561966 0.000000 
701 8.602881 0.000000 
702 8.643585 0.000000 
703 8.684074 0.000000 
704 8.724344 0.000000 
705 8.764389 0.000000 
706 8.804205 0.000000 
707 8.843787 0.000000 
708 8.883130 0.000000 
709 8.922230 0.000000 
710 8.961081 0.000000 
711 8.999680 0.000000 
712 9.038020 0.000000 
713 9.076098 0.000000 
714 9.113909 0.000000 
715 9.151448 0.000000 
716 9.188711 0.000000 
717 9.225692 0.000000 
718 9.262388 0.000000 
719 9.298793 0.000000 
720 9.334903 0.000000 
721 9.370714 0.000000 
722 9.406221 0.000000 
723 9.441420 0.000000 
724 9.476305 0.000000 
725 9.510873 0.000000 
726 9.545120 0.000000 
727 9.579040 0.000000 
728 9.612630 0.000000 
729 9.645885 0.000000 
730 9.678801 0.000000 
731 9.711373 0.000000 
732 9.743598 0.000000 
733 9.775471 0.000000 
734 9.806988 0.000000 
735 9.838145 0.000000 
736 9.868938 0.000000 
737 9.899363 0.000000 
738 9.929416 0.000000 
739 9.959093 0.000000 
740 9.988389 0.000000 
741 10.017302 0.000000 
742 10.045827 0.000000 
743 10.073960 0.000000 
744 10.101698 0.000000 
745 10.129037 0.000000 
746 10.155974 0.000000 
747 10.182504 0.000000 
748 10.208625 0.000000 
749 10.234332 0.000000 
750 10.259622 0.000000 
751 10.284493 0.000000 
752 10.308940 0.000000 
753 10.332960 0.000000 
754 10.356549 0.000000 
755 10.379706 0.000000 
756 10.402426 0.000000 
757 10.424707 0.000000 
758 10.446545 0.000000 
759 10.467937 0.000000 
760 10.488881 0.000000 
761 10.509374 0.000000 
762 10.529413 0.000000 
763 10.548994 0.000000 
764 10.568116 0.000000 
765 10.586776 0.000000 
766 10.604971 0.000000 
767 10.622699 0.000000 
768 10.639957 0.000000 
769 10.656742 0.000000 
770 10.673054 0.000000 
771 10.688888 0.000000 
772 10.704244 0.000000 
773 10.719118 0.000000 
774 10.733509 0.000000 
775 10.747416 0.000000 
776 10.760835 0.000000 
777 10.773765 0.000000 
778 10.786204 0.000000 
779 10.798151 0.000000 
780 10.809603 0.000000 
781 10.820560 0.000000 
782 10.831020 0.000000 
783 10.840980 0.000000 
784 10.850441 0.000000 
785 10.859400 0.000000 
786 10.867856 0.000000 
787 10.875809 0.000000 
788 10.883256 0.000000 
789 10.890197 0.000000 
790 10.896631 0.000000 
791 10.902557 0.000000 
792 10.907974 0.000000 
793 10.912881 0.000000 
794 10.917278 0.000000 
795 10.921165 0.000000 
796 10.924539 0.000000 
797 10.927402 0.000000 
798 10.929752 0.000000 
799 10.931590 0.000000 
800 10.932915 0.000000 
801 10.933726 0.000000 
802 10.934024 0.000000 
803 10.933809 0.000000 
804 10.933081 0.000000 
805 10.931839 0.000000 
806 10.930085 0.000000 
807 10.927817 0.000000 
808 10.925037 0.000000 
809 10.921745 0.000000 
810 10.917942 0.000000 
811 10.913627 0.000000 
812 10.908802 0.000000 
813 10.903467 0.000000 
814 10.897623 0.000000 
815 10.891271 0.000000 
816 10.884411 0.000000 
817 10.877045 0.000000 
818 10.869173 0.000000 
819 10.860798 0.000000 
820 10.851919 0.000000 
821 10.842538 0.000000 
822 10.832657 0.000000 
823 10.822276 0.000000 
824 10.811398 0.000000 
825 10.800024 0.000000 
826 10.788155 0.000000 
827 10.775793 0.000000 
828 10.762940 0.000000 
829 10.749597 0.000000 
830 10.735767 0.000000 
831 10.721451 0.000000 
832 10.706651 0.000000 
833 10.691370 0.000000 
834 10.675609 0.000000 
835 10.659371 0.000000 
836 10.642658 0.000000 
837 10.625472 0.000000 
838 10.607816 0.000000 
839 10.589691 0.000000 
840 10.571102 0.000000 
841 10.552049 0.000000 
842 10.532536 0.000000 
843 10.512565 0.000000 
844 10.492140 0.000000 
845 10.471262 0.000000 
846 10.449935 0.000000 
847 10.428162 0.000000 
848 10.405945 0.000000 
849 10.383288 0.000000 
850 10.360194 0.000000 
851 10.336666 0.000000 
852 10.312707 0.000000 
853 10.288320 0.000000 
854 10.263509 0.000000 
855 10.238276 0.000000 
856 10.212626 0.000000 
857 10.186562 0.000000 
858 10.160087 0.000000 
859 10.133205 0.000000 
860 10.105920 0.000000 
861 10.078235 0.000000 
862 10.050153 0.000000 
863 10.021679 0.000000 
864 9.992816 0.000000 
865 9.963568 0.000000 
866 9.933940 0.000000 
867 9.903934 0.000000 
868 9.873555 0.000000 
869 9.842807 0.000000 
870 9.811694 0.000000 
871 9.780219 0.000000 
872 9.748388 0.000000 
873 9.716204 0.000000 
874 9.683671 0.000000 
875 9.650794 0.000000 
876 9.617577 0.000000 
877 9.584024 0.000000 
878 9.550139 0.000000 
879 9.515927 0.000000 
880 9.481392 0.000000 
881 9.446539 0.000000 
882 9.411372 0.000000 
883 9.375895 0.000000 
884 9.340113 0.000000 
885 9.304031 0.000000 
886 9.267652 0.000000 
887 9.230982 0.000000 
888 9.194026 0.000000 
889 9.156787 0.000000 
890 9.119270 0.000000 
891 9.081481 0.000000 
892 9.043423 0.000000 
893 9.005102 0.000000 
894 8.966522 0.000000 
895 8.927688 0.000000 
896 8.888604 0.000000 
897 8.849275 0.000000 
898 8.809707 0.000000 
899 8.769904 0.000000 
900 8.729870 0.000000 
901 8.689611 0.000000 
902 8.649131 0.000000 
903 8.608435 0.000000 
904 8.567528 0.000000 
905 8.526415 0.000000 
906 8.485100 0.000000 
907 8.443589 0.000000 
908 8.401886 0.000000 
909 8.359997 0.000000 
910 8.317925 0.000000 
911 8.275676 0.000000 
912 8.233255 0.000000 
913 8.190667 0.000000 
914 8.147916 0.000000 
915 8.105007 0.000000 
916 8.061945 0.000000 
917 8.018736 0.000000 
918 7.975383 0.000000 
919 7.931892 0.000000 
920 7.888267 0.000000 
921 7.844514 0.000000 
922 7.800637 0.000000 
923 7.756640 0.000000 
924 7.712530 0.000000 
925 7.668310 0.000000 
926 7.623985 0.000000 
927 7.579560 0.000000 
928 7.535040 0.000000 
929 7.490429 0.000000 
930 7.445733 0.000000 
931 7.400955 0.000000 
932 7.356101 0.000000 
933 7.311176 0.000000 
934 7.266183 0.000000 
935 7.221128 0.000000 
936 7.176015 0.000000 
937 7.130848 0.000000 
938 7.085633 0.000000 
939 7.040374 0.000000 
940 6.995075 0.000000 
941 6.949741 0.000000 
942 6.904376 0.000000 
943 6.858985 0.000000 
944 6.813572 0.000000 
945 6.768141 0.000000 
946 6.722698 0.000000 
947 6.677246 0.000000 
948 6.631789 0.000000 
949 6.586333 0.000000 
950 6.540880 0.000000 
951 6.495436 0.000000 
952 6.450004 0.000000 
953 6.404590 0.000000 
954 6.359196 0.000000 
955 6.313827 0.000000 
956 6.268487 0.000000 
957 6.223180 0.000000 
958 6.177910 0.000000 
959 6.132681 0.000000 
960 6.087497 0.000000 
961 6.042362 0.000000 
962 5.997280 0.000000 
963 5.952255 0.000000 
964 5.907289 0.000000 
965 5.862388 0.000000 
966 5.817555 0.000000 
967 5.772793 0.000000 
968 5.728106 0.000000 
969 5.683498 0.000000 
970 5.638973 0.000000 
971 5.594533 0.000000 
972 5.550182 0.000000 
973 5.505925 0.000000 
974 5.461763 0.000000 
975 5.417701 0.000000 
976 5.373742 0.000000 
977 5.329888 0.000000 
978 5.286145 0.000000 
979 5.242513 0.000000 
980 5.198998 0.000000 
981 5.155601 0.000000 
982 5.112326 0.000000 
983 5.069176 0.000000 
984 5.026154 0.000000 
985 4.983263 0.000000 
986 4.940506 0.000000 
987 4.897885 0.000000 
988 4.855404 0.000000 
989 4.813064 0.000000 
990 4.770870 0.000000 
991 4.728823 0.000000 
992 4.686927 0.000000 
993 4.645183 0.000000 
994 4.603594 0.000000 
995 4.562164 0.000000 
996 4.520893 0.000000 
997 4.479786 0.000000 
998 4.438843 0.000000 
999 4.398068 0.000000 
1000 4.357463 0.000000 
1001 4.317029 0.000000 
1002 4.276770 0.000000 
1003 4.236686 0.000000 
1004 4.196781 0.000000 
1005 4.157057 0.000000 
1006 4.117515 0.000000 
1007 4.078157 0.000000 
1008 4.038985 0.000000 
1009 4.000002 0.000000 
1010 3.961209 0.000000 
1011 3.922607 0.000000 
1012 3.884199 0.000000 
1013 3.845986 0.000000 
1014 3.807970 0.000000 
1015 3.770153 0.000000 
1016 3.732535 0.000000 
1017 3.695120 0.000000 
1018 3.657907 0.000000 
1019 3.620898 0.000000 
1020 3.584096 0.000000 
1021 3.547501 0.000000 
1022 3.511114 0.000000 
1023 3.474937 0.000000 
1024 3.438971 0.000000 
1025 3.403218 0.000000 
1026 3.367677 0.000000 
1027 3.332351 0.000000 
1028 3.297241 0.000000 
1029 3.262347 0.000000 
1030 3.227671 0.000000 
1031 3.193212 0.000000 
1032 3.158974 0.000000 
1033 3.124955 0.000000 
1034 3.091158 0.000000 
1035 3.057582 0.000000 
1036 3.024228 0.000000 
1037 2.991098 0.000000 
1038 2.958191 0.000000 
1039 2.925509 0.000000 
1040 2.893052 0.000000 
1041 2.860821 0.000000 
1042 2.828815 0.000000 
1043 2.797036 0.000000 
1044 2.765484 0.000000 
1045 2.734159 0.000000 
1046 2.703062 0.000000 
1047 2.672193 0.000000 
1048 2.641552 0.000000 
1049 2.611140 0.000000 
1050 2.580957 0.000000 
1051 2.551002 0.000000 
1052 2.521276 0.000000 
1053 2.491780 0.000000 
1054 2.462513 0.000000 
1055 2.433475 0.000000 
1056 2.404666 0.000000 
1057 2.376087 0.000000 
1058 2.347737 0.000000 
1059 2.319616 0.000000 
1060 2.291724 0.000000 
1061 2.264061 0.000000 
1062 2.236627 0.000000 
1063 2.209421 0.000000 
1064 2.182443 0.000000 
1065 2.155694 0.000000 
1066 2.129172 0.000000 
1067 2.102877 0.000000 
1068 2.076810 0.000000 
1069 2.050969 0.000000 
1070 2.025354 0.000000 
1071 1.999966 0.000000 
1072 1.974802 0.000000 
1073 1.949864 0.000000 
1074 1.925149 0.000000 
1075 1.900659 0.000000 
1076 1.876392 0.000000 
1077 1.852348 0.000000 
1078 1.828525 0.000000 
1079 1.804924 0.000000 
1080 1.781544 0.000000 
1081 1.758384 0.000000 
1082 1.735444 0.000000 
1083 1.712722 0.000000 
1084 1.690218 0.000000 
1085 1.667931 0.000000 
1086 1.645861 0.000000 
1087 1.624007 0.000000 
1088 1.602367 0.000000 
1089 1.580941 0.000000 
1090 1.559728 0.000000 
1091 1.538728 0.000000 
1092 1.517938 0.000000 
1093 1.497360 0.000000 
1094 1.476990 0.000000 
1095 1.456830 0.000000 
1096 1.436877 0.000000 
1097 1.417130 0.000000 
1098 1.397589 0.000000 
1099 1.378253 0.000000 
1100 1.359120 0.000000 
1101 1.340190 0.000000 
1102 1.321461 0.000000 
1103 1.302933 0.000000 
1104 1.284604 0.000000 
1105 1.266473 0.000000 
1106 1.248539 0.000000 
1107 1.230802 0.000000 
1108 1.213259 0.000000 
1109 1.195910 0.000000 
1110 1.178754 0.000000 
1111 1.161789 0.000000 
1112 1.145014 0.000000 
1113 1.128429 0.000000 
1114 1.112031 0.000000 
1115 1.095820 0.000000 
1116 1.079795 0.000000 
1117 1.063954 0.000000 
1118 1.048296 0.000000 
1119 1.032820 0.000000 
1120 1.017524 0.000000 
1121 1.002408 0.000000 
1122 0.987470 0.000000 
1123 0.972708 0.000000 
1124 0.958122 0.000000 
1125 0.943711 0.000000 
1126 0.929472 0.000000 
1127 0.915406 0.000000 
1128 0.901509 0.000000 
1129 0.887782 0.000000 
1130 0.874223 0.000000 
1131 0.860831 0.000000 
1132 0.847603 0.000000 
1133 0.834540 0.000000 
1134 0.821639 0.000000 
1135 0.808900 0.000000 
1136 0.796320 0.000000 
1137 0.783900 0.000000 
1138 0.771636 0.000000 
1139 0.759529 0.000000 
1140 0.747577 0.000000 
1141 0.735778 0.000000 
1142 0.724131 0.000000 
1143 0.712635 0.000000 
1144 0.701289 0.000000 
1145 0.690091 0.000000 
1146 0.679039 0.000000 
1147 0.668133 0.000000 
1148 0.657372 0.000000 
1149 0.646753 0.000000 
1150 0.636276 0.000000 
1151 0.625939 0.000000 
1152 0.615741 0.000000 
1153 0.605680 0.000000 
1154 0.595756 0.000000 
1155 0.585967 0.000000 
1156 0.576312 0.000000 
1157 0.566789 0.000000 
1158 0.557397 0.000000 
1159 0.548135 0.000000 
1160 0.539002 0.000000 
1161 0.529996 0.000000 
1162 0.521116 0.000000 
1163 0.512360 0.000000 
1164 0.503728 0.000000 
1165 0.495218 0.000000 
1166 0.486829 0.000000 
1167 0.478559 0.000000 
1168 0.470408 0.000000 
1169 0.462373 0.000000 
1170 0.454455 0.000000 
1171 0.446651 0.000000 
1172 0.438961 0.000000 
1173 0.431382 0.000000 
1174 0.423915 0.000000 
1175 0.416557 0.000000 
1176 0.409308 0.000000 
1177 0.402165 0.000000 
1178 0.395129 0.000000 
1179 0.388198 0.000000 
1180 0.381370 0.000000 
1181 0.374645 0.000000 
1182 0.368021 0.000000 
1183 0.361497 0.000000 
1184 0.355072 0.000000 
1185 0.348745 0.000000 
1186 0.342514 0.000000 
1187 0.336379 0.000000 
1188 0.330338 0.000000 
1189 0.324391 0.000000 
1190 0.318535 0.000000 
1191 0.312771 0.000000 
1192 0.307096 0.000000 
1193 0.301510 0.000000 
1194 0.296012 0.000000 
1195 0.290601 0.000000 
1196 0.285274 0.000000 
1197 0.280033 0.000000 
1198 0.274874 0.000000 
1199 0.269798 0.000000 
1200 0.264804 0.000000 
1201 0.259889 0.000000 
1202 0.255054 0.000000 
1203 0.250296 0.000000 
1204 0.245617 0.000000 
1205 0.241013 0.000000 
1206 0.236484 0.000000 
1207 0.232029 0.000000 
1208 0.227648 0.000000 
1209 0.223339 0.000000 
1210 0.219101 0.000000 
1211 0.214934 0.000000 
1212 0.210835 0.000000 
1213 0.206805 0.000000 
1214 0.202843 0.000000 
1215 0.198947 0.000000 
1216 0.195117 0.000000 
1217 0.191352 0.000000 
1218 0.187650 0.000000 
1219 0.184011 0.000000 
1220 0.180435 0.000000 
1221 0.176919 0.000000 
1222 0.173464 0.000000 
1223 0.170069 0.000000 
1224 0.166732 0.000000 
1225 0.163452 0.000000 
1226 0.160230 0.000000 
1227 0.157064 0.000000 
1228 0.153953 0.000000 
1229 0.150897 0.000000 
1230 0.147894 0.000000 
1231 0.144944 0.000000 
1232 0.142047 0.000000 
1233 0.139200 0.000000 
1234 0.136405 0.000000 
1235 0.133659 0.000000 
1236 0.130962 0.000000 
1237 0.128314 0.000000 
1238 0.125713 0.000000 
1239 0.123160 0.000000 
1240 0.120652 0.000000 
1241 0.118190 0.000000 
1242 0.115773 0.000000 
1243 0.113400 0.000000 
1244 0.111070 0.000000 
1245 0.108783 0.000000 
1246 0.106538 0.000000 
1247 0.104334 0.000000 
1248 0.102171 0.000000 
1249 0.100049 0.000000 
1250 0.097966 0.000000 
1251 0.095921 0.000000 
1252 0.093915 0.000000 
1253 0.091947 0.000000 
1254 0.090015 0.000000 
1255 0.088120 0.000000 
1256 0.086261 0.000000 
1257 0.084437 0.000000 
1258 0.082648 0.000000 
1259 0.080893 0.000000 
1260 0.079171 0.000000 
1261 0.077482 0.000000 
1262 0.075826 0.000000 
1263 0.074202 0.000000 
1264 0.072609 0.000000 
1265 0.071047 0.000000 
1266 0.069515 0.000000 
1267 0.068013 0.000000 
1268 0.066541 0.000000 
1269 0.065097 0.000000 
1270 0.063681 0.000000 
1271 0.062294 0.000000 
1272 0.060934 0.000000 
1273 0.059600 0.000000 
1274 0.058293 0.000000 
1275 0.057012 0.000000 
1276 0.055757 0.000000 
1277 0.054527 0.000000 
1278 0.053321 0.000000 
1279 0.052139 0.000000 
1280 0.050982 0.000000 
1281 0.049847 0.000000 
1282 0.048736 0.000000 
1283 0.047647 0.000000 
1284 0.046580 0.000000 
1285 0.045535 0.000000 
1286 0.044511 0.000000 
1287 0.043509 0.000000 
1288 0.042527 0.000000 
1289 0.041565 0.000000 
1290 0.040623 0.000000 
1291 0.039700 0.000000 
1292 0.038796 0.000000 
1293 0.037912 0.000000 
1294 0.037046 0.000000 
1295 0.036197 0.000000 
1296 0.035367 0.000000 
1297 0.034554 0.000000 
1298 0.033758 0.000000 
1299 0.032979 0.000000 
1300 0.032216 0.000000 
1301 0.031470 0.000000 
1302 0.030739 0.000000 
1303 0.030024 0.000000 
1304 0.029324 0.000000 
1305 0.028639 0.000000 
1306 0.027969 0.000000 
1307 0.027313 0.000000 
1308 0.026671 0.000000 
1309 0.026044 0.000000 
1310 0.025429 0.000000 
1311 0.024828 0.000000 
1312 0.024241 0.000000 
1313 0.023665 0.000000 
1314 0.023103 0.000000 
1315 0.022553 0.000000 
1316 0.022015 0.000000 
1317 0.021488 0.000000 
1318 0.020973 0.000000 
1319 0.020470 0.000000 
1320 0.019978 0.000000 
1321 0.019497 0.000000 
1322 0.019026 0.000000 
1323 0.018566 0.000000 
1324 0.018116 0.000000 
1325 0.017676 0.000000 
1326 0.017246 0.000000 
1327 0.016826 0.000000 
1328 0.016415 0.000000 
1329 0.016014 0.000000 
1330 0.015621 0.000000 
1331 0.015238 0.000000 
1332 0.014863 0.000000 
1333 0.014497 0.000000 
1334 0.014139 0.000000 
1335 0.013789 0.000000 
1336 0.013447 0.000000 
1337 0.013113 0.000000 
1338 0.012787 0.000000 
1339 0.012469 0.000000 
1340 0.012157 0.000000 
1341 0.011853 0.000000 
1342 0.011556 0.000000 
1343 0.011266 0.000000 
1344 0.010983 0.000000 
1345 0.010706 0.000000 
1346 0.010436 0.000000 
1347 0.010172 0.000000 
1348 0.009914 0.000000 
1349 0.009663 0.000000 
1350 0.009417 0.000000 
1351 0.009177 0.000000 
1352 0.008943 0.000000 
1353 0.008714 0.000000 
1354 0.008491 0.000000 
1355 0.008273 0.000000 
1356 0.008061 0.000000 
1357 0.007853 0.000000 
1358 0.007651 0.000000 
1359 0.007453 0.000000 
1360 0.007260 0.000000 
1361 0.007072 0.000000 
1362 0.006888 0.000000 
1363 0.006709 0.000000 
1364 0.006534 0.000000 
1365 0.006363 0.000000 
1366 0.006197 0.000000 
1367 0.006034 0.000000 
1368 0.005876 0.000000 
1369 0.005721 0.000000 
1370 0.005571 0.000000 
1371 0.005424 0.000000 
1372 0.005280 0.000000 
1373 0.005140 0.000000 
1374 0.005004 0.000000 
1375 0.004871 0.000000 
1376 0.004741 0.000000 
1377 0.004615 0.000000 
1378 0.004492 0.000000 
1379 0.004372 0.000000 
1380 0.004254 0.000000 
1381 0.004140 0.000000 
1382 0.004029 0.000000 
1383 0.003920 0.000000 
1384 0.003814 0.000000 
1385 0.003711 0.000000 
1386 0.003611 0.000000 
1387 0.003513 0.000000 
1388 0.003417 0.000000 
1389 0.003324 0.000000 
1390 0.003234 0.000000 
1391 0.003146 0.000000 
1392 0.003060 0.000000 
1393 0.002976 0.000000 
1394 0.002894 0.000000 
1395 0.002814 0.000000 
1396 0.002737 0.000000 
1397 0.002661 0.000000 
1398 0.002588 0.000000 
1399 0.002516 0.000000 
1400 0.002447 0.000000 
1401 0.002379 0.000000 
1402 0.002312 0.000000 
1403 0.002248 0.000000 
1404 0.002185 0.000000 
1405 0.002124 0.000000 
1406 0.002065 0.000000 
1407 0.002007 0.000000 
1408 0.001950 0.000000 
1409 0.001896 0.000000 
1410 0.001842 0.000000 
1411 0.001790 0.000000 
1412 0.001740 0.000000 
1413 0.001690 0.000000 
1414 0.001642 0.000000 
1415 0.001596 0.000000 
1416 0.001550 0.000000 
1417 0.001506 0.000000 
1418 0.001463 0.000000 
1419 0.001421 0.000000 
1420 0.001381 0.000000 
1421 0.001341 0.000000 
1422 0.001302 0.000000 
1423 0.001265 0.000000 
1424 0.001229 0.000000 
1425 0.001193 0.000000 
1426 0.001159 0.000000 
1427 0.001125 0.000000 
1428 0.001092 0.000000 
1429 0.001061 0.000000 
1430 0.001030 0.000000 
1431 0.001000 0.000000 
1432 0.000971 0.000000 
1433 0.000942 0.000000 
1434 0.000915 0.000000 
1435 0.000888 0.000000 
1436 0.000862 0.000000 
1437 0.000836 0.000000 
1438 0.000812 0.000000 
1439 0.000788 0.000000 
1440 0.000765 0.000000 
1441 0.000742 0.000000 
1442 0.000720 0.000000 
1443 0.000699 0.000000 
1444 0.000678 0.000000 
1445 0.000658 0.000000 
1446 0.000638 0.000000 
1447 0.000619 0.000000 
1448 0.000600 0.000000 
1449 0.000582 0.000000 
1450 0.000565 0.000000 
1451 0.000548 0.000000 
1452 0.000531 0.000000 
1453 0.000515 0.000000 
1454 0.000500 0.000000 
1455 0.000485 0.000000 
1456 0.000470 0.000000 
1457 0.000456 0.000000 
1458 0.000442 0.000000 
1459 0.000429 0.000000 
1460 0.000415 0.000000 
1461 0.000403 0.000000 
1462 0.000390 0.000000 
1463 0.000379 0.000000 
1464 0.000367 0.000000 
1465 0.000356 0.000000 
1466 0.000345 0.000000 
1467 0.000334 0.000000 
1468 0.000324 0.000000 
1469 0.000314 0.000000 
1470 0.000304 0.000000 
1471 0.000295 0.000000 
1472 0.000286 0.000000 
1473 0.000277 0.000000 
1474 0.000268 0.000000 
1475 0.000260 0.000000 
1476 0.000252 0.000000 
1477 0.000244 0.000000 
1478 0.000236 0.000000 
1479 0.000229 0.000000 
1480 0.000222 0.000000 
1481 0.000215 0.000000 
1482 0.000208 0.000000 
1483 0.000201 0.000000 
1484 0.000195 0.000000 
1485 0.000189 0.000000 
1486 0.000183 0.000000 
1487 0.000177 0.000000 
1488 0.000171 0.000000 
1489 0.000166 0.000000 
1490 0.000161 0.000000 
1491 0.000156 0.000000 
1492 0.000151 0.000000 
1493 0.000146 0.000000 
1494 0.000141 0.000000 
1495 0.000137 0.000000 
1496 0.000132 0.000000 
1497 0.000128 0.000000 
1498 0.000124 0.000000 
1499 0.000120 0.000000 
1500 0.000116 0.000000 
1501 0.000112 0.000000 
1502 0.000109 0.000000 
1503 0.000105 0.000000 
1504 0.000102 0.000000 
1505 0.000098 0.000000 
1506 0.000095 0.000000 
1507 0.000092 0.000000 
1508 0.000089 0.000000 
1509 0.000086 0.000000 
1510 0.000083 0.000000 
1511 0.000081 0.000000 
1512 0.000078 0.000000 
1513 0.000075 0.000000 
1514 0.000073 0.000000 
1515 0.000070 0.000000 
1516 0.000068 0.000000 
1517 0.000066 0.000000 
1518 0.000064 0.000000 
1519 0.000062 0.000000 
1520 0.000060 0.000000 
1521 0.000058 0.000000 
1522 0.000056 0.000000 
1523 0.000054 0.000000 
1524 0.000052 0.000000 
1525 0.000050 0.000000 
1526 0.000049 0.000000 
1527 0.000047 0.000000 
1528 0.000045 0.000000 
1529 0.000044 0.000000 
1530 0.000042 0.000000 
1531 0.000041 0.000000 
1532 0.000040 0.000000 
1533 0.000038 0.000000 
1534 0.000037 0.000000 
1535 0.000036 0.000000 
1536 0.000034 0.000000 
1537 0.000033 0.000000 
1538 0.000032 0.000000 
1539 0.000031 0.000000 
1540 0.000030 0.000000 
1541 0.000029 0.000000 
1542 0.000028 0.000000 
1543 0.000027 0.000000 
1544 0.000026 0.000000 
1545 0.000025 0.000000 
1546 0.000024 0.000000 
1547 0.000023 0.000000 
1548 0.000023 0.000000 
1549 0.000022 0.000000 
1550 0.000021 0.000000 
1551 0.000020 0.000000 
1552 0.000020 0.000000 
1553 0.000019 0.000000 
1554 0.000018 0.000000 
1555 0.000018 0.000000 
1556 0.000017 0.000000 
1557 0.000017 0.000000 
1558 0.000016 0.000000 
1559 0.000015 0.000000 
1560 0.000015 0.000000 
1561 0.000014 0.000000 
1562 0.000014 0.000000 
1563 0.000013 0.000000 
1564 0.000013 0.000000 
1565 0.000012 0.000000 
1566 0.000012 0.000000 
1567 0.000012 0.000000 
1568 0.000011 0.000000 
1569 0.000011 0.000000 
1570 0.000010 0.000000 
1571 0.000010 0.000000 
1572 0.000010 0.000000 
1573 0.000009 0.000000 
1574 0.000009 0.000000 
1575 0.000009 0.000000 
1576 0.000008 0.000000 
1577 0.000008 0.000000 
1578 0.000008 0.000000 
1579 0.000007 0.000000 
1580 0.000007 0.000000 
1581 0.000007 0.000000 
1582 0.000007 0.000000 
1583 0.000006 0.000000 
1584 0.000006 0.000000 
1585 0.000006 0.000000 
1586 0.000006 0.000000 
1587 0.000006 0.000000 
1588 0.000005 0.000000 
1589 0.000005 0.000000 
1590 0.000005 0.000000 
1591 0.000005 0.000000 
1592 0.000005 0.000000 
1593 0.000004 0.000000 
1594 0.000004 0.000000 
1595 0.000004 0.000000 
1596 0.000004 0.000000 
1597 0.000004 0.000000 
1598 0.000004 0.000000 
1599 0.000004 0.000000 
1600 0.000003 0.000000 
1601 0.000003 0.000000 
1602 0.000003 0.000000 
1603 0.000003 0.000000 
1604 0.000003 0.000000 
1605 0.000003 0.000000 
1606 0.000003 0.000000 
1607 0.000003 0.000000 
1608 0.000003 0.000000 
1609 0.000002 0.000000 
1610 0.000002 0.000000 
1611 0.000002 0.000000 
1612 0.000002 0.000000 
1613 0.000002 0.000000 
1614 0.000002 0.000000 
1615 0.000002 0.000000 
1616 0.000002 0.000000 
1617 0.000002 0.000000 
1618 0.000002 0.000000 
1619 0.000002 0.000000 
1620 0.000002 0.000000 
1621 0.000002 0.000000 
1622 0.000001 0.000000 
1623 0.000001 0.000000 
1624 0.000001 0.000000 
1625 0.000001 0.000000 
1626 0.000001 0.000000 
1627 0.000001 0.000000 
1628 0.000001 0.000000 
1629 0.000001 0.000000 
1630 0.000001 0.000000 
1631 0.000001 0.000000 
1632 0.000001 0.000000 
1633 0.000001 0.000000 
1634 0.000001 0.000000 
1635 0.000001 0.000000 
1636 0.000001 0.000000 
1637 0.000001 0.000000 
1638 0.000001 0.000000 
1639 0.000001 0.000000 
1640 0.000001 0.000000 
1641 0.000001 0.000000 
1642 0.000001 0.000000 
1643 0.000001 0.000000 
1644 0.000001 0.000000 
1645 0.000001 0.000000 
1646 0.000001 0.000000 
1647 0.000001 0.000000 
1648 0.000001 0.000000 
1649 0.000001 0.000000 
1650 0.000000 0.000000 
1651 0.000000 0.000000 
1652 0.000000 0.000000 
1653 0.000000 0.000000 
1654 0.000000 0.000000 
1655 0.000000 0.000000 
1656 0.000000 0.000000 
1657 0.000000 0.000000 
1658 0.000000 0.000000 
1659 0.000000 0.000000 
1660 0.000000 0.000000 
1661 0.000000 0.000000 
1662 0.000000 0.000000 
1663 0.000000 0.000000 
1664 0.000000 0.000000 
1665 0.000000 0.000000 
1666 0.000000 0.000000 
1667 0.000000 0.000000 
1668 0.000000 0.000000 
1669 0.000000 0.000000 
1670 0.000000 0.000000 
1671 0.000000 0.000000 
1672 0.000000 0.000000 
1673 0.000000 0.000000 
1674 0.000000 0.000000 
1675 0.000000 0.000000 
1676 0.000000 0.000000 
1677 0.000000 0.000000 
1678 0.000000 0.000000 
1679 0.000000 0.000000 
1680 0.000000 0.000000 
1681 0.000000 0.000000 
1682 0.000000 0.000000 
1683 0.000000 0.000000 
1684 0.000000 0.000000 
1685 0.000000 0.000000 
1686 0.000000 0.000000 
1687 0.000000 0.000000 
1688 0.000000 0.000000 
1689 0.000000 0.000000 
1690 0.000000 0.000000 
1691 0.000000 0.000000 
1692 0.000000 0.000000 
1693 0.000000 0.000000 
1694 0.000000 0.000000 
1695 0.000000 0.000000 
1696 0.000000 0.000000 
1697 0.000000 0.000000 
1698 0.000000 0.000000 
1699 0.000000 0.000000 
1700 0.000000 0.000000 
1701 0.000000 0.000000 
1702 0.000000 0.000000 
1703 0.000000 0.000000 
1704 0.000000 0.000000 
1705 0.000000 0.000000 
1706 0.000000 0.000000 
1707 0.000000 0.000000 
1708 0.000000 0.000000 
1709 0.000000 0.000000 
1710 0.000000 0.000000 
1711 0.000000 0.000000 
1712 0.000000 0.000000 
1713 0.000000 0.000000 
1714 0.000000 0.000000 
1715 0.000000 0.000000 
1716 0.000000 0.000000 
1717 0.000000 0.000000 
1718 0.000000 0.000000 
1719 0.000000 0.000000 
1720 0.000000 0.000000 
1721 0.000000 0.000000 
1722 0.000000 0.000000 
1723 0.000000 0.000000 
1724 0.000000 0.000000 
1725 0.000000 0.000000 
1726 0.000000 0.000000 
1727 0.000000 0.000000 
1728 0.000000 0.000000 
1729 0.000000 0.000000 
1730 0.000000 0.000000 
1731 0.000000 0.000000 
1732 0.000000 0.000000 
1733 0.000000 0.000000 
1734 0.000000 0.000000 
1735 0.000000 0.000000 
1736 0.000000 0.000000 
1737 0.000000 0.000000 
1738 0.000000 0.000000 
1739 0.000000 0.000000 
1740 0.000000 0.000000 
1741 0.000000 0.000000 
1742 0.000000 0.000000 
1743 0.000000 0.000000 
1744 0.000000 0.000000 
1745 0.000000 0.000000 
1746 0.000000 0.000000 
1747 0.000000 0.000000 
1748 0.000000 0.000000 
1749 0.000000 0.000000 
1750 0.000000 0.000000 
1751 0.000000 0.000000 
1752 0.000000 0.000000 
1753 0.000000 0.000000 
1754 0.000000 0.000000 
1755 0.000000 0.000000 
1756 0.000000 0.000000 
1757 0.000000 0.000000 
1758 0.000000 0.000000 
1759 0.000000 0.000000 
1760 0.000000 0.000000 
1761 0.000000 0.000000 
1762 0.000000 0.000000 
1763 0.000000 0.000000 
1764 0.000000 0.000000 
1765 0.000000 0.000000 
1766 0.000000 0.000000 
1767 0.000000 0.000000 
1768 0.000000 0.000000 
1769 0.000000 0.000000 
1770 0.000000 0.000000 
1771 0.000000 0.000000 
1772 0.000000 0.000000 
1773 0.000000 0.000000 
1774 0.000000 0.000000 
1775 0.000000 0.000000 
1776 0.000000 0.000000 
1777 0.000000 0.000000 
1778 0.000000 0.000000 
1779 0.000000 0.000000 
1780 0.000000 0.000000 
1781 0.000000 0.000000 
1782 0.000000 0.000000 
1783 0.000000 0.000000 
1784 0.000000 0.000000 
1785 0.000000 0.000000 
1786 0.000000 0.000000 
1787 0.000000 0.000000 
1788 0.000000 0.000000 
1789 0.000000 0.000000 
1790 0.000000 0.000000 
1791 0.000000 0.000000 
1792 0.000000 0.000000 
1793 0.000000 0.000000 
1794 0.000000 0.000000 
1795 0.000000 0.000000 
1796 0.000000 0.000000 
1797 0.000000 0.000000 
1798 0.000000 0.000000 
1799 0.000000 0.000000 
1800 0.000000 0.000000 
1801 0.000000 0.000000 
1802 0.000000 0.000000 
1803 0.000000 0.000000 
1804 0.000000 0.000000 
1805 0.000000 0.000000 
1806 0.000000 0.000000 
1807 0.000000 0.000000 
1808 0.000000 0.000000 
1809 0.000000 0.000000 
1810 0.000000 0.000000 
1811 0.000000 0.000000 
1812 0.000000 0.000000 
1813 0.000000 0.000000 
1814 0.000000 0.000000 
1815 0.000000 0.000000 
1816 0.000000 0.000000 
1817 0.000000 0.000000 
1818 0.000000 0.000000 
1819 0.000000 0.000000 
1820 0.000000 0.000000 
1821 0.000000 0.000000 
1822 0.000000 0.000000 
1823 0.000000 0.000000 
1824 0.000000 0.000000 
1825 0.000000 0.000000 
1826 0.000000 0.000000 
1827 0.000000 0.000000 
1828 0.000000 0.000000 
1829 0.000000 0.000000 
1830 0.000000 0.000000 
1831 0.000000 0.000000 
1832 0.000000 0.000000 
1833 0.000000 0.000000 
1834 0.000000 0.000000 
1835 0.000000 0.000000 
1836 0.000000 0.000000 
1837 0.000000 0.000000 
1838 0.000000 0.000000 
1839 0.000000 0.000000 
1840 0.000000 0.000000 
1841 0.000000 0.000000 
1842 0.000000 0.000000 
1843 0.000000 0.000000 
1844 0.000000 0.000000 
1845 0.000000 0.000000 
1846 0.000000 0.000000 
1847 0.000000 0.000000 
1848 0.000000 0.000000 
1849 0.000000 0.000000 
1850 0.000000 0.000000 
1851 0.000000 0.000000 
1852 0.000000 0.000000 
1853 0.000000 0.000000 
1854 0.000000 0.000000 
1855 0.000000 0.000000 
1856 0.000000 0.000000 
1857 0.000000 0.000000 
1858 0.000000 0.000000 
1859 0.000000 0.000000 
1860 0.000000 0.000000 
1861 0.000000 0.000000 
1862 0.000000 0.000000 
1863 0.000000 0.000000 
1864 0.000000 0.000000 
1865 0.000000 0.000000 
1866 0.000000 0.000000 
1867 0.000000 0.000000 
1868 0.000000 0.000000 
1869 0.000000 0.000000 
1870 0.000000 0.000000 
1871 0.000000 0.000000 
1872 0.000000 0.000000 
1873 0.000000 0.000000 
1874 0.000000 0.000000 
1875 0.000000 0.000000 
1876 0.000000 0.000000 
1877 0.000000 0.000000 
1878 0.000000 0.000000 
1879 0.000000 0.000000 
1880 0.000000 0.000000 
1881 0.000000 0.000000 
1882 0.000000 0.000000 
1883 0.000000 0.000000 
1884 0.000000 0.000000 
1885 0.000000 0.000000 
1886 0.000000 0.000000 
1887 0.000000 0.000000 
1888 0.000000 0.000000 
1889 0.000000 0.000000 
1890 0.000000 0.000000 
1891 0.000000 0.000000 
1892 0.000000 0.000000 
1893 0.000000 0.000000 
1894 0.000000 0.000000 
1895 0.000000 0.000000 
1896 0.000000 0.000000 
1897 0.000000 0.000000 
1898 0.000000 0.000000 
1899 0.000000 0.000000 
1900 0.000000 0.000000 
1901 0.000000 0.000000 
1902 0.000000 0.000000 
1903 0.000000 0.000000 
1904 0.000000 0.000000 
1905 0.000000 0.000000 
1906 0.000000 0.000000 
1907 0.000000 0.000000 
1908 0.000000 0.000000 
1909 0.000000 0.000000 
1910 0.000000 0.000000 
1911 0.000000 0.000000 
1912 0.000000 0.000000 
1913 0.000000 0.000000 
1914 0.000000 0.000000 
1915 0.000000 0.000000 
1916 0.000000 0.000000 
1917 0.000000 0.000000 
1918 0.000000 0.000000 
1919 0.000000 0.000000 
1920 0.000000 0.000000 
1921 0.000000 0.000000 
1922 0.000000 0.000000 
1923 0.000000 0.000000 
1924 0.000000 0.000000 
1925 0.000000 0.000000 
1926 0.000000 0.000000 
1927 0.000000 0.000000 
1928 0.000000 0.000000 
1929 0.000000 0.000000 
1930 0.000000 0.000000 
1931 0.000000 0.000000 
1932 0.000000 0.000000 
1933 0.000000 0.000000 
1934 0.000000 0.000000 
1935 0.000000 0.000000 
1936 0.000000 0.000000 
1937 0.000000 0.000000 
1938 0.000000 0.000000 
1939 0.000000 0.000000 
1940 0.000000 0.000000 
1941 0.000000 0.000000 
1942 0.000000 0.000000 
1943 0.000000 0.000000 
1944 0.000000 0.000000 
1945 0.000000 0.000000 
1946 0.000000 0.000000 
1947 0.000000 0.000000 
1948 0.000000 0.000000 
1949 0.000000 0.000000 
1950 0.000000 0.000000 
1951 0.000000 0.000000 
1952 0.000000 0.000000 
1953 0.000000 0.000000 
1954 0.000000 0.000000 
1955 0.000000 0.000000 
1956 0.000000 0.000000 
1957 0.000000 0.000000 
1958 0.000000 0.000000 
1959 0.000000 0.000000 
1960 0.000000 0.000000 
1961 0.000000 0.000000 
1962 0.000000 0.000000 
1963 0.000000 0.000000 
1964 0.000000 0.000000 
1965 0.000000 0.000000 
1966 0.000000 0.000000 
1967 0.000000 0.000000 
1968 0.000000 0.000000 
1969 0.000000 0.000000 
1970 0.000000 0.000000 
1971 0.000000 0.000000 
1972 0.000000 0.000000 
1973 0.000000 0.000000 
1974 0.000000 0.000000 
1975 0.000000 0.000000 
1976 0.000000 0.000000 
1977 0.000000 0.000000 
1978 0.000000 0.000000 
1979 0.000000 0.000000 
1980 0.000000 0.000000 
1981 0.000000 0.000000 
1982 0.000000 0.000000 
1983 0.000000 0.000000 
1984 0.000000 0.000000 
1985 0.000000 0.000000 
1986 0.000000 0.000000 
1987 0.000000 0.000000 
1988 0.000000 0.000000 
1989 0.000000 0.000000 
1990 0.000000 0.000000 
1991 0.000000 0.000000 
1992 0.000000 0.000000 
1993 0.000000 0.000000 
1994 0.000000 0.000000 
1995 0.000000 0.000000 
1996 0.000000 0.000000 
1997 0.000000 0.000000 
1998 0.000000 0.000000 
1999 0.000000 0.000000 
2000 0.000000 0.000000 
2001 0.000000 0.000000 
2002 0.000000 0.000000 
2003 0.000000 0.000000 
2004 0.000000 0.000000 
2005 0.000000 0.000000 
2006 0.000000 0.000000 
2007 0.000000 0.000000 
2008 0.000000 0.000000 
2009 0.000000 0.000000 
2010 0.000000 0.000000 
2011 0.000000 0.000000 
2012 0.000000 0.000000 
2013 0.000000 0.000000 
2014 0.000000 0.000000 
2015 0.000000 0.000000 
2016 0.000000 0.000000 
2017 0.000000 0.000000 
2018 0.000000 0.000000 
2019 0.000000 0.000000 
2020 0.000000 0.000000 
2021 0.000000 0.000000 
2022 0.000000 0.000000 
2023 0.000000 0.000000 
2024 0.000000 0.000000 
2025 0.000000 0.000000 
2026 0.000000 0.000000 
2027 0.000000 0.000000 
2028 0.000000 0.000000 
2029 0.000000 0.000000 
2030 0.000000 0.000000 
2031 0.000000 0.000000 
2032 0.000000 0.000000 
2033 0.000000 0.000000 
2034 0.000000 0.000000 
2035 0.000000 0.000000 
2036 0.000000 0.000000 
2037 0.000000 0.000000 
2038 0.000000 0.000000 
2039 0.000000 0.000000 
2040 0.000000 0.000000 
2041 0.000000 0.000000 
2042 0.000000 0.000000 
2043 0.000000 0.000000 
2044 0.000000 0.000000 
2045 0.000000 0.000000 
2046 0.000000 0.000000 
2047 0.000000 0.000000 
2048 0.000000 0.000000 
2049 0.000000 0.000000 
2050 0.000000 0.000000 
2051 0.000000 0.000000 
2052 0.000000 0.000000 
2053 0.000000 0.000000 
2054 0.000000 0.000000 
2055 0.000000 0.000000 
2056 0.000000 0.000000 
2057 0.000000 0.000000 
2058 0.000000 0.000000 
2059 0.000000 0.000000 
2060 0.000000 0.000000 
2061 0.000000 0.000000 
2062 0.000000 0.000000 
2063 0.000000 0.000000 
2064 0.000000 0.000000 
2065 0.000000 0.000000 
2066 0.000000 0.000000 
2067 0.000000 0.000000 
2068 0.000000 0.000000 
2069 0.000000 0.000000 
2070 0.000000 0.000000 
2071 0.000000 0.000000 
2072 0.000000 0.000000 
2073 0.000000 0.000000 
2074 0.000000 0.000000 
2075 0.000000 0.000000 
2076 0.000000 0.000000 
2077 0.000000 0.000000 
2078 0.000000 0.000000 
2079 0.000000 0.000000 
2080 0.000000 0.000000 
2081 0.000000 0.000000 
2082 0.000000 0.000000 
2083 0.000000 0.000000 
2084 0.000000 0.000000 
2085 0.000000 0.000000 
2086 0.000000 0.000000 
2087 0.000000 0.000000 
2088 0.000000 0.000000 
2089 0.000000 0.000000 
2090 0.000000 0.000000 
2091 0.000000 0.000000 
2092 0.000000 0.000000 
2093 0.000000 0.000000 
2094 0.000000 0.000000 
2095 0.000000 0.000000 
2096 0.000000 0.000000 
2097 0.000000 0.000000 
2098 0.000000 0.000000 
2099 0.000000 0.000000 
2100 0.000000 0.000000 
2101 0.000000 0.000000 
2102 0.000000 0.000000 
2103 0.000000 0.000000 
2104 0.000000 0.000000 
2105 0.000000 0.000000 
2106 0.000000 0.000000 
2107 0.000000 0.000000 
2108 0.000000 0.000000 
2109 0.000000 0.000000 
2110 0.000000 0.000000 
2111 0.000000 0.000000 
2112 0.000000 0.000000 
2113 0.000000 0.000000 
2114 0.000000 0.000000 
2115 0.000000 0.000000 
2116 0.000000 0.000000 
2117 0.000000 0.000000 
2118 0.000000 0.000000 
2119 0.000000 0.000000 
2120 0.000000 0.000000 
2121 0.000000 0.000000 
2122 0.000000 0.000000 
2123 0.000000 0.000000 
2124 0.000000 0.000000 
2125 0.000000 0.000000 
2126 0.000000 0.000000 
2127 0.000000 0.000000 
2128 0.000000 0.000000 
2129 0.000000 0.000000 
2130 0.000000 0.000000 
2131 0.000000 0.000000 
2132 0.000000 0.000000 
2133 0.000000 0.000000 
2134 0.000000 0.000000 
2135 0.000000 0.000000 
2136 0.000000 0.000000 
2137 0.000000 0.000000 
2138 0.000000 0.000000 
2139 0.000000 0.000000 
2140 0.000000 0.000000 
2141 0.000000 0.000000 
2142 0.000000 0.000000 
2143 0.000000 0.000000 
2144 0.000000 0.000000 
2145 0.000000 0.000000 
2146 0.000000 0.000000 
2147 0.000000 0.000000 
2148 0.000000 0.000000 
2149 0.000000 0.000000 
2150 0.000000 0.000000 
2151 0.000000 0.000000 
2152 0.000000 0.000000 
2153 0.000000 0.000000 
2154 0.000000 0.000000 
2155 0.000000 0.000000 
2156 0.000000 0.000000 
2157 0.000000 0.000000 
2158 0.000000 0.000000 
2159 0.000000 0.000000 
2160 0.000000 0.000000 
2161 0.000000 0.000000 
2162 0.000000 0.000000 
2163 0.000000 0.000000 
2164 0.000000 0.000000 
2165 0.000000 0.000000 
2166 0.000000 0.000000 
2167 0.000000 0.000000 
2168 0.000000 0.000000 
2169 0.000000 0.000000 
2170 0.000000 0.000000 
2171 0.000000 0.000000 
2172 0.000000 0.000000 
2173 0.000000 0.000000 
2174 0.000000 0.000000 
2175 0.000000 0.000000 
2176 0.000000 0.000000 
2177 0.000000 0.000000 
2178 0.000000 0.000000 
2179 0.000000 0.000000 
2180 0.000000 0.000000 
2181 0.000000 0.000000 
2182 0.000000 0.000000 
2183 0.000000 0.000000 
2184 0.000000 0.000000 
2185 0.000000 0.000000 
2186 0.000000 0.000000 
2187 0.000000 0.000000 
2188 0.000000 0.000000 
2189 0.000000 0.000000 
2190 0.000000 0.000000 
2191 0.000000 0.000000 
2192 0.000000 0.000000 
2193 0.000000 0.000000 
2194 0.000000 0.000000 
2195 0.000000 0.000000 
2196 0.000000 0.000000 
2197 0.000000 0.000000 
2198 0.000000 0.000000 
2199 0.000000 0.000000 
2200 0.000000 0.000000 
2201 0.000000 0.000000 
2202 0.000000 0.000000 
2203 0.000000 0.000000 
2204 0.000000 0.000000 
2205 0.000000 0.000000 
2206 0.000000 0.000000 
2207 0.000000 0.000000 
2208 0.000000 0.000000 
2209 0.000000 0.000000 
2210 0.000000 0.000000 
2211 0.000000 0.000000 
2212 0.000000 0.000000 
2213 0.000000 0.000000 
2214 0.000000 0.000000 
2215 0.000000 0.000000 
2216 0.000000 0.000000 
2217 0.000000 0.000000 
2218 0.000000 0.000000 
2219 0.000000 0.000000 
2220 0.000000 0.000000 
2221 0.000000 0.000000 
2222 0.000000 0.000000 
2223 0.000000 0.000000 
2224 0.000000 0.000000 
2225 0.000000 0.000000 
2226 0.000000 0.000000 
2227 0.000000 0.000000 
2228 0.000000 0.000000 
2229 0.000000 0.000000 
2230 0.000000 0.000000 
2231 0.000000 0.000000 
2232 0.000000 0.000000 
2233 0.000000 0.000000 
2234 0.000000 0.000000 
2235 0.000000 0.000000 
2236 0.000000 0.000000 
2237 0.000000 0.000000 
2238 0.000000 0.000000 
2239 0.000000 0.000000 
2240 0.000000 0.000000 
2241 0.000000 0.000000 
2242 0.000000 0.000000 
2243 0.000000 0.000000 
2244 0.000000 0.000000 
2245 0.000000 0.000000 
2246 0.000000 0.000000 
2247 0.000000 0.000000 
2248 0.000000 0.000000 
2249 0.000000 0.000000 
2250 0.000000 0.000000 
2251 0.000000 0.000000 
2252 0.000000 0.000000 
2253 0.000000 0.000000 
2254 0.000000 0.000000 
2255 0.000000 0.000000 
2256 0.000000 0.000000 
2257 0.000000 0.000000 
2258 0.000000 0.000000 
2259 0.000000 0.000000 
2260 0.000000 0.000000 
2261 0.000000 0.000000 
2262 0.000000 0.000000 
2263 0.000000 0.000000 
2264 0.000000 0.000000 
2265 0.000000 0.000000 
2266 0.000000 0.000000 
2267 0.000000 0.000000 
2268 0.000000 0.000000 
2269 0.000000 0.000000 
2270 0.000000 0.000000 
2271 0.000000 0.000000 
2272 0.000000 0.000000 
2273 0.000000 0.000000 
2274 0.000000 0.000000 
2275 0.000000 0.000000 
2276 0.000000 0.000000 
2277 0.000000 0.000000 
2278 0.000000 0.000000 
2279 0.000000 0.000000 
2280 0.000000 0.000000 
2281 0.000000 0.000000 
2282 0.000000 0.000000 
2283 0.000000 0.000000 
2284 0.000000 0.000000 
2285 0.000000 0.000000 
2286 0.000000 0.000000 
2287 0.000000 0.000000 
2288 0.000000 0.000000 
2289 0.000000 0.000000 
2290 0.000000 0.000000 
2291 0.000000 0.000000 
2292 0.000000 0.000000 
2293 0.000000 0.000000 
2294 0.000000 0.000000 
2295 0.000000 0.000000 
2296 0.000000 0.000000 
2297 0.000000 0.000000 
2298 0.000000 0.000000 
2299 0.000000 0.000000 
2300 0.000000 0.000000 
2301 0.000000 0.000000 
2302 0.000000 0.000000 
2303 0.000000 0.000000 
2304 0.000000 0.000000 
2305 0.000000 0.000000 
2306 0.000000 0.000000 
2307 0.000000 0.000000 
2308 0.000000 0.000000 
2309 0.000000 0.000000 
2310 0.000000 0.000000 
2311 0.000000 0.000000 
2312 0.000000 0.000000 
2313 0.000000 0.000000 
2314 0.000000 0.000000 
2315 0.000000 0.000000 
2316 0.000000 0.000000 
2317 0.000000 0.000000 
2318 0.000000 0.000000 
2319 0.000000 0.000000 
2320 0.000000 0.000000 
2321 0.000000 0.000000 
2322 0.000000 0.000000 
2323 0.000000 0.000000 
2324 0.000000 0.000000 
2325 0.000000 0.000000 
2326 0.000000 0.000000 
2327 0.000000 0.000000 
2328 0.000000 0.000000 
2329 0.000000 0.000000 
2330 0.000000 0.000000 
2331 0.000000 0.000000 
2332 0.000000 0.000000 
2333 0.000000 0.000000 
2334 0.000000 0.000000 
2335 0.000000 0.000000 
2336 0.000000 0.000000 
2337 0.000000 0.000000 
2338 0.000000 0.000000 
2339 0.000000 0.000000 
2340 0.000000 0.000000 
2341 0.000000 0.000000 
2342 0.000000 0.000000 
2343 0.000000 0.000000 
2344 0.000000 0.000000 
2345 0.000000 0.000000 
2346 0.000000 0.000000 
2347 0.000000 0.000000 
2348 0.000000 0.000000 
2349 0.000000 0.000000 
2350 0.000000 0.000000 
2351 0.000000 0.000001 
2352 0.000000 0.000001 
2353 0.000000 0.000001 
2354 0.000000 0.000001 
2355 0.000000 0.000001 
2356 0.000000 0.000001 
2357 0.000000 0.000001 
2358 0.000000 0.000001 
2359 0.000000 0.000001 
2360 0.000000 0.000001 
2361 0.000000 0.000001 
2362 0.000000 0.000001 
2363 0.000000 0.000001 
2364 0.000000 0.000001 
2365 0.000000 0.000001 
2366 0.000000 0.000001 
2367 0.000000 0.000001 
2368 0.000000 0.000001 
2369 0.000000 0.000001 
2370 0.000000 0.000001 
2371 0.000000 0.000001 
2372 0.000000 0.000001 
2373 0.000000 0.000001 
2374 0.000000 0.000001 
2375 0.000000 0.000001 
2376 0.000000 0.000001 
2377 0.000000 0.000001 
2378 0.000000 0.000001 
2379 0.000000 0.000002 
2380 0.000000 0.000002 
2381 0.000000 0.000002 
2382 0.000000 0.000002 
2383 0.000000 0.000002 
2384 0.000000 0.000002 
2385 0.000000 0.000002 
2386 0.000000 0.000002 
2387 0.000000 0.000002 
2388 0.000000 0.000002 
2389 0.000000 0.000002 
2390 0.000000 0.000002 
2391 0.000000 0.000002 
2392 0.000000 0.000003 
2393 0.000000 0.000003 
2394 0.000000 0.000003 
2395 0.000000 0.000003 
2396 0.000000 0.000003 
2397 0.000000 0.000003 
2398 0.000000 0.000003 
2399 0.000000 0.000003 
2400 0.000000 0.000003 
2401 0.000000 0.000004 
2402 0.000000 0.000004 
2403 0.000000 0.000004 
2404 0.000000 0.000004 
2405 0.000000 0.000004 
2406 0.000000 0.000004 
2407 0.000000 0.000004 
2408 0.000000 0.000005 
2409 0.000000 0.000005 
2410 0.000000 0.000005 
2411 0.000000 0.000005 
2412 0.000000 0.000005 
2413 0.000000 0.000006 
2414 0.000000 0.000006 
2415 0.000000 0.000006 
2416 0.000000 0.000006 
2417 0.000000 0.000006 
2418 0.000000 0.000007 
2419 0.000000 0.000007 
2420 0.000000 0.000007 
2421 0.000000 0.000007 
2422 0.000000 0.000008 
2423 0.000000 0.000008 
2424 0.000000 0.000008 
2425 0.000000 0.000009 
2426 0.000000 0.000009 
2427 0.000000 0.000009 
2428 0.000000 0.000010 
2429 0.000000 0.000010 
2430 0.000000 0.000010 
2431 0.000000 0.000011 
2432 0.000000 0.000011 
2433 0.000000 0.000012 
2434 0.000000 0.000012 
2435 0.000000 0.000012 
2436 0.000000 0.000013 
2437 0.000000 0.000013 
2438 0.000000 0.000014 
2439 0.000000 0.000014 
2440 0.000000 0.000015 
2441 0.000000 0.000015 
2442 0.000000 0.000016 
2443 0.000000 0.000017 
2444 0.000000 0.000017 
2445 0.000000 0.000018 
2446 0.000000 0.000018 
2447 0.000000 0.000019 
2448 0.000000 0.000020 
2449 0.000000 0.000020 
2450 0.000000 0.000021 
2451 0.000000 0.000022 
2452 0.000000 0.000023 
2453 0.000000 0.000023 
2454 0.000000 0.000024 
2455 0.000000 0.000025 
2456 0.000000 0.000026 
2457 0.000000 0.000027 
2458 0.000000 0.000028 
2459 0.000000 0.000029 
2460 0.000000 0.000030 
2461 0.000000 0.000031 
2462 0.000000 0.000032 
2463 0.000000 0.000033 
2464 0.000000 0.000034 
2465 0.000000 0.000036 
2466 0.000000 0.000037 
2467 0.000000 0.000038 
2468 0.000000 0.000040 
2469 0.000000 0.000041 
2470 0.000000 0.000042 
2471 0.000000 0.000044 
2472 0.000000 0.000045 
2473 0.000000 0.000047 
2474 0.000000 0.000049 
2475 0.000000 0.000050 
2476 0.000000 0.000052 
2477 0.000000 0.000054 
2478 0.000000 0.000056 
2479 0.000000 0.000058 
2480 0.000000 0.000060 
2481 0.000000 0.000062 
2482 0.000000 0.000064 
2483 0.000000 0.000066 
2484 0.000000 0.000068 
2485 0.000000 0.000070 
2486 0.000000 0.000073 
2487 0.000000 0.000075 
2488 0.000000 0.000078 
2489 0.000000 0.000081 
2490 0.000000 0.000083 
2491 0.000000 0.000086 
2492 0.000000 0.000089 
2493 0.000000 0.000092 
2494 0.000000 0.000095 
2495 0.000000 0.000098 
2496 0.000000 0.000102 
2497 0.000000 0.000105 
2498 0.000000 0.000109 
2499 0.000000 0.000112 
2500 0.000000 0.000116 
2501 0.000000 0.000120 
2502 0.000000 0.000124 
2503 0.000000 0.000128 
2504 0.000000 0.000132 
2505 0.000000 0.000137 
2506 0.000000 0.000141 
2507 0.000000 0.000146 
2508 0.000000 0.000151 
2509 0.000000 0.000156 
2510 0.000000 0.000161 
2511 0.000000 0.000166 
2512 0.000000 0.000171 
2513 0.000000 0.000177 
2514 0.000000 0.000183 
2515 0.000000 0.000189 
2516 0.000000 0.000195 
2517 0.000000 0.000201 
2518 0.000000 0.000208 
2519 0.000000 0.000215 
2520 0.000000 0.000222 
2521 0.000000 0.000229 
2522 0.000000 0.000236 
2523 0.000000 0.000244 
2524 0.000000 0.000252 
2525 0.000000 0.000260 
2526 0.000000 0.000268 
2527 0.000000 0.000277 
2528 0.000000 0.000286 
2529 0.000000 0.000295 
2530 0.000000 0.000304 
2531 0.000000 0.000314 
2532 0.000000 0.000324 
2533 0.000000 0.000334 
2534 0.000000 0.000345 
2535 0.000000 0.000356 
2536 0.000000 0.000367 
2537 0.000000 0.000379 
2538 0.000000 0.000390 
2539 0.000000 0.000403 
2540 0.000000 0.000415 
2541 0.000000 0.000429 
2542 0.000000 0.000442 
2543 0.000000 0.000456 
2544 0.000000 0.000470 
2545 0.000000 0.000485 
2546 0.000000 0.000500 
2547 0.000000 0.000515 
2548 0.000000 0.000531 
2549 0.000000 0.000548 
2550 0.000000 0.000565 
2551 0.000000 0.000582 
2552 0.000000 0.000600 
2553 0.000000 0.000619 
2554 0.000000 0.000638 
2555 0.000000 0.000658 
2556 0.000000 0.000678 
2557 0.000000 0.000699 
2558 0.000000 0.000720 
2559 0.000000 0.000742 
2560 0.000000 0.000765 
2561 0.000000 0.000788 
2562 0.000000 0.000812 
2563 0.000000 0.000836 
2564 0.000000 0.000862 
2565 0.000000 0.000888 
2566 0.000000 0.000915 
2567 0.000000 0.000942 
2568 0.000000 0.000971 
2569 0.000000 0.001000 
2570 0.000000 0.001030 
2571 0.000000 0.001061 
2572 0.000000 0.001092 
2573 0.000000 0.001125 
2574 0.000000 0.001159 
2575 0.000000 0.001193 
2576 0.000000 0.001229 
2577 0.000000 0.001265 
2578 0.000000 0.001302 
2579 0.000000 0.001341 
2580 0.000000 0.001381 
2581 0.000000 0.001421 
2582 0.000000 0.001463 
2583 0.000000 0.001506 
2584 0.000000 0.001550 
2585 0.000000 0.001596 
2586 0.000000 0.001642 
2587 0.000000 0.001690 
2588 0.000000 0.001740 
2589 0.000000 0.001790 
2590 0.000000 0.001842 
2591 0.000000 0.001896 
2592 0.000000 0.001950 
2593 0.000000 0.002007 
2594 0.000000 0.002065 
2595 0.000000 0.002124 
2596 0.000000 0.002185 
2597 0.000000 0.002248 
2598 0.000000 0.002312 
2599 0.000000 0.002379 
2600 0.000000 0.002447 
2601 0.000000 0.002516 
2602 0.000000 0.002588 
2603 0.000000 0.002661 
2604 0.000000 0.002737 
2605 0.000000 0.002814 
2606 0.000000 0.002894 
2607 0.000000 0.002976 
2608 0.000000 0.003060 
2609 0.000000 0.003146 
2610 0.000000 0.003234 
2611 0.000000 0.003324 
2612 0.000000 0.003417 
2613 0.000000 0.003513 
2614 0.000000 0.003611 
2615 0.000000 0.003711 
2616 0.000000 0.003814 
2617 0.000000 0.003920 
2618 0.000000 0.004029 
2619 0.000000 0.004140 
2620 0.000000 0.004254 
2621 0.000000 0.004372 
2622 0.000000 0.004492 
2623 0.000000 0.004615 
2624 0.000000 0.004741 
2625 0.000000 0.004871 
2626 0.000000 0.005004 
2627 0.000000 0.005140 
2628 0.000000 0.005280 
2629 0.000000 0.005424 
2630 0.000000 0.005571 
2631 0.000000 0.005721 
2632 0.000000 0.005876 
2633 0.000000 0.006034 
2634 0.000000 0.006197 
2635 0.000000 0.006363 
2636 0.000000 0.006534 
2637 0.000000 0.006709 
2638 0.000000 0.006888 
2639 0.000000 0.007072 
2640 0.000000 0.007260 
2641 0.000000 0.007453 
2642 0.000000 0.007651 
2643 0.000000 0.007853 
2644 0.000000 0.008061 
2645 0.000000 0.008273 
2646 0.000000 0.008491 
2647 0.000000 0.008714 
2648 0.000000 0.008943 
2649 0.000000 0.009177 
2650 0.000000 0.009417 
2651 0.000000 0.009663 
2652 0.000000 0.009914 
2653 0.000000 0.010172 
2654 0.000000 0.010436 
2655 0.000000 0.010706 
2656 0.000000 0.010983 
2657 0.000000 0.011266 
2658 0.000000 0.011556 
2659 0.000000 0.011853 
2660 0.000000 0.012157 
2661 0.000000 0.012469 
2662 0.000000 0.012787 
2663 0.000000 0.013113 
2664 0.000000 0.013447 
2665 0.000000 0.013789 
2666 0.000000 0.014139 
2667 0.000000 0.014497 
2668 0.000000 0.014863 
2669 0.000000 0.015238 
2670 0.000000 0.015621 
2671 0.000000 0.016014 
2672 0.000000 0.016415 
2673 0.000000 0.016826 
2674 0.000000 0.017246 
2675 0.000000 0.017676 
2676 0.000000 0.018116 
2677 0.000000 0.018566 
2678 0.000000 0.019026 
2679 0.000000 0.019497 
2680 0.000000 0.019978 
2681 0.000000 0.020470 
2682 0.000000 0.020973 
2683 0.000000 0.021488 
2684 0.000000 0.022015 
2685 0.000000 0.022553 
2686 0.000000 0.023103 
2687 0.000000 0.023665 
2688 0.000000 0.024241 
2689 0.000000 0.024828 
2690 0.000000 0.025429 
2691 0.000000 0.026044 
2692 0.000000 0.026671 
2693 0.000000 0.027313 
2694 0.000000 0.027969 
2695 0.000000 0.028639 
2696 0.000000 0.029324 
2697 0.000000 0.030024 
2698 0.000000 0.030739 
2699 0.000000 0.031470 
2700 0.000000 0.032216 
2701 0.000000 0.032979 
2702 0.000000 0.033758 
2703 0.000000 0.034554 
2704 0.000000 0.035367 
2705 0.000000 0.036197 
2706 0.000000 0.037046 
2707 0.000000 0.037912 
2708 0.000000 0.038796 
2709 0.000000 0.039700 
2710 0.000000 0.040623 
2711 0.000000 0.041565 
2712 0.000000 0.042527 
2713 0.000000 0.043509 
2714 0.000000 0.044511 
2715 0.000000 0.045535 
2716 0.000000 0.046580 
2717 0.000000 0.047647 
2718 0.000000 0.048736 
2719 0.000000 0.049847 
2720 0.000000 0.050982 
2721 0.000000 0.052139 
2722 0.000000 0.053321 
2723 0.000000 0.054527 
2724 0.000000 0.055757 
2725 0.000000 0.057012 
2726 0.000000 0.058293 
2727 0.000000 0.059600 
2728 0.000000 0.060934 
2729 0.000000 0.062294 
2730 0.000000 0.063681 
2731 0.000000 0.065097 
2732 0.000000 0.066541 
2733 0.000000 0.068013 
2734 0.000000 0.069515 
2735 0.000000 0.071047 
2736 0.000000 0.072609 
2737 0.000000 0.074202 
2738 0.000000 0.075826 
2739 0.000000 0.077482 
2740 0.000000 0.079171 
2741 0.000000 0.080893 
2742 0.000000 0.082648 
2743 0.000000 0.084437 
2744 0.000000 0.086261 
2745 0.000000 0.088120 
2746 0.000000 0.090015 
2747 0.000000 0.091947 
2748 0.000000 0.093915 
2749 0.000000 0.095921 
2750 0.000000 0.097966 
2751 0.000000 0.100049 
2752 0.000000 0.102171 
2753 0.000000 0.104334 
2754 0.000000 0.106538 
2755 0.000000 0.108783 
2756 0.000000 0.111070 
2757 0.000000 0.113400 
2758 0.000000 0.115773 
2759 0.000000 0.118190 
2760 0.000000 0.120652 
2761 0.000000 0.123160 
2762 0.000000 0.125713 
2763 0.000000 0.128314 
2764 0.000000 0.130962 
2765 0.000000 0.133659 
2766 0.000000 0.136405 
2767 0.000000 0.139200 
2768 0.000000 0.142047 
2769 0.000000 0.144944 
2770 0.000000 0.147894 
2771 0.000000 0.150897 
2772 0.000000 0.153953 
2773 0.000000 0.157064 
2774 0.000000 0.160230 
2775 0.000000 0.163452 
2776 0.000000 0.166732 
2777 0.000000 0.170069 
2778 0.000000 0.173464 
2779 0.000000 0.176919 
2780 0.000000 0.180435 
2781 0.000000 0.184011 
2782 0.000000 0.187650 
2783 0.000000 0.191352 
2784 0.000000 0.195117 
2785 0.000000 0.198947 
2786 0.000000 0.202843 
2787 0.000000 0.206805 
2788 0.000000 0.210835 
2789 0.000000 0.214934 
2790 0.000000 0.219101 
2791 0.000000 0.223339 
2792 0.000000 0.227648 
2793 0.000000 0.232029 
2794 0.000000 0.236484 
2795 0.000000 0.241013 
2796 0.000000 0.245617 
2797 0.000000 0.250296 
2798 0.000000 0.255054 
2799 0.000000 0.259889 
2800 0.000000 0.264804 
2801 0.000000 0.269798 
2802 0.000000 0.274874 
2803 0.000000 0.280033 
2804 0.000000 0.285274 
2805 0.000000 0.290601 
2806 0.000000 0.296012 
2807 0.000000 0.301510 
2808 0.000000 0.307096 
2809 0.000000 0.312771 
2810 0.000000 0.318535 
2811 0.000000 0.324391 
2812 0.000000 0.330338 
2813 0.000000 0.336379 
2814 0.000000 0.342514 
2815 0.000000 0.348745 
2816 0.000000 0.355072 
2817 0.000000 0.361497 
2818 0.000000 0.368021 
2819 0.000000 0.374645 
2820 0.000000 0.381370 
2821 0.000000 0.388198 
2822 0.000000 0.395129 
2823 0.000000 0.402165 
2824 0.000000 0.409308 
2825 0.000000 0.416557 
2826 0.000000 0.423915 
2827 0.000000 0.431382 
2828 0.000000 0.438961 
2829 0.000000 0.446651 
2830 0.000000 0.454455 
2831 0.000000 0.462373 
2832 0.000000 0.470408 
2833 0.000000 0.478559 
2834 0.000000 0.486829 
2835 0.000000 0.495218 
2836 0.000000 0.503728 
2837 0.000000 0.512360 
2838 0.000000 0.521116 
2839 0.000000 0.529996 
2840 0.000000 0.539002 
2841 0.000000 0.548135 
2842 0.000000 0.557397 
2843 0.000000 0.566789 
2844 0.000000 0.576312 
2845 0.000000 0.585967 
2846 0.000000 0.595756 
2847 0.000000 0.605680 
2848 0.000000 0.615741 
2849 0.000000 0.625939 
2850 0.000000 0.636276 
2851 0.000000 0.646753 
2852 0.000000 0.657372 
2853 0.000000 0.668133 
2854 0.000000 0.679039 
2855 0.000000 0.690091 
2856 0.000000 0.701289 
2857 0.000000 0.712635 
2858 0.000000 0.724131 
2859 0.000000 0.735778 
2860 0.000000 0.747577 
2861 0.000000 0.759529 
2862 0.000000 0.771636 
2863 0.000000 0.783900 
2864 0.000000 0.796320 
2865 0.000000 0.808900 
2866 0.000000 0.821639 
2867 0.000000 0.834540 
2868 0.000000 0.847603 
2869 0.000000 0.860831 
2870 0.000000 0.874223 
2871 0.000000 0.887782 
2872 0.000000 0.901509 
2873 0.000000 0.915406 
2874 0.000000 0.929472 
2875 0.000000 0.943711 
2876 0.000000 0.958122 
2877 0.000000 0.972708 
2878 0.000000 0.987470 
2879 0.000000 1.002408 
2880 0.000000 1.017524 
2881 0.000000 1.032820 
2882 0.000000 1.048296 
2883 0.000000 1.063954 
2884 0.000000 1.079795 
2885 0.000000 1.095820 
2886 0.000000 1.112031 
2887 0.000000 1.128429 
2888 0.000000 1.145014 
2889 0.000000 1.161789 
2890 0.000000 1.178754 
2891 0.000000 1.195910 
2892 0.000000 1.213259 
2893 0.000000 1.230802 
2894 0.000000 1.248539 
2895 0.000000 1.266473 
2896 0.000000 1.284604 
2897 0.000000 1.302933 
2898 0.000000 1.321461 
2899 0.000000 1.340190 
2900 0.000000 1.359120 
2901 0.000000 1.378253 
2902 0.000000 1.397589 
2903 0.000000 1.417130 
2904 0.000000 1.436877 
2905 0.000000 1.456830 
2906 0.000000 1.476990 
2907 0.000000 1.497360 
2908 0.000000 1.517938 
2909 0.000000 1.538728 
2910 0.000000 1.559728 
2911 0.000000 1.580941 
2912 0.000000 1.602367 
2913 0.000000 1.624007 
2914 0.000000 1.645861 
2915 0.000000 1.667931 
2916 0.000000 1.690218 
2917 0.000000 1.712722 
2918 0.000000 1.735444 
2919 0.000000 1.758384 
2920 0.000000 1.781544 
2921 0.000000 1.804924 
2922 0.000000 1.828525 
2923 0.000000 1.852348 
2924 0.000000 1.876392 
2925 0.000000 1.900659 
2926 0.000000 1.925149 
2927 0.000000 1.949864 
2928 0.000000 1.974802 
2929 0.000000 1.999966 
2930 0.000000 2.025354 
2931 0.000000 2.050969 
2932 0.000000 2.076810 
2933 0.000000 2.102877 
2934 0.000000 2.129172 
2935 0.000000 2.155694 
2936 0.000000 2.182443 
2937 0.000000 2.209421 
2938 0.000000 2.236627 
2939 0.000000 2.264061 
2940 0.000000 2.291724 
2941 0.000000 2.319616 
2942 0.000000 2.347737 
2943 0.000000 2.376087 
2944 0.000000 2.404666 
2945 0.000000 2.433475 
2946 0.000000 2.462513 
2947 0.000000 2.491780 
2948 0.000000 2.521276 
2949 0.000000 2.551002 
2950 0.000000 2.580957 
2951 0.000000 2.611140 
2952 0.000000 2.641552 
2953 0.000000 2.672193 
2954 0.000000 2.703062 
2955 0.000000 2.734159 
2956 0.000000 2.765484 
2957 0.000000 2.797036 
2958 0.000000 2.828815 
2959 0.000000 2.860821 
2960 0.000000 2.893052 
2961 0.000000 2.925509 
2962 0.000000 2.958191 
2963 0.000000 2.991098 
2964 0.000000 3.024228 
2965 0.000000 3.057582 
2966 0.000000 3.091158 
2967 0.000000 3.124955 
2968 0.000000 3.158974 
2969 0.000000 3.193212 
2970 0.000000 3.227671 
2971 0.000000 3.262347 
2972 0.000000 3.297241 
2973 0.000000 3.332351 
2974 0.000000 3.367677 
2975 0.000000 3.403218 
2976 0.000000 3.438971 
2977 0.000000 3.474937 
2978 0.000000 3.511114 
2979 0.000000 3.547501 
2980 0.000000 3.584096 
2981 0.000000 3.620898 
2982 0.000000 3.657907 
2983 0.000000 3.695120 
2984 0.000000 3.732535 
2985 0.000000 3.770153 
2986 0.000000 3.807970 
2987 0.000000 3.845986 
2988 0.000000 3.884199 
2989 0.000000 3.922607 
2990 0.000000 3.961209 
2991 0.000000 4.000002 
2992 0.000000 4.038985 
2993 0.000000 4.078157 
2994 0.000000 4.117515 
2995 0.000000 4.157057 
2996 0.000000 4.196781 
2997 0.000000 4.236686 
2998 0.000000 4.276770 
2999 0.000000 4.317029 
3000 0.000000 4.357463 
3001 0.000000 4.398068 
3002 0.000000 4.438843 
3003 0.000000 4.479786 
3004 0.000000 4.520893 
3005 0.000000 4.562164 
3006 0.000000 4.603594 
3007 0.000000 4.645183 
3008 0.000000 4.686927 
3009 0.000000 4.728823 
3010 0.000000 4.770870 
3011 0.000000 4.813064 
3012 0.000000 4.855404 
3013 0.000000 4.897885 
3014 0.000000 4.940506 
3015 0.000000 4.983263 
3016 0.000000 5.026154 
3017 0.000000 5.069176 
3018 0.000000 5.112326 
3019 0.000000 5.155601 
3020 0.000000 5.198998 
3021 0.000000 5.242513 
3022 0.000000 5.286145 
3023 0.000000 5.329888 
3024 0.000000 5.373742 
3025 0.000000 5.417701 
3026 0.000000 5.461763 
3027 0.000000 5.505925 
3028 0.000000 5.550182 
3029 0.000000 5.594533 
3030 0.000000 5.638973 
3031 0.000000 5.683498 
3032 0.000000 5.728106 
3033 0.000000 5.772793 
3034 0.000000 5.817555 
3035 0.000000 5.862388 
3036 0.000000 5.907289 
3037 0.000000 5.952255 
3038 0.000000 5.997280 
3039 0.000000 6.042362 
3040 0.000000 6.087497 
3041 0.000000 6.132681 
3042 0.000000 6.177910 
3043 0.000000 6.223180 
3044 0.000000 6.268487 
3045 0.000000 6.313827 
3046 0.000000 6.359196 
3047 0.000000 6.404590 
3048 0.000000 6.450004 
3049 0.000000 6.495436 
3050 0.000000 6.540880 
3051 0.000000 6.586333 
3052 0.000000 6.631789 
3053 0.000000 6.677246 
3054 0.000000 6.722698 
3055 0.000000 6.768141 
3056 0.000000 6.813572 
3057 0.000000 6.858985 
3058 0.000000 6.904376 
3059 0.000000 6.949741 
3060 0.000000 6.995075 
3061 0.000000 7.040374 
3062 0.000000 7.085633 
3063 0.000000 7.130848 
3064 0.000000 7.176015 
3065 0.000000 7.221128 
3066 0.000000 7.266183 
3067 0.000000 7.311176 
3068 0.000000 7.356101 
3069 0.000000 7.400955 
3070 0.000000 7.445733 
3071 0.000000 7.490429 
3072 0.000000 7.535040 
3073 0.000000 7.579560 
3074 0.000000 7.623985 
3075 0.000000 7.668310 
3076 0.000000 7.712530 
3077 0.000000 7.756640 
3078 0.000000 7.800637 
3079 0.000000 7.844514 
3080 0.000000 7.888267 
3081 0.000000 7.931892 
3082 0.000000 7.975383 
3083 0.000000 8.018736 
3084 0.000000 8.061945 
3085 0.000000 8.105007 
3086 0.000000 8.147916 
3087 0.000000 8.190667 
3088 0.000000 8.233255 
3089 0.000000 8.275676 
3090 0.000000 8.317925 
3091 0.000000 8.359997 
3092 0.000000 8.401886 
3093 0.000000 8.443589 
3094 0.000000 8.485100 
3095 0.000000 8.526415 
3096 0.000000 8.567528 
3097 0.000000 8.608435 
3098 0.000000 8.649131 
3099 0.000000 8.689611 
3100 0.000000 8.729870 
3101 0.000000 8.769904 
3102 0.000000 8.809707 
3103 0.000000 8.849275 
3104 0.000000 8.888604 
3105 0.000000 8.927688 
3106 0.000000 8.966522 
3107 0.000000 9.005102 
3108 0.000000 9.043423 
3109 0.000000 9.081481 
3110 0.000000 9.119270 
3111 0.000000 9.156787 
3112 0.000000 9.194026 
3113 0.000000 9.230982 
3114 0.000000 9.267652 
3115 0.000000 9.304031 
3116 0.000000 9.340113 
3117 0.000000 9.375895 
3118 0.000000 9.411372 
3119 0.000000 9.446539 
3120 0.000000 9.481392 
3121 0.000000 9.515927 
3122 0.000000 9.550139 
3123 0.000000 9.584024 
3124 0.000000 9.617577 
3125 0.000000 9.650794 
3126 0.000000 9.683671 
3127 0.000000 9.716204 
3128 0.000000 9.748388 
3129 0.000000 9.780219 
3130 0.000000 9.811694 
3131 0.000000 9.842807 
3132 0.000000 9.873555 
3133 0.000000 9.903934 
3134 0.000000 9.933940 
3135 0.000000 9.963568 
3136 0.000000 9.992816 
3137 0.000000 10.021679 
3138 0.000000 10.050153 
3139 0.000000 10.078235 
3140 0.000000 10.105920 
3141 0.000000 10.133205 
3142 0.000000 10.160087 
3143 0.000000 10.186562 
3144 0.000000 10.212626 
3145 0.000000 10.238276 
3146 0.000000 10.263509 
3147 0.000000 10.288320 
3148 0.000000 10.312707 
3149 0.000000 10.336666 
3150 0.000000 10.360194 
3151 0.000000 10.383288 
3152 0.000000 10.405945 
3153 0.000000 10.428162 
3154 0.000000 10.449935 
3155 0.000000 10.471262 
3156 0.000000 10.492140 
3157 0.000000 10.512565 
3158 0.000000 10.532536 
3159 0.000000 10.552049 
3160 0.000000 10.571102 
3161 0.000000 10.589691 
3162 0.000000 10.607816 
3163 0.000000 10.625472 
3164 0.000000 10.642658 
3165 0.000000 10.659371 
3166 0.000000 10.675609 
3167 0.000000 10.691370 
3168 0.000000 10.706651 
3169 0.000000 10.721451 
3170 0.000000 10.735767 
3171 0.000000 10.749597 
3172 0.000000 10.762940 
3173 0.000000 10.775793 
3174 0.000000 10.788155 
3175 0.000000 10.800024 
3176 0.000000 10.811398 
3177 0.000000 10.822276 
3178 0.000000 10.832657 
3179 0.000000 10.842538 
3180 0.000000 10.851919 
3181 0.000000 10.860798 
3182 0.000000 10.869173 
3183 0.000000 10.877045 
3184 0.000000 10.884411 
3185 0.000000 10.891271 
3186 0.000000 10.897623 
3187 0.000000 10.903467 
3188 0.000000 10.908802 
3189 0.000000 10.913627 
3190 0.000000 10.917942 
3191 0.000000 10.921745 
3192 0.000000 10.925037 
3193 0.000000 10.927817 
3194 0.000000 10.930085 
3195 0.000000 10.931839 
3196 0.000000 10.933081 
3197 0.000000 10.933809 
3198 0.000000 10.934024 
3199 0.000000 10.933726 
3200 0.000000 10.932915 
3201 0.000000 10.931590 
3202 0.000000 10.929752 
3203 0.000000 10.927402 
3204 0.000000 10.924539 
3205 0.000000 10.921165 
3206 0.000000 10.917278 
3207 0.000000 10.912881 
3208 0.000000 10.907974 
3209 0.000000 10.902557 
3210 0.000000 10.896631 
3211 0.000000 10.890197 
3212 0.000000 10.883256 
3213 0.000000 10.875809 
3214 0.000000 10.867856 
3215 0.000000 10.859400 
3216 0.000000 10.850441 
3217 0.000000 10.840980 
3218 0.000000 10.831020 
3219 0.000000 10.820560 
3220 0.000000 10.809603 
3221 0.000000 10.798151 
3222 0.000000 10.786204 
3223 0.000000 10.773765 
3224 0.000000 10.760835 
3225 0.000000 10.747416 
3226 0.000000 10.733509 
3227 0.000000 10.719118 
3228 0.000000 10.704244 
3229 0.000000 10.688888 
3230 0.000000 10.673054 
3231 0.000000 10.656742 
3232 0.000000 10.639957 
3233 0.000000 10.622699 
3234 0.000000 10.604971 
3235 0.000000 10.586776 
3236 0.000000 10.568116 
3237 0.000000 10.548994 
3238 0.000000 10.529413 
3239 0.000000 10.509374 
3240 0.000000 10.488881 
3241 0.000000 10.467937 
3242 0.000000 10.446545 
3243 0.000000 10.424707 
3244 0.000000 10.402426 
3245 0.000000 10.379706 
3246 0.000000 10.356549 
3247 0.000000 10.332960 
3248 0.000000 10.308940 
3249 0.000000 10.284493 
3250 0.000000 10.259622 
3251 0.000000 10.234332 
3252 0.000000 10.208625 
3253 0.000000 10.182504 
3254 0.000000 10.155974 
3255 0.000000 10.129037 
3256 0.000000 10.101698 
3257 0.000000 10.073960 
3258 0.000000 10.045827 
3259 0.000000 10.017302 
3260 0.000000 9.988389 
3261 0.000000 9.959093 
3262 0.000000 9.929416 
3263 0.000000 9.899363 
3264 0.000000 9.868938 
3265 0.000000 9.838145 
3266 0.000000 9.806988 
3267 0.000000 9.775471 
3268 0.000000 9.743598 
3269 0.000000 9.711373 
3270 0.000000 9.678801 
3271 0.000000 9.645885 
3272 0.000000 9.612630 
3273 0.000000 9.579040 
3274 0.000000 9.545120 
3275 0.000000 9.510873 
3276 0.000000 9.476305 
3277 0.000000 9.441420 
3278 0.000000 9.406221 
3279 0.000000 9.370714 
3280 0.000000 9.334903 
3281 0.000000 9.298793 
3282 0.000000 9.262388 
3283 0.000000 9.225692 
3284 0.000000 9.188711 
3285 0.000000 9.151448 
3286 0.000000 9.113909 
3287 0.000000 9.076098 
3288 0.000000 9.038020 
3289 0.000000 8.999680 
3290 0.000000 8.961081 
3291 0.000000 8.922230 
3292 0.000000 8.883130 
3293 0.000000 8.843787 
3294 0.000000 8.804205 
3295 0.000000 8.764389 
3296 0.000000 8.724344 
3297 0.000000 8.684074 
3298 0.000000 8.643585 
3299 0.000000 8.602881 
3300 0.000000 8.561966 
3301 0.000000 8.520847 
3302 0.000000 8.479527 
3303 0.000000 8.438012 
3304 0.000000 8.396307 
3305 0.000000 8.354415 
3306 0.000000 8.312343 
3307 0.000000 8.270094 
3308 0.000000 8.227674 
3309 0.000000 8.185088 
3310 0.000000 8.142340 
3311 0.000000 8.099436 
3312 0.000000 8.056380 
3313 0.000000 8.013177 
3314 0.000000 7.969831 
3315 0.000000 7.926348 
3316 0.000000 7.882733 
3317 0.000000 7.838990 
3318 0.000000 7.795124 
3319 0.000000 7.751140 
3320 0.000000 7.707043 
3321 0.000000 7.662837 
3322 0.000000 7.618528 
3323 0.000000 7.574119 
3324 0.000000 7.529616 
3325 0.000000 7.485023 
3326 0.000000 7.440346 
3327 0.000000 7.395588 
3328 0.000000 7.350755 
3329 0.000000 7.305851 
3330 0.000000 7.260880 
3331 0.000000 7.215848 
3332 0.000000 7.170759 
3333 0.000000 7.125618 
3334 0.000000 7.080428 
3335 0.000000 7.035195 
3336 0.000000 6.989924 
3337 0.000000 6.944618 
3338 0.000000 6.899282 
3339 0.000000 6.853920 
3340 0.000000 6.808538 
3341 0.000000 6.763139 
3342 0.000000 6.717727 
3343 0.000000 6.672308 
3344 0.000000 6.626884 
3345 0.000000 6.581462 
3346 0.000000 6.536044 
3347 0.000000 6.490635 
3348 0.000000 6.445240 
3349 0.000000 6.399861 
3350 0.000000 6.354505 
3351 0.000000 6.309174 
3352 0.000000 6.263872 
3353 0.000000 6.218604 
3354 0.000000 6.173374 
3355 0.000000 6.128185 
3356 0.000000 6.083042 
3357 0.000000 6.037949 
3358 0.000000 5.992908 
3359 0.000000 5.947925 
3360 0.000000 5.903002 
3361 0.000000 5.858145 
3362 0.000000 5.813355 
3363 0.000000 5.768637 
3364 0.000000 5.723995 
3365 0.000000 5.679432 
3366 0.000000 5.634952 
3367 0.000000 5.590558 
3368 0.000000 5.546254 
3369 0.000000 5.502043 
3370 0.000000 5.457928 
3371 0.000000 5.413913 
3372 0.000000 5.370001 
3373 0.000000 5.326196 
3374 0.000000 5.282501 
3375 0.000000 5.238918 
3376 0.000000 5.195451 
3377 0.000000 5.152103 
3378 0.000000 5.108878 
3379 0.000000 5.065778 
3380 0.000000 5.022805 
3381 0.000000 4.979964 
3382 0.000000 4.937257 
3383 0.000000 4.894686 
3384 0.000000 4.852255 
3385 0.000000 4.809967 
3386 0.000000 4.767823 
3387 0.000000 4.725827 
3388 0.000000 4.683981 
3389 0.000000 4.642289 
3390 0.000000 4.600751 
3391 0.000000 4.559372 
3392 0.000000 4.518153 
3393 0.000000 4.477097 
3394 0.000000 4.436206 
3395 0.000000 4.395482 
3396 0.000000 4.354928 
3397 0.000000 4.314546 
3398 0.000000 4.274337 
3399 0.000000 4.234306 
3400 0.000000 4.194452 
3401 0.000000 4.154779 
3402 0.000000 4.115288 
3403 0.000000 4.075981 
3404 0.000000 4.036861 
3405 0.000000 3.997928 
3406 0.000000 3.959186 
3407 0.000000 3.920635 
3408 0.000000 3.882278 
3409 0.000000 3.844115 
3410 0.000000 3.806150 
3411 0.000000 3.768382 
3412 0.000000 3.730815 
3413 0.000000 3.693449 
3414 0.000000 3.656286 
3415 0.000000 3.619327 
3416 0.000000 3.582574 
3417 0.000000 3.546027 
3418 0.000000 3.509690 
3419 0.000000 3.473561 
3420 0.000000 3.437644 
3421 0.000000 3.401938 
3422 0.000000 3.366445 
3423 0.000000 3.331167 
3424 0.000000 3.296104 
3425 0.000000 3.261257 
3426 0.000000 3.226627 
3427 0.000000 3.192215 
3428 0.000000 3.158023 
3429 0.000000 3.124050 
3430 0.000000 3.090298 
3431 0.000000 3.056767 
3432 0.000000 3.023458 
3433 0.000000 2.990372 
3434 0.000000 2.957510 
3435 0.000000 2.924871 
3436 0.000000 2.892458 
3437 0.000000 2.860269 
3438 0.000000 2.828306 
3439 0.000000 2.796569 
3440 0.000000 2.765059 
3441 0.000000 2.733776 
3442 0.000000 2.702720 
3443 0.000000 2.671891 
3444 0.000000 2.641291 
3445 0.000000 2.610918 
3446 0.000000 2.580774 
3447 0.000000 2.550859 
3448 0.000000 2.521171 
3449 0.000000 2.491713 
3450 0.000000 2.462484 
3451 0.000000 2.433483 
3452 0.000000 2.404711 
3453 0.000000 2.376168 
3454 0.000000 2.347854 
3455 0.000000 2.319769 
3456 0.000000 2.291912 
3457 0.000000 2.264283 
3458 0.000000 2.236883 
3459 0.000000 2.209711 
3460 0.000000 2.182766 
3461 0.000000 2.156049 
3462 0.000000 2.129560 
3463 0.000000 2.103297 
3464 0.000000 2.077261 
3465 0.000000 2.051451 
3466 0.000000 2.025866 
3467 0.000000 2.000507 
3468 0.000000 1.975373 
3469 0.000000 1.950464 
3470 0.000000 1.925778 
3471 0.000000 1.901316 
3472 0.000000 1.877076 
3473 0.000000 1.853058 
3474 0.000000 1.829263 
3475 0.000000 1.805688 
3476 0.000000 1.782333 
3477 0.000000 1.759198 
3478 0.000000 1.736282 
3479 0.000000 1.713585 
3480 0.000000 1.691105 
3481 0.000000 1.668841 
3482 0.000000 1.646793 
3483 0.000000 1.624961 
3484 0.000000 1.603343 
3485 0.000000 1.581938 
3486 0.000000 1.560747 
3487 0.000000 1.539766 
3488 0.000000 1.518997 
3489 0.000000 1.498438 
3490 0.000000 1.478087 
3491 0.000000 1.457945 
3492 0.000000 1.438010 
3493 0.000000 1.418281 
3494 0.000000 1.398757 
3495 0.000000 1.379437 
3496 0.000000 1.360321 
3497 0.000000 1.341406 
3498 0.000000 1.322693 
3499 0.000000 1.304179 
3500 0.000000 1.285865 
3501 0.000000 1.267748 
3502 0.000000 1.249828 
3503 0.000000 1.232104 
3504 0.000000 1.214574 
3505 0.000000 1.197237 
3506 0.000000 1.180092 
3507 0.000000 1.163139 
3508 0.000000 1.146375 
3509 0.000000 1.129800 
3510 0.000000 1.113413 
3511 0.000000 1.097212 
3512 0.000000 1.081196 
3513 0.000000 1.065364 
3514 0.000000 1.049714 
3515 0.000000 1.034246 
3516 0.000000 1.018958 
3517 0.000000 1.003850 
3518 0.000000 0.988918 
3519 0.000000 0.974164 
3520 0.000000 0.959584 
3521 0.000000 0.945179 
3522 0.000000 0.930946 
3523 0.000000 0.916884 
3524 0.000000 0.902993 
3525 0.000000 0.889270 
3526 0.000000 0.875715 
3527 0.000000 0.862326 
3528 0.000000 0.849102 
3529 0.000000 0.836042 
3530 0.000000 0.823144 
3531 0.000000 0.810407 
3532 0.000000 0.797830 
3533 0.000000 0.785411 
3534 0.000000 0.773150 
3535 0.000000 0.761044 
3536 0.000000 0.749092 
3537 0.000000 0.737294 
3538 0.000000 0.725648 
3539 0.000000 0.714152 
3540 0.000000 0.702805 
3541 0.000000 0.691606 
3542 0.000000 0.680554 
3543 0.000000 0.669647 
3544 0.000000 0.658884 
3545 0.000000 0.648264 
3546 0.000000 0.637785 
3547 0.000000 0.627446 
3548 0.000000 0.617245 
3549 0.000000 0.607183 
3550 0.000000 0.597256 
3551 0.000000 0.587464 
3552 0.000000 0.577805 
3553 0.000000 0.568279 
3554 0.000000 0.558883 
3555 0.000000 0.549617 
3556 0.000000 0.540480 
3557 0.000000 0.531469 
3558 0.000000 0.522584 
3559 0.000000 0.513824 
3560 0.000000 0.505187 
3561 0.000000 0.496672 
3562 0.000000 0.488277 
3563 0.000000 0.480002 
3564 0.000000 0.471845 
3565 0.000000 0.463805 
3566 0.000000 0.455881 
3567 0.000000 0.448071 
3568 0.000000 0.440374 
3569 0.000000 0.432789 
3570 0.000000 0.425315 
3571 0.000000 0.417950 
3572 0.000000 0.410694 
3573 0.000000 0.403545 
3574 0.000000 0.396501 
3575 0.000000 0.389563 
3576 0.000000 0.382728 
3577 0.000000 0.375995 
3578 0.000000 0.369363 
3579 0.000000 0.362831 
3580 0.000000 0.356399 
3581 0.000000 0.350063 
3582 0.000000 0.343825 
3583 0.000000 0.337681 
3584 0.000000 0.331632 
3585 0.000000 0.325676 
3586 0.000000 0.319812 
3587 0.000000 0.314039 
3588 0.000000 0.308356 
3589 0.000000 0.302761 
3590 0.000000 0.297254 
3591 0.000000 0.291834 
3592 0.000000 0.286499 
3593 0.000000 0.281248 
3594 0.000000 0.276081 
3595 0.000000 0.270995 
3596 0.000000 0.265991 
3597 0.000000 0.261068 
3598 0.000000 0.256223 
3599 0.000000 0.251457 
3600 0.000000 0.246767 
3601 0.000000 0.242154 
3602 0.000000 0.237616 
3603 0.000000 0.233152 
3604 0.000000 0.228761 
3605 0.000000 0.224442 
3606 0.000000 0.220195 
3607 0.000000 0.216018 
3608 0.000000 0.211910 
3609 0.000000 0.207871 
3610 0.000000 0.203899 
3611 0.000000 0.199993 
3612 0.000000 0.196153 
3613 0.000000 0.192378 
3614 0.000000 0.188667 
3615 0.000000 0.185018 
3616 0.000000 0.181432 
3617 0.000000 0.177907 
3618 0.000000 0.174442 
3619 0.000000 0.171037 
3620 0.000000 0.167690 
3621 0.000000 0.164401 
3622 0.000000 0.161170 
3623 0.000000 0.157994 
3624 0.000000 0.154873 
3625 0.000000 0.151807 
3626 0.000000 0.148795 
3627 0.000000 0.145836 
3628 0.000000 0.142929 
3629 0.000000 0.140073 
3630 0.000000 0.137268 
3631 0.000000 0.134513 
3632 0.000000 0.131807 
3633 0.000000 0.129149 
3634 0.000000 0.126539 
3635 0.000000 0.123976 
3636 0.000000 0.121459 
3637 0.000000 0.118988 
3638 0.000000 0.116562 
3639 0.000000 0.114179 
3640 0.000000 0.111840 
3641 0.000000 0.109544 
3642 0.000000 0.107290 
3643 0.000000 0.105078 
3644 0.000000 0.102906 
3645 0.000000 0.100775 
3646 0.000000 0.098683 
3647 0.000000 0.096630 
3648 0.000000 0.094615 
3649 0.000000 0.092638 
3650 0.000000 0.090698 
3651 0.000000 0.088794 
3652 0.000000 0.086926 
3653 0.000000 0.085094 
3654 0.000000 0.083296 
3655 0.000000 0.081533 
3656 0.000000 0.079803 
3657 0.000000 0.078106 
3658 0.000000 0.076442 
3659 0.000000 0.074809 
3660 0.000000 0.073208 
3661 0.000000 0.071638 
3662 0.000000 0.070099 
3663 0.000000 0.068589 
3664 0.000000 0.067109 
3665 0.000000 0.065657 
3666 0.000000 0.064234 
3667 0.000000 0.062839 
3668 0.000000 0.061471 
3669 0.000000 0.060130 
3670 0.000000 0.058816 
3671 0.000000 0.057528 
3672 0.000000 0.056265 
3673 0.000000 0.055027 
3674 0.000000 0.053814 
3675 0.000000 0.052626 
3676 0.000000 0.051461 
3677 0.000000 0.050320 
3678 0.000000 0.049201 
3679 0.000000 0.048106 
3680 0.000000 0.047032 
3681 0.000000 0.045981 
3682 0.000000 0.044950 
3683 0.000000 0.043941 
3684 0.000000 0.042952 
3685 0.000000 0.041984 
3686 0.000000 0.041036 
3687 0.000000 0.040107 
3688 0.000000 0.039197 
3689 0.000000 0.038306 
3690 0.000000 0.037434 
3691 0.000000 0.036580 
3692 0.000000 0.035743 
3693 0.000000 0.034925 
3694 0.000000 0.034123 
3695 0.000000 0.033338 
3696 0.000000 0.032570 
3697 0.000000 0.031818 
3698 0.000000 0.031081 
3699 0.000000 0.030361 
3700 0.000000 0.029655 
3701 0.000000 0.028965 
3702 0.000000 0.028290 
3703 0.000000 0.027629 
3704 0.000000 0.026982 
3705 0.000000 0.026349 
3706 0.000000 0.025730 
3707 0.000000 0.025124 
3708 0.000000 0.024531 
3709 0.000000 0.023951 
3710 0.000000 0.023384 
3711 0.000000 0.022829 
3712 0.000000 0.022286 
3713 0.000000 0.021755 
3714 0.000000 0.021236 
3715 0.000000 0.020728 
3716 0.000000 0.020231 
3717 0.000000 0.019746 
3718 0.000000 0.019271 
3719 0.000000 0.018806 
3720 0.000000 0.018352 
3721 0.000000 0.017908 
3722 0.000000 0.017474 
3723 0.000000 0.017050 
3724 0.000000 0.016635 
3725 0.000000 0.016230 
3726 0.000000 0.015834 
3727 0.000000 0.015446 
3728 0.000000 0.015068 
3729 0.000000 0.014698 
3730 0.000000 0.014336 
3731 0.000000 0.013983 
3732 0.000000 0.013638 
3733 0.000000 0.013300 
3734 0.000000 0.012971 
3735 0.000000 0.012649 
3736 0.000000 0.012334 
3737 0.000000 0.012027 
3738 0.000000 0.011727 
3739 0.000000 0.011433 
3740 0.000000 0.011147 
3741 0.000000 0.010867 
3742 0.000000 0.010594 
3743 0.000000 0.010327 
3744 0.000000 0.010066 
3745 0.000000 0.009812 
3746 0.000000 0.009563 
3747 0.000000 0.009321 
3748 0.000000 0.009084 
3749 0.000000 0.008852 
3750 0.000000 0.008626 
3751 0.000000 0.008406 
3752 0.000000 0.008191 
3753 0.000000 0.007981 
3754 0.000000 0.007776 
3755 0.000000 0.007576 
3756 0.000000 0.007380 
3757 0.000000 0.007190 
3758 0.000000 0.007004 
3759 0.000000 0.006822 
3760 0.000000 0.006645 
3761 0.000000 0.006472 
3762 0.000000 0.006303 
3763 0.000000 0.006139 
3764 0.000000 0.005978 
3765 0.000000 0.005822 
3766 0.000000 0.005669 
3767 0.000000 0.005520 
3768 0.000000 0.005375 
3769 0.000000 0.005233 
3770 0.000000 0.005095 
3771 0.000000 0.004960 
3772 0.000000 0.004828 
3773 0.000000 0.004700 
3774 0.000000 0.004575 
3775 0.000000 0.004453 
3776 0.000000 0.004334 
3777 0.000000 0.004218 
3778 0.000000 0.004105 
3779 0.000000 0.003995 
3780 0.000000 0.003888 
3781 0.000000 0.003783 
3782 0.000000 0.003681 
3783 0.000000 0.003582 
3784 0.000000 0.003485 
3785 0.000000 0.003390 
3786 0.000000 0.003298 
3787 0.000000 0.003209 
3788 0.000000 0.003121 
3789 0.000000 0.003036 
3790 0.000000 0.002953 
3791 0.000000 0.002872 
3792 0.000000 0.002793 
3793 0.000000 0.002717 
3794 0.000000 0.002642 
3795 0.000000 0.002569 
3796 0.000000 0.002498 
3797 0.000000 0.002429 
3798 0.000000 0.002362 
3799 0.000000 0.002296 
3800 0.000000 0.002233 
3801 0.000000 0.002170 
3802 0.000000 0.002110 
3803 0.000000 0.002051 
3804 0.000000 0.001994 
3805 0.000000 0.001938 
3806 0.000000 0.001883 
3807 0.000000 0.001830 
3808 0.000000 0.001779 
3809 0.000000 0.001729 
3810 0.000000 0.001680 
3811 0.000000 0.001632 
3812 0.000000 0.001586 
3813 0.000000 0.001541 
3814 0.000000 0.001497 
3815 0.000000 0.001455 
3816 0.000000 0.001413 
3817 0.000000 0.001373 
3818 0.000000 0.001334 
3819 0.000000 0.001295 
3820 0.000000 0.001258 
3821 0.000000 0.001222 
3822 0.000000 0.001187 
3823 0.000000 0.001153 
3824 0.000000 0.001119 
3825 0.000000 0.001087 
3826 0.000000 0.001056 
3827 0.000000 0.001025 
3828 0.000000 0.000995 
3829 0.000000 0.000966 
3830 0.000000 0.000938 
3831 0.000000 0.000911 
3832 0.000000 0.000884 
3833 0.000000 0.000858 
3834 0.000000 0.000833 
3835 0.000000 0.000809 
3836 0.000000 0.000785 
3837 0.000000 0.000762 
3838 0.000000 0.000739 
3839 0.000000 0.000717 
3840 0.000000 0.000696 
3841 0.000000 0.000675 
3842 0.000000 0.000655 
3843 0.000000 0.000636 
3844 0.000000 0.000617 
3845 0.000000 0.000599 
3846 0.000000 0.000581 
3847 0.000000 0.000563 
3848 0.000000 0.000546 
3849 0.000000 0.000530 
3850 0.000000 0.000514 
3851 0.000000 0.000499 
3852 0.000000 0.000484 
3853 0.000000 0.000469 
3854 0.000000 0.000455 
3855 0.000000 0.000441 
3856 0.000000 0.000428 
3857 0.000000 0.000415 
3858 0.000000 0.000402 
3859 0.000000 0.000390 
3860 0.000000 0.000378 
3861 0.000000 0.000366 
3862 0.000000 0.000355 
3863 0.000000 0.000344 
3864 0.000000 0.000334 
3865 0.000000 0.000323 
3866 0.000000 0.000313 
3867 0.000000 0.000304 
3868 0.000000 0.000294 
3869 0.000000 0.000285 
3870 0.000000 0.000277 
3871 0.000000 0.000268 
3872 0.000000 0.000260 
3873 0.000000 0.000252 
3874 0.000000 0.000244 
3875 0.000000 0.000236 
3876 0.000000 0.000229 
3877 0.000000 0.000222 
3878 0.000000 0.000215 
3879 0.000000 0.000208 
3880 0.000000 0.000201 
3881 0.000000 0.000195 
3882 0.000000 0.000189 
3883 0.000000 0.000183 
3884 0.000000 0.000177 
3885 0.000000 0.000172 
3886 0.000000 0.000166 
3887 0.000000 0.000161 
3888 0.000000 0.000156 
3889 0.000000 0.000151 
3890 0.000000 0.000146 
3891 0.000000 0.000141 
3892 0.000000 0.000137 
3893 0.000000 0.000132 
3894 0.000000 0.000128 
3895 0.000000 0.000124 
3896 0.000000 0.000120 
3897 0.000000 0.000116 
3898 0.000000 0.000112 
3899 0.000000 0.000109 
3900 0.000000 0.000105 
3901 0.000000 0.000102 
3902 0.000000 0.000099 
3903 0.000000 0.000095 
3904 0.000000 0.000092 
3905 0.000000 0.000089 
3906 0.000000 0.000086 
3907 0.000000 0.000084 
3908 0.000000 0.000081 
3909 0.000000 0.000078 
3910 0.000000 0.000076 
3911 0.000000 0.000073 
3912 0.000000 0.000071 
3913 0.000000 0.000068 
3914 0.000000 0.000066 
3915 0.000000 0.000064 
3916 0.000000 0.000062 
3917 0.000000 0.000060 
3918 0.000000 0.000058 
3919 0.000000 0.000056 
3920 0.000000 0.000054 
3921 0.000000 0.000052 
3922 0.000000 0.000051 
3923 0.000000 0.000049 
3924 0.000000 0.000047 
3925 0.000000 0.000046 
3926 0.000000 0.000044 
3927 0.000000 0.000043 
3928 0.000000 0.000041 
3929 0.000000 0.000040 
3930 0.000000 0.000038 
3931 0.000000 0.000037 
3932 0.000000 0.000036 
3933 0.000000 0.000035 
3934 0.000000 0.000034 
3935 0.000000 0.000032 
3936 0.000000 0.000031 
3937 0.000000 0.000030 
3938 0.000000 0.000029 
3939 0.000000 0.000028 
3940 0.000000 0.000027 
3941 0.000000 0.000026 
3942 0.000000 0.000025 
3943 0.000000 0.000025 
3944 0.000000 0.000024 
3945 0.000000 0.000023 
3946 0.000000 0.000022 
3947 0.000000 0.000021 
3948 0.000000 0.000021 
3949 0.000000 0.000020 
3950 0.000000 0.000019 
3951 0.000000 0.000019 
3952 0.000000 0.000018 
3953 0.000000 0.000017 
3954 0.000001 0.000017 
3955 0.000001 0.000016 
3956 0.000001 0.000016 
3957 0.000001 0.000015 
3958 0.000001 0.000014 
3959 0.000001 0.000014 
3960 0.000001 0.000013 
3961 0.000001 0.000013 
3962 0.000001 0.000013 
3963 0.000001 0.000012 
3964 0.000001 0.000012 
3965 0.000001 0.000011 
3966 0.000001 0.000011 
3967 0.000001 0.000010 
3968 0.000001 0.000010 
3969 0.000001 0.000010 
3970 0.000001 0.000009 
3971 0.000001 0.000009 
3972 0.000001 0.000009 
3973 0.000001 0.000008 
3974 0.000001 0.000008 
3975 0.000001 0.000008 
3976 0.000001 0.000008 
3977 0.000001 0.000007 
3978 0.000001 0.000007 
3979 0.000001 0.000007 
3980 0.000001 0.000007 
3981 0.000001 0.000006 
3982 0.000002 0.000006 
3983 0.000002 0.000006 
3984 0.000002 0.000006 
3985 0.000002 0.000005 
3986 0.000002 0.000005 
3987 0.000002 0.000005 
3988 0.000002 0.000005 
3989 0.000002 0.000005 
3990 0.000002 0.000005 
3991 0.000002 0.000004 
3992 0.000002 0.000004 
3993 0.000002 0.000004 
3994 0.000002 0.000004 
3995 0.000002 0.000004 
3996 0.000003 0.000004 
3997 0.000003 0.000003 
3998 0.000003 0.000003 
3999 0.000003 0.000003 
4000 0.000003 0.000003 
