0 1.322767 1.304451 
1 1.341279 1.286329 
2 1.359987 1.268400 
3 1.378893 1.250664 
4 1.397997 1.233119 
5 1.417301 1.215764 
6 1.436805 1.198599 
7 1.456510 1.181621 
8 1.476418 1.164830 
9 1.496528 1.148225 
10 1.516843 1.131805 
11 1.537363 1.115568 
12 1.558089 1.099513 
13 1.579022 1.083639 
14 1.600162 1.067946 
15 1.621510 1.052431 
16 1.643068 1.037094 
17 1.664836 1.021934 
18 1.686814 1.006949 
19 1.709004 0.992137 
20 1.731406 0.977499 
21 1.754021 0.963033 
22 1.776850 0.948736 
23 1.799892 0.934609 
24 1.823150 0.920650 
25 1.846623 0.906858 
26 1.870313 0.893231 
27 1.894219 0.879769 
28 1.918342 0.866470 
29 1.942683 0.853332 
30 1.967242 0.840355 
31 1.992020 0.827537 
32 2.017018 0.814877 
33 2.042234 0.802374 
34 2.067671 0.790026 
35 2.093329 0.777833 
36 2.119207 0.765792 
37 2.145307 0.753904 
38 2.171627 0.742165 
39 2.198170 0.730576 
40 2.224935 0.719135 
41 2.251921 0.707840 
42 2.279130 0.696691 
43 2.306562 0.685686 
44 2.334217 0.674823 
45 2.362094 0.664102 
46 2.390194 0.653521 
47 2.418517 0.643080 
48 2.447063 0.632776 
49 2.475831 0.622608 
50 2.504823 0.612576 
51 2.534038 0.602677 
52 2.563475 0.592911 
53 2.593135 0.583277 
54 2.623017 0.573773 
55 2.653121 0.564397 
56 2.683447 0.555150 
57 2.713995 0.546029 
58 2.744764 0.537032 
59 2.775755 0.528160 
60 2.806966 0.519411 
61 2.838397 0.510783 
62 2.870048 0.502275 
63 2.901918 0.493886 
64 2.934007 0.485615 
65 2.966314 0.477460 
66 2.998839 0.469421 
67 3.031581 0.461496 
68 3.064539 0.453684 
69 3.097713 0.445983 
70 3.131102 0.438393 
71 3.164705 0.430913 
72 3.198521 0.423540 
73 3.232550 0.416275 
74 3.266790 0.409115 
75 3.301241 0.402060 
76 3.335902 0.395109 
77 3.370771 0.388260 
78 3.405848 0.381512 
79 3.441132 0.374864 
80 3.476620 0.368315 
81 3.512313 0.361863 
82 3.548209 0.355509 
83 3.584307 0.349250 
84 3.620606 0.343085 
85 3.657103 0.337014 
86 3.693798 0.331035 
87 3.730690 0.325146 
88 3.767777 0.319348 
89 3.805057 0.313639 
90 3.842528 0.308018 
91 3.880190 0.302484 
92 3.918041 0.297035 
93 3.956079 0.291672 
94 3.994302 0.286391 
95 4.032709 0.281194 
96 4.071297 0.276078 
97 4.110065 0.271043 
98 4.149012 0.266087 
99 4.188134 0.261210 
100 4.227431 0.256411 
101 4.266900 0.251688 
102 4.306539 0.247041 
103 4.346345 0.242468 
104 4.386318 0.237969 
105 4.426455 0.233543 
106 4.466753 0.229189 
107 4.507210 0.224905 
108 4.547824 0.220692 
109 4.588593 0.216547 
110 4.629514 0.212470 
111 4.670585 0.208461 
112 4.711803 0.204518 
113 4.753166 0.200640 
114 4.794671 0.196827 
115 4.836315 0.193077 
116 4.878097 0.189390 
117 4.920013 0.185765 
118 4.962060 0.182201 
119 5.004236 0.178697 
120 5.046539 0.175252 
121 5.088964 0.171866 
122 5.131510 0.168538 
123 5.174172 0.165266 
124 5.216950 0.162051 
125 5.259838 0.158890 
126 5.302835 0.155784 
127 5.345937 0.152732 
128 5.389141 0.149733 
129 5.432444 0.146786 
130 5.475843 0.143890 
131 5.519333 0.141045 
132 5.562914 0.138250 
133 5.606579 0.135504 
134 5.650328 0.132807 
135 5.694155 0.130157 
136 5.738057 0.127554 
137 5.782032 0.124997 
138 5.826076 0.122486 
139 5.870184 0.120020 
140 5.914354 0.117599 
141 5.958581 0.115220 
142 6.002863 0.112885 
143 6.047195 0.110592 
144 6.091574 0.108341 
145 6.135996 0.106130 
146 6.180457 0.103960 
147 6.224953 0.101830 
148 6.269481 0.099738 
149 6.314036 0.097685 
150 6.358615 0.095670 
151 6.403213 0.093692 
152 6.447827 0.091751 
153 6.492453 0.089846 
154 6.537086 0.087977 
155 6.581723 0.086142 
156 6.626360 0.084342 
157 6.670991 0.082575 
158 6.715614 0.080842 
159 6.760224 0.079142 
160 6.804816 0.077474 
161 6.849387 0.075837 
162 6.893932 0.074232 
163 6.938447 0.072657 
164 6.982928 0.071112 
165 7.027370 0.069598 
166 7.071768 0.068112 
167 7.116120 0.066655 
168 7.160419 0.065226 
169 7.204663 0.063824 
170 7.248845 0.062450 
171 7.292962 0.061103 
172 7.337010 0.059782 
173 7.380983 0.058487 
174 7.424878 0.057217 
175 7.468690 0.055973 
176 7.512414 0.054753 
177 7.556045 0.053557 
178 7.599580 0.052384 
179 7.643013 0.051235 
180 7.686341 0.050109 
181 7.729557 0.049006 
182 7.772658 0.047924 
183 7.815640 0.046865 
184 7.858496 0.045826 
185 7.901224 0.044809 
186 7.943818 0.043812 
187 7.986273 0.042835 
188 8.028585 0.041878 
189 8.070749 0.040941 
190 8.112761 0.040023 
191 8.154615 0.039123 
192 8.196307 0.038242 
193 8.237833 0.037380 
194 8.279188 0.036535 
195 8.320367 0.035707 
196 8.361365 0.034897 
197 8.402177 0.034103 
198 8.442800 0.033326 
199 8.483228 0.032565 
200 8.523457 0.031820 
201 8.563481 0.031091 
202 8.603298 0.030377 
203 8.642900 0.029678 
204 8.682285 0.028993 
205 8.721447 0.028324 
206 8.760382 0.027668 
207 8.799085 0.027026 
208 8.837552 0.026398 
209 8.875777 0.025784 
210 8.913757 0.025182 
211 8.951487 0.024594 
212 8.988962 0.024018 
213 9.026178 0.023454 
214 9.063129 0.022903 
215 9.099813 0.022364 
216 9.136224 0.021836 
217 9.172358 0.021320 
218 9.208210 0.020815 
219 9.243776 0.020321 
220 9.279051 0.019838 
221 9.314032 0.019365 
222 9.348714 0.018903 
223 9.383092 0.018451 
224 9.417162 0.018009 
225 9.450920 0.017577 
226 9.484362 0.017155 
227 9.517483 0.016741 
228 9.550280 0.016337 
229 9.582748 0.015942 
230 9.614883 0.015556 
231 9.646680 0.015179 
232 9.678137 0.014810 
233 9.709248 0.014449 
234 9.740011 0.014096 
235 9.770420 0.013752 
236 9.800472 0.013415 
237 9.830164 0.013086 
238 9.859491 0.012764 
239 9.888449 0.012450 
240 9.917035 0.012143 
241 9.945245 0.011842 
242 9.973075 0.011549 
243 10.000522 0.011263 
244 10.027582 0.010983 
245 10.054252 0.010709 
246 10.080528 0.010442 
247 10.106406 0.010181 
248 10.131883 0.009927 
249 10.156957 0.009678 
250 10.181623 0.009435 
251 10.205878 0.009197 
252 10.229719 0.008965 
253 10.253142 0.008739 
254 10.276146 0.008518 
255 10.298726 0.008302 
256 10.320880 0.008091 
257 10.342604 0.007885 
258 10.363897 0.007685 
259 10.384754 0.007488 
260 10.405173 0.007297 
261 10.425151 0.007110 
262 10.444686 0.006928 
263 10.463775 0.006750 
264 10.482416 0.006576 
265 10.500605 0.006406 
266 10.518341 0.006241 
267 10.535621 0.006079 
268 10.552442 0.005922 
269 10.568803 0.005768 
270 10.584701 0.005618 
271 10.600134 0.005471 
272 10.615099 0.005329 
273 10.629596 0.005189 
274 10.643621 0.005053 
275 10.657174 0.004921 
276 10.670251 0.004791 
277 10.682852 0.004665 
278 10.694974 0.004542 
279 10.706616 0.004422 
280 10.717777 0.004305 
281 10.728454 0.004191 
282 10.738646 0.004080 
283 10.748353 0.003971 
284 10.757571 0.003866 
285 10.766301 0.003762 
286 10.774542 0.003662 
287 10.782291 0.003564 
288 10.789547 0.003468 
289 10.796311 0.003375 
290 10.802581 0.003284 
291 10.808355 0.003196 
292 10.813634 0.003109 
293 10.818416 0.003025 
294 10.822701 0.002943 
295 10.826489 0.002864 
296 10.829778 0.002786 
297 10.832568 0.002710 
298 10.834859 0.002636 
299 10.836651 0.002564 
300 10.837943 0.002494 
301 10.838735 0.002426 
302 10.839027 0.002359 
303 10.838819 0.002294 
304 10.838110 0.002231 
305 10.836902 0.002169 
306 10.835195 0.002109 
307 10.832987 0.002051 
308 10.830280 0.001994 
309 10.827075 0.001939 
310 10.823371 0.001885 
311 10.819169 0.001833 
312 10.814470 0.001781 
313 10.809274 0.001732 
314 10.803582 0.001683 
315 10.797395 0.001636 
316 10.790713 0.001590 
317 10.783539 0.001545 
318 10.775871 0.001502 
319 10.767712 0.001460 
320 10.759063 0.001418 
321 10.749925 0.001378 
322 10.740299 0.001339 
323 10.730187 0.001301 
324 10.719589 0.001264 
325 10.708508 0.001228 
326 10.696944 0.001193 
327 10.684900 0.001159 
328 10.672377 0.001126 
329 10.659377 0.001094 
330 10.645901 0.001062 
331 10.631952 0.001032 
332 10.617531 0.001002 
333 10.602641 0.000973 
334 10.587282 0.000945 
335 10.571458 0.000918 
336 10.555171 0.000891 
337 10.538422 0.000865 
338 10.521215 0.000840 
339 10.503550 0.000816 
340 10.485432 0.000792 
341 10.466861 0.000769 
342 10.447842 0.000746 
343 10.428376 0.000724 
344 10.408465 0.000703 
345 10.388113 0.000683 
346 10.367323 0.000663 
347 10.346096 0.000643 
348 10.324437 0.000624 
349 10.302347 0.000606 
350 10.279830 0.000588 
351 10.256889 0.000570 
352 10.233527 0.000553 
353 10.209747 0.000537 
354 10.185552 0.000521 
355 10.160945 0.000505 
356 10.135930 0.000490 
357 10.110510 0.000476 
358 10.084689 0.000461 
359 10.058468 0.000448 
360 10.031853 0.000434 
361 10.004847 0.000421 
362 9.977453 0.000408 
363 9.949674 0.000396 
364 9.921515 0.000384 
365 9.892979 0.000372 
366 9.864070 0.000361 
367 9.834791 0.000350 
368 9.805146 0.000340 
369 9.775140 0.000329 
370 9.744775 0.000319 
371 9.714057 0.000309 
372 9.682988 0.000300 
373 9.651573 0.000291 
374 9.619816 0.000282 
375 9.587721 0.000273 
376 9.555292 0.000265 
377 9.522533 0.000257 
378 9.489449 0.000249 
379 9.456042 0.000241 
380 9.422318 0.000234 
381 9.388282 0.000226 
382 9.353936 0.000219 
383 9.319286 0.000213 
384 9.284335 0.000206 
385 9.249088 0.000200 
386 9.213550 0.000193 
387 9.177725 0.000187 
388 9.141617 0.000181 
389 9.105231 0.000176 
390 9.068571 0.000170 
391 9.031641 0.000165 
392 8.994447 0.000160 
393 8.956992 0.000155 
394 8.919282 0.000150 
395 8.881320 0.000145 
396 8.843111 0.000140 
397 8.804661 0.000136 
398 8.765972 0.000132 
399 8.727051 0.000128 
400 8.687902 0.000123 
401 8.648528 0.000120 
402 8.608936 0.000116 
403 8.569129 0.000112 
404 8.529113 0.000108 
405 8.488892 0.000105 
406 8.448470 0.000102 
407 8.407852 0.000098 
408 8.367043 0.000095 
409 8.326048 0.000092 
410 8.284871 0.000089 
411 8.243517 0.000086 
412 8.201991 0.000083 
413 8.160297 0.000081 
414 8.118441 0.000078 
415 8.076426 0.000076 
416 8.034257 0.000073 
417 7.991940 0.000071 
418 7.949478 0.000068 
419 7.906877 0.000066 
420 7.864141 0.000064 
421 7.821275 0.000062 
422 7.778283 0.000060 
423 7.735170 0.000058 
424 7.691941 0.000056 
425 7.648601 0.000054 
426 7.605153 0.000052 
427 7.561603 0.000051 
428 7.517955 0.000049 
429 7.474214 0.000047 
430 7.430385 0.000046 
431 7.386471 0.000044 
432 7.342478 0.000043 
433 7.298409 0.000041 
434 7.254270 0.000040 
435 7.210065 0.000039 
436 7.165799 0.000037 
437 7.121475 0.000036 
438 7.077099 0.000035 
439 7.032674 0.000034 
440 6.988206 0.000033 
441 6.943698 0.000032 
442 6.899154 0.000030 
443 6.854580 0.000029 
444 6.809980 0.000028 
445 6.765357 0.000027 
446 6.720716 0.000027 
447 6.676061 0.000026 
448 6.631397 0.000025 
449 6.586727 0.000024 
450 6.542056 0.000023 
451 6.497388 0.000022 
452 6.452726 0.000022 
453 6.408076 0.000021 
454 6.363441 0.000020 
455 6.318825 0.000019 
456 6.274231 0.000019 
457 6.229665 0.000018 
458 6.185130 0.000018 
459 6.140629 0.000017 
460 6.096167 0.000016 
461 6.051747 0.000016 
462 6.007374 0.000015 
463 5.963050 0.000015 
464 5.918780 0.000014 
465 5.874567 0.000014 
466 5.830415 0.000013 
467 5.786328 0.000013 
468 5.742309 0.000012 
469 5.698361 0.000012 
470 5.654489 0.000011 
471 5.610695 0.000011 
472 5.566983 0.000011 
473 5.523356 0.000010 
474 5.479819 0.000010 
475 5.436373 0.000010 
476 5.393022 0.000009 
477 5.349770 0.000009 
478 5.306620 0.000009 
479 5.263575 0.000008 
480 5.220638 0.000008 
481 5.177811 0.000008 
482 5.135099 0.000007 
483 5.092504 0.000007 
484 5.050029 0.000007 
485 5.007676 0.000007 
486 4.965450 0.000006 
487 4.923352 0.000006 
488 4.881385 0.000006 
489 4.839553 0.000006 
490 4.797857 0.000006 
491 4.756301 0.000005 
492 4.714887 0.000005 
493 4.673618 0.000005 
494 4.632495 0.000005 
495 4.591523 0.000005 
496 4.550702 0.000004 
497 4.510037 0.000004 
498 4.469528 0.000004 
499 4.429178 0.000004 
500 4.388989 0.000004 
501 4.348965 0.000004 
502 4.309106 0.000004 
503 4.269415 0.000003 
504 4.229894 0.000003 
505 4.190546 0.000003 
506 4.151372 0.000003 
507 4.112373 0.000003 
508 4.073554 0.000003 
509 4.034914 0.000003 
510 3.996455 0.000003 
511 3.958181 0.000003 
512 3.920092 0.000002 
513 3.882190 0.000002 
514 3.844477 0.000002 
515 3.806954 0.000002 
516 3.769623 0.000002 
517 3.732486 0.000002 
518 3.695544 0.000002 
519 3.658798 0.000002 
520 3.622251 0.000002 
521 3.585903 0.000002 
522 3.549755 0.000002 
523 3.513810 0.000002 
524 3.478067 0.000002 
525 3.442529 0.000002 
526 3.407197 0.000001 
527 3.372072 0.000001 
528 3.337154 0.000001 
529 3.302446 0.000001 
530 3.267947 0.000001 
531 3.233659 0.000001 
532 3.199584 0.000001 
533 3.165720 0.000001 
534 3.132071 0.000001 
535 3.098636 0.000001 
536 3.065416 0.000001 
537 3.032413 0.000001 
538 2.999625 0.000001 
539 2.967056 0.000001 
540 2.934704 0.000001 
541 2.902571 0.000001 
542 2.870657 0.000001 
543 2.838962 0.000001 
544 2.807488 0.000001 
545 2.776235 0.000001 
546 2.745202 0.000001 
547 2.714391 0.000001 
548 2.683802 0.000001 
549 2.653434 0.000001 
550 2.623289 0.000001 
551 2.593367 0.000001 
552 2.563667 0.000001 
553 2.534191 0.000001 
554 2.504937 0.000000 
555 2.475907 0.000000 
556 2.447100 0.000000 
557 2.418517 0.000000 
558 2.390156 0.000000 
559 2.362020 0.000000 
560 2.334106 0.000000 
561 2.306416 0.000000 
562 2.278949 0.000000 
563 2.251705 0.000000 
564 2.224683 0.000000 
565 2.197885 0.000000 
566 2.171309 0.000000 
567 2.144955 0.000000 
568 2.118823 0.000000 
569 2.092912 0.000000 
570 2.067223 0.000000 
571 2.041755 0.000000 
572 2.016507 0.000000 
573 1.991479 0.000000 
574 1.966671 0.000000 
575 1.942083 0.000000 
576 1.917713 0.000000 
577 1.893561 0.000000 
578 1.869627 0.000000 
579 1.845911 0.000000 
580 1.822410 0.000000 
581 1.799126 0.000000 
582 1.776057 0.000000 
583 1.753203 0.000000 
584 1.730563 0.000000 
585 1.708137 0.000000 
586 1.685923 0.000000 
587 1.663921 0.000000 
588 1.642130 0.000000 
589 1.620550 0.000000 
590 1.599179 0.000000 
591 1.578017 0.000000 
592 1.557063 0.000000 
593 1.536317 0.000000 
594 1.515776 0.000000 
595 1.495442 0.000000 
596 1.475311 0.000000 
597 1.455385 0.000000 
598 1.435661 0.000000 
599 1.416139 0.000000 
600 1.396818 0.000000 
601 1.377697 0.000000 
602 1.358774 0.000000 
603 1.340050 0.000000 
604 1.321522 0.000000 
605 1.303191 0.000000 
606 1.285054 0.000000 
607 1.267111 0.000000 
608 1.249361 0.000000 
609 1.231803 0.000000 
610 1.214435 0.000000 
611 1.197256 0.000000 
612 1.180266 0.000000 
613 1.163464 0.000000 
614 1.146847 0.000000 
615 1.130416 0.000000 
616 1.114168 0.000000 
617 1.098103 0.000000 
618 1.082220 0.000000 
619 1.066517 0.000000 
620 1.050994 0.000000 
621 1.035648 0.000000 
622 1.020480 0.000000 
623 1.005487 0.000000 
624 0.990668 0.000000 
625 0.976023 0.000000 
626 0.961549 0.000000 
627 0.947247 0.000000 
628 0.933114 0.000000 
629 0.919149 0.000000 
630 0.905352 0.000000 
631 0.891720 0.000000 
632 0.878254 0.000000 
633 0.864950 0.000000 
634 0.851808 0.000000 
635 0.838828 0.000000 
636 0.826007 0.000000 
637 0.813344 0.000000 
638 0.800839 0.000000 
639 0.788489 0.000000 
640 0.776294 0.000000 
641 0.764252 0.000000 
642 0.752362 0.000000 
643 0.740622 0.000000 
644 0.729033 0.000000 
645 0.717591 0.000000 
646 0.706296 0.000000 
647 0.695147 0.000000 
648 0.684142 0.000000 
649 0.673281 0.000000 
650 0.662561 0.000000 
651 0.651981 0.000000 
652 0.641541 0.000000 
653 0.631239 0.000000 
654 0.621073 0.000000 
655 0.611043 0.000000 
656 0.601148 0.000000 
657 0.591385 0.000000 
658 0.581753 0.000000 
659 0.572252 0.000000 
660 0.562880 0.000000 
661 0.553637 0.000000 
662 0.544519 0.000000 
663 0.535527 0.000000 
664 0.526659 0.000000 
665 0.517914 0.000000 
666 0.509291 0.000000 
667 0.500788 0.000000 
668 0.492404 0.000000 
669 0.484139 0.000000 
670 0.475990 0.000000 
671 0.467956 0.000000 
672 0.460037 0.000000 
673 0.452231 0.000000 
674 0.444536 0.000000 
675 0.436953 0.000000 
676 0.429479 0.000000 
677 0.422113 0.000000 
678 0.414854 0.000000 
679 0.407702 0.000000 
680 0.400654 0.000000 
681 0.393710 0.000000 
682 0.386868 0.000000 
683 0.380127 0.000000 
684 0.373487 0.000000 
685 0.366946 0.000000 
686 0.360502 0.000000 
687 0.354155 0.000000 
688 0.347904 0.000000 
689 0.341748 0.000000 
690 0.335685 0.000000 
691 0.329714 0.000000 
692 0.323834 0.000000 
693 0.318045 0.000000 
694 0.312344 0.000000 
695 0.306732 0.000000 
696 0.301207 0.000000 
697 0.295767 0.000000 
698 0.290412 0.000000 
699 0.285141 0.000000 
700 0.279952 0.000000 
701 0.274846 0.000000 
702 0.269820 0.000000 
703 0.264873 0.000000 
704 0.260005 0.000000 
705 0.255215 0.000000 
706 0.250502 0.000000 
707 0.245864 0.000000 
708 0.241301 0.000000 
709 0.236812 0.000000 
710 0.232395 0.000000 
711 0.228050 0.000000 
712 0.223776 0.000000 
713 0.219572 0.000000 
714 0.215437 0.000000 
715 0.211371 0.000000 
716 0.207371 0.000000 
717 0.203437 0.000000 
718 0.199569 0.000000 
719 0.195766 0.000000 
720 0.192026 0.000000 
721 0.188349 0.000000 
722 0.184733 0.000000 
723 0.181179 0.000000 
724 0.177685 0.000000 
725 0.174250 0.000000 
726 0.170873 0.000000 
727 0.167555 0.000000 
728 0.164293 0.000000 
729 0.161087 0.000000 
730 0.157936 0.000000 
731 0.154840 0.000000 
732 0.151798 0.000000 
733 0.148808 0.000000 
734 0.145871 0.000000 
735 0.142985 0.000000 
736 0.140149 0.000000 
737 0.137364 0.000000 
738 0.134627 0.000000 
739 0.131939 0.000000 
740 0.129299 0.000000 
741 0.126705 0.000000 
742 0.124158 0.000000 
743 0.121657 0.000000 
744 0.119200 0.000000 
745 0.116787 0.000000 
746 0.114419 0.000000 
747 0.112092 0.000000 
748 0.109809 0.000000 
749 0.107566 0.000000 
750 0.105365 0.000000 
751 0.103204 0.000000 
752 0.101082 0.000000 
753 0.099000 0.000000 
754 0.096956 0.000000 
755 0.094949 0.000000 
756 0.092980 0.000000 
757 0.091048 0.000000 
758 0.089152 0.000000 
759 0.087291 0.000000 
760 0.085465 0.000000 
761 0.083673 0.000000 
762 0.081915 0.000000 
763 0.080190 0.000000 
764 0.078498 0.000000 
765 0.076838 0.000000 
766 0.075210 0.000000 
767 0.073613 0.000000 
768 0.072046 0.000000 
769 0.070510 0.000000 
770 0.069003 0.000000 
771 0.067525 0.000000 
772 0.066076 0.000000 
773 0.064655 0.000000 
774 0.063261 0.000000 
775 0.061895 0.000000 
776 0.060555 0.000000 
777 0.059242 0.000000 
778 0.057954 0.000000 
779 0.056692 0.000000 
780 0.055454 0.000000 
781 0.054242 0.000000 
782 0.053053 0.000000 
783 0.051888 0.000000 
784 0.050746 0.000000 
785 0.049627 0.000000 
786 0.048530 0.000000 
787 0.047456 0.000000 
788 0.046403 0.000000 
789 0.045371 0.000000 
790 0.044360 0.000000 
791 0.043370 0.000000 
792 0.042400 0.000000 
793 0.041449 0.000000 
794 0.040519 0.000000 
795 0.039607 0.000000 
796 0.038714 0.000000 
797 0.037839 0.000000 
798 0.036982 0.000000 
799 0.036143 0.000000 
800 0.035322 0.000000 
801 0.034517 0.000000 
802 0.033729 0.000000 
803 0.032958 0.000000 
804 0.032203 0.000000 
805 0.031464 0.000000 
806 0.030740 0.000000 
807 0.030031 0.000000 
808 0.029338 0.000000 
809 0.028659 0.000000 
810 0.027995 0.000000 
811 0.027344 0.000000 
812 0.026708 0.000000 
813 0.026085 0.000000 
814 0.025476 0.000000 
815 0.024879 0.000000 
816 0.024296 0.000000 
817 0.023725 0.000000 
818 0.023166 0.000000 
819 0.022620 0.000000 
820 0.022085 0.000000 
821 0.021562 0.000000 
822 0.021051 0.000000 
823 0.020550 0.000000 
824 0.020061 0.000000 
825 0.019582 0.000000 
826 0.019114 0.000000 
827 0.018656 0.000000 
828 0.018208 0.000000 
829 0.017771 0.000000 
830 0.017342 0.000000 
831 0.016924 0.000000 
832 0.016515 0.000000 
833 0.016115 0.000000 
834 0.015724 0.000000 
835 0.015341 0.000000 
836 0.014968 0.000000 
837 0.014602 0.000000 
838 0.014245 0.000000 
839 0.013896 0.000000 
840 0.013555 0.000000 
841 0.013222 0.000000 
842 0.012896 0.000000 
843 0.012578 0.000000 
844 0.012267 0.000000 
845 0.011963 0.000000 
846 0.011667 0.000000 
847 0.011377 0.000000 
848 0.011093 0.000000 
849 0.010817 0.000000 
850 0.010546 0.000000 
851 0.010282 0.000000 
852 0.010024 0.000000 
853 0.009772 0.000000 
854 0.009526 0.000000 
855 0.009286 0.000000 
856 0.009052 0.000000 
857 0.008823 0.000000 
858 0.008599 0.000000 
859 0.008380 0.000000 
860 0.008167 0.000000 
861 0.007959 0.000000 
862 0.007756 0.000000 
863 0.007557 0.000000 
864 0.007364 0.000000 
865 0.007175 0.000000 
866 0.006990 0.000000 
867 0.006810 0.000000 
868 0.006634 0.000000 
869 0.006463 0.000000 
870 0.006296 0.000000 
871 0.006132 0.000000 
872 0.005973 0.000000 
873 0.005817 0.000000 
874 0.005666 0.000000 
875 0.005518 0.000000 
876 0.005373 0.000000 
877 0.005233 0.000000 
878 0.005095 0.000000 
879 0.004961 0.000000 
880 0.004830 0.000000 
881 0.004703 0.000000 
882 0.004579 0.000000 
883 0.004457 0.000000 
884 0.004339 0.000000 
885 0.004224 0.000000 
886 0.004111 0.000000 
887 0.004002 0.000000 
888 0.003895 0.000000 
889 0.003791 0.000000 
890 0.003689 0.000000 
891 0.003590 0.000000 
892 0.003494 0.000000 
893 0.003400 0.000000 
894 0.003308 0.000000 
895 0.003218 0.000000 
896 0.003131 0.000000 
897 0.003046 0.000000 
898 0.002964 0.000000 
899 0.002883 0.000000 
900 0.002804 0.000000 
901 0.002728 0.000000 
902 0.002653 0.000000 
903 0.002581 0.000000 
904 0.002510 0.000000 
905 0.002441 0.000000 
906 0.002374 0.000000 
907 0.002308 0.000000 
908 0.002245 0.000000 
909 0.002183 0.000000 
910 0.002122 0.000000 
911 0.002063 0.000000 
912 0.002006 0.000000 
913 0.001950 0.000000 
914 0.001896 0.000000 
915 0.001843 0.000000 
916 0.001791 0.000000 
917 0.001741 0.000000 
918 0.001692 0.000000 
919 0.001645 0.000000 
920 0.001598 0.000000 
921 0.001553 0.000000 
922 0.001509 0.000000 
923 0.001467 0.000000 
924 0.001425 0.000000 
925 0.001385 0.000000 
926 0.001345 0.000000 
927 0.001307 0.000000 
928 0.001270 0.000000 
929 0.001234 0.000000 
930 0.001198 0.000000 
931 0.001164 0.000000 
932 0.001131 0.000000 
933 0.001098 0.000000 
934 0.001066 0.000000 
935 0.001036 0.000000 
936 0.001006 0.000000 
937 0.000977 0.000000 
938 0.000948 0.000000 
939 0.000921 0.000000 
940 0.000894 0.000000 
941 0.000868 0.000000 
942 0.000843 0.000000 
943 0.000818 0.000000 
944 0.000794 0.000000 
945 0.000771 0.000000 
946 0.000748 0.000000 
947 0.000726 0.000000 
948 0.000705 0.000000 
949 0.000684 0.000000 
950 0.000664 0.000000 
951 0.000645 0.000000 
952 0.000625 0.000000 
953 0.000607 0.000000 
954 0.000589 0.000000 
955 0.000571 0.000000 
956 0.000554 0.000000 
957 0.000538 0.000000 
958 0.000522 0.000000 
959 0.000506 0.000000 
960 0.000491 0.000000 
961 0.000476 0.000000 
962 0.000462 0.000000 
963 0.000448 0.000000 
964 0.000435 0.000000 
965 0.000421 0.000000 
966 0.000409 0.000000 
967 0.000396 0.000000 
968 0.000384 0.000000 
969 0.000373 0.000000 
970 0.000361 0.000000 
971 0.000350 0.000000 
972 0.000340 0.000000 
973 0.000329 0.000000 
974 0.000319 0.000000 
975 0.000309 0.000000 
976 0.000300 0.000000 
977 0.000291 0.000000 
978 0.000282 0.000000 
979 0.000273 0.000000 
980 0.000265 0.000000 
981 0.000257 0.000000 
982 0.000249 0.000000 
983 0.000241 0.000000 
984 0.000233 0.000000 
985 0.000226 0.000000 
986 0.000219 0.000000 
987 0.000212 0.000000 
988 0.000206 0.000000 
989 0.000199 0.000000 
990 0.000193 0.000000 
991 0.000187 0.000000 
992 0.000181 0.000000 
993 0.000175 0.000000 
994 0.000170 0.000000 
995 0.000165 0.000000 
996 0.000159 0.000000 
997 0.000154 0.000000 
998 0.000149 0.000000 
999 0.000145 0.000000 
1000 0.000140 0.000000 
1001 0.000136 0.000000 
1002 0.000131 0.000000 
1003 0.000127 0.000000 
1004 0.000123 0.000000 
1005 0.000119 0.000000 
1006 0.000115 0.000000 
1007 0.000112 0.000000 
1008 0.000108 0.000000 
1009 0.000105 0.000000 
1010 0.000101 0.000000 
1011 0.000098 0.000000 
1012 0.000095 0.000000 
1013 0.000092 0.000000 
1014 0.000089 0.000000 
1015 0.000086 0.000000 
1016 0.000083 0.000000 
1017 0.000080 0.000000 
1018 0.000078 0.000000 
1019 0.000075 0.000000 
1020 0.000073 0.000000 
1021 0.000070 0.000000 
1022 0.000068 0.000000 
1023 0.000066 0.000000 
1024 0.000064 0.000000 
1025 0.000062 0.000000 
1026 0.000060 0.000000 
1027 0.000058 0.000000 
1028 0.000056 0.000000 
1029 0.000054 0.000000 
1030 0.000052 0.000000 
1031 0.000050 0.000000 
1032 0.000049 0.000000 
1033 0.000047 0.000000 
1034 0.000045 0.000000 
1035 0.000044 0.000000 
1036 0.000043 0.000000 
1037 0.000041 0.000000 
1038 0.000040 0.000000 
1039 0.000038 0.000000 
1040 0.000037 0.000000 
1041 0.000036 0.000000 
1042 0.000035 0.000000 
1043 0.000033 0.000000 
1044 0.000032 0.000000 
1045 0.000031 0.000000 
1046 0.000030 0.000000 
1047 0.000029 0.000000 
1048 0.000028 0.000000 
1049 0.000027 0.000000 
1050 0.000026 0.000000 
1051 0.000025 0.000000 
1052 0.000025 0.000000 
1053 0.000024 0.000000 
1054 0.000023 0.000000 
1055 0.000022 0.000000 
1056 0.000021 0.000000 
1057 0.000021 0.000000 
1058 0.000020 0.000000 
1059 0.000019 0.000000 
1060 0.000019 0.000000 
1061 0.000018 0.000000 
1062 0.000017 0.000000 
1063 0.000017 0.000000 
1064 0.000016 0.000000 
1065 0.000016 0.000000 
1066 0.000015 0.000000 
1067 0.000015 0.000000 
1068 0.000014 0.000000 
1069 0.000014 0.000000 
1070 0.000013 0.000000 
1071 0.000013 0.000000 
1072 0.000012 0.000000 
1073 0.000012 0.000000 
1074 0.000011 0.000000 
1075 0.000011 0.000000 
1076 0.000011 0.000000 
1077 0.000010 0.000000 
1078 0.000010 0.000000 
1079 0.000009 0.000000 
1080 0.000009 0.000000 
1081 0.000009 0.000000 
1082 0.000008 0.000000 
1083 0.000008 0.000000 
1084 0.000008 0.000000 
1085 0.000008 0.000000 
1086 0.000007 0.000000 
1087 0.000007 0.000000 
1088 0.000007 0.000000 
1089 0.000007 0.000000 
1090 0.000006 0.000000 
1091 0.000006 0.000000 
1092 0.000006 0.000000 
1093 0.000006 0.000000 
1094 0.000005 0.000000 
1095 0.000005 0.000000 
1096 0.000005 0.000000 
1097 0.000005 0.000000 
1098 0.000005 0.000000 
1099 0.000005 0.000000 
1100 0.000004 0.000000 
1101 0.000004 0.000000 
1102 0.000004 0.000000 
1103 0.000004 0.000000 
1104 0.000004 0.000000 
1105 0.000004 0.000000 
1106 0.000004 0.000000 
1107 0.000003 0.000000 
1108 0.000003 0.000000 
1109 0.000003 0.000000 
1110 0.000003 0.000000 
1111 0.000003 0.000000 
1112 0.000003 0.000000 
1113 0.000003 0.000000 
1114 0.000003 0.000000 
1115 0.000003 0.000000 
1116 0.000002 0.000000 
1117 0.000002 0.000000 
1118 0.000002 0.000000 
1119 0.000002 0.000000 
1120 0.000002 0.000000 
1121 0.000002 0.000000 
1122 0.000002 0.000000 
1123 0.000002 0.000000 
1124 0.000002 0.000000 
1125 0.000002 0.000000 
1126 0.000002 0.000000 
1127 0.000002 0.000000 
1128 0.000002 0.000000 
1129 0.000001 0.000000 
1130 0.000001 0.000000 
1131 0.000001 0.000000 
1132 0.000001 0.000000 
1133 0.000001 0.000000 
1134 0.000001 0.000000 
1135 0.000001 0.000000 
1136 0.000001 0.000000 
1137 0.000001 0.000000 
1138 0.000001 0.000000 
1139 0.000001 0.000000 
1140 0.000001 0.000000 
1141 0.000001 0.000000 
1142 0.000001 0.000000 
1143 0.000001 0.000000 
1144 0.000001 0.000000 
1145 0.000001 0.000000 
1146 0.000001 0.000000 
1147 0.000001 0.000000 
1148 0.000001 0.000000 
1149 0.000001 0.000000 
1150 0.000001 0.000000 
1151 0.000001 0.000000 
1152 0.000001 0.000000 
1153 0.000001 0.000000 
1154 0.000001 0.000000 
1155 0.000001 0.000000 
1156 0.000001 0.000000 
1157 0.000000 0.000000 
1158 0.000000 0.000000 
1159 0.000000 0.000000 
1160 0.000000 0.000000 
1161 0.000000 0.000000 
1162 0.000000 0.000000 
1163 0.000000 0.000000 
1164 0.000000 0.000000 
1165 0.000000 0.000000 
1166 0.000000 0.000000 
1167 0.000000 0.000000 
1168 0.000000 0.000000 
1169 0.000000 0.000000 
1170 0.000000 0.000000 
1171 0.000000 0.000000 
1172 0.000000 0.000000 
1173 0.000000 0.000000 
1174 0.000000 0.000000 
1175 0.000000 0.000000 
1176 0.000000 0.000000 
1177 0.000000 0.000000 
1178 0.000000 0.000000 
1179 0.000000 0.000000 
1180 0.000000 0.000000 
1181 0.000000 0.000000 
1182 0.000000 0.000000 
1183 0.000000 0.000000 
1184 0.000000 0.000000 
1185 0.000000 0.000000 
1186 0.000000 0.000000 
1187 0.000000 0.000000 
1188 0.000000 0.000000 
1189 0.000000 0.000000 
1190 0.000000 0.000000 
1191 0.000000 0.000000 
1192 0.000000 0.000000 
1193 0.000000 0.000000 
1194 0.000000 0.000000 
1195 0.000000 0.000000 
1196 0.000000 0.000000 
1197 0.000000 0.000000 
1198 0.000000 0.000000 
1199 0.000000 0.000000 
1200 0.000000 0.000000 
1201 0.000000 0.000000 
1202 0.000000 0.000000 
1203 0.000000 0.000000 
1204 0.000000 0.000000 
1205 0.000000 0.000000 
1206 0.000000 0.000000 
1207 0.000000 0.000000 
1208 0.000000 0.000000 
1209 0.000000 0.000000 
1210 0.000000 0.000000 
1211 0.000000 0.000000 
1212 0.000000 0.000000 
1213 0.000000 0.000000 
1214 0.000000 0.000000 
1215 0.000000 0.000000 
1216 0.000000 0.000000 
1217 0.000000 0.000000 
1218 0.000000 0.000000 
1219 0.000000 0.000000 
1220 0.000000 0.000000 
1221 0.000000 0.000000 
1222 0.000000 0.000000 
1223 0.000000 0.000000 
1224 0.000000 0.000000 
1225 0.000000 0.000000 
1226 0.000000 0.000000 
1227 0.000000 0.000000 
1228 0.000000 0.000000 
1229 0.000000 0.000000 
1230 0.000000 0.000000 
1231 0.000000 0.000000 
1232 0.000000 0.000000 
1233 0.000000 0.000000 
1234 0.000000 0.000000 
1235 0.000000 0.000000 
1236 0.000000 0.000000 
1237 0.000000 0.000000 
1238 0.000000 0.000000 
1239 0.000000 0.000000 
1240 0.000000 0.000000 
1241 0.000000 0.000000 
1242 0.000000 0.000000 
1243 0.000000 0.000000 
1244 0.000000 0.000000 
1245 0.000000 0.000000 
1246 0.000000 0.000000 
1247 0.000000 0.000000 
1248 0.000000 0.000000 
1249 0.000000 0.000000 
1250 0.000000 0.000000 
1251 0.000000 0.000000 
1252 0.000000 0.000000 
1253 0.000000 0.000000 
1254 0.000000 0.000000 
1255 0.000000 0.000000 
1256 0.000000 0.000000 
1257 0.000000 0.000000 
1258 0.000000 0.000000 
1259 0.000000 0.000000 
1260 0.000000 0.000000 
1261 0.000000 0.000000 
1262 0.000000 0.000000 
1263 0.000000 0.000000 
1264 0.000000 0.000000 
1265 0.000000 0.000000 
1266 0.000000 0.000000 
1267 0.000000 0.000000 
1268 0.000000 0.000000 
1269 0.000000 0.000000 
1270 0.000000 0.000000 
1271 0.000000 0.000000 
1272 0.000000 0.000000 
1273 0.000000 0.000000 
1274 0.000000 0.000000 
1275 0.000000 0.000000 
1276 0.000000 0.000000 
1277 0.000000 0.000000 
1278 0.000000 0.000000 
1279 0.000000 0.000000 
1280 0.000000 0.000000 
1281 0.000000 0.000000 
1282 0.000000 0.000000 
1283 0.000000 0.000000 
1284 0.000000 0.000000 
1285 0.000000 0.000000 
1286 0.000000 0.000000 
1287 0.000000 0.000000 
1288 0.000000 0.000000 
1289 0.000000 0.000000 
1290 0.000000 0.000000 
1291 0.000000 0.000000 
1292 0.000000 0.000000 
1293 0.000000 0.000000 
1294 0.000000 0.000000 
1295 0.000000 0.000000 
1296 0.000000 0.000000 
1297 0.000000 0.000000 
1298 0.000000 0.000000 
1299 0.000000 0.000000 
1300 0.000000 0.000000 
1301 0.000000 0.000000 
1302 0.000000 0.000000 
1303 0.000000 0.000000 
1304 0.000000 0.000000 
1305 0.000000 0.000000 
1306 0.000000 0.000000 
1307 0.000000 0.000000 
1308 0.000000 0.000000 
1309 0.000000 0.000000 
1310 0.000000 0.000000 
1311 0.000000 0.000000 
1312 0.000000 0.000000 
1313 0.000000 0.000000 
1314 0.000000 0.000000 
1315 0.000000 0.000000 
1316 0.000000 0.000000 
1317 0.000000 0.000000 
1318 0.000000 0.000000 
1319 0.000000 0.000000 
1320 0.000000 0.000000 
1321 0.000000 0.000000 
1322 0.000000 0.000000 
1323 0.000000 0.000000 
1324 0.000000 0.000000 
1325 0.000000 0.000000 
1326 0.000000 0.000000 
1327 0.000000 0.000000 
1328 0.000000 0.000000 
1329 0.000000 0.000000 
1330 0.000000 0.000000 
1331 0.000000 0.000000 
1332 0.000000 0.000000 
1333 0.000000 0.000000 
1334 0.000000 0.000000 
1335 0.000000 0.000000 
1336 0.000000 0.000000 
1337 0.000000 0.000000 
1338 0.000000 0.000000 
1339 0.000000 0.000000 
1340 0.000000 0.000000 
1341 0.000000 0.000000 
1342 0.000000 0.000000 
1343 0.000000 0.000000 
1344 0.000000 0.000000 
1345 0.000000 0.000000 
1346 0.000000 0.000000 
1347 0.000000 0.000000 
1348 0.000000 0.000000 
1349 0.000000 0.000000 
1350 0.000000 0.000000 
1351 0.000000 0.000000 
1352 0.000000 0.000000 
1353 0.000000 0.000000 
1354 0.000000 0.000000 
1355 0.000000 0.000000 
1356 0.000000 0.000000 
1357 0.000000 0.000000 
1358 0.000000 0.000000 
1359 0.000000 0.000000 
1360 0.000000 0.000000 
1361 0.000000 0.000000 
1362 0.000000 0.000000 
1363 0.000000 0.000000 
1364 0.000000 0.000000 
1365 0.000000 0.000000 
1366 0.000000 0.000000 
1367 0.000000 0.000000 
1368 0.000000 0.000000 
1369 0.000000 0.000000 
1370 0.000000 0.000000 
1371 0.000000 0.000000 
1372 0.000000 0.000000 
1373 0.000000 0.000000 
1374 0.000000 0.000000 
1375 0.000000 0.000000 
1376 0.000000 0.000000 
1377 0.000000 0.000000 
1378 0.000000 0.000000 
1379 0.000000 0.000000 
1380 0.000000 0.000000 
1381 0.000000 0.000000 
1382 0.000000 0.000000 
1383 0.000000 0.000000 
1384 0.000000 0.000000 
1385 0.000000 0.000000 
1386 0.000000 0.000000 
1387 0.000000 0.000000 
1388 0.000000 0.000000 
1389 0.000000 0.000000 
1390 0.000000 0.000000 
1391 0.000000 0.000000 
1392 0.000000 0.000000 
1393 0.000000 0.000000 
1394 0.000000 0.000000 
1395 0.000000 0.000000 
1396 0.000000 0.000000 
1397 0.000000 0.000000 
1398 0.000000 0.000000 
1399 0.000000 0.000000 
1400 0.000000 0.000000 
1401 0.000000 0.000000 
1402 0.000000 0.000000 
1403 0.000000 0.000000 
1404 0.000000 0.000000 
1405 0.000000 0.000000 
1406 0.000000 0.000000 
1407 0.000000 0.000000 
1408 0.000000 0.000000 
1409 0.000000 0.000000 
1410 0.000000 0.000000 
1411 0.000000 0.000000 
1412 0.000000 0.000000 
1413 0.000000 0.000000 
1414 0.000000 0.000000 
1415 0.000000 0.000000 
1416 0.000000 0.000000 
1417 0.000000 0.000000 
1418 0.000000 0.000000 
1419 0.000000 0.000000 
1420 0.000000 0.000000 
1421 0.000000 0.000000 
1422 0.000000 0.000000 
1423 0.000000 0.000000 
1424 0.000000 0.000000 
1425 0.000000 0.000000 
1426 0.000000 0.000000 
1427 0.000000 0.000000 
1428 0.000000 0.000000 
1429 0.000000 0.000000 
1430 0.000000 0.000000 
1431 0.000000 0.000000 
1432 0.000000 0.000000 
1433 0.000000 0.000000 
1434 0.000000 0.000000 
1435 0.000000 0.000000 
1436 0.000000 0.000000 
1437 0.000000 0.000000 
1438 0.000000 0.000000 
1439 0.000000 0.000000 
1440 0.000000 0.000000 
1441 0.000000 0.000000 
1442 0.000000 0.000000 
1443 0.000000 0.000000 
1444 0.000000 0.000000 
1445 0.000000 0.000000 
1446 0.000000 0.000000 
1447 0.000000 0.000000 
1448 0.000000 0.000000 
1449 0.000000 0.000000 
1450 0.000000 0.000000 
1451 0.000000 0.000000 
1452 0.000000 0.000000 
1453 0.000000 0.000000 
1454 0.000000 0.000000 
1455 0.000000 0.000000 
1456 0.000000 0.000000 
1457 0.000000 0.000000 
1458 0.000000 0.000000 
1459 0.000000 0.000000 
1460 0.000000 0.000000 
1461 0.000000 0.000000 
1462 0.000000 0.000000 
1463 0.000000 0.000000 
1464 0.000000 0.000000 
1465 0.000000 0.000000 
1466 0.000000 0.000000 
1467 0.000000 0.000000 
1468 0.000000 0.000000 
1469 0.000000 0.000000 
1470 0.000000 0.000000 
1471 0.000000 0.000000 
1472 0.000000 0.000000 
1473 0.000000 0.000000 
1474 0.000000 0.000000 
1475 0.000000 0.000000 
1476 0.000000 0.000000 
1477 0.000000 0.000000 
1478 0.000000 0.000000 
1479 0.000000 0.000000 
1480 0.000000 0.000000 
1481 0.000000 0.000000 
1482 0.000000 0.000000 
1483 0.000000 0.000000 
1484 0.000000 0.000000 
1485 0.000000 0.000000 
1486 0.000000 0.000000 
1487 0.000000 0.000000 
1488 0.000000 0.000000 
1489 0.000000 0.000000 
1490 0.000000 0.000000 
1491 0.000000 0.000000 
1492 0.000000 0.000000 
1493 0.000000 0.000000 
1494 0.000000 0.000000 
1495 0.000000 0.000000 
1496 0.000000 0.000000 
1497 0.000000 0.000000 
1498 0.000000 0.000000 
1499 0.000000 0.000000 
1500 0.000000 0.000000 
1501 0.000000 0.000000 
1502 0.000000 0.000000 
1503 0.000000 0.000000 
1504 0.000000 0.000000 
1505 0.000000 0.000000 
1506 0.000000 0.000000 
1507 0.000000 0.000000 
1508 0.000000 0.000000 
1509 0.000000 0.000000 
1510 0.000000 0.000000 
1511 0.000000 0.000000 
1512 0.000000 0.000000 
1513 0.000000 0.000000 
1514 0.000000 0.000000 
1515 0.000000 0.000000 
1516 0.000000 0.000000 
1517 0.000000 0.000000 
1518 0.000000 0.000000 
1519 0.000000 0.000000 
1520 0.000000 0.000000 
1521 0.000000 0.000000 
1522 0.000000 0.000000 
1523 0.000000 0.000000 
1524 0.000000 0.000000 
1525 0.000000 0.000000 
1526 0.000000 0.000000 
1527 0.000000 0.000000 
1528 0.000000 0.000000 
1529 0.000000 0.000000 
1530 0.000000 0.000000 
1531 0.000000 0.000000 
1532 0.000000 0.000000 
1533 0.000000 0.000000 
1534 0.000000 0.000000 
1535 0.000000 0.000000 
1536 0.000000 0.000000 
1537 0.000000 0.000000 
1538 0.000000 0.000000 
1539 0.000000 0.000000 
1540 0.000000 0.000000 
1541 0.000000 0.000000 
1542 0.000000 0.000000 
1543 0.000000 0.000000 
1544 0.000000 0.000000 
1545 0.000000 0.000000 
1546 0.000000 0.000000 
1547 0.000000 0.000000 
1548 0.000000 0.000000 
1549 0.000000 0.000000 
1550 0.000000 0.000000 
1551 0.000000 0.000000 
1552 0.000000 0.000000 
1553 0.000000 0.000000 
1554 0.000000 0.000000 
1555 0.000000 0.000000 
1556 0.000000 0.000000 
1557 0.000000 0.000000 
1558 0.000000 0.000000 
1559 0.000000 0.000000 
1560 0.000000 0.000000 
1561 0.000000 0.000000 
1562 0.000000 0.000000 
1563 0.000000 0.000000 
1564 0.000000 0.000000 
1565 0.000000 0.000000 
1566 0.000000 0.000000 
1567 0.000000 0.000000 
1568 0.000000 0.000000 
1569 0.000000 0.000000 
1570 0.000000 0.000000 
1571 0.000000 0.000000 
1572 0.000000 0.000000 
1573 0.000000 0.000000 
1574 0.000000 0.000000 
1575 0.000000 0.000000 
1576 0.000000 0.000000 
1577 0.000000 0.000000 
1578 0.000000 0.000000 
1579 0.000000 0.000000 
1580 0.000000 0.000000 
1581 0.000000 0.000000 
1582 0.000000 0.000000 
1583 0.000000 0.000000 
1584 0.000000 0.000000 
1585 0.000000 0.000000 
1586 0.000000 0.000000 
1587 0.000000 0.000000 
1588 0.000000 0.000000 
1589 0.000000 0.000000 
1590 0.000000 0.000000 
1591 0.000000 0.000000 
1592 0.000000 0.000000 
1593 0.000000 0.000000 
1594 0.000000 0.000000 
1595 0.000000 0.000000 
1596 0.000000 0.000000 
1597 0.000000 0.000000 
1598 0.000000 0.000000 
1599 0.000000 0.000000 
1600 0.000000 0.000000 
1601 0.000000 0.000000 
1602 0.000000 0.000000 
1603 0.000000 0.000000 
1604 0.000000 0.000000 
1605 0.000000 0.000000 
1606 0.000000 0.000000 
1607 0.000000 0.000000 
1608 0.000000 0.000000 
1609 0.000000 0.000000 
1610 0.000000 0.000000 
1611 0.000000 0.000000 
1612 0.000000 0.000000 
1613 0.000000 0.000000 
1614 0.000000 0.000000 
1615 0.000000 0.000000 
1616 0.000000 0.000000 
1617 0.000000 0.000000 
1618 0.000000 0.000000 
1619 0.000000 0.000000 
1620 0.000000 0.000000 
1621 0.000000 0.000000 
1622 0.000000 0.000000 
1623 0.000000 0.000000 
1624 0.000000 0.000000 
1625 0.000000 0.000000 
1626 0.000000 0.000000 
1627 0.000000 0.000000 
1628 0.000000 0.000000 
1629 0.000000 0.000000 
1630 0.000000 0.000000 
1631 0.000000 0.000000 
1632 0.000000 0.000000 
1633 0.000000 0.000000 
1634 0.000000 0.000000 
1635 0.000000 0.000000 
1636 0.000000 0.000000 
1637 0.000000 0.000000 
1638 0.000000 0.000000 
1639 0.000000 0.000000 
1640 0.000000 0.000000 
1641 0.000000 0.000000 
1642 0.000000 0.000000 
1643 0.000000 0.000000 
1644 0.000000 0.000000 
1645 0.000000 0.000000 
1646 0.000000 0.000000 
1647 0.000000 0.000000 
1648 0.000000 0.000000 
1649 0.000000 0.000000 
1650 0.000000 0.000000 
1651 0.000000 0.000000 
1652 0.000000 0.000000 
1653 0.000000 0.000000 
1654 0.000000 0.000000 
1655 0.000000 0.000000 
1656 0.000000 0.000000 
1657 0.000000 0.000000 
1658 0.000000 0.000000 
1659 0.000000 0.000000 
1660 0.000000 0.000000 
1661 0.000000 0.000000 
1662 0.000000 0.000000 
1663 0.000000 0.000000 
1664 0.000000 0.000000 
1665 0.000000 0.000000 
1666 0.000000 0.000000 
1667 0.000000 0.000000 
1668 0.000000 0.000000 
1669 0.000000 0.000000 
1670 0.000000 0.000000 
1671 0.000000 0.000000 
1672 0.000000 0.000000 
1673 0.000000 0.000000 
1674 0.000000 0.000000 
1675 0.000000 0.000000 
1676 0.000000 0.000000 
1677 0.000000 0.000000 
1678 0.000000 0.000000 
1679 0.000000 0.000000 
1680 0.000000 0.000000 
1681 0.000000 0.000000 
1682 0.000000 0.000000 
1683 0.000000 0.000000 
1684 0.000000 0.000000 
1685 0.000000 0.000000 
1686 0.000000 0.000000 
1687 0.000000 0.000000 
1688 0.000000 0.000000 
1689 0.000000 0.000000 
1690 0.000000 0.000000 
1691 0.000000 0.000000 
1692 0.000000 0.000000 
1693 0.000000 0.000000 
1694 0.000000 0.000000 
1695 0.000000 0.000000 
1696 0.000000 0.000000 
1697 0.000000 0.000000 
1698 0.000000 0.000000 
1699 0.000000 0.000000 
1700 0.000000 0.000000 
1701 0.000000 0.000000 
1702 0.000000 0.000000 
1703 0.000000 0.000000 
1704 0.000000 0.000000 
1705 0.000000 0.000000 
1706 0.000000 0.000000 
1707 0.000000 0.000000 
1708 0.000000 0.000000 
1709 0.000000 0.000000 
1710 0.000000 0.000000 
1711 0.000000 0.000000 
1712 0.000000 0.000000 
1713 0.000000 0.000000 
1714 0.000000 0.000000 
1715 0.000000 0.000000 
1716 0.000000 0.000000 
1717 0.000000 0.000000 
1718 0.000000 0.000000 
1719 0.000000 0.000000 
1720 0.000000 0.000000 
1721 0.000000 0.000000 
1722 0.000000 0.000000 
1723 0.000000 0.000000 
1724 0.000000 0.000000 
1725 0.000000 0.000000 
1726 0.000000 0.000000 
1727 0.000000 0.000000 
1728 0.000000 0.000000 
1729 0.000000 0.000000 
1730 0.000000 0.000000 
1731 0.000000 0.000000 
1732 0.000000 0.000000 
1733 0.000000 0.000000 
1734 0.000000 0.000000 
1735 0.000000 0.000000 
1736 0.000000 0.000000 
1737 0.000000 0.000000 
1738 0.000000 0.000000 
1739 0.000000 0.000000 
1740 0.000000 0.000000 
1741 0.000000 0.000000 
1742 0.000000 0.000000 
1743 0.000000 0.000000 
1744 0.000000 0.000000 
1745 0.000000 0.000000 
1746 0.000000 0.000000 
1747 0.000000 0.000000 
1748 0.000000 0.000000 
1749 0.000000 0.000000 
1750 0.000000 0.000000 
1751 0.000000 0.000000 
1752 0.000000 0.000000 
1753 0.000000 0.000000 
1754 0.000000 0.000000 
1755 0.000000 0.000000 
1756 0.000000 0.000000 
1757 0.000000 0.000000 
1758 0.000000 0.000000 
1759 0.000000 0.000000 
1760 0.000000 0.000000 
1761 0.000000 0.000000 
1762 0.000000 0.000000 
1763 0.000000 0.000000 
1764 0.000000 0.000000 
1765 0.000000 0.000000 
1766 0.000000 0.000000 
1767 0.000000 0.000000 
1768 0.000000 0.000000 
1769 0.000000 0.000000 
1770 0.000000 0.000000 
1771 0.000000 0.000000 
1772 0.000000 0.000000 
1773 0.000000 0.000000 
1774 0.000000 0.000000 
1775 0.000000 0.000000 
1776 0.000000 0.000000 
1777 0.000000 0.000000 
1778 0.000000 0.000000 
1779 0.000000 0.000000 
1780 0.000000 0.000000 
1781 0.000000 0.000000 
1782 0.000000 0.000000 
1783 0.000000 0.000000 
1784 0.000000 0.000000 
1785 0.000000 0.000000 
1786 0.000000 0.000000 
1787 0.000000 0.000000 
1788 0.000000 0.000000 
1789 0.000000 0.000000 
1790 0.000000 0.000000 
1791 0.000000 0.000000 
1792 0.000000 0.000000 
1793 0.000000 0.000000 
1794 0.000000 0.000000 
1795 0.000000 0.000000 
1796 0.000000 0.000000 
1797 0.000000 0.000000 
1798 0.000000 0.000000 
1799 0.000000 0.000000 
1800 0.000000 0.000000 
1801 0.000000 0.000000 
1802 0.000000 0.000000 
1803 0.000000 0.000000 
1804 0.000000 0.000000 
1805 0.000000 0.000000 
1806 0.000000 0.000000 
1807 0.000000 0.000000 
1808 0.000000 0.000000 
1809 0.000000 0.000000 
1810 0.000000 0.000000 
1811 0.000000 0.000000 
1812 0.000000 0.000000 
1813 0.000000 0.000000 
1814 0.000000 0.000000 
1815 0.000000 0.000000 
1816 0.000000 0.000000 
1817 0.000000 0.000000 
1818 0.000000 0.000000 
1819 0.000000 0.000000 
1820 0.000000 0.000000 
1821 0.000000 0.000000 
1822 0.000000 0.000000 
1823 0.000000 0.000000 
1824 0.000000 0.000000 
1825 0.000000 0.000000 
1826 0.000000 0.000000 
1827 0.000000 0.000000 
1828 0.000000 0.000000 
1829 0.000000 0.000000 
1830 0.000000 0.000000 
1831 0.000000 0.000000 
1832 0.000000 0.000000 
1833 0.000000 0.000000 
1834 0.000000 0.000000 
1835 0.000000 0.000000 
1836 0.000000 0.000000 
1837 0.000000 0.000000 
1838 0.000000 0.000000 
1839 0.000000 0.000000 
1840 0.000000 0.000000 
1841 0.000000 0.000000 
1842 0.000000 0.000000 
1843 0.000000 0.000000 
1844 0.000000 0.000000 
1845 0.000000 0.000000 
1846 0.000000 0.000000 
1847 0.000000 0.000000 
1848 0.000000 0.000000 
1849 0.000000 0.000000 
1850 0.000000 0.000000 
1851 0.000000 0.000000 
1852 0.000000 0.000000 
1853 0.000000 0.000000 
1854 0.000000 0.000000 
1855 0.000000 0.000000 
1856 0.000000 0.000000 
1857 0.000000 0.000000 
1858 0.000000 0.000000 
1859 0.000000 0.000000 
1860 0.000000 0.000000 
1861 0.000000 0.000000 
1862 0.000000 0.000000 
1863 0.000000 0.000000 
1864 0.000000 0.000000 
1865 0.000000 0.000000 
1866 0.000000 0.000000 
1867 0.000000 0.000000 
1868 0.000000 0.000000 
1869 0.000000 0.000000 
1870 0.000000 0.000000 
1871 0.000000 0.000000 
1872 0.000000 0.000000 
1873 0.000000 0.000000 
1874 0.000000 0.000000 
1875 0.000000 0.000000 
1876 0.000000 0.000000 
1877 0.000000 0.000000 
1878 0.000000 0.000000 
1879 0.000000 0.000000 
1880 0.000000 0.000000 
1881 0.000000 0.000000 
1882 0.000000 0.000000 
1883 0.000000 0.000000 
1884 0.000000 0.000000 
1885 0.000000 0.000000 
1886 0.000000 0.000000 
1887 0.000000 0.000000 
1888 0.000000 0.000000 
1889 0.000000 0.000000 
1890 0.000000 0.000000 
1891 0.000000 0.000000 
1892 0.000000 0.000000 
1893 0.000000 0.000000 
1894 0.000000 0.000000 
1895 0.000000 0.000000 
1896 0.000000 0.000000 
1897 0.000000 0.000000 
1898 0.000000 0.000000 
1899 0.000000 0.000000 
1900 0.000000 0.000000 
1901 0.000000 0.000000 
1902 0.000000 0.000000 
1903 0.000000 0.000000 
1904 0.000000 0.000000 
1905 0.000000 0.000000 
1906 0.000000 0.000000 
1907 0.000000 0.000000 
1908 0.000000 0.000000 
1909 0.000000 0.000000 
1910 0.000000 0.000000 
1911 0.000000 0.000000 
1912 0.000000 0.000000 
1913 0.000000 0.000000 
1914 0.000000 0.000000 
1915 0.000000 0.000000 
1916 0.000000 0.000000 
1917 0.000000 0.000000 
1918 0.000000 0.000000 
1919 0.000000 0.000000 
1920 0.000000 0.000000 
1921 0.000000 0.000000 
1922 0.000000 0.000000 
1923 0.000000 0.000000 
1924 0.000000 0.000000 
1925 0.000000 0.000000 
1926 0.000000 0.000000 
1927 0.000000 0.000000 
1928 0.000000 0.000000 
1929 0.000000 0.000000 
1930 0.000000 0.000000 
1931 0.000000 0.000000 
1932 0.000000 0.000000 
1933 0.000000 0.000000 
1934 0.000000 0.000000 
1935 0.000000 0.000000 
1936 0.000000 0.000000 
1937 0.000000 0.000000 
1938 0.000000 0.000000 
1939 0.000000 0.000000 
1940 0.000000 0.000000 
1941 0.000000 0.000000 
1942 0.000000 0.000000 
1943 0.000000 0.000000 
1944 0.000000 0.000000 
1945 0.000000 0.000000 
1946 0.000000 0.000000 
1947 0.000000 0.000000 
1948 0.000000 0.000000 
1949 0.000000 0.000000 
1950 0.000000 0.000000 
1951 0.000000 0.000000 
1952 0.000000 0.000000 
1953 0.000000 0.000000 
1954 0.000000 0.000000 
1955 0.000000 0.000000 
1956 0.000000 0.000000 
1957 0.000000 0.000000 
1958 0.000000 0.000000 
1959 0.000000 0.000000 
1960 0.000000 0.000000 
1961 0.000000 0.000000 
1962 0.000000 0.000000 
1963 0.000000 0.000000 
1964 0.000000 0.000000 
1965 0.000000 0.000000 
1966 0.000000 0.000000 
1967 0.000000 0.000000 
1968 0.000000 0.000000 
1969 0.000000 0.000000 
1970 0.000000 0.000000 
1971 0.000000 0.000000 
1972 0.000000 0.000000 
1973 0.000000 0.000000 
1974 0.000000 0.000000 
1975 0.000000 0.000000 
1976 0.000000 0.000000 
1977 0.000000 0.000000 
1978 0.000000 0.000000 
1979 0.000000 0.000000 
1980 0.000000 0.000000 
1981 0.000000 0.000000 
1982 0.000000 0.000000 
1983 0.000000 0.000000 
1984 0.000000 0.000000 
1985 0.000000 0.000000 
1986 0.000000 0.000000 
1987 0.000000 0.000000 
1988 0.000000 0.000000 
1989 0.000000 0.000000 
1990 0.000000 0.000000 
1991 0.000000 0.000000 
1992 0.000000 0.000000 
1993 0.000000 0.000000 
1994 0.000000 0.000000 
1995 0.000000 0.000000 
1996 0.000000 0.000000 
1997 0.000000 0.000000 
1998 0.000000 0.000000 
1999 0.000000 0.000000 
2000 0.000000 0.000000 
2001 0.000000 0.000000 
2002 0.000000 0.000000 
2003 0.000000 0.000000 
2004 0.000000 0.000000 
2005 0.000000 0.000000 
2006 0.000000 0.000000 
2007 0.000000 0.000000 
2008 0.000000 0.000000 
2009 0.000000 0.000000 
2010 0.000000 0.000000 
2011 0.000000 0.000000 
2012 0.000000 0.000000 
2013 0.000000 0.000000 
2014 0.000000 0.000000 
2015 0.000000 0.000000 
2016 0.000000 0.000000 
2017 0.000000 0.000000 
2018 0.000000 0.000000 
2019 0.000000 0.000000 
2020 0.000000 0.000000 
2021 0.000000 0.000000 
2022 0.000000 0.000000 
2023 0.000000 0.000000 
2024 0.000000 0.000000 
2025 0.000000 0.000000 
2026 0.000000 0.000000 
2027 0.000000 0.000000 
2028 0.000000 0.000000 
2029 0.000000 0.000000 
2030 0.000000 0.000000 
2031 0.000000 0.000000 
2032 0.000000 0.000000 
2033 0.000000 0.000000 
2034 0.000000 0.000000 
2035 0.000000 0.000000 
2036 0.000000 0.000000 
2037 0.000000 0.000000 
2038 0.000000 0.000000 
2039 0.000000 0.000000 
2040 0.000000 0.000000 
2041 0.000000 0.000000 
2042 0.000000 0.000000 
2043 0.000000 0.000000 
2044 0.000000 0.000000 
2045 0.000000 0.000000 
2046 0.000000 0.000000 
2047 0.000000 0.000000 
2048 0.000000 0.000000 
2049 0.000000 0.000000 
2050 0.000000 0.000000 
2051 0.000000 0.000000 
2052 0.000000 0.000000 
2053 0.000000 0.000000 
2054 0.000000 0.000000 
2055 0.000000 0.000000 
2056 0.000000 0.000000 
2057 0.000000 0.000000 
2058 0.000000 0.000000 
2059 0.000000 0.000000 
2060 0.000000 0.000000 
2061 0.000000 0.000000 
2062 0.000000 0.000000 
2063 0.000000 0.000000 
2064 0.000000 0.000000 
2065 0.000000 0.000000 
2066 0.000000 0.000000 
2067 0.000000 0.000000 
2068 0.000000 0.000000 
2069 0.000000 0.000000 
2070 0.000000 0.000000 
2071 0.000000 0.000000 
2072 0.000000 0.000000 
2073 0.000000 0.000000 
2074 0.000000 0.000000 
2075 0.000000 0.000000 
2076 0.000000 0.000000 
2077 0.000000 0.000000 
2078 0.000000 0.000000 
2079 0.000000 0.000000 
2080 0.000000 0.000000 
2081 0.000000 0.000000 
2082 0.000000 0.000000 
2083 0.000000 0.000000 
2084 0.000000 0.000000 
2085 0.000000 0.000000 
2086 0.000000 0.000000 
2087 0.000000 0.000000 
2088 0.000000 0.000000 
2089 0.000000 0.000000 
2090 0.000000 0.000000 
2091 0.000000 0.000000 
2092 0.000000 0.000000 
2093 0.000000 0.000000 
2094 0.000000 0.000000 
2095 0.000000 0.000000 
2096 0.000000 0.000000 
2097 0.000000 0.000000 
2098 0.000000 0.000000 
2099 0.000000 0.000000 
2100 0.000000 0.000000 
2101 0.000000 0.000000 
2102 0.000000 0.000000 
2103 0.000000 0.000000 
2104 0.000000 0.000000 
2105 0.000000 0.000000 
2106 0.000000 0.000000 
2107 0.000000 0.000000 
2108 0.000000 0.000000 
2109 0.000000 0.000000 
2110 0.000000 0.000000 
2111 0.000000 0.000000 
2112 0.000000 0.000000 
2113 0.000000 0.000000 
2114 0.000000 0.000000 
2115 0.000000 0.000000 
2116 0.000000 0.000000 
2117 0.000000 0.000000 
2118 0.000000 0.000000 
2119 0.000000 0.000000 
2120 0.000000 0.000000 
2121 0.000000 0.000000 
2122 0.000000 0.000000 
2123 0.000000 0.000000 
2124 0.000000 0.000000 
2125 0.000000 0.000000 
2126 0.000000 0.000000 
2127 0.000000 0.000000 
2128 0.000000 0.000000 
2129 0.000000 0.000000 
2130 0.000000 0.000000 
2131 0.000000 0.000000 
2132 0.000000 0.000000 
2133 0.000000 0.000000 
2134 0.000000 0.000000 
2135 0.000000 0.000000 
2136 0.000000 0.000000 
2137 0.000000 0.000000 
2138 0.000000 0.000000 
2139 0.000000 0.000000 
2140 0.000000 0.000000 
2141 0.000000 0.000000 
2142 0.000000 0.000000 
2143 0.000000 0.000000 
2144 0.000000 0.000000 
2145 0.000000 0.000000 
2146 0.000000 0.000000 
2147 0.000000 0.000000 
2148 0.000000 0.000000 
2149 0.000000 0.000000 
2150 0.000000 0.000000 
2151 0.000000 0.000000 
2152 0.000000 0.000000 
2153 0.000000 0.000000 
2154 0.000000 0.000000 
2155 0.000000 0.000000 
2156 0.000000 0.000000 
2157 0.000000 0.000000 
2158 0.000000 0.000000 
2159 0.000000 0.000000 
2160 0.000000 0.000000 
2161 0.000000 0.000000 
2162 0.000000 0.000000 
2163 0.000000 0.000000 
2164 0.000000 0.000000 
2165 0.000000 0.000000 
2166 0.000000 0.000000 
2167 0.000000 0.000000 
2168 0.000000 0.000000 
2169 0.000000 0.000000 
2170 0.000000 0.000000 
2171 0.000000 0.000000 
2172 0.000000 0.000000 
2173 0.000000 0.000000 
2174 0.000000 0.000000 
2175 0.000000 0.000000 
2176 0.000000 0.000000 
2177 0.000000 0.000000 
2178 0.000000 0.000000 
2179 0.000000 0.000000 
2180 0.000000 0.000000 
2181 0.000000 0.000000 
2182 0.000000 0.000000 
2183 0.000000 0.000000 
2184 0.000000 0.000000 
2185 0.000000 0.000000 
2186 0.000000 0.000000 
2187 0.000000 0.000000 
2188 0.000000 0.000000 
2189 0.000000 0.000000 
2190 0.000000 0.000000 
2191 0.000000 0.000000 
2192 0.000000 0.000000 
2193 0.000000 0.000000 
2194 0.000000 0.000000 
2195 0.000000 0.000000 
2196 0.000000 0.000000 
2197 0.000000 0.000000 
2198 0.000000 0.000000 
2199 0.000000 0.000000 
2200 0.000000 0.000000 
2201 0.000000 0.000000 
2202 0.000000 0.000000 
2203 0.000000 0.000000 
2204 0.000000 0.000000 
2205 0.000000 0.000000 
2206 0.000000 0.000000 
2207 0.000000 0.000000 
2208 0.000000 0.000000 
2209 0.000000 0.000000 
2210 0.000000 0.000000 
2211 0.000000 0.000000 
2212 0.000000 0.000000 
2213 0.000000 0.000000 
2214 0.000000 0.000000 
2215 0.000000 0.000000 
2216 0.000000 0.000000 
2217 0.000000 0.000000 
2218 0.000000 0.000000 
2219 0.000000 0.000000 
2220 0.000000 0.000000 
2221 0.000000 0.000000 
2222 0.000000 0.000000 
2223 0.000000 0.000000 
2224 0.000000 0.000000 
2225 0.000000 0.000000 
2226 0.000000 0.000000 
2227 0.000000 0.000000 
2228 0.000000 0.000000 
2229 0.000000 0.000000 
2230 0.000000 0.000000 
2231 0.000000 0.000000 
2232 0.000000 0.000000 
2233 0.000000 0.000000 
2234 0.000000 0.000000 
2235 0.000000 0.000000 
2236 0.000000 0.000000 
2237 0.000000 0.000000 
2238 0.000000 0.000000 
2239 0.000000 0.000000 
2240 0.000000 0.000000 
2241 0.000000 0.000000 
2242 0.000000 0.000000 
2243 0.000000 0.000000 
2244 0.000000 0.000000 
2245 0.000000 0.000000 
2246 0.000000 0.000000 
2247 0.000000 0.000000 
2248 0.000000 0.000000 
2249 0.000000 0.000000 
2250 0.000000 0.000000 
2251 0.000000 0.000000 
2252 0.000000 0.000000 
2253 0.000000 0.000000 
2254 0.000000 0.000000 
2255 0.000000 0.000000 
2256 0.000000 0.000000 
2257 0.000000 0.000000 
2258 0.000000 0.000000 
2259 0.000000 0.000000 
2260 0.000000 0.000000 
2261 0.000000 0.000000 
2262 0.000000 0.000000 
2263 0.000000 0.000000 
2264 0.000000 0.000000 
2265 0.000000 0.000000 
2266 0.000000 0.000000 
2267 0.000000 0.000000 
2268 0.000000 0.000000 
2269 0.000000 0.000000 
2270 0.000000 0.000000 
2271 0.000000 0.000000 
2272 0.000000 0.000000 
2273 0.000000 0.000000 
2274 0.000000 0.000000 
2275 0.000000 0.000000 
2276 0.000000 0.000000 
2277 0.000000 0.000000 
2278 0.000000 0.000000 
2279 0.000000 0.000000 
2280 0.000000 0.000000 
2281 0.000000 0.000000 
2282 0.000000 0.000000 
2283 0.000000 0.000000 
2284 0.000000 0.000000 
2285 0.000000 0.000000 
2286 0.000000 0.000000 
2287 0.000000 0.000000 
2288 0.000000 0.000000 
2289 0.000000 0.000000 
2290 0.000000 0.000000 
2291 0.000000 0.000000 
2292 0.000000 0.000000 
2293 0.000000 0.000000 
2294 0.000000 0.000000 
2295 0.000000 0.000000 
2296 0.000000 0.000000 
2297 0.000000 0.000000 
2298 0.000000 0.000000 
2299 0.000000 0.000000 
2300 0.000000 0.000000 
2301 0.000000 0.000000 
2302 0.000000 0.000000 
2303 0.000000 0.000000 
2304 0.000000 0.000000 
2305 0.000000 0.000000 
2306 0.000000 0.000000 
2307 0.000000 0.000000 
2308 0.000000 0.000000 
2309 0.000000 0.000000 
2310 0.000000 0.000000 
2311 0.000000 0.000000 
2312 0.000000 0.000000 
2313 0.000000 0.000000 
2314 0.000000 0.000000 
2315 0.000000 0.000000 
2316 0.000000 0.000000 
2317 0.000000 0.000000 
2318 0.000000 0.000000 
2319 0.000000 0.000000 
2320 0.000000 0.000000 
2321 0.000000 0.000000 
2322 0.000000 0.000000 
2323 0.000000 0.000000 
2324 0.000000 0.000000 
2325 0.000000 0.000000 
2326 0.000000 0.000000 
2327 0.000000 0.000000 
2328 0.000000 0.000000 
2329 0.000000 0.000000 
2330 0.000000 0.000000 
2331 0.000000 0.000000 
2332 0.000000 0.000000 
2333 0.000000 0.000000 
2334 0.000000 0.000000 
2335 0.000000 0.000000 
2336 0.000000 0.000000 
2337 0.000000 0.000000 
2338 0.000000 0.000000 
2339 0.000000 0.000000 
2340 0.000000 0.000000 
2341 0.000000 0.000000 
2342 0.000000 0.000000 
2343 0.000000 0.000000 
2344 0.000000 0.000000 
2345 0.000000 0.000000 
2346 0.000000 0.000000 
2347 0.000000 0.000000 
2348 0.000000 0.000000 
2349 0.000000 0.000000 
2350 0.000000 0.000000 
2351 0.000000 0.000000 
2352 0.000000 0.000000 
2353 0.000000 0.000000 
2354 0.000000 0.000000 
2355 0.000000 0.000000 
2356 0.000000 0.000000 
2357 0.000000 0.000000 
2358 0.000000 0.000000 
2359 0.000000 0.000000 
2360 0.000000 0.000000 
2361 0.000000 0.000000 
2362 0.000000 0.000000 
2363 0.000000 0.000000 
2364 0.000000 0.000000 
2365 0.000000 0.000000 
2366 0.000000 0.000000 
2367 0.000000 0.000000 
2368 0.000000 0.000000 
2369 0.000000 0.000000 
2370 0.000000 0.000000 
2371 0.000000 0.000000 
2372 0.000000 0.000000 
2373 0.000000 0.000000 
2374 0.000000 0.000000 
2375 0.000000 0.000000 
2376 0.000000 0.000000 
2377 0.000000 0.000000 
2378 0.000000 0.000000 
2379 0.000000 0.000000 
2380 0.000000 0.000000 
2381 0.000000 0.000000 
2382 0.000000 0.000000 
2383 0.000000 0.000000 
2384 0.000000 0.000000 
2385 0.000000 0.000000 
2386 0.000000 0.000000 
2387 0.000000 0.000000 
2388 0.000000 0.000000 
2389 0.000000 0.000000 
2390 0.000000 0.000000 
2391 0.000000 0.000000 
2392 0.000000 0.000000 
2393 0.000000 0.000000 
2394 0.000000 0.000000 
2395 0.000000 0.000000 
2396 0.000000 0.000000 
2397 0.000000 0.000000 
2398 0.000000 0.000000 
2399 0.000000 0.000000 
2400 0.000000 0.000000 
2401 0.000000 0.000000 
2402 0.000000 0.000000 
2403 0.000000 0.000000 
2404 0.000000 0.000000 
2405 0.000000 0.000000 
2406 0.000000 0.000000 
2407 0.000000 0.000000 
2408 0.000000 0.000000 
2409 0.000000 0.000000 
2410 0.000000 0.000000 
2411 0.000000 0.000000 
2412 0.000000 0.000000 
2413 0.000000 0.000000 
2414 0.000000 0.000000 
2415 0.000000 0.000000 
2416 0.000000 0.000000 
2417 0.000000 0.000000 
2418 0.000000 0.000000 
2419 0.000000 0.000000 
2420 0.000000 0.000000 
2421 0.000000 0.000000 
2422 0.000000 0.000000 
2423 0.000000 0.000000 
2424 0.000000 0.000000 
2425 0.000000 0.000000 
2426 0.000000 0.000000 
2427 0.000000 0.000000 
2428 0.000000 0.000000 
2429 0.000000 0.000000 
2430 0.000000 0.000000 
2431 0.000000 0.000000 
2432 0.000000 0.000000 
2433 0.000000 0.000000 
2434 0.000000 0.000000 
2435 0.000000 0.000000 
2436 0.000000 0.000000 
2437 0.000000 0.000000 
2438 0.000000 0.000000 
2439 0.000000 0.000000 
2440 0.000000 0.000000 
2441 0.000000 0.000000 
2442 0.000000 0.000000 
2443 0.000000 0.000000 
2444 0.000000 0.000000 
2445 0.000000 0.000000 
2446 0.000000 0.000000 
2447 0.000000 0.000000 
2448 0.000000 0.000000 
2449 0.000000 0.000000 
2450 0.000000 0.000000 
2451 0.000000 0.000000 
2452 0.000000 0.000000 
2453 0.000000 0.000000 
2454 0.000000 0.000000 
2455 0.000000 0.000000 
2456 0.000000 0.000000 
2457 0.000000 0.000000 
2458 0.000000 0.000000 
2459 0.000000 0.000000 
2460 0.000000 0.000000 
2461 0.000000 0.000000 
2462 0.000000 0.000000 
2463 0.000000 0.000000 
2464 0.000000 0.000000 
2465 0.000000 0.000000 
2466 0.000000 0.000000 
2467 0.000000 0.000000 
2468 0.000000 0.000000 
2469 0.000000 0.000000 
2470 0.000000 0.000000 
2471 0.000000 0.000000 
2472 0.000000 0.000000 
2473 0.000000 0.000000 
2474 0.000000 0.000000 
2475 0.000000 0.000000 
2476 0.000000 0.000000 
2477 0.000000 0.000000 
2478 0.000000 0.000000 
2479 0.000000 0.000000 
2480 0.000000 0.000000 
2481 0.000000 0.000000 
2482 0.000000 0.000000 
2483 0.000000 0.000000 
2484 0.000000 0.000000 
2485 0.000000 0.000000 
2486 0.000000 0.000000 
2487 0.000000 0.000000 
2488 0.000000 0.000000 
2489 0.000000 0.000000 
2490 0.000000 0.000000 
2491 0.000000 0.000000 
2492 0.000000 0.000000 
2493 0.000000 0.000000 
2494 0.000000 0.000000 
2495 0.000000 0.000000 
2496 0.000000 0.000000 
2497 0.000000 0.000000 
2498 0.000000 0.000000 
2499 0.000000 0.000000 
2500 0.000000 0.000000 
2501 0.000000 0.000000 
2502 0.000000 0.000000 
2503 0.000000 0.000000 
2504 0.000000 0.000000 
2505 0.000000 0.000000 
2506 0.000000 0.000000 
2507 0.000000 0.000000 
2508 0.000000 0.000000 
2509 0.000000 0.000000 
2510 0.000000 0.000000 
2511 0.000000 0.000000 
2512 0.000000 0.000000 
2513 0.000000 0.000000 
2514 0.000000 0.000000 
2515 0.000000 0.000000 
2516 0.000000 0.000000 
2517 0.000000 0.000000 
2518 0.000000 0.000000 
2519 0.000000 0.000000 
2520 0.000000 0.000000 
2521 0.000000 0.000000 
2522 0.000000 0.000000 
2523 0.000000 0.000000 
2524 0.000000 0.000000 
2525 0.000000 0.000000 
2526 0.000000 0.000000 
2527 0.000000 0.000000 
2528 0.000000 0.000000 
2529 0.000000 0.000000 
2530 0.000000 0.000000 
2531 0.000000 0.000000 
2532 0.000000 0.000000 
2533 0.000000 0.000000 
2534 0.000000 0.000000 
2535 0.000000 0.000000 
2536 0.000000 0.000000 
2537 0.000000 0.000000 
2538 0.000000 0.000000 
2539 0.000000 0.000000 
2540 0.000000 0.000000 
2541 0.000000 0.000000 
2542 0.000000 0.000000 
2543 0.000000 0.000000 
2544 0.000000 0.000000 
2545 0.000000 0.000000 
2546 0.000000 0.000000 
2547 0.000000 0.000000 
2548 0.000000 0.000000 
2549 0.000000 0.000000 
2550 0.000000 0.000000 
2551 0.000000 0.000000 
2552 0.000000 0.000000 
2553 0.000000 0.000000 
2554 0.000000 0.000000 
2555 0.000000 0.000000 
2556 0.000000 0.000000 
2557 0.000000 0.000000 
2558 0.000000 0.000000 
2559 0.000000 0.000000 
2560 0.000000 0.000000 
2561 0.000000 0.000000 
2562 0.000000 0.000000 
2563 0.000000 0.000000 
2564 0.000000 0.000000 
2565 0.000000 0.000000 
2566 0.000000 0.000000 
2567 0.000000 0.000000 
2568 0.000000 0.000000 
2569 0.000000 0.000000 
2570 0.000000 0.000000 
2571 0.000000 0.000000 
2572 0.000000 0.000000 
2573 0.000000 0.000000 
2574 0.000000 0.000000 
2575 0.000000 0.000000 
2576 0.000000 0.000000 
2577 0.000000 0.000000 
2578 0.000000 0.000000 
2579 0.000000 0.000000 
2580 0.000000 0.000000 
2581 0.000000 0.000000 
2582 0.000000 0.000000 
2583 0.000000 0.000000 
2584 0.000000 0.000000 
2585 0.000000 0.000000 
2586 0.000000 0.000000 
2587 0.000000 0.000000 
2588 0.000000 0.000000 
2589 0.000000 0.000000 
2590 0.000000 0.000000 
2591 0.000000 0.000000 
2592 0.000000 0.000000 
2593 0.000000 0.000000 
2594 0.000000 0.000000 
2595 0.000000 0.000000 
2596 0.000000 0.000000 
2597 0.000000 0.000000 
2598 0.000000 0.000000 
2599 0.000000 0.000000 
2600 0.000000 0.000000 
2601 0.000000 0.000000 
2602 0.000000 0.000000 
2603 0.000000 0.000000 
2604 0.000000 0.000000 
2605 0.000000 0.000000 
2606 0.000000 0.000000 
2607 0.000000 0.000000 
2608 0.000000 0.000000 
2609 0.000000 0.000000 
2610 0.000000 0.000000 
2611 0.000000 0.000000 
2612 0.000000 0.000000 
2613 0.000000 0.000000 
2614 0.000000 0.000000 
2615 0.000000 0.000000 
2616 0.000000 0.000000 
2617 0.000000 0.000000 
2618 0.000000 0.000000 
2619 0.000000 0.000000 
2620 0.000000 0.000000 
2621 0.000000 0.000000 
2622 0.000000 0.000000 
2623 0.000000 0.000000 
2624 0.000000 0.000000 
2625 0.000000 0.000000 
2626 0.000000 0.000000 
2627 0.000000 0.000000 
2628 0.000000 0.000000 
2629 0.000000 0.000000 
2630 0.000000 0.000000 
2631 0.000000 0.000000 
2632 0.000000 0.000000 
2633 0.000000 0.000000 
2634 0.000000 0.000000 
2635 0.000000 0.000000 
2636 0.000000 0.000000 
2637 0.000000 0.000000 
2638 0.000000 0.000000 
2639 0.000000 0.000000 
2640 0.000000 0.000000 
2641 0.000000 0.000000 
2642 0.000000 0.000000 
2643 0.000000 0.000000 
2644 0.000000 0.000000 
2645 0.000000 0.000000 
2646 0.000000 0.000000 
2647 0.000000 0.000000 
2648 0.000000 0.000000 
2649 0.000000 0.000000 
2650 0.000000 0.000000 
2651 0.000000 0.000000 
2652 0.000000 0.000000 
2653 0.000000 0.000000 
2654 0.000000 0.000000 
2655 0.000000 0.000000 
2656 0.000000 0.000000 
2657 0.000000 0.000000 
2658 0.000000 0.000000 
2659 0.000000 0.000000 
2660 0.000000 0.000000 
2661 0.000000 0.000000 
2662 0.000000 0.000000 
2663 0.000000 0.000000 
2664 0.000000 0.000000 
2665 0.000000 0.000000 
2666 0.000000 0.000000 
2667 0.000000 0.000000 
2668 0.000000 0.000000 
2669 0.000000 0.000000 
2670 0.000000 0.000000 
2671 0.000000 0.000000 
2672 0.000000 0.000000 
2673 0.000000 0.000000 
2674 0.000000 0.000000 
2675 0.000000 0.000000 
2676 0.000000 0.000000 
2677 0.000000 0.000000 
2678 0.000000 0.000000 
2679 0.000000 0.000000 
2680 0.000000 0.000000 
2681 0.000000 0.000000 
2682 0.000000 0.000000 
2683 0.000000 0.000000 
2684 0.000000 0.000000 
2685 0.000000 0.000000 
2686 0.000000 0.000000 
2687 0.000000 0.000000 
2688 0.000000 0.000000 
2689 0.000000 0.000000 
2690 0.000000 0.000000 
2691 0.000000 0.000000 
2692 0.000000 0.000000 
2693 0.000000 0.000000 
2694 0.000000 0.000000 
2695 0.000000 0.000000 
2696 0.000000 0.000000 
2697 0.000000 0.000000 
2698 0.000000 0.000000 
2699 0.000000 0.000000 
2700 0.000000 0.000000 
2701 0.000000 0.000000 
2702 0.000000 0.000000 
2703 0.000000 0.000000 
2704 0.000000 0.000000 
2705 0.000000 0.000000 
2706 0.000000 0.000000 
2707 0.000000 0.000000 
2708 0.000000 0.000000 
2709 0.000000 0.000000 
2710 0.000000 0.000000 
2711 0.000000 0.000000 
2712 0.000000 0.000000 
2713 0.000000 0.000000 
2714 0.000000 0.000000 
2715 0.000000 0.000000 
2716 0.000000 0.000000 
2717 0.000000 0.000000 
2718 0.000000 0.000000 
2719 0.000000 0.000000 
2720 0.000000 0.000000 
2721 0.000000 0.000000 
2722 0.000000 0.000000 
2723 0.000000 0.000000 
2724 0.000000 0.000000 
2725 0.000000 0.000000 
2726 0.000000 0.000000 
2727 0.000000 0.000000 
2728 0.000000 0.000000 
2729 0.000000 0.000000 
2730 0.000000 0.000000 
2731 0.000000 0.000000 
2732 0.000000 0.000000 
2733 0.000000 0.000000 
2734 0.000000 0.000000 
2735 0.000000 0.000000 
2736 0.000000 0.000000 
2737 0.000000 0.000000 
2738 0.000000 0.000000 
2739 0.000000 0.000000 
2740 0.000000 0.000000 
2741 0.000000 0.000000 
2742 0.000000 0.000000 
2743 0.000000 0.000000 
2744 0.000000 0.000000 
2745 0.000000 0.000000 
2746 0.000000 0.000000 
2747 0.000000 0.000000 
2748 0.000000 0.000000 
2749 0.000000 0.000000 
2750 0.000000 0.000000 
2751 0.000000 0.000000 
2752 0.000000 0.000000 
2753 0.000000 0.000000 
2754 0.000000 0.000000 
2755 0.000000 0.000000 
2756 0.000000 0.000000 
2757 0.000000 0.000000 
2758 0.000000 0.000000 
2759 0.000000 0.000000 
2760 0.000000 0.000000 
2761 0.000000 0.000000 
2762 0.000000 0.000000 
2763 0.000000 0.000000 
2764 0.000000 0.000000 
2765 0.000000 0.000000 
2766 0.000000 0.000000 
2767 0.000000 0.000000 
2768 0.000000 0.000000 
2769 0.000000 0.000000 
2770 0.000000 0.000000 
2771 0.000000 0.000000 
2772 0.000000 0.000000 
2773 0.000000 0.000000 
2774 0.000000 0.000000 
2775 0.000000 0.000000 
2776 0.000000 0.000000 
2777 0.000000 0.000000 
2778 0.000000 0.000000 
2779 0.000000 0.000000 
2780 0.000000 0.000000 
2781 0.000000 0.000000 
2782 0.000000 0.000000 
2783 0.000000 0.000000 
2784 0.000000 0.000000 
2785 0.000000 0.000000 
2786 0.000000 0.000000 
2787 0.000000 0.000000 
2788 0.000000 0.000000 
2789 0.000000 0.000000 
2790 0.000000 0.000000 
2791 0.000000 0.000000 
2792 0.000000 0.000000 
2793 0.000000 0.000000 
2794 0.000000 0.000000 
2795 0.000000 0.000000 
2796 0.000000 0.000000 
2797 0.000000 0.000000 
2798 0.000000 0.000000 
2799 0.000000 0.000000 
2800 0.000000 0.000000 
2801 0.000000 0.000000 
2802 0.000000 0.000000 
2803 0.000000 0.000000 
2804 0.000000 0.000000 
2805 0.000000 0.000000 
2806 0.000000 0.000000 
2807 0.000000 0.000000 
2808 0.000000 0.000000 
2809 0.000000 0.000000 
2810 0.000000 0.000000 
2811 0.000000 0.000000 
2812 0.000000 0.000000 
2813 0.000000 0.000000 
2814 0.000000 0.000000 
2815 0.000000 0.000000 
2816 0.000000 0.000000 
2817 0.000000 0.000000 
2818 0.000000 0.000000 
2819 0.000000 0.000000 
2820 0.000000 0.000000 
2821 0.000000 0.000000 
2822 0.000000 0.000000 
2823 0.000000 0.000000 
2824 0.000000 0.000000 
2825 0.000000 0.000000 
2826 0.000000 0.000000 
2827 0.000000 0.000000 
2828 0.000000 0.000000 
2829 0.000000 0.000000 
2830 0.000000 0.000000 
2831 0.000000 0.000000 
2832 0.000000 0.000000 
2833 0.000000 0.000000 
2834 0.000000 0.000000 
2835 0.000000 0.000000 
2836 0.000000 0.000000 
2837 0.000000 0.000000 
2838 0.000000 0.000000 
2839 0.000000 0.000000 
2840 0.000000 0.000000 
2841 0.000000 0.000000 
2842 0.000000 0.000000 
2843 0.000000 0.000000 
2844 0.000000 0.000001 
2845 0.000000 0.000001 
2846 0.000000 0.000001 
2847 0.000000 0.000001 
2848 0.000000 0.000001 
2849 0.000000 0.000001 
2850 0.000000 0.000001 
2851 0.000000 0.000001 
2852 0.000000 0.000001 
2853 0.000000 0.000001 
2854 0.000000 0.000001 
2855 0.000000 0.000001 
2856 0.000000 0.000001 
2857 0.000000 0.000001 
2858 0.000000 0.000001 
2859 0.000000 0.000001 
2860 0.000000 0.000001 
2861 0.000000 0.000001 
2862 0.000000 0.000001 
2863 0.000000 0.000001 
2864 0.000000 0.000001 
2865 0.000000 0.000001 
2866 0.000000 0.000001 
2867 0.000000 0.000001 
2868 0.000000 0.000001 
2869 0.000000 0.000001 
2870 0.000000 0.000001 
2871 0.000000 0.000001 
2872 0.000000 0.000002 
2873 0.000000 0.000002 
2874 0.000000 0.000002 
2875 0.000000 0.000002 
2876 0.000000 0.000002 
2877 0.000000 0.000002 
2878 0.000000 0.000002 
2879 0.000000 0.000002 
2880 0.000000 0.000002 
2881 0.000000 0.000002 
2882 0.000000 0.000002 
2883 0.000000 0.000002 
2884 0.000000 0.000002 
2885 0.000000 0.000003 
2886 0.000000 0.000003 
2887 0.000000 0.000003 
2888 0.000000 0.000003 
2889 0.000000 0.000003 
2890 0.000000 0.000003 
2891 0.000000 0.000003 
2892 0.000000 0.000003 
2893 0.000000 0.000003 
2894 0.000000 0.000004 
2895 0.000000 0.000004 
2896 0.000000 0.000004 
2897 0.000000 0.000004 
2898 0.000000 0.000004 
2899 0.000000 0.000004 
2900 0.000000 0.000004 
2901 0.000000 0.000005 
2902 0.000000 0.000005 
2903 0.000000 0.000005 
2904 0.000000 0.000005 
2905 0.000000 0.000005 
2906 0.000000 0.000005 
2907 0.000000 0.000006 
2908 0.000000 0.000006 
2909 0.000000 0.000006 
2910 0.000000 0.000006 
2911 0.000000 0.000007 
2912 0.000000 0.000007 
2913 0.000000 0.000007 
2914 0.000000 0.000007 
2915 0.000000 0.000008 
2916 0.000000 0.000008 
2917 0.000000 0.000008 
2918 0.000000 0.000008 
2919 0.000000 0.000009 
2920 0.000000 0.000009 
2921 0.000000 0.000009 
2922 0.000000 0.000010 
2923 0.000000 0.000010 
2924 0.000000 0.000011 
2925 0.000000 0.000011 
2926 0.000000 0.000011 
2927 0.000000 0.000012 
2928 0.000000 0.000012 
2929 0.000000 0.000013 
2930 0.000000 0.000013 
2931 0.000000 0.000014 
2932 0.000000 0.000014 
2933 0.000000 0.000015 
2934 0.000000 0.000015 
2935 0.000000 0.000016 
2936 0.000000 0.000016 
2937 0.000000 0.000017 
2938 0.000000 0.000017 
2939 0.000000 0.000018 
2940 0.000000 0.000019 
2941 0.000000 0.000019 
2942 0.000000 0.000020 
2943 0.000000 0.000021 
2944 0.000000 0.000021 
2945 0.000000 0.000022 
2946 0.000000 0.000023 
2947 0.000000 0.000024 
2948 0.000000 0.000025 
2949 0.000000 0.000025 
2950 0.000000 0.000026 
2951 0.000000 0.000027 
2952 0.000000 0.000028 
2953 0.000000 0.000029 
2954 0.000000 0.000030 
2955 0.000000 0.000031 
2956 0.000000 0.000032 
2957 0.000000 0.000033 
2958 0.000000 0.000035 
2959 0.000000 0.000036 
2960 0.000000 0.000037 
2961 0.000000 0.000038 
2962 0.000000 0.000040 
2963 0.000000 0.000041 
2964 0.000000 0.000043 
2965 0.000000 0.000044 
2966 0.000000 0.000045 
2967 0.000000 0.000047 
2968 0.000000 0.000049 
2969 0.000000 0.000050 
2970 0.000000 0.000052 
2971 0.000000 0.000054 
2972 0.000000 0.000056 
2973 0.000000 0.000058 
2974 0.000000 0.000060 
2975 0.000000 0.000062 
2976 0.000000 0.000064 
2977 0.000000 0.000066 
2978 0.000000 0.000068 
2979 0.000000 0.000070 
2980 0.000000 0.000073 
2981 0.000000 0.000075 
2982 0.000000 0.000078 
2983 0.000000 0.000080 
2984 0.000000 0.000083 
2985 0.000000 0.000086 
2986 0.000000 0.000089 
2987 0.000000 0.000092 
2988 0.000000 0.000095 
2989 0.000000 0.000098 
2990 0.000000 0.000101 
2991 0.000000 0.000105 
2992 0.000000 0.000108 
2993 0.000000 0.000112 
2994 0.000000 0.000115 
2995 0.000000 0.000119 
2996 0.000000 0.000123 
2997 0.000000 0.000127 
2998 0.000000 0.000131 
2999 0.000000 0.000136 
3000 0.000000 0.000140 
3001 0.000000 0.000145 
3002 0.000000 0.000149 
3003 0.000000 0.000154 
3004 0.000000 0.000159 
3005 0.000000 0.000165 
3006 0.000000 0.000170 
3007 0.000000 0.000175 
3008 0.000000 0.000181 
3009 0.000000 0.000187 
3010 0.000000 0.000193 
3011 0.000000 0.000199 
3012 0.000000 0.000206 
3013 0.000000 0.000212 
3014 0.000000 0.000219 
3015 0.000000 0.000226 
3016 0.000000 0.000233 
3017 0.000000 0.000241 
3018 0.000000 0.000249 
3019 0.000000 0.000257 
3020 0.000000 0.000265 
3021 0.000000 0.000273 
3022 0.000000 0.000282 
3023 0.000000 0.000291 
3024 0.000000 0.000300 
3025 0.000000 0.000309 
3026 0.000000 0.000319 
3027 0.000000 0.000329 
3028 0.000000 0.000340 
3029 0.000000 0.000350 
3030 0.000000 0.000361 
3031 0.000000 0.000373 
3032 0.000000 0.000384 
3033 0.000000 0.000396 
3034 0.000000 0.000409 
3035 0.000000 0.000421 
3036 0.000000 0.000435 
3037 0.000000 0.000448 
3038 0.000000 0.000462 
3039 0.000000 0.000476 
3040 0.000000 0.000491 
3041 0.000000 0.000506 
3042 0.000000 0.000522 
3043 0.000000 0.000538 
3044 0.000000 0.000554 
3045 0.000000 0.000571 
3046 0.000000 0.000589 
3047 0.000000 0.000607 
3048 0.000000 0.000625 
3049 0.000000 0.000645 
3050 0.000000 0.000664 
3051 0.000000 0.000684 
3052 0.000000 0.000705 
3053 0.000000 0.000726 
3054 0.000000 0.000748 
3055 0.000000 0.000771 
3056 0.000000 0.000794 
3057 0.000000 0.000818 
3058 0.000000 0.000843 
3059 0.000000 0.000868 
3060 0.000000 0.000894 
3061 0.000000 0.000921 
3062 0.000000 0.000948 
3063 0.000000 0.000977 
3064 0.000000 0.001006 
3065 0.000000 0.001036 
3066 0.000000 0.001066 
3067 0.000000 0.001098 
3068 0.000000 0.001131 
3069 0.000000 0.001164 
3070 0.000000 0.001198 
3071 0.000000 0.001234 
3072 0.000000 0.001270 
3073 0.000000 0.001307 
3074 0.000000 0.001345 
3075 0.000000 0.001385 
3076 0.000000 0.001425 
3077 0.000000 0.001467 
3078 0.000000 0.001509 
3079 0.000000 0.001553 
3080 0.000000 0.001598 
3081 0.000000 0.001645 
3082 0.000000 0.001692 
3083 0.000000 0.001741 
3084 0.000000 0.001791 
3085 0.000000 0.001843 
3086 0.000000 0.001896 
3087 0.000000 0.001950 
3088 0.000000 0.002006 
3089 0.000000 0.002063 
3090 0.000000 0.002122 
3091 0.000000 0.002183 
3092 0.000000 0.002245 
3093 0.000000 0.002308 
3094 0.000000 0.002374 
3095 0.000000 0.002441 
3096 0.000000 0.002510 
3097 0.000000 0.002581 
3098 0.000000 0.002653 
3099 0.000000 0.002728 
3100 0.000000 0.002804 
3101 0.000000 0.002883 
3102 0.000000 0.002964 
3103 0.000000 0.003046 
3104 0.000000 0.003131 
3105 0.000000 0.003218 
3106 0.000000 0.003308 
3107 0.000000 0.003400 
3108 0.000000 0.003494 
3109 0.000000 0.003590 
3110 0.000000 0.003689 
3111 0.000000 0.003791 
3112 0.000000 0.003895 
3113 0.000000 0.004002 
3114 0.000000 0.004111 
3115 0.000000 0.004224 
3116 0.000000 0.004339 
3117 0.000000 0.004457 
3118 0.000000 0.004579 
3119 0.000000 0.004703 
3120 0.000000 0.004830 
3121 0.000000 0.004961 
3122 0.000000 0.005095 
3123 0.000000 0.005233 
3124 0.000000 0.005373 
3125 0.000000 0.005518 
3126 0.000000 0.005666 
3127 0.000000 0.005817 
3128 0.000000 0.005973 
3129 0.000000 0.006132 
3130 0.000000 0.006296 
3131 0.000000 0.006463 
3132 0.000000 0.006634 
3133 0.000000 0.006810 
3134 0.000000 0.006990 
3135 0.000000 0.007175 
3136 0.000000 0.007364 
3137 0.000000 0.007557 
3138 0.000000 0.007756 
3139 0.000000 0.007959 
3140 0.000000 0.008167 
3141 0.000000 0.008380 
3142 0.000000 0.008599 
3143 0.000000 0.008823 
3144 0.000000 0.009052 
3145 0.000000 0.009286 
3146 0.000000 0.009526 
3147 0.000000 0.009772 
3148 0.000000 0.010024 
3149 0.000000 0.010282 
3150 0.000000 0.010546 
3151 0.000000 0.010817 
3152 0.000000 0.011093 
3153 0.000000 0.011377 
3154 0.000000 0.011667 
3155 0.000000 0.011963 
3156 0.000000 0.012267 
3157 0.000000 0.012578 
3158 0.000000 0.012896 
3159 0.000000 0.013222 
3160 0.000000 0.013555 
3161 0.000000 0.013896 
3162 0.000000 0.014245 
3163 0.000000 0.014602 
3164 0.000000 0.014968 
3165 0.000000 0.015341 
3166 0.000000 0.015724 
3167 0.000000 0.016115 
3168 0.000000 0.016515 
3169 0.000000 0.016924 
3170 0.000000 0.017342 
3171 0.000000 0.017771 
3172 0.000000 0.018208 
3173 0.000000 0.018656 
3174 0.000000 0.019114 
3175 0.000000 0.019582 
3176 0.000000 0.020061 
3177 0.000000 0.020550 
3178 0.000000 0.021051 
3179 0.000000 0.021562 
3180 0.000000 0.022085 
3181 0.000000 0.022620 
3182 0.000000 0.023166 
3183 0.000000 0.023725 
3184 0.000000 0.024296 
3185 0.000000 0.024879 
3186 0.000000 0.025476 
3187 0.000000 0.026085 
3188 0.000000 0.026708 
3189 0.000000 0.027344 
3190 0.000000 0.027995 
3191 0.000000 0.028659 
3192 0.000000 0.029338 
3193 0.000000 0.030031 
3194 0.000000 0.030740 
3195 0.000000 0.031464 
3196 0.000000 0.032203 
3197 0.000000 0.032958 
3198 0.000000 0.033729 
3199 0.000000 0.034517 
3200 0.000000 0.035322 
3201 0.000000 0.036143 
3202 0.000000 0.036982 
3203 0.000000 0.037839 
3204 0.000000 0.038714 
3205 0.000000 0.039607 
3206 0.000000 0.040519 
3207 0.000000 0.041449 
3208 0.000000 0.042400 
3209 0.000000 0.043370 
3210 0.000000 0.044360 
3211 0.000000 0.045371 
3212 0.000000 0.046403 
3213 0.000000 0.047456 
3214 0.000000 0.048530 
3215 0.000000 0.049627 
3216 0.000000 0.050746 
3217 0.000000 0.051888 
3218 0.000000 0.053053 
3219 0.000000 0.054242 
3220 0.000000 0.055454 
3221 0.000000 0.056692 
3222 0.000000 0.057954 
3223 0.000000 0.059242 
3224 0.000000 0.060555 
3225 0.000000 0.061895 
3226 0.000000 0.063261 
3227 0.000000 0.064655 
3228 0.000000 0.066076 
3229 0.000000 0.067525 
3230 0.000000 0.069003 
3231 0.000000 0.070510 
3232 0.000000 0.072046 
3233 0.000000 0.073613 
3234 0.000000 0.075210 
3235 0.000000 0.076838 
3236 0.000000 0.078498 
3237 0.000000 0.080190 
3238 0.000000 0.081915 
3239 0.000000 0.083673 
3240 0.000000 0.085465 
3241 0.000000 0.087291 
3242 0.000000 0.089152 
3243 0.000000 0.091048 
3244 0.000000 0.092980 
3245 0.000000 0.094949 
3246 0.000000 0.096956 
3247 0.000000 0.099000 
3248 0.000000 0.101082 
3249 0.000000 0.103204 
3250 0.000000 0.105365 
3251 0.000000 0.107566 
3252 0.000000 0.109809 
3253 0.000000 0.112092 
3254 0.000000 0.114419 
3255 0.000000 0.116787 
3256 0.000000 0.119200 
3257 0.000000 0.121657 
3258 0.000000 0.124158 
3259 0.000000 0.126705 
3260 0.000000 0.129299 
3261 0.000000 0.131939 
3262 0.000000 0.134627 
3263 0.000000 0.137364 
3264 0.000000 0.140149 
3265 0.000000 0.142985 
3266 0.000000 0.145871 
3267 0.000000 0.148808 
3268 0.000000 0.151798 
3269 0.000000 0.154840 
3270 0.000000 0.157936 
3271 0.000000 0.161087 
3272 0.000000 0.164293 
3273 0.000000 0.167555 
3274 0.000000 0.170873 
3275 0.000000 0.174250 
3276 0.000000 0.177685 
3277 0.000000 0.181179 
3278 0.000000 0.184733 
3279 0.000000 0.188349 
3280 0.000000 0.192026 
3281 0.000000 0.195766 
3282 0.000000 0.199569 
3283 0.000000 0.203437 
3284 0.000000 0.207371 
3285 0.000000 0.211371 
3286 0.000000 0.215437 
3287 0.000000 0.219572 
3288 0.000000 0.223776 
3289 0.000000 0.228050 
3290 0.000000 0.232395 
3291 0.000000 0.236812 
3292 0.000000 0.241301 
3293 0.000000 0.245864 
3294 0.000000 0.250502 
3295 0.000000 0.255215 
3296 0.000000 0.260005 
3297 0.000000 0.264873 
3298 0.000000 0.269820 
3299 0.000000 0.274846 
3300 0.000000 0.279952 
3301 0.000000 0.285141 
3302 0.000000 0.290412 
3303 0.000000 0.295767 
3304 0.000000 0.301207 
3305 0.000000 0.306732 
3306 0.000000 0.312344 
3307 0.000000 0.318045 
3308 0.000000 0.323834 
3309 0.000000 0.329714 
3310 0.000000 0.335685 
3311 0.000000 0.341748 
3312 0.000000 0.347904 
3313 0.000000 0.354155 
3314 0.000000 0.360502 
3315 0.000000 0.366946 
3316 0.000000 0.373487 
3317 0.000000 0.380127 
3318 0.000000 0.386868 
3319 0.000000 0.393710 
3320 0.000000 0.400654 
3321 0.000000 0.407702 
3322 0.000000 0.414854 
3323 0.000000 0.422113 
3324 0.000000 0.429479 
3325 0.000000 0.436953 
3326 0.000000 0.444536 
3327 0.000000 0.452231 
3328 0.000000 0.460037 
3329 0.000000 0.467956 
3330 0.000000 0.475990 
3331 0.000000 0.484139 
3332 0.000000 0.492404 
3333 0.000000 0.500788 
3334 0.000000 0.509291 
3335 0.000000 0.517914 
3336 0.000000 0.526659 
3337 0.000000 0.535527 
3338 0.000000 0.544519 
3339 0.000000 0.553637 
3340 0.000000 0.562880 
3341 0.000000 0.572252 
3342 0.000000 0.581753 
3343 0.000000 0.591385 
3344 0.000000 0.601148 
3345 0.000000 0.611043 
3346 0.000000 0.621073 
3347 0.000000 0.631239 
3348 0.000000 0.641541 
3349 0.000000 0.651981 
3350 0.000000 0.662561 
3351 0.000000 0.673281 
3352 0.000000 0.684142 
3353 0.000000 0.695147 
3354 0.000000 0.706296 
3355 0.000000 0.717591 
3356 0.000000 0.729033 
3357 0.000000 0.740622 
3358 0.000000 0.752362 
3359 0.000000 0.764252 
3360 0.000000 0.776294 
3361 0.000000 0.788489 
3362 0.000000 0.800839 
3363 0.000000 0.813344 
3364 0.000000 0.826007 
3365 0.000000 0.838828 
3366 0.000000 0.851808 
3367 0.000000 0.864950 
3368 0.000000 0.878254 
3369 0.000000 0.891720 
3370 0.000000 0.905352 
3371 0.000000 0.919149 
3372 0.000000 0.933114 
3373 0.000000 0.947247 
3374 0.000000 0.961549 
3375 0.000000 0.976023 
3376 0.000000 0.990668 
3377 0.000000 1.005487 
3378 0.000000 1.020480 
3379 0.000000 1.035648 
3380 0.000000 1.050994 
3381 0.000000 1.066517 
3382 0.000000 1.082220 
3383 0.000000 1.098103 
3384 0.000000 1.114168 
3385 0.000000 1.130416 
3386 0.000000 1.146847 
3387 0.000000 1.163464 
3388 0.000000 1.180266 
3389 0.000000 1.197256 
3390 0.000000 1.214435 
3391 0.000000 1.231803 
3392 0.000000 1.249361 
3393 0.000000 1.267111 
3394 0.000000 1.285054 
3395 0.000000 1.303191 
3396 0.000000 1.321522 
3397 0.000000 1.340050 
3398 0.000000 1.358774 
3399 0.000000 1.377697 
3400 0.000000 1.396818 
3401 0.000000 1.416139 
3402 0.000000 1.435661 
3403 0.000000 1.455385 
3404 0.000000 1.475311 
3405 0.000000 1.495442 
3406 0.000000 1.515776 
3407 0.000000 1.536317 
3408 0.000000 1.557063 
3409 0.000000 1.578017 
3410 0.000000 1.599179 
3411 0.000000 1.620550 
3412 0.000000 1.642130 
3413 0.000000 1.663921 
3414 0.000000 1.685923 
3415 0.000000 1.708137 
3416 0.000000 1.730563 
3417 0.000000 1.753203 
3418 0.000000 1.776057 
3419 0.000000 1.799126 
3420 0.000000 1.822410 
3421 0.000000 1.845911 
3422 0.000000 1.869627 
3423 0.000000 1.893561 
3424 0.000000 1.917713 
3425 0.000000 1.942083 
3426 0.000000 1.966671 
3427 0.000000 1.991479 
3428 0.000000 2.016507 
3429 0.000000 2.041755 
3430 0.000000 2.067223 
3431 0.000000 2.092912 
3432 0.000000 2.118823 
3433 0.000000 2.144955 
3434 0.000000 2.171309 
3435 0.000000 2.197885 
3436 0.000000 2.224683 
3437 0.000000 2.251705 
3438 0.000000 2.278949 
3439 0.000000 2.306416 
3440 0.000000 2.334106 
3441 0.000000 2.362020 
3442 0.000000 2.390156 
3443 0.000000 2.418517 
3444 0.000000 2.447100 
3445 0.000000 2.475907 
3446 0.000000 2.504937 
3447 0.000001 2.534191 
3448 0.000001 2.563667 
3449 0.000001 2.593367 
3450 0.000001 2.623289 
3451 0.000001 2.653434 
3452 0.000001 2.683802 
3453 0.000001 2.714391 
3454 0.000001 2.745202 
3455 0.000001 2.776235 
3456 0.000001 2.807488 
3457 0.000001 2.838962 
3458 0.000001 2.870657 
3459 0.000001 2.902571 
3460 0.000001 2.934704 
3461 0.000001 2.967056 
3462 0.000001 2.999625 
3463 0.000001 3.032413 
3464 0.000001 3.065416 
3465 0.000001 3.098636 
3466 0.000001 3.132071 
3467 0.000001 3.165720 
3468 0.000001 3.199584 
3469 0.000001 3.233659 
3470 0.000001 3.267947 
3471 0.000001 3.302446 
3472 0.000001 3.337154 
3473 0.000001 3.372072 
3474 0.000001 3.407197 
3475 0.000002 3.442529 
3476 0.000002 3.478067 
3477 0.000002 3.513810 
3478 0.000002 3.549755 
3479 0.000002 3.585903 
3480 0.000002 3.622251 
3481 0.000002 3.658798 
3482 0.000002 3.695544 
3483 0.000002 3.732486 
3484 0.000002 3.769623 
3485 0.000002 3.806954 
3486 0.000002 3.844477 
3487 0.000002 3.882190 
3488 0.000002 3.920092 
3489 0.000003 3.958181 
3490 0.000003 3.996455 
3491 0.000003 4.034914 
3492 0.000003 4.073554 
3493 0.000003 4.112373 
3494 0.000003 4.151372 
3495 0.000003 4.190546 
3496 0.000003 4.229894 
3497 0.000003 4.269415 
3498 0.000004 4.309106 
3499 0.000004 4.348965 
3500 0.000004 4.388989 
3501 0.000004 4.429178 
3502 0.000004 4.469528 
3503 0.000004 4.510037 
3504 0.000004 4.550702 
3505 0.000005 4.591523 
3506 0.000005 4.632495 
3507 0.000005 4.673618 
3508 0.000005 4.714887 
3509 0.000005 4.756301 
3510 0.000006 4.797857 
3511 0.000006 4.839553 
3512 0.000006 4.881385 
3513 0.000006 4.923352 
3514 0.000006 4.965450 
3515 0.000007 5.007676 
3516 0.000007 5.050029 
3517 0.000007 5.092504 
3518 0.000007 5.135099 
3519 0.000008 5.177811 
3520 0.000008 5.220638 
3521 0.000008 5.263575 
3522 0.000009 5.306620 
3523 0.000009 5.349770 
3524 0.000009 5.393022 
3525 0.000010 5.436373 
3526 0.000010 5.479819 
3527 0.000010 5.523356 
3528 0.000011 5.566983 
3529 0.000011 5.610695 
3530 0.000011 5.654489 
3531 0.000012 5.698361 
3532 0.000012 5.742309 
3533 0.000013 5.786328 
3534 0.000013 5.830415 
3535 0.000014 5.874567 
3536 0.000014 5.918780 
3537 0.000015 5.963050 
3538 0.000015 6.007374 
3539 0.000016 6.051747 
3540 0.000016 6.096167 
3541 0.000017 6.140629 
3542 0.000018 6.185130 
3543 0.000018 6.229665 
3544 0.000019 6.274231 
3545 0.000019 6.318825 
3546 0.000020 6.363441 
3547 0.000021 6.408076 
3548 0.000022 6.452726 
3549 0.000022 6.497388 
3550 0.000023 6.542056 
3551 0.000024 6.586727 
3552 0.000025 6.631397 
3553 0.000026 6.676061 
3554 0.000027 6.720716 
3555 0.000027 6.765357 
3556 0.000028 6.809980 
3557 0.000029 6.854580 
3558 0.000030 6.899154 
3559 0.000032 6.943698 
3560 0.000033 6.988206 
3561 0.000034 7.032674 
3562 0.000035 7.077099 
3563 0.000036 7.121475 
3564 0.000037 7.165799 
3565 0.000039 7.210065 
3566 0.000040 7.254270 
3567 0.000041 7.298409 
3568 0.000043 7.342478 
3569 0.000044 7.386471 
3570 0.000046 7.430385 
3571 0.000047 7.474214 
3572 0.000049 7.517955 
3573 0.000051 7.561603 
3574 0.000052 7.605153 
3575 0.000054 7.648601 
3576 0.000056 7.691941 
3577 0.000058 7.735170 
3578 0.000060 7.778283 
3579 0.000062 7.821275 
3580 0.000064 7.864141 
3581 0.000066 7.906877 
3582 0.000068 7.949478 
3583 0.000071 7.991940 
3584 0.000073 8.034257 
3585 0.000076 8.076426 
3586 0.000078 8.118441 
3587 0.000081 8.160297 
3588 0.000083 8.201991 
3589 0.000086 8.243517 
3590 0.000089 8.284871 
3591 0.000092 8.326048 
3592 0.000095 8.367043 
3593 0.000098 8.407852 
3594 0.000102 8.448470 
3595 0.000105 8.488892 
3596 0.000108 8.529113 
3597 0.000112 8.569129 
3598 0.000116 8.608936 
3599 0.000120 8.648528 
3600 0.000123 8.687902 
3601 0.000128 8.727051 
3602 0.000132 8.765972 
3603 0.000136 8.804661 
3604 0.000140 8.843111 
3605 0.000145 8.881320 
3606 0.000150 8.919282 
3607 0.000155 8.956992 
3608 0.000160 8.994447 
3609 0.000165 9.031641 
3610 0.000170 9.068571 
3611 0.000176 9.105231 
3612 0.000181 9.141617 
3613 0.000187 9.177725 
3614 0.000193 9.213550 
3615 0.000200 9.249088 
3616 0.000206 9.284335 
3617 0.000213 9.319286 
3618 0.000219 9.353936 
3619 0.000226 9.388282 
3620 0.000234 9.422318 
3621 0.000241 9.456042 
3622 0.000249 9.489449 
3623 0.000257 9.522533 
3624 0.000265 9.555292 
3625 0.000273 9.587721 
3626 0.000282 9.619816 
3627 0.000291 9.651573 
3628 0.000300 9.682988 
3629 0.000309 9.714057 
3630 0.000319 9.744775 
3631 0.000329 9.775140 
3632 0.000340 9.805146 
3633 0.000350 9.834791 
3634 0.000361 9.864070 
3635 0.000372 9.892979 
3636 0.000384 9.921515 
3637 0.000396 9.949674 
3638 0.000408 9.977453 
3639 0.000421 10.004847 
3640 0.000434 10.031853 
3641 0.000448 10.058468 
3642 0.000461 10.084689 
3643 0.000476 10.110510 
3644 0.000490 10.135930 
3645 0.000505 10.160945 
3646 0.000521 10.185552 
3647 0.000537 10.209747 
3648 0.000553 10.233527 
3649 0.000570 10.256889 
3650 0.000588 10.279830 
3651 0.000606 10.302347 
3652 0.000624 10.324437 
3653 0.000643 10.346096 
3654 0.000663 10.367323 
3655 0.000683 10.388113 
3656 0.000703 10.408465 
3657 0.000724 10.428376 
3658 0.000746 10.447842 
3659 0.000769 10.466861 
3660 0.000792 10.485432 
3661 0.000816 10.503550 
3662 0.000840 10.521215 
3663 0.000865 10.538422 
3664 0.000891 10.555171 
3665 0.000918 10.571458 
3666 0.000945 10.587282 
3667 0.000973 10.602641 
3668 0.001002 10.617531 
3669 0.001032 10.631952 
3670 0.001062 10.645901 
3671 0.001094 10.659377 
3672 0.001126 10.672377 
3673 0.001159 10.684900 
3674 0.001193 10.696944 
3675 0.001228 10.708508 
3676 0.001264 10.719589 
3677 0.001301 10.730187 
3678 0.001339 10.740299 
3679 0.001378 10.749925 
3680 0.001418 10.759063 
3681 0.001460 10.767712 
3682 0.001502 10.775871 
3683 0.001545 10.783539 
3684 0.001590 10.790713 
3685 0.001636 10.797395 
3686 0.001683 10.803582 
3687 0.001732 10.809274 
3688 0.001781 10.814470 
3689 0.001833 10.819169 
3690 0.001885 10.823371 
3691 0.001939 10.827075 
3692 0.001994 10.830280 
3693 0.002051 10.832987 
3694 0.002109 10.835195 
3695 0.002169 10.836902 
3696 0.002231 10.838110 
3697 0.002294 10.838819 
3698 0.002359 10.839027 
3699 0.002426 10.838735 
3700 0.002494 10.837943 
3701 0.002564 10.836651 
3702 0.002636 10.834859 
3703 0.002710 10.832568 
3704 0.002786 10.829778 
3705 0.002864 10.826489 
3706 0.002943 10.822701 
3707 0.003025 10.818416 
3708 0.003109 10.813634 
3709 0.003196 10.808355 
3710 0.003284 10.802581 
3711 0.003375 10.796311 
3712 0.003468 10.789547 
3713 0.003564 10.782291 
3714 0.003662 10.774542 
3715 0.003762 10.766301 
3716 0.003866 10.757571 
3717 0.003971 10.748353 
3718 0.004080 10.738646 
3719 0.004191 10.728454 
3720 0.004305 10.717777 
3721 0.004422 10.706616 
3722 0.004542 10.694974 
3723 0.004665 10.682852 
3724 0.004791 10.670251 
3725 0.004921 10.657174 
3726 0.005053 10.643621 
3727 0.005189 10.629596 
3728 0.005329 10.615099 
3729 0.005471 10.600134 
3730 0.005618 10.584701 
3731 0.005768 10.568803 
3732 0.005922 10.552442 
3733 0.006079 10.535621 
3734 0.006241 10.518341 
3735 0.006406 10.500605 
3736 0.006576 10.482416 
3737 0.006750 10.463775 
3738 0.006928 10.444686 
3739 0.007110 10.425151 
3740 0.007297 10.405173 
3741 0.007488 10.384754 
3742 0.007685 10.363897 
3743 0.007885 10.342604 
3744 0.008091 10.320880 
3745 0.008302 10.298726 
3746 0.008518 10.276146 
3747 0.008739 10.253142 
3748 0.008965 10.229719 
3749 0.009197 10.205878 
3750 0.009435 10.181623 
3751 0.009678 10.156957 
3752 0.009927 10.131883 
3753 0.010181 10.106406 
3754 0.010442 10.080528 
3755 0.010709 10.054252 
3756 0.010983 10.027582 
3757 0.011263 10.000522 
3758 0.011549 9.973075 
3759 0.011842 9.945245 
3760 0.012143 9.917035 
3761 0.012450 9.888449 
3762 0.012764 9.859491 
3763 0.013086 9.830164 
3764 0.013415 9.800472 
3765 0.013752 9.770420 
3766 0.014096 9.740011 
3767 0.014449 9.709248 
3768 0.014810 9.678137 
3769 0.015179 9.646680 
3770 0.015556 9.614883 
3771 0.015942 9.582748 
3772 0.016337 9.550280 
3773 0.016741 9.517483 
3774 0.017155 9.484362 
3775 0.017577 9.450920 
3776 0.018009 9.417162 
3777 0.018451 9.383092 
3778 0.018903 9.348714 
3779 0.019365 9.314032 
3780 0.019838 9.279051 
3781 0.020321 9.243776 
3782 0.020815 9.208210 
3783 0.021320 9.172358 
3784 0.021836 9.136224 
3785 0.022364 9.099813 
3786 0.022903 9.063129 
3787 0.023454 9.026178 
3788 0.024018 8.988962 
3789 0.024594 8.951487 
3790 0.025182 8.913757 
3791 0.025784 8.875777 
3792 0.026398 8.837552 
3793 0.027026 8.799085 
3794 0.027668 8.760382 
3795 0.028324 8.721447 
3796 0.028993 8.682285 
3797 0.029678 8.642900 
3798 0.030377 8.603298 
3799 0.031091 8.563481 
3800 0.031820 8.523457 
3801 0.032565 8.483228 
3802 0.033326 8.442800 
3803 0.034103 8.402177 
3804 0.034897 8.361365 
3805 0.035707 8.320367 
3806 0.036535 8.279188 
3807 0.037380 8.237833 
3808 0.038242 8.196307 
3809 0.039123 8.154615 
3810 0.040023 8.112761 
3811 0.040941 8.070749 
3812 0.041878 8.028585 
3813 0.042835 7.986273 
3814 0.043812 7.943818 
3815 0.044809 7.901224 
3816 0.045826 7.858496 
3817 0.046865 7.815640 
3818 0.047924 7.772658 
3819 0.049006 7.729557 
3820 0.050109 7.686341 
3821 0.051235 7.643013 
3822 0.052384 7.599580 
3823 0.053557 7.556045 
3824 0.054753 7.512414 
3825 0.055973 7.468690 
3826 0.057217 7.424878 
3827 0.058487 7.380983 
3828 0.059782 7.337010 
3829 0.061103 7.292962 
3830 0.062450 7.248845 
3831 0.063824 7.204663 
3832 0.065226 7.160419 
3833 0.066655 7.116120 
3834 0.068112 7.071768 
3835 0.069598 7.027370 
3836 0.071112 6.982928 
3837 0.072657 6.938447 
3838 0.074232 6.893932 
3839 0.075837 6.849387 
3840 0.077474 6.804816 
3841 0.079142 6.760224 
3842 0.080842 6.715614 
3843 0.082575 6.670991 
3844 0.084342 6.626360 
3845 0.086142 6.581723 
3846 0.087977 6.537086 
3847 0.089846 6.492453 
3848 0.091751 6.447827 
3849 0.093692 6.403213 
3850 0.095670 6.358615 
3851 0.097685 6.314036 
3852 0.099738 6.269481 
3853 0.101830 6.224953 
3854 0.103960 6.180457 
3855 0.106130 6.135996 
3856 0.108341 6.091574 
3857 0.110592 6.047195 
3858 0.112885 6.002863 
3859 0.115220 5.958581 
3860 0.117599 5.914354 
3861 0.120020 5.870184 
3862 0.122486 5.826076 
3863 0.124997 5.782032 
3864 0.127554 5.738057 
3865 0.130157 5.694155 
3866 0.132807 5.650328 
3867 0.135504 5.606579 
3868 0.138250 5.562914 
3869 0.141045 5.519333 
3870 0.143890 5.475843 
3871 0.146786 5.432444 
3872 0.149733 5.389141 
3873 0.152732 5.345937 
3874 0.155784 5.302835 
3875 0.158890 5.259838 
3876 0.162051 5.216950 
3877 0.165266 5.174172 
3878 0.168538 5.131510 
3879 0.171866 5.088964 
3880 0.175252 5.046539 
3881 0.178697 5.004236 
3882 0.182201 4.962060 
3883 0.185765 4.920013 
3884 0.189390 4.878097 
3885 0.193077 4.836315 
3886 0.196827 4.794671 
3887 0.200640 4.753166 
3888 0.204518 4.711803 
3889 0.208461 4.670585 
3890 0.212470 4.629514 
3891 0.216547 4.588593 
3892 0.220692 4.547824 
3893 0.224905 4.507210 
3894 0.229189 4.466753 
3895 0.233543 4.426455 
3896 0.237969 4.386318 
3897 0.242468 4.346345 
3898 0.247041 4.306539 
3899 0.251688 4.266900 
3900 0.256411 4.227431 
3901 0.261210 4.188134 
3902 0.266087 4.149012 
3903 0.271043 4.110065 
3904 0.276078 4.071297 
3905 0.281194 4.032709 
3906 0.286391 3.994302 
3907 0.291672 3.956079 
3908 0.297035 3.918041 
3909 0.302484 3.880190 
3910 0.308018 3.842528 
3911 0.313639 3.805057 
3912 0.319348 3.767777 
3913 0.325146 3.730690 
3914 0.331035 3.693798 
3915 0.337014 3.657103 
3916 0.343085 3.620606 
3917 0.349250 3.584307 
3918 0.355509 3.548209 
3919 0.361863 3.512313 
3920 0.368315 3.476620 
3921 0.374864 3.441132 
3922 0.381512 3.405848 
3923 0.388260 3.370771 
3924 0.395109 3.335902 
3925 0.402060 3.301241 
3926 0.409115 3.266790 
3927 0.416275 3.232550 
3928 0.423540 3.198521 
3929 0.430913 3.164705 
3930 0.438393 3.131102 
3931 0.445983 3.097713 
3932 0.453684 3.064539 
3933 0.461496 3.031581 
3934 0.469421 2.998839 
3935 0.477460 2.966314 
3936 0.485615 2.934007 
3937 0.493886 2.901918 
3938 0.502275 2.870048 
3939 0.510783 2.838397 
3940 0.519411 2.806966 
3941 0.528160 2.775755 
3942 0.537032 2.744764 
3943 0.546029 2.713995 
3944 0.555150 2.683447 
3945 0.564397 2.653121 
3946 0.573773 2.623017 
3947 0.583277 2.593135 
3948 0.592911 2.563475 
3949 0.602677 2.534038 
3950 0.612576 2.504823 
3951 0.622608 2.475831 
3952 0.632776 2.447063 
3953 0.643080 2.418517 
3954 0.653521 2.390194 
3955 0.664102 2.362094 
3956 0.674823 2.334217 
3957 0.685686 2.306562 
3958 0.696691 2.279130 
3959 0.707840 2.251921 
3960 0.719135 2.224935 
3961 0.730576 2.198170 
3962 0.742165 2.171627 
3963 0.753904 2.145307 
3964 0.765792 2.119207 
3965 0.777833 2.093329 
3966 0.790026 2.067671 
3967 0.802374 2.042234 
3968 0.814877 2.017018 
3969 0.827537 1.992020 
3970 0.840355 1.967242 
3971 0.853332 1.942683 
3972 0.866470 1.918342 
3973 0.879769 1.894219 
3974 0.893231 1.870313 
3975 0.906858 1.846623 
3976 0.920650 1.823150 
3977 0.934609 1.799892 
3978 0.948736 1.776850 
3979 0.963033 1.754021 
3980 0.977499 1.731406 
3981 0.992137 1.709004 
3982 1.006949 1.686814 
3983 1.021934 1.664836 
3984 1.037094 1.643068 
3985 1.052431 1.621510 
3986 1.067946 1.600162 
3987 1.083639 1.579022 
3988 1.099513 1.558089 
3989 1.115568 1.537363 
3990 1.131805 1.516843 
3991 1.148225 1.496528 
3992 1.164830 1.476418 
3993 1.181621 1.456510 
3994 1.198599 1.436805 
3995 1.215764 1.417301 
3996 1.233119 1.397997 
3997 1.250664 1.378893 
3998 1.268400 1.359987 
3999 1.286329 1.341279 
4000 1.304451 1.322767 
