0 0.000000 0.000000 
1 0.000000 0.000000 
2 0.000000 0.000000 
3 0.000000 0.000000 
4 0.000000 0.000000 
5 0.000000 0.000000 
6 0.000000 0.000000 
7 0.000000 0.000000 
8 0.000000 0.000000 
9 0.000000 0.000000 
10 0.000000 0.000000 
11 0.000000 0.000000 
12 0.000000 0.000000 
13 0.000000 0.000000 
14 0.000000 0.000000 
15 0.000000 0.000000 
16 0.000000 0.000000 
17 0.000000 0.000000 
18 0.000000 0.000000 
19 0.000000 0.000000 
20 0.000000 0.000000 
21 0.000000 0.000000 
22 0.000000 0.000000 
23 0.000000 0.000000 
24 0.000000 0.000000 
25 0.000000 0.000000 
26 0.000000 0.000000 
27 0.000000 0.000000 
28 0.000000 0.000000 
29 0.000000 0.000000 
30 0.000000 0.000000 
31 0.000000 0.000000 
32 0.000000 0.000000 
33 0.000000 0.000000 
34 0.000000 0.000000 
35 0.000000 0.000000 
36 0.000000 0.000000 
37 0.000000 0.000000 
38 0.000000 0.000000 
39 0.000000 0.000000 
40 0.000000 0.000000 
41 0.000000 0.000000 
42 0.000000 0.000000 
43 0.000000 0.000000 
44 0.000000 0.000000 
45 0.000000 0.000000 
46 0.000000 0.000000 
47 0.000000 0.000000 
48 0.000000 0.000000 
49 0.000000 0.000000 
50 0.000000 0.000000 
51 0.000000 0.000000 
52 0.000000 0.000000 
53 0.000000 0.000000 
54 0.000000 0.000000 
55 0.000000 0.000000 
56 0.000000 0.000000 
57 0.000000 0.000000 
58 0.000000 0.000000 
59 0.000000 0.000000 
60 0.000000 0.000000 
61 0.000000 0.000000 
62 0.000000 0.000000 
63 0.000000 0.000000 
64 0.000000 0.000000 
65 0.000000 0.000000 
66 0.000000 0.000000 
67 0.000000 0.000000 
68 0.000000 0.000000 
69 0.000000 0.000000 
70 0.000000 0.000000 
71 0.000000 0.000000 
72 0.000000 0.000000 
73 0.000000 0.000000 
74 0.000000 0.000000 
75 0.000000 0.000000 
76 0.000000 0.000000 
77 0.000000 0.000000 
78 0.000000 0.000000 
79 0.000000 0.000000 
80 0.000000 0.000000 
81 0.000000 0.000000 
82 0.000000 0.000000 
83 0.000000 0.000000 
84 0.000000 0.000000 
85 0.000000 0.000000 
86 0.000000 0.000000 
87 0.000000 0.000000 
88 0.000000 0.000000 
89 0.000000 0.000000 
90 0.000000 0.000000 
91 0.000000 0.000000 
92 0.000000 0.000000 
93 0.000000 0.000000 
94 0.000000 0.000000 
95 0.000000 0.000000 
96 0.000000 0.000000 
97 0.000000 0.000000 
98 0.000000 0.000000 
99 0.000000 0.000000 
100 0.000000 0.000000 
101 0.000000 0.000000 
102 0.000000 0.000000 
103 0.000000 0.000000 
104 0.000000 0.000000 
105 0.000000 0.000000 
106 0.000000 0.000000 
107 0.000000 0.000000 
108 0.000000 0.000000 
109 0.000000 0.000000 
110 0.000000 0.000000 
111 0.000000 0.000000 
112 0.000000 0.000000 
113 0.000000 0.000000 
114 0.000000 0.000000 
115 0.000000 0.000000 
116 0.000000 0.000000 
117 0.000000 0.000000 
118 0.000000 0.000000 
119 0.000000 0.000000 
120 0.000000 0.000000 
121 0.000000 0.000000 
122 0.000000 0.000000 
123 0.000000 0.000000 
124 0.000000 0.000000 
125 0.000000 0.000000 
126 0.000000 0.000000 
127 0.000000 0.000000 
128 0.000000 0.000000 
129 0.000000 0.000000 
130 0.000000 0.000000 
131 0.000000 0.000000 
132 0.000000 0.000000 
133 0.000000 0.000000 
134 0.000000 0.000000 
135 0.000000 0.000000 
136 0.000000 0.000000 
137 0.000000 0.000000 
138 0.000000 0.000000 
139 0.000000 0.000000 
140 0.000000 0.000000 
141 0.000000 0.000000 
142 0.000000 0.000000 
143 0.000000 0.000000 
144 0.000000 0.000000 
145 0.000000 0.000000 
146 0.000000 0.000000 
147 0.000000 0.000000 
148 0.000000 0.000000 
149 0.000000 0.000000 
150 0.000000 0.000000 
151 0.000000 0.000000 
152 0.000000 0.000000 
153 0.000000 0.000000 
154 0.000000 0.000000 
155 0.000000 0.000000 
156 0.000000 0.000000 
157 0.000000 0.000000 
158 0.000000 0.000000 
159 0.000000 0.000000 
160 0.000000 0.000000 
161 0.000000 0.000000 
162 0.000000 0.000000 
163 0.000000 0.000000 
164 0.000000 0.000000 
165 0.000000 0.000000 
166 0.000000 0.000000 
167 0.000000 0.000000 
168 0.000000 0.000000 
169 0.000000 0.000000 
170 0.000000 0.000000 
171 0.000000 0.000000 
172 0.000000 0.000000 
173 0.000000 0.000000 
174 0.000000 0.000000 
175 0.000000 0.000000 
176 0.000000 0.000000 
177 0.000000 0.000000 
178 0.000000 0.000000 
179 0.000000 0.000000 
180 0.000000 0.000000 
181 0.000000 0.000000 
182 0.000000 0.000000 
183 0.000000 0.000000 
184 0.000000 0.000000 
185 0.000000 0.000000 
186 0.000000 0.000000 
187 0.000000 0.000000 
188 0.000000 0.000000 
189 0.000000 0.000000 
190 0.000000 0.000000 
191 0.000000 0.000000 
192 0.000000 0.000000 
193 0.000000 0.000000 
194 0.000000 0.000000 
195 0.000000 0.000000 
196 0.000000 0.000000 
197 0.000000 0.000000 
198 0.000000 0.000000 
199 0.000000 0.000000 
200 0.000000 0.000000 
201 0.000000 0.000000 
202 0.000000 0.000000 
203 0.000000 0.000000 
204 0.000000 0.000000 
205 0.000000 0.000000 
206 0.000000 0.000000 
207 0.000000 0.000000 
208 0.000000 0.000000 
209 0.000000 0.000000 
210 0.000000 0.000000 
211 0.000000 0.000000 
212 0.000000 0.000000 
213 0.000000 0.000000 
214 0.000000 0.000000 
215 0.000000 0.000000 
216 0.000000 0.000000 
217 0.000000 0.000000 
218 0.000000 0.000000 
219 0.000000 0.000000 
220 0.000000 0.000000 
221 0.000000 0.000000 
222 0.000000 0.000000 
223 0.000000 0.000000 
224 0.000000 0.000000 
225 0.000000 0.000000 
226 0.000000 0.000000 
227 0.000000 0.000000 
228 0.000000 0.000000 
229 0.000000 0.000000 
230 0.000000 0.000000 
231 0.000000 0.000000 
232 0.000000 0.000000 
233 0.000000 0.000000 
234 0.000000 0.000000 
235 0.000000 0.000000 
236 0.000000 0.000000 
237 0.000000 0.000000 
238 0.000000 0.000000 
239 0.000000 0.000000 
240 0.000000 0.000000 
241 0.000000 0.000000 
242 0.000000 0.000000 
243 0.000000 0.000000 
244 0.000000 0.000000 
245 0.000000 0.000000 
246 0.000000 0.000000 
247 0.000000 0.000000 
248 0.000000 0.000000 
249 0.000000 0.000000 
250 0.000000 0.000000 
251 0.000000 0.000000 
252 0.000000 0.000000 
253 0.000000 0.000000 
254 0.000000 0.000000 
255 0.000000 0.000000 
256 0.000000 0.000000 
257 0.000000 0.000000 
258 0.000000 0.000000 
259 0.000000 0.000000 
260 0.000000 0.000000 
261 0.000000 0.000000 
262 0.000000 0.000000 
263 0.000000 0.000000 
264 0.000000 0.000000 
265 0.000000 0.000000 
266 0.000000 0.000000 
267 0.000000 0.000000 
268 0.000000 0.000000 
269 0.000000 0.000000 
270 0.000000 0.000000 
271 0.000000 0.000000 
272 0.000000 0.000000 
273 0.000000 0.000000 
274 0.000000 0.000000 
275 0.000000 0.000000 
276 0.000000 0.000000 
277 0.000000 0.000000 
278 0.000000 0.000000 
279 0.000000 0.000000 
280 0.000000 0.000000 
281 0.000000 0.000000 
282 0.000000 0.000000 
283 0.000000 0.000000 
284 0.000000 0.000000 
285 0.000000 0.000000 
286 0.000000 0.000000 
287 0.000000 0.000000 
288 0.000000 0.000000 
289 0.000000 0.000000 
290 0.000000 0.000000 
291 0.000000 0.000000 
292 0.000000 0.000000 
293 0.000000 0.000000 
294 0.000000 0.000000 
295 0.000000 0.000000 
296 0.000000 0.000000 
297 0.000000 0.000000 
298 0.000000 0.000000 
299 0.000000 0.000000 
300 0.000000 0.000000 
301 0.000000 0.000000 
302 0.000000 0.000000 
303 0.000000 0.000000 
304 0.000000 0.000000 
305 0.000000 0.000000 
306 0.000000 0.000000 
307 0.000000 0.000000 
308 0.000000 0.000000 
309 0.000000 0.000000 
310 0.000000 0.000000 
311 0.000000 0.000000 
312 0.000000 0.000000 
313 0.000000 0.000000 
314 0.000000 0.000000 
315 0.000000 0.000000 
316 0.000000 0.000000 
317 0.000000 0.000000 
318 0.000000 0.000000 
319 0.000000 0.000000 
320 0.000000 0.000000 
321 0.000000 0.000000 
322 0.000000 0.000000 
323 0.000000 0.000000 
324 0.000000 0.000000 
325 0.000000 0.000000 
326 0.000000 0.000000 
327 0.000000 0.000000 
328 0.000000 0.000000 
329 0.000000 0.000000 
330 0.000000 0.000000 
331 0.000000 0.000000 
332 0.000000 0.000000 
333 0.000000 0.000000 
334 0.000000 0.000000 
335 0.000000 0.000000 
336 0.000000 0.000000 
337 0.000000 0.000000 
338 0.000000 0.000000 
339 0.000000 0.000000 
340 0.000000 0.000000 
341 0.000000 0.000000 
342 0.000000 0.000000 
343 0.000000 0.000000 
344 0.000000 0.000000 
345 0.000000 0.000000 
346 0.000000 0.000000 
347 0.000000 0.000000 
348 0.000000 0.000000 
349 0.000000 0.000000 
350 0.000000 0.000000 
351 0.000000 0.000000 
352 0.000000 0.000000 
353 0.000000 0.000000 
354 0.000000 0.000000 
355 0.000000 0.000000 
356 0.000000 0.000000 
357 0.000000 0.000000 
358 0.000000 0.000000 
359 0.000000 0.000000 
360 0.000000 0.000000 
361 0.000000 0.000000 
362 0.000000 0.000000 
363 0.000000 0.000000 
364 0.000000 0.000000 
365 0.000000 0.000000 
366 0.000000 0.000000 
367 0.000000 0.000000 
368 0.000000 0.000000 
369 0.000000 0.000000 
370 0.000000 0.000000 
371 0.000000 0.000000 
372 0.000000 0.000000 
373 0.000000 0.000000 
374 0.000000 0.000000 
375 0.000000 0.000000 
376 0.000000 0.000000 
377 0.000000 0.000000 
378 0.000000 0.000000 
379 0.000000 0.000000 
380 0.000000 0.000000 
381 0.000000 0.000000 
382 0.000000 0.000000 
383 0.000001 0.000000 
384 0.000001 0.000000 
385 0.000001 0.000000 
386 0.000001 0.000000 
387 0.000001 0.000000 
388 0.000001 0.000000 
389 0.000001 0.000000 
390 0.000001 0.000000 
391 0.000001 0.000000 
392 0.000001 0.000000 
393 0.000001 0.000000 
394 0.000001 0.000000 
395 0.000001 0.000000 
396 0.000001 0.000000 
397 0.000001 0.000000 
398 0.000001 0.000000 
399 0.000001 0.000000 
400 0.000001 0.000000 
401 0.000001 0.000000 
402 0.000001 0.000000 
403 0.000001 0.000000 
404 0.000001 0.000000 
405 0.000001 0.000000 
406 0.000002 0.000000 
407 0.000002 0.000000 
408 0.000002 0.000000 
409 0.000002 0.000000 
410 0.000002 0.000000 
411 0.000002 0.000000 
412 0.000002 0.000000 
413 0.000002 0.000000 
414 0.000002 0.000000 
415 0.000002 0.000000 
416 0.000002 0.000000 
417 0.000002 0.000000 
418 0.000003 0.000000 
419 0.000003 0.000000 
420 0.000003 0.000000 
421 0.000003 0.000000 
422 0.000003 0.000000 
423 0.000003 0.000000 
424 0.000003 0.000000 
425 0.000004 0.000000 
426 0.000004 0.000000 
427 0.000004 0.000000 
428 0.000004 0.000000 
429 0.000004 0.000000 
430 0.000004 0.000000 
431 0.000005 0.000000 
432 0.000005 0.000000 
433 0.000005 0.000000 
434 0.000005 0.000000 
435 0.000006 0.000000 
436 0.000006 0.000000 
437 0.000006 0.000000 
438 0.000006 0.000000 
439 0.000007 0.000000 
440 0.000007 0.000000 
441 0.000007 0.000000 
442 0.000008 0.000000 
443 0.000008 0.000000 
444 0.000008 0.000000 
445 0.000009 0.000000 
446 0.000009 0.000000 
447 0.000009 0.000000 
448 0.000010 0.000000 
449 0.000010 0.000000 
450 0.000011 0.000000 
451 0.000011 0.000000 
452 0.000012 0.000000 
453 0.000012 0.000000 
454 0.000013 0.000000 
455 0.000013 0.000000 
456 0.000014 0.000000 
457 0.000014 0.000000 
458 0.000015 0.000000 
459 0.000016 0.000000 
460 0.000016 0.000000 
461 0.000017 0.000000 
462 0.000018 0.000000 
463 0.000019 0.000000 
464 0.000019 0.000000 
465 0.000020 0.000000 
466 0.000021 0.000000 
467 0.000022 0.000000 
468 0.000023 0.000000 
469 0.000024 0.000000 
470 0.000025 0.000000 
471 0.000026 0.000000 
472 0.000027 0.000000 
473 0.000028 0.000000 
474 0.000030 0.000000 
475 0.000031 0.000000 
476 0.000032 0.000000 
477 0.000033 0.000000 
478 0.000035 0.000000 
479 0.000036 0.000000 
480 0.000038 0.000000 
481 0.000039 0.000000 
482 0.000041 0.000000 
483 0.000043 0.000000 
484 0.000045 0.000000 
485 0.000046 0.000000 
486 0.000048 0.000000 
487 0.000050 0.000000 
488 0.000053 0.000000 
489 0.000055 0.000000 
490 0.000057 0.000000 
491 0.000059 0.000000 
492 0.000062 0.000000 
493 0.000064 0.000000 
494 0.000067 0.000000 
495 0.000070 0.000000 
496 0.000072 0.000000 
497 0.000075 0.000000 
498 0.000079 0.000000 
499 0.000082 0.000000 
500 0.000085 0.000000 
501 0.000088 0.000000 
502 0.000092 0.000000 
503 0.000096 0.000000 
504 0.000100 0.000000 
505 0.000104 0.000000 
506 0.000108 0.000000 
507 0.000112 0.000000 
508 0.000117 0.000000 
509 0.000121 0.000000 
510 0.000126 0.000000 
511 0.000131 0.000000 
512 0.000136 0.000000 
513 0.000142 0.000000 
514 0.000147 0.000000 
515 0.000153 0.000000 
516 0.000159 0.000000 
517 0.000166 0.000000 
518 0.000172 0.000000 
519 0.000179 0.000000 
520 0.000186 0.000000 
521 0.000193 0.000000 
522 0.000201 0.000000 
523 0.000209 0.000000 
524 0.000217 0.000000 
525 0.000225 0.000000 
526 0.000234 0.000000 
527 0.000243 0.000000 
528 0.000252 0.000000 
529 0.000262 0.000000 
530 0.000272 0.000000 
531 0.000283 0.000000 
532 0.000294 0.000000 
533 0.000305 0.000000 
534 0.000317 0.000000 
535 0.000329 0.000000 
536 0.000341 0.000000 
537 0.000354 0.000000 
538 0.000368 0.000000 
539 0.000382 0.000000 
540 0.000396 0.000000 
541 0.000411 0.000000 
542 0.000426 0.000000 
543 0.000443 0.000000 
544 0.000459 0.000000 
545 0.000476 0.000000 
546 0.000494 0.000000 
547 0.000513 0.000000 
548 0.000532 0.000000 
549 0.000552 0.000000 
550 0.000572 0.000000 
551 0.000593 0.000000 
552 0.000615 0.000000 
553 0.000638 0.000000 
554 0.000662 0.000000 
555 0.000686 0.000000 
556 0.000711 0.000000 
557 0.000737 0.000000 
558 0.000764 0.000000 
559 0.000792 0.000000 
560 0.000821 0.000000 
561 0.000851 0.000000 
562 0.000882 0.000000 
563 0.000914 0.000000 
564 0.000947 0.000000 
565 0.000981 0.000000 
566 0.001017 0.000000 
567 0.001053 0.000000 
568 0.001091 0.000000 
569 0.001130 0.000000 
570 0.001171 0.000000 
571 0.001213 0.000000 
572 0.001256 0.000000 
573 0.001301 0.000000 
574 0.001347 0.000000 
575 0.001395 0.000000 
576 0.001444 0.000000 
577 0.001495 0.000000 
578 0.001548 0.000000 
579 0.001602 0.000000 
580 0.001658 0.000000 
581 0.001717 0.000000 
582 0.001777 0.000000 
583 0.001839 0.000000 
584 0.001903 0.000000 
585 0.001969 0.000000 
586 0.002037 0.000000 
587 0.002108 0.000000 
588 0.002181 0.000000 
589 0.002256 0.000000 
590 0.002334 0.000000 
591 0.002414 0.000000 
592 0.002497 0.000000 
593 0.002582 0.000000 
594 0.002670 0.000000 
595 0.002761 0.000000 
596 0.002855 0.000000 
597 0.002952 0.000000 
598 0.003052 0.000000 
599 0.003155 0.000000 
600 0.003262 0.000000 
601 0.003372 0.000000 
602 0.003485 0.000000 
603 0.003602 0.000000 
604 0.003722 0.000000 
605 0.003847 0.000000 
606 0.003975 0.000000 
607 0.004107 0.000000 
608 0.004244 0.000000 
609 0.004384 0.000000 
610 0.004529 0.000000 
611 0.004679 0.000000 
612 0.004833 0.000000 
613 0.004991 0.000000 
614 0.005155 0.000000 
615 0.005324 0.000000 
616 0.005497 0.000000 
617 0.005677 0.000000 
618 0.005861 0.000000 
619 0.006051 0.000000 
620 0.006247 0.000000 
621 0.006449 0.000000 
622 0.006657 0.000000 
623 0.006871 0.000000 
624 0.007092 0.000000 
625 0.007319 0.000000 
626 0.007553 0.000000 
627 0.007794 0.000000 
628 0.008042 0.000000 
629 0.008297 0.000000 
630 0.008560 0.000000 
631 0.008831 0.000000 
632 0.009110 0.000000 
633 0.009396 0.000000 
634 0.009692 0.000000 
635 0.009995 0.000000 
636 0.010308 0.000000 
637 0.010630 0.000000 
638 0.010961 0.000000 
639 0.011302 0.000000 
640 0.011652 0.000000 
641 0.012013 0.000000 
642 0.012383 0.000000 
643 0.012765 0.000000 
644 0.013157 0.000000 
645 0.013561 0.000000 
646 0.013976 0.000000 
647 0.014402 0.000000 
648 0.014841 0.000000 
649 0.015292 0.000000 
650 0.015756 0.000000 
651 0.016233 0.000000 
652 0.016723 0.000000 
653 0.017226 0.000000 
654 0.017744 0.000000 
655 0.018276 0.000000 
656 0.018823 0.000000 
657 0.019385 0.000000 
658 0.019962 0.000000 
659 0.020555 0.000000 
660 0.021164 0.000000 
661 0.021790 0.000000 
662 0.022433 0.000000 
663 0.023093 0.000000 
664 0.023772 0.000000 
665 0.024468 0.000000 
666 0.025184 0.000000 
667 0.025918 0.000000 
668 0.026672 0.000000 
669 0.027446 0.000000 
670 0.028241 0.000000 
671 0.029057 0.000000 
672 0.029895 0.000000 
673 0.030754 0.000000 
674 0.031637 0.000000 
675 0.032542 0.000000 
676 0.033471 0.000000 
677 0.034425 0.000000 
678 0.035403 0.000000 
679 0.036406 0.000000 
680 0.037436 0.000000 
681 0.038492 0.000000 
682 0.039575 0.000000 
683 0.040686 0.000000 
684 0.041826 0.000000 
685 0.042994 0.000000 
686 0.044192 0.000000 
687 0.045421 0.000000 
688 0.046681 0.000000 
689 0.047972 0.000000 
690 0.049296 0.000000 
691 0.050653 0.000000 
692 0.052044 0.000000 
693 0.053469 0.000000 
694 0.054930 0.000000 
695 0.056428 0.000000 
696 0.057962 0.000000 
697 0.059534 0.000000 
698 0.061144 0.000000 
699 0.062794 0.000000 
700 0.064484 0.000000 
701 0.066216 0.000000 
702 0.067989 0.000000 
703 0.069805 0.000000 
704 0.071665 0.000000 
705 0.073569 0.000000 
706 0.075520 0.000000 
707 0.077516 0.000000 
708 0.079560 0.000000 
709 0.081653 0.000000 
710 0.083795 0.000000 
711 0.085988 0.000000 
712 0.088232 0.000000 
713 0.090529 0.000000 
714 0.092879 0.000000 
715 0.095285 0.000000 
716 0.097746 0.000000 
717 0.100263 0.000000 
718 0.102839 0.000000 
719 0.105474 0.000000 
720 0.108170 0.000000 
721 0.110927 0.000000 
722 0.113746 0.000000 
723 0.116630 0.000000 
724 0.119579 0.000000 
725 0.122594 0.000000 
726 0.125677 0.000000 
727 0.128829 0.000000 
728 0.132051 0.000000 
729 0.135345 0.000000 
730 0.138711 0.000000 
731 0.142153 0.000000 
732 0.145669 0.000000 
733 0.149263 0.000000 
734 0.152936 0.000000 
735 0.156688 0.000000 
736 0.160522 0.000000 
737 0.164439 0.000000 
738 0.168440 0.000000 
739 0.172527 0.000000 
740 0.176701 0.000000 
741 0.180965 0.000000 
742 0.185319 0.000000 
743 0.189765 0.000000 
744 0.194305 0.000000 
745 0.198941 0.000000 
746 0.203673 0.000000 
747 0.208505 0.000000 
748 0.213436 0.000000 
749 0.218470 0.000000 
750 0.223608 0.000000 
751 0.228852 0.000000 
752 0.234203 0.000000 
753 0.239663 0.000000 
754 0.245234 0.000000 
755 0.250918 0.000000 
756 0.256717 0.000000 
757 0.262632 0.000000 
758 0.268666 0.000000 
759 0.274820 0.000000 
760 0.281097 0.000000 
761 0.287498 0.000000 
762 0.294025 0.000000 
763 0.300681 0.000000 
764 0.307466 0.000000 
765 0.314384 0.000000 
766 0.321437 0.000000 
767 0.328625 0.000000 
768 0.335953 0.000000 
769 0.343420 0.000000 
770 0.351031 0.000000 
771 0.358786 0.000000 
772 0.366689 0.000000 
773 0.374740 0.000000 
774 0.382944 0.000000 
775 0.391300 0.000000 
776 0.399813 0.000000 
777 0.408483 0.000000 
778 0.417314 0.000000 
779 0.426308 0.000000 
780 0.435467 0.000000 
781 0.444793 0.000000 
782 0.454288 0.000000 
783 0.463956 0.000000 
784 0.473797 0.000000 
785 0.483816 0.000000 
786 0.494013 0.000000 
787 0.504392 0.000000 
788 0.514955 0.000000 
789 0.525705 0.000000 
790 0.536643 0.000000 
791 0.547772 0.000000 
792 0.559095 0.000000 
793 0.570614 0.000000 
794 0.582332 0.000000 
795 0.594252 0.000000 
796 0.606375 0.000000 
797 0.618704 0.000000 
798 0.631242 0.000000 
799 0.643992 0.000000 
800 0.656955 0.000000 
801 0.670135 0.000000 
802 0.683534 0.000000 
803 0.697155 0.000000 
804 0.711000 0.000000 
805 0.725072 0.000000 
806 0.739373 0.000000 
807 0.753907 0.000000 
808 0.768675 0.000000 
809 0.783681 0.000000 
810 0.798926 0.000000 
811 0.814414 0.000000 
812 0.830148 0.000000 
813 0.846129 0.000000 
814 0.862360 0.000000 
815 0.878845 0.000000 
816 0.895585 0.000000 
817 0.912584 0.000000 
818 0.929844 0.000000 
819 0.947367 0.000000 
820 0.965157 0.000000 
821 0.983215 0.000000 
822 1.001545 0.000000 
823 1.020149 0.000000 
824 1.039030 0.000000 
825 1.058190 0.000000 
826 1.077632 0.000000 
827 1.097358 0.000000 
828 1.117371 0.000000 
829 1.137674 0.000000 
830 1.158269 0.000000 
831 1.179159 0.000000 
832 1.200346 0.000000 
833 1.221832 0.000000 
834 1.243620 0.000000 
835 1.265714 0.000000 
836 1.288114 0.000000 
837 1.310823 0.000000 
838 1.333845 0.000000 
839 1.357181 0.000000 
840 1.380834 0.000000 
841 1.404805 0.000000 
842 1.429099 0.000000 
843 1.453715 0.000000 
844 1.478658 0.000000 
845 1.503929 0.000000 
846 1.529531 0.000000 
847 1.555465 0.000000 
848 1.581734 0.000000 
849 1.608340 0.000000 
850 1.635285 0.000000 
851 1.662571 0.000000 
852 1.690201 0.000000 
853 1.718175 0.000000 
854 1.746497 0.000000 
855 1.775168 0.000000 
856 1.804190 0.000000 
857 1.833565 0.000000 
858 1.863295 0.000000 
859 1.893381 0.000000 
860 1.923826 0.000000 
861 1.954630 0.000000 
862 1.985796 0.000000 
863 2.017325 0.000000 
864 2.049218 0.000000 
865 2.081478 0.000000 
866 2.114106 0.000000 
867 2.147102 0.000000 
868 2.180469 0.000000 
869 2.214208 0.000000 
870 2.248320 0.000000 
871 2.282806 0.000000 
872 2.317667 0.000000 
873 2.352904 0.000000 
874 2.388519 0.000000 
875 2.424512 0.000000 
876 2.460884 0.000000 
877 2.497636 0.000000 
878 2.534769 0.000000 
879 2.572284 0.000000 
880 2.610180 0.000000 
881 2.648460 0.000000 
882 2.687122 0.000000 
883 2.726168 0.000000 
884 2.765599 0.000000 
885 2.805413 0.000000 
886 2.845612 0.000000 
887 2.886195 0.000000 
888 2.927163 0.000000 
889 2.968516 0.000000 
890 3.010253 0.000000 
891 3.052375 0.000000 
892 3.094881 0.000000 
893 3.137771 0.000000 
894 3.181044 0.000000 
895 3.224700 0.000000 
896 3.268738 0.000000 
897 3.313159 0.000000 
898 3.357960 0.000000 
899 3.403141 0.000000 
900 3.448701 0.000000 
901 3.494640 0.000000 
902 3.540956 0.000000 
903 3.587647 0.000000 
904 3.634713 0.000000 
905 3.682153 0.000000 
906 3.729964 0.000000 
907 3.778146 0.000000 
908 3.826696 0.000000 
909 3.875613 0.000000 
910 3.924895 0.000000 
911 3.974540 0.000000 
912 4.024546 0.000000 
913 4.074912 0.000000 
914 4.125633 0.000000 
915 4.176709 0.000000 
916 4.228138 0.000000 
917 4.279915 0.000000 
918 4.332039 0.000000 
919 4.384508 0.000000 
920 4.437317 0.000000 
921 4.490465 0.000000 
922 4.543948 0.000000 
923 4.597763 0.000000 
924 4.651907 0.000000 
925 4.706376 0.000000 
926 4.761167 0.000000 
927 4.816277 0.000000 
928 4.871702 0.000000 
929 4.927437 0.000000 
930 4.983480 0.000000 
931 5.039826 0.000000 
932 5.096471 0.000000 
933 5.153411 0.000000 
934 5.210642 0.000000 
935 5.268158 0.000000 
936 5.325957 0.000000 
937 5.384032 0.000000 
938 5.442380 0.000000 
939 5.500995 0.000000 
940 5.559873 0.000000 
941 5.619008 0.000000 
942 5.678396 0.000000 
943 5.738030 0.000000 
944 5.797907 0.000000 
945 5.858020 0.000000 
946 5.918363 0.000000 
947 5.978932 0.000000 
948 6.039720 0.000000 
949 6.100721 0.000000 
950 6.161930 0.000000 
951 6.223340 0.000000 
952 6.284945 0.000000 
953 6.346740 0.000000 
954 6.408716 0.000000 
955 6.470869 0.000000 
956 6.533191 0.000000 
957 6.595677 0.000000 
958 6.658318 0.000000 
959 6.721108 0.000000 
960 6.784040 0.000000 
961 6.847108 0.000000 
962 6.910303 0.000000 
963 6.973620 0.000000 
964 7.037049 0.000000 
965 7.100585 0.000000 
966 7.164219 0.000000 
967 7.227944 0.000000 
968 7.291753 0.000000 
969 7.355636 0.000000 
970 7.419588 0.000000 
971 7.483599 0.000000 
972 7.547661 0.000000 
973 7.611768 0.000000 
974 7.675909 0.000000 
975 7.740078 0.000000 
976 7.804266 0.000000 
977 7.868463 0.000000 
978 7.932663 0.000000 
979 7.996857 0.000000 
980 8.061035 0.000000 
981 8.125189 0.000000 
982 8.189311 0.000000 
983 8.253391 0.000000 
984 8.317422 0.000000 
985 8.381392 0.000000 
986 8.445295 0.000000 
987 8.509121 0.000000 
988 8.572860 0.000000 
989 8.636505 0.000000 
990 8.700044 0.000000 
991 8.763470 0.000000 
992 8.826772 0.000000 
993 8.889943 0.000000 
994 8.952971 0.000000 
995 9.015849 0.000000 
996 9.078566 0.000000 
997 9.141113 0.000000 
998 9.203480 0.000000 
999 9.265658 0.000000 
1000 9.327638 0.000000 
1001 9.389409 0.000000 
1002 9.450963 0.000000 
1003 9.512289 0.000000 
1004 9.573379 0.000000 
1005 9.634221 0.000000 
1006 9.694808 0.000000 
1007 9.755128 0.000000 
1008 9.815172 0.000000 
1009 9.874931 0.000000 
1010 9.934395 0.000000 
1011 9.993555 0.000000 
1012 10.052399 0.000000 
1013 10.110920 0.000000 
1014 10.169107 0.000000 
1015 10.226950 0.000000 
1016 10.284440 0.000000 
1017 10.341568 0.000000 
1018 10.398323 0.000000 
1019 10.454696 0.000000 
1020 10.510677 0.000000 
1021 10.566258 0.000000 
1022 10.621427 0.000000 
1023 10.676177 0.000000 
1024 10.730497 0.000000 
1025 10.784378 0.000000 
1026 10.837811 0.000000 
1027 10.890787 0.000000 
1028 10.943295 0.000000 
1029 10.995327 0.000000 
1030 11.046874 0.000000 
1031 11.097926 0.000000 
1032 11.148475 0.000000 
1033 11.198512 0.000000 
1034 11.248026 0.000000 
1035 11.297011 0.000000 
1036 11.345456 0.000000 
1037 11.393353 0.000000 
1038 11.440693 0.000000 
1039 11.487469 0.000000 
1040 11.533670 0.000000 
1041 11.579289 0.000000 
1042 11.624318 0.000000 
1043 11.668747 0.000000 
1044 11.712570 0.000000 
1045 11.755777 0.000000 
1046 11.798361 0.000000 
1047 11.840314 0.000000 
1048 11.881628 0.000000 
1049 11.922295 0.000000 
1050 11.962308 0.000000 
1051 12.001660 0.000000 
1052 12.040342 0.000000 
1053 12.078347 0.000000 
1054 12.115669 0.000000 
1055 12.152300 0.000000 
1056 12.188233 0.000000 
1057 12.223462 0.000000 
1058 12.257980 0.000000 
1059 12.291779 0.000000 
1060 12.324854 0.000000 
1061 12.357199 0.000000 
1062 12.388807 0.000000 
1063 12.419671 0.000000 
1064 12.449787 0.000000 
1065 12.479148 0.000000 
1066 12.507748 0.000000 
1067 12.535583 0.000000 
1068 12.562646 0.000000 
1069 12.588933 0.000000 
1070 12.614437 0.000000 
1071 12.639155 0.000000 
1072 12.663082 0.000000 
1073 12.686212 0.000000 
1074 12.708541 0.000000 
1075 12.730065 0.000000 
1076 12.750780 0.000000 
1077 12.770682 0.000000 
1078 12.789766 0.000000 
1079 12.808029 0.000000 
1080 12.825467 0.000000 
1081 12.842077 0.000000 
1082 12.857856 0.000000 
1083 12.872800 0.000000 
1084 12.886907 0.000000 
1085 12.900174 0.000000 
1086 12.912597 0.000000 
1087 12.924175 0.000000 
1088 12.934906 0.000000 
1089 12.944787 0.000000 
1090 12.953816 0.000000 
1091 12.961991 0.000000 
1092 12.969311 0.000000 
1093 12.975775 0.000000 
1094 12.981380 0.000000 
1095 12.986127 0.000000 
1096 12.990014 0.000000 
1097 12.993040 0.000000 
1098 12.995204 0.000000 
1099 12.996507 0.000000 
1100 12.996948 0.000000 
1101 12.996526 0.000000 
1102 12.995243 0.000000 
1103 12.993098 0.000000 
1104 12.990091 0.000000 
1105 12.986224 0.000000 
1106 12.981496 0.000000 
1107 12.975910 0.000000 
1108 12.969465 0.000000 
1109 12.962164 0.000000 
1110 12.954008 0.000000 
1111 12.944998 0.000000 
1112 12.935136 0.000000 
1113 12.924424 0.000000 
1114 12.912865 0.000000 
1115 12.900460 0.000000 
1116 12.887212 0.000000 
1117 12.873123 0.000000 
1118 12.858198 0.000000 
1119 12.842437 0.000000 
1120 12.825845 0.000000 
1121 12.808425 0.000000 
1122 12.790179 0.000000 
1123 12.771113 0.000000 
1124 12.751229 0.000000 
1125 12.730532 0.000000 
1126 12.709025 0.000000 
1127 12.686712 0.000000 
1128 12.663599 0.000000 
1129 12.639689 0.000000 
1130 12.614988 0.000000 
1131 12.589500 0.000000 
1132 12.563230 0.000000 
1133 12.536182 0.000000 
1134 12.508364 0.000000 
1135 12.479779 0.000000 
1136 12.450434 0.000000 
1137 12.420333 0.000000 
1138 12.389483 0.000000 
1139 12.357891 0.000000 
1140 12.325561 0.000000 
1141 12.292500 0.000000 
1142 12.258714 0.000000 
1143 12.224211 0.000000 
1144 12.188996 0.000000 
1145 12.153076 0.000000 
1146 12.116458 0.000000 
1147 12.079149 0.000000 
1148 12.041156 0.000000 
1149 12.002487 0.000000 
1150 11.963148 0.000000 
1151 11.923147 0.000000 
1152 11.882491 0.000000 
1153 11.841188 0.000000 
1154 11.799246 0.000000 
1155 11.756673 0.000000 
1156 11.713476 0.000000 
1157 11.669664 0.000000 
1158 11.625244 0.000000 
1159 11.580226 0.000000 
1160 11.534616 0.000000 
1161 11.488424 0.000000 
1162 11.441657 0.000000 
1163 11.394325 0.000000 
1164 11.346436 0.000000 
1165 11.297999 0.000000 
1166 11.249023 0.000000 
1167 11.199515 0.000000 
1168 11.149486 0.000000 
1169 11.098944 0.000000 
1170 11.047898 0.000000 
1171 10.996357 0.000000 
1172 10.944331 0.000000 
1173 10.891828 0.000000 
1174 10.838858 0.000000 
1175 10.785430 0.000000 
1176 10.731554 0.000000 
1177 10.677238 0.000000 
1178 10.622492 0.000000 
1179 10.567326 0.000000 
1180 10.511749 0.000000 
1181 10.455771 0.000000 
1182 10.399401 0.000000 
1183 10.342648 0.000000 
1184 10.285523 0.000000 
1185 10.228035 0.000000 
1186 10.170193 0.000000 
1187 10.112008 0.000000 
1188 10.053488 0.000000 
1189 9.994644 0.000000 
1190 9.935485 0.000000 
1191 9.876022 0.000000 
1192 9.816262 0.000000 
1193 9.756218 0.000000 
1194 9.695897 0.000000 
1195 9.635309 0.000000 
1196 9.574466 0.000000 
1197 9.513375 0.000000 
1198 9.452047 0.000000 
1199 9.390491 0.000000 
1200 9.328717 0.000000 
1201 9.266735 0.000000 
1202 9.204553 0.000000 
1203 9.142183 0.000000 
1204 9.079633 0.000000 
1205 9.016912 0.000000 
1206 8.954031 0.000000 
1207 8.890998 0.000000 
1208 8.827823 0.000000 
1209 8.764516 0.000000 
1210 8.701085 0.000000 
1211 8.637540 0.000000 
1212 8.573891 0.000000 
1213 8.510146 0.000000 
1214 8.446314 0.000000 
1215 8.382405 0.000000 
1216 8.318428 0.000000 
1217 8.254391 0.000000 
1218 8.190304 0.000000 
1219 8.126176 0.000000 
1220 8.062014 0.000000 
1221 7.997829 0.000000 
1222 7.933628 0.000000 
1223 7.869420 0.000000 
1224 7.805214 0.000000 
1225 7.741018 0.000000 
1226 7.676841 0.000000 
1227 7.612691 0.000000 
1228 7.548576 0.000000 
1229 7.484505 0.000000 
1230 7.420485 0.000000 
1231 7.356525 0.000000 
1232 7.292631 0.000000 
1233 7.228814 0.000000 
1234 7.165079 0.000000 
1235 7.101435 0.000000 
1236 7.037889 0.000000 
1237 6.974450 0.000000 
1238 6.911123 0.000000 
1239 6.847917 0.000000 
1240 6.784839 0.000000 
1241 6.721897 0.000000 
1242 6.659096 0.000000 
1243 6.596444 0.000000 
1244 6.533948 0.000000 
1245 6.471615 0.000000 
1246 6.409451 0.000000 
1247 6.347463 0.000000 
1248 6.285658 0.000000 
1249 6.224041 0.000000 
1250 6.162620 0.000000 
1251 6.101400 0.000000 
1252 6.040387 0.000000 
1253 5.979587 0.000000 
1254 5.919007 0.000000 
1255 5.858652 0.000000 
1256 5.798527 0.000000 
1257 5.738639 0.000000 
1258 5.678993 0.000000 
1259 5.619593 0.000000 
1260 5.560446 0.000000 
1261 5.501556 0.000000 
1262 5.442929 0.000000 
1263 5.384570 0.000000 
1264 5.326482 0.000000 
1265 5.268672 0.000000 
1266 5.211144 0.000000 
1267 5.153901 0.000000 
1268 5.096949 0.000000 
1269 5.040292 0.000000 
1270 4.983934 0.000000 
1271 4.927880 0.000000 
1272 4.872132 0.000000 
1273 4.816696 0.000000 
1274 4.761574 0.000000 
1275 4.706771 0.000000 
1276 4.652290 0.000000 
1277 4.598134 0.000000 
1278 4.544307 0.000000 
1279 4.490813 0.000000 
1280 4.437653 0.000000 
1281 4.384832 0.000000 
1282 4.332353 0.000000 
1283 4.280217 0.000000 
1284 4.228428 0.000000 
1285 4.176989 0.000000 
1286 4.125901 0.000000 
1287 4.075168 0.000000 
1288 4.024792 0.000000 
1289 3.974775 0.000000 
1290 3.925119 0.000000 
1291 3.875826 0.000000 
1292 3.826898 0.000000 
1293 3.778337 0.000000 
1294 3.730145 0.000000 
1295 3.682323 0.000000 
1296 3.634873 0.000000 
1297 3.587796 0.000000 
1298 3.541094 0.000000 
1299 3.494768 0.000000 
1300 3.448820 0.000000 
1301 3.403249 0.000000 
1302 3.358058 0.000000 
1303 3.313247 0.000000 
1304 3.268817 0.000000 
1305 3.224769 0.000000 
1306 3.181104 0.000000 
1307 3.137821 0.000000 
1308 3.094922 0.000000 
1309 3.052407 0.000000 
1310 3.010277 0.000000 
1311 2.968531 0.000000 
1312 2.927169 0.000000 
1313 2.886192 0.000000 
1314 2.845600 0.000000 
1315 2.805393 0.000000 
1316 2.765570 0.000000 
1317 2.726132 0.000000 
1318 2.687078 0.000000 
1319 2.648408 0.000000 
1320 2.610121 0.000000 
1321 2.572216 0.000000 
1322 2.534694 0.000000 
1323 2.497554 0.000000 
1324 2.460794 0.000000 
1325 2.424415 0.000000 
1326 2.388415 0.000000 
1327 2.352793 0.000000 
1328 2.317549 0.000000 
1329 2.282682 0.000000 
1330 2.248189 0.000000 
1331 2.214071 0.000000 
1332 2.180326 0.000000 
1333 2.146953 0.000000 
1334 2.113951 0.000000 
1335 2.081318 0.000000 
1336 2.049052 0.000000 
1337 2.017153 0.000000 
1338 1.985618 0.000000 
1339 1.954447 0.000000 
1340 1.923638 0.000000 
1341 1.893189 0.000000 
1342 1.863098 0.000000 
1343 1.833363 0.000000 
1344 1.803984 0.000000 
1345 1.774957 0.000000 
1346 1.746282 0.000000 
1347 1.717955 0.000000 
1348 1.689977 0.000000 
1349 1.662343 0.000000 
1350 1.635053 0.000000 
1351 1.608104 0.000000 
1352 1.581495 0.000000 
1353 1.555222 0.000000 
1354 1.529285 0.000000 
1355 1.503680 0.000000 
1356 1.478406 0.000000 
1357 1.453460 0.000000 
1358 1.428840 0.000000 
1359 1.404544 0.000000 
1360 1.380570 0.000000 
1361 1.356915 0.000000 
1362 1.333576 0.000000 
1363 1.310552 0.000000 
1364 1.287840 0.000000 
1365 1.265438 0.000000 
1366 1.243343 0.000000 
1367 1.221553 0.000000 
1368 1.200065 0.000000 
1369 1.178876 0.000000 
1370 1.157985 0.000000 
1371 1.137389 0.000000 
1372 1.117084 0.000000 
1373 1.097070 0.000000 
1374 1.077343 0.000000 
1375 1.057900 0.000000 
1376 1.038739 0.000000 
1377 1.019857 0.000000 
1378 1.001252 0.000000 
1379 0.982922 0.000000 
1380 0.964863 0.000000 
1381 0.947072 0.000000 
1382 0.929549 0.000000 
1383 0.912288 0.000000 
1384 0.895289 0.000000 
1385 0.878549 0.000000 
1386 0.862064 0.000000 
1387 0.845832 0.000000 
1388 0.829851 0.000000 
1389 0.814118 0.000000 
1390 0.798630 0.000000 
1391 0.783385 0.000000 
1392 0.768380 0.000000 
1393 0.753612 0.000000 
1394 0.739079 0.000000 
1395 0.724778 0.000000 
1396 0.710707 0.000000 
1397 0.696863 0.000000 
1398 0.683243 0.000000 
1399 0.669845 0.000000 
1400 0.656665 0.000000 
1401 0.643703 0.000000 
1402 0.630954 0.000000 
1403 0.618417 0.000000 
1404 0.606089 0.000000 
1405 0.593967 0.000000 
1406 0.582049 0.000000 
1407 0.570332 0.000000 
1408 0.558814 0.000000 
1409 0.547493 0.000000 
1410 0.536365 0.000000 
1411 0.525428 0.000000 
1412 0.514680 0.000000 
1413 0.504119 0.000000 
1414 0.493742 0.000000 
1415 0.483546 0.000000 
1416 0.473529 0.000000 
1417 0.463689 0.000000 
1418 0.454023 0.000000 
1419 0.444529 0.000000 
1420 0.435205 0.000000 
1421 0.426048 0.000000 
1422 0.417057 0.000000 
1423 0.408227 0.000000 
1424 0.399559 0.000000 
1425 0.391048 0.000000 
1426 0.382693 0.000000 
1427 0.374492 0.000000 
1428 0.366443 0.000000 
1429 0.358542 0.000000 
1430 0.350789 0.000000 
1431 0.343180 0.000000 
1432 0.335715 0.000000 
1433 0.328389 0.000000 
1434 0.321203 0.000000 
1435 0.314153 0.000000 
1436 0.307237 0.000000 
1437 0.300453 0.000000 
1438 0.293800 0.000000 
1439 0.287275 0.000000 
1440 0.280876 0.000000 
1441 0.274602 0.000000 
1442 0.268450 0.000000 
1443 0.262418 0.000000 
1444 0.256505 0.000000 
1445 0.250708 0.000000 
1446 0.245026 0.000000 
1447 0.239458 0.000000 
1448 0.234000 0.000000 
1449 0.228651 0.000000 
1450 0.223410 0.000000 
1451 0.218274 0.000000 
1452 0.213242 0.000000 
1453 0.208313 0.000000 
1454 0.203484 0.000000 
1455 0.198753 0.000000 
1456 0.194120 0.000000 
1457 0.189582 0.000000 
1458 0.185138 0.000000 
1459 0.180786 0.000000 
1460 0.176525 0.000000 
1461 0.172353 0.000000 
1462 0.168268 0.000000 
1463 0.164269 0.000000 
1464 0.160355 0.000000 
1465 0.156523 0.000000 
1466 0.152773 0.000000 
1467 0.149102 0.000000 
1468 0.145511 0.000000 
1469 0.141996 0.000000 
1470 0.138557 0.000000 
1471 0.135192 0.000000 
1472 0.131901 0.000000 
1473 0.128681 0.000000 
1474 0.125531 0.000000 
1475 0.122450 0.000000 
1476 0.119437 0.000000 
1477 0.116490 0.000000 
1478 0.113609 0.000000 
1479 0.110791 0.000000 
1480 0.108036 0.000000 
1481 0.105343 0.000000 
1482 0.102709 0.000000 
1483 0.100135 0.000000 
1484 0.097620 0.000000 
1485 0.095161 0.000000 
1486 0.092757 0.000000 
1487 0.090409 0.000000 
1488 0.088114 0.000000 
1489 0.085872 0.000000 
1490 0.083681 0.000000 
1491 0.081540 0.000000 
1492 0.079449 0.000000 
1493 0.077407 0.000000 
1494 0.075412 0.000000 
1495 0.073464 0.000000 
1496 0.071561 0.000000 
1497 0.069703 0.000000 
1498 0.067888 0.000000 
1499 0.066117 0.000000 
1500 0.064387 0.000000 
1501 0.062699 0.000000 
1502 0.061050 0.000000 
1503 0.059442 0.000000 
1504 0.057871 0.000000 
1505 0.056339 0.000000 
1506 0.054843 0.000000 
1507 0.053383 0.000000 
1508 0.051959 0.000000 
1509 0.050570 0.000000 
1510 0.049214 0.000000 
1511 0.047892 0.000000 
1512 0.046602 0.000000 
1513 0.045344 0.000000 
1514 0.044117 0.000000 
1515 0.042920 0.000000 
1516 0.041753 0.000000 
1517 0.040614 0.000000 
1518 0.039505 0.000000 
1519 0.038423 0.000000 
1520 0.037368 0.000000 
1521 0.036340 0.000000 
1522 0.035338 0.000000 
1523 0.034361 0.000000 
1524 0.033409 0.000000 
1525 0.032481 0.000000 
1526 0.031576 0.000000 
1527 0.030695 0.000000 
1528 0.029837 0.000000 
1529 0.029000 0.000000 
1530 0.028186 0.000000 
1531 0.027392 0.000000 
1532 0.026619 0.000000 
1533 0.025866 0.000000 
1534 0.025132 0.000000 
1535 0.024418 0.000000 
1536 0.023722 0.000000 
1537 0.023045 0.000000 
1538 0.022386 0.000000 
1539 0.021744 0.000000 
1540 0.021119 0.000000 
1541 0.020511 0.000000 
1542 0.019918 0.000000 
1543 0.019342 0.000000 
1544 0.018781 0.000000 
1545 0.018235 0.000000 
1546 0.017704 0.000000 
1547 0.017187 0.000000 
1548 0.016684 0.000000 
1549 0.016195 0.000000 
1550 0.015719 0.000000 
1551 0.015256 0.000000 
1552 0.014806 0.000000 
1553 0.014368 0.000000 
1554 0.013942 0.000000 
1555 0.013528 0.000000 
1556 0.013125 0.000000 
1557 0.012734 0.000000 
1558 0.012353 0.000000 
1559 0.011983 0.000000 
1560 0.011623 0.000000 
1561 0.011273 0.000000 
1562 0.010933 0.000000 
1563 0.010603 0.000000 
1564 0.010281 0.000000 
1565 0.009969 0.000000 
1566 0.009666 0.000000 
1567 0.009372 0.000000 
1568 0.009085 0.000000 
1569 0.008807 0.000000 
1570 0.008537 0.000000 
1571 0.008275 0.000000 
1572 0.008020 0.000000 
1573 0.007772 0.000000 
1574 0.007532 0.000000 
1575 0.007298 0.000000 
1576 0.007072 0.000000 
1577 0.006852 0.000000 
1578 0.006638 0.000000 
1579 0.006430 0.000000 
1580 0.006229 0.000000 
1581 0.006034 0.000000 
1582 0.005844 0.000000 
1583 0.005660 0.000000 
1584 0.005481 0.000000 
1585 0.005308 0.000000 
1586 0.005139 0.000000 
1587 0.004976 0.000000 
1588 0.004818 0.000000 
1589 0.004664 0.000000 
1590 0.004515 0.000000 
1591 0.004370 0.000000 
1592 0.004230 0.000000 
1593 0.004094 0.000000 
1594 0.003962 0.000000 
1595 0.003834 0.000000 
1596 0.003710 0.000000 
1597 0.003590 0.000000 
1598 0.003473 0.000000 
1599 0.003360 0.000000 
1600 0.003251 0.000000 
1601 0.003145 0.000000 
1602 0.003042 0.000000 
1603 0.002942 0.000000 
1604 0.002845 0.000000 
1605 0.002752 0.000000 
1606 0.002661 0.000000 
1607 0.002573 0.000000 
1608 0.002488 0.000000 
1609 0.002405 0.000000 
1610 0.002325 0.000000 
1611 0.002248 0.000000 
1612 0.002173 0.000000 
1613 0.002100 0.000000 
1614 0.002030 0.000000 
1615 0.001962 0.000000 
1616 0.001896 0.000000 
1617 0.001832 0.000000 
1618 0.001770 0.000000 
1619 0.001710 0.000000 
1620 0.001652 0.000000 
1621 0.001596 0.000000 
1622 0.001542 0.000000 
1623 0.001489 0.000000 
1624 0.001438 0.000000 
1625 0.001389 0.000000 
1626 0.001342 0.000000 
1627 0.001295 0.000000 
1628 0.001251 0.000000 
1629 0.001208 0.000000 
1630 0.001166 0.000000 
1631 0.001126 0.000000 
1632 0.001087 0.000000 
1633 0.001049 0.000000 
1634 0.001013 0.000000 
1635 0.000977 0.000000 
1636 0.000943 0.000000 
1637 0.000910 0.000000 
1638 0.000878 0.000000 
1639 0.000847 0.000000 
1640 0.000818 0.000000 
1641 0.000789 0.000000 
1642 0.000761 0.000000 
1643 0.000734 0.000000 
1644 0.000708 0.000000 
1645 0.000683 0.000000 
1646 0.000659 0.000000 
1647 0.000635 0.000000 
1648 0.000613 0.000000 
1649 0.000591 0.000000 
1650 0.000569 0.000000 
1651 0.000549 0.000000 
1652 0.000529 0.000000 
1653 0.000510 0.000000 
1654 0.000492 0.000000 
1655 0.000474 0.000000 
1656 0.000457 0.000000 
1657 0.000440 0.000000 
1658 0.000424 0.000000 
1659 0.000409 0.000000 
1660 0.000394 0.000000 
1661 0.000380 0.000000 
1662 0.000366 0.000000 
1663 0.000352 0.000000 
1664 0.000339 0.000000 
1665 0.000327 0.000000 
1666 0.000315 0.000000 
1667 0.000303 0.000000 
1668 0.000292 0.000000 
1669 0.000281 0.000000 
1670 0.000271 0.000000 
1671 0.000261 0.000000 
1672 0.000251 0.000000 
1673 0.000242 0.000000 
1674 0.000233 0.000000 
1675 0.000224 0.000000 
1676 0.000216 0.000000 
1677 0.000207 0.000000 
1678 0.000200 0.000000 
1679 0.000192 0.000000 
1680 0.000185 0.000000 
1681 0.000178 0.000000 
1682 0.000171 0.000000 
1683 0.000165 0.000000 
1684 0.000158 0.000000 
1685 0.000152 0.000000 
1686 0.000147 0.000000 
1687 0.000141 0.000000 
1688 0.000136 0.000000 
1689 0.000130 0.000000 
1690 0.000125 0.000000 
1691 0.000121 0.000000 
1692 0.000116 0.000000 
1693 0.000111 0.000000 
1694 0.000107 0.000000 
1695 0.000103 0.000000 
1696 0.000099 0.000000 
1697 0.000095 0.000000 
1698 0.000091 0.000000 
1699 0.000088 0.000000 
1700 0.000085 0.000000 
1701 0.000081 0.000000 
1702 0.000078 0.000000 
1703 0.000075 0.000000 
1704 0.000072 0.000000 
1705 0.000069 0.000000 
1706 0.000066 0.000000 
1707 0.000064 0.000000 
1708 0.000061 0.000000 
1709 0.000059 0.000000 
1710 0.000057 0.000000 
1711 0.000054 0.000000 
1712 0.000052 0.000000 
1713 0.000050 0.000000 
1714 0.000048 0.000000 
1715 0.000046 0.000000 
1716 0.000044 0.000000 
1717 0.000043 0.000000 
1718 0.000041 0.000000 
1719 0.000039 0.000000 
1720 0.000038 0.000000 
1721 0.000036 0.000000 
1722 0.000035 0.000000 
1723 0.000033 0.000000 
1724 0.000032 0.000000 
1725 0.000031 0.000000 
1726 0.000029 0.000000 
1727 0.000028 0.000000 
1728 0.000027 0.000000 
1729 0.000026 0.000000 
1730 0.000025 0.000000 
1731 0.000024 0.000000 
1732 0.000023 0.000000 
1733 0.000022 0.000000 
1734 0.000021 0.000000 
1735 0.000020 0.000000 
1736 0.000019 0.000000 
1737 0.000019 0.000000 
1738 0.000018 0.000000 
1739 0.000017 0.000000 
1740 0.000016 0.000000 
1741 0.000016 0.000000 
1742 0.000015 0.000000 
1743 0.000014 0.000000 
1744 0.000014 0.000000 
1745 0.000013 0.000000 
1746 0.000013 0.000000 
1747 0.000012 0.000000 
1748 0.000012 0.000000 
1749 0.000011 0.000000 
1750 0.000011 0.000000 
1751 0.000010 0.000000 
1752 0.000010 0.000000 
1753 0.000009 0.000000 
1754 0.000009 0.000000 
1755 0.000009 0.000000 
1756 0.000008 0.000000 
1757 0.000008 0.000000 
1758 0.000008 0.000000 
1759 0.000007 0.000000 
1760 0.000007 0.000000 
1761 0.000007 0.000000 
1762 0.000006 0.000000 
1763 0.000006 0.000000 
1764 0.000006 0.000000 
1765 0.000006 0.000000 
1766 0.000005 0.000000 
1767 0.000005 0.000000 
1768 0.000005 0.000000 
1769 0.000005 0.000000 
1770 0.000004 0.000000 
1771 0.000004 0.000000 
1772 0.000004 0.000000 
1773 0.000004 0.000000 
1774 0.000004 0.000000 
1775 0.000004 0.000000 
1776 0.000003 0.000000 
1777 0.000003 0.000000 
1778 0.000003 0.000000 
1779 0.000003 0.000000 
1780 0.000003 0.000000 
1781 0.000003 0.000000 
1782 0.000003 0.000000 
1783 0.000002 0.000000 
1784 0.000002 0.000000 
1785 0.000002 0.000000 
1786 0.000002 0.000000 
1787 0.000002 0.000000 
1788 0.000002 0.000000 
1789 0.000002 0.000000 
1790 0.000002 0.000000 
1791 0.000002 0.000000 
1792 0.000002 0.000000 
1793 0.000002 0.000000 
1794 0.000001 0.000000 
1795 0.000001 0.000000 
1796 0.000001 0.000000 
1797 0.000001 0.000000 
1798 0.000001 0.000000 
1799 0.000001 0.000000 
1800 0.000001 0.000000 
1801 0.000001 0.000000 
1802 0.000001 0.000000 
1803 0.000001 0.000000 
1804 0.000001 0.000000 
1805 0.000001 0.000000 
1806 0.000001 0.000000 
1807 0.000001 0.000000 
1808 0.000001 0.000000 
1809 0.000001 0.000000 
1810 0.000001 0.000000 
1811 0.000001 0.000000 
1812 0.000001 0.000000 
1813 0.000001 0.000000 
1814 0.000001 0.000000 
1815 0.000001 0.000000 
1816 0.000001 0.000000 
1817 0.000001 0.000000 
1818 0.000000 0.000000 
1819 0.000000 0.000000 
1820 0.000000 0.000000 
1821 0.000000 0.000000 
1822 0.000000 0.000000 
1823 0.000000 0.000000 
1824 0.000000 0.000000 
1825 0.000000 0.000000 
1826 0.000000 0.000000 
1827 0.000000 0.000000 
1828 0.000000 0.000000 
1829 0.000000 0.000000 
1830 0.000000 0.000000 
1831 0.000000 0.000000 
1832 0.000000 0.000000 
1833 0.000000 0.000000 
1834 0.000000 0.000000 
1835 0.000000 0.000000 
1836 0.000000 0.000000 
1837 0.000000 0.000000 
1838 0.000000 0.000000 
1839 0.000000 0.000000 
1840 0.000000 0.000000 
1841 0.000000 0.000000 
1842 0.000000 0.000000 
1843 0.000000 0.000000 
1844 0.000000 0.000000 
1845 0.000000 0.000000 
1846 0.000000 0.000000 
1847 0.000000 0.000000 
1848 0.000000 0.000000 
1849 0.000000 0.000000 
1850 0.000000 0.000000 
1851 0.000000 0.000000 
1852 0.000000 0.000000 
1853 0.000000 0.000000 
1854 0.000000 0.000000 
1855 0.000000 0.000000 
1856 0.000000 0.000000 
1857 0.000000 0.000000 
1858 0.000000 0.000000 
1859 0.000000 0.000000 
1860 0.000000 0.000000 
1861 0.000000 0.000000 
1862 0.000000 0.000000 
1863 0.000000 0.000000 
1864 0.000000 0.000000 
1865 0.000000 0.000000 
1866 0.000000 0.000000 
1867 0.000000 0.000000 
1868 0.000000 0.000000 
1869 0.000000 0.000000 
1870 0.000000 0.000000 
1871 0.000000 0.000000 
1872 0.000000 0.000000 
1873 0.000000 0.000000 
1874 0.000000 0.000000 
1875 0.000000 0.000000 
1876 0.000000 0.000000 
1877 0.000000 0.000000 
1878 0.000000 0.000000 
1879 0.000000 0.000000 
1880 0.000000 0.000000 
1881 0.000000 0.000000 
1882 0.000000 0.000000 
1883 0.000000 0.000000 
1884 0.000000 0.000000 
1885 0.000000 0.000000 
1886 0.000000 0.000000 
1887 0.000000 0.000000 
1888 0.000000 0.000000 
1889 0.000000 0.000000 
1890 0.000000 0.000000 
1891 0.000000 0.000000 
1892 0.000000 0.000000 
1893 0.000000 0.000000 
1894 0.000000 0.000000 
1895 0.000000 0.000000 
1896 0.000000 0.000000 
1897 0.000000 0.000000 
1898 0.000000 0.000000 
1899 0.000000 0.000000 
1900 0.000000 0.000000 
1901 0.000000 0.000000 
1902 0.000000 0.000000 
1903 0.000000 0.000000 
1904 0.000000 0.000000 
1905 0.000000 0.000000 
1906 0.000000 0.000000 
1907 0.000000 0.000000 
1908 0.000000 0.000000 
1909 0.000000 0.000000 
1910 0.000000 0.000000 
1911 0.000000 0.000000 
1912 0.000000 0.000000 
1913 0.000000 0.000000 
1914 0.000000 0.000000 
1915 0.000000 0.000000 
1916 0.000000 0.000000 
1917 0.000000 0.000000 
1918 0.000000 0.000000 
1919 0.000000 0.000000 
1920 0.000000 0.000000 
1921 0.000000 0.000000 
1922 0.000000 0.000000 
1923 0.000000 0.000000 
1924 0.000000 0.000000 
1925 0.000000 0.000000 
1926 0.000000 0.000000 
1927 0.000000 0.000000 
1928 0.000000 0.000000 
1929 0.000000 0.000000 
1930 0.000000 0.000000 
1931 0.000000 0.000000 
1932 0.000000 0.000000 
1933 0.000000 0.000000 
1934 0.000000 0.000000 
1935 0.000000 0.000000 
1936 0.000000 0.000000 
1937 0.000000 0.000000 
1938 0.000000 0.000000 
1939 0.000000 0.000000 
1940 0.000000 0.000000 
1941 0.000000 0.000000 
1942 0.000000 0.000000 
1943 0.000000 0.000000 
1944 0.000000 0.000000 
1945 0.000000 0.000000 
1946 0.000000 0.000000 
1947 0.000000 0.000000 
1948 0.000000 0.000000 
1949 0.000000 0.000000 
1950 0.000000 0.000000 
1951 0.000000 0.000000 
1952 0.000000 0.000000 
1953 0.000000 0.000000 
1954 0.000000 0.000000 
1955 0.000000 0.000000 
1956 0.000000 0.000000 
1957 0.000000 0.000000 
1958 0.000000 0.000000 
1959 0.000000 0.000000 
1960 0.000000 0.000000 
1961 0.000000 0.000000 
1962 0.000000 0.000000 
1963 0.000000 0.000000 
1964 0.000000 0.000000 
1965 0.000000 0.000000 
1966 0.000000 0.000000 
1967 0.000000 0.000000 
1968 0.000000 0.000000 
1969 0.000000 0.000000 
1970 0.000000 0.000000 
1971 0.000000 0.000000 
1972 0.000000 0.000000 
1973 0.000000 0.000000 
1974 0.000000 0.000000 
1975 0.000000 0.000000 
1976 0.000000 0.000000 
1977 0.000000 0.000000 
1978 0.000000 0.000000 
1979 0.000000 0.000000 
1980 0.000000 0.000000 
1981 0.000000 0.000000 
1982 0.000000 0.000000 
1983 0.000000 0.000000 
1984 0.000000 0.000000 
1985 0.000000 0.000000 
1986 0.000000 0.000000 
1987 0.000000 0.000000 
1988 0.000000 0.000000 
1989 0.000000 0.000000 
1990 0.000000 0.000000 
1991 0.000000 0.000000 
1992 0.000000 0.000000 
1993 0.000000 0.000000 
1994 0.000000 0.000000 
1995 0.000000 0.000000 
1996 0.000000 0.000000 
1997 0.000000 0.000000 
1998 0.000000 0.000000 
1999 0.000000 0.000000 
2000 0.000000 0.000000 
2001 0.000000 0.000000 
2002 0.000000 0.000000 
2003 0.000000 0.000000 
2004 0.000000 0.000000 
2005 0.000000 0.000000 
2006 0.000000 0.000000 
2007 0.000000 0.000000 
2008 0.000000 0.000000 
2009 0.000000 0.000000 
2010 0.000000 0.000000 
2011 0.000000 0.000000 
2012 0.000000 0.000000 
2013 0.000000 0.000000 
2014 0.000000 0.000000 
2015 0.000000 0.000000 
2016 0.000000 0.000000 
2017 0.000000 0.000000 
2018 0.000000 0.000000 
2019 0.000000 0.000000 
2020 0.000000 0.000000 
2021 0.000000 0.000000 
2022 0.000000 0.000000 
2023 0.000000 0.000000 
2024 0.000000 0.000000 
2025 0.000000 0.000000 
2026 0.000000 0.000000 
2027 0.000000 0.000000 
2028 0.000000 0.000000 
2029 0.000000 0.000000 
2030 0.000000 0.000000 
2031 0.000000 0.000000 
2032 0.000000 0.000000 
2033 0.000000 0.000000 
2034 0.000000 0.000000 
2035 0.000000 0.000000 
2036 0.000000 0.000000 
2037 0.000000 0.000000 
2038 0.000000 0.000000 
2039 0.000000 0.000000 
2040 0.000000 0.000000 
2041 0.000000 0.000000 
2042 0.000000 0.000000 
2043 0.000000 0.000000 
2044 0.000000 0.000000 
2045 0.000000 0.000000 
2046 0.000000 0.000000 
2047 0.000000 0.000000 
2048 0.000000 0.000000 
2049 0.000000 0.000000 
2050 0.000000 0.000000 
2051 0.000000 0.000000 
2052 0.000000 0.000000 
2053 0.000000 0.000000 
2054 0.000000 0.000000 
2055 0.000000 0.000000 
2056 0.000000 0.000000 
2057 0.000000 0.000000 
2058 0.000000 0.000000 
2059 0.000000 0.000000 
2060 0.000000 0.000000 
2061 0.000000 0.000000 
2062 0.000000 0.000000 
2063 0.000000 0.000000 
2064 0.000000 0.000000 
2065 0.000000 0.000000 
2066 0.000000 0.000000 
2067 0.000000 0.000000 
2068 0.000000 0.000000 
2069 0.000000 0.000000 
2070 0.000000 0.000000 
2071 0.000000 0.000000 
2072 0.000000 0.000000 
2073 0.000000 0.000000 
2074 0.000000 0.000000 
2075 0.000000 0.000000 
2076 0.000000 0.000000 
2077 0.000000 0.000000 
2078 0.000000 0.000000 
2079 0.000000 0.000000 
2080 0.000000 0.000000 
2081 0.000000 0.000000 
2082 0.000000 0.000000 
2083 0.000000 0.000000 
2084 0.000000 0.000000 
2085 0.000000 0.000000 
2086 0.000000 0.000000 
2087 0.000000 0.000000 
2088 0.000000 0.000000 
2089 0.000000 0.000000 
2090 0.000000 0.000000 
2091 0.000000 0.000000 
2092 0.000000 0.000000 
2093 0.000000 0.000000 
2094 0.000000 0.000000 
2095 0.000000 0.000000 
2096 0.000000 0.000000 
2097 0.000000 0.000000 
2098 0.000000 0.000000 
2099 0.000000 0.000000 
2100 0.000000 0.000000 
2101 0.000000 0.000000 
2102 0.000000 0.000000 
2103 0.000000 0.000000 
2104 0.000000 0.000000 
2105 0.000000 0.000000 
2106 0.000000 0.000000 
2107 0.000000 0.000000 
2108 0.000000 0.000000 
2109 0.000000 0.000000 
2110 0.000000 0.000000 
2111 0.000000 0.000000 
2112 0.000000 0.000000 
2113 0.000000 0.000000 
2114 0.000000 0.000000 
2115 0.000000 0.000000 
2116 0.000000 0.000000 
2117 0.000000 0.000000 
2118 0.000000 0.000000 
2119 0.000000 0.000000 
2120 0.000000 0.000000 
2121 0.000000 0.000000 
2122 0.000000 0.000000 
2123 0.000000 0.000000 
2124 0.000000 0.000000 
2125 0.000000 0.000000 
2126 0.000000 0.000000 
2127 0.000000 0.000000 
2128 0.000000 0.000000 
2129 0.000000 0.000000 
2130 0.000000 0.000000 
2131 0.000000 0.000000 
2132 0.000000 0.000000 
2133 0.000000 0.000000 
2134 0.000000 0.000000 
2135 0.000000 0.000000 
2136 0.000000 0.000000 
2137 0.000000 0.000000 
2138 0.000000 0.000000 
2139 0.000000 0.000000 
2140 0.000000 0.000000 
2141 0.000000 0.000000 
2142 0.000000 0.000000 
2143 0.000000 0.000000 
2144 0.000000 0.000000 
2145 0.000000 0.000000 
2146 0.000000 0.000000 
2147 0.000000 0.000000 
2148 0.000000 0.000000 
2149 0.000000 0.000000 
2150 0.000000 0.000000 
2151 0.000000 0.000000 
2152 0.000000 0.000000 
2153 0.000000 0.000000 
2154 0.000000 0.000000 
2155 0.000000 0.000000 
2156 0.000000 0.000000 
2157 0.000000 0.000000 
2158 0.000000 0.000000 
2159 0.000000 0.000000 
2160 0.000000 0.000000 
2161 0.000000 0.000000 
2162 0.000000 0.000000 
2163 0.000000 0.000000 
2164 0.000000 0.000000 
2165 0.000000 0.000000 
2166 0.000000 0.000000 
2167 0.000000 0.000000 
2168 0.000000 0.000000 
2169 0.000000 0.000000 
2170 0.000000 0.000000 
2171 0.000000 0.000000 
2172 0.000000 0.000000 
2173 0.000000 0.000000 
2174 0.000000 0.000000 
2175 0.000000 0.000000 
2176 0.000000 0.000000 
2177 0.000000 0.000000 
2178 0.000000 0.000000 
2179 0.000000 0.000000 
2180 0.000000 0.000000 
2181 0.000000 0.000000 
2182 0.000000 0.000000 
2183 0.000000 0.000001 
2184 0.000000 0.000001 
2185 0.000000 0.000001 
2186 0.000000 0.000001 
2187 0.000000 0.000001 
2188 0.000000 0.000001 
2189 0.000000 0.000001 
2190 0.000000 0.000001 
2191 0.000000 0.000001 
2192 0.000000 0.000001 
2193 0.000000 0.000001 
2194 0.000000 0.000001 
2195 0.000000 0.000001 
2196 0.000000 0.000001 
2197 0.000000 0.000001 
2198 0.000000 0.000001 
2199 0.000000 0.000001 
2200 0.000000 0.000001 
2201 0.000000 0.000001 
2202 0.000000 0.000001 
2203 0.000000 0.000001 
2204 0.000000 0.000001 
2205 0.000000 0.000001 
2206 0.000000 0.000001 
2207 0.000000 0.000002 
2208 0.000000 0.000002 
2209 0.000000 0.000002 
2210 0.000000 0.000002 
2211 0.000000 0.000002 
2212 0.000000 0.000002 
2213 0.000000 0.000002 
2214 0.000000 0.000002 
2215 0.000000 0.000002 
2216 0.000000 0.000002 
2217 0.000000 0.000002 
2218 0.000000 0.000003 
2219 0.000000 0.000003 
2220 0.000000 0.000003 
2221 0.000000 0.000003 
2222 0.000000 0.000003 
2223 0.000000 0.000003 
2224 0.000000 0.000003 
2225 0.000000 0.000004 
2226 0.000000 0.000004 
2227 0.000000 0.000004 
2228 0.000000 0.000004 
2229 0.000000 0.000004 
2230 0.000000 0.000004 
2231 0.000000 0.000005 
2232 0.000000 0.000005 
2233 0.000000 0.000005 
2234 0.000000 0.000005 
2235 0.000000 0.000006 
2236 0.000000 0.000006 
2237 0.000000 0.000006 
2238 0.000000 0.000006 
2239 0.000000 0.000007 
2240 0.000000 0.000007 
2241 0.000000 0.000007 
2242 0.000000 0.000008 
2243 0.000000 0.000008 
2244 0.000000 0.000008 
2245 0.000000 0.000009 
2246 0.000000 0.000009 
2247 0.000000 0.000009 
2248 0.000000 0.000010 
2249 0.000000 0.000010 
2250 0.000000 0.000011 
2251 0.000000 0.000011 
2252 0.000000 0.000012 
2253 0.000000 0.000012 
2254 0.000000 0.000013 
2255 0.000000 0.000013 
2256 0.000000 0.000014 
2257 0.000000 0.000014 
2258 0.000000 0.000015 
2259 0.000000 0.000016 
2260 0.000000 0.000016 
2261 0.000000 0.000017 
2262 0.000000 0.000018 
2263 0.000000 0.000019 
2264 0.000000 0.000019 
2265 0.000000 0.000020 
2266 0.000000 0.000021 
2267 0.000000 0.000022 
2268 0.000000 0.000023 
2269 0.000000 0.000024 
2270 0.000000 0.000025 
2271 0.000000 0.000026 
2272 0.000000 0.000027 
2273 0.000000 0.000028 
2274 0.000000 0.000029 
2275 0.000000 0.000031 
2276 0.000000 0.000032 
2277 0.000000 0.000033 
2278 0.000000 0.000035 
2279 0.000000 0.000036 
2280 0.000000 0.000038 
2281 0.000000 0.000039 
2282 0.000000 0.000041 
2283 0.000000 0.000043 
2284 0.000000 0.000044 
2285 0.000000 0.000046 
2286 0.000000 0.000048 
2287 0.000000 0.000050 
2288 0.000000 0.000052 
2289 0.000000 0.000054 
2290 0.000000 0.000057 
2291 0.000000 0.000059 
2292 0.000000 0.000061 
2293 0.000000 0.000064 
2294 0.000000 0.000066 
2295 0.000000 0.000069 
2296 0.000000 0.000072 
2297 0.000000 0.000075 
2298 0.000000 0.000078 
2299 0.000000 0.000081 
2300 0.000000 0.000085 
2301 0.000000 0.000088 
2302 0.000000 0.000091 
2303 0.000000 0.000095 
2304 0.000000 0.000099 
2305 0.000000 0.000103 
2306 0.000000 0.000107 
2307 0.000000 0.000111 
2308 0.000000 0.000116 
2309 0.000000 0.000121 
2310 0.000000 0.000125 
2311 0.000000 0.000130 
2312 0.000000 0.000136 
2313 0.000000 0.000141 
2314 0.000000 0.000147 
2315 0.000000 0.000152 
2316 0.000000 0.000158 
2317 0.000000 0.000165 
2318 0.000000 0.000171 
2319 0.000000 0.000178 
2320 0.000000 0.000185 
2321 0.000000 0.000192 
2322 0.000000 0.000200 
2323 0.000000 0.000207 
2324 0.000000 0.000216 
2325 0.000000 0.000224 
2326 0.000000 0.000233 
2327 0.000000 0.000242 
2328 0.000000 0.000251 
2329 0.000000 0.000261 
2330 0.000000 0.000271 
2331 0.000000 0.000281 
2332 0.000000 0.000292 
2333 0.000000 0.000303 
2334 0.000000 0.000315 
2335 0.000000 0.000327 
2336 0.000000 0.000339 
2337 0.000000 0.000352 
2338 0.000000 0.000366 
2339 0.000000 0.000380 
2340 0.000000 0.000394 
2341 0.000000 0.000409 
2342 0.000000 0.000424 
2343 0.000000 0.000440 
2344 0.000000 0.000457 
2345 0.000000 0.000474 
2346 0.000000 0.000492 
2347 0.000000 0.000510 
2348 0.000000 0.000529 
2349 0.000000 0.000549 
2350 0.000000 0.000569 
2351 0.000000 0.000591 
2352 0.000000 0.000613 
2353 0.000000 0.000635 
2354 0.000000 0.000659 
2355 0.000000 0.000683 
2356 0.000000 0.000708 
2357 0.000000 0.000734 
2358 0.000000 0.000761 
2359 0.000000 0.000789 
2360 0.000000 0.000818 
2361 0.000000 0.000847 
2362 0.000000 0.000878 
2363 0.000000 0.000910 
2364 0.000000 0.000943 
2365 0.000000 0.000977 
2366 0.000000 0.001013 
2367 0.000000 0.001049 
2368 0.000000 0.001087 
2369 0.000000 0.001126 
2370 0.000000 0.001166 
2371 0.000000 0.001208 
2372 0.000000 0.001251 
2373 0.000000 0.001295 
2374 0.000000 0.001342 
2375 0.000000 0.001389 
2376 0.000000 0.001438 
2377 0.000000 0.001489 
2378 0.000000 0.001542 
2379 0.000000 0.001596 
2380 0.000000 0.001652 
2381 0.000000 0.001710 
2382 0.000000 0.001770 
2383 0.000000 0.001832 
2384 0.000000 0.001896 
2385 0.000000 0.001962 
2386 0.000000 0.002030 
2387 0.000000 0.002100 
2388 0.000000 0.002173 
2389 0.000000 0.002248 
2390 0.000000 0.002325 
2391 0.000000 0.002405 
2392 0.000000 0.002488 
2393 0.000000 0.002573 
2394 0.000000 0.002661 
2395 0.000000 0.002752 
2396 0.000000 0.002845 
2397 0.000000 0.002942 
2398 0.000000 0.003042 
2399 0.000000 0.003145 
2400 0.000000 0.003251 
2401 0.000000 0.003360 
2402 0.000000 0.003473 
2403 0.000000 0.003590 
2404 0.000000 0.003710 
2405 0.000000 0.003834 
2406 0.000000 0.003962 
2407 0.000000 0.004094 
2408 0.000000 0.004230 
2409 0.000000 0.004370 
2410 0.000000 0.004515 
2411 0.000000 0.004664 
2412 0.000000 0.004818 
2413 0.000000 0.004976 
2414 0.000000 0.005139 
2415 0.000000 0.005308 
2416 0.000000 0.005481 
2417 0.000000 0.005660 
2418 0.000000 0.005844 
2419 0.000000 0.006034 
2420 0.000000 0.006229 
2421 0.000000 0.006430 
2422 0.000000 0.006638 
2423 0.000000 0.006852 
2424 0.000000 0.007072 
2425 0.000000 0.007298 
2426 0.000000 0.007532 
2427 0.000000 0.007772 
2428 0.000000 0.008020 
2429 0.000000 0.008275 
2430 0.000000 0.008537 
2431 0.000000 0.008807 
2432 0.000000 0.009085 
2433 0.000000 0.009372 
2434 0.000000 0.009666 
2435 0.000000 0.009969 
2436 0.000000 0.010281 
2437 0.000000 0.010603 
2438 0.000000 0.010933 
2439 0.000000 0.011273 
2440 0.000000 0.011623 
2441 0.000000 0.011983 
2442 0.000000 0.012353 
2443 0.000000 0.012734 
2444 0.000000 0.013125 
2445 0.000000 0.013528 
2446 0.000000 0.013942 
2447 0.000000 0.014368 
2448 0.000000 0.014806 
2449 0.000000 0.015256 
2450 0.000000 0.015719 
2451 0.000000 0.016195 
2452 0.000000 0.016684 
2453 0.000000 0.017187 
2454 0.000000 0.017704 
2455 0.000000 0.018235 
2456 0.000000 0.018781 
2457 0.000000 0.019342 
2458 0.000000 0.019918 
2459 0.000000 0.020511 
2460 0.000000 0.021119 
2461 0.000000 0.021744 
2462 0.000000 0.022386 
2463 0.000000 0.023045 
2464 0.000000 0.023722 
2465 0.000000 0.024418 
2466 0.000000 0.025132 
2467 0.000000 0.025866 
2468 0.000000 0.026619 
2469 0.000000 0.027392 
2470 0.000000 0.028186 
2471 0.000000 0.029000 
2472 0.000000 0.029837 
2473 0.000000 0.030695 
2474 0.000000 0.031576 
2475 0.000000 0.032481 
2476 0.000000 0.033409 
2477 0.000000 0.034361 
2478 0.000000 0.035338 
2479 0.000000 0.036340 
2480 0.000000 0.037368 
2481 0.000000 0.038423 
2482 0.000000 0.039505 
2483 0.000000 0.040614 
2484 0.000000 0.041753 
2485 0.000000 0.042920 
2486 0.000000 0.044117 
2487 0.000000 0.045344 
2488 0.000000 0.046602 
2489 0.000000 0.047892 
2490 0.000000 0.049214 
2491 0.000000 0.050570 
2492 0.000000 0.051959 
2493 0.000000 0.053383 
2494 0.000000 0.054843 
2495 0.000000 0.056339 
2496 0.000000 0.057871 
2497 0.000000 0.059442 
2498 0.000000 0.061050 
2499 0.000000 0.062699 
2500 0.000000 0.064387 
2501 0.000000 0.066117 
2502 0.000000 0.067888 
2503 0.000000 0.069703 
2504 0.000000 0.071561 
2505 0.000000 0.073464 
2506 0.000000 0.075412 
2507 0.000000 0.077407 
2508 0.000000 0.079449 
2509 0.000000 0.081540 
2510 0.000000 0.083681 
2511 0.000000 0.085872 
2512 0.000000 0.088114 
2513 0.000000 0.090409 
2514 0.000000 0.092757 
2515 0.000000 0.095161 
2516 0.000000 0.097620 
2517 0.000000 0.100135 
2518 0.000000 0.102709 
2519 0.000000 0.105343 
2520 0.000000 0.108036 
2521 0.000000 0.110791 
2522 0.000000 0.113609 
2523 0.000000 0.116490 
2524 0.000000 0.119437 
2525 0.000000 0.122450 
2526 0.000000 0.125531 
2527 0.000000 0.128681 
2528 0.000000 0.131901 
2529 0.000000 0.135192 
2530 0.000000 0.138557 
2531 0.000000 0.141996 
2532 0.000000 0.145511 
2533 0.000000 0.149102 
2534 0.000000 0.152773 
2535 0.000000 0.156523 
2536 0.000000 0.160355 
2537 0.000000 0.164269 
2538 0.000000 0.168268 
2539 0.000000 0.172353 
2540 0.000000 0.176525 
2541 0.000000 0.180786 
2542 0.000000 0.185138 
2543 0.000000 0.189582 
2544 0.000000 0.194120 
2545 0.000000 0.198753 
2546 0.000000 0.203484 
2547 0.000000 0.208313 
2548 0.000000 0.213242 
2549 0.000000 0.218274 
2550 0.000000 0.223410 
2551 0.000000 0.228651 
2552 0.000000 0.234000 
2553 0.000000 0.239458 
2554 0.000000 0.245026 
2555 0.000000 0.250708 
2556 0.000000 0.256505 
2557 0.000000 0.262418 
2558 0.000000 0.268450 
2559 0.000000 0.274602 
2560 0.000000 0.280876 
2561 0.000000 0.287275 
2562 0.000000 0.293800 
2563 0.000000 0.300453 
2564 0.000000 0.307237 
2565 0.000000 0.314153 
2566 0.000000 0.321203 
2567 0.000000 0.328389 
2568 0.000000 0.335715 
2569 0.000000 0.343180 
2570 0.000000 0.350789 
2571 0.000000 0.358542 
2572 0.000000 0.366443 
2573 0.000000 0.374492 
2574 0.000000 0.382693 
2575 0.000000 0.391048 
2576 0.000000 0.399559 
2577 0.000000 0.408227 
2578 0.000000 0.417057 
2579 0.000000 0.426048 
2580 0.000000 0.435205 
2581 0.000000 0.444529 
2582 0.000000 0.454023 
2583 0.000000 0.463689 
2584 0.000000 0.473529 
2585 0.000000 0.483546 
2586 0.000000 0.493742 
2587 0.000000 0.504119 
2588 0.000000 0.514680 
2589 0.000000 0.525428 
2590 0.000000 0.536365 
2591 0.000000 0.547493 
2592 0.000000 0.558814 
2593 0.000000 0.570332 
2594 0.000000 0.582049 
2595 0.000000 0.593967 
2596 0.000000 0.606089 
2597 0.000000 0.618417 
2598 0.000000 0.630954 
2599 0.000000 0.643703 
2600 0.000000 0.656665 
2601 0.000000 0.669845 
2602 0.000000 0.683243 
2603 0.000000 0.696863 
2604 0.000000 0.710707 
2605 0.000000 0.724778 
2606 0.000000 0.739079 
2607 0.000000 0.753612 
2608 0.000000 0.768380 
2609 0.000000 0.783385 
2610 0.000000 0.798630 
2611 0.000000 0.814118 
2612 0.000000 0.829851 
2613 0.000000 0.845832 
2614 0.000000 0.862064 
2615 0.000000 0.878549 
2616 0.000000 0.895289 
2617 0.000000 0.912288 
2618 0.000000 0.929549 
2619 0.000000 0.947072 
2620 0.000000 0.964863 
2621 0.000000 0.982922 
2622 0.000000 1.001252 
2623 0.000000 1.019857 
2624 0.000000 1.038739 
2625 0.000000 1.057900 
2626 0.000000 1.077343 
2627 0.000000 1.097070 
2628 0.000000 1.117084 
2629 0.000000 1.137389 
2630 0.000000 1.157985 
2631 0.000000 1.178876 
2632 0.000000 1.200065 
2633 0.000000 1.221553 
2634 0.000000 1.243343 
2635 0.000000 1.265438 
2636 0.000000 1.287840 
2637 0.000000 1.310552 
2638 0.000000 1.333576 
2639 0.000000 1.356915 
2640 0.000000 1.380570 
2641 0.000000 1.404544 
2642 0.000000 1.428840 
2643 0.000000 1.453460 
2644 0.000000 1.478406 
2645 0.000000 1.503680 
2646 0.000000 1.529285 
2647 0.000000 1.555222 
2648 0.000000 1.581495 
2649 0.000000 1.608104 
2650 0.000000 1.635053 
2651 0.000000 1.662343 
2652 0.000000 1.689977 
2653 0.000000 1.717955 
2654 0.000000 1.746282 
2655 0.000000 1.774957 
2656 0.000000 1.803984 
2657 0.000000 1.833363 
2658 0.000000 1.863098 
2659 0.000000 1.893189 
2660 0.000000 1.923638 
2661 0.000000 1.954447 
2662 0.000000 1.985618 
2663 0.000000 2.017153 
2664 0.000000 2.049052 
2665 0.000000 2.081318 
2666 0.000000 2.113951 
2667 0.000000 2.146953 
2668 0.000000 2.180326 
2669 0.000000 2.214071 
2670 0.000000 2.248189 
2671 0.000000 2.282682 
2672 0.000000 2.317549 
2673 0.000000 2.352793 
2674 0.000000 2.388415 
2675 0.000000 2.424415 
2676 0.000000 2.460794 
2677 0.000000 2.497554 
2678 0.000000 2.534694 
2679 0.000000 2.572216 
2680 0.000000 2.610121 
2681 0.000000 2.648408 
2682 0.000000 2.687078 
2683 0.000000 2.726132 
2684 0.000000 2.765570 
2685 0.000000 2.805393 
2686 0.000000 2.845600 
2687 0.000000 2.886192 
2688 0.000000 2.927169 
2689 0.000000 2.968531 
2690 0.000000 3.010277 
2691 0.000000 3.052407 
2692 0.000000 3.094922 
2693 0.000000 3.137821 
2694 0.000000 3.181104 
2695 0.000000 3.224769 
2696 0.000000 3.268817 
2697 0.000000 3.313247 
2698 0.000000 3.358058 
2699 0.000000 3.403249 
2700 0.000000 3.448820 
2701 0.000000 3.494768 
2702 0.000000 3.541094 
2703 0.000000 3.587796 
2704 0.000000 3.634873 
2705 0.000000 3.682323 
2706 0.000000 3.730145 
2707 0.000000 3.778337 
2708 0.000000 3.826898 
2709 0.000000 3.875826 
2710 0.000000 3.925119 
2711 0.000000 3.974775 
2712 0.000000 4.024792 
2713 0.000000 4.075168 
2714 0.000000 4.125901 
2715 0.000000 4.176989 
2716 0.000000 4.228428 
2717 0.000000 4.280217 
2718 0.000000 4.332353 
2719 0.000000 4.384832 
2720 0.000000 4.437653 
2721 0.000000 4.490813 
2722 0.000000 4.544307 
2723 0.000000 4.598134 
2724 0.000000 4.652290 
2725 0.000000 4.706771 
2726 0.000000 4.761574 
2727 0.000000 4.816696 
2728 0.000000 4.872132 
2729 0.000000 4.927880 
2730 0.000000 4.983934 
2731 0.000000 5.040292 
2732 0.000000 5.096949 
2733 0.000000 5.153901 
2734 0.000000 5.211144 
2735 0.000000 5.268672 
2736 0.000000 5.326482 
2737 0.000000 5.384570 
2738 0.000000 5.442929 
2739 0.000000 5.501556 
2740 0.000000 5.560446 
2741 0.000000 5.619593 
2742 0.000000 5.678993 
2743 0.000000 5.738639 
2744 0.000000 5.798527 
2745 0.000000 5.858652 
2746 0.000000 5.919007 
2747 0.000000 5.979587 
2748 0.000000 6.040387 
2749 0.000000 6.101400 
2750 0.000000 6.162620 
2751 0.000000 6.224041 
2752 0.000000 6.285658 
2753 0.000000 6.347463 
2754 0.000000 6.409451 
2755 0.000000 6.471615 
2756 0.000000 6.533948 
2757 0.000000 6.596444 
2758 0.000000 6.659096 
2759 0.000000 6.721897 
2760 0.000000 6.784839 
2761 0.000000 6.847917 
2762 0.000000 6.911123 
2763 0.000000 6.974450 
2764 0.000000 7.037889 
2765 0.000000 7.101435 
2766 0.000000 7.165079 
2767 0.000000 7.228814 
2768 0.000000 7.292631 
2769 0.000000 7.356525 
2770 0.000000 7.420485 
2771 0.000000 7.484505 
2772 0.000000 7.548576 
2773 0.000000 7.612691 
2774 0.000000 7.676841 
2775 0.000000 7.741018 
2776 0.000000 7.805214 
2777 0.000000 7.869420 
2778 0.000000 7.933628 
2779 0.000000 7.997829 
2780 0.000000 8.062014 
2781 0.000000 8.126176 
2782 0.000000 8.190304 
2783 0.000000 8.254391 
2784 0.000000 8.318428 
2785 0.000000 8.382405 
2786 0.000000 8.446314 
2787 0.000000 8.510146 
2788 0.000000 8.573891 
2789 0.000000 8.637540 
2790 0.000000 8.701085 
2791 0.000000 8.764516 
2792 0.000000 8.827823 
2793 0.000000 8.890998 
2794 0.000000 8.954031 
2795 0.000000 9.016912 
2796 0.000000 9.079633 
2797 0.000000 9.142183 
2798 0.000000 9.204553 
2799 0.000000 9.266735 
2800 0.000000 9.328717 
2801 0.000000 9.390491 
2802 0.000000 9.452047 
2803 0.000000 9.513375 
2804 0.000000 9.574466 
2805 0.000000 9.635309 
2806 0.000000 9.695897 
2807 0.000000 9.756218 
2808 0.000000 9.816262 
2809 0.000000 9.876022 
2810 0.000000 9.935485 
2811 0.000000 9.994644 
2812 0.000000 10.053488 
2813 0.000000 10.112008 
2814 0.000000 10.170193 
2815 0.000000 10.228035 
2816 0.000000 10.285523 
2817 0.000000 10.342648 
2818 0.000000 10.399401 
2819 0.000000 10.455771 
2820 0.000000 10.511749 
2821 0.000000 10.567326 
2822 0.000000 10.622492 
2823 0.000000 10.677238 
2824 0.000000 10.731554 
2825 0.000000 10.785430 
2826 0.000000 10.838858 
2827 0.000000 10.891828 
2828 0.000000 10.944331 
2829 0.000000 10.996357 
2830 0.000000 11.047898 
2831 0.000000 11.098944 
2832 0.000000 11.149486 
2833 0.000000 11.199515 
2834 0.000000 11.249023 
2835 0.000000 11.297999 
2836 0.000000 11.346436 
2837 0.000000 11.394325 
2838 0.000000 11.441657 
2839 0.000000 11.488424 
2840 0.000000 11.534616 
2841 0.000000 11.580226 
2842 0.000000 11.625244 
2843 0.000000 11.669664 
2844 0.000000 11.713476 
2845 0.000000 11.756673 
2846 0.000000 11.799246 
2847 0.000000 11.841188 
2848 0.000000 11.882491 
2849 0.000000 11.923147 
2850 0.000000 11.963148 
2851 0.000000 12.002487 
2852 0.000000 12.041156 
2853 0.000000 12.079149 
2854 0.000000 12.116458 
2855 0.000000 12.153076 
2856 0.000000 12.188996 
2857 0.000000 12.224211 
2858 0.000000 12.258714 
2859 0.000000 12.292500 
2860 0.000000 12.325561 
2861 0.000000 12.357891 
2862 0.000000 12.389483 
2863 0.000000 12.420333 
2864 0.000000 12.450434 
2865 0.000000 12.479779 
2866 0.000000 12.508364 
2867 0.000000 12.536182 
2868 0.000000 12.563230 
2869 0.000000 12.589500 
2870 0.000000 12.614988 
2871 0.000000 12.639689 
2872 0.000000 12.663599 
2873 0.000000 12.686712 
2874 0.000000 12.709025 
2875 0.000000 12.730532 
2876 0.000000 12.751229 
2877 0.000000 12.771113 
2878 0.000000 12.790179 
2879 0.000000 12.808425 
2880 0.000000 12.825845 
2881 0.000000 12.842437 
2882 0.000000 12.858198 
2883 0.000000 12.873123 
2884 0.000000 12.887212 
2885 0.000000 12.900460 
2886 0.000000 12.912865 
2887 0.000000 12.924424 
2888 0.000000 12.935136 
2889 0.000000 12.944998 
2890 0.000000 12.954008 
2891 0.000000 12.962164 
2892 0.000000 12.969465 
2893 0.000000 12.975910 
2894 0.000000 12.981496 
2895 0.000000 12.986224 
2896 0.000000 12.990091 
2897 0.000000 12.993098 
2898 0.000000 12.995243 
2899 0.000000 12.996526 
2900 0.000000 12.996948 
2901 0.000000 12.996507 
2902 0.000000 12.995204 
2903 0.000000 12.993040 
2904 0.000000 12.990014 
2905 0.000000 12.986127 
2906 0.000000 12.981380 
2907 0.000000 12.975775 
2908 0.000000 12.969311 
2909 0.000000 12.961991 
2910 0.000000 12.953816 
2911 0.000000 12.944787 
2912 0.000000 12.934906 
2913 0.000000 12.924175 
2914 0.000000 12.912597 
2915 0.000000 12.900174 
2916 0.000000 12.886907 
2917 0.000000 12.872800 
2918 0.000000 12.857856 
2919 0.000000 12.842077 
2920 0.000000 12.825467 
2921 0.000000 12.808029 
2922 0.000000 12.789766 
2923 0.000000 12.770682 
2924 0.000000 12.750780 
2925 0.000000 12.730065 
2926 0.000000 12.708541 
2927 0.000000 12.686212 
2928 0.000000 12.663082 
2929 0.000000 12.639155 
2930 0.000000 12.614437 
2931 0.000000 12.588933 
2932 0.000000 12.562646 
2933 0.000000 12.535583 
2934 0.000000 12.507748 
2935 0.000000 12.479148 
2936 0.000000 12.449787 
2937 0.000000 12.419671 
2938 0.000000 12.388807 
2939 0.000000 12.357199 
2940 0.000000 12.324854 
2941 0.000000 12.291779 
2942 0.000000 12.257980 
2943 0.000000 12.223462 
2944 0.000000 12.188233 
2945 0.000000 12.152300 
2946 0.000000 12.115669 
2947 0.000000 12.078347 
2948 0.000000 12.040342 
2949 0.000000 12.001660 
2950 0.000000 11.962308 
2951 0.000000 11.922295 
2952 0.000000 11.881628 
2953 0.000000 11.840314 
2954 0.000000 11.798361 
2955 0.000000 11.755777 
2956 0.000000 11.712570 
2957 0.000000 11.668747 
2958 0.000000 11.624318 
2959 0.000000 11.579289 
2960 0.000000 11.533670 
2961 0.000000 11.487469 
2962 0.000000 11.440693 
2963 0.000000 11.393353 
2964 0.000000 11.345456 
2965 0.000000 11.297011 
2966 0.000000 11.248026 
2967 0.000000 11.198512 
2968 0.000000 11.148475 
2969 0.000000 11.097926 
2970 0.000000 11.046874 
2971 0.000000 10.995327 
2972 0.000000 10.943295 
2973 0.000000 10.890787 
2974 0.000000 10.837811 
2975 0.000000 10.784378 
2976 0.000000 10.730497 
2977 0.000000 10.676177 
2978 0.000000 10.621427 
2979 0.000000 10.566258 
2980 0.000000 10.510677 
2981 0.000000 10.454696 
2982 0.000000 10.398323 
2983 0.000000 10.341568 
2984 0.000000 10.284440 
2985 0.000000 10.226950 
2986 0.000000 10.169107 
2987 0.000000 10.110920 
2988 0.000000 10.052399 
2989 0.000000 9.993555 
2990 0.000000 9.934395 
2991 0.000000 9.874931 
2992 0.000000 9.815172 
2993 0.000000 9.755128 
2994 0.000000 9.694808 
2995 0.000000 9.634221 
2996 0.000000 9.573379 
2997 0.000000 9.512289 
2998 0.000000 9.450963 
2999 0.000000 9.389409 
3000 0.000000 9.327638 
3001 0.000000 9.265658 
3002 0.000000 9.203480 
3003 0.000000 9.141113 
3004 0.000000 9.078566 
3005 0.000000 9.015849 
3006 0.000000 8.952971 
3007 0.000000 8.889943 
3008 0.000000 8.826772 
3009 0.000000 8.763470 
3010 0.000000 8.700044 
3011 0.000000 8.636505 
3012 0.000000 8.572860 
3013 0.000000 8.509121 
3014 0.000000 8.445295 
3015 0.000000 8.381392 
3016 0.000000 8.317422 
3017 0.000000 8.253391 
3018 0.000000 8.189311 
3019 0.000000 8.125189 
3020 0.000000 8.061035 
3021 0.000000 7.996857 
3022 0.000000 7.932663 
3023 0.000000 7.868463 
3024 0.000000 7.804266 
3025 0.000000 7.740078 
3026 0.000000 7.675909 
3027 0.000000 7.611768 
3028 0.000000 7.547661 
3029 0.000000 7.483599 
3030 0.000000 7.419588 
3031 0.000000 7.355636 
3032 0.000000 7.291753 
3033 0.000000 7.227944 
3034 0.000000 7.164219 
3035 0.000000 7.100585 
3036 0.000000 7.037049 
3037 0.000000 6.973620 
3038 0.000000 6.910303 
3039 0.000000 6.847108 
3040 0.000000 6.784040 
3041 0.000000 6.721108 
3042 0.000000 6.658318 
3043 0.000000 6.595677 
3044 0.000000 6.533191 
3045 0.000000 6.470869 
3046 0.000000 6.408716 
3047 0.000000 6.346740 
3048 0.000000 6.284945 
3049 0.000000 6.223340 
3050 0.000000 6.161930 
3051 0.000000 6.100721 
3052 0.000000 6.039720 
3053 0.000000 5.978932 
3054 0.000000 5.918363 
3055 0.000000 5.858020 
3056 0.000000 5.797907 
3057 0.000000 5.738030 
3058 0.000000 5.678396 
3059 0.000000 5.619008 
3060 0.000000 5.559873 
3061 0.000000 5.500995 
3062 0.000000 5.442380 
3063 0.000000 5.384032 
3064 0.000000 5.325957 
3065 0.000000 5.268158 
3066 0.000000 5.210642 
3067 0.000000 5.153411 
3068 0.000000 5.096471 
3069 0.000000 5.039826 
3070 0.000000 4.983480 
3071 0.000000 4.927437 
3072 0.000000 4.871702 
3073 0.000000 4.816277 
3074 0.000000 4.761167 
3075 0.000000 4.706376 
3076 0.000000 4.651907 
3077 0.000000 4.597763 
3078 0.000000 4.543948 
3079 0.000000 4.490465 
3080 0.000000 4.437317 
3081 0.000000 4.384508 
3082 0.000000 4.332039 
3083 0.000000 4.279915 
3084 0.000000 4.228138 
3085 0.000000 4.176709 
3086 0.000000 4.125633 
3087 0.000000 4.074912 
3088 0.000000 4.024546 
3089 0.000000 3.974540 
3090 0.000000 3.924895 
3091 0.000000 3.875613 
3092 0.000000 3.826696 
3093 0.000000 3.778146 
3094 0.000000 3.729964 
3095 0.000000 3.682153 
3096 0.000000 3.634713 
3097 0.000000 3.587647 
3098 0.000000 3.540956 
3099 0.000000 3.494640 
3100 0.000000 3.448701 
3101 0.000000 3.403141 
3102 0.000000 3.357960 
3103 0.000000 3.313159 
3104 0.000000 3.268738 
3105 0.000000 3.224700 
3106 0.000000 3.181044 
3107 0.000000 3.137771 
3108 0.000000 3.094881 
3109 0.000000 3.052375 
3110 0.000000 3.010253 
3111 0.000000 2.968516 
3112 0.000000 2.927163 
3113 0.000000 2.886195 
3114 0.000000 2.845612 
3115 0.000000 2.805413 
3116 0.000000 2.765599 
3117 0.000000 2.726168 
3118 0.000000 2.687122 
3119 0.000000 2.648460 
3120 0.000000 2.610180 
3121 0.000000 2.572284 
3122 0.000000 2.534769 
3123 0.000000 2.497636 
3124 0.000000 2.460884 
3125 0.000000 2.424512 
3126 0.000000 2.388519 
3127 0.000000 2.352904 
3128 0.000000 2.317667 
3129 0.000000 2.282806 
3130 0.000000 2.248320 
3131 0.000000 2.214208 
3132 0.000000 2.180469 
3133 0.000000 2.147102 
3134 0.000000 2.114106 
3135 0.000000 2.081478 
3136 0.000000 2.049218 
3137 0.000000 2.017325 
3138 0.000000 1.985796 
3139 0.000000 1.954630 
3140 0.000000 1.923826 
3141 0.000000 1.893381 
3142 0.000000 1.863295 
3143 0.000000 1.833565 
3144 0.000000 1.804190 
3145 0.000000 1.775168 
3146 0.000000 1.746497 
3147 0.000000 1.718175 
3148 0.000000 1.690201 
3149 0.000000 1.662571 
3150 0.000000 1.635285 
3151 0.000000 1.608340 
3152 0.000000 1.581734 
3153 0.000000 1.555465 
3154 0.000000 1.529531 
3155 0.000000 1.503929 
3156 0.000000 1.478658 
3157 0.000000 1.453715 
3158 0.000000 1.429099 
3159 0.000000 1.404805 
3160 0.000000 1.380834 
3161 0.000000 1.357181 
3162 0.000000 1.333845 
3163 0.000000 1.310823 
3164 0.000000 1.288114 
3165 0.000000 1.265714 
3166 0.000000 1.243620 
3167 0.000000 1.221832 
3168 0.000000 1.200346 
3169 0.000000 1.179159 
3170 0.000000 1.158269 
3171 0.000000 1.137674 
3172 0.000000 1.117371 
3173 0.000000 1.097358 
3174 0.000000 1.077632 
3175 0.000000 1.058190 
3176 0.000000 1.039030 
3177 0.000000 1.020149 
3178 0.000000 1.001545 
3179 0.000000 0.983215 
3180 0.000000 0.965157 
3181 0.000000 0.947367 
3182 0.000000 0.929844 
3183 0.000000 0.912584 
3184 0.000000 0.895585 
3185 0.000000 0.878845 
3186 0.000000 0.862360 
3187 0.000000 0.846129 
3188 0.000000 0.830148 
3189 0.000000 0.814414 
3190 0.000000 0.798926 
3191 0.000000 0.783681 
3192 0.000000 0.768675 
3193 0.000000 0.753907 
3194 0.000000 0.739373 
3195 0.000000 0.725072 
3196 0.000000 0.711000 
3197 0.000000 0.697155 
3198 0.000000 0.683534 
3199 0.000000 0.670135 
3200 0.000000 0.656955 
3201 0.000000 0.643992 
3202 0.000000 0.631242 
3203 0.000000 0.618704 
3204 0.000000 0.606375 
3205 0.000000 0.594252 
3206 0.000000 0.582332 
3207 0.000000 0.570614 
3208 0.000000 0.559095 
3209 0.000000 0.547772 
3210 0.000000 0.536643 
3211 0.000000 0.525705 
3212 0.000000 0.514955 
3213 0.000000 0.504392 
3214 0.000000 0.494013 
3215 0.000000 0.483816 
3216 0.000000 0.473797 
3217 0.000000 0.463956 
3218 0.000000 0.454288 
3219 0.000000 0.444793 
3220 0.000000 0.435467 
3221 0.000000 0.426308 
3222 0.000000 0.417314 
3223 0.000000 0.408483 
3224 0.000000 0.399813 
3225 0.000000 0.391300 
3226 0.000000 0.382944 
3227 0.000000 0.374740 
3228 0.000000 0.366689 
3229 0.000000 0.358786 
3230 0.000000 0.351031 
3231 0.000000 0.343420 
3232 0.000000 0.335953 
3233 0.000000 0.328625 
3234 0.000000 0.321437 
3235 0.000000 0.314384 
3236 0.000000 0.307466 
3237 0.000000 0.300681 
3238 0.000000 0.294025 
3239 0.000000 0.287498 
3240 0.000000 0.281097 
3241 0.000000 0.274820 
3242 0.000000 0.268666 
3243 0.000000 0.262632 
3244 0.000000 0.256717 
3245 0.000000 0.250918 
3246 0.000000 0.245234 
3247 0.000000 0.239663 
3248 0.000000 0.234203 
3249 0.000000 0.228852 
3250 0.000000 0.223608 
3251 0.000000 0.218470 
3252 0.000000 0.213436 
3253 0.000000 0.208505 
3254 0.000000 0.203673 
3255 0.000000 0.198941 
3256 0.000000 0.194305 
3257 0.000000 0.189765 
3258 0.000000 0.185319 
3259 0.000000 0.180965 
3260 0.000000 0.176701 
3261 0.000000 0.172527 
3262 0.000000 0.168440 
3263 0.000000 0.164439 
3264 0.000000 0.160522 
3265 0.000000 0.156688 
3266 0.000000 0.152936 
3267 0.000000 0.149263 
3268 0.000000 0.145669 
3269 0.000000 0.142153 
3270 0.000000 0.138711 
3271 0.000000 0.135345 
3272 0.000000 0.132051 
3273 0.000000 0.128829 
3274 0.000000 0.125677 
3275 0.000000 0.122594 
3276 0.000000 0.119579 
3277 0.000000 0.116630 
3278 0.000000 0.113746 
3279 0.000000 0.110927 
3280 0.000000 0.108170 
3281 0.000000 0.105474 
3282 0.000000 0.102839 
3283 0.000000 0.100263 
3284 0.000000 0.097746 
3285 0.000000 0.095285 
3286 0.000000 0.092879 
3287 0.000000 0.090529 
3288 0.000000 0.088232 
3289 0.000000 0.085988 
3290 0.000000 0.083795 
3291 0.000000 0.081653 
3292 0.000000 0.079560 
3293 0.000000 0.077516 
3294 0.000000 0.075520 
3295 0.000000 0.073569 
3296 0.000000 0.071665 
3297 0.000000 0.069805 
3298 0.000000 0.067989 
3299 0.000000 0.066216 
3300 0.000000 0.064484 
3301 0.000000 0.062794 
3302 0.000000 0.061144 
3303 0.000000 0.059534 
3304 0.000000 0.057962 
3305 0.000000 0.056428 
3306 0.000000 0.054930 
3307 0.000000 0.053469 
3308 0.000000 0.052044 
3309 0.000000 0.050653 
3310 0.000000 0.049296 
3311 0.000000 0.047972 
3312 0.000000 0.046681 
3313 0.000000 0.045421 
3314 0.000000 0.044192 
3315 0.000000 0.042994 
3316 0.000000 0.041826 
3317 0.000000 0.040686 
3318 0.000000 0.039575 
3319 0.000000 0.038492 
3320 0.000000 0.037436 
3321 0.000000 0.036406 
3322 0.000000 0.035403 
3323 0.000000 0.034425 
3324 0.000000 0.033471 
3325 0.000000 0.032542 
3326 0.000000 0.031637 
3327 0.000000 0.030754 
3328 0.000000 0.029895 
3329 0.000000 0.029057 
3330 0.000000 0.028241 
3331 0.000000 0.027446 
3332 0.000000 0.026672 
3333 0.000000 0.025918 
3334 0.000000 0.025184 
3335 0.000000 0.024468 
3336 0.000000 0.023772 
3337 0.000000 0.023093 
3338 0.000000 0.022433 
3339 0.000000 0.021790 
3340 0.000000 0.021164 
3341 0.000000 0.020555 
3342 0.000000 0.019962 
3343 0.000000 0.019385 
3344 0.000000 0.018823 
3345 0.000000 0.018276 
3346 0.000000 0.017744 
3347 0.000000 0.017226 
3348 0.000000 0.016723 
3349 0.000000 0.016233 
3350 0.000000 0.015756 
3351 0.000000 0.015292 
3352 0.000000 0.014841 
3353 0.000000 0.014402 
3354 0.000000 0.013976 
3355 0.000000 0.013561 
3356 0.000000 0.013157 
3357 0.000000 0.012765 
3358 0.000000 0.012383 
3359 0.000000 0.012013 
3360 0.000000 0.011652 
3361 0.000000 0.011302 
3362 0.000000 0.010961 
3363 0.000000 0.010630 
3364 0.000000 0.010308 
3365 0.000000 0.009995 
3366 0.000000 0.009692 
3367 0.000000 0.009396 
3368 0.000000 0.009110 
3369 0.000000 0.008831 
3370 0.000000 0.008560 
3371 0.000000 0.008297 
3372 0.000000 0.008042 
3373 0.000000 0.007794 
3374 0.000000 0.007553 
3375 0.000000 0.007319 
3376 0.000000 0.007092 
3377 0.000000 0.006871 
3378 0.000000 0.006657 
3379 0.000000 0.006449 
3380 0.000000 0.006247 
3381 0.000000 0.006051 
3382 0.000000 0.005861 
3383 0.000000 0.005677 
3384 0.000000 0.005497 
3385 0.000000 0.005324 
3386 0.000000 0.005155 
3387 0.000000 0.004991 
3388 0.000000 0.004833 
3389 0.000000 0.004679 
3390 0.000000 0.004529 
3391 0.000000 0.004384 
3392 0.000000 0.004244 
3393 0.000000 0.004107 
3394 0.000000 0.003975 
3395 0.000000 0.003847 
3396 0.000000 0.003722 
3397 0.000000 0.003602 
3398 0.000000 0.003485 
3399 0.000000 0.003372 
3400 0.000000 0.003262 
3401 0.000000 0.003155 
3402 0.000000 0.003052 
3403 0.000000 0.002952 
3404 0.000000 0.002855 
3405 0.000000 0.002761 
3406 0.000000 0.002670 
3407 0.000000 0.002582 
3408 0.000000 0.002497 
3409 0.000000 0.002414 
3410 0.000000 0.002334 
3411 0.000000 0.002256 
3412 0.000000 0.002181 
3413 0.000000 0.002108 
3414 0.000000 0.002037 
3415 0.000000 0.001969 
3416 0.000000 0.001903 
3417 0.000000 0.001839 
3418 0.000000 0.001777 
3419 0.000000 0.001717 
3420 0.000000 0.001658 
3421 0.000000 0.001602 
3422 0.000000 0.001548 
3423 0.000000 0.001495 
3424 0.000000 0.001444 
3425 0.000000 0.001395 
3426 0.000000 0.001347 
3427 0.000000 0.001301 
3428 0.000000 0.001256 
3429 0.000000 0.001213 
3430 0.000000 0.001171 
3431 0.000000 0.001130 
3432 0.000000 0.001091 
3433 0.000000 0.001053 
3434 0.000000 0.001017 
3435 0.000000 0.000981 
3436 0.000000 0.000947 
3437 0.000000 0.000914 
3438 0.000000 0.000882 
3439 0.000000 0.000851 
3440 0.000000 0.000821 
3441 0.000000 0.000792 
3442 0.000000 0.000764 
3443 0.000000 0.000737 
3444 0.000000 0.000711 
3445 0.000000 0.000686 
3446 0.000000 0.000662 
3447 0.000000 0.000638 
3448 0.000000 0.000615 
3449 0.000000 0.000593 
3450 0.000000 0.000572 
3451 0.000000 0.000552 
3452 0.000000 0.000532 
3453 0.000000 0.000513 
3454 0.000000 0.000494 
3455 0.000000 0.000476 
3456 0.000000 0.000459 
3457 0.000000 0.000443 
3458 0.000000 0.000426 
3459 0.000000 0.000411 
3460 0.000000 0.000396 
3461 0.000000 0.000382 
3462 0.000000 0.000368 
3463 0.000000 0.000354 
3464 0.000000 0.000341 
3465 0.000000 0.000329 
3466 0.000000 0.000317 
3467 0.000000 0.000305 
3468 0.000000 0.000294 
3469 0.000000 0.000283 
3470 0.000000 0.000272 
3471 0.000000 0.000262 
3472 0.000000 0.000252 
3473 0.000000 0.000243 
3474 0.000000 0.000234 
3475 0.000000 0.000225 
3476 0.000000 0.000217 
3477 0.000000 0.000209 
3478 0.000000 0.000201 
3479 0.000000 0.000193 
3480 0.000000 0.000186 
3481 0.000000 0.000179 
3482 0.000000 0.000172 
3483 0.000000 0.000166 
3484 0.000000 0.000159 
3485 0.000000 0.000153 
3486 0.000000 0.000147 
3487 0.000000 0.000142 
3488 0.000000 0.000136 
3489 0.000000 0.000131 
3490 0.000000 0.000126 
3491 0.000000 0.000121 
3492 0.000000 0.000117 
3493 0.000000 0.000112 
3494 0.000000 0.000108 
3495 0.000000 0.000104 
3496 0.000000 0.000100 
3497 0.000000 0.000096 
3498 0.000000 0.000092 
3499 0.000000 0.000088 
3500 0.000000 0.000085 
3501 0.000000 0.000082 
3502 0.000000 0.000079 
3503 0.000000 0.000075 
3504 0.000000 0.000072 
3505 0.000000 0.000070 
3506 0.000000 0.000067 
3507 0.000000 0.000064 
3508 0.000000 0.000062 
3509 0.000000 0.000059 
3510 0.000000 0.000057 
3511 0.000000 0.000055 
3512 0.000000 0.000053 
3513 0.000000 0.000050 
3514 0.000000 0.000048 
3515 0.000000 0.000046 
3516 0.000000 0.000045 
3517 0.000000 0.000043 
3518 0.000000 0.000041 
3519 0.000000 0.000039 
3520 0.000000 0.000038 
3521 0.000000 0.000036 
3522 0.000000 0.000035 
3523 0.000000 0.000033 
3524 0.000000 0.000032 
3525 0.000000 0.000031 
3526 0.000000 0.000030 
3527 0.000000 0.000028 
3528 0.000000 0.000027 
3529 0.000000 0.000026 
3530 0.000000 0.000025 
3531 0.000000 0.000024 
3532 0.000000 0.000023 
3533 0.000000 0.000022 
3534 0.000000 0.000021 
3535 0.000000 0.000020 
3536 0.000000 0.000019 
3537 0.000000 0.000019 
3538 0.000000 0.000018 
3539 0.000000 0.000017 
3540 0.000000 0.000016 
3541 0.000000 0.000016 
3542 0.000000 0.000015 
3543 0.000000 0.000014 
3544 0.000000 0.000014 
3545 0.000000 0.000013 
3546 0.000000 0.000013 
3547 0.000000 0.000012 
3548 0.000000 0.000012 
3549 0.000000 0.000011 
3550 0.000000 0.000011 
3551 0.000000 0.000010 
3552 0.000000 0.000010 
3553 0.000000 0.000009 
3554 0.000000 0.000009 
3555 0.000000 0.000009 
3556 0.000000 0.000008 
3557 0.000000 0.000008 
3558 0.000000 0.000008 
3559 0.000000 0.000007 
3560 0.000000 0.000007 
3561 0.000000 0.000007 
3562 0.000000 0.000006 
3563 0.000000 0.000006 
3564 0.000000 0.000006 
3565 0.000000 0.000006 
3566 0.000000 0.000005 
3567 0.000000 0.000005 
3568 0.000000 0.000005 
3569 0.000000 0.000005 
3570 0.000000 0.000004 
3571 0.000000 0.000004 
3572 0.000000 0.000004 
3573 0.000000 0.000004 
3574 0.000000 0.000004 
3575 0.000000 0.000004 
3576 0.000000 0.000003 
3577 0.000000 0.000003 
3578 0.000000 0.000003 
3579 0.000000 0.000003 
3580 0.000000 0.000003 
3581 0.000000 0.000003 
3582 0.000000 0.000003 
3583 0.000000 0.000002 
3584 0.000000 0.000002 
3585 0.000000 0.000002 
3586 0.000000 0.000002 
3587 0.000000 0.000002 
3588 0.000000 0.000002 
3589 0.000000 0.000002 
3590 0.000000 0.000002 
3591 0.000000 0.000002 
3592 0.000000 0.000002 
3593 0.000000 0.000002 
3594 0.000000 0.000002 
3595 0.000000 0.000001 
3596 0.000000 0.000001 
3597 0.000000 0.000001 
3598 0.000000 0.000001 
3599 0.000000 0.000001 
3600 0.000000 0.000001 
3601 0.000000 0.000001 
3602 0.000000 0.000001 
3603 0.000000 0.000001 
3604 0.000000 0.000001 
3605 0.000000 0.000001 
3606 0.000000 0.000001 
3607 0.000000 0.000001 
3608 0.000000 0.000001 
3609 0.000000 0.000001 
3610 0.000000 0.000001 
3611 0.000000 0.000001 
3612 0.000000 0.000001 
3613 0.000000 0.000001 
3614 0.000000 0.000001 
3615 0.000000 0.000001 
3616 0.000000 0.000001 
3617 0.000000 0.000001 
3618 0.000000 0.000000 
3619 0.000000 0.000000 
3620 0.000000 0.000000 
3621 0.000000 0.000000 
3622 0.000000 0.000000 
3623 0.000000 0.000000 
3624 0.000000 0.000000 
3625 0.000000 0.000000 
3626 0.000000 0.000000 
3627 0.000000 0.000000 
3628 0.000000 0.000000 
3629 0.000000 0.000000 
3630 0.000000 0.000000 
3631 0.000000 0.000000 
3632 0.000000 0.000000 
3633 0.000000 0.000000 
3634 0.000000 0.000000 
3635 0.000000 0.000000 
3636 0.000000 0.000000 
3637 0.000000 0.000000 
3638 0.000000 0.000000 
3639 0.000000 0.000000 
3640 0.000000 0.000000 
3641 0.000000 0.000000 
3642 0.000000 0.000000 
3643 0.000000 0.000000 
3644 0.000000 0.000000 
3645 0.000000 0.000000 
3646 0.000000 0.000000 
3647 0.000000 0.000000 
3648 0.000000 0.000000 
3649 0.000000 0.000000 
3650 0.000000 0.000000 
3651 0.000000 0.000000 
3652 0.000000 0.000000 
3653 0.000000 0.000000 
3654 0.000000 0.000000 
3655 0.000000 0.000000 
3656 0.000000 0.000000 
3657 0.000000 0.000000 
3658 0.000000 0.000000 
3659 0.000000 0.000000 
3660 0.000000 0.000000 
3661 0.000000 0.000000 
3662 0.000000 0.000000 
3663 0.000000 0.000000 
3664 0.000000 0.000000 
3665 0.000000 0.000000 
3666 0.000000 0.000000 
3667 0.000000 0.000000 
3668 0.000000 0.000000 
3669 0.000000 0.000000 
3670 0.000000 0.000000 
3671 0.000000 0.000000 
3672 0.000000 0.000000 
3673 0.000000 0.000000 
3674 0.000000 0.000000 
3675 0.000000 0.000000 
3676 0.000000 0.000000 
3677 0.000000 0.000000 
3678 0.000000 0.000000 
3679 0.000000 0.000000 
3680 0.000000 0.000000 
3681 0.000000 0.000000 
3682 0.000000 0.000000 
3683 0.000000 0.000000 
3684 0.000000 0.000000 
3685 0.000000 0.000000 
3686 0.000000 0.000000 
3687 0.000000 0.000000 
3688 0.000000 0.000000 
3689 0.000000 0.000000 
3690 0.000000 0.000000 
3691 0.000000 0.000000 
3692 0.000000 0.000000 
3693 0.000000 0.000000 
3694 0.000000 0.000000 
3695 0.000000 0.000000 
3696 0.000000 0.000000 
3697 0.000000 0.000000 
3698 0.000000 0.000000 
3699 0.000000 0.000000 
3700 0.000000 0.000000 
3701 0.000000 0.000000 
3702 0.000000 0.000000 
3703 0.000000 0.000000 
3704 0.000000 0.000000 
3705 0.000000 0.000000 
3706 0.000000 0.000000 
3707 0.000000 0.000000 
3708 0.000000 0.000000 
3709 0.000000 0.000000 
3710 0.000000 0.000000 
3711 0.000000 0.000000 
3712 0.000000 0.000000 
3713 0.000000 0.000000 
3714 0.000000 0.000000 
3715 0.000000 0.000000 
3716 0.000000 0.000000 
3717 0.000000 0.000000 
3718 0.000000 0.000000 
3719 0.000000 0.000000 
3720 0.000000 0.000000 
3721 0.000000 0.000000 
3722 0.000000 0.000000 
3723 0.000000 0.000000 
3724 0.000000 0.000000 
3725 0.000000 0.000000 
3726 0.000000 0.000000 
3727 0.000000 0.000000 
3728 0.000000 0.000000 
3729 0.000000 0.000000 
3730 0.000000 0.000000 
3731 0.000000 0.000000 
3732 0.000000 0.000000 
3733 0.000000 0.000000 
3734 0.000000 0.000000 
3735 0.000000 0.000000 
3736 0.000000 0.000000 
3737 0.000000 0.000000 
3738 0.000000 0.000000 
3739 0.000000 0.000000 
3740 0.000000 0.000000 
3741 0.000000 0.000000 
3742 0.000000 0.000000 
3743 0.000000 0.000000 
3744 0.000000 0.000000 
3745 0.000000 0.000000 
3746 0.000000 0.000000 
3747 0.000000 0.000000 
3748 0.000000 0.000000 
3749 0.000000 0.000000 
3750 0.000000 0.000000 
3751 0.000000 0.000000 
3752 0.000000 0.000000 
3753 0.000000 0.000000 
3754 0.000000 0.000000 
3755 0.000000 0.000000 
3756 0.000000 0.000000 
3757 0.000000 0.000000 
3758 0.000000 0.000000 
3759 0.000000 0.000000 
3760 0.000000 0.000000 
3761 0.000000 0.000000 
3762 0.000000 0.000000 
3763 0.000000 0.000000 
3764 0.000000 0.000000 
3765 0.000000 0.000000 
3766 0.000000 0.000000 
3767 0.000000 0.000000 
3768 0.000000 0.000000 
3769 0.000000 0.000000 
3770 0.000000 0.000000 
3771 0.000000 0.000000 
3772 0.000000 0.000000 
3773 0.000000 0.000000 
3774 0.000000 0.000000 
3775 0.000000 0.000000 
3776 0.000000 0.000000 
3777 0.000000 0.000000 
3778 0.000000 0.000000 
3779 0.000000 0.000000 
3780 0.000000 0.000000 
3781 0.000000 0.000000 
3782 0.000000 0.000000 
3783 0.000000 0.000000 
3784 0.000000 0.000000 
3785 0.000000 0.000000 
3786 0.000000 0.000000 
3787 0.000000 0.000000 
3788 0.000000 0.000000 
3789 0.000000 0.000000 
3790 0.000000 0.000000 
3791 0.000000 0.000000 
3792 0.000000 0.000000 
3793 0.000000 0.000000 
3794 0.000000 0.000000 
3795 0.000000 0.000000 
3796 0.000000 0.000000 
3797 0.000000 0.000000 
3798 0.000000 0.000000 
3799 0.000000 0.000000 
3800 0.000000 0.000000 
3801 0.000000 0.000000 
3802 0.000000 0.000000 
3803 0.000000 0.000000 
3804 0.000000 0.000000 
3805 0.000000 0.000000 
3806 0.000000 0.000000 
3807 0.000000 0.000000 
3808 0.000000 0.000000 
3809 0.000000 0.000000 
3810 0.000000 0.000000 
3811 0.000000 0.000000 
3812 0.000000 0.000000 
3813 0.000000 0.000000 
3814 0.000000 0.000000 
3815 0.000000 0.000000 
3816 0.000000 0.000000 
3817 0.000000 0.000000 
3818 0.000000 0.000000 
3819 0.000000 0.000000 
3820 0.000000 0.000000 
3821 0.000000 0.000000 
3822 0.000000 0.000000 
3823 0.000000 0.000000 
3824 0.000000 0.000000 
3825 0.000000 0.000000 
3826 0.000000 0.000000 
3827 0.000000 0.000000 
3828 0.000000 0.000000 
3829 0.000000 0.000000 
3830 0.000000 0.000000 
3831 0.000000 0.000000 
3832 0.000000 0.000000 
3833 0.000000 0.000000 
3834 0.000000 0.000000 
3835 0.000000 0.000000 
3836 0.000000 0.000000 
3837 0.000000 0.000000 
3838 0.000000 0.000000 
3839 0.000000 0.000000 
3840 0.000000 0.000000 
3841 0.000000 0.000000 
3842 0.000000 0.000000 
3843 0.000000 0.000000 
3844 0.000000 0.000000 
3845 0.000000 0.000000 
3846 0.000000 0.000000 
3847 0.000000 0.000000 
3848 0.000000 0.000000 
3849 0.000000 0.000000 
3850 0.000000 0.000000 
3851 0.000000 0.000000 
3852 0.000000 0.000000 
3853 0.000000 0.000000 
3854 0.000000 0.000000 
3855 0.000000 0.000000 
3856 0.000000 0.000000 
3857 0.000000 0.000000 
3858 0.000000 0.000000 
3859 0.000000 0.000000 
3860 0.000000 0.000000 
3861 0.000000 0.000000 
3862 0.000000 0.000000 
3863 0.000000 0.000000 
3864 0.000000 0.000000 
3865 0.000000 0.000000 
3866 0.000000 0.000000 
3867 0.000000 0.000000 
3868 0.000000 0.000000 
3869 0.000000 0.000000 
3870 0.000000 0.000000 
3871 0.000000 0.000000 
3872 0.000000 0.000000 
3873 0.000000 0.000000 
3874 0.000000 0.000000 
3875 0.000000 0.000000 
3876 0.000000 0.000000 
3877 0.000000 0.000000 
3878 0.000000 0.000000 
3879 0.000000 0.000000 
3880 0.000000 0.000000 
3881 0.000000 0.000000 
3882 0.000000 0.000000 
3883 0.000000 0.000000 
3884 0.000000 0.000000 
3885 0.000000 0.000000 
3886 0.000000 0.000000 
3887 0.000000 0.000000 
3888 0.000000 0.000000 
3889 0.000000 0.000000 
3890 0.000000 0.000000 
3891 0.000000 0.000000 
3892 0.000000 0.000000 
3893 0.000000 0.000000 
3894 0.000000 0.000000 
3895 0.000000 0.000000 
3896 0.000000 0.000000 
3897 0.000000 0.000000 
3898 0.000000 0.000000 
3899 0.000000 0.000000 
3900 0.000000 0.000000 
3901 0.000000 0.000000 
3902 0.000000 0.000000 
3903 0.000000 0.000000 
3904 0.000000 0.000000 
3905 0.000000 0.000000 
3906 0.000000 0.000000 
3907 0.000000 0.000000 
3908 0.000000 0.000000 
3909 0.000000 0.000000 
3910 0.000000 0.000000 
3911 0.000000 0.000000 
3912 0.000000 0.000000 
3913 0.000000 0.000000 
3914 0.000000 0.000000 
3915 0.000000 0.000000 
3916 0.000000 0.000000 
3917 0.000000 0.000000 
3918 0.000000 0.000000 
3919 0.000000 0.000000 
3920 0.000000 0.000000 
3921 0.000000 0.000000 
3922 0.000000 0.000000 
3923 0.000000 0.000000 
3924 0.000000 0.000000 
3925 0.000000 0.000000 
3926 0.000000 0.000000 
3927 0.000000 0.000000 
3928 0.000000 0.000000 
3929 0.000000 0.000000 
3930 0.000000 0.000000 
3931 0.000000 0.000000 
3932 0.000000 0.000000 
3933 0.000000 0.000000 
3934 0.000000 0.000000 
3935 0.000000 0.000000 
3936 0.000000 0.000000 
3937 0.000000 0.000000 
3938 0.000000 0.000000 
3939 0.000000 0.000000 
3940 0.000000 0.000000 
3941 0.000000 0.000000 
3942 0.000000 0.000000 
3943 0.000000 0.000000 
3944 0.000000 0.000000 
3945 0.000000 0.000000 
3946 0.000000 0.000000 
3947 0.000000 0.000000 
3948 0.000000 0.000000 
3949 0.000000 0.000000 
3950 0.000000 0.000000 
3951 0.000000 0.000000 
3952 0.000000 0.000000 
3953 0.000000 0.000000 
3954 0.000000 0.000000 
3955 0.000000 0.000000 
3956 0.000000 0.000000 
3957 0.000000 0.000000 
3958 0.000000 0.000000 
3959 0.000000 0.000000 
3960 0.000000 0.000000 
3961 0.000000 0.000000 
3962 0.000000 0.000000 
3963 0.000000 0.000000 
3964 0.000000 0.000000 
3965 0.000000 0.000000 
3966 0.000000 0.000000 
3967 0.000000 0.000000 
3968 0.000000 0.000000 
3969 0.000000 0.000000 
3970 0.000000 0.000000 
3971 0.000000 0.000000 
3972 0.000000 0.000000 
3973 0.000000 0.000000 
3974 0.000000 0.000000 
3975 0.000000 0.000000 
3976 0.000000 0.000000 
3977 0.000000 0.000000 
3978 0.000000 0.000000 
3979 0.000000 0.000000 
3980 0.000000 0.000000 
3981 0.000000 0.000000 
3982 0.000000 0.000000 
3983 0.000000 0.000000 
3984 0.000000 0.000000 
3985 0.000000 0.000000 
3986 0.000000 0.000000 
3987 0.000000 0.000000 
3988 0.000000 0.000000 
3989 0.000000 0.000000 
3990 0.000000 0.000000 
3991 0.000000 0.000000 
3992 0.000000 0.000000 
3993 0.000000 0.000000 
3994 0.000000 0.000000 
3995 0.000000 0.000000 
3996 0.000000 0.000000 
3997 0.000000 0.000000 
3998 0.000000 0.000000 
3999 0.000000 0.000000 
4000 0.000000 0.000000 
