0 0.124289 
1 -0.148979 
2 0.177943 
3 -0.211782 
4 0.251152 
5 -0.296764 
6 0.349383 
7 -0.409824 
8 0.478944 
9 -0.557636 
10 0.646820 
11 -0.747430 
12 0.860397 
13 -0.986634 
14 1.127013 
15 -1.282346 
16 1.453356 
17 -1.640652 
18 1.844700 
19 -2.065795 
20 2.304030 
21 -2.559267 
22 2.831112 
23 -3.118886 
24 3.421608 
25 -3.737973 
26 4.066346 
27 -4.404755 
28 4.750890 
29 -5.102119 
30 5.455503 
31 -5.807828 
32 6.155636 
33 -6.495279 
34 6.822963 
35 -7.134818 
36 7.426960 
37 -7.695565 
38 7.936941 
39 -8.147611 
40 8.324381 
41 -8.464415 
42 8.565301 
43 -8.625116 
44 8.642468 
45 -8.616543 
46 8.547129 
47 -8.434632 
48 8.280074 
49 -8.085085 
50 7.851866 
51 -7.583156 
52 7.282175 
53 -6.952560 
54 6.598291 
55 -6.223614 
56 5.832952 
57 -5.430820 
58 5.021739 
59 -4.610147 
60 4.200324 
61 -3.796317 
62 3.401874 
63 -3.020387 
64 2.654854 
65 -2.307840 
66 1.981459 
67 -1.677361 
68 1.396739 
69 -1.140338 
70 0.908477 
71 -0.701076 
72 0.517699 
73 -0.357589 
74 0.219715 
75 -0.102823 
76 0.005477 
77 0.073888 
78 -0.136922 
79 0.185320 
80 -0.220781 
81 0.244977 
82 -0.259517 
83 0.265933 
84 -0.265651 
85 0.259984 
86 -0.250116 
87 0.237105 
88 -0.221875 
89 0.205221 
90 -0.187813 
91 0.170204 
92 -0.152839 
93 0.136065 
94 -0.120141 
95 0.105250 
96 -0.091510 
97 0.078984 
98 -0.067689 
99 0.057609 
100 -0.048698 
101 0.040893 
102 -0.034114 
103 0.028276 
104 -0.023289 
105 0.019060 
106 -0.015503 
107 0.012531 
108 -0.010067 
109 0.008038 
110 -0.006379 
111 0.005032 
112 -0.003946 
113 0.003075 
114 -0.002382 
115 0.001834 
116 -0.001404 
117 0.001068 
118 -0.000808 
119 0.000607 
120 -0.000454 
121 0.000337 
122 -0.000249 
123 0.000183 
124 -0.000133 
125 0.000097 
126 -0.000070 
127 0.000050 
128 -0.000036 
129 0.000025 
130 -0.000018 
131 0.000012 
132 -0.000009 
133 0.000006 
134 -0.000004 
135 0.000003 
136 -0.000002 
137 0.000001 
138 -0.000001 
139 0.000001 
140 -0.000000 
141 0.000000 
142 -0.000000 
143 0.000000 
144 -0.000000 
145 0.000000 
146 -0.000000 
147 0.000000 
148 -0.000000 
149 0.000000 
150 -0.000000 
151 0.000000 
152 -0.000000 
153 0.000000 
154 -0.000001 
155 0.000001 
156 -0.000001 
157 0.000002 
158 -0.000002 
159 0.000003 
160 -0.000004 
161 0.000006 
162 -0.000008 
163 0.000011 
164 -0.000014 
165 0.000020 
166 -0.000026 
167 0.000036 
168 -0.000048 
169 0.000064 
170 -0.000085 
171 0.000113 
172 -0.000150 
173 0.000198 
174 -0.000261 
175 0.000342 
176 -0.000447 
177 0.000583 
178 -0.000757 
179 0.000979 
180 -0.001264 
181 0.001625 
182 -0.002083 
183 0.002662 
184 -0.003389 
185 0.004302 
186 -0.005443 
187 0.006864 
188 -0.008627 
189 0.010807 
190 -0.013493 
191 0.016792 
192 -0.020828 
193 0.025748 
194 -0.031724 
195 0.038955 
196 -0.047672 
197 0.058142 
198 -0.070670 
199 0.085600 
200 -0.103326 
