0 0.000931 
1 -0.001212 
2 0.001573 
3 -0.002033 
4 0.002619 
5 -0.003363 
6 0.004303 
7 -0.005486 
8 0.006970 
9 -0.008825 
10 0.011135 
11 -0.014001 
12 0.017542 
13 -0.021903 
14 0.027251 
15 -0.033786 
16 0.041739 
17 -0.051380 
18 0.063022 
19 -0.077023 
20 0.093793 
21 -0.113796 
22 0.137557 
23 -0.165662 
24 0.198763 
25 -0.237578 
26 0.282892 
27 -0.335558 
28 0.396488 
29 -0.466651 
30 0.547068 
31 -0.638794 
32 0.742909 
33 -0.860498 
34 0.992632 
35 -1.140341 
36 1.304590 
37 -1.486245 
38 1.686041 
39 -1.904547 
40 2.142128 
41 -2.398910 
42 2.674740 
43 -2.969156 
44 3.281350 
45 -3.610148 
46 3.953983 
47 -4.310883 
48 4.678470 
49 -5.053958 
50 5.434175 
51 -5.815588 
52 6.194339 
53 -6.566300 
54 6.927130 
55 -7.272352 
56 7.597429 
57 -7.897854 
58 8.169244 
59 -8.407432 
60 8.608568 
61 -8.769206 
62 8.886396 
63 -8.957756 
64 8.981544 
65 -8.956709 
66 8.882927 
67 -8.760622 
68 8.590970 
69 -8.375878 
70 8.117953 
71 -7.820448 
72 7.487193 
73 -7.122513 
74 6.731136 
75 -6.318091 
76 5.888596 
77 -5.447953 
78 5.001437 
79 -4.554190 
80 4.111124 
81 -3.676833 
82 3.255517 
83 -2.850915 
84 2.466261 
85 -2.104248 
86 1.767010 
87 -1.456118 
88 1.172592 
89 -0.916926 
90 0.689118 
91 -0.488717 
92 0.314875 
93 -0.166402 
94 0.041824 
95 0.060555 
96 -0.142591 
97 0.206247 
98 -0.253535 
99 0.286471 
100 -0.307031 
101 0.317113 
102 -0.318508 
103 0.312876 
104 -0.301734 
105 0.286437 
106 -0.268181 
107 0.247998 
108 -0.226762 
109 0.205197 
110 -0.183885 
111 0.163281 
112 -0.143727 
113 0.125461 
114 -0.108639 
115 0.093342 
116 -0.079593 
117 0.067369 
118 -0.056611 
119 0.047233 
120 -0.039133 
121 0.032199 
122 -0.026313 
123 0.021358 
124 -0.017220 
125 0.013791 
126 -0.010972 
127 0.008672 
128 -0.006809 
129 0.005312 
130 -0.004116 
131 0.003169 
132 -0.002424 
133 0.001842 
134 -0.001391 
135 0.001043 
136 -0.000778 
137 0.000576 
138 -0.000424 
139 0.000310 
140 -0.000225 
141 0.000162 
142 -0.000116 
143 0.000083 
144 -0.000058 
145 0.000041 
146 -0.000029 
147 0.000020 
148 -0.000014 
149 0.000009 
150 -0.000006 
151 0.000004 
152 -0.000003 
153 0.000002 
154 -0.000001 
155 0.000001 
156 -0.000001 
157 0.000000 
158 -0.000000 
159 0.000000 
160 -0.000000 
161 0.000000 
162 -0.000000 
163 0.000000 
164 -0.000000 
165 0.000000 
166 -0.000000 
167 0.000000 
168 -0.000000 
169 0.000000 
170 -0.000000 
171 0.000000 
172 -0.000000 
173 0.000000 
174 -0.000000 
175 0.000000 
176 -0.000000 
177 0.000001 
178 -0.000001 
179 0.000001 
180 -0.000002 
181 0.000002 
182 -0.000003 
183 0.000004 
184 -0.000006 
185 0.000008 
186 -0.000012 
187 0.000016 
188 -0.000022 
189 0.000030 
190 -0.000040 
191 0.000055 
192 -0.000074 
193 0.000099 
194 -0.000133 
195 0.000177 
196 -0.000236 
197 0.000313 
198 -0.000413 
199 0.000544 
200 -0.000713 
