0 4.334416 
1 -4.004976 
2 3.678695 
3 -3.358101 
4 3.045518 
5 -2.743047 
6 2.452539 
7 -2.175586 
8 1.913507 
9 -1.667348 
10 1.437882 
11 -1.225619 
12 1.030816 
13 -0.853492 
14 0.693450 
15 -0.550296 
16 0.423463 
17 -0.312238 
18 0.215785 
19 -0.133174 
20 0.063400 
21 -0.005415 
22 -0.041857 
23 0.079497 
24 -0.108571 
25 0.130116 
26 -0.145127 
27 0.154546 
28 -0.159250 
29 0.160052 
30 -0.157689 
31 0.152826 
32 -0.146050 
33 0.137879 
34 -0.128758 
35 0.119064 
36 -0.109113 
37 0.099163 
38 -0.089420 
39 0.080043 
40 -0.071149 
41 0.062822 
42 -0.055114 
43 0.048052 
44 -0.041643 
45 0.035878 
46 -0.030735 
47 0.026182 
48 -0.022182 
49 0.018691 
50 -0.015666 
51 0.013062 
52 -0.010835 
53 0.008941 
54 -0.007341 
55 0.005997 
56 -0.004874 
57 0.003942 
58 -0.003172 
59 0.002541 
60 -0.002025 
61 0.001605 
62 -0.001267 
63 0.000995 
64 -0.000778 
65 0.000605 
66 -0.000468 
67 0.000361 
68 -0.000276 
69 0.000211 
70 -0.000160 
71 0.000121 
72 -0.000091 
73 0.000068 
74 -0.000051 
75 0.000038 
76 -0.000028 
77 0.000020 
78 -0.000015 
79 0.000011 
80 -0.000008 
81 0.000006 
82 -0.000004 
83 0.000003 
84 -0.000002 
85 0.000002 
86 -0.000002 
87 0.000002 
88 -0.000002 
89 0.000002 
90 -0.000002 
91 0.000003 
92 -0.000004 
93 0.000005 
94 -0.000007 
95 0.000010 
96 -0.000013 
97 0.000017 
98 -0.000022 
99 0.000029 
100 -0.000038 
101 0.000050 
102 -0.000065 
103 0.000085 
104 -0.000110 
105 0.000142 
106 -0.000184 
107 0.000237 
108 -0.000304 
109 0.000389 
110 -0.000497 
111 0.000632 
112 -0.000803 
113 0.001017 
114 -0.001284 
115 0.001616 
116 -0.002030 
117 0.002542 
118 -0.003174 
119 0.003953 
120 -0.004908 
121 0.006077 
122 -0.007504 
123 0.009239 
124 -0.011344 
125 0.013888 
126 -0.016954 
127 0.020637 
128 -0.025048 
129 0.030313 
130 -0.036579 
131 0.044010 
132 -0.052796 
133 0.063149 
134 -0.075308 
135 0.089540 
136 -0.106143 
137 0.125446 
138 -0.147810 
139 0.173632 
140 -0.203340 
141 0.237399 
142 -0.276305 
143 0.320588 
144 -0.370806 
145 0.427541 
146 -0.491400 
147 0.563002 
148 -0.642978 
149 0.731955 
150 -0.830556 
151 0.939379 
152 -1.058992 
153 1.189919 
154 -1.332622 
155 1.487489 
156 -1.654817 
157 1.834797 
158 -2.027495 
159 2.232841 
160 -2.450608 
161 2.680404 
162 -2.921654 
163 3.173594 
164 -3.435262 
165 3.705493 
166 -3.982918 
167 4.265964 
168 -4.552866 
169 4.841674 
170 -5.130267 
171 5.416377 
172 -5.697608 
173 5.971468 
174 -6.235401 
175 6.486817 
176 -6.723137 
177 6.941827 
178 -7.140444 
179 7.316672 
180 -7.468371 
181 7.593607 
182 -7.690696 
183 7.758235 
184 -7.795133 
185 7.800633 
186 -7.774333 
187 7.716195 
188 -7.626555 
189 7.506118 
190 -7.355953 
191 7.177472 
192 -6.972415 
193 6.742816 
194 -6.490975 
195 6.219414 
196 -5.930838 
197 5.628090 
198 -5.314104 
199 4.991856 
200 -4.664319 
