0 -0.000394 
1 0.000312 
2 -0.000247 
3 0.000194 
4 -0.000153 
5 0.000120 
6 -0.000093 
7 0.000073 
8 -0.000057 
9 0.000045 
10 -0.000036 
11 0.000030 
12 -0.000026 
13 0.000023 
14 -0.000022 
15 0.000023 
16 -0.000026 
17 0.000030 
18 -0.000036 
19 0.000044 
20 -0.000055 
21 0.000069 
22 -0.000088 
23 0.000111 
24 -0.000140 
25 0.000176 
26 -0.000222 
27 0.000279 
28 -0.000350 
29 0.000438 
30 -0.000547 
31 0.000682 
32 -0.000848 
33 0.001051 
34 -0.001301 
35 0.001605 
36 -0.001977 
37 0.002428 
38 -0.002976 
39 0.003638 
40 -0.004436 
41 0.005397 
42 -0.006551 
43 0.007931 
44 -0.009579 
45 0.011542 
46 -0.013873 
47 0.016633 
48 -0.019894 
49 0.023735 
50 -0.028247 
51 0.033534 
52 -0.039710 
53 0.046907 
54 -0.055269 
55 0.064957 
56 -0.076150 
57 0.089044 
58 -0.103856 
59 0.120822 
60 -0.140198 
61 0.162261 
62 -0.187310 
63 0.215663 
64 -0.247659 
65 0.283656 
66 -0.324031 
67 0.369174 
68 -0.419490 
69 0.475394 
70 -0.537308 
71 0.605655 
72 -0.680856 
73 0.763324 
74 -0.853455 
75 0.951627 
76 -1.058186 
77 1.173442 
78 -1.297661 
79 1.431053 
80 -1.573767 
81 1.725879 
82 -1.887386 
83 2.058195 
84 -2.238117 
85 2.426859 
86 -2.624016 
87 2.829069 
88 -3.041378 
89 3.260182 
90 -3.484595 
91 3.713611 
92 -3.946102 
93 4.180829 
94 -4.416444 
95 4.651504 
96 -4.884478 
97 5.113764 
98 -5.337702 
99 5.554597 
100 -5.762732 
101 5.960389 
102 -6.145875 
103 6.317542 
104 -6.473807 
105 6.613178 
106 -6.734274 
107 6.835848 
108 -6.916804 
109 6.976216 
110 -7.013345 
111 7.027651 
112 -7.018804 
113 6.986691 
114 -6.931419 
115 6.853320 
116 -6.752942 
117 6.631050 
118 -6.488608 
119 6.326775 
120 -6.146885 
121 5.950427 
122 -5.739029 
123 5.514432 
124 -5.278468 
125 5.033032 
126 -4.780063 
127 4.521509 
128 -4.259311 
129 3.995373 
130 -3.731541 
131 3.469581 
132 -3.211160 
133 2.957832 
134 -2.711017 
135 2.471994 
136 -2.241894 
137 2.021687 
138 -1.812186 
139 1.614040 
140 -1.427743 
141 1.253632 
142 -1.091895 
143 0.942582 
144 -0.805615 
145 0.680794 
146 -0.567815 
147 0.466282 
148 -0.375718 
149 0.295581 
150 -0.225275 
151 0.164167 
152 -0.111595 
153 0.066881 
154 -0.029344 
155 -0.001693 
156 0.026895 
157 -0.046902 
158 0.062332 
159 -0.073767 
160 0.081755 
161 -0.086804 
162 0.089381 
163 -0.089912 
164 0.088780 
165 -0.086328 
166 0.082858 
167 -0.078632 
168 0.073879 
169 -0.068791 
170 0.063531 
171 -0.058231 
172 0.052999 
173 -0.047920 
174 0.043058 
175 -0.038461 
176 0.034160 
177 -0.030176 
178 0.026516 
179 -0.023181 
180 0.020166 
181 -0.017458 
182 0.015043 
183 -0.012902 
184 0.011016 
185 -0.009363 
186 0.007924 
187 -0.006677 
188 0.005602 
189 -0.004680 
190 0.003894 
191 -0.003226 
192 0.002662 
193 -0.002187 
194 0.001790 
195 -0.001459 
196 0.001185 
197 -0.000958 
198 0.000772 
199 -0.000619 
200 0.000495 
