0 -0.119435 
1 0.115212 
2 -0.109739 
3 0.103369 
4 -0.096405 
5 0.089103 
6 -0.081674 
7 0.074291 
8 -0.067090 
9 0.060175 
10 -0.053626 
11 0.047494 
12 -0.041814 
13 0.036603 
14 -0.031863 
15 0.027588 
16 -0.023761 
17 0.020359 
18 -0.017356 
19 0.014723 
20 -0.012429 
21 0.010441 
22 -0.008730 
23 0.007265 
24 -0.006018 
25 0.004962 
26 -0.004072 
27 0.003327 
28 -0.002706 
29 0.002191 
30 -0.001766 
31 0.001417 
32 -0.001132 
33 0.000901 
34 -0.000713 
35 0.000562 
36 -0.000442 
37 0.000345 
38 -0.000269 
39 0.000208 
40 -0.000161 
41 0.000123 
42 -0.000094 
43 0.000072 
44 -0.000055 
45 0.000041 
46 -0.000031 
47 0.000024 
48 -0.000018 
49 0.000014 
50 -0.000010 
51 0.000008 
52 -0.000007 
53 0.000006 
54 -0.000006 
55 0.000006 
56 -0.000007 
57 0.000009 
58 -0.000011 
59 0.000014 
60 -0.000018 
61 0.000023 
62 -0.000030 
63 0.000039 
64 -0.000050 
65 0.000065 
66 -0.000084 
67 0.000108 
68 -0.000138 
69 0.000176 
70 -0.000224 
71 0.000285 
72 -0.000362 
73 0.000458 
74 -0.000577 
75 0.000726 
76 -0.000912 
77 0.001142 
78 -0.001426 
79 0.001776 
80 -0.002206 
81 0.002734 
82 -0.003379 
83 0.004166 
84 -0.005122 
85 0.006281 
86 -0.007682 
87 0.009371 
88 -0.011401 
89 0.013834 
90 -0.016741 
91 0.020206 
92 -0.024322 
93 0.029198 
94 -0.034956 
95 0.041737 
96 -0.049697 
97 0.059013 
98 -0.069883 
99 0.082528 
100 -0.097189 
101 0.114137 
102 -0.133665 
103 0.156094 
104 -0.181772 
105 0.211074 
106 -0.244402 
107 0.282182 
108 -0.324865 
109 0.372924 
110 -0.426851 
111 0.487152 
112 -0.554342 
113 0.628944 
114 -0.711477 
115 0.802449 
116 -0.902353 
117 1.011655 
118 -1.130780 
119 1.260109 
120 -1.399963 
121 1.550589 
122 -1.712154 
123 1.884728 
124 -2.068273 
125 2.262633 
126 -2.467523 
127 2.682517 
128 -2.907045 
129 3.140379 
130 -3.381638 
131 3.629776 
132 -3.883592 
133 4.141724 
134 -4.402662 
135 4.664757 
136 -4.926230 
137 5.185187 
138 -5.439644 
139 5.687544 
140 -5.926779 
141 6.155222 
142 -6.370752 
143 6.571286 
144 -6.754807 
145 6.919396 
146 -7.063264 
147 7.184782 
148 -7.282505 
149 7.355205 
150 -7.401885 
151 7.421808 
152 -7.414505 
153 7.379790 
154 -7.317766 
155 7.228829 
156 -7.113658 
157 6.973214 
158 -6.808725 
159 6.621664 
160 -6.413735 
161 6.186839 
162 -5.943051 
163 5.684584 
164 -5.413760 
165 5.132970 
166 -4.844644 
167 4.551211 
168 -4.255068 
169 3.958546 
170 -3.663880 
171 3.373181 
172 -3.088413 
173 2.811370 
174 -2.543661 
175 2.286698 
176 -2.041683 
177 1.809610 
178 -1.591257 
179 1.387196 
180 -1.197794 
181 1.023227 
182 -0.863488 
183 0.718406 
184 -0.587660 
185 0.470795 
186 -0.367243 
187 0.276344 
188 -0.197358 
189 0.129490 
190 -0.071904 
191 0.023741 
192 0.015866 
193 -0.047778 
194 0.072839 
195 -0.091862 
196 0.105627 
197 -0.114867 
198 0.120265 
199 -0.122451 
200 0.122002 
