0 -0.499752 
1 0.558556 
2 -0.622814 
3 0.692830 
4 -0.768899 
5 0.851298 
6 -0.940288 
7 1.036106 
8 -1.138959 
9 1.249018 
10 -1.366416 
11 1.491240 
12 -1.623524 
13 1.763247 
14 -1.910326 
15 2.064610 
16 -2.225877 
17 2.393829 
18 -2.568090 
19 2.748204 
20 -2.933630 
21 3.123744 
22 -3.317839 
23 3.515127 
24 -3.714741 
25 3.915736 
26 -4.117101 
27 4.317760 
28 -4.516582 
29 4.712388 
30 -4.903963 
31 5.090067 
32 -5.269448 
33 5.440849 
34 -5.603031 
35 5.754779 
36 -5.894918 
37 6.022331 
38 -6.135966 
39 6.234858 
40 -6.318132 
41 6.385025 
42 -6.434887 
43 6.467200 
44 -6.481578 
45 6.477777 
46 -6.455702 
47 6.415402 
48 -6.357081 
49 6.281087 
50 -6.187914 
51 6.078197 
52 -5.952703 
53 5.812322 
54 -5.658058 
55 5.491017 
56 -5.312391 
57 5.123447 
58 -4.925511 
59 4.719953 
60 -4.508169 
61 4.291567 
62 -4.071551 
63 3.849506 
64 -3.626782 
65 3.404683 
66 -3.184452 
67 2.967263 
68 -2.754206 
69 2.546285 
70 -2.344406 
71 2.149374 
72 -1.961891 
73 1.782551 
74 -1.611842 
75 1.450145 
76 -1.297739 
77 1.154805 
78 -1.021425 
79 0.897595 
80 -0.783230 
81 0.678167 
82 -0.582177 
83 0.494973 
84 -0.416215 
85 0.345522 
86 -0.282477 
87 0.226639 
88 -0.177545 
89 0.134721 
90 -0.097690 
91 0.065973 
92 -0.039099 
93 0.016607 
94 0.001949 
95 -0.016996 
96 0.028938 
97 -0.038158 
98 0.045012 
99 -0.049831 
100 0.052917 
101 -0.054547 
102 0.054971 
103 -0.054412 
104 0.053070 
105 -0.051118 
106 0.048709 
107 -0.045974 
108 0.043024 
109 -0.039954 
110 0.036841 
111 -0.033749 
112 0.030727 
113 -0.027815 
114 0.025041 
115 -0.022427 
116 0.019986 
117 -0.017726 
118 0.015648 
119 -0.013753 
120 0.012034 
121 -0.010486 
122 0.009099 
123 -0.007864 
124 0.006769 
125 -0.005804 
126 0.004958 
127 -0.004219 
128 0.003577 
129 -0.003021 
130 0.002543 
131 -0.002132 
132 0.001782 
133 -0.001484 
134 0.001232 
135 -0.001019 
136 0.000841 
137 -0.000692 
138 0.000568 
139 -0.000466 
140 0.000382 
141 -0.000313 
142 0.000258 
143 -0.000214 
144 0.000180 
145 -0.000154 
146 0.000136 
147 -0.000125 
148 0.000120 
149 -0.000121 
150 0.000128 
151 -0.000142 
152 0.000163 
153 -0.000192 
154 0.000229 
155 -0.000278 
156 0.000338 
157 -0.000413 
158 0.000505 
159 -0.000619 
160 0.000757 
161 -0.000924 
162 0.001127 
163 -0.001373 
164 0.001668 
165 -0.002024 
166 0.002450 
167 -0.002960 
168 0.003568 
169 -0.004292 
170 0.005153 
171 -0.006172 
172 0.007378 
173 -0.008800 
174 0.010475 
175 -0.012440 
176 0.014743 
177 -0.017434 
178 0.020571 
179 -0.024220 
180 0.028454 
181 -0.033355 
182 0.039014 
183 -0.045532 
184 0.053022 
185 -0.061606 
186 0.071422 
187 -0.082616 
188 0.095351 
189 -0.109802 
190 0.126158 
191 -0.144624 
192 0.165416 
193 -0.188767 
194 0.214923 
195 -0.244143 
196 0.276700 
197 -0.312876 
198 0.352965 
199 -0.397269 
200 0.446094 
