0 -1.023047 
1 1.124033 
2 -1.232066 
3 1.347274 
4 -1.469747 
5 1.599522 
6 -1.736582 
7 1.880852 
8 -2.032191 
9 2.190392 
10 -2.355173 
11 2.526178 
12 -2.702972 
13 2.885041 
14 -3.071789 
15 3.262541 
16 -3.456543 
17 3.652962 
18 -3.850896 
19 4.049371 
20 -4.247351 
21 4.443748 
22 -4.637425 
23 4.827207 
24 -5.011894 
25 5.190270 
26 -5.361115 
27 5.523220 
28 -5.675398 
29 5.816498 
30 -5.945419 
31 6.061123 
32 -6.162648 
33 6.249121 
34 -6.319769 
35 6.373930 
36 -6.411063 
37 6.430754 
38 -6.432725 
39 6.416837 
40 -6.383095 
41 6.331647 
42 -6.262786 
43 6.176944 
44 -6.074691 
45 5.956728 
46 -5.823876 
47 5.677072 
48 -5.517353 
49 5.345846 
50 -5.163755 
51 4.972346 
52 -4.772933 
53 4.566863 
54 -4.355498 
55 4.140205 
56 -3.922337 
57 3.703221 
58 -3.484144 
59 3.266339 
60 -3.050978 
61 2.839156 
62 -2.631888 
63 2.430098 
64 -2.234618 
65 2.046175 
66 -1.865401 
67 1.692819 
68 -1.528853 
69 1.373826 
70 -1.227962 
71 1.091391 
72 -0.964157 
73 0.846217 
74 -0.737456 
75 0.637689 
76 -0.546667 
77 0.464091 
78 -0.389614 
79 0.322853 
80 -0.263393 
81 0.210799 
82 -0.164617 
83 0.124388 
84 -0.089646 
85 0.059932 
86 -0.034791 
87 0.013783 
88 0.003517 
89 -0.017517 
90 0.028601 
91 -0.037132 
92 0.043447 
93 -0.047856 
94 0.050648 
95 -0.052081 
96 0.052390 
97 -0.051785 
98 0.050452 
99 -0.048556 
100 0.046237 
101 -0.043619 
102 0.040805 
103 -0.037884 
104 0.034926 
105 -0.031992 
106 0.029127 
107 -0.026368 
108 0.023742 
109 -0.021268 
110 0.018958 
111 -0.016820 
112 0.014854 
113 -0.013060 
114 0.011434 
115 -0.009968 
116 0.008655 
117 -0.007484 
118 0.006447 
119 -0.005532 
120 0.004729 
121 -0.004027 
122 0.003417 
123 -0.002889 
124 0.002434 
125 -0.002044 
126 0.001710 
127 -0.001426 
128 0.001185 
129 -0.000982 
130 0.000812 
131 -0.000670 
132 0.000551 
133 -0.000453 
134 0.000373 
135 -0.000308 
136 0.000256 
137 -0.000215 
138 0.000184 
139 -0.000161 
140 0.000146 
141 -0.000139 
142 0.000138 
143 -0.000144 
144 0.000157 
145 -0.000178 
146 0.000207 
147 -0.000246 
148 0.000296 
149 -0.000358 
150 0.000436 
151 -0.000532 
152 0.000649 
153 -0.000792 
154 0.000965 
155 -0.001175 
156 0.001428 
157 -0.001733 
158 0.002098 
159 -0.002536 
160 0.003058 
161 -0.003681 
162 0.004421 
163 -0.005299 
164 0.006337 
165 -0.007564 
166 0.009008 
167 -0.010706 
168 0.012697 
169 -0.015025 
170 0.017743 
171 -0.020907 
172 0.024582 
173 -0.028841 
174 0.033764 
175 -0.039442 
176 0.045974 
177 -0.053471 
178 0.062054 
179 -0.071856 
180 0.083023 
181 -0.095713 
182 0.110098 
183 -0.126363 
184 0.144708 
185 -0.165344 
186 0.188499 
187 -0.214413 
188 0.243338 
189 -0.275540 
190 0.311293 
191 -0.350884 
192 0.394605 
193 -0.442756 
194 0.495639 
195 -0.553558 
196 0.616813 
197 -0.685701 
198 0.760505 
199 -0.841499 
200 0.928936 
