0 -0.027200 
1 0.032016 
2 -0.037600 
3 0.044056 
4 -0.051502 
5 0.060069 
6 -0.069899 
7 0.081149 
8 -0.093991 
9 0.108612 
10 -0.125214 
11 0.144014 
12 -0.165248 
13 0.189164 
14 -0.216029 
15 0.246123 
16 -0.279740 
17 0.317188 
18 -0.358786 
19 0.404862 
20 -0.455751 
21 0.511792 
22 -0.573326 
23 0.640691 
24 -0.714217 
25 0.794225 
26 -0.881017 
27 0.974876 
28 -1.076056 
29 1.184779 
30 -1.301226 
31 1.425534 
32 -1.557786 
33 1.698008 
34 -1.846161 
35 2.002135 
36 -2.165745 
37 2.336724 
38 -2.514719 
39 2.699289 
40 -2.889903 
41 3.085934 
42 -3.286664 
43 3.491281 
44 -3.698885 
45 3.908488 
46 -4.119020 
47 4.329340 
48 -4.538235 
49 4.744441 
50 -4.946643 
51 5.143496 
52 -5.333633 
53 5.515680 
54 -5.688274 
55 5.850075 
56 -5.999785 
57 6.136162 
58 -6.258039 
59 6.364335 
60 -6.454072 
61 6.526393 
62 -6.580566 
63 6.616003 
64 -6.632265 
65 6.629072 
66 -6.606306 
67 6.564015 
68 -6.502416 
69 6.421891 
70 -6.322984 
71 6.206397 
72 -6.072978 
73 5.923715 
74 -5.759719 
75 5.582216 
76 -5.392528 
77 5.192055 
78 -4.982262 
79 4.764659 
80 -4.540783 
81 4.312179 
82 -4.080383 
83 3.846905 
84 -3.613212 
85 3.380714 
86 -3.150748 
87 2.924567 
88 -2.703332 
89 2.488096 
90 -2.279806 
91 2.079291 
92 -1.887261 
93 1.704308 
94 -1.530903 
95 1.367398 
96 -1.214035 
97 1.070943 
98 -0.938151 
99 0.815593 
100 -0.703114 
101 0.600480 
102 -0.507392 
103 0.423485 
104 -0.348350 
105 0.281531 
106 -0.222545 
107 0.170884 
108 -0.126025 
109 0.087441 
110 -0.054602 
111 0.026985 
112 -0.004082 
113 -0.014602 
114 0.029537 
115 -0.041172 
116 0.049927 
117 -0.056194 
118 0.060335 
119 -0.062682 
120 0.063536 
121 -0.063168 
122 0.061819 
123 -0.059703 
124 0.057005 
125 -0.053888 
126 0.050489 
127 -0.046923 
128 0.043289 
129 -0.039663 
130 0.036111 
131 -0.032680 
132 0.029407 
133 -0.026320 
134 0.023435 
135 -0.020763 
136 0.018307 
137 -0.016067 
138 0.014038 
139 -0.012211 
140 0.010576 
141 -0.009122 
142 0.007835 
143 -0.006702 
144 0.005711 
145 -0.004847 
146 0.004098 
147 -0.003451 
148 0.002895 
149 -0.002420 
150 0.002015 
151 -0.001672 
152 0.001383 
153 -0.001139 
154 0.000935 
155 -0.000765 
156 0.000624 
157 -0.000508 
158 0.000412 
159 -0.000333 
160 0.000270 
161 -0.000218 
162 0.000177 
163 -0.000145 
164 0.000120 
165 -0.000102 
166 0.000089 
167 -0.000080 
168 0.000077 
169 -0.000077 
170 0.000082 
171 -0.000092 
172 0.000106 
173 -0.000126 
174 0.000153 
175 -0.000186 
176 0.000229 
177 -0.000283 
178 0.000349 
179 -0.000431 
180 0.000531 
181 -0.000654 
182 0.000804 
183 -0.000987 
184 0.001209 
185 -0.001477 
186 0.001801 
187 -0.002192 
188 0.002662 
189 -0.003226 
190 0.003901 
191 -0.004706 
192 0.005665 
193 -0.006805 
194 0.008155 
195 -0.009752 
196 0.011635 
197 -0.013851 
198 0.016452 
199 -0.019498 
200 0.023055 
