0 -0.024571 
1 0.012591 
2 -0.002663 
3 -0.005444 
4 0.011943 
5 -0.017037 
6 0.020909 
7 -0.023728 
8 0.025650 
9 -0.026813 
10 0.027343 
11 -0.027352 
12 0.026940 
13 -0.026194 
14 0.025190 
15 -0.023994 
16 0.022663 
17 -0.021244 
18 0.019778 
19 -0.018297 
20 0.016829 
21 -0.015395 
22 0.014011 
23 -0.012690 
24 0.011442 
25 -0.010271 
26 0.009182 
27 -0.008175 
28 0.007251 
29 -0.006407 
30 0.005642 
31 -0.004951 
32 0.004331 
33 -0.003777 
34 0.003284 
35 -0.002849 
36 0.002466 
37 -0.002132 
38 0.001841 
39 -0.001591 
40 0.001377 
41 -0.001196 
42 0.001046 
43 -0.000923 
44 0.000827 
45 -0.000755 
46 0.000706 
47 -0.000680 
48 0.000676 
49 -0.000695 
50 0.000737 
51 -0.000805 
52 0.000899 
53 -0.001023 
54 0.001180 
55 -0.001375 
56 0.001613 
57 -0.001899 
58 0.002242 
59 -0.002650 
60 0.003132 
61 -0.003701 
62 0.004369 
63 -0.005151 
64 0.006066 
65 -0.007132 
66 0.008372 
67 -0.009811 
68 0.011478 
69 -0.013403 
70 0.015624 
71 -0.018179 
72 0.021114 
73 -0.024477 
74 0.028324 
75 -0.032715 
76 0.037717 
77 -0.043402 
78 0.049851 
79 -0.057150 
80 0.065396 
81 -0.074690 
82 0.085144 
83 -0.096878 
84 0.110019 
85 -0.124707 
86 0.141085 
87 -0.159310 
88 0.179544 
89 -0.201961 
90 0.226739 
91 -0.254067 
92 0.284139 
93 -0.317154 
94 0.353319 
95 -0.392841 
96 0.435932 
97 -0.482803 
98 0.533667 
99 -0.588730 
100 0.648194 
101 -0.712256 
102 0.781101 
103 -0.854899 
104 0.933809 
105 -1.017969 
106 1.107495 
107 -1.202479 
108 1.302987 
109 -1.409051 
110 1.520671 
111 -1.637810 
112 1.760391 
113 -1.888295 
114 2.021357 
115 -2.159367 
116 2.302065 
117 -2.449143 
118 2.600240 
119 -2.754945 
120 2.912796 
121 -3.073281 
122 3.235837 
123 -3.399857 
124 3.564688 
125 -3.729634 
126 3.893964 
127 -4.056914 
128 4.217689 
129 -4.375476 
130 4.529443 
131 -4.678749 
132 4.822551 
133 -4.960010 
134 5.090300 
135 -5.212617 
136 5.326181 
137 -5.430251 
138 5.524130 
139 -5.607168 
140 5.678776 
141 -5.738429 
142 5.785673 
143 -5.820127 
144 5.841494 
145 -5.849559 
146 5.844195 
147 -5.825364 
148 5.793120 
149 -5.747605 
150 5.689052 
151 -5.617782 
152 5.534200 
153 -5.438792 
154 5.332122 
155 -5.214823 
156 5.087594 
157 -4.951189 
158 4.806416 
159 -4.654122 
160 4.495189 
161 -4.330525 
162 4.161054 
163 -3.987708 
164 3.811419 
165 -3.633108 
166 3.453682 
167 -3.274021 
168 3.094975 
169 -2.917355 
170 2.741928 
171 -2.569412 
172 2.400473 
173 -2.235716 
174 2.075690 
175 -1.920881 
176 1.771710 
177 -1.628536 
178 1.491655 
179 -1.361299 
180 1.237641 
181 -1.120795 
182 1.010818 
183 -0.907716 
184 0.811445 
185 -0.721915 
186 0.638998 
187 -0.562527 
188 0.492302 
189 -0.428097 
190 0.369661 
191 -0.316725 
192 0.269004 
193 -0.226204 
194 0.188020 
195 -0.154147 
196 0.124279 
197 -0.098110 
198 0.075341 
199 -0.055682 
200 0.038849 
