0 -0.003919 
1 0.005937 
2 -0.008844 
3 0.012955 
4 -0.018673 
5 0.026494 
6 -0.037023 
7 0.050986 
8 -0.069250 
9 0.092850 
10 -0.123029 
11 0.161305 
12 -0.209565 
13 0.270208 
14 -0.346321 
15 0.441904 
16 -0.562112 
17 0.713501 
18 -0.904212 
19 1.144038 
20 -1.444307 
21 1.817485 
22 -2.276465 
23 2.833477 
24 -3.498673 
25 4.278437 
26 -5.173589 
27 6.177687 
28 -7.275686 
29 8.443217 
30 -9.646718 
31 10.844560 
32 -11.989196 
33 13.030214 
34 -13.918005 
35 14.607674 
36 -15.062723 
37 15.258047 
38 -15.181874 
39 14.836414 
40 -14.237184 
41 13.411147 
42 -12.393993 
43 11.226968 
44 -9.953695 
45 8.617365 
46 -7.258559 
47 5.913820 
48 -4.614928 
49 3.388726 
50 -2.257284 
51 1.238174 
52 -0.344694 
53 -0.414051 
54 1.033206 
55 -1.512296 
56 1.855289 
57 -2.070499 
58 2.170212 
59 -2.170022 
60 2.087883 
61 -1.942980 
62 1.754521 
63 -1.540596 
64 1.317218 
65 -1.097626 
66 0.891919 
67 -0.706990 
68 0.546743 
69 -0.412520 
70 0.303642 
71 -0.218002 
72 0.152630 
73 -0.104179 
74 0.069301 
75 -0.044913 
76 0.028349 
77 -0.017421 
78 0.010420 
79 -0.006065 
80 0.003435 
81 -0.001893 
82 0.001016 
83 -0.000531 
84 0.000271 
85 -0.000135 
86 0.000066 
87 -0.000032 
88 0.000015 
89 -0.000007 
90 0.000004 
91 -0.000002 
92 0.000001 
93 -0.000000 
94 0.000000 
95 -0.000000 
96 0.000000 
97 -0.000000 
98 0.000000 
99 -0.000000 
100 0.000000 
101 -0.000000 
102 0.000000 
103 -0.000000 
104 0.000000 
105 -0.000000 
106 0.000000 
107 -0.000000 
108 0.000000 
109 0.000000 
110 -0.000000 
111 0.000000 
112 -0.000000 
113 0.000000 
114 -0.000000 
115 0.000000 
116 -0.000000 
117 0.000000 
118 -0.000000 
119 0.000000 
120 -0.000000 
121 0.000000 
122 -0.000000 
123 0.000000 
124 -0.000000 
125 0.000000 
126 -0.000000 
127 0.000000 
128 -0.000000 
129 0.000000 
130 -0.000000 
131 0.000000 
132 -0.000000 
133 0.000000 
134 0.000000 
135 -0.000000 
136 0.000000 
137 -0.000000 
138 0.000000 
139 -0.000000 
140 0.000000 
141 -0.000000 
142 0.000000 
143 -0.000000 
144 0.000000 
145 -0.000000 
146 0.000000 
147 -0.000000 
148 0.000000 
149 -0.000000 
150 0.000000 
151 -0.000000 
152 0.000000 
153 -0.000000 
154 0.000000 
155 -0.000000 
156 0.000000 
157 -0.000000 
158 0.000000 
159 -0.000000 
160 0.000000 
161 0.000000 
162 -0.000000 
163 0.000000 
164 -0.000000 
165 0.000000 
166 -0.000000 
167 0.000000 
168 -0.000000 
169 0.000000 
170 -0.000000 
171 0.000000 
172 -0.000000 
173 0.000000 
174 -0.000000 
175 0.000000 
176 -0.000000 
177 0.000000 
178 -0.000000 
179 0.000000 
180 -0.000000 
181 0.000000 
182 -0.000000 
183 0.000000 
184 -0.000000 
185 -0.000000 
186 0.000000 
187 -0.000001 
188 0.000002 
189 -0.000005 
190 0.000011 
191 -0.000021 
192 0.000039 
193 -0.000072 
194 0.000127 
195 -0.000221 
196 0.000374 
197 -0.000622 
198 0.001013 
199 -0.001620 
200 0.002542 
