0 0.005971 
1 -0.006946 
2 0.008075 
3 -0.009379 
4 0.010882 
5 -0.012609 
6 0.014589 
7 -0.016855 
8 0.019442 
9 -0.022392 
10 0.025746 
11 -0.029555 
12 0.033870 
13 -0.038749 
14 0.044257 
15 -0.050462 
16 0.057438 
17 -0.065267 
18 0.074036 
19 -0.083838 
20 0.094774 
21 -0.106951 
22 0.120484 
23 -0.135492 
24 0.152105 
25 -0.170457 
26 0.190688 
27 -0.212947 
28 0.237386 
29 -0.264164 
30 0.293444 
31 -0.325393 
32 0.360182 
33 -0.397982 
34 0.438966 
35 -0.483308 
36 0.531178 
37 -0.582744 
38 0.638169 
39 -0.697609 
40 0.761210 
41 -0.829110 
42 0.901432 
43 -0.978284 
44 1.059758 
45 -1.145925 
46 1.236836 
47 -1.332515 
48 1.432962 
49 -1.538147 
50 1.648009 
51 -1.762456 
52 1.881360 
53 -2.004558 
54 2.131849 
55 -2.262993 
56 2.397712 
57 -2.535689 
58 2.676565 
59 -2.819944 
60 2.965390 
61 -3.112430 
62 3.260556 
63 -3.409227 
64 3.557867 
65 -3.705877 
66 3.852629 
67 -3.997476 
68 4.139755 
69 -4.278788 
70 4.413894 
71 -4.544385 
72 4.669579 
73 -4.788803 
74 4.901397 
75 -5.006723 
76 5.104167 
77 -5.193148 
78 5.273123 
79 -5.343589 
80 5.404092 
81 -5.454228 
82 5.493653 
83 -5.522079 
84 5.539283 
85 -5.545108 
86 5.539464 
87 -5.522329 
88 5.493753 
89 -5.453855 
90 5.402821 
91 -5.340907 
92 5.268434 
93 -5.185786 
94 5.093403 
95 -4.991786 
96 4.881483 
97 -4.763090 
98 4.637241 
99 -4.504609 
100 4.365892 
101 -4.221814 
102 4.073113 
103 -3.920539 
104 3.764845 
105 -3.606781 
106 3.447091 
107 -3.286502 
108 3.125722 
109 -2.965436 
110 2.806297 
111 -2.648927 
112 2.493909 
113 -2.341785 
114 2.193055 
115 -2.048173 
116 1.907545 
117 -1.771530 
118 1.640438 
119 -1.514531 
120 1.394024 
121 -1.279081 
122 1.169825 
123 -1.066332 
124 0.968638 
125 -0.876739 
126 0.790594 
127 -0.710130 
128 0.635240 
129 -0.565792 
130 0.501628 
131 -0.442571 
132 0.388423 
133 -0.338972 
134 0.293996 
135 -0.253261 
136 0.216528 
137 -0.183556 
138 0.154099 
139 -0.127915 
140 0.104765 
141 -0.084412 
142 0.066627 
143 -0.051189 
144 0.037885 
145 -0.026511 
146 0.016876 
147 -0.008796 
148 0.002101 
149 0.003368 
150 -0.007760 
151 0.011209 
152 -0.013841 
153 0.015771 
154 -0.017101 
155 0.017925 
156 -0.018325 
157 0.018378 
158 -0.018147 
159 0.017691 
160 -0.017060 
161 0.016297 
162 -0.015440 
163 0.014521 
164 -0.013566 
165 0.012596 
166 -0.011631 
167 0.010685 
168 -0.009768 
169 0.008890 
170 -0.008057 
171 0.007273 
172 -0.006542 
173 0.005864 
174 -0.005241 
175 0.004672 
176 -0.004156 
177 0.003690 
178 -0.003275 
179 0.002906 
180 -0.002583 
181 0.002302 
182 -0.002063 
183 0.001864 
184 -0.001702 
185 0.001577 
186 -0.001488 
187 0.001435 
188 -0.001419 
189 0.001439 
190 -0.001498 
191 0.001597 
192 -0.001741 
193 0.001932 
194 -0.002175 
195 0.002475 
196 -0.002841 
197 0.003279 
198 -0.003800 
199 0.004413 
200 -0.005133 
