0 0.000001 1.183707 
1 0.000001 1.184163 
2 0.000001 1.184620 
3 0.000001 1.185076 
4 0.000001 1.185532 
5 0.000001 1.185988 
6 0.000001 1.186444 
7 0.000001 1.186900 
8 0.000001 1.187356 
9 0.000001 1.187812 
10 0.000001 1.188267 
11 0.000001 1.188723 
12 0.000001 1.189178 
13 0.000001 1.189634 
14 0.000001 1.190089 
15 0.000001 1.190545 
16 0.000000 1.191000 
17 0.000000 1.191455 
18 0.000000 1.191910 
19 0.000000 1.192365 
20 0.000000 1.192820 
21 0.000000 1.193275 
22 0.000000 1.193730 
23 0.000000 1.194185 
24 0.000000 1.194639 
25 0.000000 1.195094 
26 0.000000 1.195548 
27 0.000000 1.196003 
28 0.000000 1.196457 
29 0.000000 1.196911 
30 0.000000 1.197365 
31 0.000000 1.197820 
32 0.000000 1.198274 
33 0.000000 1.198728 
34 0.000000 1.199182 
35 0.000000 1.199635 
36 0.000000 1.200089 
37 0.000000 1.200543 
38 0.000000 1.200996 
39 0.000000 1.201450 
40 0.000000 1.201903 
41 0.000000 1.202357 
42 0.000000 1.202810 
43 0.000000 1.203263 
44 0.000000 1.203716 
45 0.000000 1.204169 
46 0.000000 1.204622 
47 0.000000 1.205075 
48 0.000000 1.205528 
49 0.000000 1.205981 
50 0.000000 1.206434 
51 0.000000 1.206886 
52 0.000000 1.207339 
53 0.000000 1.207791 
54 0.000000 1.208244 
55 0.000000 1.208696 
56 0.000000 1.209148 
57 0.000000 1.209601 
58 0.000000 1.210053 
59 0.000000 1.210505 
60 0.000000 1.210957 
61 0.000000 1.211408 
62 0.000000 1.211860 
63 0.000000 1.212312 
64 0.000000 1.212764 
65 0.000000 1.213215 
66 0.000000 1.213667 
67 0.000000 1.214118 
68 0.000000 1.214569 
69 0.000000 1.215021 
70 0.000000 1.215472 
71 0.000000 1.215923 
72 0.000000 1.216374 
73 0.000000 1.216825 
74 0.000000 1.217276 
75 0.000000 1.217727 
76 0.000000 1.218177 
77 0.000000 1.218628 
78 0.000000 1.219079 
79 0.000000 1.219529 
80 0.000000 1.219979 
81 0.000000 1.220430 
82 0.000000 1.220880 
83 0.000000 1.221330 
84 0.000000 1.221780 
85 0.000000 1.222230 
86 0.000000 1.222680 
87 0.000000 1.223130 
88 0.000000 1.223580 
89 0.000000 1.224030 
90 0.000000 1.224480 
91 0.000000 1.224929 
92 0.000000 1.225379 
93 0.000000 1.225828 
94 0.000000 1.226277 
95 0.000000 1.226727 
96 0.000000 1.227176 
97 0.000000 1.227625 
98 0.000000 1.228074 
99 0.000000 1.228523 
100 0.000000 1.228972 
101 0.000000 1.229421 
102 0.000000 1.229869 
103 0.000000 1.230318 
104 0.000000 1.230767 
105 0.000000 1.231215 
106 0.000000 1.231664 
107 0.000000 1.232112 
108 0.000000 1.232560 
109 0.000000 1.233008 
110 0.000000 1.233457 
111 0.000000 1.233905 
112 0.000000 1.234353 
113 0.000000 1.234801 
114 0.000000 1.235248 
115 0.000000 1.235696 
116 0.000000 1.236144 
117 0.000000 1.236591 
118 0.000000 1.237039 
119 0.000000 1.237486 
120 0.000000 1.237934 
121 0.000000 1.238381 
122 0.000000 1.238828 
123 0.000000 1.239275 
124 0.000000 1.239722 
125 0.000000 1.240169 
126 0.000000 1.240616 
127 0.000000 1.241063 
128 0.000000 1.241510 
129 0.000000 1.241956 
130 0.000000 1.242403 
131 0.000000 1.242849 
132 0.000000 1.243296 
133 0.000000 1.243742 
134 0.000000 1.244188 
135 0.000000 1.244635 
136 0.000000 1.245081 
137 0.000000 1.245527 
138 0.000000 1.245973 
139 0.000000 1.246419 
140 0.000000 1.246864 
141 0.000000 1.247310 
142 0.000000 1.247756 
143 0.000000 1.248201 
144 0.000000 1.248647 
145 0.000000 1.249092 
146 0.000000 1.249538 
147 0.000000 1.249983 
148 0.000000 1.250428 
149 0.000000 1.250873 
150 0.000000 1.251318 
151 0.000000 1.251763 
152 0.000000 1.252208 
153 0.000000 1.252653 
154 0.000000 1.253097 
155 0.000000 1.253542 
156 0.000000 1.253987 
157 0.000000 1.254431 
158 0.000000 1.254875 
159 0.000000 1.255320 
160 0.000000 1.255764 
161 0.000000 1.256208 
162 0.000000 1.256652 
163 0.000000 1.257096 
164 0.000000 1.257540 
165 0.000000 1.257984 
166 0.000000 1.258428 
167 0.000000 1.258871 
168 0.000000 1.259315 
169 0.000000 1.259759 
170 0.000000 1.260202 
171 0.000000 1.260645 
172 0.000000 1.261089 
173 0.000000 1.261532 
174 0.000000 1.261975 
175 0.000000 1.262418 
176 0.000000 1.262861 
177 0.000000 1.263304 
178 0.000000 1.263747 
179 0.000000 1.264189 
180 0.000000 1.264632 
181 0.000000 1.265075 
182 0.000000 1.265517 
183 0.000000 1.265960 
184 0.000000 1.266402 
185 0.000000 1.266844 
186 0.000000 1.267286 
187 0.000000 1.267729 
188 0.000000 1.268171 
189 0.000000 1.268613 
190 0.000000 1.269054 
191 0.000000 1.269496 
192 0.000000 1.269938 
193 0.000000 1.270380 
194 0.000000 1.270821 
195 0.000000 1.271263 
196 0.000000 1.271704 
197 0.000000 1.272145 
198 0.000000 1.272586 
199 0.000000 1.273028 
200 0.000000 1.273469 
201 0.000000 1.273910 
202 0.000000 1.274351 
203 0.000000 1.274791 
204 0.000000 1.275232 
205 0.000000 1.275673 
206 0.000000 1.276113 
207 0.000000 1.276554 
208 0.000000 1.276994 
209 0.000000 1.277435 
210 0.000000 1.277875 
211 0.000000 1.278315 
212 0.000000 1.278755 
213 0.000000 1.279195 
214 0.000000 1.279635 
215 0.000000 1.280075 
216 0.000000 1.280515 
217 0.000000 1.280955 
218 0.000000 1.281394 
219 0.000000 1.281834 
220 0.000000 1.282273 
221 0.000000 1.282713 
222 0.000000 1.283152 
223 0.000000 1.283591 
224 0.000000 1.284031 
225 0.000000 1.284470 
226 0.000000 1.284909 
227 0.000000 1.285348 
228 0.000000 1.285786 
229 0.000000 1.286225 
230 0.000000 1.286664 
231 0.000000 1.287102 
232 0.000000 1.287541 
233 0.000000 1.287979 
234 0.000000 1.288418 
235 0.000000 1.288856 
236 0.000000 1.289294 
237 0.000000 1.289732 
238 0.000000 1.290170 
239 0.000000 1.290608 
240 0.000000 1.291046 
241 0.000000 1.291484 
242 0.000000 1.291922 
243 0.000000 1.292359 
244 0.000000 1.292797 
245 0.000000 1.293234 
246 0.000000 1.293672 
247 0.000000 1.294109 
248 0.000000 1.294546 
249 0.000000 1.294983 
250 0.000000 1.295420 
251 0.000000 1.295857 
252 0.000000 1.296294 
253 0.000000 1.296731 
254 0.000000 1.297168 
255 0.000000 1.297604 
256 0.000000 1.298041 
257 0.000000 1.298478 
258 0.000000 1.298914 
259 0.000000 1.299350 
260 0.000000 1.299787 
261 0.000000 1.300223 
262 0.000000 1.300659 
263 0.000000 1.301095 
264 0.000000 1.301531 
265 0.000000 1.301967 
266 0.000000 1.302402 
267 0.000000 1.302838 
268 0.000000 1.303274 
269 0.000000 1.303709 
270 0.000000 1.304145 
271 0.000000 1.304580 
272 0.000000 1.305015 
273 0.000000 1.305450 
274 0.000000 1.305885 
275 0.000000 1.306321 
276 0.000000 1.306755 
277 0.000000 1.307190 
278 0.000000 1.307625 
279 0.000000 1.308060 
280 0.000000 1.308494 
281 0.000000 1.308929 
282 0.000000 1.309363 
283 0.000000 1.309798 
284 0.000000 1.310232 
285 0.000000 1.310666 
286 0.000000 1.311100 
287 0.000000 1.311534 
288 0.000000 1.311968 
289 0.000000 1.312402 
290 0.000000 1.312836 
291 0.000000 1.313270 
292 0.000000 1.313703 
293 0.000000 1.314137 
294 0.000000 1.314571 
295 0.000000 1.315004 
296 0.000000 1.315437 
297 0.000000 1.315870 
298 0.000000 1.316304 
299 0.000000 1.316737 
300 0.000000 1.317170 
301 0.000000 1.317603 
302 0.000000 1.318035 
303 0.000000 1.318468 
304 0.000000 1.318901 
305 0.000000 1.319333 
306 0.000000 1.319766 
307 0.000000 1.320198 
308 0.000000 1.320630 
309 0.000000 1.321063 
310 0.000000 1.321495 
311 0.000000 1.321927 
312 0.000000 1.322359 
313 0.000000 1.322791 
314 0.000000 1.323223 
315 0.000000 1.323654 
316 0.000000 1.324086 
317 0.000000 1.324518 
318 0.000000 1.324949 
319 0.000000 1.325381 
320 0.000000 1.325812 
321 0.000000 1.326243 
322 0.000000 1.326674 
323 0.000000 1.327105 
324 0.000000 1.327536 
325 0.000000 1.327967 
326 0.000000 1.328398 
327 0.000000 1.328829 
328 0.000000 1.329260 
329 0.000000 1.329690 
330 0.000000 1.330121 
331 0.000000 1.330551 
332 0.000000 1.330981 
333 0.000000 1.331412 
334 0.000000 1.331842 
335 0.000000 1.332272 
336 0.000000 1.332702 
337 0.000000 1.333132 
338 0.000000 1.333562 
339 0.000000 1.333991 
340 0.000000 1.334421 
341 0.000000 1.334851 
342 0.000000 1.335280 
343 0.000000 1.335710 
344 0.000000 1.336139 
345 0.000000 1.336568 
346 0.000000 1.336997 
347 0.000000 1.337426 
348 0.000000 1.337855 
349 0.000000 1.338284 
350 0.000000 1.338713 
351 0.000000 1.339142 
352 0.000000 1.339570 
353 0.000000 1.339999 
354 0.000000 1.340428 
355 0.000000 1.340856 
356 0.000000 1.341284 
357 0.000000 1.341713 
358 0.000000 1.342141 
359 0.000000 1.342569 
360 0.000000 1.342997 
361 0.000000 1.343425 
362 0.000000 1.343852 
363 0.000000 1.344280 
364 0.000000 1.344708 
365 0.000000 1.345135 
366 0.000000 1.345563 
367 0.000000 1.345990 
368 0.000000 1.346418 
369 0.000000 1.346845 
370 0.000000 1.347272 
371 0.000000 1.347699 
372 0.000000 1.348126 
373 0.000000 1.348553 
374 0.000000 1.348980 
375 0.000000 1.349407 
376 0.000000 1.349833 
377 0.000000 1.350260 
378 0.000000 1.350686 
379 0.000000 1.351113 
380 0.000000 1.351539 
381 0.000000 1.351965 
382 0.000000 1.352391 
383 0.000000 1.352817 
384 0.000000 1.353243 
385 0.000000 1.353669 
386 0.000000 1.354095 
387 0.000000 1.354521 
388 0.000000 1.354946 
389 0.000000 1.355372 
390 0.000000 1.355797 
391 0.000000 1.356223 
392 0.000000 1.356648 
393 0.000000 1.357073 
394 0.000000 1.357498 
395 0.000000 1.357923 
396 0.000000 1.358348 
397 0.000000 1.358773 
398 0.000000 1.359198 
399 0.000000 1.359623 
400 0.000000 1.360047 
401 0.000000 1.360472 
402 0.000000 1.360896 
403 0.000000 1.361321 
404 0.000000 1.361745 
405 0.000000 1.362169 
406 0.000000 1.362593 
407 0.000000 1.363017 
408 0.000000 1.363441 
409 0.000000 1.363865 
410 0.000000 1.364289 
411 0.000000 1.364712 
412 0.000000 1.365136 
413 0.000000 1.365560 
414 0.000000 1.365983 
415 0.000000 1.366406 
416 0.000000 1.366830 
417 0.000000 1.367253 
418 0.000000 1.367676 
419 0.000000 1.368099 
420 0.000000 1.368522 
421 0.000000 1.368945 
422 0.000000 1.369367 
423 0.000000 1.369790 
424 0.000000 1.370213 
425 0.000000 1.370635 
426 0.000000 1.371057 
427 0.000000 1.371480 
428 0.000000 1.371902 
429 0.000000 1.372324 
430 0.000000 1.372746 
431 0.000000 1.373168 
432 0.000000 1.373590 
433 0.000000 1.374012 
434 0.000000 1.374433 
435 0.000000 1.374855 
436 0.000000 1.375277 
437 0.000000 1.375698 
438 0.000000 1.376119 
439 0.000000 1.376541 
440 0.000000 1.376962 
441 0.000000 1.377383 
442 0.000000 1.377804 
443 0.000000 1.378225 
444 0.000000 1.378646 
445 0.000000 1.379067 
446 0.000000 1.379487 
447 0.000000 1.379908 
448 0.000000 1.380328 
449 0.000000 1.380749 
450 0.000000 1.381169 
451 0.000000 1.381589 
452 0.000000 1.382010 
453 0.000000 1.382430 
454 0.000000 1.382850 
455 0.000000 1.383269 
456 0.000000 1.383689 
457 0.000000 1.384109 
458 0.000000 1.384529 
459 0.000000 1.384948 
460 0.000000 1.385368 
461 0.000000 1.385787 
462 0.000000 1.386206 
463 0.000000 1.386626 
464 0.000000 1.387045 
465 0.000000 1.387464 
466 0.000000 1.387883 
467 0.000000 1.388302 
468 0.000000 1.388720 
469 0.000000 1.389139 
470 0.000000 1.389558 
471 0.000000 1.389976 
472 0.000000 1.390395 
473 0.000000 1.390813 
474 0.000000 1.391231 
475 0.000000 1.391649 
476 0.000000 1.392067 
477 0.000000 1.392485 
478 0.000000 1.392903 
479 0.000000 1.393321 
480 0.000000 1.393739 
481 0.000000 1.394156 
482 0.000000 1.394574 
483 0.000000 1.394991 
484 0.000000 1.395409 
485 0.000000 1.395826 
486 0.000000 1.396243 
487 0.000000 1.396660 
488 0.000000 1.397078 
489 0.000000 1.397494 
490 0.000000 1.397911 
491 0.000000 1.398328 
492 0.000000 1.398745 
493 0.000000 1.399161 
494 0.000000 1.399578 
495 0.000000 1.399994 
496 0.000000 1.400411 
497 0.000000 1.400827 
498 0.000000 1.401243 
499 0.000000 1.401659 
500 0.000000 1.402075 
501 0.000000 1.402491 
502 0.000000 1.402907 
503 0.000000 1.403323 
504 0.000000 1.403738 
505 0.000000 1.404154 
506 0.000000 1.404569 
507 0.000000 1.404985 
508 0.000000 1.405400 
509 0.000000 1.405815 
510 0.000000 1.406230 
511 0.000000 1.406645 
512 0.000000 1.407060 
513 0.000000 1.407475 
514 0.000000 1.407890 
515 0.000000 1.408304 
516 0.000000 1.408719 
517 0.000000 1.409133 
518 0.000000 1.409548 
519 0.000000 1.409962 
520 0.000000 1.410376 
521 0.000000 1.410790 
522 0.000000 1.411204 
523 0.000000 1.411618 
524 0.000000 1.412032 
525 0.000000 1.412446 
526 0.000000 1.412860 
527 0.000000 1.413273 
528 0.000000 1.413687 
529 0.000000 1.414100 
530 0.000000 1.414514 
531 0.000000 1.414927 
532 0.000000 1.415340 
533 0.000000 1.415753 
534 0.000000 1.416166 
535 0.000000 1.416579 
536 0.000000 1.416992 
537 0.000000 1.417405 
538 0.000000 1.417817 
539 0.000000 1.418230 
540 0.000000 1.418642 
541 0.000000 1.419055 
542 0.000000 1.419467 
543 0.000000 1.419879 
544 0.000000 1.420291 
545 0.000000 1.420703 
546 0.000000 1.421115 
547 0.000000 1.421527 
548 0.000000 1.421939 
549 0.000000 1.422350 
550 0.000000 1.422762 
551 0.000000 1.423173 
552 0.000000 1.423585 
553 0.000000 1.423996 
554 0.000000 1.424407 
555 0.000000 1.424818 
556 0.000000 1.425230 
557 0.000000 1.425640 
558 0.000000 1.426051 
559 0.000000 1.426462 
560 0.000000 1.426873 
561 0.000000 1.427283 
562 0.000000 1.427694 
563 0.000000 1.428104 
564 0.000000 1.428515 
565 0.000000 1.428925 
566 0.000000 1.429335 
567 0.000000 1.429745 
568 0.000000 1.430155 
569 0.000000 1.430565 
570 0.000000 1.430975 
571 0.000000 1.431384 
572 0.000000 1.431794 
573 0.000000 1.432203 
574 0.000000 1.432613 
575 0.000000 1.433022 
576 0.000000 1.433432 
577 0.000000 1.433841 
578 0.000000 1.434250 
579 0.000000 1.434659 
580 0.000000 1.435068 
581 0.000000 1.435476 
582 0.000000 1.435885 
583 0.000000 1.436294 
584 0.000001 1.436702 
585 0.000001 1.437111 
586 0.000001 1.437519 
587 0.000001 1.437927 
588 0.000001 1.438336 
589 0.000001 1.438744 
590 0.000001 1.439152 
591 0.000001 1.439559 
592 0.000001 1.439967 
593 0.000001 1.440375 
594 0.000001 1.440783 
595 0.000001 1.441190 
596 0.000001 1.441598 
597 0.000001 1.442005 
598 0.000001 1.442412 
599 0.000001 1.442819 
600 0.000001 1.443227 
601 0.000001 1.443634 
602 0.000001 1.444040 
603 0.000001 1.444447 
604 0.000001 1.444854 
605 0.000001 1.445261 
606 0.000001 1.445667 
607 0.000001 1.446074 
608 0.000001 1.446480 
609 0.000002 1.446886 
610 0.000002 1.447293 
611 0.000002 1.447699 
612 0.000002 1.448105 
613 0.000002 1.448511 
614 0.000002 1.448916 
615 0.000002 1.449322 
616 0.000002 1.449728 
617 0.000002 1.450133 
618 0.000002 1.450539 
619 0.000002 1.450944 
620 0.000003 1.451349 
621 0.000003 1.451755 
622 0.000003 1.452160 
623 0.000003 1.452565 
624 0.000003 1.452970 
625 0.000003 1.453375 
626 0.000003 1.453779 
627 0.000003 1.454184 
628 0.000004 1.454588 
629 0.000004 1.454993 
630 0.000004 1.455397 
631 0.000004 1.455802 
632 0.000004 1.456206 
633 0.000004 1.456610 
634 0.000005 1.457014 
635 0.000005 1.457418 
636 0.000005 1.457822 
637 0.000005 1.458225 
638 0.000005 1.458629 
639 0.000006 1.459033 
640 0.000006 1.459436 
641 0.000006 1.459839 
642 0.000006 1.460243 
643 0.000007 1.460646 
644 0.000007 1.461049 
645 0.000007 1.461452 
646 0.000008 1.461855 
647 0.000008 1.462258 
648 0.000008 1.462660 
649 0.000009 1.463063 
650 0.000009 1.463466 
651 0.000009 1.463868 
652 0.000010 1.464270 
653 0.000010 1.464673 
654 0.000011 1.465075 
655 0.000011 1.465477 
656 0.000012 1.465879 
657 0.000012 1.466281 
658 0.000013 1.466683 
659 0.000013 1.467085 
660 0.000014 1.467486 
661 0.000014 1.467888 
662 0.000015 1.468289 
663 0.000015 1.468690 
664 0.000016 1.469092 
665 0.000017 1.469493 
666 0.000017 1.469894 
667 0.000018 1.470295 
668 0.000019 1.470696 
669 0.000020 1.471097 
670 0.000020 1.471497 
671 0.000021 1.471898 
672 0.000022 1.472299 
673 0.000023 1.472699 
674 0.000024 1.473099 
675 0.000025 1.473500 
676 0.000026 1.473900 
677 0.000027 1.474300 
678 0.000028 1.474700 
679 0.000029 1.475100 
680 0.000030 1.475500 
681 0.000032 1.475899 
682 0.000033 1.476299 
683 0.000034 1.476698 
684 0.000035 1.477098 
685 0.000037 1.477497 
686 0.000038 1.477896 
687 0.000040 1.478296 
688 0.000042 1.478695 
689 0.000043 1.479094 
690 0.000045 1.479492 
691 0.000047 1.479891 
692 0.000048 1.480290 
693 0.000050 1.480689 
694 0.000052 1.481087 
695 0.000054 1.481485 
696 0.000057 1.481884 
697 0.000059 1.482282 
698 0.000061 1.482680 
699 0.000064 1.483078 
700 0.000066 1.483476 
701 0.000069 1.483874 
702 0.000071 1.484272 
703 0.000074 1.484669 
704 0.000077 1.485067 
705 0.000080 1.485464 
706 0.000083 1.485862 
707 0.000086 1.486259 
708 0.000089 1.486656 
709 0.000093 1.487053 
710 0.000096 1.487450 
711 0.000100 1.487847 
712 0.000104 1.488244 
713 0.000108 1.488641 
714 0.000112 1.489038 
715 0.000116 1.489434 
716 0.000121 1.489831 
717 0.000125 1.490227 
718 0.000130 1.490623 
719 0.000135 1.491019 
720 0.000140 1.491416 
721 0.000145 1.491812 
722 0.000151 1.492207 
723 0.000156 1.492603 
724 0.000162 1.492999 
725 0.000168 1.493395 
726 0.000175 1.493790 
727 0.000181 1.494186 
728 0.000188 1.494581 
729 0.000195 1.494976 
730 0.000202 1.495371 
731 0.000209 1.495766 
732 0.000217 1.496161 
733 0.000225 1.496556 
734 0.000233 1.496951 
735 0.000242 1.497346 
736 0.000251 1.497740 
737 0.000260 1.498135 
738 0.000270 1.498529 
739 0.000279 1.498923 
740 0.000290 1.499318 
741 0.000300 1.499712 
742 0.000311 1.500106 
743 0.000322 1.500500 
744 0.000334 1.500894 
745 0.000346 1.501287 
746 0.000358 1.501681 
747 0.000371 1.502075 
748 0.000385 1.502468 
749 0.000398 1.502861 
750 0.000413 1.503255 
751 0.000427 1.503648 
752 0.000442 1.504041 
753 0.000458 1.504434 
754 0.000474 1.504827 
755 0.000491 1.505220 
756 0.000509 1.505612 
757 0.000526 1.506005 
758 0.000545 1.506398 
759 0.000564 1.506790 
760 0.000584 1.507182 
761 0.000604 1.507575 
762 0.000625 1.507967 
763 0.000647 1.508359 
764 0.000670 1.508751 
765 0.000693 1.509143 
766 0.000717 1.509534 
767 0.000742 1.509926 
768 0.000768 1.510318 
769 0.000794 1.510709 
770 0.000821 1.511101 
771 0.000849 1.511492 
772 0.000879 1.511883 
773 0.000909 1.512274 
774 0.000940 1.512665 
775 0.000972 1.513056 
776 0.001005 1.513447 
777 0.001039 1.513838 
778 0.001074 1.514228 
779 0.001110 1.514619 
780 0.001148 1.515009 
781 0.001186 1.515400 
782 0.001226 1.515790 
783 0.001267 1.516180 
784 0.001310 1.516570 
785 0.001354 1.516960 
786 0.001399 1.517350 
787 0.001445 1.517740 
788 0.001493 1.518130 
789 0.001543 1.518519 
790 0.001594 1.518909 
791 0.001646 1.519298 
792 0.001701 1.519687 
793 0.001757 1.520077 
794 0.001814 1.520466 
795 0.001874 1.520855 
796 0.001935 1.521244 
797 0.001998 1.521633 
798 0.002063 1.522021 
799 0.002130 1.522410 
800 0.002199 1.522798 
801 0.002270 1.523187 
802 0.002344 1.523575 
803 0.002419 1.523964 
804 0.002497 1.524352 
805 0.002577 1.524740 
806 0.002660 1.525128 
807 0.002745 1.525516 
808 0.002832 1.525903 
809 0.002923 1.526291 
810 0.003015 1.526679 
811 0.003111 1.527066 
812 0.003209 1.527454 
813 0.003311 1.527841 
814 0.003415 1.528228 
815 0.003522 1.528615 
816 0.003633 1.529002 
817 0.003747 1.529389 
818 0.003864 1.529776 
819 0.003984 1.530163 
820 0.004108 1.530550 
821 0.004236 1.530936 
822 0.004367 1.531323 
823 0.004502 1.531709 
824 0.004641 1.532095 
825 0.004784 1.532481 
826 0.004930 1.532867 
827 0.005082 1.533253 
828 0.005237 1.533639 
829 0.005397 1.534025 
830 0.005561 1.534411 
831 0.005730 1.534796 
832 0.005904 1.535182 
833 0.006083 1.535567 
834 0.006266 1.535953 
835 0.006455 1.536338 
836 0.006649 1.536723 
837 0.006848 1.537108 
838 0.007053 1.537493 
839 0.007264 1.537878 
840 0.007480 1.538262 
841 0.007703 1.538647 
842 0.007931 1.539031 
843 0.008166 1.539416 
844 0.008407 1.539800 
845 0.008655 1.540185 
846 0.008910 1.540569 
847 0.009171 1.540953 
848 0.009439 1.541337 
849 0.009715 1.541721 
850 0.009998 1.542104 
851 0.010289 1.542488 
852 0.010587 1.542872 
853 0.010894 1.543255 
854 0.011208 1.543638 
855 0.011531 1.544022 
856 0.011863 1.544405 
857 0.012203 1.544788 
858 0.012552 1.545171 
859 0.012911 1.545554 
860 0.013278 1.545937 
861 0.013656 1.546319 
862 0.014043 1.546702 
863 0.014440 1.547084 
864 0.014848 1.547467 
865 0.015266 1.547849 
866 0.015695 1.548231 
867 0.016135 1.548614 
868 0.016586 1.548996 
869 0.017049 1.549378 
870 0.017523 1.549759 
871 0.018010 1.550141 
872 0.018508 1.550523 
873 0.019020 1.550904 
874 0.019544 1.551286 
875 0.020082 1.551667 
876 0.020633 1.552048 
877 0.021197 1.552429 
878 0.021776 1.552811 
879 0.022369 1.553191 
880 0.022977 1.553572 
881 0.023600 1.553953 
882 0.024239 1.554334 
883 0.024892 1.554714 
884 0.025562 1.555095 
885 0.026249 1.555475 
886 0.026952 1.555855 
887 0.027672 1.556236 
888 0.028409 1.556616 
889 0.029165 1.556996 
890 0.029938 1.557376 
891 0.030730 1.557755 
892 0.031541 1.558135 
893 0.032371 1.558515 
894 0.033222 1.558894 
895 0.034092 1.559274 
896 0.034983 1.559653 
897 0.035894 1.560032 
898 0.036827 1.560411 
899 0.037782 1.560790 
900 0.038760 1.561169 
901 0.039760 1.561548 
902 0.040783 1.561927 
903 0.041830 1.562305 
904 0.042901 1.562684 
905 0.043997 1.563062 
906 0.045118 1.563441 
907 0.046264 1.563819 
908 0.047437 1.564197 
909 0.048636 1.564575 
910 0.049862 1.564953 
911 0.051116 1.565331 
912 0.052398 1.565709 
913 0.053709 1.566086 
914 0.055049 1.566464 
915 0.056419 1.566841 
916 0.057820 1.567219 
917 0.059251 1.567596 
918 0.060714 1.567973 
919 0.062209 1.568350 
920 0.063737 1.568727 
921 0.065298 1.569104 
922 0.066894 1.569481 
923 0.068523 1.569857 
924 0.070188 1.570234 
925 0.071889 1.570610 
926 0.073627 1.570987 
927 0.075402 1.571363 
928 0.077214 1.571739 
929 0.079065 1.572115 
930 0.080955 1.572491 
931 0.082886 1.572867 
932 0.084856 1.573243 
933 0.086868 1.573619 
934 0.088923 1.573994 
935 0.091019 1.574370 
936 0.093160 1.574745 
937 0.095345 1.575120 
938 0.097574 1.575495 
939 0.099850 1.575871 
940 0.102172 1.576246 
941 0.104541 1.576620 
942 0.106959 1.576995 
943 0.109425 1.577370 
944 0.111941 1.577745 
945 0.114508 1.578119 
946 0.117126 1.578493 
947 0.119796 1.578868 
948 0.122520 1.579242 
949 0.125297 1.579616 
950 0.128129 1.579990 
951 0.131017 1.580364 
952 0.133961 1.580738 
953 0.136963 1.581112 
954 0.140023 1.581485 
955 0.143143 1.581859 
956 0.146322 1.582232 
957 0.149563 1.582605 
958 0.152865 1.582979 
959 0.156231 1.583352 
960 0.159661 1.583725 
961 0.163155 1.584098 
962 0.166715 1.584471 
963 0.170342 1.584843 
964 0.174037 1.585216 
965 0.177801 1.585588 
966 0.181635 1.585961 
967 0.185539 1.586333 
968 0.189515 1.586705 
969 0.193564 1.587078 
970 0.197687 1.587450 
971 0.201885 1.587821 
972 0.206159 1.588193 
973 0.210510 1.588565 
974 0.214939 1.588937 
975 0.219448 1.589308 
976 0.224036 1.589680 
977 0.228706 1.590051 
978 0.233459 1.590422 
979 0.238295 1.590793 
980 0.243216 1.591164 
981 0.248222 1.591535 
982 0.253316 1.591906 
983 0.258497 1.592277 
984 0.263768 1.592648 
985 0.269129 1.593018 
986 0.274581 1.593389 
987 0.280126 1.593759 
988 0.285765 1.594129 
989 0.291498 1.594499 
990 0.297328 1.594869 
991 0.303255 1.595239 
992 0.309281 1.595609 
993 0.315406 1.595979 
994 0.321632 1.596348 
995 0.327960 1.596718 
996 0.334391 1.597087 
997 0.340926 1.597457 
998 0.347567 1.597826 
999 0.354315 1.598195 
1000 0.361170 1.598564 
1001 0.368135 1.598933 
1002 0.375211 1.599302 
1003 0.382398 1.599671 
1004 0.389697 1.600039 
1005 0.397111 1.600408 
1006 0.404640 1.600776 
1007 0.412286 1.601145 
1008 0.420049 1.601513 
1009 0.427931 1.601881 
1010 0.435933 1.602249 
1011 0.444057 1.602617 
1012 0.452303 1.602985 
1013 0.460673 1.603353 
1014 0.469167 1.603720 
1015 0.477788 1.604088 
1016 0.486537 1.604455 
1017 0.495414 1.604823 
1018 0.504420 1.605190 
1019 0.513558 1.605557 
1020 0.522828 1.605924 
1021 0.532232 1.606291 
1022 0.541770 1.606658 
1023 0.551443 1.607025 
1024 0.561254 1.607391 
1025 0.571203 1.607758 
1026 0.581291 1.608124 
1027 0.591519 1.608491 
1028 0.601890 1.608857 
1029 0.612403 1.609223 
1030 0.623059 1.609589 
1031 0.633861 1.609955 
1032 0.644809 1.610321 
1033 0.655905 1.610686 
1034 0.667148 1.611052 
1035 0.678542 1.611418 
1036 0.690085 1.611783 
1037 0.701781 1.612148 
1038 0.713629 1.612514 
1039 0.725631 1.612879 
1040 0.737787 1.613244 
1041 0.750100 1.613609 
1042 0.762569 1.613974 
1043 0.775197 1.614338 
1044 0.787983 1.614703 
1045 0.800929 1.615067 
1046 0.814036 1.615432 
1047 0.827304 1.615796 
1048 0.840735 1.616160 
1049 0.854330 1.616524 
1050 0.868089 1.616888 
1051 0.882014 1.617252 
1052 0.896105 1.617616 
1053 0.910362 1.617980 
1054 0.924788 1.618344 
1055 0.939383 1.618707 
1056 0.954147 1.619070 
1057 0.969081 1.619434 
1058 0.984186 1.619797 
1059 0.999463 1.620160 
1060 1.014912 1.620523 
1061 1.030535 1.620886 
1062 1.046331 1.621249 
1063 1.062302 1.621612 
1064 1.078447 1.621974 
1065 1.094769 1.622337 
1066 1.111266 1.622699 
1067 1.127940 1.623061 
1068 1.144791 1.623424 
1069 1.161820 1.623786 
1070 1.179027 1.624148 
1071 1.196413 1.624510 
1072 1.213978 1.624871 
1073 1.231722 1.625233 
1074 1.249645 1.625595 
1075 1.267749 1.625956 
1076 1.286033 1.626317 
1077 1.304497 1.626679 
1078 1.323142 1.627040 
1079 1.341968 1.627401 
1080 1.360975 1.627762 
1081 1.380164 1.628123 
1082 1.399533 1.628484 
1083 1.419084 1.628844 
1084 1.438817 1.629205 
1085 1.458730 1.629565 
1086 1.478826 1.629926 
1087 1.499102 1.630286 
1088 1.519559 1.630646 
1089 1.540198 1.631006 
1090 1.561017 1.631366 
1091 1.582017 1.631726 
1092 1.603197 1.632086 
1093 1.624556 1.632445 
1094 1.646096 1.632805 
1095 1.667815 1.633164 
1096 1.689712 1.633524 
1097 1.711788 1.633883 
1098 1.734042 1.634242 
1099 1.756473 1.634601 
1100 1.779081 1.634960 
1101 1.801865 1.635319 
1102 1.824825 1.635678 
1103 1.847959 1.636036 
1104 1.871267 1.636395 
1105 1.894748 1.636753 
1106 1.918402 1.637112 
1107 1.942227 1.637470 
1108 1.966222 1.637828 
1109 1.990387 1.638186 
1110 2.014721 1.638544 
1111 2.039222 1.638902 
1112 2.063889 1.639259 
1113 2.088721 1.639617 
1114 2.113718 1.639975 
1115 2.138877 1.640332 
1116 2.164198 1.640689 
1117 2.189679 1.641046 
1118 2.215319 1.641404 
1119 2.241115 1.641761 
1120 2.267068 1.642117 
1121 2.293175 1.642474 
1122 2.319435 1.642831 
1123 2.345846 1.643188 
1124 2.372406 1.643544 
1125 2.399115 1.643900 
1126 2.425969 1.644257 
1127 2.452967 1.644613 
1128 2.480107 1.644969 
1129 2.507388 1.645325 
1130 2.534808 1.645681 
1131 2.562364 1.646036 
1132 2.590054 1.646392 
1133 2.617876 1.646748 
1134 2.645829 1.647103 
1135 2.673910 1.647458 
1136 2.702116 1.647814 
1137 2.730446 1.648169 
1138 2.758897 1.648524 
1139 2.787466 1.648879 
1140 2.816152 1.649234 
1141 2.844952 1.649588 
1142 2.873862 1.649943 
1143 2.902882 1.650298 
1144 2.932007 1.650652 
1145 2.961236 1.651006 
1146 2.990566 1.651361 
1147 3.019993 1.651715 
1148 3.049516 1.652069 
1149 3.079131 1.652423 
1150 3.108835 1.652776 
1151 3.138625 1.653130 
1152 3.168499 1.653484 
1153 3.198454 1.653837 
1154 3.228485 1.654191 
1155 3.258591 1.654544 
1156 3.288768 1.654897 
1157 3.319013 1.655250 
1158 3.349322 1.655603 
1159 3.379692 1.655956 
1160 3.410120 1.656309 
1161 3.440603 1.656661 
1162 3.471137 1.657014 
1163 3.501719 1.657366 
1164 3.532344 1.657719 
1165 3.563011 1.658071 
1166 3.593714 1.658423 
1167 3.624451 1.658775 
1168 3.655217 1.659127 
1169 3.686010 1.659479 
1170 3.716825 1.659831 
1171 3.747659 1.660182 
1172 3.778507 1.660534 
1173 3.809367 1.660885 
1174 3.840233 1.661237 
1175 3.871103 1.661588 
1176 3.901972 1.661939 
1177 3.932836 1.662290 
1178 3.963692 1.662641 
1179 3.994535 1.662992 
1180 4.025361 1.663342 
1181 4.056167 1.663693 
1182 4.086947 1.664043 
1183 4.117699 1.664394 
1184 4.148417 1.664744 
1185 4.179098 1.665094 
1186 4.209738 1.665444 
1187 4.240331 1.665794 
1188 4.270875 1.666144 
1189 4.301364 1.666494 
1190 4.331794 1.666844 
1191 4.362162 1.667193 
1192 4.392463 1.667543 
1193 4.422691 1.667892 
1194 4.452844 1.668241 
1195 4.482917 1.668590 
1196 4.512904 1.668939 
1197 4.542803 1.669288 
1198 4.572608 1.669637 
1199 4.602315 1.669986 
1200 4.631919 1.670334 
1201 4.661417 1.670683 
1202 4.690804 1.671031 
1203 4.720074 1.671380 
1204 4.749224 1.671728 
1205 4.778250 1.672076 
1206 4.807146 1.672424 
1207 4.835909 1.672772 
1208 4.864534 1.673119 
1209 4.893015 1.673467 
1210 4.921350 1.673815 
1211 4.949533 1.674162 
1212 4.977560 1.674510 
1213 5.005427 1.674857 
1214 5.033128 1.675204 
1215 5.060660 1.675551 
1216 5.088018 1.675898 
1217 5.115197 1.676245 
1218 5.142194 1.676591 
1219 5.169004 1.676938 
1220 5.195622 1.677285 
1221 5.222044 1.677631 
1222 5.248265 1.677977 
1223 5.274282 1.678324 
1224 5.300090 1.678670 
1225 5.325684 1.679016 
1226 5.351061 1.679361 
1227 5.376215 1.679707 
1228 5.401144 1.680053 
1229 5.425842 1.680399 
1230 5.450305 1.680744 
1231 5.474529 1.681089 
1232 5.498510 1.681435 
1233 5.522244 1.681780 
1234 5.545727 1.682125 
1235 5.568954 1.682470 
1236 5.591922 1.682815 
1237 5.614626 1.683159 
1238 5.637063 1.683504 
1239 5.659229 1.683848 
1240 5.681119 1.684193 
1241 5.702731 1.684537 
1242 5.724059 1.684881 
1243 5.745101 1.685226 
1244 5.765852 1.685570 
1245 5.786309 1.685913 
1246 5.806469 1.686257 
1247 5.826327 1.686601 
1248 5.845880 1.686944 
1249 5.865124 1.687288 
1250 5.884057 1.687631 
1251 5.902674 1.687975 
1252 5.920972 1.688318 
1253 5.938948 1.688661 
1254 5.956599 1.689004 
1255 5.973921 1.689347 
1256 5.990911 1.689689 
1257 6.007567 1.690032 
1258 6.023884 1.690374 
1259 6.039861 1.690717 
1260 6.055493 1.691059 
1261 6.070779 1.691401 
1262 6.085715 1.691743 
1263 6.100299 1.692085 
1264 6.114528 1.692427 
1265 6.128399 1.692769 
1266 6.141909 1.693111 
1267 6.155057 1.693452 
1268 6.167839 1.693794 
1269 6.180254 1.694135 
1270 6.192299 1.694476 
1271 6.203971 1.694818 
1272 6.215269 1.695159 
1273 6.226190 1.695500 
1274 6.236732 1.695840 
1275 6.246894 1.696181 
1276 6.256674 1.696522 
1277 6.266069 1.696862 
1278 6.275077 1.697203 
1279 6.283698 1.697543 
1280 6.291929 1.697883 
1281 6.299769 1.698223 
1282 6.307217 1.698563 
1283 6.314270 1.698903 
1284 6.320929 1.699243 
1285 6.327190 1.699582 
1286 6.333054 1.699922 
1287 6.338519 1.700261 
1288 6.343583 1.700601 
1289 6.348247 1.700940 
1290 6.352509 1.701279 
1291 6.356369 1.701618 
1292 6.359825 1.701957 
1293 6.362877 1.702296 
1294 6.365524 1.702635 
1295 6.367766 1.702973 
1296 6.369603 1.703312 
1297 6.371033 1.703650 
1298 6.372058 1.703988 
1299 6.372676 1.704327 
1300 6.372887 1.704665 
1301 6.372692 1.705003 
1302 6.372091 1.705340 
1303 6.371083 1.705678 
1304 6.369669 1.706016 
1305 6.367849 1.706353 
1306 6.365623 1.706691 
1307 6.362992 1.707028 
1308 6.359957 1.707365 
1309 6.356517 1.707702 
1310 6.352674 1.708039 
1311 6.348428 1.708376 
1312 6.343780 1.708713 
1313 6.338732 1.709050 
1314 6.333283 1.709386 
1315 6.327435 1.709723 
1316 6.321190 1.710059 
1317 6.314547 1.710395 
1318 6.307509 1.710732 
1319 6.300078 1.711068 
1320 6.292253 1.711403 
1321 6.284037 1.711739 
1322 6.275432 1.712075 
1323 6.266438 1.712411 
1324 6.257059 1.712746 
1325 6.247294 1.713082 
1326 6.237147 1.713417 
1327 6.226619 1.713752 
1328 6.215713 1.714087 
1329 6.204429 1.714422 
1330 6.192771 1.714757 
1331 6.180741 1.715092 
1332 6.168340 1.715426 
1333 6.155572 1.715761 
1334 6.142438 1.716095 
1335 6.128941 1.716430 
1336 6.115083 1.716764 
1337 6.100868 1.717098 
1338 6.086297 1.717432 
1339 6.071374 1.717766 
1340 6.056100 1.718100 
1341 6.040480 1.718433 
1342 6.024516 1.718767 
1343 6.008211 1.719100 
1344 5.991567 1.719434 
1345 5.974589 1.719767 
1346 5.957278 1.720100 
1347 5.939638 1.720433 
1348 5.921673 1.720766 
1349 5.903386 1.721099 
1350 5.884780 1.721432 
1351 5.865857 1.721764 
1352 5.846623 1.722097 
1353 5.827080 1.722429 
1354 5.807232 1.722761 
1355 5.787082 1.723093 
1356 5.766634 1.723426 
1357 5.745892 1.723757 
1358 5.724859 1.724089 
1359 5.703539 1.724421 
1360 5.681936 1.724753 
1361 5.660054 1.725084 
1362 5.637896 1.725416 
1363 5.615466 1.725747 
1364 5.592769 1.726078 
1365 5.569809 1.726409 
1366 5.546588 1.726740 
1367 5.523112 1.727071 
1368 5.499385 1.727402 
1369 5.475410 1.727733 
1370 5.451192 1.728063 
1371 5.426734 1.728394 
1372 5.402042 1.728724 
1373 5.377118 1.729054 
1374 5.351969 1.729384 
1375 5.326597 1.729714 
1376 5.301007 1.730044 
1377 5.275203 1.730374 
1378 5.249190 1.730704 
1379 5.222972 1.731033 
1380 5.196554 1.731363 
1381 5.169939 1.731692 
1382 5.143132 1.732021 
1383 5.116138 1.732351 
1384 5.088960 1.732680 
1385 5.061605 1.733008 
1386 5.034074 1.733337 
1387 5.006375 1.733666 
1388 4.978510 1.733995 
1389 4.950484 1.734323 
1390 4.922301 1.734652 
1391 4.893967 1.734980 
1392 4.865486 1.735308 
1393 4.836861 1.735636 
1394 4.808099 1.735964 
1395 4.779202 1.736292 
1396 4.750176 1.736620 
1397 4.721024 1.736947 
1398 4.691753 1.737275 
1399 4.662365 1.737602 
1400 4.632866 1.737929 
1401 4.603259 1.738257 
1402 4.573550 1.738584 
1403 4.543743 1.738911 
1404 4.513842 1.739238 
1405 4.483852 1.739564 
1406 4.453776 1.739891 
1407 4.423620 1.740218 
1408 4.393388 1.740544 
1409 4.363084 1.740870 
1410 4.332713 1.741197 
1411 4.302278 1.741523 
1412 4.271785 1.741849 
1413 4.241237 1.742175 
1414 4.210639 1.742500 
1415 4.179995 1.742826 
1416 4.149309 1.743152 
1417 4.118585 1.743477 
1418 4.087828 1.743802 
1419 4.057042 1.744128 
1420 4.026231 1.744453 
1421 3.995399 1.744778 
1422 3.964550 1.745103 
1423 3.933688 1.745428 
1424 3.902817 1.745752 
1425 3.871941 1.746077 
1426 3.841065 1.746401 
1427 3.810191 1.746726 
1428 3.779325 1.747050 
1429 3.748469 1.747374 
1430 3.717628 1.747698 
1431 3.686806 1.748022 
1432 3.656005 1.748346 
1433 3.625231 1.748670 
1434 3.594486 1.748993 
1435 3.563775 1.749317 
1436 3.533101 1.749640 
1437 3.502467 1.749963 
1438 3.471877 1.750286 
1439 3.441334 1.750610 
1440 3.410843 1.750932 
1441 3.380406 1.751255 
1442 3.350027 1.751578 
1443 3.319709 1.751901 
1444 3.289455 1.752223 
1445 3.259269 1.752546 
1446 3.229154 1.752868 
1447 3.199113 1.753190 
1448 3.169149 1.753512 
1449 3.139266 1.753834 
1450 3.109466 1.754156 
1451 3.079752 1.754478 
1452 3.050128 1.754799 
1453 3.020595 1.755121 
1454 2.991158 1.755442 
1455 2.961819 1.755764 
1456 2.932580 1.756085 
1457 2.903445 1.756406 
1458 2.874415 1.756727 
1459 2.845494 1.757048 
1460 2.816685 1.757368 
1461 2.787989 1.757689 
1462 2.759409 1.758010 
1463 2.730948 1.758330 
1464 2.702608 1.758650 
1465 2.674392 1.758971 
1466 2.646301 1.759291 
1467 2.618338 1.759611 
1468 2.590505 1.759930 
1469 2.562805 1.760250 
1470 2.535239 1.760570 
1471 2.507809 1.760889 
1472 2.480518 1.761209 
1473 2.453367 1.761528 
1474 2.426359 1.761847 
1475 2.399494 1.762166 
1476 2.372776 1.762485 
1477 2.346206 1.762804 
1478 2.319785 1.763123 
1479 2.293515 1.763442 
1480 2.267398 1.763760 
1481 2.241435 1.764079 
1482 2.215628 1.764397 
1483 2.189978 1.764715 
1484 2.164487 1.765033 
1485 2.139157 1.765351 
1486 2.113988 1.765669 
1487 2.088981 1.765987 
1488 2.064139 1.766305 
1489 2.039462 1.766622 
1490 2.014951 1.766940 
1491 1.990608 1.767257 
1492 1.966434 1.767574 
1493 1.942429 1.767892 
1494 1.918594 1.768209 
1495 1.894931 1.768525 
1496 1.871441 1.768842 
1497 1.848124 1.769159 
1498 1.824981 1.769475 
1499 1.802012 1.769792 
1500 1.779219 1.770108 
1501 1.756602 1.770424 
1502 1.734163 1.770741 
1503 1.711900 1.771057 
1504 1.689815 1.771372 
1505 1.667909 1.771688 
1506 1.646182 1.772004 
1507 1.624634 1.772320 
1508 1.603266 1.772635 
1509 1.582078 1.772950 
1510 1.561070 1.773266 
1511 1.540243 1.773581 
1512 1.519596 1.773896 
1513 1.499131 1.774211 
1514 1.478847 1.774525 
1515 1.458744 1.774840 
1516 1.438823 1.775154 
1517 1.419083 1.775469 
1518 1.399525 1.775783 
1519 1.380148 1.776097 
1520 1.360953 1.776411 
1521 1.341939 1.776725 
1522 1.323106 1.777039 
1523 1.304454 1.777353 
1524 1.285983 1.777667 
1525 1.267692 1.777980 
1526 1.249582 1.778293 
1527 1.231652 1.778607 
1528 1.213902 1.778920 
1529 1.196331 1.779233 
1530 1.178940 1.779545 
1531 1.161727 1.779858 
1532 1.144692 1.780171 
1533 1.127835 1.780483 
1534 1.111155 1.780795 
1535 1.094652 1.781107 
1536 1.078326 1.781419 
1537 1.062175 1.781731 
1538 1.046199 1.782042 
1539 1.030398 1.782353 
1540 1.014770 1.782664 
1541 0.999316 1.782975 
1542 0.984034 1.783286 
1543 0.968925 1.783596 
1544 0.953986 1.783906 
1545 0.939218 1.784216 
1546 0.924619 1.784525 
1547 0.910189 1.784835 
1548 0.895927 1.785143 
1549 0.881832 1.785452 
1550 0.867904 1.785759 
1551 0.854141 1.786067 
1552 0.840543 1.786374 
1553 0.827108 1.786680 
1554 0.813836 1.786986 
1555 0.800726 1.787291 
1556 0.787777 1.787595 
1557 0.774988 1.787898 
1558 0.762357 1.788201 
1559 0.749885 1.788502 
1560 0.737570 1.788802 
1561 0.725410 1.789102 
1562 0.713406 1.789399 
1563 0.701555 1.789696 
1564 0.689858 1.789990 
1565 0.678311 1.790283 
1566 0.666916 1.790574 
1567 0.655670 1.790863 
1568 0.644573 1.791150 
1569 0.633623 1.791434 
1570 0.622819 1.791715 
1571 0.612161 1.791993 
1572 0.601646 1.792268 
1573 0.591274 1.792539 
1574 0.581044 1.792805 
1575 0.570955 1.793068 
1576 0.561005 1.793325 
1577 0.551193 1.793578 
1578 0.541518 1.793824 
1579 0.531979 1.794064 
1580 0.522575 1.794298 
1581 0.513304 1.794523 
1582 0.504165 1.794741 
1583 0.495158 1.794950 
1584 0.486280 1.795149 
1585 0.477531 1.795337 
1586 0.468910 1.795514 
1587 0.460415 1.795679 
1588 0.452045 1.795831 
1589 0.443798 1.795968 
1590 0.435675 1.796090 
1591 0.427672 1.796194 
1592 0.419790 1.796281 
1593 0.412027 1.796348 
1594 0.404382 1.796393 
1595 0.396853 1.796416 
1596 0.389439 1.796414 
1597 0.382140 1.796387 
1598 0.374953 1.796330 
1599 0.367878 1.796244 
1600 0.360914 1.796125 
1601 0.354058 1.795971 
1602 0.347311 1.795780 
1603 0.340671 1.795549 
1604 0.334136 1.795276 
1605 0.327706 1.794958 
1606 0.321379 1.794591 
1607 0.315154 1.794172 
1608 0.309029 1.793699 
1609 0.303005 1.793168 
1610 0.297079 1.792575 
1611 0.291250 1.791916 
1612 0.285517 1.791188 
1613 0.279880 1.790386 
1614 0.274336 1.789506 
1615 0.268885 1.788544 
1616 0.263525 1.787495 
1617 0.258255 1.786354 
1618 0.253075 1.785116 
1619 0.247983 1.783777 
1620 0.242978 1.782330 
1621 0.238059 1.780771 
1622 0.233224 1.779093 
1623 0.228473 1.777292 
1624 0.223804 1.775360 
1625 0.219217 1.773293 
1626 0.214710 1.771083 
1627 0.210283 1.768724 
1628 0.205933 1.766210 
1629 0.201661 1.763535 
1630 0.197465 1.760690 
1631 0.193343 1.757670 
1632 0.189296 1.754468 
1633 0.185321 1.751077 
1634 0.181419 1.747489 
1635 0.177587 1.743697 
1636 0.173825 1.739694 
1637 0.170132 1.735473 
1638 0.166506 1.731027 
1639 0.162948 1.726349 
1640 0.159455 1.721430 
1641 0.156028 1.716265 
1642 0.152664 1.710846 
1643 0.149363 1.705167 
1644 0.146124 1.699219 
1645 0.142947 1.692997 
1646 0.139829 1.686494 
1647 0.136771 1.679704 
1648 0.133771 1.672619 
1649 0.130829 1.665235 
1650 0.127943 1.657546 
1651 0.125112 1.649546 
1652 0.122337 1.641229 
1653 0.119616 1.632592 
1654 0.116947 1.623629 
1655 0.114331 1.614336 
1656 0.111766 1.604710 
1657 0.109252 1.594747 
1658 0.106787 1.584444 
1659 0.104372 1.573799 
1660 0.102004 1.562809 
1661 0.099684 1.551473 
1662 0.097411 1.539790 
1663 0.095183 1.527760 
1664 0.093000 1.515382 
1665 0.090862 1.502657 
1666 0.088767 1.489586 
1667 0.086714 1.476172 
1668 0.084704 1.462415 
1669 0.082735 1.448320 
1670 0.080807 1.433890 
1671 0.078919 1.419129 
1672 0.077069 1.404041 
1673 0.075259 1.388633 
1674 0.073486 1.372910 
1675 0.071750 1.356879 
1676 0.070051 1.340547 
1677 0.068388 1.323922 
1678 0.066760 1.307013 
1679 0.065167 1.289828 
1680 0.063607 1.272377 
1681 0.062081 1.254672 
1682 0.060588 1.236721 
1683 0.059126 1.218537 
1684 0.057697 1.200132 
1685 0.056298 1.181517 
1686 0.054930 1.162706 
1687 0.053591 1.143712 
1688 0.052282 1.124548 
1689 0.051002 1.105228 
1690 0.049750 1.085768 
1691 0.048525 1.066181 
1692 0.047327 1.046482 
1693 0.046157 1.026688 
1694 0.045012 1.006812 
1695 0.043893 0.986872 
1696 0.042798 0.966882 
1697 0.041729 0.946859 
1698 0.040684 0.926819 
1699 0.039662 0.906777 
1700 0.038663 0.886750 
1701 0.037688 0.866754 
1702 0.036734 0.846805 
1703 0.035802 0.826918 
1704 0.034892 0.807109 
1705 0.034003 0.787394 
1706 0.033134 0.767788 
1707 0.032285 0.748306 
1708 0.031456 0.728963 
1709 0.030647 0.709772 
1710 0.029856 0.690749 
1711 0.029084 0.671907 
1712 0.028330 0.653259 
1713 0.027594 0.634817 
1714 0.026875 0.616595 
1715 0.026174 0.598604 
1716 0.025489 0.580855 
1717 0.024820 0.563360 
1718 0.024167 0.546128 
1719 0.023530 0.529170 
1720 0.022909 0.512494 
1721 0.022302 0.496110 
1722 0.021710 0.480024 
1723 0.021132 0.464245 
1724 0.020569 0.448780 
1725 0.020019 0.433633 
1726 0.019483 0.418812 
1727 0.018959 0.404320 
1728 0.018449 0.390163 
1729 0.017951 0.376343 
1730 0.017466 0.362865 
1731 0.016992 0.349730 
1732 0.016531 0.336940 
1733 0.016081 0.324497 
1734 0.015642 0.312401 
1735 0.015214 0.300653 
1736 0.014797 0.289252 
1737 0.014390 0.278197 
1738 0.013994 0.267488 
1739 0.013608 0.257122 
1740 0.013231 0.247097 
1741 0.012864 0.237410 
1742 0.012507 0.228057 
1743 0.012159 0.219037 
1744 0.011819 0.210343 
1745 0.011489 0.201973 
1746 0.011167 0.193921 
1747 0.010853 0.186182 
1748 0.010547 0.178752 
1749 0.010250 0.171624 
1750 0.009960 0.164792 
1751 0.009677 0.158252 
1752 0.009402 0.151996 
1753 0.009135 0.146017 
1754 0.008874 0.140311 
1755 0.008620 0.134869 
1756 0.008373 0.129685 
1757 0.008133 0.124752 
1758 0.007899 0.120063 
1759 0.007671 0.115611 
1760 0.007449 0.111389 
1761 0.007233 0.107390 
1762 0.007023 0.103606 
1763 0.006819 0.100032 
1764 0.006620 0.096658 
1765 0.006427 0.093479 
1766 0.006239 0.090488 
1767 0.006056 0.087678 
1768 0.005878 0.085041 
1769 0.005705 0.082572 
1770 0.005536 0.080263 
1771 0.005372 0.078108 
1772 0.005213 0.076101 
1773 0.005058 0.074235 
1774 0.004908 0.072505 
1775 0.004761 0.070904 
1776 0.004619 0.069426 
1777 0.004480 0.068067 
1778 0.004346 0.066820 
1779 0.004215 0.065680 
1780 0.004088 0.064641 
1781 0.003965 0.063700 
1782 0.003845 0.062850 
1783 0.003728 0.062088 
1784 0.003615 0.061408 
1785 0.003505 0.060807 
1786 0.003398 0.060280 
1787 0.003294 0.059823 
1788 0.003193 0.059432 
1789 0.003095 0.059103 
1790 0.003000 0.058834 
1791 0.002907 0.058620 
1792 0.002817 0.058458 
1793 0.002730 0.058346 
1794 0.002646 0.058280 
1795 0.002563 0.058257 
1796 0.002484 0.058274 
1797 0.002406 0.058330 
1798 0.002331 0.058422 
1799 0.002258 0.058547 
1800 0.002187 0.058703 
1801 0.002118 0.058889 
1802 0.002051 0.059101 
1803 0.001987 0.059339 
1804 0.001924 0.059601 
1805 0.001863 0.059885 
1806 0.001804 0.060189 
1807 0.001746 0.060512 
1808 0.001691 0.060853 
1809 0.001637 0.061211 
1810 0.001584 0.061583 
1811 0.001534 0.061970 
1812 0.001484 0.062369 
1813 0.001436 0.062781 
1814 0.001390 0.063204 
1815 0.001345 0.063637 
1816 0.001302 0.064079 
1817 0.001259 0.064531 
1818 0.001219 0.064990 
1819 0.001179 0.065457 
1820 0.001140 0.065930 
1821 0.001103 0.066410 
1822 0.001067 0.066895 
1823 0.001032 0.067386 
1824 0.000998 0.067882 
1825 0.000965 0.068382 
1826 0.000933 0.068886 
1827 0.000903 0.069394 
1828 0.000873 0.069905 
1829 0.000844 0.070419 
1830 0.000816 0.070936 
1831 0.000789 0.071455 
1832 0.000762 0.071977 
1833 0.000737 0.072501 
1834 0.000712 0.073027 
1835 0.000688 0.073555 
1836 0.000665 0.074084 
1837 0.000643 0.074614 
1838 0.000621 0.075146 
1839 0.000600 0.075680 
1840 0.000580 0.076214 
1841 0.000560 0.076749 
1842 0.000541 0.077285 
1843 0.000523 0.077822 
1844 0.000505 0.078359 
1845 0.000488 0.078897 
1846 0.000471 0.079436 
1847 0.000455 0.079975 
1848 0.000439 0.080515 
1849 0.000424 0.081055 
1850 0.000409 0.081596 
1851 0.000395 0.082136 
1852 0.000382 0.082677 
1853 0.000368 0.083219 
1854 0.000356 0.083760 
1855 0.000343 0.084302 
1856 0.000331 0.084844 
1857 0.000320 0.085386 
1858 0.000308 0.085929 
1859 0.000298 0.086471 
1860 0.000287 0.087014 
1861 0.000277 0.087556 
1862 0.000267 0.088099 
1863 0.000258 0.088642 
1864 0.000249 0.089185 
1865 0.000240 0.089728 
1866 0.000232 0.090271 
1867 0.000223 0.090814 
1868 0.000215 0.091357 
1869 0.000208 0.091900 
1870 0.000200 0.092444 
1871 0.000193 0.092987 
1872 0.000186 0.093530 
1873 0.000179 0.094073 
1874 0.000173 0.094617 
1875 0.000167 0.095160 
1876 0.000161 0.095703 
1877 0.000155 0.096246 
1878 0.000149 0.096790 
1879 0.000144 0.097333 
1880 0.000139 0.097876 
1881 0.000134 0.098420 
1882 0.000129 0.098963 
1883 0.000124 0.099506 
1884 0.000120 0.100050 
1885 0.000115 0.100593 
1886 0.000111 0.101136 
1887 0.000107 0.101680 
1888 0.000103 0.102223 
1889 0.000099 0.102766 
1890 0.000095 0.103310 
1891 0.000092 0.103853 
1892 0.000089 0.104396 
1893 0.000085 0.104939 
1894 0.000082 0.105483 
1895 0.000079 0.106026 
1896 0.000076 0.106569 
1897 0.000073 0.107113 
1898 0.000070 0.107656 
1899 0.000068 0.108199 
1900 0.000065 0.108742 
1901 0.000063 0.109286 
1902 0.000060 0.109829 
1903 0.000058 0.110372 
1904 0.000056 0.110915 
1905 0.000054 0.111459 
1906 0.000052 0.112002 
1907 0.000050 0.112545 
1908 0.000048 0.113088 
1909 0.000046 0.113631 
1910 0.000044 0.114175 
1911 0.000043 0.114718 
1912 0.000041 0.115261 
1913 0.000039 0.115804 
1914 0.000038 0.116347 
1915 0.000037 0.116890 
1916 0.000035 0.117434 
1917 0.000034 0.117977 
1918 0.000032 0.118520 
1919 0.000031 0.119063 
1920 0.000030 0.119606 
1921 0.000029 0.120149 
1922 0.000028 0.120692 
1923 0.000027 0.121235 
1924 0.000026 0.121779 
1925 0.000025 0.122322 
1926 0.000024 0.122865 
1927 0.000023 0.123408 
1928 0.000022 0.123951 
1929 0.000021 0.124494 
1930 0.000020 0.125037 
1931 0.000019 0.125580 
1932 0.000019 0.126123 
1933 0.000018 0.126666 
1934 0.000017 0.127209 
1935 0.000016 0.127752 
1936 0.000016 0.128295 
1937 0.000015 0.128838 
1938 0.000015 0.129381 
1939 0.000014 0.129924 
1940 0.000013 0.130467 
1941 0.000013 0.131010 
1942 0.000012 0.131553 
1943 0.000012 0.132096 
1944 0.000011 0.132639 
1945 0.000011 0.133182 
1946 0.000010 0.133725 
1947 0.000010 0.134267 
1948 0.000010 0.134810 
1949 0.000009 0.135353 
1950 0.000009 0.135896 
1951 0.000009 0.136439 
1952 0.000008 0.136982 
1953 0.000008 0.137525 
1954 0.000008 0.138068 
1955 0.000007 0.138610 
1956 0.000007 0.139153 
1957 0.000007 0.139696 
1958 0.000006 0.140239 
1959 0.000006 0.140782 
1960 0.000006 0.141324 
1961 0.000006 0.141867 
1962 0.000005 0.142410 
1963 0.000005 0.142953 
1964 0.000005 0.143496 
1965 0.000005 0.144038 
1966 0.000005 0.144581 
1967 0.000004 0.145124 
1968 0.000004 0.145666 
1969 0.000004 0.146209 
1970 0.000004 0.146752 
1971 0.000004 0.147295 
1972 0.000004 0.147837 
1973 0.000003 0.148380 
1974 0.000003 0.148923 
1975 0.000003 0.149465 
1976 0.000003 0.150008 
1977 0.000003 0.150551 
1978 0.000003 0.151093 
1979 0.000003 0.151636 
1980 0.000002 0.152178 
1981 0.000002 0.152721 
1982 0.000002 0.153264 
1983 0.000002 0.153806 
1984 0.000002 0.154349 
1985 0.000002 0.154891 
1986 0.000002 0.155434 
1987 0.000002 0.155976 
1988 0.000002 0.156519 
1989 0.000002 0.157061 
1990 0.000002 0.157604 
1991 0.000002 0.158147 
1992 0.000001 0.158689 
1993 0.000001 0.159231 
1994 0.000001 0.159774 
1995 0.000001 0.160316 
1996 0.000001 0.160859 
1997 0.000001 0.161401 
1998 0.000001 0.161944 
1999 0.000001 0.162486 
2000 0.000001 0.163029 
2001 0.000001 0.163571 
2002 0.000001 0.164113 
2003 0.000001 0.164656 
2004 0.000001 0.165198 
2005 0.000001 0.165741 
2006 0.000001 0.166283 
2007 0.000001 0.166825 
2008 0.000001 0.167368 
2009 0.000001 0.167910 
2010 0.000001 0.168452 
2011 0.000001 0.168994 
2012 0.000001 0.169537 
2013 0.000001 0.170079 
2014 0.000001 0.170621 
2015 0.000001 0.171164 
2016 0.000000 0.171706 
2017 0.000000 0.172248 
2018 0.000000 0.172790 
2019 0.000000 0.173333 
2020 0.000000 0.173875 
2021 0.000000 0.174417 
2022 0.000000 0.174959 
2023 0.000000 0.175501 
2024 0.000000 0.176043 
2025 0.000000 0.176586 
2026 0.000000 0.177128 
2027 0.000000 0.177670 
2028 0.000000 0.178212 
2029 0.000000 0.178754 
2030 0.000000 0.179296 
2031 0.000000 0.179838 
2032 0.000000 0.180380 
2033 0.000000 0.180922 
2034 0.000000 0.181464 
2035 0.000000 0.182006 
2036 0.000000 0.182548 
2037 0.000000 0.183090 
2038 0.000000 0.183632 
2039 0.000000 0.184174 
2040 0.000000 0.184716 
2041 0.000000 0.185258 
2042 0.000000 0.185800 
2043 0.000000 0.186342 
2044 0.000000 0.186884 
2045 0.000000 0.187426 
2046 0.000000 0.187968 
2047 0.000000 0.188510 
2048 0.000000 0.189052 
2049 0.000000 0.189594 
2050 0.000000 0.190136 
2051 0.000000 0.190677 
2052 0.000000 0.191219 
2053 0.000000 0.191761 
2054 0.000000 0.192303 
2055 0.000000 0.192845 
2056 0.000000 0.193387 
2057 0.000000 0.193928 
2058 0.000000 0.194470 
2059 0.000000 0.195012 
2060 0.000000 0.195554 
2061 0.000000 0.196095 
2062 0.000000 0.196637 
2063 0.000000 0.197179 
2064 0.000000 0.197720 
2065 0.000000 0.198262 
2066 0.000000 0.198804 
2067 0.000000 0.199345 
2068 0.000000 0.199887 
2069 0.000000 0.200429 
2070 0.000000 0.200970 
2071 0.000000 0.201512 
2072 0.000000 0.202054 
2073 0.000000 0.202595 
2074 0.000000 0.203137 
2075 0.000000 0.203678 
2076 0.000000 0.204220 
2077 0.000000 0.204761 
2078 0.000000 0.205303 
2079 0.000000 0.205844 
2080 0.000000 0.206386 
2081 0.000000 0.206927 
2082 0.000000 0.207469 
2083 0.000000 0.208010 
2084 0.000000 0.208552 
2085 0.000000 0.209093 
2086 0.000000 0.209635 
2087 0.000000 0.210176 
2088 0.000000 0.210717 
2089 0.000000 0.211259 
2090 0.000000 0.211800 
2091 0.000000 0.212341 
2092 0.000000 0.212883 
2093 0.000000 0.213424 
2094 0.000000 0.213965 
2095 0.000000 0.214507 
2096 0.000000 0.215048 
2097 0.000000 0.215589 
2098 0.000000 0.216130 
2099 0.000000 0.216672 
2100 0.000000 0.217213 
2101 0.000000 0.217754 
2102 0.000000 0.218295 
2103 0.000000 0.218837 
2104 0.000000 0.219378 
2105 0.000000 0.219919 
2106 0.000000 0.220460 
2107 0.000000 0.221001 
2108 0.000000 0.221542 
2109 0.000000 0.222083 
2110 0.000000 0.222624 
2111 0.000000 0.223166 
2112 0.000000 0.223707 
2113 0.000000 0.224248 
2114 0.000000 0.224789 
2115 0.000000 0.225330 
2116 0.000000 0.225871 
2117 0.000000 0.226412 
2118 0.000000 0.226953 
2119 0.000000 0.227494 
2120 0.000000 0.228035 
2121 0.000000 0.228576 
2122 0.000000 0.229116 
2123 0.000000 0.229657 
2124 0.000000 0.230198 
2125 0.000000 0.230739 
2126 0.000000 0.231280 
2127 0.000000 0.231821 
2128 0.000000 0.232362 
2129 0.000000 0.232903 
2130 0.000000 0.233443 
2131 0.000000 0.233984 
2132 0.000000 0.234525 
2133 0.000000 0.235066 
2134 0.000000 0.235606 
2135 0.000000 0.236147 
2136 0.000000 0.236688 
2137 0.000000 0.237229 
2138 0.000000 0.237769 
2139 0.000000 0.238310 
2140 0.000000 0.238851 
2141 0.000000 0.239391 
2142 0.000000 0.239932 
2143 0.000000 0.240472 
2144 0.000000 0.241013 
2145 0.000000 0.241554 
2146 0.000000 0.242094 
2147 0.000000 0.242635 
2148 0.000000 0.243175 
2149 0.000000 0.243716 
2150 0.000000 0.244256 
2151 0.000000 0.244797 
2152 0.000000 0.245337 
2153 0.000000 0.245878 
2154 0.000000 0.246418 
2155 0.000000 0.246959 
2156 0.000000 0.247499 
2157 0.000000 0.248039 
2158 0.000000 0.248580 
2159 0.000000 0.249120 
2160 0.000000 0.249661 
2161 0.000000 0.250201 
2162 0.000000 0.250741 
2163 0.000000 0.251282 
2164 0.000000 0.251822 
2165 0.000000 0.252362 
2166 0.000000 0.252902 
2167 0.000000 0.253443 
2168 0.000000 0.253983 
2169 0.000000 0.254523 
2170 0.000000 0.255063 
2171 0.000000 0.255603 
2172 0.000000 0.256144 
2173 0.000000 0.256684 
2174 0.000000 0.257224 
2175 0.000000 0.257764 
2176 0.000000 0.258304 
2177 0.000000 0.258844 
2178 0.000000 0.259384 
2179 0.000000 0.259924 
2180 0.000000 0.260464 
2181 0.000000 0.261004 
2182 0.000000 0.261544 
2183 0.000000 0.262084 
2184 0.000000 0.262624 
2185 0.000000 0.263164 
2186 0.000000 0.263704 
2187 0.000000 0.264244 
2188 0.000000 0.264784 
2189 0.000000 0.265324 
2190 0.000000 0.265864 
2191 0.000000 0.266404 
2192 0.000000 0.266943 
2193 0.000000 0.267483 
2194 0.000000 0.268023 
2195 0.000000 0.268563 
2196 0.000000 0.269103 
2197 0.000000 0.269642 
2198 0.000000 0.270182 
2199 0.000000 0.270722 
2200 0.000000 0.271262 
2201 0.000000 0.271801 
2202 0.000000 0.272341 
2203 0.000000 0.272881 
2204 0.000000 0.273420 
2205 0.000000 0.273960 
2206 0.000000 0.274499 
2207 0.000000 0.275039 
2208 0.000000 0.275579 
2209 0.000000 0.276118 
2210 0.000000 0.276658 
2211 0.000000 0.277197 
2212 0.000000 0.277737 
2213 0.000000 0.278276 
2214 0.000000 0.278816 
2215 0.000000 0.279355 
2216 0.000000 0.279894 
2217 0.000000 0.280434 
2218 0.000000 0.280973 
2219 0.000000 0.281513 
2220 0.000000 0.282052 
2221 0.000000 0.282591 
2222 0.000000 0.283131 
2223 0.000000 0.283670 
2224 0.000000 0.284209 
2225 0.000000 0.284749 
2226 0.000000 0.285288 
2227 0.000000 0.285827 
2228 0.000000 0.286366 
2229 0.000000 0.286905 
2230 0.000000 0.287445 
2231 0.000000 0.287984 
2232 0.000000 0.288523 
2233 0.000000 0.289062 
2234 0.000000 0.289601 
2235 0.000000 0.290140 
2236 0.000000 0.290679 
2237 0.000000 0.291218 
2238 0.000000 0.291757 
2239 0.000000 0.292296 
2240 0.000000 0.292835 
2241 0.000000 0.293374 
2242 0.000000 0.293913 
2243 0.000000 0.294452 
2244 0.000000 0.294991 
2245 0.000000 0.295530 
2246 0.000000 0.296069 
2247 0.000000 0.296608 
2248 0.000000 0.297147 
2249 0.000000 0.297686 
2250 0.000000 0.298224 
2251 0.000000 0.298763 
2252 0.000000 0.299302 
2253 0.000000 0.299841 
2254 0.000000 0.300379 
2255 0.000000 0.300918 
2256 0.000000 0.301457 
2257 0.000000 0.301996 
2258 0.000000 0.302534 
2259 0.000000 0.303073 
2260 0.000000 0.303611 
2261 0.000000 0.304150 
2262 0.000000 0.304689 
2263 0.000000 0.305227 
2264 0.000000 0.305766 
2265 0.000000 0.306304 
2266 0.000000 0.306843 
2267 0.000000 0.307381 
2268 0.000000 0.307920 
2269 0.000000 0.308458 
2270 0.000000 0.308997 
2271 0.000000 0.309535 
2272 0.000000 0.310073 
2273 0.000000 0.310612 
2274 0.000000 0.311150 
2275 0.000000 0.311689 
2276 0.000000 0.312227 
2277 0.000000 0.312765 
2278 0.000000 0.313303 
2279 0.000000 0.313842 
2280 0.000000 0.314380 
2281 0.000000 0.314918 
2282 0.000000 0.315456 
2283 0.000000 0.315995 
2284 0.000000 0.316533 
2285 0.000000 0.317071 
2286 0.000000 0.317609 
2287 0.000000 0.318147 
2288 0.000000 0.318685 
2289 0.000000 0.319223 
2290 0.000000 0.319761 
2291 0.000000 0.320299 
2292 0.000000 0.320837 
2293 0.000000 0.321375 
2294 0.000000 0.321913 
2295 0.000000 0.322451 
2296 0.000000 0.322989 
2297 0.000000 0.323527 
2298 0.000000 0.324065 
2299 0.000000 0.324603 
2300 0.000000 0.325141 
2301 0.000000 0.325678 
2302 0.000000 0.326216 
2303 0.000000 0.326754 
2304 0.000000 0.327292 
2305 0.000000 0.327829 
2306 0.000000 0.328367 
2307 0.000000 0.328905 
2308 0.000000 0.329443 
2309 0.000000 0.329980 
2310 0.000000 0.330518 
2311 0.000000 0.331055 
2312 0.000000 0.331593 
2313 0.000000 0.332131 
2314 0.000000 0.332668 
2315 0.000000 0.333206 
2316 0.000000 0.333743 
2317 0.000000 0.334281 
2318 0.000000 0.334818 
2319 0.000000 0.335356 
2320 0.000000 0.335893 
2321 0.000000 0.336431 
2322 0.000000 0.336968 
2323 0.000000 0.337505 
2324 0.000000 0.338043 
2325 0.000000 0.338580 
2326 0.000000 0.339117 
2327 0.000000 0.339655 
2328 0.000000 0.340192 
2329 0.000000 0.340729 
2330 0.000000 0.341266 
2331 0.000000 0.341803 
2332 0.000000 0.342341 
2333 0.000000 0.342878 
2334 0.000000 0.343415 
2335 0.000000 0.343952 
2336 0.000000 0.344489 
2337 0.000000 0.345026 
2338 0.000000 0.345563 
2339 0.000000 0.346100 
2340 0.000000 0.346637 
2341 0.000000 0.347174 
2342 0.000000 0.347711 
2343 0.000000 0.348248 
2344 0.000000 0.348785 
2345 0.000000 0.349322 
2346 0.000000 0.349859 
2347 0.000000 0.350396 
2348 0.000000 0.350932 
2349 0.000000 0.351469 
2350 0.000000 0.352006 
2351 0.000000 0.352543 
2352 0.000000 0.353080 
2353 0.000000 0.353616 
2354 0.000000 0.354153 
2355 0.000000 0.354690 
2356 0.000000 0.355226 
2357 0.000000 0.355763 
2358 0.000000 0.356299 
2359 0.000000 0.356836 
2360 0.000000 0.357373 
2361 0.000000 0.357909 
2362 0.000000 0.358446 
2363 0.000000 0.358982 
2364 0.000000 0.359519 
2365 0.000000 0.360055 
2366 0.000000 0.360592 
2367 0.000000 0.361128 
2368 0.000000 0.361664 
2369 0.000000 0.362201 
2370 0.000000 0.362737 
2371 0.000000 0.363273 
2372 0.000000 0.363810 
2373 0.000000 0.364346 
2374 0.000000 0.364882 
2375 0.000000 0.365418 
2376 0.000000 0.365955 
2377 0.000000 0.366491 
2378 0.000000 0.367027 
2379 0.000000 0.367563 
2380 0.000000 0.368099 
2381 0.000000 0.368635 
2382 0.000000 0.369171 
2383 0.000000 0.369707 
2384 0.000000 0.370243 
2385 0.000000 0.370779 
2386 0.000000 0.371315 
2387 0.000000 0.371851 
2388 0.000000 0.372387 
2389 0.000000 0.372923 
2390 0.000000 0.373459 
2391 0.000000 0.373995 
2392 0.000000 0.374531 
2393 0.000000 0.375066 
2394 0.000000 0.375602 
2395 0.000000 0.376138 
2396 0.000000 0.376674 
2397 0.000000 0.377209 
2398 0.000000 0.377745 
2399 0.000000 0.378281 
2400 0.000000 0.378816 
2401 0.000000 0.379352 
2402 0.000000 0.379888 
2403 0.000000 0.380423 
2404 0.000000 0.380959 
2405 0.000000 0.381494 
2406 0.000000 0.382030 
2407 0.000000 0.382565 
2408 0.000000 0.383101 
2409 0.000000 0.383636 
2410 0.000000 0.384172 
2411 0.000000 0.384707 
2412 0.000000 0.385242 
2413 0.000000 0.385778 
2414 0.000000 0.386313 
2415 0.000000 0.386848 
2416 0.000000 0.387383 
2417 0.000000 0.387919 
2418 0.000000 0.388454 
2419 0.000000 0.388989 
2420 0.000000 0.389524 
2421 0.000000 0.390059 
2422 0.000000 0.390595 
2423 0.000000 0.391130 
2424 0.000000 0.391665 
2425 0.000000 0.392200 
2426 0.000000 0.392735 
2427 0.000000 0.393270 
2428 0.000000 0.393805 
2429 0.000000 0.394340 
2430 0.000000 0.394875 
2431 0.000000 0.395409 
2432 0.000000 0.395944 
2433 0.000000 0.396479 
2434 0.000000 0.397014 
2435 0.000000 0.397549 
2436 0.000000 0.398084 
2437 0.000000 0.398618 
2438 0.000000 0.399153 
2439 0.000000 0.399688 
2440 0.000000 0.400222 
2441 0.000000 0.400757 
2442 0.000000 0.401292 
2443 0.000000 0.401826 
2444 0.000000 0.402361 
2445 0.000000 0.402895 
2446 0.000000 0.403430 
2447 0.000000 0.403964 
2448 0.000000 0.404499 
2449 0.000000 0.405033 
2450 0.000000 0.405568 
2451 0.000000 0.406102 
2452 0.000000 0.406636 
2453 0.000000 0.407171 
2454 0.000000 0.407705 
2455 0.000000 0.408239 
2456 0.000000 0.408774 
2457 0.000000 0.409308 
2458 0.000000 0.409842 
2459 0.000000 0.410376 
2460 0.000000 0.410910 
2461 0.000000 0.411445 
2462 0.000000 0.411979 
2463 0.000000 0.412513 
2464 0.000000 0.413047 
2465 0.000000 0.413581 
2466 0.000000 0.414115 
2467 0.000000 0.414649 
2468 0.000000 0.415183 
2469 0.000000 0.415717 
2470 0.000000 0.416251 
2471 0.000000 0.416785 
2472 0.000000 0.417318 
2473 0.000000 0.417852 
2474 0.000000 0.418386 
2475 0.000000 0.418920 
2476 0.000000 0.419454 
2477 0.000000 0.419987 
2478 0.000000 0.420521 
2479 0.000000 0.421055 
2480 0.000000 0.421588 
2481 0.000000 0.422122 
2482 0.000000 0.422655 
2483 0.000000 0.423189 
2484 0.000000 0.423723 
2485 0.000000 0.424256 
2486 0.000000 0.424790 
2487 0.000000 0.425323 
2488 0.000000 0.425856 
2489 0.000000 0.426390 
2490 0.000000 0.426923 
2491 0.000000 0.427457 
2492 0.000000 0.427990 
2493 0.000000 0.428523 
2494 0.000000 0.429056 
2495 0.000000 0.429590 
2496 0.000000 0.430123 
2497 0.000000 0.430656 
2498 0.000000 0.431189 
2499 0.000000 0.431722 
2500 0.000000 0.432256 
2501 0.000000 0.432789 
2502 0.000000 0.433322 
2503 0.000000 0.433855 
2504 0.000000 0.434388 
2505 0.000000 0.434921 
2506 0.000000 0.435454 
2507 0.000000 0.435987 
2508 0.000000 0.436519 
2509 0.000000 0.437052 
2510 0.000000 0.437585 
2511 0.000000 0.438118 
2512 0.000000 0.438651 
2513 0.000000 0.439184 
2514 0.000000 0.439716 
2515 0.000000 0.440249 
2516 0.000000 0.440782 
2517 0.000000 0.441314 
2518 0.000000 0.441847 
2519 0.000000 0.442379 
2520 0.000000 0.442912 
2521 0.000000 0.443445 
2522 0.000000 0.443977 
2523 0.000000 0.444510 
2524 0.000000 0.445042 
2525 0.000000 0.445574 
2526 0.000000 0.446107 
2527 0.000000 0.446639 
2528 0.000000 0.447172 
2529 0.000000 0.447704 
2530 0.000000 0.448236 
2531 0.000000 0.448768 
2532 0.000000 0.449301 
2533 0.000000 0.449833 
2534 0.000000 0.450365 
2535 0.000000 0.450897 
2536 0.000000 0.451429 
2537 0.000000 0.451961 
2538 0.000000 0.452493 
2539 0.000000 0.453025 
2540 0.000000 0.453557 
2541 0.000000 0.454089 
2542 0.000000 0.454621 
2543 0.000000 0.455153 
2544 0.000000 0.455685 
2545 0.000000 0.456217 
2546 0.000000 0.456749 
2547 0.000000 0.457281 
2548 0.000000 0.457812 
2549 0.000000 0.458344 
2550 0.000000 0.458876 
2551 0.000000 0.459408 
2552 0.000000 0.459939 
2553 0.000000 0.460471 
2554 0.000000 0.461002 
2555 0.000000 0.461534 
2556 0.000000 0.462066 
2557 0.000000 0.462597 
2558 0.000000 0.463129 
2559 0.000000 0.463660 
2560 0.000000 0.464191 
2561 0.000000 0.464723 
2562 0.000000 0.465254 
2563 0.000000 0.465786 
2564 0.000000 0.466317 
2565 0.000000 0.466848 
2566 0.000000 0.467379 
2567 0.000000 0.467911 
2568 0.000000 0.468442 
2569 0.000000 0.468973 
2570 0.000000 0.469504 
2571 0.000000 0.470035 
2572 0.000000 0.470566 
2573 0.000000 0.471097 
2574 0.000000 0.471628 
2575 0.000000 0.472159 
2576 0.000000 0.472690 
2577 0.000000 0.473221 
2578 0.000000 0.473752 
2579 0.000000 0.474283 
2580 0.000000 0.474814 
2581 0.000000 0.475345 
2582 0.000000 0.475876 
2583 0.000000 0.476406 
2584 0.000000 0.476937 
2585 0.000001 0.477468 
2586 0.000001 0.477998 
2587 0.000001 0.478529 
2588 0.000001 0.479060 
2589 0.000001 0.479590 
2590 0.000001 0.480121 
2591 0.000001 0.480651 
2592 0.000001 0.481182 
2593 0.000001 0.481712 
2594 0.000001 0.482243 
2595 0.000001 0.482773 
2596 0.000001 0.483303 
2597 0.000001 0.483834 
2598 0.000001 0.484364 
2599 0.000001 0.484894 
2600 0.000001 0.485425 
2601 0.000001 0.485955 
2602 0.000001 0.486485 
2603 0.000001 0.487015 
2604 0.000001 0.487545 
2605 0.000001 0.488075 
2606 0.000001 0.488605 
2607 0.000001 0.489135 
2608 0.000001 0.489665 
2609 0.000001 0.490195 
2610 0.000002 0.490725 
2611 0.000002 0.491255 
2612 0.000002 0.491785 
2613 0.000002 0.492315 
2614 0.000002 0.492845 
2615 0.000002 0.493375 
2616 0.000002 0.493904 
2617 0.000002 0.494434 
2618 0.000002 0.494964 
2619 0.000002 0.495493 
2620 0.000002 0.496023 
2621 0.000003 0.496553 
2622 0.000003 0.497082 
2623 0.000003 0.497612 
2624 0.000003 0.498141 
2625 0.000003 0.498671 
2626 0.000003 0.499200 
2627 0.000003 0.499730 
2628 0.000003 0.500259 
2629 0.000004 0.500788 
2630 0.000004 0.501318 
2631 0.000004 0.501847 
2632 0.000004 0.502376 
2633 0.000004 0.502905 
2634 0.000004 0.503435 
2635 0.000005 0.503964 
2636 0.000005 0.504493 
2637 0.000005 0.505022 
2638 0.000005 0.505551 
2639 0.000005 0.506080 
2640 0.000006 0.506609 
2641 0.000006 0.507138 
2642 0.000006 0.507667 
2643 0.000006 0.508196 
2644 0.000007 0.508725 
2645 0.000007 0.509254 
2646 0.000007 0.509782 
2647 0.000008 0.510311 
2648 0.000008 0.510840 
2649 0.000008 0.511369 
2650 0.000009 0.511897 
2651 0.000009 0.512426 
2652 0.000009 0.512955 
2653 0.000010 0.513483 
2654 0.000010 0.514012 
2655 0.000011 0.514540 
2656 0.000011 0.515069 
2657 0.000012 0.515597 
2658 0.000012 0.516126 
2659 0.000013 0.516654 
2660 0.000013 0.517182 
2661 0.000014 0.517711 
2662 0.000014 0.518239 
2663 0.000015 0.518767 
2664 0.000015 0.519296 
2665 0.000016 0.519824 
2666 0.000017 0.520352 
2667 0.000017 0.520880 
2668 0.000018 0.521408 
2669 0.000019 0.521936 
2670 0.000020 0.522464 
2671 0.000020 0.522992 
2672 0.000021 0.523520 
2673 0.000022 0.524048 
2674 0.000023 0.524576 
2675 0.000024 0.525104 
2676 0.000025 0.525632 
2677 0.000026 0.526160 
2678 0.000027 0.526687 
2679 0.000028 0.527215 
2680 0.000029 0.527743 
2681 0.000030 0.528271 
2682 0.000032 0.528798 
2683 0.000033 0.529326 
2684 0.000034 0.529853 
2685 0.000035 0.530381 
2686 0.000037 0.530908 
2687 0.000038 0.531436 
2688 0.000040 0.531963 
2689 0.000042 0.532491 
2690 0.000043 0.533018 
2691 0.000045 0.533545 
2692 0.000047 0.534073 
2693 0.000048 0.534600 
2694 0.000050 0.535127 
2695 0.000052 0.535655 
2696 0.000054 0.536182 
2697 0.000057 0.536709 
2698 0.000059 0.537236 
2699 0.000061 0.537763 
2700 0.000064 0.538290 
2701 0.000066 0.538817 
2702 0.000069 0.539344 
2703 0.000071 0.539871 
2704 0.000074 0.540398 
2705 0.000077 0.540925 
2706 0.000080 0.541452 
2707 0.000083 0.541978 
2708 0.000086 0.542505 
2709 0.000089 0.543032 
2710 0.000093 0.543559 
2711 0.000096 0.544085 
2712 0.000100 0.544612 
2713 0.000104 0.545139 
2714 0.000108 0.545665 
2715 0.000112 0.546192 
2716 0.000116 0.546718 
2717 0.000121 0.547245 
2718 0.000125 0.547771 
2719 0.000130 0.548298 
2720 0.000135 0.548824 
2721 0.000140 0.549350 
2722 0.000145 0.549877 
2723 0.000151 0.550403 
2724 0.000156 0.550929 
2725 0.000162 0.551455 
2726 0.000168 0.551981 
2727 0.000175 0.552508 
2728 0.000181 0.553034 
2729 0.000188 0.553560 
2730 0.000195 0.554086 
2731 0.000202 0.554612 
2732 0.000209 0.555138 
2733 0.000217 0.555664 
2734 0.000225 0.556189 
2735 0.000233 0.556715 
2736 0.000242 0.557241 
2737 0.000251 0.557767 
2738 0.000260 0.558293 
2739 0.000270 0.558818 
2740 0.000279 0.559344 
2741 0.000290 0.559870 
2742 0.000300 0.560395 
2743 0.000311 0.560921 
2744 0.000322 0.561446 
2745 0.000334 0.561972 
2746 0.000346 0.562497 
2747 0.000358 0.563023 
2748 0.000371 0.563548 
2749 0.000385 0.564073 
2750 0.000398 0.564599 
2751 0.000413 0.565124 
2752 0.000427 0.565649 
2753 0.000442 0.566175 
2754 0.000458 0.566700 
2755 0.000474 0.567225 
2756 0.000491 0.567750 
2757 0.000509 0.568275 
2758 0.000526 0.568800 
2759 0.000545 0.569325 
2760 0.000564 0.569850 
2761 0.000584 0.570375 
2762 0.000604 0.570900 
2763 0.000625 0.571425 
2764 0.000647 0.571950 
2765 0.000670 0.572474 
2766 0.000693 0.572999 
2767 0.000717 0.573524 
2768 0.000742 0.574049 
2769 0.000768 0.574573 
2770 0.000794 0.575098 
2771 0.000821 0.575622 
2772 0.000849 0.576147 
2773 0.000879 0.576671 
2774 0.000909 0.577196 
2775 0.000940 0.577720 
2776 0.000972 0.578245 
2777 0.001005 0.578769 
2778 0.001039 0.579293 
2779 0.001074 0.579818 
2780 0.001110 0.580342 
2781 0.001148 0.580866 
2782 0.001186 0.581390 
2783 0.001226 0.581914 
2784 0.001267 0.582439 
2785 0.001310 0.582963 
2786 0.001354 0.583487 
2787 0.001399 0.584011 
2788 0.001445 0.584535 
2789 0.001493 0.585059 
2790 0.001543 0.585582 
2791 0.001594 0.586106 
2792 0.001646 0.586630 
2793 0.001701 0.587154 
2794 0.001757 0.587678 
2795 0.001814 0.588201 
2796 0.001874 0.588725 
2797 0.001935 0.589249 
2798 0.001998 0.589772 
2799 0.002063 0.590296 
2800 0.002130 0.590819 
2801 0.002199 0.591343 
2802 0.002270 0.591866 
2803 0.002344 0.592390 
2804 0.002419 0.592913 
2805 0.002497 0.593436 
2806 0.002577 0.593960 
2807 0.002660 0.594483 
2808 0.002745 0.595006 
2809 0.002832 0.595529 
2810 0.002923 0.596052 
2811 0.003015 0.596576 
2812 0.003111 0.597099 
2813 0.003209 0.597622 
2814 0.003311 0.598145 
2815 0.003415 0.598668 
2816 0.003522 0.599191 
2817 0.003633 0.599713 
2818 0.003747 0.600236 
2819 0.003864 0.600759 
2820 0.003984 0.601282 
2821 0.004108 0.601805 
2822 0.004236 0.602327 
2823 0.004367 0.602850 
2824 0.004502 0.603373 
2825 0.004641 0.603895 
2826 0.004784 0.604418 
2827 0.004930 0.604940 
2828 0.005082 0.605463 
2829 0.005237 0.605985 
2830 0.005397 0.606508 
2831 0.005561 0.607030 
2832 0.005730 0.607552 
2833 0.005904 0.608074 
2834 0.006083 0.608597 
2835 0.006266 0.609119 
2836 0.006455 0.609641 
2837 0.006649 0.610163 
2838 0.006848 0.610685 
2839 0.007053 0.611207 
2840 0.007264 0.611729 
2841 0.007480 0.612251 
2842 0.007703 0.612773 
2843 0.007931 0.613295 
2844 0.008166 0.613817 
2845 0.008407 0.614339 
2846 0.008655 0.614861 
2847 0.008910 0.615382 
2848 0.009171 0.615904 
2849 0.009439 0.616426 
2850 0.009715 0.616947 
2851 0.009998 0.617469 
2852 0.010289 0.617991 
2853 0.010587 0.618512 
2854 0.010894 0.619034 
2855 0.011208 0.619555 
2856 0.011531 0.620076 
2857 0.011863 0.620598 
2858 0.012203 0.621119 
2859 0.012552 0.621640 
2860 0.012911 0.622162 
2861 0.013278 0.622683 
2862 0.013656 0.623204 
2863 0.014043 0.623725 
2864 0.014440 0.624246 
2865 0.014848 0.624767 
2866 0.015266 0.625288 
2867 0.015695 0.625809 
2868 0.016135 0.626330 
2869 0.016586 0.626851 
2870 0.017049 0.627372 
2871 0.017523 0.627893 
2872 0.018010 0.628414 
2873 0.018508 0.628934 
2874 0.019020 0.629455 
2875 0.019544 0.629976 
2876 0.020082 0.630496 
2877 0.020633 0.631017 
2878 0.021197 0.631537 
2879 0.021776 0.632058 
2880 0.022369 0.632578 
2881 0.022977 0.633099 
2882 0.023600 0.633619 
2883 0.024239 0.634139 
2884 0.024892 0.634660 
2885 0.025562 0.635180 
2886 0.026249 0.635700 
2887 0.026952 0.636220 
2888 0.027672 0.636741 
2889 0.028409 0.637261 
2890 0.029165 0.637781 
2891 0.029938 0.638301 
2892 0.030730 0.638821 
2893 0.031541 0.639341 
2894 0.032371 0.639861 
2895 0.033222 0.640381 
2896 0.034092 0.640900 
2897 0.034983 0.641420 
2898 0.035894 0.641940 
2899 0.036827 0.642460 
2900 0.037782 0.642979 
2901 0.038760 0.643499 
2902 0.039760 0.644018 
2903 0.040783 0.644538 
2904 0.041830 0.645057 
2905 0.042901 0.645577 
2906 0.043997 0.646096 
2907 0.045118 0.646616 
2908 0.046264 0.647135 
2909 0.047437 0.647654 
2910 0.048636 0.648174 
2911 0.049862 0.648693 
2912 0.051116 0.649212 
2913 0.052398 0.649731 
2914 0.053709 0.650250 
2915 0.055049 0.650769 
2916 0.056419 0.651288 
2917 0.057820 0.651807 
2918 0.059251 0.652326 
2919 0.060714 0.652845 
2920 0.062209 0.653364 
2921 0.063737 0.653883 
2922 0.065298 0.654402 
2923 0.066894 0.654920 
2924 0.068523 0.655439 
2925 0.070188 0.655958 
2926 0.071889 0.656476 
2927 0.073627 0.656995 
2928 0.075402 0.657513 
2929 0.077214 0.658032 
2930 0.079065 0.658550 
2931 0.080955 0.659069 
2932 0.082886 0.659587 
2933 0.084856 0.660105 
2934 0.086868 0.660624 
2935 0.088923 0.661142 
2936 0.091019 0.661660 
2937 0.093160 0.662178 
2938 0.095345 0.662696 
2939 0.097574 0.663214 
2940 0.099850 0.663732 
2941 0.102172 0.664250 
2942 0.104541 0.664768 
2943 0.106959 0.665286 
2944 0.109425 0.665804 
2945 0.111941 0.666322 
2946 0.114508 0.666840 
2947 0.117126 0.667358 
2948 0.119796 0.667875 
2949 0.122520 0.668393 
2950 0.125297 0.668911 
2951 0.128129 0.669428 
2952 0.131017 0.669946 
2953 0.133961 0.670463 
2954 0.136963 0.670981 
2955 0.140023 0.671498 
2956 0.143143 0.672015 
2957 0.146322 0.672533 
2958 0.149563 0.673050 
2959 0.152865 0.673567 
2960 0.156231 0.674084 
2961 0.159661 0.674602 
2962 0.163155 0.675119 
2963 0.166715 0.675636 
2964 0.170342 0.676153 
2965 0.174037 0.676670 
2966 0.177801 0.677187 
2967 0.181635 0.677704 
2968 0.185539 0.678220 
2969 0.189515 0.678737 
2970 0.193564 0.679254 
2971 0.197687 0.679771 
2972 0.201885 0.680287 
2973 0.206159 0.680804 
2974 0.210510 0.681321 
2975 0.214939 0.681837 
2976 0.219448 0.682354 
2977 0.224036 0.682870 
2978 0.228706 0.683387 
2979 0.233459 0.683903 
2980 0.238295 0.684419 
2981 0.243216 0.684936 
2982 0.248222 0.685452 
2983 0.253316 0.685968 
2984 0.258497 0.686484 
2985 0.263768 0.687000 
2986 0.269129 0.687517 
2987 0.274581 0.688033 
2988 0.280126 0.688549 
2989 0.285765 0.689065 
2990 0.291498 0.689581 
2991 0.297328 0.690096 
2992 0.303255 0.690612 
2993 0.309281 0.691128 
2994 0.315406 0.691644 
2995 0.321632 0.692159 
2996 0.327960 0.692675 
2997 0.334391 0.693191 
2998 0.340926 0.693706 
2999 0.347567 0.694222 
3000 0.354315 0.694737 
3001 0.361170 0.695253 
3002 0.368135 0.695768 
3003 0.375211 0.696284 
3004 0.382398 0.696799 
3005 0.389697 0.697314 
3006 0.397111 0.697829 
3007 0.404640 0.698344 
3008 0.412286 0.698860 
3009 0.420049 0.699375 
3010 0.427931 0.699890 
3011 0.435933 0.700405 
3012 0.444057 0.700920 
3013 0.452303 0.701435 
3014 0.460673 0.701950 
3015 0.469167 0.702464 
3016 0.477788 0.702979 
3017 0.486537 0.703494 
3018 0.495414 0.704009 
3019 0.504420 0.704523 
3020 0.513558 0.705038 
3021 0.522828 0.705552 
3022 0.532232 0.706067 
3023 0.541770 0.706581 
3024 0.551443 0.707096 
3025 0.561254 0.707610 
3026 0.571203 0.708125 
3027 0.581291 0.708639 
3028 0.591519 0.709153 
3029 0.601890 0.709667 
3030 0.612403 0.710182 
3031 0.623059 0.710696 
3032 0.633861 0.711210 
3033 0.644809 0.711724 
3034 0.655905 0.712238 
3035 0.667148 0.712752 
3036 0.678542 0.713266 
3037 0.690085 0.713779 
3038 0.701781 0.714293 
3039 0.713629 0.714807 
3040 0.725631 0.715321 
3041 0.737787 0.715834 
3042 0.750100 0.716348 
3043 0.762569 0.716862 
3044 0.775197 0.717375 
3045 0.787983 0.717889 
3046 0.800929 0.718402 
3047 0.814036 0.718916 
3048 0.827304 0.719429 
3049 0.840735 0.719942 
3050 0.854330 0.720456 
3051 0.868089 0.720969 
3052 0.882014 0.721482 
3053 0.896105 0.721995 
3054 0.910362 0.722508 
3055 0.924788 0.723021 
3056 0.939383 0.723534 
3057 0.954147 0.724047 
3058 0.969081 0.724560 
3059 0.984186 0.725073 
3060 0.999463 0.725586 
3061 1.014912 0.726099 
3062 1.030535 0.726611 
3063 1.046331 0.727124 
3064 1.062302 0.727637 
3065 1.078447 0.728149 
3066 1.094769 0.728662 
3067 1.111266 0.729174 
3068 1.127940 0.729687 
3069 1.144791 0.730199 
3070 1.161820 0.730712 
3071 1.179027 0.731224 
3072 1.196413 0.731736 
3073 1.213978 0.732248 
3074 1.231722 0.732761 
3075 1.249645 0.733273 
3076 1.267749 0.733785 
3077 1.286033 0.734297 
3078 1.304497 0.734809 
3079 1.323142 0.735321 
3080 1.341968 0.735833 
3081 1.360975 0.736345 
3082 1.380164 0.736856 
3083 1.399533 0.737368 
3084 1.419084 0.737880 
3085 1.438817 0.738392 
3086 1.458730 0.738903 
3087 1.478826 0.739415 
3088 1.499102 0.739926 
3089 1.519559 0.740438 
3090 1.540198 0.740949 
3091 1.561017 0.741461 
3092 1.582017 0.741972 
3093 1.603197 0.742483 
3094 1.624556 0.742995 
3095 1.646096 0.743506 
3096 1.667815 0.744017 
3097 1.689712 0.744528 
3098 1.711788 0.745039 
3099 1.734042 0.745550 
3100 1.756473 0.746061 
3101 1.779081 0.746572 
3102 1.801865 0.747083 
3103 1.824825 0.747594 
3104 1.847959 0.748105 
3105 1.871267 0.748615 
3106 1.894748 0.749126 
3107 1.918402 0.749637 
3108 1.942227 0.750147 
3109 1.966222 0.750658 
3110 1.990387 0.751168 
3111 2.014721 0.751679 
3112 2.039222 0.752189 
3113 2.063889 0.752700 
3114 2.088721 0.753210 
3115 2.113718 0.753720 
3116 2.138877 0.754231 
3117 2.164198 0.754741 
3118 2.189679 0.755251 
3119 2.215319 0.755761 
3120 2.241115 0.756271 
3121 2.267068 0.756781 
3122 2.293175 0.757291 
3123 2.319435 0.757801 
3124 2.345846 0.758311 
3125 2.372406 0.758821 
3126 2.399115 0.759330 
3127 2.425969 0.759840 
3128 2.452967 0.760350 
3129 2.480107 0.760859 
3130 2.507388 0.761369 
3131 2.534808 0.761878 
3132 2.562364 0.762388 
3133 2.590054 0.762897 
3134 2.617876 0.763407 
3135 2.645829 0.763916 
3136 2.673910 0.764425 
3137 2.702116 0.764935 
3138 2.730446 0.765444 
3139 2.758897 0.765953 
3140 2.787466 0.766462 
3141 2.816152 0.766971 
3142 2.844952 0.767480 
3143 2.873862 0.767989 
3144 2.902882 0.768498 
3145 2.932007 0.769007 
3146 2.961236 0.769516 
3147 2.990566 0.770024 
3148 3.019993 0.770533 
3149 3.049516 0.771042 
3150 3.079131 0.771550 
3151 3.108835 0.772059 
3152 3.138625 0.772567 
3153 3.168499 0.773076 
3154 3.198454 0.773584 
3155 3.228485 0.774093 
3156 3.258591 0.774601 
3157 3.288768 0.775109 
3158 3.319013 0.775617 
3159 3.349322 0.776126 
3160 3.379692 0.776634 
3161 3.410120 0.777142 
3162 3.440603 0.777650 
3163 3.471137 0.778158 
3164 3.501719 0.778666 
3165 3.532344 0.779174 
3166 3.563011 0.779682 
3167 3.593714 0.780189 
3168 3.624451 0.780697 
3169 3.655217 0.781205 
3170 3.686010 0.781712 
3171 3.716825 0.782220 
3172 3.747659 0.782728 
3173 3.778507 0.783235 
3174 3.809367 0.783743 
3175 3.840233 0.784250 
3176 3.871103 0.784757 
3177 3.901972 0.785265 
3178 3.932836 0.785772 
3179 3.963692 0.786279 
3180 3.994535 0.786786 
3181 4.025361 0.787293 
3182 4.056167 0.787800 
3183 4.086947 0.788307 
3184 4.117699 0.788814 
3185 4.148417 0.789321 
3186 4.179098 0.789828 
3187 4.209738 0.790335 
3188 4.240331 0.790842 
3189 4.270875 0.791348 
3190 4.301364 0.791855 
3191 4.331794 0.792362 
3192 4.362162 0.792868 
3193 4.392463 0.793375 
3194 4.422691 0.793881 
3195 4.452844 0.794388 
3196 4.482917 0.794894 
3197 4.512904 0.795400 
3198 4.542803 0.795906 
3199 4.572608 0.796413 
3200 4.602315 0.796919 
3201 4.631919 0.797425 
3202 4.661417 0.797931 
3203 4.690804 0.798437 
3204 4.720074 0.798943 
3205 4.749224 0.799449 
3206 4.778250 0.799955 
3207 4.807146 0.800461 
3208 4.835909 0.800966 
3209 4.864534 0.801472 
3210 4.893015 0.801978 
3211 4.921350 0.802483 
3212 4.949533 0.802989 
3213 4.977560 0.803494 
3214 5.005427 0.804000 
3215 5.033128 0.804505 
3216 5.060660 0.805011 
3217 5.088018 0.805516 
3218 5.115197 0.806021 
3219 5.142194 0.806526 
3220 5.169004 0.807032 
3221 5.195622 0.807537 
3222 5.222044 0.808042 
3223 5.248265 0.808547 
3224 5.274282 0.809052 
3225 5.300090 0.809557 
3226 5.325684 0.810062 
3227 5.351061 0.810566 
3228 5.376215 0.811071 
3229 5.401144 0.811576 
3230 5.425842 0.812080 
3231 5.450305 0.812585 
3232 5.474529 0.813090 
3233 5.498510 0.813594 
3234 5.522244 0.814099 
3235 5.545727 0.814603 
3236 5.568954 0.815107 
3237 5.591922 0.815612 
3238 5.614626 0.816116 
3239 5.637063 0.816620 
3240 5.659229 0.817124 
3241 5.681119 0.817628 
3242 5.702731 0.818132 
3243 5.724059 0.818636 
3244 5.745101 0.819140 
3245 5.765852 0.819644 
3246 5.786309 0.820148 
3247 5.806469 0.820652 
3248 5.826327 0.821156 
3249 5.845880 0.821659 
3250 5.865124 0.822163 
3251 5.884057 0.822666 
3252 5.902674 0.823170 
3253 5.920972 0.823673 
3254 5.938948 0.824177 
3255 5.956599 0.824680 
3256 5.973921 0.825184 
3257 5.990911 0.825687 
3258 6.007567 0.826190 
3259 6.023884 0.826693 
3260 6.039861 0.827196 
3261 6.055493 0.827699 
3262 6.070779 0.828202 
3263 6.085715 0.828705 
3264 6.100299 0.829208 
3265 6.114528 0.829711 
3266 6.128399 0.830214 
3267 6.141909 0.830717 
3268 6.155057 0.831219 
3269 6.167839 0.831722 
3270 6.180254 0.832225 
3271 6.192299 0.832727 
3272 6.203971 0.833230 
3273 6.215269 0.833732 
3274 6.226190 0.834235 
3275 6.236732 0.834737 
3276 6.246894 0.835239 
3277 6.256674 0.835741 
3278 6.266069 0.836244 
3279 6.275077 0.836746 
3280 6.283698 0.837248 
3281 6.291929 0.837750 
3282 6.299769 0.838252 
3283 6.307217 0.838754 
3284 6.314270 0.839256 
3285 6.320929 0.839758 
3286 6.327190 0.840259 
3287 6.333054 0.840761 
3288 6.338519 0.841263 
3289 6.343583 0.841764 
3290 6.348247 0.842266 
3291 6.352509 0.842767 
3292 6.356369 0.843269 
3293 6.359825 0.843770 
3294 6.362877 0.844271 
3295 6.365524 0.844773 
3296 6.367766 0.845274 
3297 6.369603 0.845775 
3298 6.371033 0.846276 
3299 6.372058 0.846777 
3300 6.372676 0.847278 
3301 6.372887 0.847779 
3302 6.372692 0.848280 
3303 6.372091 0.848781 
3304 6.371083 0.849282 
3305 6.369669 0.849783 
3306 6.367849 0.850283 
3307 6.365623 0.850784 
3308 6.362992 0.851285 
3309 6.359957 0.851785 
3310 6.356517 0.852286 
3311 6.352674 0.852786 
3312 6.348428 0.853287 
3313 6.343780 0.853787 
3314 6.338732 0.854287 
3315 6.333283 0.854787 
3316 6.327435 0.855288 
3317 6.321190 0.855788 
3318 6.314547 0.856288 
3319 6.307509 0.856788 
3320 6.300078 0.857288 
3321 6.292253 0.857788 
3322 6.284037 0.858288 
3323 6.275432 0.858787 
3324 6.266438 0.859287 
3325 6.257059 0.859787 
3326 6.247294 0.860286 
3327 6.237147 0.860786 
3328 6.226619 0.861286 
3329 6.215713 0.861785 
3330 6.204429 0.862284 
3331 6.192771 0.862784 
3332 6.180741 0.863283 
3333 6.168340 0.863782 
3334 6.155572 0.864282 
3335 6.142438 0.864781 
3336 6.128941 0.865280 
3337 6.115083 0.865779 
3338 6.100868 0.866278 
3339 6.086297 0.866777 
3340 6.071374 0.867276 
3341 6.056100 0.867775 
3342 6.040480 0.868273 
3343 6.024516 0.868772 
3344 6.008211 0.869271 
3345 5.991567 0.869769 
3346 5.974589 0.870268 
3347 5.957278 0.870766 
3348 5.939638 0.871265 
3349 5.921673 0.871763 
3350 5.903386 0.872262 
3351 5.884780 0.872760 
3352 5.865857 0.873258 
3353 5.846623 0.873756 
3354 5.827080 0.874254 
3355 5.807232 0.874753 
3356 5.787082 0.875251 
3357 5.766634 0.875748 
3358 5.745892 0.876246 
3359 5.724859 0.876744 
3360 5.703539 0.877242 
3361 5.681936 0.877740 
3362 5.660054 0.878237 
3363 5.637896 0.878735 
3364 5.615466 0.879233 
3365 5.592769 0.879730 
3366 5.569809 0.880228 
3367 5.546588 0.880725 
3368 5.523112 0.881222 
3369 5.499385 0.881720 
3370 5.475410 0.882217 
3371 5.451192 0.882714 
3372 5.426734 0.883211 
3373 5.402042 0.883708 
3374 5.377118 0.884205 
3375 5.351969 0.884702 
3376 5.326597 0.885199 
3377 5.301007 0.885696 
3378 5.275203 0.886193 
3379 5.249190 0.886690 
3380 5.222972 0.887186 
3381 5.196554 0.887683 
3382 5.169939 0.888180 
3383 5.143132 0.888676 
3384 5.116138 0.889173 
3385 5.088960 0.889669 
3386 5.061605 0.890165 
3387 5.034074 0.890662 
3388 5.006375 0.891158 
3389 4.978510 0.891654 
3390 4.950484 0.892150 
3391 4.922301 0.892646 
3392 4.893967 0.893142 
3393 4.865486 0.893638 
3394 4.836861 0.894134 
3395 4.808099 0.894630 
3396 4.779202 0.895126 
3397 4.750176 0.895622 
3398 4.721024 0.896117 
3399 4.691753 0.896613 
3400 4.662365 0.897109 
3401 4.632866 0.897604 
3402 4.603259 0.898100 
3403 4.573550 0.898595 
3404 4.543743 0.899090 
3405 4.513842 0.899586 
3406 4.483852 0.900081 
3407 4.453776 0.900576 
3408 4.423620 0.901071 
3409 4.393388 0.901566 
3410 4.363084 0.902061 
3411 4.332713 0.902556 
3412 4.302278 0.903051 
3413 4.271785 0.903546 
3414 4.241237 0.904041 
3415 4.210639 0.904535 
3416 4.179995 0.905030 
3417 4.149309 0.905525 
3418 4.118585 0.906019 
3419 4.087828 0.906514 
3420 4.057042 0.907008 
3421 4.026231 0.907503 
3422 3.995399 0.907997 
3423 3.964550 0.908491 
3424 3.933688 0.908985 
3425 3.902817 0.909480 
3426 3.871941 0.909974 
3427 3.841065 0.910468 
3428 3.810191 0.910962 
3429 3.779325 0.911456 
3430 3.748469 0.911950 
3431 3.717628 0.912443 
3432 3.686806 0.912937 
3433 3.656005 0.913431 
3434 3.625231 0.913925 
3435 3.594486 0.914418 
3436 3.563775 0.914912 
3437 3.533101 0.915405 
3438 3.502467 0.915899 
3439 3.471877 0.916392 
3440 3.441334 0.916885 
3441 3.410843 0.917379 
3442 3.380406 0.917872 
3443 3.350027 0.918365 
3444 3.319709 0.918858 
3445 3.289455 0.919351 
3446 3.259269 0.919844 
3447 3.229154 0.920337 
3448 3.199113 0.920830 
3449 3.169149 0.921323 
3450 3.139266 0.921815 
3451 3.109466 0.922308 
3452 3.079752 0.922801 
3453 3.050128 0.923293 
3454 3.020595 0.923786 
3455 2.991158 0.924278 
3456 2.961819 0.924770 
3457 2.932580 0.925263 
3458 2.903445 0.925755 
3459 2.874415 0.926247 
3460 2.845494 0.926739 
3461 2.816685 0.927232 
3462 2.787989 0.927724 
3463 2.759409 0.928216 
3464 2.730948 0.928707 
3465 2.702608 0.929199 
3466 2.674392 0.929691 
3467 2.646301 0.930183 
3468 2.618338 0.930675 
3469 2.590505 0.931166 
3470 2.562805 0.931658 
3471 2.535239 0.932149 
3472 2.507809 0.932641 
3473 2.480518 0.933132 
3474 2.453367 0.933624 
3475 2.426359 0.934115 
3476 2.399494 0.934606 
3477 2.372776 0.935097 
3478 2.346206 0.935588 
3479 2.319785 0.936079 
3480 2.293515 0.936570 
3481 2.267398 0.937061 
3482 2.241435 0.937552 
3483 2.215628 0.938043 
3484 2.189978 0.938534 
3485 2.164487 0.939024 
3486 2.139157 0.939515 
3487 2.113988 0.940006 
3488 2.088981 0.940496 
3489 2.064139 0.940987 
3490 2.039462 0.941477 
3491 2.014951 0.941967 
3492 1.990608 0.942458 
3493 1.966434 0.942948 
3494 1.942429 0.943438 
3495 1.918594 0.943928 
3496 1.894931 0.944418 
3497 1.871441 0.944908 
3498 1.848124 0.945398 
3499 1.824981 0.945888 
3500 1.802012 0.946378 
3501 1.779219 0.946868 
3502 1.756602 0.947357 
3503 1.734163 0.947847 
3504 1.711900 0.948337 
3505 1.689815 0.948826 
3506 1.667909 0.949316 
3507 1.646182 0.949805 
3508 1.624634 0.950294 
3509 1.603266 0.950784 
3510 1.582078 0.951273 
3511 1.561070 0.951762 
3512 1.540243 0.952251 
3513 1.519596 0.952740 
3514 1.499131 0.953229 
3515 1.478847 0.953718 
3516 1.458744 0.954207 
3517 1.438823 0.954696 
3518 1.419083 0.955184 
3519 1.399525 0.955673 
3520 1.380148 0.956162 
3521 1.360953 0.956650 
3522 1.341939 0.957139 
3523 1.323106 0.957627 
3524 1.304454 0.958116 
3525 1.285983 0.958604 
3526 1.267692 0.959092 
3527 1.249582 0.959581 
3528 1.231652 0.960069 
3529 1.213902 0.960557 
3530 1.196331 0.961045 
3531 1.178940 0.961533 
3532 1.161727 0.962021 
3533 1.144692 0.962509 
3534 1.127835 0.962996 
3535 1.111155 0.963484 
3536 1.094652 0.963972 
3537 1.078326 0.964459 
3538 1.062175 0.964947 
3539 1.046199 0.965434 
3540 1.030398 0.965922 
3541 1.014770 0.966409 
3542 0.999316 0.966896 
3543 0.984034 0.967384 
3544 0.968925 0.967871 
3545 0.953986 0.968358 
3546 0.939218 0.968845 
3547 0.924619 0.969332 
3548 0.910189 0.969819 
3549 0.895927 0.970306 
3550 0.881832 0.970793 
3551 0.867904 0.971280 
3552 0.854141 0.971766 
3553 0.840543 0.972253 
3554 0.827108 0.972739 
3555 0.813836 0.973226 
3556 0.800726 0.973712 
3557 0.787777 0.974199 
3558 0.774988 0.974685 
3559 0.762357 0.975171 
3560 0.749885 0.975658 
3561 0.737570 0.976144 
3562 0.725410 0.976630 
3563 0.713406 0.977116 
3564 0.701555 0.977602 
3565 0.689858 0.978088 
3566 0.678311 0.978574 
3567 0.666916 0.979059 
3568 0.655670 0.979545 
3569 0.644573 0.980031 
3570 0.633623 0.980516 
3571 0.622819 0.981002 
3572 0.612161 0.981487 
3573 0.601646 0.981973 
3574 0.591274 0.982458 
3575 0.581044 0.982944 
3576 0.570955 0.983429 
3577 0.561005 0.983914 
3578 0.551193 0.984399 
3579 0.541518 0.984884 
3580 0.531979 0.985369 
3581 0.522575 0.985854 
3582 0.513304 0.986339 
3583 0.504165 0.986824 
3584 0.495158 0.987308 
3585 0.486280 0.987793 
3586 0.477531 0.988278 
3587 0.468910 0.988762 
3588 0.460415 0.989247 
3589 0.452045 0.989731 
3590 0.443798 0.990216 
3591 0.435675 0.990700 
3592 0.427672 0.991184 
3593 0.419790 0.991668 
3594 0.412027 0.992152 
3595 0.404382 0.992636 
3596 0.396853 0.993120 
3597 0.389439 0.993604 
3598 0.382140 0.994088 
3599 0.374953 0.994572 
3600 0.367878 0.995056 
3601 0.360914 0.995540 
3602 0.354058 0.996023 
3603 0.347311 0.996507 
3604 0.340671 0.996990 
3605 0.334136 0.997474 
3606 0.327706 0.997957 
3607 0.321379 0.998440 
3608 0.315154 0.998924 
3609 0.309029 0.999407 
3610 0.303005 0.999890 
3611 0.297079 1.000373 
3612 0.291250 1.000856 
3613 0.285517 1.001339 
3614 0.279880 1.001822 
3615 0.274336 1.002305 
3616 0.268885 1.002787 
3617 0.263525 1.003270 
3618 0.258255 1.003753 
3619 0.253075 1.004235 
3620 0.247983 1.004718 
3621 0.242978 1.005200 
3622 0.238059 1.005683 
3623 0.233224 1.006165 
3624 0.228473 1.006647 
3625 0.223804 1.007129 
3626 0.219217 1.007612 
3627 0.214710 1.008094 
3628 0.210283 1.008576 
3629 0.205933 1.009057 
3630 0.201661 1.009539 
3631 0.197465 1.010021 
3632 0.193343 1.010503 
3633 0.189296 1.010985 
3634 0.185321 1.011466 
3635 0.181419 1.011948 
3636 0.177587 1.012429 
3637 0.173825 1.012911 
3638 0.170132 1.013392 
3639 0.166506 1.013873 
3640 0.162948 1.014355 
3641 0.159455 1.014836 
3642 0.156028 1.015317 
3643 0.152664 1.015798 
3644 0.149363 1.016279 
3645 0.146124 1.016760 
3646 0.142947 1.017241 
3647 0.139829 1.017722 
3648 0.136771 1.018202 
3649 0.133771 1.018683 
3650 0.130829 1.019164 
3651 0.127943 1.019644 
3652 0.125112 1.020125 
3653 0.122337 1.020605 
3654 0.119616 1.021085 
3655 0.116947 1.021566 
3656 0.114331 1.022046 
3657 0.111766 1.022526 
3658 0.109252 1.023006 
3659 0.106787 1.023486 
3660 0.104372 1.023966 
3661 0.102004 1.024446 
3662 0.099684 1.024926 
3663 0.097411 1.025406 
3664 0.095183 1.025885 
3665 0.093000 1.026365 
3666 0.090862 1.026845 
3667 0.088767 1.027324 
3668 0.086714 1.027804 
3669 0.084704 1.028283 
3670 0.082735 1.028762 
3671 0.080807 1.029241 
3672 0.078919 1.029721 
3673 0.077069 1.030200 
3674 0.075259 1.030679 
3675 0.073486 1.031158 
3676 0.071750 1.031637 
3677 0.070051 1.032116 
3678 0.068388 1.032595 
3679 0.066760 1.033073 
3680 0.065167 1.033552 
3681 0.063607 1.034031 
3682 0.062081 1.034509 
3683 0.060588 1.034988 
3684 0.059126 1.035466 
3685 0.057697 1.035944 
3686 0.056298 1.036423 
3687 0.054930 1.036901 
3688 0.053591 1.037379 
3689 0.052282 1.037857 
3690 0.051002 1.038335 
3691 0.049750 1.038813 
3692 0.048525 1.039291 
3693 0.047327 1.039769 
3694 0.046157 1.040247 
3695 0.045012 1.040724 
3696 0.043893 1.041202 
3697 0.042798 1.041680 
3698 0.041729 1.042157 
3699 0.040684 1.042635 
3700 0.039662 1.043112 
3701 0.038663 1.043589 
3702 0.037688 1.044067 
3703 0.036734 1.044544 
3704 0.035802 1.045021 
3705 0.034892 1.045498 
3706 0.034003 1.045975 
3707 0.033134 1.046452 
3708 0.032285 1.046929 
3709 0.031456 1.047405 
3710 0.030647 1.047882 
3711 0.029856 1.048359 
3712 0.029084 1.048835 
3713 0.028330 1.049312 
3714 0.027594 1.049788 
3715 0.026875 1.050265 
3716 0.026174 1.050741 
3717 0.025489 1.051217 
3718 0.024820 1.051694 
3719 0.024167 1.052170 
3720 0.023530 1.052646 
3721 0.022909 1.053122 
3722 0.022302 1.053598 
3723 0.021710 1.054074 
3724 0.021132 1.054550 
3725 0.020569 1.055025 
3726 0.020019 1.055501 
3727 0.019483 1.055977 
3728 0.018959 1.056452 
3729 0.018449 1.056928 
3730 0.017951 1.057403 
3731 0.017466 1.057878 
3732 0.016992 1.058354 
3733 0.016531 1.058829 
3734 0.016081 1.059304 
3735 0.015642 1.059779 
3736 0.015214 1.060254 
3737 0.014797 1.060729 
3738 0.014390 1.061204 
3739 0.013994 1.061679 
3740 0.013608 1.062154 
3741 0.013231 1.062628 
3742 0.012864 1.063103 
3743 0.012507 1.063577 
3744 0.012159 1.064052 
3745 0.011819 1.064526 
3746 0.011489 1.065001 
3747 0.011167 1.065475 
3748 0.010853 1.065949 
3749 0.010547 1.066423 
3750 0.010250 1.066897 
3751 0.009960 1.067371 
3752 0.009677 1.067845 
3753 0.009402 1.068319 
3754 0.009135 1.068793 
3755 0.008874 1.069267 
3756 0.008620 1.069741 
3757 0.008373 1.070214 
3758 0.008133 1.070688 
3759 0.007899 1.071161 
3760 0.007671 1.071635 
3761 0.007449 1.072108 
3762 0.007233 1.072581 
3763 0.007023 1.073054 
3764 0.006819 1.073528 
3765 0.006620 1.074001 
3766 0.006427 1.074474 
3767 0.006239 1.074947 
3768 0.006056 1.075420 
3769 0.005878 1.075892 
3770 0.005705 1.076365 
3771 0.005536 1.076838 
3772 0.005372 1.077310 
3773 0.005213 1.077783 
3774 0.005058 1.078255 
3775 0.004908 1.078728 
3776 0.004761 1.079200 
3777 0.004619 1.079672 
3778 0.004480 1.080145 
3779 0.004346 1.080617 
3780 0.004215 1.081089 
3781 0.004088 1.081561 
3782 0.003965 1.082033 
3783 0.003845 1.082505 
3784 0.003728 1.082976 
3785 0.003615 1.083448 
3786 0.003505 1.083920 
3787 0.003398 1.084391 
3788 0.003294 1.084863 
3789 0.003193 1.085334 
3790 0.003095 1.085806 
3791 0.003000 1.086277 
3792 0.002907 1.086748 
3793 0.002817 1.087220 
3794 0.002730 1.087691 
3795 0.002646 1.088162 
3796 0.002563 1.088633 
3797 0.002484 1.089104 
3798 0.002406 1.089575 
3799 0.002331 1.090045 
3800 0.002258 1.090516 
3801 0.002187 1.090987 
3802 0.002118 1.091457 
3803 0.002051 1.091928 
3804 0.001987 1.092398 
3805 0.001924 1.092869 
3806 0.001863 1.093339 
3807 0.001804 1.093809 
3808 0.001746 1.094279 
3809 0.001691 1.094749 
3810 0.001637 1.095220 
3811 0.001584 1.095689 
3812 0.001534 1.096159 
3813 0.001484 1.096629 
3814 0.001436 1.097099 
3815 0.001390 1.097569 
3816 0.001345 1.098038 
3817 0.001302 1.098508 
3818 0.001259 1.098977 
3819 0.001219 1.099447 
3820 0.001179 1.099916 
3821 0.001140 1.100385 
3822 0.001103 1.100855 
3823 0.001067 1.101324 
3824 0.001032 1.101793 
3825 0.000998 1.102262 
3826 0.000965 1.102731 
3827 0.000933 1.103200 
3828 0.000903 1.103668 
3829 0.000873 1.104137 
3830 0.000844 1.104606 
3831 0.000816 1.105074 
3832 0.000789 1.105543 
3833 0.000762 1.106011 
3834 0.000737 1.106480 
3835 0.000712 1.106948 
3836 0.000688 1.107416 
3837 0.000665 1.107884 
3838 0.000643 1.108353 
3839 0.000621 1.108821 
3840 0.000600 1.109289 
3841 0.000580 1.109756 
3842 0.000560 1.110224 
3843 0.000541 1.110692 
3844 0.000523 1.111160 
3845 0.000505 1.111627 
3846 0.000488 1.112095 
3847 0.000471 1.112562 
3848 0.000455 1.113030 
3849 0.000439 1.113497 
3850 0.000424 1.113964 
3851 0.000409 1.114432 
3852 0.000395 1.114899 
3853 0.000382 1.115366 
3854 0.000368 1.115833 
3855 0.000356 1.116300 
3856 0.000343 1.116767 
3857 0.000331 1.117233 
3858 0.000320 1.117700 
3859 0.000308 1.118167 
3860 0.000298 1.118633 
3861 0.000287 1.119100 
3862 0.000277 1.119566 
3863 0.000267 1.120033 
3864 0.000258 1.120499 
3865 0.000249 1.120965 
3866 0.000240 1.121431 
3867 0.000232 1.121897 
3868 0.000223 1.122363 
3869 0.000215 1.122829 
3870 0.000208 1.123295 
3871 0.000200 1.123761 
3872 0.000193 1.124227 
3873 0.000186 1.124692 
3874 0.000179 1.125158 
3875 0.000173 1.125624 
3876 0.000167 1.126089 
3877 0.000161 1.126554 
3878 0.000155 1.127020 
3879 0.000149 1.127485 
3880 0.000144 1.127950 
3881 0.000139 1.128415 
3882 0.000134 1.128880 
3883 0.000129 1.129345 
3884 0.000124 1.129810 
3885 0.000120 1.130275 
3886 0.000115 1.130740 
3887 0.000111 1.131204 
3888 0.000107 1.131669 
3889 0.000103 1.132134 
3890 0.000099 1.132598 
3891 0.000095 1.133062 
3892 0.000092 1.133527 
3893 0.000089 1.133991 
3894 0.000085 1.134455 
3895 0.000082 1.134919 
3896 0.000079 1.135383 
3897 0.000076 1.135847 
3898 0.000073 1.136311 
3899 0.000070 1.136775 
3900 0.000068 1.137239 
3901 0.000065 1.137702 
3902 0.000063 1.138166 
3903 0.000060 1.138630 
3904 0.000058 1.139093 
3905 0.000056 1.139556 
3906 0.000054 1.140020 
3907 0.000052 1.140483 
3908 0.000050 1.140946 
3909 0.000048 1.141409 
3910 0.000046 1.141872 
3911 0.000044 1.142335 
3912 0.000043 1.142798 
3913 0.000041 1.143261 
3914 0.000039 1.143724 
3915 0.000038 1.144187 
3916 0.000037 1.144649 
3917 0.000035 1.145112 
3918 0.000034 1.145574 
3919 0.000032 1.146037 
3920 0.000031 1.146499 
3921 0.000030 1.146961 
3922 0.000029 1.147423 
3923 0.000028 1.147885 
3924 0.000027 1.148348 
3925 0.000026 1.148809 
3926 0.000025 1.149271 
3927 0.000024 1.149733 
3928 0.000023 1.150195 
3929 0.000022 1.150657 
3930 0.000021 1.151118 
3931 0.000020 1.151580 
3932 0.000019 1.152041 
3933 0.000019 1.152503 
3934 0.000018 1.152964 
3935 0.000017 1.153425 
3936 0.000016 1.153886 
3937 0.000016 1.154348 
3938 0.000015 1.154809 
3939 0.000015 1.155270 
3940 0.000014 1.155730 
3941 0.000013 1.156191 
3942 0.000013 1.156652 
3943 0.000012 1.157113 
3944 0.000012 1.157573 
3945 0.000011 1.158034 
3946 0.000011 1.158494 
3947 0.000010 1.158955 
3948 0.000010 1.159415 
3949 0.000010 1.159875 
3950 0.000009 1.160335 
3951 0.000009 1.160795 
3952 0.000009 1.161255 
3953 0.000008 1.161715 
3954 0.000008 1.162175 
3955 0.000008 1.162635 
3956 0.000007 1.163095 
3957 0.000007 1.163554 
3958 0.000007 1.164014 
3959 0.000006 1.164474 
3960 0.000006 1.164933 
3961 0.000006 1.165392 
3962 0.000006 1.165852 
3963 0.000005 1.166311 
3964 0.000005 1.166770 
3965 0.000005 1.167229 
3966 0.000005 1.167688 
3967 0.000005 1.168147 
3968 0.000004 1.168606 
3969 0.000004 1.169065 
3970 0.000004 1.169523 
3971 0.000004 1.169982 
3972 0.000004 1.170441 
3973 0.000004 1.170899 
3974 0.000003 1.171358 
3975 0.000003 1.171816 
3976 0.000003 1.172274 
3977 0.000003 1.172732 
3978 0.000003 1.173190 
3979 0.000003 1.173649 
3980 0.000003 1.174106 
3981 0.000002 1.174564 
3982 0.000002 1.175022 
3983 0.000002 1.175480 
3984 0.000002 1.175938 
3985 0.000002 1.176395 
3986 0.000002 1.176853 
3987 0.000002 1.177310 
3988 0.000002 1.177768 
3989 0.000002 1.178225 
3990 0.000002 1.178682 
3991 0.000002 1.179139 
3992 0.000002 1.179597 
3993 0.000001 1.180054 
3994 0.000001 1.180510 
3995 0.000001 1.180967 
3996 0.000001 1.181424 
3997 0.000001 1.181881 
3998 0.000001 1.182338 
3999 0.000001 1.182794 
4000 0.000001 1.183251 
