0 0.000000 1.770170 
1 0.000000 1.770487 
2 0.000000 1.770803 
3 0.000000 1.771119 
4 0.000000 1.771435 
5 0.000000 1.771751 
6 0.000000 1.772066 
7 0.000000 1.772382 
8 0.000000 1.772697 
9 0.000000 1.773013 
10 0.000000 1.773328 
11 0.000000 1.773643 
12 0.000000 1.773958 
13 0.000000 1.774273 
14 0.000000 1.774588 
15 0.000000 1.774903 
16 0.000000 1.775217 
17 0.000000 1.775532 
18 0.000000 1.775846 
19 0.000000 1.776160 
20 0.000000 1.776474 
21 0.000000 1.776788 
22 0.000000 1.777102 
23 0.000000 1.777416 
24 0.000000 1.777730 
25 0.000000 1.778043 
26 0.000000 1.778357 
27 0.000000 1.778670 
28 0.000000 1.778983 
29 0.000000 1.779297 
30 0.000000 1.779610 
31 0.000000 1.779923 
32 0.000000 1.780235 
33 0.000000 1.780548 
34 0.000000 1.780861 
35 0.000000 1.781173 
36 0.000000 1.781485 
37 0.000000 1.781798 
38 0.000000 1.782110 
39 0.000000 1.782422 
40 0.000000 1.782734 
41 0.000000 1.783046 
42 0.000000 1.783357 
43 0.000000 1.783669 
44 0.000000 1.783980 
45 0.000000 1.784292 
46 0.000000 1.784603 
47 0.000000 1.784914 
48 0.000000 1.785225 
49 0.000000 1.785536 
50 0.000000 1.785847 
51 0.000000 1.786157 
52 0.000000 1.786468 
53 0.000000 1.786779 
54 0.000000 1.787089 
55 0.000000 1.787399 
56 0.000000 1.787709 
57 0.000000 1.788019 
58 0.000000 1.788329 
59 0.000000 1.788639 
60 0.000000 1.788949 
61 0.000000 1.789258 
62 0.000000 1.789568 
63 0.000000 1.789877 
64 0.000000 1.790186 
65 0.000000 1.790495 
66 0.000000 1.790804 
67 0.000000 1.791113 
68 0.000000 1.791422 
69 0.000000 1.791731 
70 0.000000 1.792039 
71 0.000000 1.792348 
72 0.000000 1.792656 
73 0.000000 1.792964 
74 0.000000 1.793272 
75 0.000000 1.793580 
76 0.000000 1.793888 
77 0.000000 1.794196 
78 0.000000 1.794504 
79 0.000000 1.794811 
80 0.000000 1.795119 
81 0.000000 1.795426 
82 0.000000 1.795733 
83 0.000000 1.796040 
84 0.000000 1.796347 
85 0.000000 1.796654 
86 0.000000 1.796961 
87 0.000000 1.797268 
88 0.000000 1.797574 
89 0.000000 1.797881 
90 0.000000 1.798187 
91 0.000000 1.798493 
92 0.000000 1.798799 
93 0.000000 1.799105 
94 0.000000 1.799411 
95 0.000000 1.799717 
96 0.000000 1.800023 
97 0.000000 1.800328 
98 0.000000 1.800634 
99 0.000000 1.800939 
100 0.000000 1.801244 
101 0.000000 1.801549 
102 0.000000 1.801854 
103 0.000000 1.802159 
104 0.000000 1.802464 
105 0.000000 1.802768 
106 0.000000 1.803073 
107 0.000000 1.803377 
108 0.000000 1.803682 
109 0.000000 1.803986 
110 0.000001 1.804290 
111 0.000001 1.804594 
112 0.000001 1.804898 
113 0.000001 1.805201 
114 0.000001 1.805505 
115 0.000001 1.805808 
116 0.000001 1.806112 
117 0.000001 1.806415 
118 0.000001 1.806718 
119 0.000001 1.807021 
120 0.000001 1.807324 
121 0.000001 1.807627 
122 0.000001 1.807930 
123 0.000001 1.808232 
124 0.000001 1.808535 
125 0.000001 1.808837 
126 0.000001 1.809140 
127 0.000001 1.809442 
128 0.000001 1.809744 
129 0.000001 1.810046 
130 0.000001 1.810347 
131 0.000001 1.810649 
132 0.000001 1.810951 
133 0.000002 1.811252 
134 0.000002 1.811554 
135 0.000002 1.811855 
136 0.000002 1.812156 
137 0.000002 1.812457 
138 0.000002 1.812758 
139 0.000002 1.813058 
140 0.000002 1.813359 
141 0.000002 1.813659 
142 0.000002 1.813959 
143 0.000002 1.814258 
144 0.000003 1.814557 
145 0.000003 1.814855 
146 0.000003 1.815152 
147 0.000003 1.815448 
148 0.000003 1.815741 
149 0.000003 1.816031 
150 0.000003 1.816318 
151 0.000003 1.816598 
152 0.000004 1.816871 
153 0.000004 1.817133 
154 0.000004 1.817380 
155 0.000004 1.817608 
156 0.000004 1.817809 
157 0.000004 1.817975 
158 0.000005 1.818095 
159 0.000005 1.818156 
160 0.000005 1.818139 
161 0.000005 1.818022 
162 0.000006 1.817779 
163 0.000006 1.817376 
164 0.000006 1.816773 
165 0.000006 1.815923 
166 0.000007 1.814768 
167 0.000007 1.813240 
168 0.000007 1.811263 
169 0.000008 1.808746 
170 0.000008 1.805587 
171 0.000008 1.801670 
172 0.000009 1.796869 
173 0.000009 1.791043 
174 0.000009 1.784038 
175 0.000010 1.775693 
176 0.000010 1.765833 
177 0.000011 1.754282 
178 0.000011 1.740855 
179 0.000012 1.725369 
180 0.000012 1.707647 
181 0.000013 1.687515 
182 0.000013 1.664817 
183 0.000014 1.639412 
184 0.000014 1.611183 
185 0.000015 1.580042 
186 0.000016 1.545932 
187 0.000016 1.508834 
188 0.000017 1.468771 
189 0.000018 1.425806 
190 0.000019 1.380051 
191 0.000019 1.331661 
192 0.000020 1.280835 
193 0.000021 1.227818 
194 0.000022 1.172891 
195 0.000023 1.116373 
196 0.000024 1.058610 
197 0.000025 0.999974 
198 0.000026 0.940852 
199 0.000027 0.881638 
200 0.000028 0.822729 
201 0.000029 0.764514 
202 0.000030 0.707365 
203 0.000032 0.651636 
204 0.000033 0.597649 
205 0.000034 0.545696 
206 0.000036 0.496029 
207 0.000037 0.448860 
208 0.000039 0.404357 
209 0.000041 0.362644 
210 0.000042 0.323804 
211 0.000044 0.287877 
212 0.000046 0.254861 
213 0.000048 0.224722 
214 0.000050 0.197390 
215 0.000052 0.172770 
216 0.000054 0.150740 
217 0.000056 0.131161 
218 0.000058 0.113880 
219 0.000061 0.098733 
220 0.000063 0.085551 
221 0.000066 0.074162 
222 0.000068 0.064396 
223 0.000071 0.056088 
224 0.000074 0.049078 
225 0.000077 0.043216 
226 0.000080 0.038361 
227 0.000083 0.034382 
228 0.000087 0.031160 
229 0.000090 0.028588 
230 0.000094 0.026568 
231 0.000097 0.025017 
232 0.000101 0.023858 
233 0.000105 0.023027 
234 0.000110 0.022467 
235 0.000114 0.022129 
236 0.000118 0.021974 
237 0.000123 0.021967 
238 0.000128 0.022079 
239 0.000133 0.022287 
240 0.000138 0.022570 
241 0.000144 0.022913 
242 0.000149 0.023303 
243 0.000155 0.023730 
244 0.000161 0.024186 
245 0.000167 0.024663 
246 0.000174 0.025157 
247 0.000181 0.025664 
248 0.000188 0.026181 
249 0.000195 0.026705 
250 0.000202 0.027234 
251 0.000210 0.027767 
252 0.000218 0.028304 
253 0.000227 0.028842 
254 0.000235 0.029382 
255 0.000244 0.029923 
256 0.000254 0.030465 
257 0.000263 0.031008 
258 0.000273 0.031551 
259 0.000284 0.032094 
260 0.000294 0.032637 
261 0.000305 0.033181 
262 0.000317 0.033724 
263 0.000329 0.034268 
264 0.000341 0.034812 
265 0.000354 0.035356 
266 0.000367 0.035900 
267 0.000381 0.036444 
268 0.000395 0.036987 
269 0.000410 0.037531 
270 0.000425 0.038075 
271 0.000441 0.038619 
272 0.000457 0.039163 
273 0.000474 0.039707 
274 0.000492 0.040251 
275 0.000510 0.040794 
276 0.000528 0.041338 
277 0.000548 0.041882 
278 0.000568 0.042426 
279 0.000588 0.042970 
280 0.000610 0.043514 
281 0.000632 0.044058 
282 0.000655 0.044601 
283 0.000679 0.045145 
284 0.000703 0.045689 
285 0.000729 0.046233 
286 0.000755 0.046777 
287 0.000782 0.047321 
288 0.000810 0.047864 
289 0.000839 0.048408 
290 0.000869 0.048952 
291 0.000900 0.049496 
292 0.000932 0.050040 
293 0.000965 0.050583 
294 0.000999 0.051127 
295 0.001034 0.051671 
296 0.001071 0.052215 
297 0.001108 0.052759 
298 0.001147 0.053303 
299 0.001188 0.053846 
300 0.001229 0.054390 
301 0.001272 0.054934 
302 0.001317 0.055478 
303 0.001362 0.056021 
304 0.001410 0.056565 
305 0.001458 0.057109 
306 0.001509 0.057653 
307 0.001561 0.058197 
308 0.001615 0.058740 
309 0.001670 0.059284 
310 0.001727 0.059828 
311 0.001786 0.060372 
312 0.001847 0.060915 
313 0.001910 0.061459 
314 0.001975 0.062003 
315 0.002042 0.062547 
316 0.002111 0.063090 
317 0.002183 0.063634 
318 0.002256 0.064178 
319 0.002332 0.064721 
320 0.002411 0.065265 
321 0.002491 0.065809 
322 0.002575 0.066353 
323 0.002661 0.066896 
324 0.002749 0.067440 
325 0.002840 0.067984 
326 0.002935 0.068527 
327 0.003032 0.069071 
328 0.003132 0.069615 
329 0.003235 0.070158 
330 0.003341 0.070702 
331 0.003451 0.071246 
332 0.003564 0.071789 
333 0.003680 0.072333 
334 0.003800 0.072877 
335 0.003923 0.073420 
336 0.004051 0.073964 
337 0.004182 0.074508 
338 0.004317 0.075051 
339 0.004456 0.075595 
340 0.004599 0.076139 
341 0.004747 0.076682 
342 0.004899 0.077226 
343 0.005055 0.077769 
344 0.005216 0.078313 
345 0.005382 0.078857 
346 0.005553 0.079400 
347 0.005729 0.079944 
348 0.005910 0.080487 
349 0.006096 0.081031 
350 0.006288 0.081575 
351 0.006485 0.082118 
352 0.006688 0.082662 
353 0.006897 0.083205 
354 0.007112 0.083749 
355 0.007333 0.084292 
356 0.007560 0.084836 
357 0.007794 0.085379 
358 0.008035 0.085923 
359 0.008282 0.086466 
360 0.008537 0.087010 
361 0.008799 0.087554 
362 0.009068 0.088097 
363 0.009345 0.088641 
364 0.009629 0.089184 
365 0.009922 0.089728 
366 0.010222 0.090271 
367 0.010532 0.090815 
368 0.010849 0.091358 
369 0.011176 0.091901 
370 0.011511 0.092445 
371 0.011856 0.092988 
372 0.012211 0.093532 
373 0.012575 0.094075 
374 0.012949 0.094619 
375 0.013333 0.095162 
376 0.013728 0.095706 
377 0.014133 0.096249 
378 0.014549 0.096792 
379 0.014977 0.097336 
380 0.015416 0.097879 
381 0.015867 0.098423 
382 0.016330 0.098966 
383 0.016805 0.099510 
384 0.017293 0.100053 
385 0.017794 0.100596 
386 0.018308 0.101140 
387 0.018836 0.101683 
388 0.019378 0.102226 
389 0.019934 0.102770 
390 0.020504 0.103313 
391 0.021089 0.103856 
392 0.021690 0.104400 
393 0.022306 0.104943 
394 0.022938 0.105486 
395 0.023586 0.106030 
396 0.024251 0.106573 
397 0.024933 0.107116 
398 0.025632 0.107660 
399 0.026349 0.108203 
400 0.027084 0.108746 
401 0.027838 0.109289 
402 0.028611 0.109833 
403 0.029403 0.110376 
404 0.030216 0.110919 
405 0.031048 0.111462 
406 0.031902 0.112006 
407 0.032776 0.112549 
408 0.033672 0.113092 
409 0.034590 0.113635 
410 0.035531 0.114179 
411 0.036495 0.114722 
412 0.037483 0.115265 
413 0.038494 0.115808 
414 0.039531 0.116351 
415 0.040592 0.116895 
416 0.041679 0.117438 
417 0.042792 0.117981 
418 0.043932 0.118524 
419 0.045099 0.119067 
420 0.046294 0.119610 
421 0.047517 0.120153 
422 0.048769 0.120697 
423 0.050051 0.121240 
424 0.051363 0.121783 
425 0.052705 0.122326 
426 0.054080 0.122869 
427 0.055486 0.123412 
428 0.056924 0.123955 
429 0.058397 0.124498 
430 0.059903 0.125041 
431 0.061443 0.125584 
432 0.063019 0.126127 
433 0.064631 0.126670 
434 0.066280 0.127213 
435 0.067965 0.127757 
436 0.069690 0.128300 
437 0.071452 0.128843 
438 0.073255 0.129386 
439 0.075098 0.129929 
440 0.076981 0.130472 
441 0.078907 0.131014 
442 0.080875 0.131557 
443 0.082887 0.132100 
444 0.084943 0.132643 
445 0.087044 0.133186 
446 0.089190 0.133729 
447 0.091384 0.134272 
448 0.093624 0.134815 
449 0.095914 0.135358 
450 0.098252 0.135901 
451 0.100641 0.136444 
452 0.103080 0.136987 
453 0.105571 0.137530 
454 0.108116 0.138072 
455 0.110713 0.138615 
456 0.113366 0.139158 
457 0.116074 0.139701 
458 0.118839 0.140244 
459 0.121661 0.140787 
460 0.124541 0.141329 
461 0.127481 0.141872 
462 0.130482 0.142415 
463 0.133543 0.142958 
464 0.136668 0.143501 
465 0.139856 0.144043 
466 0.143108 0.144586 
467 0.146426 0.145129 
468 0.149810 0.145672 
469 0.153262 0.146214 
470 0.156783 0.146757 
471 0.160374 0.147300 
472 0.164036 0.147842 
473 0.167770 0.148385 
474 0.171577 0.148928 
475 0.175459 0.149471 
476 0.179415 0.150013 
477 0.183449 0.150556 
478 0.187560 0.151098 
479 0.191751 0.151641 
480 0.196021 0.152184 
481 0.200373 0.152726 
482 0.204807 0.153269 
483 0.209325 0.153812 
484 0.213928 0.154354 
485 0.218617 0.154897 
486 0.223394 0.155439 
487 0.228259 0.155982 
488 0.233215 0.156524 
489 0.238261 0.157067 
490 0.243400 0.157610 
491 0.248633 0.158152 
492 0.253961 0.158695 
493 0.259385 0.159237 
494 0.264906 0.159780 
495 0.270527 0.160322 
496 0.276248 0.160865 
497 0.282070 0.161407 
498 0.287996 0.161949 
499 0.294026 0.162492 
500 0.300161 0.163034 
501 0.306403 0.163577 
502 0.312754 0.164119 
503 0.319214 0.164662 
504 0.325786 0.165204 
505 0.332470 0.165746 
506 0.339267 0.166289 
507 0.346180 0.166831 
508 0.353209 0.167373 
509 0.360357 0.167916 
510 0.367623 0.168458 
511 0.375011 0.169000 
512 0.382521 0.169543 
513 0.390154 0.170085 
514 0.397912 0.170627 
515 0.405797 0.171170 
516 0.413809 0.171712 
517 0.421951 0.172254 
518 0.430223 0.172796 
519 0.438627 0.173339 
520 0.447165 0.173881 
521 0.455837 0.174423 
522 0.464646 0.174965 
523 0.473593 0.175507 
524 0.482678 0.176050 
525 0.491904 0.176592 
526 0.501272 0.177134 
527 0.510784 0.177676 
528 0.520440 0.178218 
529 0.530242 0.178760 
530 0.540191 0.179302 
531 0.550290 0.179845 
532 0.560539 0.180387 
533 0.570939 0.180929 
534 0.581492 0.181471 
535 0.592200 0.182013 
536 0.603063 0.182555 
537 0.614084 0.183097 
538 0.625263 0.183639 
539 0.636602 0.184181 
540 0.648101 0.184723 
541 0.659764 0.185265 
542 0.671590 0.185807 
543 0.683580 0.186349 
544 0.695738 0.186891 
545 0.708062 0.187433 
546 0.720556 0.187975 
547 0.733219 0.188517 
548 0.746054 0.189059 
549 0.759062 0.189600 
550 0.772243 0.190142 
551 0.785599 0.190684 
552 0.799131 0.191226 
553 0.812840 0.191768 
554 0.826728 0.192310 
555 0.840795 0.192852 
556 0.855042 0.193393 
557 0.869472 0.193935 
558 0.884084 0.194477 
559 0.898880 0.195019 
560 0.913861 0.195560 
561 0.929027 0.196102 
562 0.944381 0.196644 
563 0.959922 0.197186 
564 0.975652 0.197727 
565 0.991571 0.198269 
566 1.007681 0.198811 
567 1.023983 0.199352 
568 1.040476 0.199894 
569 1.057163 0.200436 
570 1.074043 0.200977 
571 1.091118 0.201519 
572 1.108388 0.202061 
573 1.125854 0.202602 
574 1.143517 0.203144 
575 1.161377 0.203685 
576 1.179435 0.204227 
577 1.197692 0.204769 
578 1.216147 0.205310 
579 1.234802 0.205852 
580 1.253657 0.206393 
581 1.272712 0.206935 
582 1.291969 0.207476 
583 1.311426 0.208018 
584 1.331085 0.208559 
585 1.350946 0.209100 
586 1.371009 0.209642 
587 1.391274 0.210183 
588 1.411742 0.210725 
589 1.432413 0.211266 
590 1.453286 0.211808 
591 1.474362 0.212349 
592 1.495641 0.212890 
593 1.517123 0.213432 
594 1.538808 0.213973 
595 1.560695 0.214514 
596 1.582785 0.215056 
597 1.605077 0.215597 
598 1.627572 0.216138 
599 1.650268 0.216679 
600 1.673166 0.217221 
601 1.696264 0.217762 
602 1.719564 0.218303 
603 1.743064 0.218844 
604 1.766763 0.219385 
605 1.790662 0.219927 
606 1.814759 0.220468 
607 1.839054 0.221009 
608 1.863547 0.221550 
609 1.888235 0.222091 
610 1.913120 0.222632 
611 1.938199 0.223173 
612 1.963471 0.223714 
613 1.988937 0.224256 
614 2.014595 0.224797 
615 2.040443 0.225338 
616 2.066481 0.225879 
617 2.092707 0.226420 
618 2.119121 0.226961 
619 2.145720 0.227502 
620 2.172504 0.228043 
621 2.199471 0.228584 
622 2.226620 0.229125 
623 2.253950 0.229665 
624 2.281457 0.230206 
625 2.309142 0.230747 
626 2.337002 0.231288 
627 2.365036 0.231829 
628 2.393241 0.232370 
629 2.421617 0.232911 
630 2.450160 0.233452 
631 2.478870 0.233992 
632 2.507744 0.234533 
633 2.536779 0.235074 
634 2.565975 0.235615 
635 2.595328 0.236155 
636 2.624836 0.236696 
637 2.654498 0.237237 
638 2.684310 0.237778 
639 2.714270 0.238318 
640 2.744377 0.238859 
641 2.774626 0.239400 
642 2.805016 0.239940 
643 2.835545 0.240481 
644 2.866208 0.241022 
645 2.897004 0.241562 
646 2.927930 0.242103 
647 2.958982 0.242643 
648 2.990158 0.243184 
649 3.021455 0.243724 
650 3.052870 0.244265 
651 3.084399 0.244805 
652 3.116040 0.245346 
653 3.147789 0.245886 
654 3.179643 0.246427 
655 3.211599 0.246967 
656 3.243653 0.247508 
657 3.275801 0.248048 
658 3.308041 0.248589 
659 3.340369 0.249129 
660 3.372781 0.249669 
661 3.405273 0.250210 
662 3.437842 0.250750 
663 3.470484 0.251290 
664 3.503195 0.251831 
665 3.535972 0.252371 
666 3.568810 0.252911 
667 3.601705 0.253451 
668 3.634654 0.253992 
669 3.667652 0.254532 
670 3.700695 0.255072 
671 3.733779 0.255612 
672 3.766901 0.256153 
673 3.800055 0.256693 
674 3.833237 0.257233 
675 3.866443 0.257773 
676 3.899669 0.258313 
677 3.932910 0.258853 
678 3.966162 0.259393 
679 3.999420 0.259933 
680 4.032680 0.260473 
681 4.065937 0.261013 
682 4.099187 0.261554 
683 4.132424 0.262094 
684 4.165645 0.262634 
685 4.198844 0.263173 
686 4.232017 0.263713 
687 4.265159 0.264253 
688 4.298265 0.264793 
689 4.331330 0.265333 
690 4.364349 0.265873 
691 4.397319 0.266413 
692 4.430232 0.266953 
693 4.463086 0.267493 
694 4.495874 0.268032 
695 4.528591 0.268572 
696 4.561233 0.269112 
697 4.593795 0.269652 
698 4.626272 0.270192 
699 4.658657 0.270731 
700 4.690947 0.271271 
701 4.723136 0.271811 
702 4.755220 0.272350 
703 4.787192 0.272890 
704 4.819048 0.273430 
705 4.850782 0.273969 
706 4.882390 0.274509 
707 4.913866 0.275049 
708 4.945206 0.275588 
709 4.976403 0.276128 
710 5.007452 0.276667 
711 5.038350 0.277207 
712 5.069089 0.277746 
713 5.099666 0.278286 
714 5.130074 0.278825 
715 5.160309 0.279365 
716 5.190365 0.279904 
717 5.220238 0.280444 
718 5.249922 0.280983 
719 5.279412 0.281523 
720 5.308702 0.282062 
721 5.337789 0.282601 
722 5.366665 0.283141 
723 5.395327 0.283680 
724 5.423770 0.284219 
725 5.451988 0.284759 
726 5.479975 0.285298 
727 5.507728 0.285837 
728 5.535242 0.286376 
729 5.562510 0.286915 
730 5.589528 0.287455 
731 5.616292 0.287994 
732 5.642796 0.288533 
733 5.669035 0.289072 
734 5.695005 0.289611 
735 5.720701 0.290150 
736 5.746118 0.290690 
737 5.771251 0.291229 
738 5.796096 0.291768 
739 5.820647 0.292307 
740 5.844901 0.292846 
741 5.868853 0.293385 
742 5.892497 0.293924 
743 5.915831 0.294463 
744 5.938848 0.295002 
745 5.961546 0.295540 
746 5.983919 0.296079 
747 6.005963 0.296618 
748 6.027674 0.297157 
749 6.049048 0.297696 
750 6.070080 0.298235 
751 6.090767 0.298774 
752 6.111104 0.299312 
753 6.131088 0.299851 
754 6.150714 0.300390 
755 6.169980 0.300929 
756 6.188880 0.301467 
757 6.207411 0.302006 
758 6.225571 0.302545 
759 6.243354 0.303083 
760 6.260757 0.303622 
761 6.277778 0.304161 
762 6.294412 0.304699 
763 6.310657 0.305238 
764 6.326509 0.305777 
765 6.341964 0.306315 
766 6.357021 0.306854 
767 6.371675 0.307392 
768 6.385924 0.307931 
769 6.399766 0.308469 
770 6.413196 0.309008 
771 6.426213 0.309546 
772 6.438814 0.310084 
773 6.450996 0.310623 
774 6.462757 0.311161 
775 6.474094 0.311700 
776 6.485006 0.312238 
777 6.495490 0.312776 
778 6.505543 0.313314 
779 6.515164 0.313853 
780 6.524352 0.314391 
781 6.533102 0.314929 
782 6.541416 0.315467 
783 6.549289 0.316006 
784 6.556722 0.316544 
785 6.563711 0.317082 
786 6.570257 0.317620 
787 6.576357 0.318158 
788 6.582010 0.318696 
789 6.587216 0.319234 
790 6.591972 0.319773 
791 6.596279 0.320311 
792 6.600135 0.320849 
793 6.603539 0.321387 
794 6.606491 0.321925 
795 6.608990 0.322463 
796 6.611035 0.323000 
797 6.612627 0.323538 
798 6.613764 0.324076 
799 6.614447 0.324614 
800 6.614676 0.325152 
801 6.614450 0.325690 
802 6.613769 0.326228 
803 6.612634 0.326765 
804 6.611044 0.327303 
805 6.609001 0.327841 
806 6.606505 0.328379 
807 6.603555 0.328916 
808 6.600153 0.329454 
809 6.596300 0.329992 
810 6.591996 0.330529 
811 6.587241 0.331067 
812 6.582038 0.331605 
813 6.576387 0.332142 
814 6.570289 0.332680 
815 6.563746 0.333217 
816 6.556758 0.333755 
817 6.549328 0.334292 
818 6.541457 0.334830 
819 6.533146 0.335367 
820 6.524397 0.335905 
821 6.515212 0.336442 
822 6.505593 0.336980 
823 6.495542 0.337517 
824 6.485061 0.338054 
825 6.474151 0.338592 
826 6.462816 0.339129 
827 6.451057 0.339666 
828 6.438877 0.340204 
829 6.426278 0.340741 
830 6.413263 0.341278 
831 6.399834 0.341815 
832 6.385995 0.342353 
833 6.371748 0.342890 
834 6.357095 0.343427 
835 6.342041 0.343964 
836 6.326587 0.344501 
837 6.310737 0.345038 
838 6.294494 0.345575 
839 6.277862 0.346112 
840 6.260843 0.346649 
841 6.243441 0.347186 
842 6.225659 0.347723 
843 6.207502 0.348260 
844 6.188972 0.348797 
845 6.170074 0.349334 
846 6.150810 0.349871 
847 6.131185 0.350408 
848 6.111203 0.350945 
849 6.090867 0.351482 
850 6.070181 0.352018 
851 6.049150 0.352555 
852 6.027778 0.353092 
853 6.006068 0.353629 
854 5.984026 0.354165 
855 5.961654 0.354702 
856 5.938958 0.355239 
857 5.915941 0.355775 
858 5.892609 0.356312 
859 5.868966 0.356849 
860 5.845015 0.357385 
861 5.820762 0.357922 
862 5.796212 0.358458 
863 5.771368 0.358995 
864 5.746236 0.359531 
865 5.720820 0.360068 
866 5.695125 0.360604 
867 5.669156 0.361141 
868 5.642917 0.361677 
869 5.616414 0.362213 
870 5.589651 0.362750 
871 5.562634 0.363286 
872 5.535366 0.363822 
873 5.507854 0.364359 
874 5.480101 0.364895 
875 5.452114 0.365431 
876 5.423897 0.365967 
877 5.395455 0.366504 
878 5.366793 0.367040 
879 5.337917 0.367576 
880 5.308831 0.368112 
881 5.279540 0.368648 
882 5.250051 0.369184 
883 5.220367 0.369720 
884 5.190495 0.370256 
885 5.160439 0.370792 
886 5.130204 0.371328 
887 5.099795 0.371864 
888 5.069219 0.372400 
889 5.038480 0.372936 
890 5.007582 0.373472 
891 4.976533 0.374008 
892 4.945336 0.374544 
893 4.913996 0.375080 
894 4.882520 0.375615 
895 4.850912 0.376151 
896 4.819177 0.376687 
897 4.787321 0.377223 
898 4.755348 0.377758 
899 4.723265 0.378294 
900 4.691075 0.378830 
901 4.658785 0.379365 
902 4.626399 0.379901 
903 4.593922 0.380437 
904 4.561360 0.380972 
905 4.528717 0.381508 
906 4.495999 0.382043 
907 4.463211 0.382579 
908 4.430357 0.383114 
909 4.397442 0.383650 
910 4.364472 0.384185 
911 4.331452 0.384720 
912 4.298386 0.385256 
913 4.265279 0.385791 
914 4.232137 0.386327 
915 4.198963 0.386862 
916 4.165763 0.387397 
917 4.132542 0.387932 
918 4.099303 0.388468 
919 4.066053 0.389003 
920 4.032795 0.389538 
921 3.999534 0.390073 
922 3.966275 0.390608 
923 3.933022 0.391143 
924 3.899780 0.391678 
925 3.866553 0.392214 
926 3.833346 0.392749 
927 3.800162 0.393284 
928 3.767007 0.393819 
929 3.733885 0.394354 
930 3.700800 0.394888 
931 3.667755 0.395423 
932 3.634756 0.395958 
933 3.601806 0.396493 
934 3.568910 0.397028 
935 3.536070 0.397563 
936 3.503293 0.398098 
937 3.470580 0.398632 
938 3.437937 0.399167 
939 3.405367 0.399702 
940 3.372873 0.400236 
941 3.340460 0.400771 
942 3.308131 0.401306 
943 3.275890 0.401840 
944 3.243740 0.402375 
945 3.211684 0.402910 
946 3.179727 0.403444 
947 3.147872 0.403979 
948 3.116121 0.404513 
949 3.084479 0.405048 
950 3.052948 0.405582 
951 3.021532 0.406116 
952 2.990234 0.406651 
953 2.959056 0.407185 
954 2.928002 0.407719 
955 2.897075 0.408254 
956 2.866278 0.408788 
957 2.835613 0.409322 
958 2.805084 0.409857 
959 2.774692 0.410391 
960 2.744441 0.410925 
961 2.714333 0.411459 
962 2.684371 0.411993 
963 2.654558 0.412527 
964 2.624895 0.413061 
965 2.595385 0.413595 
966 2.566030 0.414129 
967 2.536833 0.414663 
968 2.507796 0.415197 
969 2.478921 0.415731 
970 2.450210 0.416265 
971 2.421665 0.416799 
972 2.393288 0.417333 
973 2.365081 0.417867 
974 2.337046 0.418401 
975 2.309185 0.418935 
976 2.281499 0.419468 
977 2.253989 0.420002 
978 2.226659 0.420536 
979 2.199509 0.421069 
980 2.172540 0.421603 
981 2.145755 0.422137 
982 2.119154 0.422670 
983 2.092739 0.423204 
984 2.066511 0.423737 
985 2.040472 0.424271 
986 2.014622 0.424805 
987 1.988963 0.425338 
988 1.963496 0.425871 
989 1.938222 0.426405 
990 1.913142 0.426938 
991 1.888256 0.427472 
992 1.863566 0.428005 
993 1.839073 0.428538 
994 1.814776 0.429072 
995 1.790678 0.429605 
996 1.766778 0.430138 
997 1.743077 0.430671 
998 1.719576 0.431204 
999 1.696276 0.431738 
1000 1.673176 0.432271 
1001 1.650277 0.432804 
1002 1.627579 0.433337 
1003 1.605084 0.433870 
1004 1.582790 0.434403 
1005 1.560699 0.434936 
1006 1.538811 0.435469 
1007 1.517125 0.436002 
1008 1.495642 0.436535 
1009 1.474362 0.437068 
1010 1.453285 0.437601 
1011 1.432411 0.438133 
1012 1.411739 0.438666 
1013 1.391270 0.439199 
1014 1.371004 0.439732 
1015 1.350940 0.440264 
1016 1.331078 0.440797 
1017 1.311418 0.441330 
1018 1.291960 0.441862 
1019 1.272703 0.442395 
1020 1.253646 0.442928 
1021 1.234790 0.443460 
1022 1.216135 0.443993 
1023 1.197678 0.444525 
1024 1.179421 0.445058 
1025 1.161362 0.445590 
1026 1.143501 0.446123 
1027 1.125838 0.446655 
1028 1.108371 0.447187 
1029 1.091100 0.447720 
1030 1.074024 0.448252 
1031 1.057143 0.448784 
1032 1.040456 0.449316 
1033 1.023962 0.449849 
1034 1.007660 0.450381 
1035 0.991549 0.450913 
1036 0.975629 0.451445 
1037 0.959899 0.451977 
1038 0.944357 0.452509 
1039 0.929003 0.453041 
1040 0.913836 0.453573 
1041 0.898855 0.454105 
1042 0.884058 0.454637 
1043 0.869445 0.455169 
1044 0.855016 0.455701 
1045 0.840767 0.456233 
1046 0.826700 0.456765 
1047 0.812812 0.457297 
1048 0.799102 0.457829 
1049 0.785570 0.458360 
1050 0.772213 0.458892 
1051 0.759032 0.459424 
1052 0.746024 0.459955 
1053 0.733189 0.460487 
1054 0.720525 0.461019 
1055 0.708031 0.461550 
1056 0.695706 0.462082 
1057 0.683549 0.462613 
1058 0.671557 0.463145 
1059 0.659731 0.463676 
1060 0.648069 0.464208 
1061 0.636569 0.464739 
1062 0.625230 0.465271 
1063 0.614051 0.465802 
1064 0.603030 0.466333 
1065 0.592166 0.466865 
1066 0.581458 0.467396 
1067 0.570905 0.467927 
1068 0.560504 0.468458 
1069 0.550255 0.468990 
1070 0.540157 0.469521 
1071 0.530207 0.470052 
1072 0.520405 0.470583 
1073 0.510749 0.471114 
1074 0.501237 0.471645 
1075 0.491869 0.472176 
1076 0.482643 0.472707 
1077 0.473558 0.473238 
1078 0.464611 0.473769 
1079 0.455802 0.474300 
1080 0.447130 0.474831 
1081 0.438592 0.475361 
1082 0.430188 0.475892 
1083 0.421915 0.476423 
1084 0.413774 0.476954 
1085 0.405761 0.477484 
1086 0.397877 0.478015 
1087 0.390119 0.478546 
1088 0.382486 0.479076 
1089 0.374976 0.479607 
1090 0.367588 0.480138 
1091 0.360322 0.480668 
1092 0.353175 0.481199 
1093 0.346145 0.481729 
1094 0.339233 0.482260 
1095 0.332435 0.482790 
1096 0.325751 0.483320 
1097 0.319180 0.483851 
1098 0.312720 0.484381 
1099 0.306369 0.484911 
1100 0.300127 0.485442 
1101 0.293992 0.485972 
1102 0.287962 0.486502 
1103 0.282037 0.487032 
1104 0.276215 0.487562 
1105 0.270494 0.488092 
1106 0.264873 0.488623 
1107 0.259352 0.489153 
1108 0.253928 0.489683 
1109 0.248600 0.490213 
1110 0.243368 0.490743 
1111 0.238229 0.491272 
1112 0.233183 0.491802 
1113 0.228228 0.492332 
1114 0.223363 0.492862 
1115 0.218586 0.493392 
1116 0.213897 0.493922 
1117 0.209295 0.494451 
1118 0.204777 0.494981 
1119 0.200343 0.495511 
1120 0.195991 0.496040 
1121 0.191721 0.496570 
1122 0.187531 0.497100 
1123 0.183420 0.497629 
1124 0.179387 0.498159 
1125 0.175430 0.498688 
1126 0.171549 0.499218 
1127 0.167742 0.499747 
1128 0.164008 0.500276 
1129 0.160347 0.500806 
1130 0.156756 0.501335 
1131 0.153235 0.501864 
1132 0.149783 0.502394 
1133 0.146399 0.502923 
1134 0.143082 0.503452 
1135 0.139829 0.503981 
1136 0.136642 0.504511 
1137 0.133518 0.505040 
1138 0.130456 0.505569 
1139 0.127456 0.506098 
1140 0.124516 0.506627 
1141 0.121636 0.507156 
1142 0.118814 0.507685 
1143 0.116050 0.508214 
1144 0.113342 0.508743 
1145 0.110690 0.509271 
1146 0.108092 0.509800 
1147 0.105549 0.510329 
1148 0.103058 0.510858 
1149 0.100618 0.511387 
1150 0.098230 0.511915 
1151 0.095892 0.512444 
1152 0.093603 0.512973 
1153 0.091362 0.513501 
1154 0.089169 0.514030 
1155 0.087023 0.514558 
1156 0.084922 0.515087 
1157 0.082867 0.515615 
1158 0.080855 0.516144 
1159 0.078887 0.516672 
1160 0.076962 0.517201 
1161 0.075078 0.517729 
1162 0.073236 0.518257 
1163 0.071434 0.518786 
1164 0.069671 0.519314 
1165 0.067947 0.519842 
1166 0.066262 0.520370 
1167 0.064613 0.520898 
1168 0.063002 0.521426 
1169 0.061426 0.521955 
1170 0.059886 0.522483 
1171 0.058380 0.523011 
1172 0.056908 0.523539 
1173 0.055470 0.524067 
1174 0.054064 0.524595 
1175 0.052690 0.525122 
1176 0.051347 0.525650 
1177 0.050036 0.526178 
1178 0.048754 0.526706 
1179 0.047502 0.527234 
1180 0.046279 0.527761 
1181 0.045084 0.528289 
1182 0.043918 0.528817 
1183 0.042778 0.529344 
1184 0.041665 0.529872 
1185 0.040579 0.530400 
1186 0.039517 0.530927 
1187 0.038482 0.531455 
1188 0.037470 0.531982 
1189 0.036483 0.532509 
1190 0.035519 0.533037 
1191 0.034578 0.533564 
1192 0.033660 0.534092 
1193 0.032764 0.534619 
1194 0.031890 0.535146 
1195 0.031037 0.535673 
1196 0.030205 0.536201 
1197 0.029393 0.536728 
1198 0.028600 0.537255 
1199 0.027828 0.537782 
1200 0.027074 0.538309 
1201 0.026339 0.538836 
1202 0.025622 0.539363 
1203 0.024923 0.539890 
1204 0.024241 0.540417 
1205 0.023576 0.540944 
1206 0.022928 0.541471 
1207 0.022297 0.541998 
1208 0.021681 0.542524 
1209 0.021081 0.543051 
1210 0.020496 0.543578 
1211 0.019925 0.544105 
1212 0.019370 0.544631 
1213 0.018828 0.545158 
1214 0.018301 0.545684 
1215 0.017787 0.546211 
1216 0.017286 0.546737 
1217 0.016798 0.547264 
1218 0.016323 0.547790 
1219 0.015860 0.548317 
1220 0.015409 0.548843 
1221 0.014970 0.549370 
1222 0.014543 0.549896 
1223 0.014126 0.550422 
1224 0.013721 0.550948 
1225 0.013327 0.551475 
1226 0.012943 0.552001 
1227 0.012569 0.552527 
1228 0.012205 0.553053 
1229 0.011850 0.553579 
1230 0.011506 0.554105 
1231 0.011170 0.554631 
1232 0.010844 0.555157 
1233 0.010526 0.555683 
1234 0.010217 0.556209 
1235 0.009917 0.556735 
1236 0.009624 0.557261 
1237 0.009340 0.557786 
1238 0.009063 0.558312 
1239 0.008794 0.558838 
1240 0.008532 0.559364 
1241 0.008278 0.559889 
1242 0.008030 0.560415 
1243 0.007790 0.560941 
1244 0.007556 0.561466 
1245 0.007329 0.561992 
1246 0.007108 0.562517 
1247 0.006893 0.563043 
1248 0.006684 0.563568 
1249 0.006481 0.564093 
1250 0.006284 0.564619 
1251 0.006092 0.565144 
1252 0.005906 0.565669 
1253 0.005725 0.566194 
1254 0.005550 0.566720 
1255 0.005379 0.567245 
1256 0.005213 0.567770 
1257 0.005052 0.568295 
1258 0.004896 0.568820 
1259 0.004744 0.569345 
1260 0.004596 0.569870 
1261 0.004453 0.570395 
1262 0.004314 0.570920 
1263 0.004179 0.571445 
1264 0.004048 0.571970 
1265 0.003921 0.572495 
1266 0.003797 0.573019 
1267 0.003678 0.573544 
1268 0.003561 0.574069 
1269 0.003448 0.574593 
1270 0.003339 0.575118 
1271 0.003233 0.575643 
1272 0.003130 0.576167 
1273 0.003030 0.576692 
1274 0.002933 0.577216 
1275 0.002838 0.577741 
1276 0.002747 0.578265 
1277 0.002659 0.578789 
1278 0.002573 0.579314 
1279 0.002490 0.579838 
1280 0.002409 0.580362 
1281 0.002331 0.580887 
1282 0.002255 0.581411 
1283 0.002181 0.581935 
1284 0.002110 0.582459 
1285 0.002041 0.582983 
1286 0.001974 0.583507 
1287 0.001909 0.584031 
1288 0.001846 0.584555 
1289 0.001785 0.585079 
1290 0.001726 0.585603 
1291 0.001669 0.586127 
1292 0.001613 0.586651 
1293 0.001560 0.587175 
1294 0.001508 0.587698 
1295 0.001457 0.588222 
1296 0.001408 0.588746 
1297 0.001361 0.589269 
1298 0.001315 0.589793 
1299 0.001271 0.590317 
1300 0.001228 0.590840 
1301 0.001187 0.591364 
1302 0.001146 0.591887 
1303 0.001108 0.592410 
1304 0.001070 0.592934 
1305 0.001033 0.593457 
1306 0.000998 0.593981 
1307 0.000964 0.594504 
1308 0.000931 0.595027 
1309 0.000899 0.595550 
1310 0.000868 0.596073 
1311 0.000838 0.596597 
1312 0.000809 0.597120 
1313 0.000781 0.597643 
1314 0.000754 0.598166 
1315 0.000728 0.598689 
1316 0.000702 0.599212 
1317 0.000678 0.599735 
1318 0.000654 0.600257 
1319 0.000631 0.600780 
1320 0.000609 0.601303 
1321 0.000588 0.601826 
1322 0.000567 0.602348 
1323 0.000547 0.602871 
1324 0.000528 0.603394 
1325 0.000509 0.603916 
1326 0.000491 0.604439 
1327 0.000474 0.604961 
1328 0.000457 0.605484 
1329 0.000440 0.606006 
1330 0.000425 0.606529 
1331 0.000409 0.607051 
1332 0.000395 0.607574 
1333 0.000381 0.608096 
1334 0.000367 0.608618 
1335 0.000354 0.609140 
1336 0.000341 0.609663 
1337 0.000329 0.610185 
1338 0.000317 0.610707 
1339 0.000305 0.611229 
1340 0.000294 0.611751 
1341 0.000283 0.612273 
1342 0.000273 0.612795 
1343 0.000263 0.613317 
1344 0.000253 0.613839 
1345 0.000244 0.614361 
1346 0.000235 0.614882 
1347 0.000226 0.615404 
1348 0.000218 0.615926 
1349 0.000210 0.616447 
1350 0.000202 0.616969 
1351 0.000195 0.617491 
1352 0.000187 0.618012 
1353 0.000180 0.618534 
1354 0.000174 0.619055 
1355 0.000167 0.619577 
1356 0.000161 0.620098 
1357 0.000155 0.620620 
1358 0.000149 0.621141 
1359 0.000143 0.621662 
1360 0.000138 0.622184 
1361 0.000133 0.622705 
1362 0.000128 0.623226 
1363 0.000123 0.623747 
1364 0.000118 0.624268 
1365 0.000114 0.624789 
1366 0.000109 0.625310 
1367 0.000105 0.625831 
1368 0.000101 0.626352 
1369 0.000097 0.626873 
1370 0.000094 0.627394 
1371 0.000090 0.627915 
1372 0.000087 0.628436 
1373 0.000083 0.628956 
1374 0.000080 0.629477 
1375 0.000077 0.629998 
1376 0.000074 0.630518 
1377 0.000071 0.631039 
1378 0.000068 0.631560 
1379 0.000066 0.632080 
1380 0.000063 0.632601 
1381 0.000061 0.633121 
1382 0.000058 0.633641 
1383 0.000056 0.634162 
1384 0.000054 0.634682 
1385 0.000052 0.635202 
1386 0.000050 0.635723 
1387 0.000048 0.636243 
1388 0.000046 0.636763 
1389 0.000044 0.637283 
1390 0.000042 0.637803 
1391 0.000040 0.638323 
1392 0.000039 0.638843 
1393 0.000037 0.639363 
1394 0.000036 0.639883 
1395 0.000034 0.640403 
1396 0.000033 0.640923 
1397 0.000032 0.641443 
1398 0.000030 0.641962 
1399 0.000029 0.642482 
1400 0.000028 0.643002 
1401 0.000027 0.643521 
1402 0.000026 0.644041 
1403 0.000025 0.644561 
1404 0.000024 0.645080 
1405 0.000023 0.645600 
1406 0.000022 0.646119 
1407 0.000021 0.646638 
1408 0.000020 0.647158 
1409 0.000019 0.647677 
1410 0.000018 0.648196 
1411 0.000018 0.648716 
1412 0.000017 0.649235 
1413 0.000016 0.649754 
1414 0.000016 0.650273 
1415 0.000015 0.650792 
1416 0.000014 0.651311 
1417 0.000014 0.651830 
1418 0.000013 0.652349 
1419 0.000013 0.652868 
1420 0.000012 0.653387 
1421 0.000012 0.653906 
1422 0.000011 0.654425 
1423 0.000011 0.654943 
1424 0.000010 0.655462 
1425 0.000010 0.655981 
1426 0.000009 0.656499 
1427 0.000009 0.657018 
1428 0.000009 0.657537 
1429 0.000008 0.658055 
1430 0.000008 0.658573 
1431 0.000008 0.659092 
1432 0.000007 0.659610 
1433 0.000007 0.660129 
1434 0.000007 0.660647 
1435 0.000006 0.661165 
1436 0.000006 0.661683 
1437 0.000006 0.662202 
1438 0.000006 0.662720 
1439 0.000005 0.663238 
1440 0.000005 0.663756 
1441 0.000005 0.664274 
1442 0.000005 0.664792 
1443 0.000004 0.665310 
1444 0.000004 0.665828 
1445 0.000004 0.666345 
1446 0.000004 0.666863 
1447 0.000004 0.667381 
1448 0.000004 0.667899 
1449 0.000003 0.668416 
1450 0.000003 0.668934 
1451 0.000003 0.669452 
1452 0.000003 0.669969 
1453 0.000003 0.670487 
1454 0.000003 0.671004 
1455 0.000003 0.671522 
1456 0.000002 0.672039 
1457 0.000002 0.672556 
1458 0.000002 0.673074 
1459 0.000002 0.673591 
1460 0.000002 0.674108 
1461 0.000002 0.674625 
1462 0.000002 0.675142 
1463 0.000002 0.675659 
1464 0.000002 0.676177 
1465 0.000002 0.676694 
1466 0.000002 0.677210 
1467 0.000002 0.677727 
1468 0.000001 0.678244 
1469 0.000001 0.678761 
1470 0.000001 0.679278 
1471 0.000001 0.679795 
1472 0.000001 0.680311 
1473 0.000001 0.680828 
1474 0.000001 0.681345 
1475 0.000001 0.681861 
1476 0.000001 0.682378 
1477 0.000001 0.682894 
1478 0.000001 0.683411 
1479 0.000001 0.683927 
1480 0.000001 0.684443 
1481 0.000001 0.684960 
1482 0.000001 0.685476 
1483 0.000001 0.685992 
1484 0.000001 0.686508 
1485 0.000001 0.687025 
1486 0.000001 0.687541 
1487 0.000001 0.688057 
1488 0.000001 0.688573 
1489 0.000001 0.689089 
1490 0.000001 0.689605 
1491 0.000000 0.690121 
1492 0.000000 0.690636 
1493 0.000000 0.691152 
1494 0.000000 0.691668 
1495 0.000000 0.692184 
1496 0.000000 0.692699 
1497 0.000000 0.693215 
1498 0.000000 0.693731 
1499 0.000000 0.694246 
1500 0.000000 0.694762 
1501 0.000000 0.695277 
1502 0.000000 0.695793 
1503 0.000000 0.696308 
1504 0.000000 0.696823 
1505 0.000000 0.697339 
1506 0.000000 0.697854 
1507 0.000000 0.698369 
1508 0.000000 0.698884 
1509 0.000000 0.699399 
1510 0.000000 0.699914 
1511 0.000000 0.700429 
1512 0.000000 0.700944 
1513 0.000000 0.701459 
1514 0.000000 0.701974 
1515 0.000000 0.702489 
1516 0.000000 0.703004 
1517 0.000000 0.703519 
1518 0.000000 0.704033 
1519 0.000000 0.704548 
1520 0.000000 0.705063 
1521 0.000000 0.705577 
1522 0.000000 0.706092 
1523 0.000000 0.706606 
1524 0.000000 0.707121 
1525 0.000000 0.707635 
1526 0.000000 0.708149 
1527 0.000000 0.708664 
1528 0.000000 0.709178 
1529 0.000000 0.709692 
1530 0.000000 0.710207 
1531 0.000000 0.710721 
1532 0.000000 0.711235 
1533 0.000000 0.711749 
1534 0.000000 0.712263 
1535 0.000000 0.712777 
1536 0.000000 0.713291 
1537 0.000000 0.713805 
1538 0.000000 0.714318 
1539 0.000000 0.714832 
1540 0.000000 0.715346 
1541 0.000000 0.715860 
1542 0.000000 0.716373 
1543 0.000000 0.716887 
1544 0.000000 0.717400 
1545 0.000000 0.717914 
1546 0.000000 0.718427 
1547 0.000000 0.718941 
1548 0.000000 0.719454 
1549 0.000000 0.719968 
1550 0.000000 0.720481 
1551 0.000000 0.720994 
1552 0.000000 0.721507 
1553 0.000000 0.722020 
1554 0.000000 0.722534 
1555 0.000000 0.723047 
1556 0.000000 0.723560 
1557 0.000000 0.724073 
1558 0.000000 0.724586 
1559 0.000000 0.725098 
1560 0.000000 0.725611 
1561 0.000000 0.726124 
1562 0.000000 0.726637 
1563 0.000000 0.727150 
1564 0.000000 0.727662 
1565 0.000000 0.728175 
1566 0.000000 0.728687 
1567 0.000000 0.729200 
1568 0.000000 0.729712 
1569 0.000000 0.730225 
1570 0.000000 0.730737 
1571 0.000000 0.731250 
1572 0.000000 0.731762 
1573 0.000000 0.732274 
1574 0.000000 0.732786 
1575 0.000000 0.733298 
1576 0.000000 0.733811 
1577 0.000000 0.734323 
1578 0.000000 0.734835 
1579 0.000000 0.735347 
1580 0.000000 0.735859 
1581 0.000000 0.736370 
1582 0.000000 0.736882 
1583 0.000000 0.737394 
1584 0.000000 0.737906 
1585 0.000000 0.738418 
1586 0.000000 0.738929 
1587 0.000000 0.739441 
1588 0.000000 0.739952 
1589 0.000000 0.740464 
1590 0.000000 0.740975 
1591 0.000000 0.741487 
1592 0.000000 0.741998 
1593 0.000000 0.742509 
1594 0.000000 0.743021 
1595 0.000000 0.743532 
1596 0.000000 0.744043 
1597 0.000000 0.744554 
1598 0.000000 0.745065 
1599 0.000000 0.745576 
1600 0.000000 0.746087 
1601 0.000000 0.746598 
1602 0.000000 0.747109 
1603 0.000000 0.747620 
1604 0.000000 0.748131 
1605 0.000000 0.748642 
1606 0.000000 0.749152 
1607 0.000000 0.749663 
1608 0.000000 0.750174 
1609 0.000000 0.750684 
1610 0.000000 0.751195 
1611 0.000000 0.751705 
1612 0.000000 0.752216 
1613 0.000000 0.752726 
1614 0.000000 0.753237 
1615 0.000000 0.753747 
1616 0.000000 0.754257 
1617 0.000000 0.754767 
1618 0.000000 0.755277 
1619 0.000000 0.755788 
1620 0.000000 0.756298 
1621 0.000000 0.756808 
1622 0.000000 0.757318 
1623 0.000000 0.757828 
1624 0.000000 0.758337 
1625 0.000000 0.758847 
1626 0.000000 0.759357 
1627 0.000000 0.759867 
1628 0.000000 0.760376 
1629 0.000000 0.760886 
1630 0.000000 0.761396 
1631 0.000000 0.761905 
1632 0.000000 0.762415 
1633 0.000000 0.762924 
1634 0.000000 0.763434 
1635 0.000000 0.763943 
1636 0.000000 0.764452 
1637 0.000000 0.764961 
1638 0.000000 0.765471 
1639 0.000000 0.765980 
1640 0.000000 0.766489 
1641 0.000000 0.766998 
1642 0.000000 0.767507 
1643 0.000000 0.768016 
1644 0.000000 0.768525 
1645 0.000000 0.769034 
1646 0.000000 0.769543 
1647 0.000000 0.770051 
1648 0.000000 0.770560 
1649 0.000000 0.771069 
1650 0.000000 0.771577 
1651 0.000000 0.772086 
1652 0.000000 0.772595 
1653 0.000000 0.773103 
1654 0.000000 0.773611 
1655 0.000000 0.774120 
1656 0.000000 0.774628 
1657 0.000000 0.775137 
1658 0.000000 0.775645 
1659 0.000000 0.776153 
1660 0.000000 0.776661 
1661 0.000000 0.777169 
1662 0.000000 0.777677 
1663 0.000000 0.778185 
1664 0.000000 0.778693 
1665 0.000000 0.779201 
1666 0.000000 0.779709 
1667 0.000000 0.780217 
1668 0.000000 0.780725 
1669 0.000000 0.781232 
1670 0.000000 0.781740 
1671 0.000000 0.782248 
1672 0.000000 0.782755 
1673 0.000000 0.783263 
1674 0.000000 0.783770 
1675 0.000000 0.784277 
1676 0.000000 0.784785 
1677 0.000000 0.785292 
1678 0.000000 0.785799 
1679 0.000000 0.786307 
1680 0.000000 0.786814 
1681 0.000000 0.787321 
1682 0.000000 0.787828 
1683 0.000000 0.788335 
1684 0.000000 0.788842 
1685 0.000000 0.789349 
1686 0.000000 0.789856 
1687 0.000000 0.790363 
1688 0.000000 0.790869 
1689 0.000000 0.791376 
1690 0.000000 0.791883 
1691 0.000000 0.792389 
1692 0.000000 0.792896 
1693 0.000000 0.793403 
1694 0.000000 0.793909 
1695 0.000000 0.794415 
1696 0.000000 0.794922 
1697 0.000000 0.795428 
1698 0.000000 0.795934 
1699 0.000000 0.796441 
1700 0.000000 0.796947 
1701 0.000000 0.797453 
1702 0.000000 0.797959 
1703 0.000000 0.798465 
1704 0.000000 0.798971 
1705 0.000000 0.799477 
1706 0.000000 0.799983 
1707 0.000000 0.800489 
1708 0.000000 0.800995 
1709 0.000000 0.801500 
1710 0.000000 0.802006 
1711 0.000000 0.802512 
1712 0.000000 0.803017 
1713 0.000000 0.803523 
1714 0.000000 0.804028 
1715 0.000000 0.804534 
1716 0.000000 0.805039 
1717 0.000000 0.805544 
1718 0.000000 0.806050 
1719 0.000000 0.806555 
1720 0.000000 0.807060 
1721 0.000000 0.807565 
1722 0.000000 0.808070 
1723 0.000000 0.808575 
1724 0.000000 0.809080 
1725 0.000000 0.809585 
1726 0.000000 0.810090 
1727 0.000000 0.810595 
1728 0.000000 0.811100 
1729 0.000000 0.811604 
1730 0.000000 0.812109 
1731 0.000000 0.812614 
1732 0.000000 0.813118 
1733 0.000000 0.813623 
1734 0.000000 0.814127 
1735 0.000000 0.814632 
1736 0.000000 0.815136 
1737 0.000000 0.815640 
1738 0.000000 0.816145 
1739 0.000000 0.816649 
1740 0.000000 0.817153 
1741 0.000000 0.817657 
1742 0.000000 0.818161 
1743 0.000000 0.818665 
1744 0.000000 0.819169 
1745 0.000000 0.819673 
1746 0.000000 0.820177 
1747 0.000000 0.820681 
1748 0.000000 0.821184 
1749 0.000000 0.821688 
1750 0.000000 0.822192 
1751 0.000000 0.822695 
1752 0.000000 0.823199 
1753 0.000000 0.823702 
1754 0.000000 0.824206 
1755 0.000000 0.824709 
1756 0.000000 0.825213 
1757 0.000000 0.825716 
1758 0.000000 0.826219 
1759 0.000000 0.826722 
1760 0.000000 0.827225 
1761 0.000000 0.827729 
1762 0.000000 0.828232 
1763 0.000000 0.828735 
1764 0.000000 0.829238 
1765 0.000000 0.829740 
1766 0.000000 0.830243 
1767 0.000000 0.830746 
1768 0.000000 0.831249 
1769 0.000000 0.831751 
1770 0.000000 0.832254 
1771 0.000000 0.832757 
1772 0.000000 0.833259 
1773 0.000000 0.833762 
1774 0.000000 0.834264 
1775 0.000000 0.834766 
1776 0.000000 0.835269 
1777 0.000000 0.835771 
1778 0.000000 0.836273 
1779 0.000000 0.836775 
1780 0.000000 0.837277 
1781 0.000000 0.837779 
1782 0.000000 0.838281 
1783 0.000000 0.838783 
1784 0.000000 0.839285 
1785 0.000000 0.839787 
1786 0.000000 0.840289 
1787 0.000000 0.840791 
1788 0.000000 0.841292 
1789 0.000000 0.841794 
1790 0.000000 0.842295 
1791 0.000000 0.842797 
1792 0.000000 0.843298 
1793 0.000000 0.843800 
1794 0.000000 0.844301 
1795 0.000000 0.844802 
1796 0.000000 0.845304 
1797 0.000000 0.845805 
1798 0.000000 0.846306 
1799 0.000000 0.846807 
1800 0.000000 0.847308 
1801 0.000000 0.847809 
1802 0.000000 0.848310 
1803 0.000000 0.848811 
1804 0.000000 0.849312 
1805 0.000000 0.849813 
1806 0.000000 0.850313 
1807 0.000000 0.850814 
1808 0.000000 0.851315 
1809 0.000000 0.851815 
1810 0.000000 0.852316 
1811 0.000000 0.852816 
1812 0.000000 0.853317 
1813 0.000000 0.853817 
1814 0.000000 0.854317 
1815 0.000000 0.854818 
1816 0.000000 0.855318 
1817 0.000000 0.855818 
1818 0.000000 0.856318 
1819 0.000000 0.856818 
1820 0.000000 0.857318 
1821 0.000000 0.857818 
1822 0.000000 0.858318 
1823 0.000000 0.858818 
1824 0.000000 0.859317 
1825 0.000000 0.859817 
1826 0.000000 0.860317 
1827 0.000000 0.860816 
1828 0.000000 0.861316 
1829 0.000000 0.861815 
1830 0.000000 0.862315 
1831 0.000000 0.862814 
1832 0.000000 0.863314 
1833 0.000000 0.863813 
1834 0.000000 0.864312 
1835 0.000000 0.864811 
1836 0.000000 0.865310 
1837 0.000000 0.865809 
1838 0.000000 0.866308 
1839 0.000000 0.866807 
1840 0.000000 0.867306 
1841 0.000000 0.867805 
1842 0.000000 0.868304 
1843 0.000000 0.868803 
1844 0.000000 0.869301 
1845 0.000000 0.869800 
1846 0.000000 0.870299 
1847 0.000000 0.870797 
1848 0.000000 0.871296 
1849 0.000000 0.871794 
1850 0.000000 0.872292 
1851 0.000000 0.872791 
1852 0.000000 0.873289 
1853 0.000000 0.873787 
1854 0.000000 0.874285 
1855 0.000000 0.874783 
1856 0.000000 0.875281 
1857 0.000000 0.875779 
1858 0.000000 0.876277 
1859 0.000000 0.876775 
1860 0.000000 0.877273 
1861 0.000000 0.877771 
1862 0.000000 0.878268 
1863 0.000000 0.878766 
1864 0.000000 0.879264 
1865 0.000000 0.879761 
1866 0.000000 0.880259 
1867 0.000000 0.880756 
1868 0.000000 0.881253 
1869 0.000000 0.881751 
1870 0.000000 0.882248 
1871 0.000000 0.882745 
1872 0.000000 0.883242 
1873 0.000000 0.883739 
1874 0.000000 0.884236 
1875 0.000000 0.884733 
1876 0.000000 0.885230 
1877 0.000000 0.885727 
1878 0.000000 0.886224 
1879 0.000000 0.886721 
1880 0.000000 0.887218 
1881 0.000000 0.887714 
1882 0.000000 0.888211 
1883 0.000000 0.888707 
1884 0.000000 0.889204 
1885 0.000000 0.889700 
1886 0.000000 0.890197 
1887 0.000000 0.890693 
1888 0.000000 0.891189 
1889 0.000000 0.891685 
1890 0.000000 0.892182 
1891 0.000000 0.892678 
1892 0.000000 0.893174 
1893 0.000000 0.893670 
1894 0.000000 0.894166 
1895 0.000000 0.894662 
1896 0.000000 0.895157 
1897 0.000000 0.895653 
1898 0.000000 0.896149 
1899 0.000000 0.896644 
1900 0.000000 0.897140 
1901 0.000000 0.897636 
1902 0.000000 0.898131 
1903 0.000000 0.898627 
1904 0.000000 0.899122 
1905 0.000000 0.899617 
1906 0.000000 0.900112 
1907 0.000000 0.900608 
1908 0.000000 0.901103 
1909 0.000000 0.901598 
1910 0.000000 0.902093 
1911 0.000000 0.902588 
1912 0.000000 0.903083 
1913 0.000000 0.903578 
1914 0.000000 0.904072 
1915 0.000000 0.904567 
1916 0.000000 0.905062 
1917 0.000000 0.905557 
1918 0.000000 0.906051 
1919 0.000000 0.906546 
1920 0.000000 0.907040 
1921 0.000000 0.907535 
1922 0.000000 0.908029 
1923 0.000000 0.908523 
1924 0.000000 0.909017 
1925 0.000000 0.909512 
1926 0.000000 0.910006 
1927 0.000000 0.910500 
1928 0.000000 0.910994 
1929 0.000000 0.911488 
1930 0.000000 0.911982 
1931 0.000000 0.912476 
1932 0.000000 0.912969 
1933 0.000000 0.913463 
1934 0.000000 0.913957 
1935 0.000000 0.914450 
1936 0.000000 0.914944 
1937 0.000000 0.915437 
1938 0.000000 0.915931 
1939 0.000000 0.916424 
1940 0.000000 0.916918 
1941 0.000000 0.917411 
1942 0.000000 0.917904 
1943 0.000000 0.918397 
1944 0.000000 0.918890 
1945 0.000000 0.919383 
1946 0.000000 0.919876 
1947 0.000000 0.920369 
1948 0.000000 0.920862 
1949 0.000000 0.921355 
1950 0.000000 0.921848 
1951 0.000000 0.922340 
1952 0.000000 0.922833 
1953 0.000000 0.923326 
1954 0.000000 0.923818 
1955 0.000000 0.924311 
1956 0.000000 0.924803 
1957 0.000000 0.925295 
1958 0.000000 0.925788 
1959 0.000000 0.926280 
1960 0.000000 0.926772 
1961 0.000000 0.927264 
1962 0.000000 0.927756 
1963 0.000000 0.928248 
1964 0.000000 0.928740 
1965 0.000000 0.929232 
1966 0.000000 0.929724 
1967 0.000000 0.930216 
1968 0.000000 0.930707 
1969 0.000000 0.931199 
1970 0.000000 0.931691 
1971 0.000000 0.932182 
1972 0.000000 0.932674 
1973 0.000000 0.933165 
1974 0.000000 0.933656 
1975 0.000000 0.934148 
1976 0.000000 0.934639 
1977 0.000000 0.935130 
1978 0.000000 0.935621 
1979 0.000000 0.936112 
1980 0.000000 0.936603 
1981 0.000000 0.937094 
1982 0.000000 0.937585 
1983 0.000000 0.938076 
1984 0.000000 0.938567 
1985 0.000000 0.939057 
1986 0.000000 0.939548 
1987 0.000000 0.940039 
1988 0.000000 0.940529 
1989 0.000000 0.941020 
1990 0.000000 0.941510 
1991 0.000000 0.942001 
1992 0.000000 0.942491 
1993 0.000000 0.942981 
1994 0.000000 0.943471 
1995 0.000000 0.943961 
1996 0.000000 0.944452 
1997 0.000000 0.944942 
1998 0.000000 0.945431 
1999 0.000000 0.945921 
2000 0.000000 0.946411 
2001 0.000000 0.946901 
2002 0.000000 0.947391 
2003 0.000000 0.947880 
2004 0.000000 0.948370 
2005 0.000000 0.948859 
2006 0.000000 0.949349 
2007 0.000000 0.949838 
2008 0.000000 0.950328 
2009 0.000000 0.950817 
2010 0.000000 0.951306 
2011 0.000000 0.951795 
2012 0.000000 0.952285 
2013 0.000000 0.952774 
2014 0.000000 0.953263 
2015 0.000000 0.953752 
2016 0.000000 0.954240 
2017 0.000000 0.954729 
2018 0.000000 0.955218 
2019 0.000000 0.955707 
2020 0.000000 0.956195 
2021 0.000000 0.956684 
2022 0.000000 0.957173 
2023 0.000000 0.957661 
2024 0.000000 0.958149 
2025 0.000000 0.958638 
2026 0.000000 0.959126 
2027 0.000000 0.959614 
2028 0.000000 0.960102 
2029 0.000000 0.960591 
2030 0.000000 0.961079 
2031 0.000000 0.961567 
2032 0.000000 0.962055 
2033 0.000000 0.962542 
2034 0.000000 0.963030 
2035 0.000000 0.963518 
2036 0.000000 0.964006 
2037 0.000000 0.964493 
2038 0.000000 0.964981 
2039 0.000000 0.965468 
2040 0.000000 0.965956 
2041 0.000000 0.966443 
2042 0.000000 0.966930 
2043 0.000000 0.967418 
2044 0.000000 0.967905 
2045 0.000000 0.968392 
2046 0.000000 0.968879 
2047 0.000000 0.969366 
2048 0.000000 0.969853 
2049 0.000000 0.970340 
2050 0.000000 0.970827 
2051 0.000000 0.971314 
2052 0.000000 0.971800 
2053 0.000000 0.972287 
2054 0.000000 0.972774 
2055 0.000000 0.973260 
2056 0.000000 0.973747 
2057 0.000000 0.974233 
2058 0.000000 0.974719 
2059 0.000000 0.975206 
2060 0.000000 0.975692 
2061 0.000000 0.976178 
2062 0.000000 0.976664 
2063 0.000000 0.977150 
2064 0.000000 0.977636 
2065 0.000000 0.978122 
2066 0.000000 0.978608 
2067 0.000000 0.979094 
2068 0.000000 0.979580 
2069 0.000000 0.980065 
2070 0.000000 0.980551 
2071 0.000000 0.981036 
2072 0.000000 0.981522 
2073 0.000000 0.982007 
2074 0.000000 0.982493 
2075 0.000000 0.982978 
2076 0.000000 0.983463 
2077 0.000000 0.983949 
2078 0.000000 0.984434 
2079 0.000000 0.984919 
2080 0.000000 0.985404 
2081 0.000000 0.985889 
2082 0.000000 0.986374 
2083 0.000000 0.986858 
2084 0.000000 0.987343 
2085 0.000000 0.987828 
2086 0.000000 0.988312 
2087 0.000000 0.988797 
2088 0.000000 0.989282 
2089 0.000000 0.989766 
2090 0.000000 0.990250 
2091 0.000000 0.990735 
2092 0.000000 0.991219 
2093 0.000000 0.991703 
2094 0.000000 0.992187 
2095 0.000000 0.992671 
2096 0.000000 0.993155 
2097 0.000000 0.993639 
2098 0.000000 0.994123 
2099 0.000000 0.994607 
2100 0.000000 0.995091 
2101 0.000000 0.995575 
2102 0.000000 0.996058 
2103 0.000000 0.996542 
2104 0.000000 0.997025 
2105 0.000000 0.997509 
2106 0.000000 0.997992 
2107 0.000000 0.998475 
2108 0.000000 0.998959 
2109 0.000000 0.999442 
2110 0.000001 0.999925 
2111 0.000001 1.000408 
2112 0.000001 1.000891 
2113 0.000001 1.001374 
2114 0.000001 1.001857 
2115 0.000001 1.002340 
2116 0.000001 1.002823 
2117 0.000001 1.003305 
2118 0.000001 1.003788 
2119 0.000001 1.004271 
2120 0.000001 1.004753 
2121 0.000001 1.005236 
2122 0.000001 1.005718 
2123 0.000001 1.006200 
2124 0.000001 1.006683 
2125 0.000001 1.007165 
2126 0.000001 1.007647 
2127 0.000001 1.008129 
2128 0.000001 1.008611 
2129 0.000001 1.009093 
2130 0.000001 1.009575 
2131 0.000001 1.010057 
2132 0.000001 1.010538 
2133 0.000002 1.011020 
2134 0.000002 1.011502 
2135 0.000002 1.011983 
2136 0.000002 1.012465 
2137 0.000002 1.012946 
2138 0.000002 1.013428 
2139 0.000002 1.013909 
2140 0.000002 1.014390 
2141 0.000002 1.014871 
2142 0.000002 1.015353 
2143 0.000002 1.015834 
2144 0.000003 1.016315 
2145 0.000003 1.016796 
2146 0.000003 1.017276 
2147 0.000003 1.017757 
2148 0.000003 1.018238 
2149 0.000003 1.018719 
2150 0.000003 1.019199 
2151 0.000003 1.019680 
2152 0.000004 1.020160 
2153 0.000004 1.020641 
2154 0.000004 1.021121 
2155 0.000004 1.021602 
2156 0.000004 1.022082 
2157 0.000004 1.022562 
2158 0.000005 1.023042 
2159 0.000005 1.023522 
2160 0.000005 1.024002 
2161 0.000005 1.024482 
2162 0.000006 1.024962 
2163 0.000006 1.025442 
2164 0.000006 1.025921 
2165 0.000006 1.026401 
2166 0.000007 1.026881 
2167 0.000007 1.027360 
2168 0.000007 1.027840 
2169 0.000008 1.028319 
2170 0.000008 1.028798 
2171 0.000008 1.029278 
2172 0.000009 1.029757 
2173 0.000009 1.030236 
2174 0.000009 1.030715 
2175 0.000010 1.031194 
2176 0.000010 1.031673 
2177 0.000011 1.032152 
2178 0.000011 1.032631 
2179 0.000012 1.033110 
2180 0.000012 1.033588 
2181 0.000013 1.034067 
2182 0.000013 1.034545 
2183 0.000014 1.035024 
2184 0.000014 1.035502 
2185 0.000015 1.035981 
2186 0.000016 1.036459 
2187 0.000016 1.036937 
2188 0.000017 1.037416 
2189 0.000018 1.037894 
2190 0.000019 1.038372 
2191 0.000019 1.038850 
2192 0.000020 1.039328 
2193 0.000021 1.039805 
2194 0.000022 1.040283 
2195 0.000023 1.040761 
2196 0.000024 1.041239 
2197 0.000025 1.041716 
2198 0.000026 1.042194 
2199 0.000027 1.042671 
2200 0.000028 1.043149 
2201 0.000029 1.043626 
2202 0.000030 1.044103 
2203 0.000032 1.044580 
2204 0.000033 1.045058 
2205 0.000034 1.045535 
2206 0.000036 1.046012 
2207 0.000037 1.046489 
2208 0.000039 1.046965 
2209 0.000041 1.047442 
2210 0.000042 1.047919 
2211 0.000044 1.048396 
2212 0.000046 1.048872 
2213 0.000048 1.049349 
2214 0.000050 1.049825 
2215 0.000052 1.050302 
2216 0.000054 1.050778 
2217 0.000056 1.051254 
2218 0.000058 1.051731 
2219 0.000061 1.052207 
2220 0.000063 1.052683 
2221 0.000066 1.053159 
2222 0.000068 1.053635 
2223 0.000071 1.054111 
2224 0.000074 1.054587 
2225 0.000077 1.055062 
2226 0.000080 1.055538 
2227 0.000083 1.056014 
2228 0.000087 1.056489 
2229 0.000090 1.056965 
2230 0.000094 1.057440 
2231 0.000097 1.057916 
2232 0.000101 1.058391 
2233 0.000105 1.058866 
2234 0.000110 1.059341 
2235 0.000114 1.059816 
2236 0.000118 1.060291 
2237 0.000123 1.060766 
2238 0.000128 1.061241 
2239 0.000133 1.061716 
2240 0.000138 1.062191 
2241 0.000144 1.062666 
2242 0.000149 1.063140 
2243 0.000155 1.063615 
2244 0.000161 1.064089 
2245 0.000167 1.064564 
2246 0.000174 1.065038 
2247 0.000181 1.065512 
2248 0.000188 1.065987 
2249 0.000195 1.066461 
2250 0.000202 1.066935 
2251 0.000210 1.067409 
2252 0.000218 1.067883 
2253 0.000227 1.068357 
2254 0.000235 1.068831 
2255 0.000244 1.069304 
2256 0.000254 1.069778 
2257 0.000263 1.070252 
2258 0.000273 1.070725 
2259 0.000284 1.071199 
2260 0.000294 1.071672 
2261 0.000305 1.072146 
2262 0.000317 1.072619 
2263 0.000329 1.073092 
2264 0.000341 1.073565 
2265 0.000354 1.074038 
2266 0.000367 1.074511 
2267 0.000381 1.074984 
2268 0.000395 1.075457 
2269 0.000410 1.075930 
2270 0.000425 1.076403 
2271 0.000441 1.076876 
2272 0.000457 1.077348 
2273 0.000474 1.077821 
2274 0.000492 1.078293 
2275 0.000510 1.078766 
2276 0.000528 1.079238 
2277 0.000548 1.079710 
2278 0.000568 1.080183 
2279 0.000588 1.080655 
2280 0.000610 1.081127 
2281 0.000632 1.081599 
2282 0.000655 1.082071 
2283 0.000679 1.082543 
2284 0.000703 1.083015 
2285 0.000729 1.083486 
2286 0.000755 1.083958 
2287 0.000782 1.084430 
2288 0.000810 1.084901 
2289 0.000839 1.085373 
2290 0.000869 1.085844 
2291 0.000900 1.086315 
2292 0.000932 1.086787 
2293 0.000965 1.087258 
2294 0.000999 1.087729 
2295 0.001034 1.088200 
2296 0.001071 1.088671 
2297 0.001108 1.089142 
2298 0.001147 1.089613 
2299 0.001188 1.090084 
2300 0.001229 1.090554 
2301 0.001272 1.091025 
2302 0.001317 1.091496 
2303 0.001362 1.091966 
2304 0.001410 1.092437 
2305 0.001458 1.092907 
2306 0.001509 1.093377 
2307 0.001561 1.093848 
2308 0.001615 1.094318 
2309 0.001670 1.094788 
2310 0.001727 1.095258 
2311 0.001786 1.095728 
2312 0.001847 1.096198 
2313 0.001910 1.096668 
2314 0.001975 1.097138 
2315 0.002042 1.097607 
2316 0.002111 1.098077 
2317 0.002183 1.098546 
2318 0.002256 1.099016 
2319 0.002332 1.099485 
2320 0.002411 1.099955 
2321 0.002491 1.100424 
2322 0.002575 1.100893 
2323 0.002661 1.101362 
2324 0.002749 1.101832 
2325 0.002840 1.102301 
2326 0.002935 1.102770 
2327 0.003032 1.103238 
2328 0.003132 1.103707 
2329 0.003235 1.104176 
2330 0.003341 1.104645 
2331 0.003451 1.105113 
2332 0.003564 1.105582 
2333 0.003680 1.106050 
2334 0.003800 1.106519 
2335 0.003923 1.106987 
2336 0.004051 1.107455 
2337 0.004182 1.107923 
2338 0.004317 1.108392 
2339 0.004456 1.108860 
2340 0.004599 1.109328 
2341 0.004747 1.109796 
2342 0.004899 1.110263 
2343 0.005055 1.110731 
2344 0.005216 1.111199 
2345 0.005382 1.111666 
2346 0.005553 1.112134 
2347 0.005729 1.112602 
2348 0.005910 1.113069 
2349 0.006096 1.113536 
2350 0.006288 1.114004 
2351 0.006485 1.114471 
2352 0.006688 1.114938 
2353 0.006897 1.115405 
2354 0.007112 1.115872 
2355 0.007333 1.116339 
2356 0.007560 1.116806 
2357 0.007794 1.117273 
2358 0.008035 1.117739 
2359 0.008282 1.118206 
2360 0.008537 1.118673 
2361 0.008799 1.119139 
2362 0.009068 1.119606 
2363 0.009345 1.120072 
2364 0.009629 1.120538 
2365 0.009922 1.121005 
2366 0.010222 1.121471 
2367 0.010532 1.121937 
2368 0.010849 1.122403 
2369 0.011176 1.122869 
2370 0.011511 1.123335 
2371 0.011856 1.123801 
2372 0.012211 1.124266 
2373 0.012575 1.124732 
2374 0.012949 1.125198 
2375 0.013333 1.125663 
2376 0.013728 1.126129 
2377 0.014133 1.126594 
2378 0.014549 1.127059 
2379 0.014977 1.127525 
2380 0.015416 1.127990 
2381 0.015867 1.128455 
2382 0.016330 1.128920 
2383 0.016805 1.129385 
2384 0.017293 1.129850 
2385 0.017794 1.130315 
2386 0.018308 1.130779 
2387 0.018836 1.131244 
2388 0.019378 1.131709 
2389 0.019934 1.132173 
2390 0.020504 1.132638 
2391 0.021089 1.133102 
2392 0.021690 1.133567 
2393 0.022306 1.134031 
2394 0.022938 1.134495 
2395 0.023586 1.134959 
2396 0.024251 1.135423 
2397 0.024933 1.135887 
2398 0.025632 1.136351 
2399 0.026349 1.136815 
2400 0.027084 1.137279 
2401 0.027838 1.137742 
2402 0.028611 1.138206 
2403 0.029403 1.138670 
2404 0.030216 1.139133 
2405 0.031048 1.139597 
2406 0.031902 1.140060 
2407 0.032776 1.140523 
2408 0.033672 1.140986 
2409 0.034590 1.141449 
2410 0.035531 1.141913 
2411 0.036495 1.142376 
2412 0.037483 1.142838 
2413 0.038494 1.143301 
2414 0.039531 1.143764 
2415 0.040592 1.144227 
2416 0.041679 1.144689 
2417 0.042792 1.145152 
2418 0.043932 1.145614 
2419 0.045099 1.146077 
2420 0.046294 1.146539 
2421 0.047517 1.147001 
2422 0.048769 1.147464 
2423 0.050051 1.147926 
2424 0.051363 1.148388 
2425 0.052705 1.148850 
2426 0.054080 1.149312 
2427 0.055486 1.149774 
2428 0.056924 1.150235 
2429 0.058397 1.150697 
2430 0.059903 1.151159 
2431 0.061443 1.151620 
2432 0.063019 1.152082 
2433 0.064631 1.152543 
2434 0.066280 1.153005 
2435 0.067965 1.153466 
2436 0.069690 1.153927 
2437 0.071452 1.154388 
2438 0.073255 1.154849 
2439 0.075098 1.155310 
2440 0.076981 1.155771 
2441 0.078907 1.156232 
2442 0.080875 1.156693 
2443 0.082887 1.157153 
2444 0.084943 1.157614 
2445 0.087044 1.158074 
2446 0.089190 1.158535 
2447 0.091384 1.158995 
2448 0.093624 1.159456 
2449 0.095914 1.159916 
2450 0.098252 1.160376 
2451 0.100641 1.160836 
2452 0.103080 1.161296 
2453 0.105571 1.161756 
2454 0.108116 1.162216 
2455 0.110713 1.162676 
2456 0.113366 1.163136 
2457 0.116074 1.163595 
2458 0.118839 1.164055 
2459 0.121661 1.164515 
2460 0.124541 1.164974 
2461 0.127481 1.165433 
2462 0.130482 1.165893 
2463 0.133543 1.166352 
2464 0.136668 1.166811 
2465 0.139856 1.167270 
2466 0.143108 1.167729 
2467 0.146426 1.168188 
2468 0.149810 1.168647 
2469 0.153262 1.169106 
2470 0.156783 1.169565 
2471 0.160374 1.170023 
2472 0.164036 1.170482 
2473 0.167770 1.170940 
2474 0.171577 1.171399 
2475 0.175459 1.171857 
2476 0.179415 1.172315 
2477 0.183449 1.172774 
2478 0.187560 1.173232 
2479 0.191751 1.173690 
2480 0.196021 1.174148 
2481 0.200373 1.174606 
2482 0.204807 1.175064 
2483 0.209325 1.175521 
2484 0.213928 1.175979 
2485 0.218617 1.176437 
2486 0.223394 1.176894 
2487 0.228259 1.177352 
2488 0.233215 1.177809 
2489 0.238261 1.178266 
2490 0.243400 1.178724 
2491 0.248633 1.179181 
2492 0.253961 1.179638 
2493 0.259385 1.180095 
2494 0.264906 1.180552 
2495 0.270527 1.181009 
2496 0.276248 1.181466 
2497 0.282070 1.181922 
2498 0.287996 1.182379 
2499 0.294026 1.182836 
2500 0.300161 1.183292 
2501 0.306403 1.183749 
2502 0.312754 1.184205 
2503 0.319214 1.184661 
2504 0.325786 1.185118 
2505 0.332470 1.185574 
2506 0.339267 1.186030 
2507 0.346180 1.186486 
2508 0.353209 1.186942 
2509 0.360357 1.187398 
2510 0.367623 1.187853 
2511 0.375011 1.188309 
2512 0.382521 1.188765 
2513 0.390154 1.189220 
2514 0.397912 1.189676 
2515 0.405797 1.190131 
2516 0.413809 1.190587 
2517 0.421951 1.191042 
2518 0.430223 1.191497 
2519 0.438627 1.191952 
2520 0.447165 1.192407 
2521 0.455837 1.192862 
2522 0.464646 1.193317 
2523 0.473593 1.193772 
2524 0.482678 1.194227 
2525 0.491904 1.194681 
2526 0.501272 1.195136 
2527 0.510784 1.195590 
2528 0.520440 1.196045 
2529 0.530242 1.196499 
2530 0.540191 1.196953 
2531 0.550290 1.197408 
2532 0.560539 1.197862 
2533 0.570939 1.198316 
2534 0.581492 1.198770 
2535 0.592200 1.199224 
2536 0.603063 1.199678 
2537 0.614084 1.200131 
2538 0.625263 1.200585 
2539 0.636602 1.201039 
2540 0.648101 1.201492 
2541 0.659764 1.201946 
2542 0.671590 1.202399 
2543 0.683580 1.202852 
2544 0.695738 1.203306 
2545 0.708062 1.203759 
2546 0.720556 1.204212 
2547 0.733219 1.204665 
2548 0.746054 1.205118 
2549 0.759062 1.205571 
2550 0.772243 1.206023 
2551 0.785599 1.206476 
2552 0.799131 1.206929 
2553 0.812840 1.207381 
2554 0.826728 1.207834 
2555 0.840795 1.208286 
2556 0.855042 1.208739 
2557 0.869472 1.209191 
2558 0.884084 1.209643 
2559 0.898880 1.210095 
2560 0.913861 1.210547 
2561 0.929027 1.210999 
2562 0.944381 1.211451 
2563 0.959922 1.211903 
2564 0.975652 1.212355 
2565 0.991571 1.212806 
2566 1.007681 1.213258 
2567 1.023983 1.213709 
2568 1.040476 1.214161 
2569 1.057163 1.214612 
2570 1.074043 1.215063 
2571 1.091118 1.215515 
2572 1.108388 1.215966 
2573 1.125854 1.216417 
2574 1.143517 1.216868 
2575 1.161377 1.217319 
2576 1.179435 1.217769 
2577 1.197692 1.218220 
2578 1.216147 1.218671 
2579 1.234802 1.219121 
2580 1.253657 1.219572 
2581 1.272712 1.220022 
2582 1.291969 1.220473 
2583 1.311426 1.220923 
2584 1.331085 1.221373 
2585 1.350946 1.221823 
2586 1.371009 1.222273 
2587 1.391274 1.222723 
2588 1.411742 1.223173 
2589 1.432413 1.223623 
2590 1.453286 1.224073 
2591 1.474362 1.224523 
2592 1.495641 1.224972 
2593 1.517123 1.225422 
2594 1.538808 1.225871 
2595 1.560695 1.226321 
2596 1.582785 1.226770 
2597 1.605077 1.227219 
2598 1.627572 1.227668 
2599 1.650268 1.228117 
2600 1.673166 1.228566 
2601 1.696264 1.229015 
2602 1.719564 1.229464 
2603 1.743064 1.229913 
2604 1.766763 1.230361 
2605 1.790662 1.230810 
2606 1.814759 1.231259 
2607 1.839054 1.231707 
2608 1.863547 1.232155 
2609 1.888235 1.232604 
2610 1.913120 1.233052 
2611 1.938199 1.233500 
2612 1.963471 1.233948 
2613 1.988937 1.234396 
2614 2.014595 1.234844 
2615 2.040443 1.235292 
2616 2.066481 1.235740 
2617 2.092707 1.236187 
2618 2.119121 1.236635 
2619 2.145720 1.237082 
2620 2.172504 1.237530 
2621 2.199471 1.237977 
2622 2.226620 1.238424 
2623 2.253950 1.238872 
2624 2.281457 1.239319 
2625 2.309142 1.239766 
2626 2.337002 1.240213 
2627 2.365036 1.240660 
2628 2.393241 1.241107 
2629 2.421617 1.241553 
2630 2.450160 1.242000 
2631 2.478870 1.242447 
2632 2.507744 1.242893 
2633 2.536779 1.243340 
2634 2.565975 1.243786 
2635 2.595328 1.244232 
2636 2.624836 1.244678 
2637 2.654498 1.245124 
2638 2.684310 1.245571 
2639 2.714270 1.246016 
2640 2.744377 1.246462 
2641 2.774626 1.246908 
2642 2.805016 1.247354 
2643 2.835545 1.247800 
2644 2.866208 1.248245 
2645 2.897004 1.248691 
2646 2.927930 1.249136 
2647 2.958982 1.249581 
2648 2.990158 1.250027 
2649 3.021455 1.250472 
2650 3.052870 1.250917 
2651 3.084399 1.251362 
2652 3.116040 1.251807 
2653 3.147789 1.252252 
2654 3.179643 1.252697 
2655 3.211599 1.253141 
2656 3.243653 1.253586 
2657 3.275801 1.254031 
2658 3.308041 1.254475 
2659 3.340369 1.254920 
2660 3.372781 1.255364 
2661 3.405273 1.255808 
2662 3.437842 1.256252 
2663 3.470484 1.256696 
2664 3.503195 1.257140 
2665 3.535972 1.257584 
2666 3.568810 1.258028 
2667 3.601705 1.258472 
2668 3.634654 1.258916 
2669 3.667652 1.259359 
2670 3.700695 1.259803 
2671 3.733779 1.260246 
2672 3.766901 1.260690 
2673 3.800055 1.261133 
2674 3.833237 1.261576 
2675 3.866443 1.262019 
2676 3.899669 1.262462 
2677 3.932910 1.262905 
2678 3.966162 1.263348 
2679 3.999420 1.263791 
2680 4.032680 1.264234 
2681 4.065937 1.264677 
2682 4.099187 1.265119 
2683 4.132424 1.265562 
2684 4.165645 1.266004 
2685 4.198844 1.266447 
2686 4.232017 1.266889 
2687 4.265159 1.267331 
2688 4.298265 1.267773 
2689 4.331330 1.268215 
2690 4.364349 1.268657 
2691 4.397319 1.269099 
2692 4.430232 1.269541 
2693 4.463086 1.269983 
2694 4.495874 1.270424 
2695 4.528591 1.270866 
2696 4.561233 1.271307 
2697 4.593795 1.271749 
2698 4.626272 1.272190 
2699 4.658657 1.272631 
2700 4.690947 1.273072 
2701 4.723136 1.273513 
2702 4.755220 1.273954 
2703 4.787192 1.274395 
2704 4.819048 1.274836 
2705 4.850782 1.275277 
2706 4.882390 1.275718 
2707 4.913866 1.276158 
2708 4.945206 1.276599 
2709 4.976403 1.277039 
2710 5.007452 1.277480 
2711 5.038350 1.277920 
2712 5.069089 1.278360 
2713 5.099666 1.278800 
2714 5.130074 1.279240 
2715 5.160309 1.279680 
2716 5.190365 1.280120 
2717 5.220238 1.280560 
2718 5.249922 1.281000 
2719 5.279412 1.281439 
2720 5.308702 1.281879 
2721 5.337789 1.282319 
2722 5.366665 1.282758 
2723 5.395327 1.283197 
2724 5.423770 1.283637 
2725 5.451988 1.284076 
2726 5.479975 1.284515 
2727 5.507728 1.284954 
2728 5.535242 1.285393 
2729 5.562510 1.285832 
2730 5.589528 1.286270 
2731 5.616292 1.286709 
2732 5.642796 1.287148 
2733 5.669035 1.287586 
2734 5.695005 1.288025 
2735 5.720701 1.288463 
2736 5.746118 1.288901 
2737 5.771251 1.289339 
2738 5.796096 1.289778 
2739 5.820647 1.290216 
2740 5.844901 1.290654 
2741 5.868853 1.291092 
2742 5.892497 1.291529 
2743 5.915831 1.291967 
2744 5.938848 1.292405 
2745 5.961546 1.292842 
2746 5.983919 1.293280 
2747 6.005963 1.293717 
2748 6.027674 1.294154 
2749 6.049048 1.294592 
2750 6.070080 1.295029 
2751 6.090767 1.295466 
2752 6.111104 1.295903 
2753 6.131088 1.296340 
2754 6.150714 1.296777 
2755 6.169980 1.297213 
2756 6.188880 1.297650 
2757 6.207411 1.298087 
2758 6.225571 1.298523 
2759 6.243354 1.298960 
2760 6.260757 1.299396 
2761 6.277778 1.299832 
2762 6.294412 1.300268 
2763 6.310657 1.300705 
2764 6.326509 1.301141 
2765 6.341964 1.301576 
2766 6.357021 1.302012 
2767 6.371675 1.302448 
2768 6.385924 1.302884 
2769 6.399766 1.303319 
2770 6.413196 1.303755 
2771 6.426213 1.304190 
2772 6.438814 1.304626 
2773 6.450996 1.305061 
2774 6.462757 1.305496 
2775 6.474094 1.305931 
2776 6.485006 1.306366 
2777 6.495490 1.306801 
2778 6.505543 1.307236 
2779 6.515164 1.307671 
2780 6.524352 1.308106 
2781 6.533102 1.308540 
2782 6.541416 1.308975 
2783 6.549289 1.309409 
2784 6.556722 1.309844 
2785 6.563711 1.310278 
2786 6.570257 1.310712 
2787 6.576357 1.311147 
2788 6.582010 1.311581 
2789 6.587216 1.312015 
2790 6.591972 1.312448 
2791 6.596279 1.312882 
2792 6.600135 1.313316 
2793 6.603539 1.313750 
2794 6.606491 1.314183 
2795 6.608990 1.314617 
2796 6.611035 1.315050 
2797 6.612627 1.315483 
2798 6.613764 1.315917 
2799 6.614447 1.316350 
2800 6.614676 1.316783 
2801 6.614450 1.317216 
2802 6.613769 1.317649 
2803 6.612634 1.318082 
2804 6.611044 1.318514 
2805 6.609001 1.318947 
2806 6.606505 1.319380 
2807 6.603555 1.319812 
2808 6.600153 1.320245 
2809 6.596300 1.320677 
2810 6.591996 1.321109 
2811 6.587241 1.321541 
2812 6.582038 1.321973 
2813 6.576387 1.322405 
2814 6.570289 1.322837 
2815 6.563746 1.323269 
2816 6.556758 1.323701 
2817 6.549328 1.324133 
2818 6.541457 1.324564 
2819 6.533146 1.324996 
2820 6.524397 1.325427 
2821 6.515212 1.325858 
2822 6.505593 1.326290 
2823 6.495542 1.326721 
2824 6.485061 1.327152 
2825 6.474151 1.327583 
2826 6.462816 1.328014 
2827 6.451057 1.328445 
2828 6.438877 1.328876 
2829 6.426278 1.329306 
2830 6.413263 1.329737 
2831 6.399834 1.330167 
2832 6.385995 1.330598 
2833 6.371748 1.331028 
2834 6.357095 1.331458 
2835 6.342041 1.331889 
2836 6.326587 1.332319 
2837 6.310737 1.332749 
2838 6.294494 1.333179 
2839 6.277862 1.333608 
2840 6.260843 1.334038 
2841 6.243441 1.334468 
2842 6.225659 1.334898 
2843 6.207502 1.335327 
2844 6.188972 1.335756 
2845 6.170074 1.336186 
2846 6.150810 1.336615 
2847 6.131185 1.337044 
2848 6.111203 1.337473 
2849 6.090867 1.337902 
2850 6.070181 1.338331 
2851 6.049150 1.338760 
2852 6.027778 1.339189 
2853 6.006068 1.339618 
2854 5.984026 1.340046 
2855 5.961654 1.340475 
2856 5.938958 1.340903 
2857 5.915941 1.341331 
2858 5.892609 1.341760 
2859 5.868966 1.342188 
2860 5.845015 1.342616 
2861 5.820762 1.343044 
2862 5.796212 1.343472 
2863 5.771368 1.343900 
2864 5.746236 1.344327 
2865 5.720820 1.344755 
2866 5.695125 1.345183 
2867 5.669156 1.345610 
2868 5.642917 1.346038 
2869 5.616414 1.346465 
2870 5.589651 1.346892 
2871 5.562634 1.347319 
2872 5.535366 1.347747 
2873 5.507854 1.348174 
2874 5.480101 1.348600 
2875 5.452114 1.349027 
2876 5.423897 1.349454 
2877 5.395455 1.349881 
2878 5.366793 1.350307 
2879 5.337917 1.350734 
2880 5.308831 1.351160 
2881 5.279540 1.351586 
2882 5.250051 1.352013 
2883 5.220367 1.352439 
2884 5.190495 1.352865 
2885 5.160439 1.353291 
2886 5.130204 1.353717 
2887 5.099795 1.354143 
2888 5.069219 1.354568 
2889 5.038480 1.354994 
2890 5.007582 1.355420 
2891 4.976533 1.355845 
2892 4.945336 1.356270 
2893 4.913996 1.356696 
2894 4.882520 1.357121 
2895 4.850912 1.357546 
2896 4.819177 1.357971 
2897 4.787321 1.358396 
2898 4.755348 1.358821 
2899 4.723265 1.359246 
2900 4.691075 1.359671 
2901 4.658785 1.360095 
2902 4.626399 1.360520 
2903 4.593922 1.360944 
2904 4.561360 1.361369 
2905 4.528717 1.361793 
2906 4.495999 1.362217 
2907 4.463211 1.362641 
2908 4.430357 1.363065 
2909 4.397442 1.363489 
2910 4.364472 1.363913 
2911 4.331452 1.364337 
2912 4.298386 1.364760 
2913 4.265279 1.365184 
2914 4.232137 1.365608 
2915 4.198963 1.366031 
2916 4.165763 1.366454 
2917 4.132542 1.366878 
2918 4.099303 1.367301 
2919 4.066053 1.367724 
2920 4.032795 1.368147 
2921 3.999534 1.368570 
2922 3.966275 1.368993 
2923 3.933022 1.369415 
2924 3.899780 1.369838 
2925 3.866553 1.370261 
2926 3.833346 1.370683 
2927 3.800162 1.371106 
2928 3.767007 1.371528 
2929 3.733885 1.371950 
2930 3.700800 1.372372 
2931 3.667755 1.372794 
2932 3.634756 1.373216 
2933 3.601806 1.373638 
2934 3.568910 1.374060 
2935 3.536070 1.374482 
2936 3.503293 1.374903 
2937 3.470580 1.375325 
2938 3.437937 1.375746 
2939 3.405367 1.376168 
2940 3.372873 1.376589 
2941 3.340460 1.377010 
2942 3.308131 1.377431 
2943 3.275890 1.377852 
2944 3.243740 1.378273 
2945 3.211684 1.378694 
2946 3.179727 1.379115 
2947 3.147872 1.379536 
2948 3.116121 1.379956 
2949 3.084479 1.380377 
2950 3.052948 1.380797 
2951 3.021532 1.381218 
2952 2.990234 1.381638 
2953 2.959056 1.382058 
2954 2.928002 1.382478 
2955 2.897075 1.382898 
2956 2.866278 1.383318 
2957 2.835613 1.383738 
2958 2.805084 1.384158 
2959 2.774692 1.384577 
2960 2.744441 1.384997 
2961 2.714333 1.385416 
2962 2.684371 1.385836 
2963 2.654558 1.386255 
2964 2.624895 1.386674 
2965 2.595385 1.387093 
2966 2.566030 1.387512 
2967 2.536833 1.387931 
2968 2.507796 1.388350 
2969 2.478921 1.388769 
2970 2.450210 1.389188 
2971 2.421665 1.389606 
2972 2.393288 1.390025 
2973 2.365081 1.390443 
2974 2.337046 1.390862 
2975 2.309185 1.391280 
2976 2.281499 1.391698 
2977 2.253989 1.392116 
2978 2.226659 1.392534 
2979 2.199509 1.392952 
2980 2.172540 1.393370 
2981 2.145755 1.393788 
2982 2.119154 1.394205 
2983 2.092739 1.394623 
2984 2.066511 1.395041 
2985 2.040472 1.395458 
2986 2.014622 1.395875 
2987 1.988963 1.396292 
2988 1.963496 1.396710 
2989 1.938222 1.397127 
2990 1.913142 1.397544 
2991 1.888256 1.397960 
2992 1.863566 1.398377 
2993 1.839073 1.398794 
2994 1.814776 1.399211 
2995 1.790678 1.399627 
2996 1.766778 1.400044 
2997 1.743077 1.400460 
2998 1.719576 1.400876 
2999 1.696276 1.401292 
3000 1.673176 1.401708 
3001 1.650277 1.402124 
3002 1.627579 1.402540 
3003 1.605084 1.402956 
3004 1.582790 1.403372 
3005 1.560699 1.403787 
3006 1.538811 1.404203 
3007 1.517125 1.404619 
3008 1.495642 1.405034 
3009 1.474362 1.405449 
3010 1.453285 1.405864 
3011 1.432411 1.406280 
3012 1.411739 1.406695 
3013 1.391270 1.407110 
3014 1.371004 1.407524 
3015 1.350940 1.407939 
3016 1.331078 1.408354 
3017 1.311418 1.408768 
3018 1.291960 1.409183 
3019 1.272703 1.409597 
3020 1.253646 1.410012 
3021 1.234790 1.410426 
3022 1.216135 1.410840 
3023 1.197678 1.411254 
3024 1.179421 1.411668 
3025 1.161362 1.412082 
3026 1.143501 1.412496 
3027 1.125838 1.412909 
3028 1.108371 1.413323 
3029 1.091100 1.413737 
3030 1.074024 1.414150 
3031 1.057143 1.414563 
3032 1.040456 1.414977 
3033 1.023962 1.415390 
3034 1.007660 1.415803 
3035 0.991549 1.416216 
3036 0.975629 1.416629 
3037 0.959899 1.417042 
3038 0.944357 1.417454 
3039 0.929003 1.417867 
3040 0.913836 1.418280 
3041 0.898855 1.418692 
3042 0.884058 1.419105 
3043 0.869445 1.419517 
3044 0.855016 1.419929 
3045 0.840767 1.420341 
3046 0.826700 1.420753 
3047 0.812812 1.421165 
3048 0.799102 1.421577 
3049 0.785570 1.421989 
3050 0.772213 1.422400 
3051 0.759032 1.422812 
3052 0.746024 1.423223 
3053 0.733189 1.423635 
3054 0.720525 1.424046 
3055 0.708031 1.424457 
3056 0.695706 1.424869 
3057 0.683549 1.425280 
3058 0.671557 1.425691 
3059 0.659731 1.426101 
3060 0.648069 1.426512 
3061 0.636569 1.426923 
3062 0.625230 1.427334 
3063 0.614051 1.427744 
3064 0.603030 1.428154 
3065 0.592166 1.428565 
3066 0.581458 1.428975 
3067 0.570905 1.429385 
3068 0.560504 1.429795 
3069 0.550255 1.430205 
3070 0.540157 1.430615 
3071 0.530207 1.431025 
3072 0.520405 1.431435 
3073 0.510749 1.431844 
3074 0.501237 1.432254 
3075 0.491869 1.432663 
3076 0.482643 1.433073 
3077 0.473558 1.433482 
3078 0.464611 1.433891 
3079 0.455802 1.434300 
3080 0.447130 1.434709 
3081 0.438592 1.435118 
3082 0.430188 1.435527 
3083 0.421915 1.435936 
3084 0.413774 1.436344 
3085 0.405761 1.436753 
3086 0.397877 1.437161 
3087 0.390119 1.437570 
3088 0.382486 1.437978 
3089 0.374976 1.438386 
3090 0.367588 1.438794 
3091 0.360322 1.439202 
3092 0.353175 1.439610 
3093 0.346145 1.440018 
3094 0.339233 1.440426 
3095 0.332435 1.440833 
3096 0.325751 1.441241 
3097 0.319180 1.441648 
3098 0.312720 1.442056 
3099 0.306369 1.442463 
3100 0.300127 1.442870 
3101 0.293992 1.443277 
3102 0.287962 1.443684 
3103 0.282037 1.444091 
3104 0.276215 1.444498 
3105 0.270494 1.444905 
3106 0.264873 1.445311 
3107 0.259352 1.445718 
3108 0.253928 1.446125 
3109 0.248600 1.446531 
3110 0.243368 1.446937 
3111 0.238229 1.447343 
3112 0.233183 1.447750 
3113 0.228228 1.448156 
3114 0.223363 1.448561 
3115 0.218586 1.448967 
3116 0.213897 1.449373 
3117 0.209295 1.449779 
3118 0.204777 1.450184 
3119 0.200343 1.450590 
3120 0.195991 1.450995 
3121 0.191721 1.451400 
3122 0.187531 1.451806 
3123 0.183420 1.452211 
3124 0.179387 1.452616 
3125 0.175430 1.453021 
3126 0.171549 1.453426 
3127 0.167742 1.453830 
3128 0.164008 1.454235 
3129 0.160347 1.454640 
3130 0.156756 1.455044 
3131 0.153235 1.455448 
3132 0.149783 1.455853 
3133 0.146399 1.456257 
3134 0.143082 1.456661 
3135 0.139829 1.457065 
3136 0.136642 1.457469 
3137 0.133518 1.457873 
3138 0.130456 1.458277 
3139 0.127456 1.458680 
3140 0.124516 1.459084 
3141 0.121636 1.459487 
3142 0.118814 1.459891 
3143 0.116050 1.460294 
3144 0.113342 1.460697 
3145 0.110690 1.461100 
3146 0.108092 1.461503 
3147 0.105549 1.461906 
3148 0.103058 1.462309 
3149 0.100618 1.462712 
3150 0.098230 1.463115 
3151 0.095892 1.463517 
3152 0.093603 1.463920 
3153 0.091362 1.464322 
3154 0.089169 1.464724 
3155 0.087023 1.465126 
3156 0.084922 1.465529 
3157 0.082867 1.465931 
3158 0.080855 1.466333 
3159 0.078887 1.466734 
3160 0.076962 1.467136 
3161 0.075078 1.467538 
3162 0.073236 1.467939 
3163 0.071434 1.468341 
3164 0.069671 1.468742 
3165 0.067947 1.469143 
3166 0.066262 1.469545 
3167 0.064613 1.469946 
3168 0.063002 1.470347 
3169 0.061426 1.470748 
3170 0.059886 1.471148 
3171 0.058380 1.471549 
3172 0.056908 1.471950 
3173 0.055470 1.472350 
3174 0.054064 1.472751 
3175 0.052690 1.473151 
3176 0.051347 1.473551 
3177 0.050036 1.473952 
3178 0.048754 1.474352 
3179 0.047502 1.474752 
3180 0.046279 1.475152 
3181 0.045084 1.475551 
3182 0.043918 1.475951 
3183 0.042778 1.476351 
3184 0.041665 1.476750 
3185 0.040579 1.477150 
3186 0.039517 1.477549 
3187 0.038482 1.477948 
3188 0.037470 1.478348 
3189 0.036483 1.478747 
3190 0.035519 1.479146 
3191 0.034578 1.479544 
3192 0.033660 1.479943 
3193 0.032764 1.480342 
3194 0.031890 1.480741 
3195 0.031037 1.481139 
3196 0.030205 1.481538 
3197 0.029393 1.481936 
3198 0.028600 1.482334 
3199 0.027828 1.482732 
3200 0.027074 1.483130 
3201 0.026339 1.483528 
3202 0.025622 1.483926 
3203 0.024923 1.484324 
3204 0.024241 1.484722 
3205 0.023576 1.485119 
3206 0.022928 1.485517 
3207 0.022297 1.485914 
3208 0.021681 1.486311 
3209 0.021081 1.486709 
3210 0.020496 1.487106 
3211 0.019925 1.487503 
3212 0.019370 1.487900 
3213 0.018828 1.488297 
3214 0.018301 1.488693 
3215 0.017787 1.489090 
3216 0.017286 1.489487 
3217 0.016798 1.489883 
3218 0.016323 1.490279 
3219 0.015860 1.490676 
3220 0.015409 1.491072 
3221 0.014970 1.491468 
3222 0.014543 1.491864 
3223 0.014126 1.492260 
3224 0.013721 1.492656 
3225 0.013327 1.493051 
3226 0.012943 1.493447 
3227 0.012569 1.493843 
3228 0.012205 1.494238 
3229 0.011850 1.494633 
3230 0.011506 1.495029 
3231 0.011170 1.495424 
3232 0.010844 1.495819 
3233 0.010526 1.496214 
3234 0.010217 1.496609 
3235 0.009917 1.497004 
3236 0.009624 1.497398 
3237 0.009340 1.497793 
3238 0.009063 1.498187 
3239 0.008794 1.498582 
3240 0.008532 1.498976 
3241 0.008278 1.499370 
3242 0.008030 1.499765 
3243 0.007790 1.500159 
3244 0.007556 1.500553 
3245 0.007329 1.500946 
3246 0.007108 1.501340 
3247 0.006893 1.501734 
3248 0.006684 1.502127 
3249 0.006481 1.502521 
3250 0.006284 1.502914 
3251 0.006092 1.503308 
3252 0.005906 1.503701 
3253 0.005725 1.504094 
3254 0.005550 1.504487 
3255 0.005379 1.504880 
3256 0.005213 1.505273 
3257 0.005052 1.505665 
3258 0.004896 1.506058 
3259 0.004744 1.506451 
3260 0.004596 1.506843 
3261 0.004453 1.507235 
3262 0.004314 1.507628 
3263 0.004179 1.508020 
3264 0.004048 1.508412 
3265 0.003921 1.508804 
3266 0.003797 1.509196 
3267 0.003678 1.509587 
3268 0.003561 1.509979 
3269 0.003448 1.510371 
3270 0.003339 1.510762 
3271 0.003233 1.511154 
3272 0.003130 1.511545 
3273 0.003030 1.511936 
3274 0.002933 1.512327 
3275 0.002838 1.512718 
3276 0.002747 1.513109 
3277 0.002659 1.513500 
3278 0.002573 1.513891 
3279 0.002490 1.514282 
3280 0.002409 1.514672 
3281 0.002331 1.515063 
3282 0.002255 1.515453 
3283 0.002181 1.515843 
3284 0.002110 1.516233 
3285 0.002041 1.516624 
3286 0.001974 1.517014 
3287 0.001909 1.517403 
3288 0.001846 1.517793 
3289 0.001785 1.518183 
3290 0.001726 1.518573 
3291 0.001669 1.518962 
3292 0.001613 1.519351 
3293 0.001560 1.519741 
3294 0.001508 1.520130 
3295 0.001457 1.520519 
3296 0.001408 1.520908 
3297 0.001361 1.521297 
3298 0.001315 1.521686 
3299 0.001271 1.522075 
3300 0.001228 1.522463 
3301 0.001187 1.522852 
3302 0.001146 1.523240 
3303 0.001108 1.523629 
3304 0.001070 1.524017 
3305 0.001033 1.524405 
3306 0.000998 1.524793 
3307 0.000964 1.525181 
3308 0.000931 1.525569 
3309 0.000899 1.525957 
3310 0.000868 1.526345 
3311 0.000838 1.526732 
3312 0.000809 1.527120 
3313 0.000781 1.527507 
3314 0.000754 1.527895 
3315 0.000728 1.528282 
3316 0.000702 1.528669 
3317 0.000678 1.529056 
3318 0.000654 1.529443 
3319 0.000631 1.529830 
3320 0.000609 1.530217 
3321 0.000588 1.530603 
3322 0.000567 1.530990 
3323 0.000547 1.531376 
3324 0.000528 1.531763 
3325 0.000509 1.532149 
3326 0.000491 1.532535 
3327 0.000474 1.532921 
3328 0.000457 1.533307 
3329 0.000440 1.533693 
3330 0.000425 1.534079 
3331 0.000409 1.534465 
3332 0.000395 1.534850 
3333 0.000381 1.535236 
3334 0.000367 1.535621 
3335 0.000354 1.536007 
3336 0.000341 1.536392 
3337 0.000329 1.536777 
3338 0.000317 1.537162 
3339 0.000305 1.537547 
3340 0.000294 1.537932 
3341 0.000283 1.538316 
3342 0.000273 1.538701 
3343 0.000263 1.539086 
3344 0.000253 1.539470 
3345 0.000244 1.539854 
3346 0.000235 1.540239 
3347 0.000226 1.540623 
3348 0.000218 1.541007 
3349 0.000210 1.541391 
3350 0.000202 1.541775 
3351 0.000195 1.542159 
3352 0.000187 1.542542 
3353 0.000180 1.542926 
3354 0.000174 1.543309 
3355 0.000167 1.543693 
3356 0.000161 1.544076 
3357 0.000155 1.544459 
3358 0.000149 1.544842 
3359 0.000143 1.545225 
3360 0.000138 1.545608 
3361 0.000133 1.545991 
3362 0.000128 1.546374 
3363 0.000123 1.546756 
3364 0.000118 1.547139 
3365 0.000114 1.547521 
3366 0.000109 1.547904 
3367 0.000105 1.548286 
3368 0.000101 1.548668 
3369 0.000097 1.549050 
3370 0.000094 1.549432 
3371 0.000090 1.549814 
3372 0.000087 1.550196 
3373 0.000083 1.550577 
3374 0.000080 1.550959 
3375 0.000077 1.551340 
3376 0.000074 1.551722 
3377 0.000071 1.552103 
3378 0.000068 1.552484 
3379 0.000066 1.552865 
3380 0.000063 1.553246 
3381 0.000061 1.553627 
3382 0.000058 1.554008 
3383 0.000056 1.554388 
3384 0.000054 1.554769 
3385 0.000052 1.555149 
3386 0.000050 1.555530 
3387 0.000048 1.555910 
3388 0.000046 1.556290 
3389 0.000044 1.556670 
3390 0.000042 1.557050 
3391 0.000040 1.557430 
3392 0.000039 1.557810 
3393 0.000037 1.558190 
3394 0.000036 1.558570 
3395 0.000034 1.558949 
3396 0.000033 1.559328 
3397 0.000032 1.559708 
3398 0.000030 1.560087 
3399 0.000029 1.560466 
3400 0.000028 1.560845 
3401 0.000027 1.561224 
3402 0.000026 1.561603 
3403 0.000025 1.561982 
3404 0.000024 1.562360 
3405 0.000023 1.562739 
3406 0.000022 1.563117 
3407 0.000021 1.563496 
3408 0.000020 1.563874 
3409 0.000019 1.564252 
3410 0.000018 1.564630 
3411 0.000018 1.565008 
3412 0.000017 1.565386 
3413 0.000016 1.565764 
3414 0.000016 1.566141 
3415 0.000015 1.566519 
3416 0.000014 1.566896 
3417 0.000014 1.567274 
3418 0.000013 1.567651 
3419 0.000013 1.568028 
3420 0.000012 1.568405 
3421 0.000012 1.568782 
3422 0.000011 1.569159 
3423 0.000011 1.569536 
3424 0.000010 1.569912 
3425 0.000010 1.570289 
3426 0.000009 1.570666 
3427 0.000009 1.571042 
3428 0.000009 1.571418 
3429 0.000008 1.571794 
3430 0.000008 1.572170 
3431 0.000008 1.572546 
3432 0.000007 1.572922 
3433 0.000007 1.573298 
3434 0.000007 1.573674 
3435 0.000006 1.574049 
3436 0.000006 1.574425 
3437 0.000006 1.574800 
3438 0.000006 1.575176 
3439 0.000005 1.575551 
3440 0.000005 1.575926 
3441 0.000005 1.576301 
3442 0.000005 1.576676 
3443 0.000004 1.577051 
3444 0.000004 1.577425 
3445 0.000004 1.577800 
3446 0.000004 1.578175 
3447 0.000004 1.578549 
3448 0.000004 1.578923 
3449 0.000003 1.579298 
3450 0.000003 1.579672 
3451 0.000003 1.580046 
3452 0.000003 1.580420 
3453 0.000003 1.580793 
3454 0.000003 1.581167 
3455 0.000003 1.581541 
3456 0.000002 1.581914 
3457 0.000002 1.582288 
3458 0.000002 1.582661 
3459 0.000002 1.583034 
3460 0.000002 1.583407 
3461 0.000002 1.583780 
3462 0.000002 1.584153 
3463 0.000002 1.584526 
3464 0.000002 1.584899 
3465 0.000002 1.585272 
3466 0.000002 1.585644 
3467 0.000002 1.586017 
3468 0.000001 1.586389 
3469 0.000001 1.586761 
3470 0.000001 1.587133 
3471 0.000001 1.587505 
3472 0.000001 1.587877 
3473 0.000001 1.588249 
3474 0.000001 1.588621 
3475 0.000001 1.588993 
3476 0.000001 1.589364 
3477 0.000001 1.589736 
3478 0.000001 1.590107 
3479 0.000001 1.590478 
3480 0.000001 1.590849 
3481 0.000001 1.591220 
3482 0.000001 1.591591 
3483 0.000001 1.591962 
3484 0.000001 1.592333 
3485 0.000001 1.592704 
3486 0.000001 1.593074 
3487 0.000001 1.593445 
3488 0.000001 1.593815 
3489 0.000001 1.594185 
3490 0.000001 1.594555 
3491 0.000000 1.594925 
3492 0.000000 1.595295 
3493 0.000000 1.595665 
3494 0.000000 1.596035 
3495 0.000000 1.596405 
3496 0.000000 1.596774 
3497 0.000000 1.597144 
3498 0.000000 1.597513 
3499 0.000000 1.597882 
3500 0.000000 1.598251 
3501 0.000000 1.598620 
3502 0.000000 1.598989 
3503 0.000000 1.599358 
3504 0.000000 1.599727 
3505 0.000000 1.600096 
3506 0.000000 1.600464 
3507 0.000000 1.600833 
3508 0.000000 1.601201 
3509 0.000000 1.601569 
3510 0.000000 1.601937 
3511 0.000000 1.602305 
3512 0.000000 1.602673 
3513 0.000000 1.603041 
3514 0.000000 1.603409 
3515 0.000000 1.603777 
3516 0.000000 1.604144 
3517 0.000000 1.604512 
3518 0.000000 1.604879 
3519 0.000000 1.605246 
3520 0.000000 1.605613 
3521 0.000000 1.605981 
3522 0.000000 1.606347 
3523 0.000000 1.606714 
3524 0.000000 1.607081 
3525 0.000000 1.607448 
3526 0.000000 1.607814 
3527 0.000000 1.608181 
3528 0.000000 1.608547 
3529 0.000000 1.608913 
3530 0.000000 1.609279 
3531 0.000000 1.609646 
3532 0.000000 1.610011 
3533 0.000000 1.610377 
3534 0.000000 1.610743 
3535 0.000000 1.611109 
3536 0.000000 1.611474 
3537 0.000000 1.611840 
3538 0.000000 1.612205 
3539 0.000000 1.612570 
3540 0.000000 1.612935 
3541 0.000000 1.613300 
3542 0.000000 1.613665 
3543 0.000000 1.614030 
3544 0.000000 1.614395 
3545 0.000000 1.614760 
3546 0.000000 1.615124 
3547 0.000000 1.615489 
3548 0.000000 1.615853 
3549 0.000000 1.616217 
3550 0.000000 1.616581 
3551 0.000000 1.616945 
3552 0.000000 1.617309 
3553 0.000000 1.617673 
3554 0.000000 1.618037 
3555 0.000000 1.618400 
3556 0.000000 1.618764 
3557 0.000000 1.619127 
3558 0.000000 1.619491 
3559 0.000000 1.619854 
3560 0.000000 1.620217 
3561 0.000000 1.620580 
3562 0.000000 1.620943 
3563 0.000000 1.621306 
3564 0.000000 1.621669 
3565 0.000000 1.622031 
3566 0.000000 1.622394 
3567 0.000000 1.622756 
3568 0.000000 1.623118 
3569 0.000000 1.623481 
3570 0.000000 1.623843 
3571 0.000000 1.624205 
3572 0.000000 1.624567 
3573 0.000000 1.624928 
3574 0.000000 1.625290 
3575 0.000000 1.625652 
3576 0.000000 1.626013 
3577 0.000000 1.626375 
3578 0.000000 1.626736 
3579 0.000000 1.627097 
3580 0.000000 1.627458 
3581 0.000000 1.627819 
3582 0.000000 1.628180 
3583 0.000000 1.628541 
3584 0.000000 1.628902 
3585 0.000000 1.629262 
3586 0.000000 1.629623 
3587 0.000000 1.629983 
3588 0.000000 1.630343 
3589 0.000000 1.630703 
3590 0.000000 1.631064 
3591 0.000000 1.631424 
3592 0.000000 1.631783 
3593 0.000000 1.632143 
3594 0.000000 1.632503 
3595 0.000000 1.632862 
3596 0.000000 1.633222 
3597 0.000000 1.633581 
3598 0.000000 1.633940 
3599 0.000000 1.634300 
3600 0.000000 1.634659 
3601 0.000000 1.635018 
3602 0.000000 1.635376 
3603 0.000000 1.635735 
3604 0.000000 1.636094 
3605 0.000000 1.636452 
3606 0.000000 1.636811 
3607 0.000000 1.637169 
3608 0.000000 1.637527 
3609 0.000000 1.637886 
3610 0.000000 1.638244 
3611 0.000000 1.638602 
3612 0.000000 1.638959 
3613 0.000000 1.639317 
3614 0.000000 1.639675 
3615 0.000000 1.640032 
3616 0.000000 1.640390 
3617 0.000000 1.640747 
3618 0.000000 1.641104 
3619 0.000000 1.641461 
3620 0.000000 1.641818 
3621 0.000000 1.642175 
3622 0.000000 1.642532 
3623 0.000000 1.642889 
3624 0.000000 1.643245 
3625 0.000000 1.643602 
3626 0.000000 1.643958 
3627 0.000000 1.644314 
3628 0.000000 1.644671 
3629 0.000000 1.645027 
3630 0.000000 1.645383 
3631 0.000000 1.645739 
3632 0.000000 1.646094 
3633 0.000000 1.646450 
3634 0.000000 1.646806 
3635 0.000000 1.647161 
3636 0.000000 1.647516 
3637 0.000000 1.647872 
3638 0.000000 1.648227 
3639 0.000000 1.648582 
3640 0.000000 1.648937 
3641 0.000000 1.649292 
3642 0.000000 1.649646 
3643 0.000000 1.650001 
3644 0.000000 1.650356 
3645 0.000000 1.650710 
3646 0.000000 1.651064 
3647 0.000000 1.651419 
3648 0.000000 1.651773 
3649 0.000000 1.652127 
3650 0.000000 1.652481 
3651 0.000000 1.652834 
3652 0.000000 1.653188 
3653 0.000000 1.653542 
3654 0.000000 1.653895 
3655 0.000000 1.654249 
3656 0.000000 1.654602 
3657 0.000000 1.654955 
3658 0.000000 1.655308 
3659 0.000000 1.655661 
3660 0.000000 1.656014 
3661 0.000000 1.656367 
3662 0.000000 1.656720 
3663 0.000000 1.657072 
3664 0.000000 1.657425 
3665 0.000000 1.657777 
3666 0.000000 1.658129 
3667 0.000000 1.658481 
3668 0.000000 1.658833 
3669 0.000000 1.659185 
3670 0.000000 1.659537 
3671 0.000000 1.659889 
3672 0.000000 1.660241 
3673 0.000000 1.660592 
3674 0.000000 1.660944 
3675 0.000000 1.661295 
3676 0.000000 1.661646 
3677 0.000000 1.661997 
3678 0.000000 1.662348 
3679 0.000000 1.662699 
3680 0.000000 1.663050 
3681 0.000000 1.663401 
3682 0.000000 1.663751 
3683 0.000000 1.664102 
3684 0.000000 1.664452 
3685 0.000000 1.664803 
3686 0.000000 1.665153 
3687 0.000000 1.665503 
3688 0.000000 1.665853 
3689 0.000000 1.666203 
3690 0.000000 1.666552 
3691 0.000000 1.666902 
3692 0.000000 1.667252 
3693 0.000000 1.667601 
3694 0.000000 1.667950 
3695 0.000000 1.668300 
3696 0.000000 1.668649 
3697 0.000000 1.668998 
3698 0.000000 1.669347 
3699 0.000000 1.669696 
3700 0.000000 1.670044 
3701 0.000000 1.670393 
3702 0.000000 1.670742 
3703 0.000000 1.671090 
3704 0.000000 1.671438 
3705 0.000000 1.671786 
3706 0.000000 1.672135 
3707 0.000000 1.672483 
3708 0.000000 1.672830 
3709 0.000000 1.673178 
3710 0.000000 1.673526 
3711 0.000000 1.673874 
3712 0.000000 1.674221 
3713 0.000000 1.674568 
3714 0.000000 1.674916 
3715 0.000000 1.675263 
3716 0.000000 1.675610 
3717 0.000000 1.675957 
3718 0.000000 1.676304 
3719 0.000000 1.676650 
3720 0.000000 1.676997 
3721 0.000000 1.677344 
3722 0.000000 1.677690 
3723 0.000000 1.678036 
3724 0.000000 1.678383 
3725 0.000000 1.678729 
3726 0.000000 1.679075 
3727 0.000000 1.679421 
3728 0.000000 1.679766 
3729 0.000000 1.680112 
3730 0.000000 1.680458 
3731 0.000000 1.680803 
3732 0.000000 1.681148 
3733 0.000000 1.681494 
3734 0.000000 1.681839 
3735 0.000000 1.682184 
3736 0.000000 1.682529 
3737 0.000000 1.682874 
3738 0.000000 1.683219 
3739 0.000000 1.683563 
3740 0.000000 1.683908 
3741 0.000000 1.684252 
3742 0.000000 1.684596 
3743 0.000000 1.684941 
3744 0.000000 1.685285 
3745 0.000000 1.685629 
3746 0.000000 1.685973 
3747 0.000000 1.686316 
3748 0.000000 1.686660 
3749 0.000000 1.687004 
3750 0.000000 1.687347 
3751 0.000000 1.687691 
3752 0.000000 1.688034 
3753 0.000000 1.688377 
3754 0.000000 1.688720 
3755 0.000000 1.689063 
3756 0.000000 1.689406 
3757 0.000000 1.689749 
3758 0.000000 1.690091 
3759 0.000000 1.690434 
3760 0.000000 1.690776 
3761 0.000000 1.691119 
3762 0.000000 1.691461 
3763 0.000000 1.691803 
3764 0.000000 1.692145 
3765 0.000000 1.692487 
3766 0.000000 1.692829 
3767 0.000000 1.693170 
3768 0.000000 1.693512 
3769 0.000000 1.693853 
3770 0.000000 1.694195 
3771 0.000000 1.694536 
3772 0.000000 1.694877 
3773 0.000000 1.695218 
3774 0.000000 1.695559 
3775 0.000000 1.695900 
3776 0.000000 1.696241 
3777 0.000000 1.696581 
3778 0.000000 1.696922 
3779 0.000000 1.697262 
3780 0.000000 1.697603 
3781 0.000000 1.697943 
3782 0.000000 1.698283 
3783 0.000000 1.698623 
3784 0.000000 1.698963 
3785 0.000000 1.699303 
3786 0.000000 1.699642 
3787 0.000000 1.699982 
3788 0.000000 1.700321 
3789 0.000000 1.700661 
3790 0.000000 1.701000 
3791 0.000000 1.701339 
3792 0.000000 1.701678 
3793 0.000000 1.702017 
3794 0.000000 1.702356 
3795 0.000000 1.702694 
3796 0.000000 1.703033 
3797 0.000000 1.703372 
3798 0.000000 1.703710 
3799 0.000000 1.704048 
3800 0.000000 1.704386 
3801 0.000000 1.704725 
3802 0.000000 1.705062 
3803 0.000000 1.705400 
3804 0.000000 1.705738 
3805 0.000000 1.706076 
3806 0.000000 1.706413 
3807 0.000000 1.706751 
3808 0.000000 1.707088 
3809 0.000000 1.707425 
3810 0.000000 1.707762 
3811 0.000000 1.708099 
3812 0.000000 1.708436 
3813 0.000000 1.708773 
3814 0.000000 1.709110 
3815 0.000000 1.709446 
3816 0.000000 1.709783 
3817 0.000000 1.710119 
3818 0.000000 1.710455 
3819 0.000000 1.710792 
3820 0.000000 1.711128 
3821 0.000000 1.711464 
3822 0.000000 1.711799 
3823 0.000000 1.712135 
3824 0.000000 1.712471 
3825 0.000000 1.712806 
3826 0.000000 1.713142 
3827 0.000000 1.713477 
3828 0.000000 1.713812 
3829 0.000000 1.714147 
3830 0.000000 1.714482 
3831 0.000000 1.714817 
3832 0.000000 1.715152 
3833 0.000000 1.715487 
3834 0.000000 1.715821 
3835 0.000000 1.716156 
3836 0.000000 1.716490 
3837 0.000000 1.716824 
3838 0.000000 1.717158 
3839 0.000000 1.717492 
3840 0.000000 1.717826 
3841 0.000000 1.718160 
3842 0.000000 1.718494 
3843 0.000000 1.718827 
3844 0.000000 1.719161 
3845 0.000000 1.719494 
3846 0.000000 1.719827 
3847 0.000000 1.720161 
3848 0.000000 1.720494 
3849 0.000000 1.720826 
3850 0.000000 1.721159 
3851 0.000000 1.721492 
3852 0.000000 1.721825 
3853 0.000000 1.722157 
3854 0.000000 1.722490 
3855 0.000000 1.722822 
3856 0.000000 1.723154 
3857 0.000000 1.723486 
3858 0.000000 1.723818 
3859 0.000000 1.724150 
3860 0.000000 1.724482 
3861 0.000000 1.724813 
3862 0.000000 1.725145 
3863 0.000000 1.725476 
3864 0.000000 1.725808 
3865 0.000000 1.726139 
3866 0.000000 1.726470 
3867 0.000000 1.726801 
3868 0.000000 1.727132 
3869 0.000000 1.727463 
3870 0.000000 1.727793 
3871 0.000000 1.728124 
3872 0.000000 1.728454 
3873 0.000000 1.728785 
3874 0.000000 1.729115 
3875 0.000000 1.729445 
3876 0.000000 1.729775 
3877 0.000000 1.730105 
3878 0.000000 1.730435 
3879 0.000000 1.730765 
3880 0.000000 1.731094 
3881 0.000000 1.731424 
3882 0.000000 1.731753 
3883 0.000000 1.732082 
3884 0.000000 1.732411 
3885 0.000000 1.732740 
3886 0.000000 1.733069 
3887 0.000000 1.733398 
3888 0.000000 1.733727 
3889 0.000000 1.734056 
3890 0.000000 1.734384 
3891 0.000000 1.734713 
3892 0.000000 1.735041 
3893 0.000000 1.735369 
3894 0.000000 1.735697 
3895 0.000000 1.736025 
3896 0.000000 1.736353 
3897 0.000000 1.736681 
3898 0.000000 1.737008 
3899 0.000000 1.737336 
3900 0.000000 1.737663 
3901 0.000000 1.737991 
3902 0.000000 1.738318 
3903 0.000000 1.738645 
3904 0.000000 1.738972 
3905 0.000000 1.739299 
3906 0.000000 1.739626 
3907 0.000000 1.739952 
3908 0.000000 1.740279 
3909 0.000000 1.740605 
3910 0.000000 1.740932 
3911 0.000000 1.741258 
3912 0.000000 1.741584 
3913 0.000000 1.741910 
3914 0.000000 1.742236 
3915 0.000000 1.742562 
3916 0.000000 1.742887 
3917 0.000000 1.743213 
3918 0.000000 1.743538 
3919 0.000000 1.743864 
3920 0.000000 1.744189 
3921 0.000000 1.744514 
3922 0.000000 1.744839 
3923 0.000000 1.745164 
3924 0.000000 1.745489 
3925 0.000000 1.745814 
3926 0.000000 1.746138 
3927 0.000000 1.746463 
3928 0.000000 1.746787 
3929 0.000000 1.747111 
3930 0.000000 1.747435 
3931 0.000000 1.747760 
3932 0.000000 1.748083 
3933 0.000000 1.748407 
3934 0.000000 1.748731 
3935 0.000000 1.749055 
3936 0.000000 1.749378 
3937 0.000000 1.749702 
3938 0.000000 1.750025 
3939 0.000000 1.750348 
3940 0.000000 1.750671 
3941 0.000000 1.750994 
3942 0.000000 1.751317 
3943 0.000000 1.751640 
3944 0.000000 1.751962 
3945 0.000000 1.752285 
3946 0.000000 1.752607 
3947 0.000000 1.752929 
3948 0.000000 1.753252 
3949 0.000000 1.753574 
3950 0.000000 1.753896 
3951 0.000000 1.754218 
3952 0.000000 1.754539 
3953 0.000000 1.754861 
3954 0.000000 1.755183 
3955 0.000000 1.755504 
3956 0.000000 1.755825 
3957 0.000000 1.756146 
3958 0.000000 1.756468 
3959 0.000000 1.756789 
3960 0.000000 1.757109 
3961 0.000000 1.757430 
3962 0.000000 1.757751 
3963 0.000000 1.758071 
3964 0.000000 1.758392 
3965 0.000000 1.758712 
3966 0.000000 1.759032 
3967 0.000000 1.759352 
3968 0.000000 1.759672 
3969 0.000000 1.759992 
3970 0.000000 1.760312 
3971 0.000000 1.760632 
3972 0.000000 1.760951 
3973 0.000000 1.761271 
3974 0.000000 1.761590 
3975 0.000000 1.761909 
3976 0.000000 1.762228 
3977 0.000000 1.762547 
3978 0.000000 1.762866 
3979 0.000000 1.763185 
3980 0.000000 1.763504 
3981 0.000000 1.763822 
3982 0.000000 1.764141 
3983 0.000000 1.764459 
3984 0.000000 1.764777 
3985 0.000000 1.765096 
3986 0.000000 1.765414 
3987 0.000000 1.765731 
3988 0.000000 1.766049 
3989 0.000000 1.766367 
3990 0.000000 1.766684 
3991 0.000000 1.767002 
3992 0.000000 1.767319 
3993 0.000000 1.767637 
3994 0.000000 1.767954 
3995 0.000000 1.768271 
3996 0.000000 1.768588 
3997 0.000000 1.768904 
3998 0.000000 1.769221 
3999 0.000000 1.769538 
4000 0.000000 1.769854 
