0 0.000000 0.000000 
1 0.000000 0.000000 
2 0.000000 0.000000 
3 0.000000 0.000000 
4 0.000000 0.000000 
5 0.000000 0.000000 
6 0.000000 0.000000 
7 0.000000 0.000000 
8 0.000000 0.000000 
9 0.000000 0.000000 
10 0.000000 0.000000 
11 0.000000 0.000000 
12 0.000000 0.000000 
13 0.000000 0.000000 
14 0.000000 0.000000 
15 0.000000 0.000000 
16 0.000000 0.000000 
17 0.000000 0.000000 
18 0.000000 0.000000 
19 0.000000 0.000000 
20 0.000000 0.000000 
21 0.000000 0.000000 
22 0.000000 0.000000 
23 0.000000 0.000000 
24 0.000000 0.000000 
25 0.000000 0.000000 
26 0.000000 0.000000 
27 0.000000 0.000000 
28 0.000000 0.000000 
29 0.000000 0.000000 
30 0.000000 0.000000 
31 0.000000 0.000000 
32 0.000000 0.000000 
33 0.000000 0.000000 
34 0.000000 0.000000 
35 0.000000 0.000000 
36 0.000000 0.000000 
37 0.000000 0.000000 
38 0.000000 0.000000 
39 0.000000 0.000000 
40 0.000000 0.000000 
41 0.000000 0.000000 
42 0.000000 0.000000 
43 0.000000 0.000000 
44 0.000000 0.000000 
45 0.000000 0.000000 
46 0.000000 0.000000 
47 0.000000 0.000000 
48 0.000000 0.000000 
49 0.000000 0.000000 
50 0.000000 0.000000 
51 0.000000 0.000000 
52 0.000000 0.000000 
53 0.000000 0.000000 
54 0.000000 0.000000 
55 0.000000 0.000000 
56 0.000000 0.000000 
57 0.000000 0.000000 
58 0.000000 0.000000 
59 0.000000 0.000000 
60 0.000000 0.000000 
61 0.000000 0.000000 
62 0.000000 0.000000 
63 0.000000 0.000000 
64 0.000000 0.000000 
65 0.000000 0.000000 
66 0.000000 0.000000 
67 0.000000 0.000000 
68 0.000000 0.000000 
69 0.000000 0.000000 
70 0.000000 0.000000 
71 0.000000 0.000000 
72 0.000000 0.000000 
73 0.000000 0.000000 
74 0.000000 0.000000 
75 0.000000 0.000000 
76 0.000000 0.000000 
77 0.000000 0.000000 
78 0.000000 0.000000 
79 0.000000 0.000000 
80 0.000000 0.000000 
81 0.000000 0.000000 
82 0.000000 0.000000 
83 0.000000 0.000000 
84 0.000000 0.000000 
85 0.000000 0.000000 
86 0.000000 0.000000 
87 0.000000 0.000000 
88 0.000000 0.000000 
89 0.000000 0.000000 
90 0.000000 0.000000 
91 0.000000 0.000000 
92 0.000000 0.000000 
93 0.000000 0.000000 
94 0.000000 0.000000 
95 0.000000 0.000000 
96 0.000000 0.000000 
97 0.000000 0.000000 
98 0.000000 0.000000 
99 0.000000 0.000000 
100 0.000000 0.000000 
101 0.000000 0.000000 
102 0.000000 0.000000 
103 0.000000 0.000000 
104 0.000000 0.000000 
105 0.000000 0.000000 
106 0.000000 0.000000 
107 0.000000 0.000000 
108 0.000000 0.000000 
109 0.000000 0.000000 
110 0.000000 0.000000 
111 0.000000 0.000000 
112 0.000000 0.000000 
113 0.000000 0.000000 
114 0.000000 0.000000 
115 0.000000 0.000000 
116 0.000000 0.000000 
117 0.000000 0.000000 
118 0.000000 0.000000 
119 0.000000 0.000000 
120 0.000000 0.000000 
121 0.000000 0.000000 
122 0.000000 0.000000 
123 0.000000 0.000000 
124 0.000000 0.000000 
125 0.000000 0.000000 
126 0.000000 0.000000 
127 0.000000 0.000000 
128 0.000000 0.000000 
129 0.000000 0.000000 
130 0.000000 0.000000 
131 0.000000 0.000000 
132 0.000000 0.000000 
133 0.000000 0.000000 
134 0.000000 0.000000 
135 0.000000 0.000000 
136 0.000000 0.000000 
137 0.000000 0.000000 
138 0.000000 0.000000 
139 0.000000 0.000000 
140 0.000000 0.000000 
141 0.000000 0.000000 
142 0.000000 0.000000 
143 0.000000 0.000000 
144 0.000000 0.000000 
145 0.000000 0.000000 
146 0.000000 0.000000 
147 0.000000 0.000000 
148 0.000000 0.000000 
149 0.000000 0.000000 
150 0.000000 0.000000 
151 0.000000 0.000000 
152 0.000000 0.000000 
153 0.000000 0.000000 
154 0.000000 0.000000 
155 0.000000 0.000000 
156 0.000000 0.000000 
157 0.000000 0.000000 
158 0.000000 0.000000 
159 0.000000 0.000000 
160 0.000000 0.000000 
161 0.000000 0.000000 
162 0.000000 0.000000 
163 0.000000 0.000000 
164 0.000000 0.000000 
165 0.000000 0.000000 
166 0.000000 0.000000 
167 0.000000 0.000000 
168 0.000000 0.000000 
169 0.000000 0.000000 
170 0.000000 0.000000 
171 0.000000 0.000000 
172 0.000000 0.000000 
173 0.000000 0.000000 
174 0.000000 0.000000 
175 0.000000 0.000000 
176 0.000000 0.000000 
177 0.000000 0.000000 
178 0.000000 0.000000 
179 0.000000 0.000000 
180 0.000000 0.000000 
181 0.000000 0.000000 
182 0.000000 0.000000 
183 0.000000 0.000000 
184 0.000000 0.000000 
185 0.000000 0.000000 
186 0.000000 0.000000 
187 0.000000 0.000000 
188 0.000000 0.000000 
189 0.000000 0.000000 
190 0.000000 0.000000 
191 0.000000 0.000000 
192 0.000000 0.000000 
193 0.000000 0.000000 
194 0.000000 0.000000 
195 0.000000 0.000000 
196 0.000000 0.000000 
197 0.000000 0.000000 
198 0.000000 0.000000 
199 0.000000 0.000000 
200 0.000000 0.000000 
201 0.000000 0.000000 
202 0.000000 0.000000 
203 0.000000 0.000000 
204 0.000000 0.000000 
205 0.000000 0.000000 
206 0.000000 0.000000 
207 0.000000 0.000000 
208 0.000000 0.000000 
209 0.000000 0.000000 
210 0.000000 0.000000 
211 0.000000 0.000000 
212 0.000000 0.000000 
213 0.000000 0.000000 
214 0.000000 0.000000 
215 0.000000 0.000000 
216 0.000000 0.000000 
217 0.000000 0.000000 
218 0.000000 0.000000 
219 0.000000 0.000000 
220 0.000000 0.000000 
221 0.000000 0.000000 
222 0.000000 0.000000 
223 0.000000 0.000000 
224 0.000000 0.000000 
225 0.000000 0.000000 
226 0.000000 0.000000 
227 0.000000 0.000000 
228 0.000000 0.000000 
229 0.000000 0.000000 
230 0.000000 0.000000 
231 0.000000 0.000000 
232 0.000000 0.000000 
233 0.000000 0.000000 
234 0.000000 0.000000 
235 0.000000 0.000000 
236 0.000000 0.000000 
237 0.000000 0.000000 
238 0.000000 0.000000 
239 0.000000 0.000000 
240 0.000000 0.000000 
241 0.000000 0.000000 
242 0.000000 0.000000 
243 0.000000 0.000000 
244 0.000000 0.000000 
245 0.000000 0.000000 
246 0.000000 0.000000 
247 0.000000 0.000000 
248 0.000000 0.000000 
249 0.000000 0.000000 
250 0.000000 0.000000 
251 0.000000 0.000000 
252 0.000000 0.000000 
253 0.000000 0.000000 
254 0.000000 0.000000 
255 0.000000 0.000000 
256 0.000000 0.000000 
257 0.000000 0.000000 
258 0.000000 0.000000 
259 0.000000 0.000000 
260 0.000000 0.000000 
261 0.000000 0.000000 
262 0.000000 0.000000 
263 0.000000 0.000000 
264 0.000000 0.000000 
265 0.000000 0.000000 
266 0.000000 0.000000 
267 0.000000 0.000000 
268 0.000000 0.000000 
269 0.000000 0.000000 
270 0.000000 0.000000 
271 0.000000 0.000000 
272 0.000000 0.000000 
273 0.000000 0.000000 
274 0.000000 0.000000 
275 0.000000 0.000000 
276 0.000000 0.000000 
277 0.000000 0.000000 
278 0.000000 0.000000 
279 0.000000 0.000000 
280 0.000000 0.000000 
281 0.000000 0.000000 
282 0.000000 0.000000 
283 0.000000 0.000000 
284 0.000000 0.000000 
285 0.000000 0.000000 
286 0.000000 0.000000 
287 0.000000 0.000000 
288 0.000000 0.000000 
289 0.000000 0.000000 
290 0.000000 0.000000 
291 0.000000 0.000000 
292 0.000000 0.000000 
293 0.000000 0.000000 
294 0.000000 0.000000 
295 0.000000 0.000000 
296 0.000000 0.000000 
297 0.000000 0.000000 
298 0.000000 0.000000 
299 0.000000 0.000000 
300 0.000000 0.000000 
301 0.000000 0.000000 
302 0.000000 0.000000 
303 0.000000 0.000000 
304 0.000000 0.000000 
305 0.000000 0.000000 
306 0.000000 0.000000 
307 0.000000 0.000000 
308 0.000000 0.000000 
309 0.000000 0.000000 
310 0.000000 0.000000 
311 0.000000 0.000000 
312 0.000000 0.000000 
313 0.000000 0.000000 
314 0.000000 0.000000 
315 0.000000 0.000000 
316 0.000000 0.000000 
317 0.000000 0.000000 
318 0.000000 0.000000 
319 0.000000 0.000000 
320 0.000000 0.000000 
321 0.000000 0.000000 
322 0.000000 0.000000 
323 0.000000 0.000000 
324 0.000000 0.000000 
325 0.000000 0.000000 
326 0.000000 0.000000 
327 0.000000 0.000000 
328 0.000000 0.000000 
329 0.000000 0.000000 
330 0.000000 0.000000 
331 0.000000 0.000000 
332 0.000000 0.000000 
333 0.000000 0.000000 
334 0.000000 0.000000 
335 0.000000 0.000000 
336 0.000000 0.000000 
337 0.000000 0.000000 
338 0.000000 0.000000 
339 0.000000 0.000000 
340 0.000000 0.000000 
341 0.000000 0.000000 
342 0.000000 0.000000 
343 0.000000 0.000000 
344 0.000000 0.000000 
345 0.000000 0.000000 
346 0.000000 0.000000 
347 0.000000 0.000000 
348 0.000000 0.000000 
349 0.000001 0.000000 
350 0.000001 0.000000 
351 0.000001 0.000000 
352 0.000001 0.000000 
353 0.000001 0.000000 
354 0.000001 0.000000 
355 0.000001 0.000000 
356 0.000001 0.000000 
357 0.000001 0.000000 
358 0.000001 0.000000 
359 0.000001 0.000000 
360 0.000001 0.000000 
361 0.000001 0.000000 
362 0.000001 0.000000 
363 0.000001 0.000000 
364 0.000001 0.000000 
365 0.000001 0.000000 
366 0.000001 0.000000 
367 0.000001 0.000000 
368 0.000001 0.000000 
369 0.000001 0.000000 
370 0.000001 0.000000 
371 0.000001 0.000000 
372 0.000001 0.000000 
373 0.000001 0.000000 
374 0.000001 0.000000 
375 0.000002 0.000000 
376 0.000002 0.000000 
377 0.000002 0.000000 
378 0.000002 0.000000 
379 0.000002 0.000000 
380 0.000002 0.000000 
381 0.000002 0.000000 
382 0.000002 0.000000 
383 0.000002 0.000000 
384 0.000002 0.000000 
385 0.000002 0.000000 
386 0.000002 0.000000 
387 0.000003 0.000000 
388 0.000003 0.000000 
389 0.000003 0.000000 
390 0.000003 0.000000 
391 0.000003 0.000000 
392 0.000003 0.000000 
393 0.000003 0.000000 
394 0.000003 0.000000 
395 0.000003 0.000000 
396 0.000004 0.000000 
397 0.000004 0.000000 
398 0.000004 0.000000 
399 0.000004 0.000000 
400 0.000004 0.000000 
401 0.000004 0.000000 
402 0.000005 0.000000 
403 0.000005 0.000000 
404 0.000005 0.000000 
405 0.000005 0.000000 
406 0.000005 0.000000 
407 0.000006 0.000000 
408 0.000006 0.000000 
409 0.000006 0.000000 
410 0.000006 0.000000 
411 0.000007 0.000000 
412 0.000007 0.000000 
413 0.000007 0.000000 
414 0.000007 0.000000 
415 0.000008 0.000000 
416 0.000008 0.000000 
417 0.000008 0.000000 
418 0.000009 0.000000 
419 0.000009 0.000000 
420 0.000009 0.000000 
421 0.000010 0.000000 
422 0.000010 0.000000 
423 0.000011 0.000000 
424 0.000011 0.000000 
425 0.000011 0.000000 
426 0.000012 0.000000 
427 0.000012 0.000000 
428 0.000013 0.000000 
429 0.000013 0.000000 
430 0.000014 0.000000 
431 0.000015 0.000000 
432 0.000015 0.000000 
433 0.000016 0.000000 
434 0.000016 0.000000 
435 0.000017 0.000000 
436 0.000018 0.000000 
437 0.000018 0.000000 
438 0.000019 0.000000 
439 0.000020 0.000000 
440 0.000020 0.000000 
441 0.000021 0.000000 
442 0.000022 0.000000 
443 0.000023 0.000000 
444 0.000024 0.000000 
445 0.000025 0.000000 
446 0.000026 0.000000 
447 0.000027 0.000000 
448 0.000028 0.000000 
449 0.000029 0.000000 
450 0.000030 0.000000 
451 0.000031 0.000000 
452 0.000032 0.000000 
453 0.000033 0.000000 
454 0.000035 0.000000 
455 0.000036 0.000000 
456 0.000037 0.000000 
457 0.000039 0.000000 
458 0.000040 0.000000 
459 0.000042 0.000000 
460 0.000043 0.000000 
461 0.000045 0.000000 
462 0.000047 0.000000 
463 0.000048 0.000000 
464 0.000050 0.000000 
465 0.000052 0.000000 
466 0.000054 0.000000 
467 0.000056 0.000000 
468 0.000058 0.000000 
469 0.000060 0.000000 
470 0.000063 0.000000 
471 0.000065 0.000000 
472 0.000067 0.000000 
473 0.000070 0.000000 
474 0.000072 0.000000 
475 0.000075 0.000000 
476 0.000078 0.000000 
477 0.000081 0.000000 
478 0.000084 0.000000 
479 0.000087 0.000000 
480 0.000090 0.000000 
481 0.000093 0.000000 
482 0.000096 0.000000 
483 0.000100 0.000000 
484 0.000104 0.000000 
485 0.000107 0.000000 
486 0.000111 0.000000 
487 0.000115 0.000000 
488 0.000119 0.000000 
489 0.000124 0.000000 
490 0.000128 0.000000 
491 0.000133 0.000000 
492 0.000137 0.000000 
493 0.000142 0.000000 
494 0.000147 0.000000 
495 0.000153 0.000000 
496 0.000158 0.000000 
497 0.000164 0.000000 
498 0.000169 0.000000 
499 0.000175 0.000000 
500 0.000182 0.000000 
501 0.000188 0.000000 
502 0.000195 0.000000 
503 0.000201 0.000000 
504 0.000209 0.000000 
505 0.000216 0.000000 
506 0.000223 0.000000 
507 0.000231 0.000000 
508 0.000239 0.000000 
509 0.000247 0.000000 
510 0.000256 0.000000 
511 0.000265 0.000000 
512 0.000274 0.000000 
513 0.000284 0.000000 
514 0.000293 0.000000 
515 0.000303 0.000000 
516 0.000314 0.000000 
517 0.000325 0.000000 
518 0.000336 0.000000 
519 0.000347 0.000000 
520 0.000359 0.000000 
521 0.000371 0.000000 
522 0.000384 0.000000 
523 0.000397 0.000000 
524 0.000410 0.000000 
525 0.000424 0.000000 
526 0.000438 0.000000 
527 0.000453 0.000000 
528 0.000468 0.000000 
529 0.000484 0.000000 
530 0.000500 0.000000 
531 0.000517 0.000000 
532 0.000534 0.000000 
533 0.000552 0.000000 
534 0.000570 0.000000 
535 0.000589 0.000000 
536 0.000609 0.000000 
537 0.000629 0.000000 
538 0.000650 0.000000 
539 0.000671 0.000000 
540 0.000693 0.000000 
541 0.000716 0.000000 
542 0.000740 0.000000 
543 0.000764 0.000000 
544 0.000789 0.000000 
545 0.000814 0.000000 
546 0.000841 0.000000 
547 0.000868 0.000000 
548 0.000896 0.000000 
549 0.000925 0.000000 
550 0.000955 0.000000 
551 0.000986 0.000000 
552 0.001018 0.000000 
553 0.001051 0.000000 
554 0.001084 0.000000 
555 0.001119 0.000000 
556 0.001155 0.000000 
557 0.001192 0.000000 
558 0.001229 0.000000 
559 0.001269 0.000000 
560 0.001309 0.000000 
561 0.001350 0.000000 
562 0.001393 0.000000 
563 0.001437 0.000000 
564 0.001482 0.000000 
565 0.001529 0.000000 
566 0.001576 0.000000 
567 0.001626 0.000000 
568 0.001677 0.000000 
569 0.001729 0.000000 
570 0.001783 0.000000 
571 0.001838 0.000000 
572 0.001895 0.000000 
573 0.001954 0.000000 
574 0.002014 0.000000 
575 0.002076 0.000000 
576 0.002140 0.000000 
577 0.002205 0.000000 
578 0.002273 0.000000 
579 0.002343 0.000000 
580 0.002414 0.000000 
581 0.002488 0.000000 
582 0.002563 0.000000 
583 0.002641 0.000000 
584 0.002721 0.000000 
585 0.002803 0.000000 
586 0.002888 0.000000 
587 0.002975 0.000000 
588 0.003064 0.000000 
589 0.003156 0.000000 
590 0.003250 0.000000 
591 0.003348 0.000000 
592 0.003447 0.000000 
593 0.003550 0.000000 
594 0.003655 0.000000 
595 0.003764 0.000000 
596 0.003875 0.000000 
597 0.003989 0.000000 
598 0.004107 0.000000 
599 0.004228 0.000000 
600 0.004352 0.000000 
601 0.004479 0.000000 
602 0.004610 0.000000 
603 0.004744 0.000000 
604 0.004882 0.000000 
605 0.005024 0.000000 
606 0.005170 0.000000 
607 0.005319 0.000000 
608 0.005473 0.000000 
609 0.005630 0.000000 
610 0.005792 0.000000 
611 0.005958 0.000000 
612 0.006129 0.000000 
613 0.006304 0.000000 
614 0.006484 0.000000 
615 0.006668 0.000000 
616 0.006857 0.000000 
617 0.007052 0.000000 
618 0.007251 0.000000 
619 0.007455 0.000000 
620 0.007665 0.000000 
621 0.007881 0.000000 
622 0.008102 0.000000 
623 0.008328 0.000000 
624 0.008561 0.000000 
625 0.008799 0.000000 
626 0.009044 0.000000 
627 0.009295 0.000000 
628 0.009552 0.000000 
629 0.009816 0.000000 
630 0.010086 0.000000 
631 0.010364 0.000000 
632 0.010648 0.000000 
633 0.010940 0.000000 
634 0.011238 0.000000 
635 0.011545 0.000000 
636 0.011859 0.000000 
637 0.012181 0.000000 
638 0.012511 0.000000 
639 0.012849 0.000000 
640 0.013195 0.000000 
641 0.013550 0.000000 
642 0.013914 0.000000 
643 0.014287 0.000000 
644 0.014669 0.000000 
645 0.015060 0.000000 
646 0.015461 0.000000 
647 0.015871 0.000000 
648 0.016292 0.000000 
649 0.016723 0.000000 
650 0.017164 0.000000 
651 0.017615 0.000000 
652 0.018078 0.000000 
653 0.018552 0.000000 
654 0.019037 0.000000 
655 0.019533 0.000000 
656 0.020041 0.000000 
657 0.020562 0.000000 
658 0.021094 0.000000 
659 0.021639 0.000000 
660 0.022197 0.000000 
661 0.022769 0.000000 
662 0.023353 0.000000 
663 0.023951 0.000000 
664 0.024563 0.000000 
665 0.025189 0.000000 
666 0.025830 0.000000 
667 0.026485 0.000000 
668 0.027155 0.000000 
669 0.027841 0.000000 
670 0.028543 0.000000 
671 0.029260 0.000000 
672 0.029994 0.000000 
673 0.030744 0.000000 
674 0.031511 0.000000 
675 0.032296 0.000000 
676 0.033098 0.000000 
677 0.033918 0.000000 
678 0.034757 0.000000 
679 0.035614 0.000000 
680 0.036491 0.000000 
681 0.037386 0.000000 
682 0.038302 0.000000 
683 0.039237 0.000000 
684 0.040193 0.000000 
685 0.041170 0.000000 
686 0.042169 0.000000 
687 0.043189 0.000000 
688 0.044231 0.000000 
689 0.045296 0.000000 
690 0.046384 0.000000 
691 0.047495 0.000000 
692 0.048630 0.000000 
693 0.049789 0.000000 
694 0.050973 0.000000 
695 0.052182 0.000000 
696 0.053417 0.000000 
697 0.054677 0.000000 
698 0.055965 0.000000 
699 0.057279 0.000000 
700 0.058621 0.000000 
701 0.059990 0.000000 
702 0.061388 0.000000 
703 0.062816 0.000000 
704 0.064272 0.000000 
705 0.065759 0.000000 
706 0.067276 0.000000 
707 0.068824 0.000000 
708 0.070404 0.000000 
709 0.072016 0.000000 
710 0.073660 0.000000 
711 0.075338 0.000000 
712 0.077049 0.000000 
713 0.078795 0.000000 
714 0.080576 0.000000 
715 0.082392 0.000000 
716 0.084244 0.000000 
717 0.086133 0.000000 
718 0.088060 0.000000 
719 0.090024 0.000000 
720 0.092027 0.000000 
721 0.094068 0.000000 
722 0.096150 0.000000 
723 0.098272 0.000000 
724 0.100435 0.000000 
725 0.102640 0.000000 
726 0.104887 0.000000 
727 0.107177 0.000000 
728 0.109510 0.000000 
729 0.111889 0.000000 
730 0.114312 0.000000 
731 0.116781 0.000000 
732 0.119296 0.000000 
733 0.121859 0.000000 
734 0.124469 0.000000 
735 0.127128 0.000000 
736 0.129837 0.000000 
737 0.132595 0.000000 
738 0.135404 0.000000 
739 0.138265 0.000000 
740 0.141178 0.000000 
741 0.144144 0.000000 
742 0.147164 0.000000 
743 0.150239 0.000000 
744 0.153369 0.000000 
745 0.156555 0.000000 
746 0.159798 0.000000 
747 0.163099 0.000000 
748 0.166459 0.000000 
749 0.169878 0.000000 
750 0.173357 0.000000 
751 0.176897 0.000000 
752 0.180499 0.000000 
753 0.184164 0.000000 
754 0.187893 0.000000 
755 0.191686 0.000000 
756 0.195544 0.000000 
757 0.199468 0.000000 
758 0.203460 0.000000 
759 0.207519 0.000000 
760 0.211647 0.000000 
761 0.215845 0.000000 
762 0.220113 0.000000 
763 0.224453 0.000000 
764 0.228865 0.000000 
765 0.233351 0.000000 
766 0.237910 0.000000 
767 0.242545 0.000000 
768 0.247256 0.000000 
769 0.252044 0.000000 
770 0.256910 0.000000 
771 0.261854 0.000000 
772 0.266879 0.000000 
773 0.271984 0.000000 
774 0.277171 0.000000 
775 0.282440 0.000000 
776 0.287793 0.000000 
777 0.293231 0.000000 
778 0.298754 0.000000 
779 0.304363 0.000000 
780 0.310061 0.000000 
781 0.315846 0.000000 
782 0.321721 0.000000 
783 0.327686 0.000000 
784 0.333743 0.000000 
785 0.339892 0.000000 
786 0.346134 0.000000 
787 0.352471 0.000000 
788 0.358903 0.000000 
789 0.365431 0.000000 
790 0.372057 0.000000 
791 0.378781 0.000000 
792 0.385604 0.000000 
793 0.392528 0.000000 
794 0.399553 0.000000 
795 0.406680 0.000000 
796 0.413910 0.000000 
797 0.421245 0.000000 
798 0.428685 0.000000 
799 0.436231 0.000000 
800 0.443884 0.000000 
801 0.451646 0.000000 
802 0.459517 0.000000 
803 0.467498 0.000000 
804 0.475590 0.000000 
805 0.483795 0.000000 
806 0.492112 0.000000 
807 0.500544 0.000000 
808 0.509091 0.000000 
809 0.517754 0.000000 
810 0.526534 0.000000 
811 0.535432 0.000000 
812 0.544449 0.000000 
813 0.553586 0.000000 
814 0.562844 0.000000 
815 0.572224 0.000000 
816 0.581727 0.000000 
817 0.591353 0.000000 
818 0.601104 0.000000 
819 0.610981 0.000000 
820 0.620984 0.000000 
821 0.631114 0.000000 
822 0.641373 0.000000 
823 0.651761 0.000000 
824 0.662279 0.000000 
825 0.672928 0.000000 
826 0.683708 0.000000 
827 0.694622 0.000000 
828 0.705669 0.000000 
829 0.716850 0.000000 
830 0.728166 0.000000 
831 0.739619 0.000000 
832 0.751208 0.000000 
833 0.762935 0.000000 
834 0.774800 0.000000 
835 0.786805 0.000000 
836 0.798949 0.000000 
837 0.811235 0.000000 
838 0.823661 0.000000 
839 0.836230 0.000000 
840 0.848941 0.000000 
841 0.861796 0.000000 
842 0.874796 0.000000 
843 0.887940 0.000000 
844 0.901230 0.000000 
845 0.914665 0.000000 
846 0.928248 0.000000 
847 0.941978 0.000000 
848 0.955856 0.000000 
849 0.969883 0.000000 
850 0.984059 0.000000 
851 0.998384 0.000000 
852 1.012860 0.000000 
853 1.027486 0.000000 
854 1.042263 0.000000 
855 1.057192 0.000000 
856 1.072273 0.000000 
857 1.087506 0.000000 
858 1.102892 0.000000 
859 1.118432 0.000000 
860 1.134124 0.000000 
861 1.149971 0.000000 
862 1.165972 0.000000 
863 1.182128 0.000000 
864 1.198438 0.000000 
865 1.214903 0.000000 
866 1.231524 0.000000 
867 1.248299 0.000000 
868 1.265231 0.000000 
869 1.282318 0.000000 
870 1.299561 0.000000 
871 1.316960 0.000000 
872 1.334515 0.000000 
873 1.352225 0.000000 
874 1.370092 0.000000 
875 1.388115 0.000000 
876 1.406294 0.000000 
877 1.424629 0.000000 
878 1.443120 0.000000 
879 1.461767 0.000000 
880 1.480569 0.000000 
881 1.499526 0.000000 
882 1.518639 0.000000 
883 1.537906 0.000000 
884 1.557328 0.000000 
885 1.576905 0.000000 
886 1.596636 0.000000 
887 1.616520 0.000000 
888 1.636557 0.000000 
889 1.656748 0.000000 
890 1.677090 0.000000 
891 1.697585 0.000000 
892 1.718231 0.000000 
893 1.739028 0.000000 
894 1.759975 0.000000 
895 1.781071 0.000000 
896 1.802317 0.000000 
897 1.823711 0.000000 
898 1.845252 0.000000 
899 1.866941 0.000000 
900 1.888775 0.000000 
901 1.910754 0.000000 
902 1.932878 0.000000 
903 1.955145 0.000000 
904 1.977554 0.000000 
905 2.000106 0.000000 
906 2.022797 0.000000 
907 2.045628 0.000000 
908 2.068598 0.000000 
909 2.091705 0.000000 
910 2.114947 0.000000 
911 2.138325 0.000000 
912 2.161837 0.000000 
913 2.185481 0.000000 
914 2.209256 0.000000 
915 2.233162 0.000000 
916 2.257195 0.000000 
917 2.281356 0.000000 
918 2.305642 0.000000 
919 2.330053 0.000000 
920 2.354586 0.000000 
921 2.379240 0.000000 
922 2.404014 0.000000 
923 2.428906 0.000000 
924 2.453914 0.000000 
925 2.479036 0.000000 
926 2.504271 0.000000 
927 2.529618 0.000000 
928 2.555073 0.000000 
929 2.580636 0.000000 
930 2.606304 0.000000 
931 2.632075 0.000000 
932 2.657948 0.000000 
933 2.683921 0.000000 
934 2.709991 0.000000 
935 2.736157 0.000000 
936 2.762416 0.000000 
937 2.788766 0.000000 
938 2.815205 0.000000 
939 2.841731 0.000000 
940 2.868341 0.000000 
941 2.895034 0.000000 
942 2.921806 0.000000 
943 2.948656 0.000000 
944 2.975581 0.000000 
945 3.002579 0.000000 
946 3.029647 0.000000 
947 3.056782 0.000000 
948 3.083983 0.000000 
949 3.111247 0.000000 
950 3.138570 0.000000 
951 3.165951 0.000000 
952 3.193386 0.000000 
953 3.220873 0.000000 
954 3.248410 0.000000 
955 3.275993 0.000000 
956 3.303620 0.000000 
957 3.331287 0.000000 
958 3.358993 0.000000 
959 3.386733 0.000000 
960 3.414506 0.000000 
961 3.442308 0.000000 
962 3.470136 0.000000 
963 3.497988 0.000000 
964 3.525859 0.000000 
965 3.553748 0.000000 
966 3.581650 0.000000 
967 3.609563 0.000000 
968 3.637485 0.000000 
969 3.665410 0.000000 
970 3.693337 0.000000 
971 3.721262 0.000000 
972 3.749182 0.000000 
973 3.777094 0.000000 
974 3.804994 0.000000 
975 3.832879 0.000000 
976 3.860745 0.000000 
977 3.888590 0.000000 
978 3.916410 0.000000 
979 3.944201 0.000000 
980 3.971960 0.000000 
981 3.999684 0.000000 
982 4.027369 0.000000 
983 4.055012 0.000000 
984 4.082609 0.000000 
985 4.110157 0.000000 
986 4.137651 0.000000 
987 4.165090 0.000000 
988 4.192469 0.000000 
989 4.219784 0.000000 
990 4.247032 0.000000 
991 4.274209 0.000000 
992 4.301313 0.000000 
993 4.328338 0.000000 
994 4.355282 0.000000 
995 4.382141 0.000000 
996 4.408911 0.000000 
997 4.435589 0.000000 
998 4.462170 0.000000 
999 4.488653 0.000000 
1000 4.515031 0.000000 
1001 4.541303 0.000000 
1002 4.567464 0.000000 
1003 4.593511 0.000000 
1004 4.619440 0.000000 
1005 4.645247 0.000000 
1006 4.670929 0.000000 
1007 4.696482 0.000000 
1008 4.721902 0.000000 
1009 4.747186 0.000000 
1010 4.772330 0.000000 
1011 4.797331 0.000000 
1012 4.822184 0.000000 
1013 4.846886 0.000000 
1014 4.871434 0.000000 
1015 4.895824 0.000000 
1016 4.920051 0.000000 
1017 4.944114 0.000000 
1018 4.968007 0.000000 
1019 4.991728 0.000000 
1020 5.015273 0.000000 
1021 5.038638 0.000000 
1022 5.061820 0.000000 
1023 5.084815 0.000000 
1024 5.107620 0.000000 
1025 5.130232 0.000000 
1026 5.152646 0.000000 
1027 5.174859 0.000000 
1028 5.196868 0.000000 
1029 5.218670 0.000000 
1030 5.240261 0.000000 
1031 5.261638 0.000000 
1032 5.282797 0.000000 
1033 5.303735 0.000000 
1034 5.324448 0.000000 
1035 5.344935 0.000000 
1036 5.365190 0.000000 
1037 5.385211 0.000000 
1038 5.404996 0.000000 
1039 5.424540 0.000000 
1040 5.443840 0.000000 
1041 5.462894 0.000000 
1042 5.481699 0.000000 
1043 5.500250 0.000000 
1044 5.518546 0.000000 
1045 5.536584 0.000000 
1046 5.554359 0.000000 
1047 5.571871 0.000000 
1048 5.589115 0.000000 
1049 5.606089 0.000000 
1050 5.622789 0.000000 
1051 5.639215 0.000000 
1052 5.655362 0.000000 
1053 5.671227 0.000000 
1054 5.686810 0.000000 
1055 5.702106 0.000000 
1056 5.717113 0.000000 
1057 5.731829 0.000000 
1058 5.746251 0.000000 
1059 5.760377 0.000000 
1060 5.774204 0.000000 
1061 5.787731 0.000000 
1062 5.800955 0.000000 
1063 5.813873 0.000000 
1064 5.826484 0.000000 
1065 5.838785 0.000000 
1066 5.850774 0.000000 
1067 5.862450 0.000000 
1068 5.873810 0.000000 
1069 5.884853 0.000000 
1070 5.895576 0.000000 
1071 5.905977 0.000000 
1072 5.916056 0.000000 
1073 5.925810 0.000000 
1074 5.935237 0.000000 
1075 5.944336 0.000000 
1076 5.953106 0.000000 
1077 5.961545 0.000000 
1078 5.969650 0.000000 
1079 5.977422 0.000000 
1080 5.984859 0.000000 
1081 5.991959 0.000000 
1082 5.998721 0.000000 
1083 6.005145 0.000000 
1084 6.011228 0.000000 
1085 6.016970 0.000000 
1086 6.022370 0.000000 
1087 6.027427 0.000000 
1088 6.032140 0.000000 
1089 6.036509 0.000000 
1090 6.040531 0.000000 
1091 6.044208 0.000000 
1092 6.047538 0.000000 
1093 6.050520 0.000000 
1094 6.053155 0.000000 
1095 6.055441 0.000000 
1096 6.057378 0.000000 
1097 6.058967 0.000000 
1098 6.060206 0.000000 
1099 6.061095 0.000000 
1100 6.061634 0.000000 
1101 6.061824 0.000000 
1102 6.061664 0.000000 
1103 6.061154 0.000000 
1104 6.060294 0.000000 
1105 6.059085 0.000000 
1106 6.057526 0.000000 
1107 6.055618 0.000000 
1108 6.053361 0.000000 
1109 6.050756 0.000000 
1110 6.047803 0.000000 
1111 6.044502 0.000000 
1112 6.040854 0.000000 
1113 6.036860 0.000000 
1114 6.032521 0.000000 
1115 6.027837 0.000000 
1116 6.022808 0.000000 
1117 6.017437 0.000000 
1118 6.011723 0.000000 
1119 6.005668 0.000000 
1120 5.999273 0.000000 
1121 5.992539 0.000000 
1122 5.985466 0.000000 
1123 5.978057 0.000000 
1124 5.970313 0.000000 
1125 5.962234 0.000000 
1126 5.953823 0.000000 
1127 5.945080 0.000000 
1128 5.936007 0.000000 
1129 5.926606 0.000000 
1130 5.916878 0.000000 
1131 5.906826 0.000000 
1132 5.896450 0.000000 
1133 5.885752 0.000000 
1134 5.874735 0.000000 
1135 5.863400 0.000000 
1136 5.851749 0.000000 
1137 5.839784 0.000000 
1138 5.827506 0.000000 
1139 5.814920 0.000000 
1140 5.802025 0.000000 
1141 5.788824 0.000000 
1142 5.775321 0.000000 
1143 5.761516 0.000000 
1144 5.747412 0.000000 
1145 5.733012 0.000000 
1146 5.718318 0.000000 
1147 5.703332 0.000000 
1148 5.688057 0.000000 
1149 5.672495 0.000000 
1150 5.656650 0.000000 
1151 5.640523 0.000000 
1152 5.624117 0.000000 
1153 5.607435 0.000000 
1154 5.590480 0.000000 
1155 5.573255 0.000000 
1156 5.555761 0.000000 
1157 5.538003 0.000000 
1158 5.519983 0.000000 
1159 5.501704 0.000000 
1160 5.483169 0.000000 
1161 5.464381 0.000000 
1162 5.445343 0.000000 
1163 5.426057 0.000000 
1164 5.406528 0.000000 
1165 5.386759 0.000000 
1166 5.366751 0.000000 
1167 5.346510 0.000000 
1168 5.326037 0.000000 
1169 5.305336 0.000000 
1170 5.284410 0.000000 
1171 5.263263 0.000000 
1172 5.241898 0.000000 
1173 5.220319 0.000000 
1174 5.198528 0.000000 
1175 5.176529 0.000000 
1176 5.154325 0.000000 
1177 5.131921 0.000000 
1178 5.109318 0.000000 
1179 5.086522 0.000000 
1180 5.063535 0.000000 
1181 5.040361 0.000000 
1182 5.017003 0.000000 
1183 4.993465 0.000000 
1184 4.969750 0.000000 
1185 4.945863 0.000000 
1186 4.921806 0.000000 
1187 4.897583 0.000000 
1188 4.873199 0.000000 
1189 4.848655 0.000000 
1190 4.823957 0.000000 
1191 4.799107 0.000000 
1192 4.774110 0.000000 
1193 4.748968 0.000000 
1194 4.723686 0.000000 
1195 4.698268 0.000000 
1196 4.672716 0.000000 
1197 4.647035 0.000000 
1198 4.621228 0.000000 
1199 4.595300 0.000000 
1200 4.569252 0.000000 
1201 4.543090 0.000000 
1202 4.516818 0.000000 
1203 4.490437 0.000000 
1204 4.463953 0.000000 
1205 4.437369 0.000000 
1206 4.410688 0.000000 
1207 4.383915 0.000000 
1208 4.357053 0.000000 
1209 4.330105 0.000000 
1210 4.303075 0.000000 
1211 4.275967 0.000000 
1212 4.248785 0.000000 
1213 4.221531 0.000000 
1214 4.194210 0.000000 
1215 4.166825 0.000000 
1216 4.139380 0.000000 
1217 4.111879 0.000000 
1218 4.084324 0.000000 
1219 4.056719 0.000000 
1220 4.029068 0.000000 
1221 4.001375 0.000000 
1222 3.973643 0.000000 
1223 3.945874 0.000000 
1224 3.918074 0.000000 
1225 3.890245 0.000000 
1226 3.862390 0.000000 
1227 3.834513 0.000000 
1228 3.806618 0.000000 
1229 3.778707 0.000000 
1230 3.750785 0.000000 
1231 3.722853 0.000000 
1232 3.694917 0.000000 
1233 3.666978 0.000000 
1234 3.639040 0.000000 
1235 3.611106 0.000000 
1236 3.583180 0.000000 
1237 3.555265 0.000000 
1238 3.527363 0.000000 
1239 3.499478 0.000000 
1240 3.471613 0.000000 
1241 3.443771 0.000000 
1242 3.415955 0.000000 
1243 3.388168 0.000000 
1244 3.360413 0.000000 
1245 3.332693 0.000000 
1246 3.305010 0.000000 
1247 3.277368 0.000000 
1248 3.249770 0.000000 
1249 3.222218 0.000000 
1250 3.194714 0.000000 
1251 3.167263 0.000000 
1252 3.139866 0.000000 
1253 3.112527 0.000000 
1254 3.085247 0.000000 
1255 3.058030 0.000000 
1256 3.030877 0.000000 
1257 3.003793 0.000000 
1258 2.976778 0.000000 
1259 2.949836 0.000000 
1260 2.922969 0.000000 
1261 2.896179 0.000000 
1262 2.869469 0.000000 
1263 2.842842 0.000000 
1264 2.816298 0.000000 
1265 2.789841 0.000000 
1266 2.763474 0.000000 
1267 2.737197 0.000000 
1268 2.711013 0.000000 
1269 2.684925 0.000000 
1270 2.658935 0.000000 
1271 2.633043 0.000000 
1272 2.607254 0.000000 
1273 2.581568 0.000000 
1274 2.555987 0.000000 
1275 2.530513 0.000000 
1276 2.505149 0.000000 
1277 2.479895 0.000000 
1278 2.454755 0.000000 
1279 2.429728 0.000000 
1280 2.404819 0.000000 
1281 2.380026 0.000000 
1282 2.355354 0.000000 
1283 2.330802 0.000000 
1284 2.306374 0.000000 
1285 2.282069 0.000000 
1286 2.257890 0.000000 
1287 2.233838 0.000000 
1288 2.209915 0.000000 
1289 2.186122 0.000000 
1290 2.162460 0.000000 
1291 2.138930 0.000000 
1292 2.115534 0.000000 
1293 2.092274 0.000000 
1294 2.069149 0.000000 
1295 2.046162 0.000000 
1296 2.023313 0.000000 
1297 2.000604 0.000000 
1298 1.978035 0.000000 
1299 1.955608 0.000000 
1300 1.933324 0.000000 
1301 1.911183 0.000000 
1302 1.889187 0.000000 
1303 1.867336 0.000000 
1304 1.845630 0.000000 
1305 1.824072 0.000000 
1306 1.802662 0.000000 
1307 1.781400 0.000000 
1308 1.760287 0.000000 
1309 1.739323 0.000000 
1310 1.718510 0.000000 
1311 1.697848 0.000000 
1312 1.677338 0.000000 
1313 1.656979 0.000000 
1314 1.636773 0.000000 
1315 1.616720 0.000000 
1316 1.596821 0.000000 
1317 1.577075 0.000000 
1318 1.557483 0.000000 
1319 1.538046 0.000000 
1320 1.518764 0.000000 
1321 1.499637 0.000000 
1322 1.480665 0.000000 
1323 1.461849 0.000000 
1324 1.443188 0.000000 
1325 1.424683 0.000000 
1326 1.406334 0.000000 
1327 1.388142 0.000000 
1328 1.370105 0.000000 
1329 1.352225 0.000000 
1330 1.334501 0.000000 
1331 1.316933 0.000000 
1332 1.299522 0.000000 
1333 1.282266 0.000000 
1334 1.265167 0.000000 
1335 1.248223 0.000000 
1336 1.231435 0.000000 
1337 1.214803 0.000000 
1338 1.198326 0.000000 
1339 1.182005 0.000000 
1340 1.165838 0.000000 
1341 1.149826 0.000000 
1342 1.133968 0.000000 
1343 1.118264 0.000000 
1344 1.102715 0.000000 
1345 1.087318 0.000000 
1346 1.072075 0.000000 
1347 1.056984 0.000000 
1348 1.042045 0.000000 
1349 1.027258 0.000000 
1350 1.012623 0.000000 
1351 0.998138 0.000000 
1352 0.983803 0.000000 
1353 0.969619 0.000000 
1354 0.955584 0.000000 
1355 0.941697 0.000000 
1356 0.927959 0.000000 
1357 0.914368 0.000000 
1358 0.900924 0.000000 
1359 0.887627 0.000000 
1360 0.874475 0.000000 
1361 0.861468 0.000000 
1362 0.848606 0.000000 
1363 0.835887 0.000000 
1364 0.823312 0.000000 
1365 0.810879 0.000000 
1366 0.798587 0.000000 
1367 0.786437 0.000000 
1368 0.774426 0.000000 
1369 0.762555 0.000000 
1370 0.750822 0.000000 
1371 0.739227 0.000000 
1372 0.727769 0.000000 
1373 0.716448 0.000000 
1374 0.705261 0.000000 
1375 0.694210 0.000000 
1376 0.683292 0.000000 
1377 0.672506 0.000000 
1378 0.661853 0.000000 
1379 0.651331 0.000000 
1380 0.640939 0.000000 
1381 0.630677 0.000000 
1382 0.620542 0.000000 
1383 0.610536 0.000000 
1384 0.600656 0.000000 
1385 0.590902 0.000000 
1386 0.581272 0.000000 
1387 0.571767 0.000000 
1388 0.562384 0.000000 
1389 0.553124 0.000000 
1390 0.543984 0.000000 
1391 0.534965 0.000000 
1392 0.526065 0.000000 
1393 0.517282 0.000000 
1394 0.508617 0.000000 
1395 0.500069 0.000000 
1396 0.491635 0.000000 
1397 0.483316 0.000000 
1398 0.475110 0.000000 
1399 0.467017 0.000000 
1400 0.459035 0.000000 
1401 0.451163 0.000000 
1402 0.443401 0.000000 
1403 0.435746 0.000000 
1404 0.428200 0.000000 
1405 0.420759 0.000000 
1406 0.413424 0.000000 
1407 0.406194 0.000000 
1408 0.399067 0.000000 
1409 0.392042 0.000000 
1410 0.385119 0.000000 
1411 0.378296 0.000000 
1412 0.371572 0.000000 
1413 0.364947 0.000000 
1414 0.358419 0.000000 
1415 0.351988 0.000000 
1416 0.345652 0.000000 
1417 0.339410 0.000000 
1418 0.333262 0.000000 
1419 0.327206 0.000000 
1420 0.321242 0.000000 
1421 0.315369 0.000000 
1422 0.309584 0.000000 
1423 0.303889 0.000001 
1424 0.298281 0.000001 
1425 0.292759 0.000001 
1426 0.287323 0.000001 
1427 0.281972 0.000001 
1428 0.276704 0.000001 
1429 0.271519 0.000001 
1430 0.266416 0.000001 
1431 0.261394 0.000001 
1432 0.256451 0.000001 
1433 0.251588 0.000001 
1434 0.246802 0.000001 
1435 0.242093 0.000001 
1436 0.237461 0.000001 
1437 0.232903 0.000001 
1438 0.228420 0.000002 
1439 0.224011 0.000002 
1440 0.219673 0.000002 
1441 0.215407 0.000002 
1442 0.211212 0.000002 
1443 0.207087 0.000002 
1444 0.203030 0.000002 
1445 0.199042 0.000003 
1446 0.195120 0.000003 
1447 0.191265 0.000003 
1448 0.187475 0.000003 
1449 0.183749 0.000003 
1450 0.180087 0.000004 
1451 0.176488 0.000004 
1452 0.172951 0.000004 
1453 0.169475 0.000004 
1454 0.166059 0.000005 
1455 0.162703 0.000005 
1456 0.159405 0.000005 
1457 0.156165 0.000006 
1458 0.152982 0.000006 
1459 0.149855 0.000007 
1460 0.146784 0.000007 
1461 0.143767 0.000008 
1462 0.140804 0.000008 
1463 0.137894 0.000009 
1464 0.135037 0.000009 
1465 0.132231 0.000010 
1466 0.129476 0.000011 
1467 0.126771 0.000011 
1468 0.124115 0.000012 
1469 0.121508 0.000013 
1470 0.118949 0.000014 
1471 0.116437 0.000015 
1472 0.113972 0.000016 
1473 0.111552 0.000017 
1474 0.109177 0.000018 
1475 0.106847 0.000019 
1476 0.104560 0.000021 
1477 0.102317 0.000022 
1478 0.100115 0.000024 
1479 0.097956 0.000025 
1480 0.095837 0.000027 
1481 0.093759 0.000029 
1482 0.091721 0.000030 
1483 0.089721 0.000032 
1484 0.087761 0.000035 
1485 0.085838 0.000037 
1486 0.083952 0.000039 
1487 0.082103 0.000042 
1488 0.080290 0.000045 
1489 0.078513 0.000048 
1490 0.076771 0.000051 
1491 0.075063 0.000054 
1492 0.073388 0.000058 
1493 0.071747 0.000061 
1494 0.070139 0.000065 
1495 0.068562 0.000069 
1496 0.067017 0.000074 
1497 0.065503 0.000079 
1498 0.064020 0.000084 
1499 0.062567 0.000089 
1500 0.061143 0.000095 
1501 0.059748 0.000101 
1502 0.058381 0.000107 
1503 0.057043 0.000114 
1504 0.055732 0.000121 
1505 0.054447 0.000129 
1506 0.053190 0.000137 
1507 0.051958 0.000145 
1508 0.050752 0.000154 
1509 0.049572 0.000164 
1510 0.048415 0.000174 
1511 0.047283 0.000185 
1512 0.046175 0.000196 
1513 0.045090 0.000208 
1514 0.044029 0.000221 
1515 0.042989 0.000234 
1516 0.041972 0.000248 
1517 0.040977 0.000264 
1518 0.040002 0.000279 
1519 0.039049 0.000296 
1520 0.038116 0.000314 
1521 0.037203 0.000333 
1522 0.036311 0.000353 
1523 0.035437 0.000374 
1524 0.034582 0.000397 
1525 0.033747 0.000420 
1526 0.032929 0.000445 
1527 0.032129 0.000471 
1528 0.031347 0.000499 
1529 0.030583 0.000528 
1530 0.029835 0.000559 
1531 0.029104 0.000592 
1532 0.028389 0.000627 
1533 0.027690 0.000663 
1534 0.027006 0.000702 
1535 0.026338 0.000742 
1536 0.025685 0.000785 
1537 0.025047 0.000830 
1538 0.024423 0.000878 
1539 0.023814 0.000928 
1540 0.023218 0.000981 
1541 0.022636 0.001036 
1542 0.022067 0.001095 
1543 0.021511 0.001157 
1544 0.020968 0.001222 
1545 0.020438 0.001291 
1546 0.019920 0.001363 
1547 0.019413 0.001439 
1548 0.018919 0.001519 
1549 0.018436 0.001604 
1550 0.017965 0.001692 
1551 0.017504 0.001786 
1552 0.017054 0.001884 
1553 0.016615 0.001987 
1554 0.016186 0.002096 
1555 0.015768 0.002210 
1556 0.015359 0.002330 
1557 0.014960 0.002457 
1558 0.014571 0.002590 
1559 0.014191 0.002729 
1560 0.013820 0.002876 
1561 0.013457 0.003030 
1562 0.013104 0.003191 
1563 0.012759 0.003361 
1564 0.012423 0.003540 
1565 0.012095 0.003727 
1566 0.011774 0.003923 
1567 0.011462 0.004130 
1568 0.011157 0.004346 
1569 0.010860 0.004573 
1570 0.010570 0.004811 
1571 0.010287 0.005061 
1572 0.010011 0.005323 
1573 0.009742 0.005598 
1574 0.009479 0.005886 
1575 0.009224 0.006187 
1576 0.008974 0.006504 
1577 0.008731 0.006835 
1578 0.008494 0.007182 
1579 0.008263 0.007545 
1580 0.008037 0.007926 
1581 0.007818 0.008325 
1582 0.007604 0.008742 
1583 0.007395 0.009179 
1584 0.007192 0.009636 
1585 0.006994 0.010114 
1586 0.006800 0.010615 
1587 0.006612 0.011138 
1588 0.006429 0.011685 
1589 0.006250 0.012258 
1590 0.006076 0.012856 
1591 0.005907 0.013482 
1592 0.005742 0.014136 
1593 0.005581 0.014819 
1594 0.005425 0.015533 
1595 0.005272 0.016279 
1596 0.005124 0.017058 
1597 0.004979 0.017871 
1598 0.004838 0.018721 
1599 0.004701 0.019607 
1600 0.004568 0.020533 
1601 0.004438 0.021499 
1602 0.004311 0.022507 
1603 0.004188 0.023558 
1604 0.004068 0.024655 
1605 0.003951 0.025799 
1606 0.003838 0.026991 
1607 0.003727 0.028235 
1608 0.003620 0.029531 
1609 0.003515 0.030882 
1610 0.003413 0.032289 
1611 0.003314 0.033756 
1612 0.003218 0.035284 
1613 0.003124 0.036875 
1614 0.003033 0.038532 
1615 0.002944 0.040257 
1616 0.002858 0.042053 
1617 0.002774 0.043922 
1618 0.002693 0.045867 
1619 0.002613 0.047891 
1620 0.002536 0.049997 
1621 0.002461 0.052187 
1622 0.002388 0.054464 
1623 0.002317 0.056832 
1624 0.002248 0.059294 
1625 0.002181 0.061853 
1626 0.002116 0.064513 
1627 0.002053 0.067276 
1628 0.001992 0.070147 
1629 0.001932 0.073129 
1630 0.001874 0.076226 
1631 0.001817 0.079442 
1632 0.001762 0.082781 
1633 0.001709 0.086247 
1634 0.001657 0.089844 
1635 0.001607 0.093576 
1636 0.001558 0.097449 
1637 0.001511 0.101466 
1638 0.001464 0.105633 
1639 0.001420 0.109953 
1640 0.001376 0.114432 
1641 0.001334 0.119076 
1642 0.001293 0.123889 
1643 0.001253 0.128876 
1644 0.001214 0.134044 
1645 0.001177 0.139397 
1646 0.001140 0.144941 
1647 0.001105 0.150683 
1648 0.001071 0.156628 
1649 0.001037 0.162782 
1650 0.001005 0.169152 
1651 0.000973 0.175744 
1652 0.000943 0.182565 
1653 0.000913 0.189621 
1654 0.000885 0.196920 
1655 0.000857 0.204468 
1656 0.000830 0.212272 
1657 0.000804 0.220340 
1658 0.000778 0.228679 
1659 0.000754 0.237298 
1660 0.000730 0.246203 
1661 0.000706 0.255402 
1662 0.000684 0.264905 
1663 0.000662 0.274719 
1664 0.000641 0.284852 
1665 0.000620 0.295313 
1666 0.000600 0.306112 
1667 0.000581 0.317256 
1668 0.000562 0.328755 
1669 0.000544 0.340618 
1670 0.000527 0.352855 
1671 0.000510 0.365475 
1672 0.000493 0.378488 
1673 0.000477 0.391903 
1674 0.000462 0.405732 
1675 0.000446 0.419983 
1676 0.000432 0.434668 
1677 0.000418 0.449797 
1678 0.000404 0.465381 
1679 0.000391 0.481430 
1680 0.000378 0.497956 
1681 0.000365 0.514969 
1682 0.000353 0.532482 
1683 0.000342 0.550505 
1684 0.000330 0.569050 
1685 0.000319 0.588129 
1686 0.000309 0.607754 
1687 0.000299 0.627937 
1688 0.000289 0.648690 
1689 0.000279 0.670026 
1690 0.000270 0.691956 
1691 0.000261 0.714494 
1692 0.000252 0.737652 
1693 0.000243 0.761443 
1694 0.000235 0.785880 
1695 0.000227 0.810977 
1696 0.000220 0.836745 
1697 0.000212 0.863199 
1698 0.000205 0.890352 
1699 0.000198 0.918217 
1700 0.000191 0.946809 
1701 0.000185 0.976140 
1702 0.000178 1.006224 
1703 0.000172 1.037076 
1704 0.000166 1.068708 
1705 0.000161 1.101135 
1706 0.000155 1.134372 
1707 0.000150 1.168431 
1708 0.000145 1.203327 
1709 0.000140 1.239074 
1710 0.000135 1.275687 
1711 0.000130 1.313178 
1712 0.000126 1.351563 
1713 0.000121 1.390855 
1714 0.000117 1.431069 
1715 0.000113 1.472219 
1716 0.000109 1.514318 
1717 0.000105 1.557381 
1718 0.000102 1.601421 
1719 0.000098 1.646453 
1720 0.000095 1.692490 
1721 0.000091 1.739546 
1722 0.000088 1.787635 
1723 0.000085 1.836770 
1724 0.000082 1.886964 
1725 0.000079 1.938231 
1726 0.000076 1.990585 
1727 0.000074 2.044037 
1728 0.000071 2.098600 
1729 0.000068 2.154289 
1730 0.000066 2.211114 
1731 0.000064 2.269088 
1732 0.000061 2.328223 
1733 0.000059 2.388531 
1734 0.000057 2.450024 
1735 0.000055 2.512713 
1736 0.000053 2.576608 
1737 0.000051 2.641721 
1738 0.000049 2.708062 
1739 0.000047 2.775641 
1740 0.000046 2.844469 
1741 0.000044 2.914553 
1742 0.000042 2.985905 
1743 0.000041 3.058532 
1744 0.000039 3.132443 
1745 0.000038 3.207645 
1746 0.000037 3.284147 
1747 0.000035 3.361956 
1748 0.000034 3.441077 
1749 0.000033 3.521519 
1750 0.000032 3.603285 
1751 0.000030 3.686383 
1752 0.000029 3.770815 
1753 0.000028 3.856588 
1754 0.000027 3.943704 
1755 0.000026 4.032166 
1756 0.000025 4.121979 
1757 0.000024 4.213142 
1758 0.000023 4.305659 
1759 0.000022 4.399530 
1760 0.000022 4.494755 
1761 0.000021 4.591333 
1762 0.000020 4.689265 
1763 0.000019 4.788549 
1764 0.000019 4.889182 
1765 0.000018 4.991161 
1766 0.000017 5.094482 
1767 0.000017 5.199142 
1768 0.000016 5.305135 
1769 0.000015 5.412456 
1770 0.000015 5.521098 
1771 0.000014 5.631053 
1772 0.000014 5.742315 
1773 0.000013 5.854873 
1774 0.000013 5.968719 
1775 0.000012 6.083842 
1776 0.000012 6.200231 
1777 0.000011 6.317875 
1778 0.000011 6.436760 
1779 0.000010 6.556872 
1780 0.000010 6.678199 
1781 0.000010 6.800723 
1782 0.000009 6.924430 
1783 0.000009 7.049303 
1784 0.000009 7.175323 
1785 0.000008 7.302473 
1786 0.000008 7.430732 
1787 0.000008 7.560081 
1788 0.000007 7.690498 
1789 0.000007 7.821961 
1790 0.000007 7.954448 
1791 0.000006 8.087934 
1792 0.000006 8.222396 
1793 0.000006 8.357808 
1794 0.000006 8.494142 
1795 0.000005 8.631373 
1796 0.000005 8.769473 
1797 0.000005 8.908411 
1798 0.000005 9.048159 
1799 0.000005 9.188687 
1800 0.000004 9.329961 
1801 0.000004 9.471952 
1802 0.000004 9.614624 
1803 0.000004 9.757945 
1804 0.000004 9.901880 
1805 0.000004 10.046393 
1806 0.000004 10.191448 
1807 0.000003 10.337007 
1808 0.000003 10.483035 
1809 0.000003 10.629490 
1810 0.000003 10.776335 
1811 0.000003 10.923529 
1812 0.000003 11.071032 
1813 0.000003 11.218802 
1814 0.000003 11.366797 
1815 0.000002 11.514974 
1816 0.000002 11.663290 
1817 0.000002 11.811701 
1818 0.000002 11.960162 
1819 0.000002 12.108628 
1820 0.000002 12.257053 
1821 0.000002 12.405392 
1822 0.000002 12.553596 
1823 0.000002 12.701618 
1824 0.000002 12.849412 
1825 0.000002 12.996928 
1826 0.000002 13.144118 
1827 0.000001 13.290932 
1828 0.000001 13.437322 
1829 0.000001 13.583237 
1830 0.000001 13.728628 
1831 0.000001 13.873443 
1832 0.000001 14.017633 
1833 0.000001 14.161145 
1834 0.000001 14.303930 
1835 0.000001 14.445935 
1836 0.000001 14.587109 
1837 0.000001 14.727401 
1838 0.000001 14.866759 
1839 0.000001 15.005130 
1840 0.000001 15.142464 
1841 0.000001 15.278709 
1842 0.000001 15.413812 
1843 0.000001 15.547722 
1844 0.000001 15.680387 
1845 0.000001 15.811757 
1846 0.000001 15.941779 
1847 0.000001 16.070403 
1848 0.000001 16.197578 
1849 0.000001 16.323253 
1850 0.000001 16.447378 
1851 0.000001 16.569902 
1852 0.000001 16.690778 
1853 0.000000 16.809954 
1854 0.000000 16.927383 
1855 0.000000 17.043016 
1856 0.000000 17.156805 
1857 0.000000 17.268703 
1858 0.000000 17.378664 
1859 0.000000 17.486641 
1860 0.000000 17.592589 
1861 0.000000 17.696463 
1862 0.000000 17.798218 
1863 0.000000 17.897812 
1864 0.000000 17.995202 
1865 0.000000 18.090346 
1866 0.000000 18.183203 
1867 0.000000 18.273733 
1868 0.000000 18.361896 
1869 0.000000 18.447653 
1870 0.000000 18.530969 
1871 0.000000 18.611805 
1872 0.000000 18.690126 
1873 0.000000 18.765898 
1874 0.000000 18.839088 
1875 0.000000 18.909662 
1876 0.000000 18.977589 
1877 0.000000 19.042840 
1878 0.000000 19.105384 
1879 0.000000 19.165194 
1880 0.000000 19.222244 
1881 0.000000 19.276506 
1882 0.000000 19.327958 
1883 0.000000 19.376576 
1884 0.000000 19.422337 
1885 0.000000 19.465222 
1886 0.000000 19.505210 
1887 0.000000 19.542285 
1888 0.000000 19.576427 
1889 0.000000 19.607624 
1890 0.000000 19.635859 
1891 0.000000 19.661121 
1892 0.000000 19.683397 
1893 0.000000 19.702678 
1894 0.000000 19.718956 
1895 0.000000 19.732222 
1896 0.000000 19.742470 
1897 0.000000 19.749697 
1898 0.000000 19.753898 
1899 0.000000 19.755073 
1900 0.000000 19.753220 
1901 0.000000 19.748340 
1902 0.000000 19.740437 
1903 0.000000 19.729513 
1904 0.000000 19.715574 
1905 0.000000 19.698625 
1906 0.000000 19.678677 
1907 0.000000 19.655736 
1908 0.000000 19.629814 
1909 0.000000 19.600924 
1910 0.000000 19.569077 
1911 0.000000 19.534290 
1912 0.000000 19.496577 
1913 0.000000 19.455957 
1914 0.000000 19.412447 
1915 0.000000 19.366068 
1916 0.000000 19.316841 
1917 0.000000 19.264788 
1918 0.000000 19.209933 
1919 0.000000 19.152300 
1920 0.000000 19.091917 
1921 0.000000 19.028809 
1922 0.000000 18.963006 
1923 0.000000 18.894537 
1924 0.000000 18.823432 
1925 0.000000 18.749724 
1926 0.000000 18.673444 
1927 0.000000 18.594628 
1928 0.000000 18.513310 
1929 0.000000 18.429525 
1930 0.000000 18.343311 
1931 0.000000 18.254706 
1932 0.000000 18.163748 
1933 0.000000 18.070476 
1934 0.000000 17.974932 
1935 0.000000 17.877156 
1936 0.000000 17.777191 
1937 0.000000 17.675079 
1938 0.000000 17.570865 
1939 0.000000 17.464591 
1940 0.000000 17.356304 
1941 0.000000 17.246049 
1942 0.000000 17.133871 
1943 0.000000 17.019819 
1944 0.000000 16.903939 
1945 0.000000 16.786279 
1946 0.000000 16.666888 
1947 0.000000 16.545814 
1948 0.000000 16.423107 
1949 0.000000 16.298815 
1950 0.000000 16.172990 
1951 0.000000 16.045681 
1952 0.000000 15.916940 
1953 0.000000 15.786815 
1954 0.000000 15.655360 
1955 0.000000 15.522625 
1956 0.000000 15.388661 
1957 0.000000 15.253520 
1958 0.000000 15.117253 
1959 0.000000 14.979912 
1960 0.000000 14.841549 
1961 0.000000 14.702216 
1962 0.000000 14.561963 
1963 0.000000 14.420843 
1964 0.000000 14.278907 
1965 0.000000 14.136206 
1966 0.000000 13.992791 
1967 0.000000 13.848714 
1968 0.000000 13.704024 
1969 0.000000 13.558773 
1970 0.000000 13.413011 
1971 0.000000 13.266787 
1972 0.000000 13.120152 
1973 0.000000 12.973154 
1974 0.000000 12.825842 
1975 0.000000 12.678264 
1976 0.000000 12.530469 
1977 0.000000 12.382504 
1978 0.000000 12.234417 
1979 0.000000 12.086253 
1980 0.000000 11.938058 
1981 0.000000 11.789879 
1982 0.000000 11.641759 
1983 0.000000 11.493744 
1984 0.000000 11.345877 
1985 0.000000 11.198201 
1986 0.000000 11.050758 
1987 0.000000 10.903590 
1988 0.000000 10.756738 
1989 0.000000 10.610244 
1990 0.000000 10.464145 
1991 0.000000 10.318481 
1992 0.000000 10.173291 
1993 0.000000 10.028611 
1994 0.000000 9.884479 
1995 0.000000 9.740931 
1996 0.000000 9.598001 
1997 0.000000 9.455723 
1998 0.000000 9.314132 
1999 0.000000 9.173260 
2000 0.000000 9.033139 
2001 0.000000 8.893800 
2002 0.000000 8.755272 
2003 0.000000 8.617587 
2004 0.000000 8.480771 
2005 0.000000 8.344853 
2006 0.000000 8.209860 
2007 0.000000 8.075817 
2008 0.000000 7.942750 
2009 0.000000 7.810683 
2010 0.000000 7.679639 
2011 0.000000 7.549641 
2012 0.000000 7.420710 
2013 0.000000 7.292868 
2014 0.000000 7.166134 
2015 0.000000 7.040528 
2016 0.000000 6.916067 
2017 0.000000 6.792770 
2018 0.000000 6.670653 
2019 0.000000 6.549731 
2020 0.000000 6.430020 
2021 0.000000 6.311533 
2022 0.000000 6.194284 
2023 0.000000 6.078286 
2024 0.000000 5.963550 
2025 0.000000 5.850086 
2026 0.000000 5.737906 
2027 0.000000 5.627019 
2028 0.000000 5.517432 
2029 0.000000 5.409154 
2030 0.000000 5.302192 
2031 0.000000 5.196552 
2032 0.000000 5.092240 
2033 0.000000 4.989261 
2034 0.000000 4.887618 
2035 0.000000 4.787316 
2036 0.000000 4.688357 
2037 0.000000 4.590743 
2038 0.000000 4.494476 
2039 0.000000 4.399557 
2040 0.000000 4.305985 
2041 0.000000 4.213761 
2042 0.000000 4.122883 
2043 0.000000 4.033350 
2044 0.000000 3.945159 
2045 0.000000 3.858309 
2046 0.000000 3.772795 
2047 0.000000 3.688613 
2048 0.000000 3.605761 
2049 0.000000 3.524231 
2050 0.000000 3.444020 
2051 0.000000 3.365122 
2052 0.000000 3.287530 
2053 0.000000 3.211237 
2054 0.000000 3.136237 
2055 0.000000 3.062521 
2056 0.000000 2.990082 
2057 0.000000 2.918912 
2058 0.000000 2.849001 
2059 0.000000 2.780341 
2060 0.000000 2.712922 
2061 0.000000 2.646734 
2062 0.000000 2.581768 
2063 0.000000 2.518013 
2064 0.000000 2.455457 
2065 0.000000 2.394091 
2066 0.000000 2.333903 
2067 0.000000 2.274881 
2068 0.000000 2.217014 
2069 0.000000 2.160290 
2070 0.000000 2.104697 
2071 0.000000 2.050221 
2072 0.000000 1.996852 
2073 0.000000 1.944575 
2074 0.000000 1.893379 
2075 0.000000 1.843249 
2076 0.000000 1.794174 
2077 0.000000 1.746139 
2078 0.000000 1.699131 
2079 0.000000 1.653137 
2080 0.000000 1.608143 
2081 0.000000 1.564135 
2082 0.000000 1.521100 
2083 0.000000 1.479024 
2084 0.000000 1.437892 
2085 0.000000 1.397692 
2086 0.000000 1.358408 
2087 0.000000 1.320028 
2088 0.000000 1.282537 
2089 0.000000 1.245920 
2090 0.000000 1.210165 
2091 0.000000 1.175257 
2092 0.000000 1.141183 
2093 0.000000 1.107927 
2094 0.000000 1.075477 
2095 0.000000 1.043818 
2096 0.000000 1.012937 
2097 0.000000 0.982820 
2098 0.000000 0.953454 
2099 0.000000 0.924824 
2100 0.000000 0.896917 
2101 0.000000 0.869720 
2102 0.000000 0.843219 
2103 0.000000 0.817401 
2104 0.000000 0.792253 
2105 0.000000 0.767762 
2106 0.000000 0.743915 
2107 0.000000 0.720699 
2108 0.000000 0.698101 
2109 0.000000 0.676109 
2110 0.000000 0.654710 
2111 0.000000 0.633892 
2112 0.000000 0.613643 
2113 0.000000 0.593949 
2114 0.000000 0.574801 
2115 0.000000 0.556185 
2116 0.000000 0.538090 
2117 0.000000 0.520505 
2118 0.000000 0.503418 
2119 0.000000 0.486818 
2120 0.000000 0.470693 
2121 0.000000 0.455033 
2122 0.000000 0.439828 
2123 0.000000 0.425066 
2124 0.000000 0.410737 
2125 0.000000 0.396830 
2126 0.000000 0.383336 
2127 0.000000 0.370245 
2128 0.000000 0.357546 
2129 0.000000 0.345231 
2130 0.000000 0.333289 
2131 0.000000 0.321711 
2132 0.000000 0.310488 
2133 0.000000 0.299611 
2134 0.000000 0.289071 
2135 0.000000 0.278859 
2136 0.000000 0.268968 
2137 0.000000 0.259387 
2138 0.000000 0.250110 
2139 0.000000 0.241129 
2140 0.000000 0.232434 
2141 0.000000 0.224019 
2142 0.000000 0.215875 
2143 0.000000 0.207996 
2144 0.000000 0.200374 
2145 0.000000 0.193003 
2146 0.000000 0.185874 
2147 0.000000 0.178981 
2148 0.000000 0.172317 
2149 0.000000 0.165877 
2150 0.000000 0.159653 
2151 0.000000 0.153639 
2152 0.000000 0.147829 
2153 0.000000 0.142217 
2154 0.000000 0.136798 
2155 0.000000 0.131565 
2156 0.000000 0.126513 
2157 0.000000 0.121637 
2158 0.000000 0.116930 
2159 0.000000 0.112389 
2160 0.000000 0.108008 
2161 0.000000 0.103781 
2162 0.000000 0.099705 
2163 0.000000 0.095775 
2164 0.000000 0.091985 
2165 0.000000 0.088332 
2166 0.000000 0.084811 
2167 0.000000 0.081419 
2168 0.000000 0.078150 
2169 0.000000 0.075000 
2170 0.000000 0.071967 
2171 0.000000 0.069046 
2172 0.000000 0.066234 
2173 0.000000 0.063526 
2174 0.000000 0.060920 
2175 0.000000 0.058412 
2176 0.000000 0.055999 
2177 0.000000 0.053677 
2178 0.000000 0.051444 
2179 0.000000 0.049296 
2180 0.000000 0.047230 
2181 0.000000 0.045245 
2182 0.000000 0.043336 
2183 0.000000 0.041501 
2184 0.000000 0.039738 
2185 0.000000 0.038044 
2186 0.000000 0.036417 
2187 0.000000 0.034854 
2188 0.000000 0.033354 
2189 0.000000 0.031913 
2190 0.000000 0.030529 
2191 0.000000 0.029201 
2192 0.000000 0.027927 
2193 0.000000 0.026704 
2194 0.000000 0.025531 
2195 0.000000 0.024406 
2196 0.000000 0.023326 
2197 0.000000 0.022291 
2198 0.000000 0.021299 
2199 0.000000 0.020348 
2200 0.000000 0.019436 
2201 0.000000 0.018563 
2202 0.000000 0.017726 
2203 0.000000 0.016924 
2204 0.000000 0.016156 
2205 0.000000 0.015420 
2206 0.000000 0.014716 
2207 0.000000 0.014042 
2208 0.000000 0.013397 
2209 0.000000 0.012779 
2210 0.000000 0.012188 
2211 0.000000 0.011622 
2212 0.000000 0.011082 
2213 0.000000 0.010564 
2214 0.000000 0.010070 
2215 0.000000 0.009597 
2216 0.000000 0.009144 
2217 0.000000 0.008712 
2218 0.000000 0.008299 
2219 0.000000 0.007905 
2220 0.000000 0.007528 
2221 0.000000 0.007168 
2222 0.000000 0.006824 
2223 0.000000 0.006495 
2224 0.000000 0.006182 
2225 0.000000 0.005882 
2226 0.000000 0.005597 
2227 0.000000 0.005324 
2228 0.000000 0.005064 
2229 0.000000 0.004816 
2230 0.000000 0.004579 
2231 0.000000 0.004354 
2232 0.000000 0.004138 
2233 0.000000 0.003933 
2234 0.000000 0.003738 
2235 0.000000 0.003551 
2236 0.000000 0.003374 
2237 0.000000 0.003205 
2238 0.000000 0.003044 
2239 0.000000 0.002890 
2240 0.000000 0.002744 
2241 0.000000 0.002605 
2242 0.000000 0.002472 
2243 0.000000 0.002346 
2244 0.000000 0.002226 
2245 0.000000 0.002112 
2246 0.000000 0.002003 
2247 0.000000 0.001900 
2248 0.000000 0.001802 
2249 0.000000 0.001708 
2250 0.000000 0.001619 
2251 0.000000 0.001535 
2252 0.000000 0.001455 
2253 0.000000 0.001378 
2254 0.000000 0.001306 
2255 0.000000 0.001237 
2256 0.000000 0.001172 
2257 0.000000 0.001109 
2258 0.000000 0.001050 
2259 0.000000 0.000994 
2260 0.000000 0.000941 
2261 0.000000 0.000891 
2262 0.000000 0.000843 
2263 0.000000 0.000798 
2264 0.000000 0.000755 
2265 0.000000 0.000714 
2266 0.000000 0.000675 
2267 0.000000 0.000638 
2268 0.000000 0.000603 
2269 0.000000 0.000570 
2270 0.000000 0.000539 
2271 0.000000 0.000509 
2272 0.000000 0.000481 
2273 0.000000 0.000455 
2274 0.000000 0.000429 
2275 0.000000 0.000406 
2276 0.000000 0.000383 
2277 0.000000 0.000362 
2278 0.000000 0.000341 
2279 0.000000 0.000322 
2280 0.000000 0.000304 
2281 0.000000 0.000287 
2282 0.000000 0.000271 
2283 0.000000 0.000255 
2284 0.000000 0.000241 
2285 0.000000 0.000227 
2286 0.000000 0.000214 
2287 0.000000 0.000202 
2288 0.000000 0.000190 
2289 0.000000 0.000179 
2290 0.000000 0.000169 
2291 0.000000 0.000159 
2292 0.000000 0.000150 
2293 0.000000 0.000141 
2294 0.000000 0.000133 
2295 0.000000 0.000125 
2296 0.000000 0.000118 
2297 0.000000 0.000111 
2298 0.000000 0.000104 
2299 0.000000 0.000098 
2300 0.000000 0.000092 
2301 0.000000 0.000087 
2302 0.000000 0.000082 
2303 0.000000 0.000077 
2304 0.000000 0.000072 
2305 0.000000 0.000068 
2306 0.000000 0.000064 
2307 0.000000 0.000060 
2308 0.000000 0.000056 
2309 0.000000 0.000053 
2310 0.000000 0.000050 
2311 0.000000 0.000047 
2312 0.000000 0.000044 
2313 0.000000 0.000041 
2314 0.000000 0.000039 
2315 0.000000 0.000036 
2316 0.000000 0.000034 
2317 0.000000 0.000032 
2318 0.000000 0.000030 
2319 0.000000 0.000028 
2320 0.000000 0.000026 
2321 0.000000 0.000025 
2322 0.000000 0.000023 
2323 0.000000 0.000022 
2324 0.000000 0.000020 
2325 0.000000 0.000019 
2326 0.000000 0.000018 
2327 0.000000 0.000017 
2328 0.000000 0.000016 
2329 0.000000 0.000015 
2330 0.000000 0.000014 
2331 0.000000 0.000013 
2332 0.000000 0.000012 
2333 0.000000 0.000011 
2334 0.000000 0.000011 
2335 0.000000 0.000010 
2336 0.000000 0.000009 
2337 0.000000 0.000009 
2338 0.000000 0.000008 
2339 0.000000 0.000008 
2340 0.000000 0.000007 
2341 0.000000 0.000007 
2342 0.000000 0.000006 
2343 0.000000 0.000006 
2344 0.000000 0.000005 
2345 0.000000 0.000005 
2346 0.000000 0.000005 
2347 0.000000 0.000004 
2348 0.000000 0.000004 
2349 0.000001 0.000004 
2350 0.000001 0.000004 
2351 0.000001 0.000003 
2352 0.000001 0.000003 
2353 0.000001 0.000003 
2354 0.000001 0.000003 
2355 0.000001 0.000003 
2356 0.000001 0.000002 
2357 0.000001 0.000002 
2358 0.000001 0.000002 
2359 0.000001 0.000002 
2360 0.000001 0.000002 
2361 0.000001 0.000002 
2362 0.000001 0.000002 
2363 0.000001 0.000001 
2364 0.000001 0.000001 
2365 0.000001 0.000001 
2366 0.000001 0.000001 
2367 0.000001 0.000001 
2368 0.000001 0.000001 
2369 0.000001 0.000001 
2370 0.000001 0.000001 
2371 0.000001 0.000001 
2372 0.000001 0.000001 
2373 0.000001 0.000001 
2374 0.000001 0.000001 
2375 0.000002 0.000001 
2376 0.000002 0.000001 
2377 0.000002 0.000001 
2378 0.000002 0.000000 
2379 0.000002 0.000000 
2380 0.000002 0.000000 
2381 0.000002 0.000000 
2382 0.000002 0.000000 
2383 0.000002 0.000000 
2384 0.000002 0.000000 
2385 0.000002 0.000000 
2386 0.000002 0.000000 
2387 0.000003 0.000000 
2388 0.000003 0.000000 
2389 0.000003 0.000000 
2390 0.000003 0.000000 
2391 0.000003 0.000000 
2392 0.000003 0.000000 
2393 0.000003 0.000000 
2394 0.000003 0.000000 
2395 0.000003 0.000000 
2396 0.000004 0.000000 
2397 0.000004 0.000000 
2398 0.000004 0.000000 
2399 0.000004 0.000000 
2400 0.000004 0.000000 
2401 0.000004 0.000000 
2402 0.000005 0.000000 
2403 0.000005 0.000000 
2404 0.000005 0.000000 
2405 0.000005 0.000000 
2406 0.000005 0.000000 
2407 0.000006 0.000000 
2408 0.000006 0.000000 
2409 0.000006 0.000000 
2410 0.000006 0.000000 
2411 0.000007 0.000000 
2412 0.000007 0.000000 
2413 0.000007 0.000000 
2414 0.000007 0.000000 
2415 0.000008 0.000000 
2416 0.000008 0.000000 
2417 0.000008 0.000000 
2418 0.000009 0.000000 
2419 0.000009 0.000000 
2420 0.000009 0.000000 
2421 0.000010 0.000000 
2422 0.000010 0.000000 
2423 0.000011 0.000000 
2424 0.000011 0.000000 
2425 0.000011 0.000000 
2426 0.000012 0.000000 
2427 0.000012 0.000000 
2428 0.000013 0.000000 
2429 0.000013 0.000000 
2430 0.000014 0.000000 
2431 0.000015 0.000000 
2432 0.000015 0.000000 
2433 0.000016 0.000000 
2434 0.000016 0.000000 
2435 0.000017 0.000000 
2436 0.000018 0.000000 
2437 0.000018 0.000000 
2438 0.000019 0.000000 
2439 0.000020 0.000000 
2440 0.000020 0.000000 
2441 0.000021 0.000000 
2442 0.000022 0.000000 
2443 0.000023 0.000000 
2444 0.000024 0.000000 
2445 0.000025 0.000000 
2446 0.000026 0.000000 
2447 0.000027 0.000000 
2448 0.000028 0.000000 
2449 0.000029 0.000000 
2450 0.000030 0.000000 
2451 0.000031 0.000000 
2452 0.000032 0.000000 
2453 0.000033 0.000000 
2454 0.000035 0.000000 
2455 0.000036 0.000000 
2456 0.000037 0.000000 
2457 0.000039 0.000000 
2458 0.000040 0.000000 
2459 0.000042 0.000000 
2460 0.000043 0.000000 
2461 0.000045 0.000000 
2462 0.000047 0.000000 
2463 0.000048 0.000000 
2464 0.000050 0.000000 
2465 0.000052 0.000000 
2466 0.000054 0.000000 
2467 0.000056 0.000000 
2468 0.000058 0.000000 
2469 0.000060 0.000000 
2470 0.000063 0.000000 
2471 0.000065 0.000000 
2472 0.000067 0.000000 
2473 0.000070 0.000000 
2474 0.000072 0.000000 
2475 0.000075 0.000000 
2476 0.000078 0.000000 
2477 0.000081 0.000000 
2478 0.000084 0.000000 
2479 0.000087 0.000000 
2480 0.000090 0.000000 
2481 0.000093 0.000000 
2482 0.000096 0.000000 
2483 0.000100 0.000000 
2484 0.000104 0.000000 
2485 0.000107 0.000000 
2486 0.000111 0.000000 
2487 0.000115 0.000000 
2488 0.000119 0.000000 
2489 0.000124 0.000000 
2490 0.000128 0.000000 
2491 0.000133 0.000000 
2492 0.000137 0.000000 
2493 0.000142 0.000000 
2494 0.000147 0.000000 
2495 0.000153 0.000000 
2496 0.000158 0.000000 
2497 0.000164 0.000000 
2498 0.000169 0.000000 
2499 0.000175 0.000000 
2500 0.000182 0.000000 
2501 0.000188 0.000000 
2502 0.000195 0.000000 
2503 0.000201 0.000000 
2504 0.000209 0.000000 
2505 0.000216 0.000000 
2506 0.000223 0.000000 
2507 0.000231 0.000000 
2508 0.000239 0.000000 
2509 0.000247 0.000000 
2510 0.000256 0.000000 
2511 0.000265 0.000000 
2512 0.000274 0.000000 
2513 0.000284 0.000000 
2514 0.000293 0.000000 
2515 0.000303 0.000000 
2516 0.000314 0.000000 
2517 0.000325 0.000000 
2518 0.000336 0.000000 
2519 0.000347 0.000000 
2520 0.000359 0.000000 
2521 0.000371 0.000000 
2522 0.000384 0.000000 
2523 0.000397 0.000000 
2524 0.000410 0.000000 
2525 0.000424 0.000000 
2526 0.000438 0.000000 
2527 0.000453 0.000000 
2528 0.000468 0.000000 
2529 0.000484 0.000000 
2530 0.000500 0.000000 
2531 0.000517 0.000000 
2532 0.000534 0.000000 
2533 0.000552 0.000000 
2534 0.000570 0.000000 
2535 0.000589 0.000000 
2536 0.000609 0.000000 
2537 0.000629 0.000000 
2538 0.000650 0.000000 
2539 0.000671 0.000000 
2540 0.000693 0.000000 
2541 0.000716 0.000000 
2542 0.000740 0.000000 
2543 0.000764 0.000000 
2544 0.000789 0.000000 
2545 0.000814 0.000000 
2546 0.000841 0.000000 
2547 0.000868 0.000000 
2548 0.000896 0.000000 
2549 0.000925 0.000000 
2550 0.000955 0.000000 
2551 0.000986 0.000000 
2552 0.001018 0.000000 
2553 0.001051 0.000000 
2554 0.001084 0.000000 
2555 0.001119 0.000000 
2556 0.001155 0.000000 
2557 0.001192 0.000000 
2558 0.001229 0.000000 
2559 0.001269 0.000000 
2560 0.001309 0.000000 
2561 0.001350 0.000000 
2562 0.001393 0.000000 
2563 0.001437 0.000000 
2564 0.001482 0.000000 
2565 0.001529 0.000000 
2566 0.001576 0.000000 
2567 0.001626 0.000000 
2568 0.001677 0.000000 
2569 0.001729 0.000000 
2570 0.001783 0.000000 
2571 0.001838 0.000000 
2572 0.001895 0.000000 
2573 0.001954 0.000000 
2574 0.002014 0.000000 
2575 0.002076 0.000000 
2576 0.002140 0.000000 
2577 0.002205 0.000000 
2578 0.002273 0.000000 
2579 0.002343 0.000000 
2580 0.002414 0.000000 
2581 0.002488 0.000000 
2582 0.002563 0.000000 
2583 0.002641 0.000000 
2584 0.002721 0.000000 
2585 0.002803 0.000000 
2586 0.002888 0.000000 
2587 0.002975 0.000000 
2588 0.003064 0.000000 
2589 0.003156 0.000000 
2590 0.003250 0.000000 
2591 0.003348 0.000000 
2592 0.003447 0.000000 
2593 0.003550 0.000000 
2594 0.003655 0.000000 
2595 0.003764 0.000000 
2596 0.003875 0.000000 
2597 0.003989 0.000000 
2598 0.004107 0.000000 
2599 0.004228 0.000000 
2600 0.004352 0.000000 
2601 0.004479 0.000000 
2602 0.004610 0.000000 
2603 0.004744 0.000000 
2604 0.004882 0.000000 
2605 0.005024 0.000000 
2606 0.005170 0.000000 
2607 0.005319 0.000000 
2608 0.005473 0.000000 
2609 0.005630 0.000000 
2610 0.005792 0.000000 
2611 0.005958 0.000000 
2612 0.006129 0.000000 
2613 0.006304 0.000000 
2614 0.006484 0.000000 
2615 0.006668 0.000000 
2616 0.006857 0.000000 
2617 0.007052 0.000000 
2618 0.007251 0.000000 
2619 0.007455 0.000000 
2620 0.007665 0.000000 
2621 0.007881 0.000000 
2622 0.008102 0.000000 
2623 0.008328 0.000000 
2624 0.008561 0.000000 
2625 0.008799 0.000000 
2626 0.009044 0.000000 
2627 0.009295 0.000000 
2628 0.009552 0.000000 
2629 0.009816 0.000000 
2630 0.010086 0.000000 
2631 0.010364 0.000000 
2632 0.010648 0.000000 
2633 0.010940 0.000000 
2634 0.011238 0.000000 
2635 0.011545 0.000000 
2636 0.011859 0.000000 
2637 0.012181 0.000000 
2638 0.012511 0.000000 
2639 0.012849 0.000000 
2640 0.013195 0.000000 
2641 0.013550 0.000000 
2642 0.013914 0.000000 
2643 0.014287 0.000000 
2644 0.014669 0.000000 
2645 0.015060 0.000000 
2646 0.015461 0.000000 
2647 0.015871 0.000000 
2648 0.016292 0.000000 
2649 0.016723 0.000000 
2650 0.017164 0.000000 
2651 0.017615 0.000000 
2652 0.018078 0.000000 
2653 0.018552 0.000000 
2654 0.019037 0.000000 
2655 0.019533 0.000000 
2656 0.020041 0.000000 
2657 0.020562 0.000000 
2658 0.021094 0.000000 
2659 0.021639 0.000000 
2660 0.022197 0.000000 
2661 0.022769 0.000000 
2662 0.023353 0.000000 
2663 0.023951 0.000000 
2664 0.024563 0.000000 
2665 0.025189 0.000000 
2666 0.025830 0.000000 
2667 0.026485 0.000000 
2668 0.027155 0.000000 
2669 0.027841 0.000000 
2670 0.028543 0.000000 
2671 0.029260 0.000000 
2672 0.029994 0.000000 
2673 0.030744 0.000000 
2674 0.031511 0.000000 
2675 0.032296 0.000000 
2676 0.033098 0.000000 
2677 0.033918 0.000000 
2678 0.034757 0.000000 
2679 0.035614 0.000000 
2680 0.036491 0.000000 
2681 0.037386 0.000000 
2682 0.038302 0.000000 
2683 0.039237 0.000000 
2684 0.040193 0.000000 
2685 0.041170 0.000000 
2686 0.042169 0.000000 
2687 0.043189 0.000000 
2688 0.044231 0.000000 
2689 0.045296 0.000000 
2690 0.046384 0.000000 
2691 0.047495 0.000000 
2692 0.048630 0.000000 
2693 0.049789 0.000000 
2694 0.050973 0.000000 
2695 0.052182 0.000000 
2696 0.053417 0.000000 
2697 0.054677 0.000000 
2698 0.055965 0.000000 
2699 0.057279 0.000000 
2700 0.058621 0.000000 
2701 0.059990 0.000000 
2702 0.061388 0.000000 
2703 0.062816 0.000000 
2704 0.064272 0.000000 
2705 0.065759 0.000000 
2706 0.067276 0.000000 
2707 0.068824 0.000000 
2708 0.070404 0.000000 
2709 0.072016 0.000000 
2710 0.073660 0.000000 
2711 0.075338 0.000000 
2712 0.077049 0.000000 
2713 0.078795 0.000000 
2714 0.080576 0.000000 
2715 0.082392 0.000000 
2716 0.084244 0.000000 
2717 0.086133 0.000000 
2718 0.088060 0.000000 
2719 0.090024 0.000000 
2720 0.092027 0.000000 
2721 0.094068 0.000000 
2722 0.096150 0.000000 
2723 0.098272 0.000000 
2724 0.100435 0.000000 
2725 0.102640 0.000000 
2726 0.104887 0.000000 
2727 0.107177 0.000000 
2728 0.109510 0.000000 
2729 0.111889 0.000000 
2730 0.114312 0.000000 
2731 0.116781 0.000000 
2732 0.119296 0.000000 
2733 0.121859 0.000000 
2734 0.124469 0.000000 
2735 0.127128 0.000000 
2736 0.129837 0.000000 
2737 0.132595 0.000000 
2738 0.135404 0.000000 
2739 0.138265 0.000000 
2740 0.141178 0.000000 
2741 0.144144 0.000000 
2742 0.147164 0.000000 
2743 0.150239 0.000000 
2744 0.153369 0.000000 
2745 0.156555 0.000000 
2746 0.159798 0.000000 
2747 0.163099 0.000000 
2748 0.166459 0.000000 
2749 0.169878 0.000000 
2750 0.173357 0.000000 
2751 0.176897 0.000000 
2752 0.180499 0.000000 
2753 0.184164 0.000000 
2754 0.187893 0.000000 
2755 0.191686 0.000000 
2756 0.195544 0.000000 
2757 0.199468 0.000000 
2758 0.203460 0.000000 
2759 0.207519 0.000000 
2760 0.211647 0.000000 
2761 0.215845 0.000000 
2762 0.220113 0.000000 
2763 0.224453 0.000000 
2764 0.228865 0.000000 
2765 0.233351 0.000000 
2766 0.237910 0.000000 
2767 0.242545 0.000000 
2768 0.247256 0.000000 
2769 0.252044 0.000000 
2770 0.256910 0.000000 
2771 0.261854 0.000000 
2772 0.266879 0.000000 
2773 0.271984 0.000000 
2774 0.277171 0.000000 
2775 0.282440 0.000000 
2776 0.287793 0.000000 
2777 0.293231 0.000000 
2778 0.298754 0.000000 
2779 0.304363 0.000000 
2780 0.310061 0.000000 
2781 0.315846 0.000000 
2782 0.321721 0.000000 
2783 0.327686 0.000000 
2784 0.333743 0.000000 
2785 0.339892 0.000000 
2786 0.346134 0.000000 
2787 0.352471 0.000000 
2788 0.358903 0.000000 
2789 0.365431 0.000000 
2790 0.372057 0.000000 
2791 0.378781 0.000000 
2792 0.385604 0.000000 
2793 0.392528 0.000000 
2794 0.399553 0.000000 
2795 0.406680 0.000000 
2796 0.413910 0.000000 
2797 0.421245 0.000000 
2798 0.428685 0.000000 
2799 0.436231 0.000000 
2800 0.443884 0.000000 
2801 0.451646 0.000000 
2802 0.459517 0.000000 
2803 0.467498 0.000000 
2804 0.475590 0.000000 
2805 0.483795 0.000000 
2806 0.492112 0.000000 
2807 0.500544 0.000000 
2808 0.509091 0.000000 
2809 0.517754 0.000000 
2810 0.526534 0.000000 
2811 0.535432 0.000000 
2812 0.544449 0.000000 
2813 0.553586 0.000000 
2814 0.562844 0.000000 
2815 0.572224 0.000000 
2816 0.581727 0.000000 
2817 0.591353 0.000000 
2818 0.601104 0.000000 
2819 0.610981 0.000000 
2820 0.620984 0.000000 
2821 0.631114 0.000000 
2822 0.641373 0.000000 
2823 0.651761 0.000000 
2824 0.662279 0.000000 
2825 0.672928 0.000000 
2826 0.683708 0.000000 
2827 0.694622 0.000000 
2828 0.705669 0.000000 
2829 0.716850 0.000000 
2830 0.728166 0.000000 
2831 0.739619 0.000000 
2832 0.751208 0.000000 
2833 0.762935 0.000000 
2834 0.774800 0.000000 
2835 0.786805 0.000000 
2836 0.798949 0.000000 
2837 0.811235 0.000000 
2838 0.823661 0.000000 
2839 0.836230 0.000000 
2840 0.848941 0.000000 
2841 0.861796 0.000000 
2842 0.874796 0.000000 
2843 0.887940 0.000000 
2844 0.901230 0.000000 
2845 0.914665 0.000000 
2846 0.928248 0.000000 
2847 0.941978 0.000000 
2848 0.955856 0.000000 
2849 0.969883 0.000000 
2850 0.984059 0.000000 
2851 0.998384 0.000000 
2852 1.012860 0.000000 
2853 1.027486 0.000000 
2854 1.042263 0.000000 
2855 1.057192 0.000000 
2856 1.072273 0.000000 
2857 1.087506 0.000000 
2858 1.102892 0.000000 
2859 1.118432 0.000000 
2860 1.134124 0.000000 
2861 1.149971 0.000000 
2862 1.165972 0.000000 
2863 1.182128 0.000000 
2864 1.198438 0.000000 
2865 1.214903 0.000000 
2866 1.231524 0.000000 
2867 1.248299 0.000000 
2868 1.265231 0.000000 
2869 1.282318 0.000000 
2870 1.299561 0.000000 
2871 1.316960 0.000000 
2872 1.334515 0.000000 
2873 1.352225 0.000000 
2874 1.370092 0.000000 
2875 1.388115 0.000000 
2876 1.406294 0.000000 
2877 1.424629 0.000000 
2878 1.443120 0.000000 
2879 1.461767 0.000000 
2880 1.480569 0.000000 
2881 1.499526 0.000000 
2882 1.518639 0.000000 
2883 1.537906 0.000000 
2884 1.557328 0.000000 
2885 1.576905 0.000000 
2886 1.596636 0.000000 
2887 1.616520 0.000000 
2888 1.636557 0.000000 
2889 1.656748 0.000000 
2890 1.677090 0.000000 
2891 1.697585 0.000000 
2892 1.718231 0.000000 
2893 1.739028 0.000000 
2894 1.759975 0.000000 
2895 1.781071 0.000000 
2896 1.802317 0.000000 
2897 1.823711 0.000000 
2898 1.845252 0.000000 
2899 1.866941 0.000000 
2900 1.888775 0.000000 
2901 1.910754 0.000000 
2902 1.932878 0.000000 
2903 1.955145 0.000000 
2904 1.977554 0.000000 
2905 2.000106 0.000000 
2906 2.022797 0.000000 
2907 2.045628 0.000000 
2908 2.068598 0.000000 
2909 2.091705 0.000000 
2910 2.114947 0.000000 
2911 2.138325 0.000000 
2912 2.161837 0.000000 
2913 2.185481 0.000000 
2914 2.209256 0.000000 
2915 2.233162 0.000000 
2916 2.257195 0.000000 
2917 2.281356 0.000000 
2918 2.305642 0.000000 
2919 2.330053 0.000000 
2920 2.354586 0.000000 
2921 2.379240 0.000000 
2922 2.404014 0.000000 
2923 2.428906 0.000000 
2924 2.453914 0.000000 
2925 2.479036 0.000000 
2926 2.504271 0.000000 
2927 2.529618 0.000000 
2928 2.555073 0.000000 
2929 2.580636 0.000000 
2930 2.606304 0.000000 
2931 2.632075 0.000000 
2932 2.657948 0.000000 
2933 2.683921 0.000000 
2934 2.709991 0.000000 
2935 2.736157 0.000000 
2936 2.762416 0.000000 
2937 2.788766 0.000000 
2938 2.815205 0.000000 
2939 2.841731 0.000000 
2940 2.868341 0.000000 
2941 2.895034 0.000000 
2942 2.921806 0.000000 
2943 2.948656 0.000000 
2944 2.975581 0.000000 
2945 3.002579 0.000000 
2946 3.029647 0.000000 
2947 3.056782 0.000000 
2948 3.083983 0.000000 
2949 3.111247 0.000000 
2950 3.138570 0.000000 
2951 3.165951 0.000000 
2952 3.193386 0.000000 
2953 3.220873 0.000000 
2954 3.248410 0.000000 
2955 3.275993 0.000000 
2956 3.303620 0.000000 
2957 3.331287 0.000000 
2958 3.358993 0.000000 
2959 3.386733 0.000000 
2960 3.414506 0.000000 
2961 3.442308 0.000000 
2962 3.470136 0.000000 
2963 3.497988 0.000000 
2964 3.525859 0.000000 
2965 3.553748 0.000000 
2966 3.581650 0.000000 
2967 3.609563 0.000000 
2968 3.637485 0.000000 
2969 3.665410 0.000000 
2970 3.693337 0.000000 
2971 3.721262 0.000000 
2972 3.749182 0.000000 
2973 3.777094 0.000000 
2974 3.804994 0.000000 
2975 3.832879 0.000000 
2976 3.860745 0.000000 
2977 3.888590 0.000000 
2978 3.916410 0.000000 
2979 3.944201 0.000000 
2980 3.971960 0.000000 
2981 3.999684 0.000000 
2982 4.027369 0.000000 
2983 4.055012 0.000000 
2984 4.082609 0.000000 
2985 4.110157 0.000000 
2986 4.137651 0.000000 
2987 4.165090 0.000000 
2988 4.192469 0.000000 
2989 4.219784 0.000000 
2990 4.247032 0.000000 
2991 4.274209 0.000000 
2992 4.301313 0.000000 
2993 4.328338 0.000000 
2994 4.355282 0.000000 
2995 4.382141 0.000000 
2996 4.408911 0.000000 
2997 4.435589 0.000000 
2998 4.462170 0.000000 
2999 4.488653 0.000000 
3000 4.515031 0.000000 
3001 4.541303 0.000000 
3002 4.567464 0.000000 
3003 4.593511 0.000000 
3004 4.619440 0.000000 
3005 4.645247 0.000000 
3006 4.670929 0.000000 
3007 4.696482 0.000000 
3008 4.721902 0.000000 
3009 4.747186 0.000000 
3010 4.772330 0.000000 
3011 4.797331 0.000000 
3012 4.822184 0.000000 
3013 4.846886 0.000000 
3014 4.871434 0.000000 
3015 4.895824 0.000000 
3016 4.920051 0.000000 
3017 4.944114 0.000000 
3018 4.968007 0.000000 
3019 4.991728 0.000000 
3020 5.015273 0.000000 
3021 5.038638 0.000000 
3022 5.061820 0.000000 
3023 5.084815 0.000000 
3024 5.107620 0.000000 
3025 5.130232 0.000000 
3026 5.152646 0.000000 
3027 5.174859 0.000000 
3028 5.196868 0.000000 
3029 5.218670 0.000000 
3030 5.240261 0.000000 
3031 5.261638 0.000000 
3032 5.282797 0.000000 
3033 5.303735 0.000000 
3034 5.324448 0.000000 
3035 5.344935 0.000000 
3036 5.365190 0.000000 
3037 5.385211 0.000000 
3038 5.404996 0.000000 
3039 5.424540 0.000000 
3040 5.443840 0.000000 
3041 5.462894 0.000000 
3042 5.481699 0.000000 
3043 5.500250 0.000000 
3044 5.518546 0.000000 
3045 5.536584 0.000000 
3046 5.554359 0.000000 
3047 5.571871 0.000000 
3048 5.589115 0.000000 
3049 5.606089 0.000000 
3050 5.622789 0.000000 
3051 5.639215 0.000000 
3052 5.655362 0.000000 
3053 5.671227 0.000000 
3054 5.686810 0.000000 
3055 5.702106 0.000000 
3056 5.717113 0.000000 
3057 5.731829 0.000000 
3058 5.746251 0.000000 
3059 5.760377 0.000000 
3060 5.774204 0.000000 
3061 5.787731 0.000000 
3062 5.800955 0.000000 
3063 5.813873 0.000000 
3064 5.826484 0.000000 
3065 5.838785 0.000000 
3066 5.850774 0.000000 
3067 5.862450 0.000000 
3068 5.873810 0.000000 
3069 5.884853 0.000000 
3070 5.895576 0.000000 
3071 5.905977 0.000000 
3072 5.916056 0.000000 
3073 5.925810 0.000000 
3074 5.935237 0.000000 
3075 5.944336 0.000000 
3076 5.953106 0.000000 
3077 5.961545 0.000000 
3078 5.969650 0.000000 
3079 5.977422 0.000000 
3080 5.984859 0.000000 
3081 5.991959 0.000000 
3082 5.998721 0.000000 
3083 6.005145 0.000000 
3084 6.011228 0.000000 
3085 6.016970 0.000000 
3086 6.022370 0.000000 
3087 6.027427 0.000000 
3088 6.032140 0.000000 
3089 6.036509 0.000000 
3090 6.040531 0.000000 
3091 6.044208 0.000000 
3092 6.047538 0.000000 
3093 6.050520 0.000000 
3094 6.053155 0.000000 
3095 6.055441 0.000000 
3096 6.057378 0.000000 
3097 6.058967 0.000000 
3098 6.060206 0.000000 
3099 6.061095 0.000000 
3100 6.061634 0.000000 
3101 6.061824 0.000000 
3102 6.061664 0.000000 
3103 6.061154 0.000000 
3104 6.060294 0.000000 
3105 6.059085 0.000000 
3106 6.057526 0.000000 
3107 6.055618 0.000000 
3108 6.053361 0.000000 
3109 6.050756 0.000000 
3110 6.047803 0.000000 
3111 6.044502 0.000000 
3112 6.040854 0.000000 
3113 6.036860 0.000000 
3114 6.032521 0.000000 
3115 6.027837 0.000000 
3116 6.022808 0.000000 
3117 6.017437 0.000000 
3118 6.011723 0.000000 
3119 6.005668 0.000000 
3120 5.999273 0.000000 
3121 5.992539 0.000000 
3122 5.985466 0.000000 
3123 5.978057 0.000000 
3124 5.970313 0.000000 
3125 5.962234 0.000000 
3126 5.953823 0.000000 
3127 5.945080 0.000000 
3128 5.936007 0.000000 
3129 5.926606 0.000000 
3130 5.916878 0.000000 
3131 5.906826 0.000000 
3132 5.896450 0.000000 
3133 5.885752 0.000000 
3134 5.874735 0.000000 
3135 5.863400 0.000000 
3136 5.851749 0.000000 
3137 5.839784 0.000000 
3138 5.827506 0.000000 
3139 5.814920 0.000000 
3140 5.802025 0.000000 
3141 5.788824 0.000000 
3142 5.775321 0.000000 
3143 5.761516 0.000000 
3144 5.747412 0.000000 
3145 5.733012 0.000000 
3146 5.718318 0.000000 
3147 5.703332 0.000000 
3148 5.688057 0.000000 
3149 5.672495 0.000000 
3150 5.656650 0.000000 
3151 5.640523 0.000000 
3152 5.624117 0.000000 
3153 5.607435 0.000000 
3154 5.590480 0.000000 
3155 5.573255 0.000000 
3156 5.555761 0.000000 
3157 5.538003 0.000000 
3158 5.519983 0.000000 
3159 5.501704 0.000000 
3160 5.483169 0.000000 
3161 5.464381 0.000000 
3162 5.445343 0.000000 
3163 5.426057 0.000000 
3164 5.406528 0.000000 
3165 5.386759 0.000000 
3166 5.366751 0.000000 
3167 5.346510 0.000000 
3168 5.326037 0.000000 
3169 5.305336 0.000000 
3170 5.284410 0.000000 
3171 5.263263 0.000000 
3172 5.241898 0.000000 
3173 5.220319 0.000000 
3174 5.198528 0.000000 
3175 5.176529 0.000000 
3176 5.154325 0.000000 
3177 5.131921 0.000000 
3178 5.109318 0.000000 
3179 5.086522 0.000000 
3180 5.063535 0.000000 
3181 5.040361 0.000000 
3182 5.017003 0.000000 
3183 4.993465 0.000000 
3184 4.969750 0.000000 
3185 4.945863 0.000000 
3186 4.921806 0.000000 
3187 4.897583 0.000000 
3188 4.873199 0.000000 
3189 4.848655 0.000000 
3190 4.823957 0.000000 
3191 4.799107 0.000000 
3192 4.774110 0.000000 
3193 4.748968 0.000000 
3194 4.723686 0.000000 
3195 4.698268 0.000000 
3196 4.672716 0.000000 
3197 4.647035 0.000000 
3198 4.621228 0.000000 
3199 4.595300 0.000000 
3200 4.569252 0.000000 
3201 4.543090 0.000000 
3202 4.516818 0.000000 
3203 4.490437 0.000000 
3204 4.463953 0.000000 
3205 4.437369 0.000000 
3206 4.410688 0.000000 
3207 4.383915 0.000000 
3208 4.357053 0.000000 
3209 4.330105 0.000000 
3210 4.303075 0.000000 
3211 4.275967 0.000000 
3212 4.248785 0.000000 
3213 4.221531 0.000000 
3214 4.194210 0.000000 
3215 4.166825 0.000000 
3216 4.139380 0.000000 
3217 4.111879 0.000000 
3218 4.084324 0.000000 
3219 4.056719 0.000000 
3220 4.029068 0.000000 
3221 4.001375 0.000000 
3222 3.973643 0.000000 
3223 3.945874 0.000000 
3224 3.918074 0.000000 
3225 3.890245 0.000000 
3226 3.862390 0.000000 
3227 3.834513 0.000000 
3228 3.806618 0.000000 
3229 3.778707 0.000000 
3230 3.750785 0.000000 
3231 3.722853 0.000000 
3232 3.694917 0.000000 
3233 3.666978 0.000000 
3234 3.639040 0.000000 
3235 3.611106 0.000000 
3236 3.583180 0.000000 
3237 3.555265 0.000000 
3238 3.527363 0.000000 
3239 3.499478 0.000000 
3240 3.471613 0.000000 
3241 3.443771 0.000000 
3242 3.415955 0.000000 
3243 3.388168 0.000000 
3244 3.360413 0.000000 
3245 3.332693 0.000000 
3246 3.305010 0.000000 
3247 3.277368 0.000000 
3248 3.249770 0.000000 
3249 3.222218 0.000000 
3250 3.194714 0.000000 
3251 3.167263 0.000000 
3252 3.139866 0.000000 
3253 3.112527 0.000000 
3254 3.085247 0.000000 
3255 3.058030 0.000000 
3256 3.030877 0.000000 
3257 3.003793 0.000000 
3258 2.976778 0.000000 
3259 2.949836 0.000000 
3260 2.922969 0.000000 
3261 2.896179 0.000000 
3262 2.869469 0.000000 
3263 2.842842 0.000000 
3264 2.816298 0.000000 
3265 2.789841 0.000000 
3266 2.763474 0.000000 
3267 2.737197 0.000000 
3268 2.711013 0.000000 
3269 2.684925 0.000000 
3270 2.658935 0.000000 
3271 2.633043 0.000000 
3272 2.607254 0.000000 
3273 2.581568 0.000000 
3274 2.555987 0.000000 
3275 2.530513 0.000000 
3276 2.505149 0.000000 
3277 2.479895 0.000000 
3278 2.454755 0.000000 
3279 2.429728 0.000000 
3280 2.404819 0.000000 
3281 2.380026 0.000000 
3282 2.355354 0.000000 
3283 2.330802 0.000000 
3284 2.306374 0.000000 
3285 2.282069 0.000000 
3286 2.257890 0.000000 
3287 2.233838 0.000000 
3288 2.209915 0.000000 
3289 2.186122 0.000000 
3290 2.162460 0.000000 
3291 2.138930 0.000000 
3292 2.115534 0.000000 
3293 2.092274 0.000000 
3294 2.069149 0.000000 
3295 2.046162 0.000000 
3296 2.023313 0.000000 
3297 2.000604 0.000000 
3298 1.978035 0.000000 
3299 1.955608 0.000000 
3300 1.933324 0.000000 
3301 1.911183 0.000000 
3302 1.889187 0.000000 
3303 1.867336 0.000000 
3304 1.845630 0.000000 
3305 1.824072 0.000000 
3306 1.802662 0.000000 
3307 1.781400 0.000000 
3308 1.760287 0.000000 
3309 1.739323 0.000000 
3310 1.718510 0.000000 
3311 1.697848 0.000000 
3312 1.677338 0.000000 
3313 1.656979 0.000000 
3314 1.636773 0.000000 
3315 1.616720 0.000000 
3316 1.596821 0.000000 
3317 1.577075 0.000000 
3318 1.557483 0.000000 
3319 1.538046 0.000000 
3320 1.518764 0.000000 
3321 1.499637 0.000000 
3322 1.480665 0.000000 
3323 1.461849 0.000000 
3324 1.443188 0.000000 
3325 1.424683 0.000000 
3326 1.406334 0.000000 
3327 1.388142 0.000000 
3328 1.370105 0.000000 
3329 1.352225 0.000000 
3330 1.334501 0.000000 
3331 1.316933 0.000000 
3332 1.299522 0.000000 
3333 1.282266 0.000000 
3334 1.265167 0.000000 
3335 1.248223 0.000000 
3336 1.231435 0.000000 
3337 1.214803 0.000000 
3338 1.198326 0.000000 
3339 1.182005 0.000000 
3340 1.165838 0.000000 
3341 1.149826 0.000000 
3342 1.133968 0.000000 
3343 1.118264 0.000000 
3344 1.102715 0.000000 
3345 1.087318 0.000000 
3346 1.072075 0.000000 
3347 1.056984 0.000000 
3348 1.042045 0.000000 
3349 1.027258 0.000000 
3350 1.012623 0.000000 
3351 0.998138 0.000000 
3352 0.983803 0.000000 
3353 0.969619 0.000000 
3354 0.955584 0.000000 
3355 0.941697 0.000000 
3356 0.927959 0.000000 
3357 0.914368 0.000000 
3358 0.900924 0.000000 
3359 0.887627 0.000000 
3360 0.874475 0.000000 
3361 0.861468 0.000000 
3362 0.848606 0.000000 
3363 0.835887 0.000000 
3364 0.823312 0.000000 
3365 0.810879 0.000000 
3366 0.798587 0.000000 
3367 0.786437 0.000000 
3368 0.774426 0.000000 
3369 0.762555 0.000000 
3370 0.750822 0.000000 
3371 0.739227 0.000000 
3372 0.727769 0.000000 
3373 0.716448 0.000000 
3374 0.705261 0.000000 
3375 0.694210 0.000000 
3376 0.683292 0.000000 
3377 0.672506 0.000000 
3378 0.661853 0.000000 
3379 0.651331 0.000000 
3380 0.640939 0.000000 
3381 0.630677 0.000000 
3382 0.620542 0.000000 
3383 0.610536 0.000000 
3384 0.600656 0.000000 
3385 0.590902 0.000000 
3386 0.581272 0.000000 
3387 0.571767 0.000000 
3388 0.562384 0.000000 
3389 0.553124 0.000000 
3390 0.543984 0.000000 
3391 0.534965 0.000000 
3392 0.526065 0.000000 
3393 0.517282 0.000000 
3394 0.508617 0.000000 
3395 0.500069 0.000000 
3396 0.491635 0.000000 
3397 0.483316 0.000000 
3398 0.475110 0.000000 
3399 0.467017 0.000000 
3400 0.459035 0.000000 
3401 0.451163 0.000000 
3402 0.443401 0.000000 
3403 0.435746 0.000000 
3404 0.428200 0.000000 
3405 0.420759 0.000000 
3406 0.413424 0.000000 
3407 0.406194 0.000000 
3408 0.399067 0.000000 
3409 0.392042 0.000000 
3410 0.385119 0.000000 
3411 0.378296 0.000000 
3412 0.371572 0.000000 
3413 0.364947 0.000000 
3414 0.358419 0.000000 
3415 0.351988 0.000000 
3416 0.345652 0.000000 
3417 0.339410 0.000000 
3418 0.333262 0.000000 
3419 0.327206 0.000000 
3420 0.321242 0.000000 
3421 0.315369 0.000000 
3422 0.309584 0.000000 
3423 0.303889 0.000000 
3424 0.298281 0.000000 
3425 0.292759 0.000000 
3426 0.287323 0.000000 
3427 0.281972 0.000000 
3428 0.276704 0.000000 
3429 0.271519 0.000000 
3430 0.266416 0.000000 
3431 0.261394 0.000000 
3432 0.256451 0.000000 
3433 0.251588 0.000000 
3434 0.246802 0.000000 
3435 0.242093 0.000000 
3436 0.237461 0.000000 
3437 0.232903 0.000000 
3438 0.228420 0.000000 
3439 0.224011 0.000000 
3440 0.219673 0.000000 
3441 0.215407 0.000000 
3442 0.211212 0.000000 
3443 0.207087 0.000000 
3444 0.203030 0.000000 
3445 0.199042 0.000000 
3446 0.195120 0.000000 
3447 0.191265 0.000000 
3448 0.187475 0.000000 
3449 0.183749 0.000000 
3450 0.180087 0.000000 
3451 0.176488 0.000000 
3452 0.172951 0.000000 
3453 0.169475 0.000000 
3454 0.166059 0.000000 
3455 0.162703 0.000000 
3456 0.159405 0.000000 
3457 0.156165 0.000000 
3458 0.152982 0.000000 
3459 0.149855 0.000000 
3460 0.146784 0.000000 
3461 0.143767 0.000000 
3462 0.140804 0.000000 
3463 0.137894 0.000000 
3464 0.135037 0.000000 
3465 0.132231 0.000000 
3466 0.129476 0.000000 
3467 0.126771 0.000000 
3468 0.124115 0.000000 
3469 0.121508 0.000000 
3470 0.118949 0.000000 
3471 0.116437 0.000000 
3472 0.113972 0.000000 
3473 0.111552 0.000000 
3474 0.109177 0.000000 
3475 0.106847 0.000000 
3476 0.104560 0.000000 
3477 0.102317 0.000000 
3478 0.100115 0.000000 
3479 0.097956 0.000000 
3480 0.095837 0.000000 
3481 0.093759 0.000000 
3482 0.091721 0.000000 
3483 0.089721 0.000000 
3484 0.087761 0.000000 
3485 0.085838 0.000000 
3486 0.083952 0.000000 
3487 0.082103 0.000000 
3488 0.080290 0.000000 
3489 0.078513 0.000000 
3490 0.076771 0.000000 
3491 0.075063 0.000000 
3492 0.073388 0.000000 
3493 0.071747 0.000000 
3494 0.070139 0.000000 
3495 0.068562 0.000000 
3496 0.067017 0.000000 
3497 0.065503 0.000000 
3498 0.064020 0.000000 
3499 0.062567 0.000000 
3500 0.061143 0.000000 
3501 0.059748 0.000000 
3502 0.058381 0.000000 
3503 0.057043 0.000000 
3504 0.055732 0.000000 
3505 0.054447 0.000000 
3506 0.053190 0.000000 
3507 0.051958 0.000000 
3508 0.050752 0.000000 
3509 0.049572 0.000000 
3510 0.048415 0.000000 
3511 0.047283 0.000000 
3512 0.046175 0.000000 
3513 0.045090 0.000000 
3514 0.044029 0.000000 
3515 0.042989 0.000000 
3516 0.041972 0.000000 
3517 0.040977 0.000000 
3518 0.040002 0.000000 
3519 0.039049 0.000000 
3520 0.038116 0.000000 
3521 0.037203 0.000000 
3522 0.036311 0.000000 
3523 0.035437 0.000000 
3524 0.034582 0.000000 
3525 0.033747 0.000000 
3526 0.032929 0.000000 
3527 0.032129 0.000000 
3528 0.031347 0.000000 
3529 0.030583 0.000000 
3530 0.029835 0.000000 
3531 0.029104 0.000000 
3532 0.028389 0.000000 
3533 0.027690 0.000000 
3534 0.027006 0.000000 
3535 0.026338 0.000000 
3536 0.025685 0.000000 
3537 0.025047 0.000000 
3538 0.024423 0.000000 
3539 0.023814 0.000000 
3540 0.023218 0.000000 
3541 0.022636 0.000000 
3542 0.022067 0.000000 
3543 0.021511 0.000000 
3544 0.020968 0.000000 
3545 0.020438 0.000000 
3546 0.019920 0.000000 
3547 0.019413 0.000000 
3548 0.018919 0.000000 
3549 0.018436 0.000000 
3550 0.017965 0.000000 
3551 0.017504 0.000000 
3552 0.017054 0.000000 
3553 0.016615 0.000000 
3554 0.016186 0.000000 
3555 0.015768 0.000000 
3556 0.015359 0.000000 
3557 0.014960 0.000000 
3558 0.014571 0.000000 
3559 0.014191 0.000000 
3560 0.013820 0.000000 
3561 0.013457 0.000000 
3562 0.013104 0.000000 
3563 0.012759 0.000000 
3564 0.012423 0.000000 
3565 0.012095 0.000000 
3566 0.011774 0.000000 
3567 0.011462 0.000000 
3568 0.011157 0.000000 
3569 0.010860 0.000000 
3570 0.010570 0.000000 
3571 0.010287 0.000000 
3572 0.010011 0.000000 
3573 0.009742 0.000000 
3574 0.009479 0.000000 
3575 0.009224 0.000000 
3576 0.008974 0.000000 
3577 0.008731 0.000000 
3578 0.008494 0.000000 
3579 0.008263 0.000000 
3580 0.008037 0.000000 
3581 0.007818 0.000000 
3582 0.007604 0.000000 
3583 0.007395 0.000000 
3584 0.007192 0.000000 
3585 0.006994 0.000000 
3586 0.006800 0.000000 
3587 0.006612 0.000000 
3588 0.006429 0.000000 
3589 0.006250 0.000000 
3590 0.006076 0.000000 
3591 0.005907 0.000000 
3592 0.005742 0.000000 
3593 0.005581 0.000000 
3594 0.005425 0.000000 
3595 0.005272 0.000000 
3596 0.005124 0.000000 
3597 0.004979 0.000000 
3598 0.004838 0.000000 
3599 0.004701 0.000000 
3600 0.004568 0.000000 
3601 0.004438 0.000000 
3602 0.004311 0.000000 
3603 0.004188 0.000000 
3604 0.004068 0.000000 
3605 0.003951 0.000000 
3606 0.003838 0.000000 
3607 0.003727 0.000000 
3608 0.003620 0.000000 
3609 0.003515 0.000000 
3610 0.003413 0.000000 
3611 0.003314 0.000000 
3612 0.003218 0.000000 
3613 0.003124 0.000000 
3614 0.003033 0.000000 
3615 0.002944 0.000000 
3616 0.002858 0.000000 
3617 0.002774 0.000000 
3618 0.002693 0.000000 
3619 0.002613 0.000000 
3620 0.002536 0.000000 
3621 0.002461 0.000000 
3622 0.002388 0.000000 
3623 0.002317 0.000000 
3624 0.002248 0.000000 
3625 0.002181 0.000000 
3626 0.002116 0.000000 
3627 0.002053 0.000000 
3628 0.001992 0.000000 
3629 0.001932 0.000000 
3630 0.001874 0.000000 
3631 0.001817 0.000000 
3632 0.001762 0.000000 
3633 0.001709 0.000000 
3634 0.001657 0.000000 
3635 0.001607 0.000000 
3636 0.001558 0.000000 
3637 0.001511 0.000000 
3638 0.001464 0.000000 
3639 0.001420 0.000000 
3640 0.001376 0.000000 
3641 0.001334 0.000000 
3642 0.001293 0.000000 
3643 0.001253 0.000000 
3644 0.001214 0.000000 
3645 0.001177 0.000000 
3646 0.001140 0.000000 
3647 0.001105 0.000000 
3648 0.001071 0.000000 
3649 0.001037 0.000000 
3650 0.001005 0.000000 
3651 0.000973 0.000000 
3652 0.000943 0.000000 
3653 0.000913 0.000000 
3654 0.000885 0.000000 
3655 0.000857 0.000000 
3656 0.000830 0.000000 
3657 0.000804 0.000000 
3658 0.000778 0.000000 
3659 0.000754 0.000000 
3660 0.000730 0.000000 
3661 0.000706 0.000000 
3662 0.000684 0.000000 
3663 0.000662 0.000000 
3664 0.000641 0.000000 
3665 0.000620 0.000000 
3666 0.000600 0.000000 
3667 0.000581 0.000000 
3668 0.000562 0.000000 
3669 0.000544 0.000000 
3670 0.000527 0.000000 
3671 0.000510 0.000000 
3672 0.000493 0.000000 
3673 0.000477 0.000000 
3674 0.000462 0.000000 
3675 0.000446 0.000000 
3676 0.000432 0.000000 
3677 0.000418 0.000000 
3678 0.000404 0.000000 
3679 0.000391 0.000000 
3680 0.000378 0.000000 
3681 0.000365 0.000000 
3682 0.000353 0.000000 
3683 0.000342 0.000000 
3684 0.000330 0.000000 
3685 0.000319 0.000000 
3686 0.000309 0.000000 
3687 0.000299 0.000000 
3688 0.000289 0.000000 
3689 0.000279 0.000000 
3690 0.000270 0.000000 
3691 0.000261 0.000000 
3692 0.000252 0.000000 
3693 0.000243 0.000000 
3694 0.000235 0.000000 
3695 0.000227 0.000000 
3696 0.000220 0.000000 
3697 0.000212 0.000000 
3698 0.000205 0.000000 
3699 0.000198 0.000000 
3700 0.000191 0.000000 
3701 0.000185 0.000000 
3702 0.000178 0.000000 
3703 0.000172 0.000000 
3704 0.000166 0.000000 
3705 0.000161 0.000000 
3706 0.000155 0.000000 
3707 0.000150 0.000000 
3708 0.000145 0.000000 
3709 0.000140 0.000000 
3710 0.000135 0.000000 
3711 0.000130 0.000000 
3712 0.000126 0.000000 
3713 0.000121 0.000000 
3714 0.000117 0.000000 
3715 0.000113 0.000000 
3716 0.000109 0.000000 
3717 0.000105 0.000000 
3718 0.000102 0.000000 
3719 0.000098 0.000000 
3720 0.000095 0.000000 
3721 0.000091 0.000000 
3722 0.000088 0.000000 
3723 0.000085 0.000000 
3724 0.000082 0.000000 
3725 0.000079 0.000000 
3726 0.000076 0.000000 
3727 0.000074 0.000000 
3728 0.000071 0.000000 
3729 0.000068 0.000000 
3730 0.000066 0.000000 
3731 0.000064 0.000000 
3732 0.000061 0.000000 
3733 0.000059 0.000000 
3734 0.000057 0.000000 
3735 0.000055 0.000000 
3736 0.000053 0.000000 
3737 0.000051 0.000000 
3738 0.000049 0.000000 
3739 0.000047 0.000000 
3740 0.000046 0.000000 
3741 0.000044 0.000000 
3742 0.000042 0.000000 
3743 0.000041 0.000000 
3744 0.000039 0.000000 
3745 0.000038 0.000000 
3746 0.000037 0.000000 
3747 0.000035 0.000000 
3748 0.000034 0.000000 
3749 0.000033 0.000000 
3750 0.000032 0.000000 
3751 0.000030 0.000000 
3752 0.000029 0.000000 
3753 0.000028 0.000000 
3754 0.000027 0.000000 
3755 0.000026 0.000000 
3756 0.000025 0.000000 
3757 0.000024 0.000000 
3758 0.000023 0.000000 
3759 0.000022 0.000000 
3760 0.000022 0.000000 
3761 0.000021 0.000000 
3762 0.000020 0.000000 
3763 0.000019 0.000000 
3764 0.000019 0.000000 
3765 0.000018 0.000000 
3766 0.000017 0.000000 
3767 0.000017 0.000000 
3768 0.000016 0.000000 
3769 0.000015 0.000000 
3770 0.000015 0.000000 
3771 0.000014 0.000000 
3772 0.000014 0.000000 
3773 0.000013 0.000000 
3774 0.000013 0.000000 
3775 0.000012 0.000000 
3776 0.000012 0.000000 
3777 0.000011 0.000000 
3778 0.000011 0.000000 
3779 0.000010 0.000000 
3780 0.000010 0.000000 
3781 0.000010 0.000000 
3782 0.000009 0.000000 
3783 0.000009 0.000000 
3784 0.000009 0.000000 
3785 0.000008 0.000000 
3786 0.000008 0.000000 
3787 0.000008 0.000000 
3788 0.000007 0.000000 
3789 0.000007 0.000000 
3790 0.000007 0.000000 
3791 0.000006 0.000000 
3792 0.000006 0.000000 
3793 0.000006 0.000000 
3794 0.000006 0.000000 
3795 0.000005 0.000000 
3796 0.000005 0.000000 
3797 0.000005 0.000000 
3798 0.000005 0.000000 
3799 0.000005 0.000000 
3800 0.000004 0.000000 
3801 0.000004 0.000000 
3802 0.000004 0.000000 
3803 0.000004 0.000000 
3804 0.000004 0.000000 
3805 0.000004 0.000000 
3806 0.000004 0.000000 
3807 0.000003 0.000000 
3808 0.000003 0.000000 
3809 0.000003 0.000000 
3810 0.000003 0.000000 
3811 0.000003 0.000000 
3812 0.000003 0.000000 
3813 0.000003 0.000000 
3814 0.000003 0.000000 
3815 0.000002 0.000000 
3816 0.000002 0.000000 
3817 0.000002 0.000000 
3818 0.000002 0.000000 
3819 0.000002 0.000000 
3820 0.000002 0.000000 
3821 0.000002 0.000000 
3822 0.000002 0.000000 
3823 0.000002 0.000000 
3824 0.000002 0.000000 
3825 0.000002 0.000000 
3826 0.000002 0.000000 
3827 0.000001 0.000000 
3828 0.000001 0.000000 
3829 0.000001 0.000000 
3830 0.000001 0.000000 
3831 0.000001 0.000000 
3832 0.000001 0.000000 
3833 0.000001 0.000000 
3834 0.000001 0.000000 
3835 0.000001 0.000000 
3836 0.000001 0.000000 
3837 0.000001 0.000000 
3838 0.000001 0.000000 
3839 0.000001 0.000000 
3840 0.000001 0.000000 
3841 0.000001 0.000000 
3842 0.000001 0.000000 
3843 0.000001 0.000000 
3844 0.000001 0.000000 
3845 0.000001 0.000000 
3846 0.000001 0.000000 
3847 0.000001 0.000000 
3848 0.000001 0.000000 
3849 0.000001 0.000000 
3850 0.000001 0.000000 
3851 0.000001 0.000000 
3852 0.000001 0.000000 
3853 0.000000 0.000000 
3854 0.000000 0.000000 
3855 0.000000 0.000000 
3856 0.000000 0.000000 
3857 0.000000 0.000000 
3858 0.000000 0.000000 
3859 0.000000 0.000000 
3860 0.000000 0.000000 
3861 0.000000 0.000000 
3862 0.000000 0.000000 
3863 0.000000 0.000000 
3864 0.000000 0.000000 
3865 0.000000 0.000000 
3866 0.000000 0.000000 
3867 0.000000 0.000000 
3868 0.000000 0.000000 
3869 0.000000 0.000000 
3870 0.000000 0.000000 
3871 0.000000 0.000000 
3872 0.000000 0.000000 
3873 0.000000 0.000000 
3874 0.000000 0.000000 
3875 0.000000 0.000000 
3876 0.000000 0.000000 
3877 0.000000 0.000000 
3878 0.000000 0.000000 
3879 0.000000 0.000000 
3880 0.000000 0.000000 
3881 0.000000 0.000000 
3882 0.000000 0.000000 
3883 0.000000 0.000000 
3884 0.000000 0.000000 
3885 0.000000 0.000000 
3886 0.000000 0.000000 
3887 0.000000 0.000000 
3888 0.000000 0.000000 
3889 0.000000 0.000000 
3890 0.000000 0.000000 
3891 0.000000 0.000000 
3892 0.000000 0.000000 
3893 0.000000 0.000000 
3894 0.000000 0.000000 
3895 0.000000 0.000000 
3896 0.000000 0.000000 
3897 0.000000 0.000000 
3898 0.000000 0.000000 
3899 0.000000 0.000000 
3900 0.000000 0.000000 
3901 0.000000 0.000000 
3902 0.000000 0.000000 
3903 0.000000 0.000000 
3904 0.000000 0.000000 
3905 0.000000 0.000000 
3906 0.000000 0.000000 
3907 0.000000 0.000000 
3908 0.000000 0.000000 
3909 0.000000 0.000000 
3910 0.000000 0.000000 
3911 0.000000 0.000000 
3912 0.000000 0.000000 
3913 0.000000 0.000000 
3914 0.000000 0.000000 
3915 0.000000 0.000000 
3916 0.000000 0.000000 
3917 0.000000 0.000000 
3918 0.000000 0.000000 
3919 0.000000 0.000000 
3920 0.000000 0.000000 
3921 0.000000 0.000000 
3922 0.000000 0.000000 
3923 0.000000 0.000000 
3924 0.000000 0.000000 
3925 0.000000 0.000000 
3926 0.000000 0.000000 
3927 0.000000 0.000000 
3928 0.000000 0.000000 
3929 0.000000 0.000000 
3930 0.000000 0.000000 
3931 0.000000 0.000000 
3932 0.000000 0.000000 
3933 0.000000 0.000000 
3934 0.000000 0.000000 
3935 0.000000 0.000000 
3936 0.000000 0.000000 
3937 0.000000 0.000000 
3938 0.000000 0.000000 
3939 0.000000 0.000000 
3940 0.000000 0.000000 
3941 0.000000 0.000000 
3942 0.000000 0.000000 
3943 0.000000 0.000000 
3944 0.000000 0.000000 
3945 0.000000 0.000000 
3946 0.000000 0.000000 
3947 0.000000 0.000000 
3948 0.000000 0.000000 
3949 0.000000 0.000000 
3950 0.000000 0.000000 
3951 0.000000 0.000000 
3952 0.000000 0.000000 
3953 0.000000 0.000000 
3954 0.000000 0.000000 
3955 0.000000 0.000000 
3956 0.000000 0.000000 
3957 0.000000 0.000000 
3958 0.000000 0.000000 
3959 0.000000 0.000000 
3960 0.000000 0.000000 
3961 0.000000 0.000000 
3962 0.000000 0.000000 
3963 0.000000 0.000000 
3964 0.000000 0.000000 
3965 0.000000 0.000000 
3966 0.000000 0.000000 
3967 0.000000 0.000000 
3968 0.000000 0.000000 
3969 0.000000 0.000000 
3970 0.000000 0.000000 
3971 0.000000 0.000000 
3972 0.000000 0.000000 
3973 0.000000 0.000000 
3974 0.000000 0.000000 
3975 0.000000 0.000000 
3976 0.000000 0.000000 
3977 0.000000 0.000000 
3978 0.000000 0.000000 
3979 0.000000 0.000000 
3980 0.000000 0.000000 
3981 0.000000 0.000000 
3982 0.000000 0.000000 
3983 0.000000 0.000000 
3984 0.000000 0.000000 
3985 0.000000 0.000000 
3986 0.000000 0.000000 
3987 0.000000 0.000000 
3988 0.000000 0.000000 
3989 0.000000 0.000000 
3990 0.000000 0.000000 
3991 0.000000 0.000000 
3992 0.000000 0.000000 
3993 0.000000 0.000000 
3994 0.000000 0.000000 
3995 0.000000 0.000000 
3996 0.000000 0.000000 
3997 0.000000 0.000000 
3998 0.000000 0.000000 
3999 0.000000 0.000000 
4000 0.000000 0.000000 
