0 0.000224 0.000000 
1 0.000232 0.000000 
2 0.000240 0.000000 
3 0.000248 0.000000 
4 0.000257 0.000000 
5 0.000265 0.000000 
6 0.000275 0.000000 
7 0.000284 0.000000 
8 0.000294 0.000000 
9 0.000304 0.000000 
10 0.000314 0.000000 
11 0.000324 0.000000 
12 0.000335 0.000000 
13 0.000347 0.000000 
14 0.000358 0.000000 
15 0.000370 0.000000 
16 0.000383 0.000000 
17 0.000396 0.000000 
18 0.000409 0.000000 
19 0.000423 0.000000 
20 0.000437 0.000000 
21 0.000451 0.000000 
22 0.000466 0.000000 
23 0.000482 0.000000 
24 0.000498 0.000000 
25 0.000514 0.000000 
26 0.000531 0.000000 
27 0.000549 0.000000 
28 0.000567 0.000000 
29 0.000585 0.000000 
30 0.000604 0.000000 
31 0.000624 0.000000 
32 0.000645 0.000000 
33 0.000666 0.000000 
34 0.000687 0.000000 
35 0.000710 0.000000 
36 0.000733 0.000000 
37 0.000756 0.000000 
38 0.000781 0.000000 
39 0.000806 0.000000 
40 0.000832 0.000000 
41 0.000859 0.000000 
42 0.000886 0.000000 
43 0.000914 0.000000 
44 0.000944 0.000000 
45 0.000974 0.000000 
46 0.001005 0.000000 
47 0.001037 0.000000 
48 0.001070 0.000000 
49 0.001103 0.000000 
50 0.001138 0.000000 
51 0.001174 0.000000 
52 0.001211 0.000000 
53 0.001249 0.000000 
54 0.001289 0.000000 
55 0.001329 0.000000 
56 0.001370 0.000000 
57 0.001413 0.000000 
58 0.001457 0.000000 
59 0.001502 0.000000 
60 0.001549 0.000000 
61 0.001597 0.000000 
62 0.001646 0.000000 
63 0.001697 0.000000 
64 0.001749 0.000000 
65 0.001803 0.000000 
66 0.001859 0.000000 
67 0.001915 0.000000 
68 0.001974 0.000000 
69 0.002034 0.000000 
70 0.002096 0.000000 
71 0.002160 0.000000 
72 0.002225 0.000000 
73 0.002293 0.000000 
74 0.002362 0.000000 
75 0.002433 0.000000 
76 0.002506 0.000000 
77 0.002582 0.000000 
78 0.002659 0.000000 
79 0.002739 0.000000 
80 0.002820 0.000000 
81 0.002904 0.000000 
82 0.002991 0.000000 
83 0.003080 0.000000 
84 0.003171 0.000000 
85 0.003265 0.000000 
86 0.003361 0.000000 
87 0.003460 0.000000 
88 0.003562 0.000000 
89 0.003666 0.000000 
90 0.003774 0.000000 
91 0.003884 0.000000 
92 0.003997 0.000000 
93 0.004113 0.000000 
94 0.004233 0.000000 
95 0.004356 0.000000 
96 0.004482 0.000000 
97 0.004611 0.000000 
98 0.004744 0.000000 
99 0.004880 0.000000 
100 0.005021 0.000000 
101 0.005164 0.000000 
102 0.005312 0.000000 
103 0.005464 0.000000 
104 0.005619 0.000000 
105 0.005779 0.000000 
106 0.005943 0.000000 
107 0.006111 0.000000 
108 0.006283 0.000000 
109 0.006460 0.000000 
110 0.006642 0.000000 
111 0.006828 0.000000 
112 0.007020 0.000000 
113 0.007216 0.000000 
114 0.007417 0.000000 
115 0.007624 0.000000 
116 0.007835 0.000000 
117 0.008053 0.000000 
118 0.008275 0.000000 
119 0.008504 0.000000 
120 0.008738 0.000000 
121 0.008978 0.000000 
122 0.009224 0.000000 
123 0.009477 0.000000 
124 0.009736 0.000000 
125 0.010001 0.000000 
126 0.010273 0.000000 
127 0.010552 0.000000 
128 0.010838 0.000000 
129 0.011130 0.000000 
130 0.011431 0.000000 
131 0.011738 0.000000 
132 0.012053 0.000000 
133 0.012376 0.000000 
134 0.012707 0.000000 
135 0.013046 0.000000 
136 0.013393 0.000000 
137 0.013749 0.000000 
138 0.014113 0.000000 
139 0.014487 0.000000 
140 0.014869 0.000000 
141 0.015260 0.000000 
142 0.015661 0.000000 
143 0.016072 0.000000 
144 0.016492 0.000000 
145 0.016923 0.000000 
146 0.017363 0.000000 
147 0.017814 0.000000 
148 0.018276 0.000000 
149 0.018749 0.000000 
150 0.019233 0.000000 
151 0.019728 0.000000 
152 0.020235 0.000000 
153 0.020754 0.000000 
154 0.021285 0.000000 
155 0.021828 0.000000 
156 0.022383 0.000000 
157 0.022952 0.000000 
158 0.023534 0.000000 
159 0.024129 0.000000 
160 0.024738 0.000000 
161 0.025360 0.000000 
162 0.025997 0.000000 
163 0.026649 0.000000 
164 0.027315 0.000000 
165 0.027996 0.000000 
166 0.028693 0.000000 
167 0.029405 0.000000 
168 0.030134 0.000000 
169 0.030878 0.000000 
170 0.031639 0.000000 
171 0.032418 0.000000 
172 0.033213 0.000000 
173 0.034026 0.000000 
174 0.034857 0.000000 
175 0.035706 0.000000 
176 0.036574 0.000000 
177 0.037461 0.000000 
178 0.038367 0.000000 
179 0.039293 0.000000 
180 0.040239 0.000000 
181 0.041205 0.000000 
182 0.042193 0.000000 
183 0.043201 0.000000 
184 0.044231 0.000000 
185 0.045283 0.000000 
186 0.046358 0.000000 
187 0.047455 0.000000 
188 0.048576 0.000000 
189 0.049720 0.000000 
190 0.050888 0.000000 
191 0.052081 0.000000 
192 0.053299 0.000000 
193 0.054542 0.000000 
194 0.055811 0.000000 
195 0.057107 0.000000 
196 0.058429 0.000000 
197 0.059778 0.000000 
198 0.061155 0.000000 
199 0.062560 0.000000 
200 0.063994 0.000000 
201 0.065458 0.000000 
202 0.066950 0.000000 
203 0.068473 0.000000 
204 0.070027 0.000000 
205 0.071612 0.000000 
206 0.073229 0.000000 
207 0.074877 0.000000 
208 0.076559 0.000000 
209 0.078274 0.000000 
210 0.080023 0.000000 
211 0.081807 0.000000 
212 0.083625 0.000000 
213 0.085479 0.000000 
214 0.087370 0.000000 
215 0.089297 0.000000 
216 0.091261 0.000000 
217 0.093264 0.000000 
218 0.095304 0.000000 
219 0.097385 0.000000 
220 0.099504 0.000000 
221 0.101665 0.000000 
222 0.103866 0.000000 
223 0.106109 0.000000 
224 0.108394 0.000000 
225 0.110723 0.000000 
226 0.113095 0.000000 
227 0.115511 0.000000 
228 0.117972 0.000000 
229 0.120479 0.000000 
230 0.123032 0.000000 
231 0.125633 0.000000 
232 0.128281 0.000000 
233 0.130977 0.000000 
234 0.133723 0.000000 
235 0.136518 0.000000 
236 0.139364 0.000000 
237 0.142261 0.000000 
238 0.145211 0.000000 
239 0.148213 0.000000 
240 0.151268 0.000000 
241 0.154378 0.000000 
242 0.157543 0.000000 
243 0.160764 0.000000 
244 0.164041 0.000000 
245 0.167376 0.000000 
246 0.170769 0.000000 
247 0.174221 0.000000 
248 0.177733 0.000000 
249 0.181305 0.000000 
250 0.184939 0.000000 
251 0.188634 0.000000 
252 0.192393 0.000000 
253 0.196216 0.000000 
254 0.200103 0.000000 
255 0.204056 0.000000 
256 0.208075 0.000000 
257 0.212161 0.000000 
258 0.216315 0.000000 
259 0.220539 0.000000 
260 0.224832 0.000000 
261 0.229195 0.000000 
262 0.233631 0.000000 
263 0.238138 0.000000 
264 0.242719 0.000000 
265 0.247374 0.000000 
266 0.252104 0.000000 
267 0.256910 0.000000 
268 0.261793 0.000000 
269 0.266754 0.000000 
270 0.271793 0.000000 
271 0.276912 0.000000 
272 0.282112 0.000000 
273 0.287392 0.000000 
274 0.292756 0.000000 
275 0.298202 0.000000 
276 0.303733 0.000000 
277 0.309348 0.000000 
278 0.315050 0.000000 
279 0.320839 0.000000 
280 0.326716 0.000000 
281 0.332681 0.000000 
282 0.338737 0.000000 
283 0.344883 0.000000 
284 0.351121 0.000000 
285 0.357452 0.000000 
286 0.363876 0.000000 
287 0.370395 0.000000 
288 0.377009 0.000000 
289 0.383720 0.000000 
290 0.390528 0.000000 
291 0.397435 0.000000 
292 0.404441 0.000000 
293 0.411547 0.000000 
294 0.418754 0.000000 
295 0.426064 0.000000 
296 0.433477 0.000000 
297 0.440993 0.000000 
298 0.448615 0.000000 
299 0.456343 0.000000 
300 0.464178 0.000000 
301 0.472121 0.000000 
302 0.480172 0.000000 
303 0.488334 0.000000 
304 0.496606 0.000000 
305 0.504989 0.000000 
306 0.513486 0.000000 
307 0.522095 0.000000 
308 0.530819 0.000000 
309 0.539659 0.000000 
310 0.548615 0.000000 
311 0.557687 0.000000 
312 0.566878 0.000000 
313 0.576188 0.000000 
314 0.585618 0.000000 
315 0.595169 0.000000 
316 0.604841 0.000000 
317 0.614635 0.000000 
318 0.624553 0.000000 
319 0.634596 0.000000 
320 0.644763 0.000000 
321 0.655056 0.000000 
322 0.665476 0.000000 
323 0.676024 0.000000 
324 0.686700 0.000000 
325 0.697506 0.000000 
326 0.708441 0.000000 
327 0.719508 0.000000 
328 0.730705 0.000000 
329 0.742036 0.000000 
330 0.753499 0.000000 
331 0.765097 0.000000 
332 0.776829 0.000000 
333 0.788697 0.000000 
334 0.800700 0.000000 
335 0.812841 0.000000 
336 0.825119 0.000000 
337 0.837535 0.000000 
338 0.850090 0.000000 
339 0.862785 0.000000 
340 0.875620 0.000000 
341 0.888595 0.000000 
342 0.901712 0.000000 
343 0.914971 0.000000 
344 0.928373 0.000000 
345 0.941918 0.000000 
346 0.955606 0.000000 
347 0.969439 0.000000 
348 0.983416 0.000000 
349 0.997539 0.000000 
350 1.011807 0.000000 
351 1.026222 0.000000 
352 1.040783 0.000000 
353 1.055491 0.000000 
354 1.070347 0.000000 
355 1.085351 0.000000 
356 1.100503 0.000000 
357 1.115803 0.000000 
358 1.131252 0.000000 
359 1.146851 0.000000 
360 1.162599 0.000000 
361 1.178496 0.000000 
362 1.194544 0.000000 
363 1.210742 0.000000 
364 1.227090 0.000000 
365 1.243589 0.000000 
366 1.260238 0.000000 
367 1.277039 0.000000 
368 1.293990 0.000000 
369 1.311092 0.000000 
370 1.328346 0.000000 
371 1.345750 0.000000 
372 1.363306 0.000000 
373 1.381013 0.000000 
374 1.398871 0.000000 
375 1.416879 0.000000 
376 1.435039 0.000000 
377 1.453349 0.000000 
378 1.471810 0.000000 
379 1.490422 0.000000 
380 1.509183 0.000000 
381 1.528094 0.000000 
382 1.547156 0.000000 
383 1.566366 0.000000 
384 1.585725 0.000000 
385 1.605234 0.000000 
386 1.624890 0.000000 
387 1.644694 0.000000 
388 1.664646 0.000000 
389 1.684745 0.000000 
390 1.704990 0.000000 
391 1.725381 0.000000 
392 1.745918 0.000000 
393 1.766599 0.000000 
394 1.787424 0.000000 
395 1.808393 0.000000 
396 1.829504 0.000000 
397 1.850757 0.000000 
398 1.872152 0.000000 
399 1.893687 0.000000 
400 1.915362 0.000000 
401 1.937175 0.000000 
402 1.959127 0.000000 
403 1.981215 0.000000 
404 2.003439 0.000000 
405 2.025798 0.000000 
406 2.048292 0.000000 
407 2.070918 0.000000 
408 2.093675 0.000000 
409 2.116564 0.000000 
410 2.139582 0.000000 
411 2.162728 0.000000 
412 2.186001 0.000000 
413 2.209400 0.000000 
414 2.232923 0.000000 
415 2.256569 0.000000 
416 2.280337 0.000000 
417 2.304225 0.000000 
418 2.328233 0.000000 
419 2.352357 0.000000 
420 2.376597 0.000000 
421 2.400952 0.000000 
422 2.425419 0.000000 
423 2.449998 0.000000 
424 2.474685 0.000000 
425 2.499481 0.000000 
426 2.524382 0.000000 
427 2.549388 0.000000 
428 2.574495 0.000000 
429 2.599704 0.000000 
430 2.625011 0.000000 
431 2.650415 0.000000 
432 2.675913 0.000000 
433 2.701505 0.000000 
434 2.727187 0.000000 
435 2.752958 0.000000 
436 2.778816 0.000000 
437 2.804758 0.000000 
438 2.830782 0.000000 
439 2.856887 0.000000 
440 2.883070 0.000000 
441 2.909328 0.000000 
442 2.935660 0.000000 
443 2.962063 0.000000 
444 2.988535 0.000000 
445 3.015073 0.000000 
446 3.041675 0.000000 
447 3.068339 0.000000 
448 3.095062 0.000000 
449 3.121841 0.000000 
450 3.148674 0.000000 
451 3.175558 0.000000 
452 3.202491 0.000000 
453 3.229471 0.000000 
454 3.256493 0.000000 
455 3.283557 0.000000 
456 3.310658 0.000000 
457 3.337795 0.000000 
458 3.364964 0.000000 
459 3.392163 0.000000 
460 3.419389 0.000000 
461 3.446638 0.000000 
462 3.473909 0.000000 
463 3.501197 0.000000 
464 3.528501 0.000000 
465 3.555817 0.000000 
466 3.583142 0.000000 
467 3.610474 0.000000 
468 3.637808 0.000000 
469 3.665143 0.000000 
470 3.692474 0.000000 
471 3.719799 0.000000 
472 3.747115 0.000000 
473 3.774418 0.000000 
474 3.801706 0.000000 
475 3.828974 0.000000 
476 3.856221 0.000000 
477 3.883442 0.000000 
478 3.910634 0.000000 
479 3.937795 0.000000 
480 3.964920 0.000000 
481 3.992007 0.000000 
482 4.019052 0.000000 
483 4.046052 0.000000 
484 4.073003 0.000000 
485 4.099902 0.000000 
486 4.126745 0.000000 
487 4.153530 0.000000 
488 4.180253 0.000000 
489 4.206910 0.000000 
490 4.233498 0.000000 
491 4.260014 0.000000 
492 4.286454 0.000000 
493 4.312814 0.000000 
494 4.339091 0.000000 
495 4.365282 0.000000 
496 4.391383 0.000000 
497 4.417391 0.000000 
498 4.443302 0.000000 
499 4.469112 0.000000 
500 4.494818 0.000000 
501 4.520418 0.000000 
502 4.545906 0.000000 
503 4.571280 0.000000 
504 4.596535 0.000000 
505 4.621670 0.000000 
506 4.646679 0.000000 
507 4.671560 0.000000 
508 4.696309 0.000000 
509 4.720923 0.000000 
510 4.745397 0.000000 
511 4.769729 0.000000 
512 4.793915 0.000000 
513 4.817952 0.000000 
514 4.841836 0.000000 
515 4.865563 0.000000 
516 4.889131 0.000000 
517 4.912535 0.000000 
518 4.935772 0.000000 
519 4.958840 0.000000 
520 4.981734 0.000000 
521 5.004451 0.000000 
522 5.026987 0.000000 
523 5.049340 0.000000 
524 5.071506 0.000000 
525 5.093482 0.000000 
526 5.115264 0.000000 
527 5.136849 0.000000 
528 5.158234 0.000000 
529 5.179415 0.000000 
530 5.200389 0.000000 
531 5.221154 0.000000 
532 5.241705 0.000000 
533 5.262041 0.000000 
534 5.282156 0.000000 
535 5.302049 0.000000 
536 5.321717 0.000000 
537 5.341156 0.000000 
538 5.360363 0.000000 
539 5.379335 0.000000 
540 5.398070 0.000000 
541 5.416564 0.000000 
542 5.434814 0.000000 
543 5.452818 0.000000 
544 5.470572 0.000000 
545 5.488075 0.000000 
546 5.505322 0.000000 
547 5.522311 0.000000 
548 5.539041 0.000000 
549 5.555507 0.000000 
550 5.571707 0.000000 
551 5.587639 0.000000 
552 5.603300 0.000000 
553 5.618688 0.000000 
554 5.633799 0.000000 
555 5.648632 0.000000 
556 5.663185 0.000000 
557 5.677454 0.000000 
558 5.691437 0.000000 
559 5.705133 0.000000 
560 5.718539 0.000000 
561 5.731652 0.000000 
562 5.744471 0.000000 
563 5.756994 0.000000 
564 5.769218 0.000000 
565 5.781141 0.000000 
566 5.792762 0.000000 
567 5.804078 0.000000 
568 5.815088 0.000000 
569 5.825790 0.000000 
570 5.836181 0.000000 
571 5.846261 0.000000 
572 5.856028 0.000000 
573 5.865479 0.000000 
574 5.874614 0.000000 
575 5.883431 0.000000 
576 5.891928 0.000000 
577 5.900104 0.000000 
578 5.907958 0.000000 
579 5.915488 0.000000 
580 5.922693 0.000000 
581 5.929572 0.000000 
582 5.936123 0.000000 
583 5.942346 0.000000 
584 5.948240 0.000000 
585 5.953803 0.000000 
586 5.959034 0.000000 
587 5.963934 0.000000 
588 5.968500 0.000000 
589 5.972732 0.000000 
590 5.976629 0.000000 
591 5.980191 0.000000 
592 5.983418 0.000000 
593 5.986307 0.000000 
594 5.988860 0.000000 
595 5.991076 0.000000 
596 5.992953 0.000000 
597 5.994493 0.000000 
598 5.995694 0.000000 
599 5.996557 0.000000 
600 5.997081 0.000000 
601 5.997266 0.000000 
602 5.997112 0.000000 
603 5.996620 0.000000 
604 5.995789 0.000000 
605 5.994619 0.000000 
606 5.993111 0.000000 
607 5.991265 0.000000 
608 5.989081 0.000000 
609 5.986559 0.000000 
610 5.983701 0.000000 
611 5.980506 0.000000 
612 5.976975 0.000000 
613 5.973108 0.000000 
614 5.968907 0.000000 
615 5.964372 0.000000 
616 5.959503 0.000000 
617 5.954302 0.000000 
618 5.948770 0.000000 
619 5.942906 0.000000 
620 5.936713 0.000000 
621 5.930192 0.000000 
622 5.923343 0.000000 
623 5.916167 0.000000 
624 5.908667 0.000000 
625 5.900842 0.000000 
626 5.892695 0.000000 
627 5.884226 0.000000 
628 5.875438 0.000000 
629 5.866331 0.000000 
630 5.856908 0.000000 
631 5.847169 0.000000 
632 5.837117 0.000000 
633 5.826753 0.000000 
634 5.816078 0.000000 
635 5.805095 0.000000 
636 5.793805 0.000000 
637 5.782211 0.000000 
638 5.770313 0.000000 
639 5.758115 0.000000 
640 5.745618 0.000000 
641 5.732824 0.000000 
642 5.719735 0.000000 
643 5.706353 0.000000 
644 5.692682 0.000000 
645 5.678722 0.000000 
646 5.664476 0.000000 
647 5.649946 0.000000 
648 5.635136 0.000000 
649 5.620047 0.000000 
650 5.604681 0.000000 
651 5.589041 0.000000 
652 5.573131 0.000000 
653 5.556951 0.000000 
654 5.540505 0.000000 
655 5.523796 0.000000 
656 5.506826 0.000000 
657 5.489598 0.000000 
658 5.472114 0.000000 
659 5.454378 0.000000 
660 5.436392 0.000000 
661 5.418160 0.000000 
662 5.399683 0.000000 
663 5.380965 0.000000 
664 5.362009 0.000000 
665 5.342818 0.000000 
666 5.323394 0.000000 
667 5.303742 0.000000 
668 5.283863 0.000000 
669 5.263761 0.000000 
670 5.243440 0.000000 
671 5.222902 0.000000 
672 5.202150 0.000000 
673 5.181187 0.000000 
674 5.160018 0.000000 
675 5.138645 0.000000 
676 5.117071 0.000000 
677 5.095299 0.000000 
678 5.073334 0.000000 
679 5.051177 0.000000 
680 5.028833 0.000000 
681 5.006305 0.000000 
682 4.983597 0.000000 
683 4.960711 0.000000 
684 4.937650 0.000000 
685 4.914420 0.000000 
686 4.891022 0.000000 
687 4.867460 0.000000 
688 4.843738 0.000000 
689 4.819860 0.000000 
690 4.795828 0.000000 
691 4.771646 0.000000 
692 4.747317 0.000000 
693 4.722846 0.000000 
694 4.698235 0.000000 
695 4.673488 0.000000 
696 4.648609 0.000000 
697 4.623601 0.000000 
698 4.598468 0.000000 
699 4.573213 0.000000 
700 4.547839 0.000000 
701 4.522350 0.000000 
702 4.496751 0.000000 
703 4.471043 0.000000 
704 4.445231 0.000000 
705 4.419318 0.000000 
706 4.393308 0.000000 
707 4.367204 0.000000 
708 4.341010 0.000000 
709 4.314729 0.000000 
710 4.288364 0.000000 
711 4.261920 0.000000 
712 4.235400 0.000000 
713 4.208806 0.000000 
714 4.182143 0.000000 
715 4.155414 0.000000 
716 4.128623 0.000000 
717 4.101772 0.000000 
718 4.074866 0.000000 
719 4.047907 0.000000 
720 4.020900 0.000000 
721 3.993846 0.000000 
722 3.966751 0.000000 
723 3.939616 0.000000 
724 3.912446 0.000000 
725 3.885244 0.000000 
726 3.858013 0.000000 
727 3.830756 0.000000 
728 3.803476 0.000000 
729 3.776178 0.000000 
730 3.748863 0.000000 
731 3.721536 0.000000 
732 3.694199 0.000000 
733 3.666855 0.000000 
734 3.639508 0.000000 
735 3.612161 0.000000 
736 3.584816 0.000000 
737 3.557477 0.000000 
738 3.530148 0.000000 
739 3.502830 0.000000 
740 3.475527 0.000000 
741 3.448242 0.000000 
742 3.420977 0.000000 
743 3.393737 0.000000 
744 3.366523 0.000000 
745 3.339338 0.000000 
746 3.312186 0.000000 
747 3.285068 0.000000 
748 3.257989 0.000000 
749 3.230950 0.000000 
750 3.203954 0.000000 
751 3.177004 0.000000 
752 3.150103 0.000000 
753 3.123253 0.000000 
754 3.096456 0.000000 
755 3.069716 0.000000 
756 3.043035 0.000000 
757 3.016415 0.000000 
758 2.989859 0.000000 
759 2.963370 0.000000 
760 2.936948 0.000000 
761 2.910598 0.000000 
762 2.884321 0.000000 
763 2.858120 0.000000 
764 2.831997 0.000000 
765 2.805954 0.000000 
766 2.779993 0.000000 
767 2.754116 0.000000 
768 2.728326 0.000000 
769 2.702625 0.000000 
770 2.677014 0.000000 
771 2.651496 0.000000 
772 2.626073 0.000000 
773 2.600747 0.000000 
774 2.575519 0.000000 
775 2.550392 0.000000 
776 2.525367 0.000000 
777 2.500446 0.000000 
778 2.475631 0.000000 
779 2.450924 0.000000 
780 2.426326 0.000000 
781 2.401840 0.000000 
782 2.377465 0.000000 
783 2.353206 0.000000 
784 2.329062 0.000000 
785 2.305035 0.000000 
786 2.281127 0.000000 
787 2.257340 0.000000 
788 2.233674 0.000000 
789 2.210131 0.000000 
790 2.186713 0.000000 
791 2.163421 0.000000 
792 2.140255 0.000000 
793 2.117218 0.000000 
794 2.094311 0.000000 
795 2.071534 0.000000 
796 2.048889 0.000000 
797 2.026377 0.000000 
798 2.003999 0.000000 
799 1.981756 0.000000 
800 1.959649 0.000000 
801 1.937679 0.000000 
802 1.915847 0.000000 
803 1.894154 0.000000 
804 1.872600 0.000000 
805 1.851188 0.000000 
806 1.829916 0.000000 
807 1.808787 0.000000 
808 1.787800 0.000000 
809 1.766957 0.000000 
810 1.746258 0.000000 
811 1.725705 0.000000 
812 1.705296 0.000000 
813 1.685034 0.000000 
814 1.664918 0.000000 
815 1.644949 0.000000 
816 1.625128 0.000000 
817 1.605455 0.000000 
818 1.585931 0.000000 
819 1.566555 0.000000 
820 1.547328 0.000000 
821 1.528251 0.000000 
822 1.509324 0.000000 
823 1.490547 0.000000 
824 1.471920 0.000000 
825 1.453444 0.000000 
826 1.435118 0.000000 
827 1.416944 0.000000 
828 1.398920 0.000000 
829 1.381048 0.000000 
830 1.363327 0.000000 
831 1.345757 0.000000 
832 1.328338 0.000000 
833 1.311071 0.000000 
834 1.293955 0.000000 
835 1.276990 0.000000 
836 1.260176 0.000000 
837 1.243513 0.000000 
838 1.227001 0.000000 
839 1.210640 0.000000 
840 1.194430 0.000000 
841 1.178370 0.000000 
842 1.162460 0.000000 
843 1.146700 0.000000 
844 1.131090 0.000000 
845 1.115629 0.000000 
846 1.100317 0.000000 
847 1.085154 0.000000 
848 1.070140 0.000000 
849 1.055273 0.000000 
850 1.040554 0.000000 
851 1.025983 0.000000 
852 1.011558 0.000000 
853 0.997280 0.000000 
854 0.983147 0.000000 
855 0.969160 0.000000 
856 0.955318 0.000000 
857 0.941620 0.000000 
858 0.928067 0.000000 
859 0.914656 0.000000 
860 0.901389 0.000000 
861 0.888263 0.000000 
862 0.875279 0.000000 
863 0.862436 0.000000 
864 0.849734 0.000000 
865 0.837171 0.000000 
866 0.824748 0.000000 
867 0.812462 0.000000 
868 0.800315 0.000000 
869 0.788304 0.000000 
870 0.776430 0.000000 
871 0.764691 0.000000 
872 0.753088 0.000000 
873 0.741618 0.000000 
874 0.730282 0.000000 
875 0.719078 0.000000 
876 0.708006 0.000000 
877 0.697065 0.000000 
878 0.686255 0.000000 
879 0.675574 0.000000 
880 0.665021 0.000000 
881 0.654596 0.000000 
882 0.644298 0.000000 
883 0.634127 0.000000 
884 0.624080 0.000000 
885 0.614158 0.000000 
886 0.604360 0.000000 
887 0.594684 0.000000 
888 0.585130 0.000000 
889 0.575697 0.000000 
890 0.566384 0.000000 
891 0.557190 0.000000 
892 0.548115 0.000000 
893 0.539156 0.000000 
894 0.530314 0.000000 
895 0.521588 0.000000 
896 0.512976 0.000000 
897 0.504478 0.000000 
898 0.496092 0.000000 
899 0.487819 0.000000 
900 0.479656 0.000000 
901 0.471603 0.000000 
902 0.463659 0.000000 
903 0.455823 0.000000 
904 0.448094 0.000000 
905 0.440471 0.000000 
906 0.432953 0.000000 
907 0.425540 0.000000 
908 0.418230 0.000000 
909 0.411022 0.000000 
910 0.403916 0.000000 
911 0.396910 0.000000 
912 0.390003 0.000000 
913 0.383195 0.000000 
914 0.376484 0.000000 
915 0.369870 0.000000 
916 0.363352 0.000000 
917 0.356928 0.000000 
918 0.350598 0.000000 
919 0.344361 0.000000 
920 0.338216 0.000000 
921 0.332161 0.000000 
922 0.326197 0.000000 
923 0.320321 0.000000 
924 0.314534 0.000000 
925 0.308833 0.000000 
926 0.303219 0.000000 
927 0.297690 0.000000 
928 0.292245 0.000000 
929 0.286883 0.000000 
930 0.281604 0.000000 
931 0.276407 0.000000 
932 0.271290 0.000000 
933 0.266253 0.000000 
934 0.261294 0.000000 
935 0.256413 0.000000 
936 0.251609 0.000000 
937 0.246882 0.000000 
938 0.242229 0.000000 
939 0.237651 0.000000 
940 0.233145 0.000000 
941 0.228713 0.000000 
942 0.224352 0.000000 
943 0.220061 0.000000 
944 0.215841 0.000000 
945 0.211689 0.000000 
946 0.207606 0.000000 
947 0.203590 0.000000 
948 0.199640 0.000000 
949 0.195756 0.000000 
950 0.191936 0.000000 
951 0.188180 0.000000 
952 0.184488 0.000000 
953 0.180857 0.000000 
954 0.177288 0.000000 
955 0.173780 0.000000 
956 0.170331 0.000000 
957 0.166942 0.000000 
958 0.163610 0.000000 
959 0.160336 0.000000 
960 0.157119 0.000000 
961 0.153957 0.000000 
962 0.150851 0.000000 
963 0.147798 0.000000 
964 0.144800 0.000000 
965 0.141854 0.000000 
966 0.138960 0.000000 
967 0.136118 0.000000 
968 0.133326 0.000000 
969 0.130584 0.000000 
970 0.127891 0.000000 
971 0.125247 0.000000 
972 0.122650 0.000000 
973 0.120101 0.000000 
974 0.117597 0.000000 
975 0.115140 0.000000 
976 0.112727 0.000000 
977 0.110359 0.000000 
978 0.108034 0.000000 
979 0.105753 0.000000 
980 0.103513 0.000000 
981 0.101315 0.000000 
982 0.099159 0.000000 
983 0.097043 0.000000 
984 0.094966 0.000000 
985 0.092929 0.000000 
986 0.090930 0.000000 
987 0.088969 0.000000 
988 0.087046 0.000000 
989 0.085159 0.000000 
990 0.083309 0.000000 
991 0.081494 0.000000 
992 0.079714 0.000000 
993 0.077969 0.000000 
994 0.076257 0.000000 
995 0.074579 0.000000 
996 0.072934 0.000000 
997 0.071321 0.000000 
998 0.069739 0.000000 
999 0.068189 0.000000 
1000 0.066670 0.000000 
1001 0.065180 0.000000 
1002 0.063721 0.000000 
1003 0.062290 0.000000 
1004 0.060889 0.000000 
1005 0.059515 0.000000 
1006 0.058169 0.000000 
1007 0.056850 0.000000 
1008 0.055558 0.000000 
1009 0.054293 0.000000 
1010 0.053053 0.000000 
1011 0.051838 0.000000 
1012 0.050649 0.000000 
1013 0.049484 0.000000 
1014 0.048343 0.000000 
1015 0.047225 0.000000 
1016 0.046131 0.000000 
1017 0.045060 0.000000 
1018 0.044011 0.000000 
1019 0.042984 0.000000 
1020 0.041979 0.000000 
1021 0.040994 0.000000 
1022 0.040031 0.000000 
1023 0.039088 0.000000 
1024 0.038165 0.000000 
1025 0.037262 0.000000 
1026 0.036378 0.000000 
1027 0.035513 0.000000 
1028 0.034667 0.000000 
1029 0.033839 0.000000 
1030 0.033028 0.000000 
1031 0.032236 0.000000 
1032 0.031460 0.000000 
1033 0.030702 0.000000 
1034 0.029960 0.000000 
1035 0.029235 0.000000 
1036 0.028525 0.000000 
1037 0.027831 0.000000 
1038 0.027152 0.000000 
1039 0.026489 0.000000 
1040 0.025840 0.000000 
1041 0.025205 0.000000 
1042 0.024585 0.000000 
1043 0.023979 0.000000 
1044 0.023386 0.000000 
1045 0.022807 0.000000 
1046 0.022241 0.000000 
1047 0.021687 0.000000 
1048 0.021147 0.000000 
1049 0.020618 0.000000 
1050 0.020102 0.000000 
1051 0.019597 0.000000 
1052 0.019104 0.000000 
1053 0.018622 0.000000 
1054 0.018152 0.000000 
1055 0.017692 0.000000 
1056 0.017243 0.000000 
1057 0.016805 0.000000 
1058 0.016376 0.000000 
1059 0.015958 0.000000 
1060 0.015549 0.000000 
1061 0.015150 0.000000 
1062 0.014761 0.000000 
1063 0.014381 0.000000 
1064 0.014009 0.000000 
1065 0.013647 0.000000 
1066 0.013293 0.000000 
1067 0.012948 0.000000 
1068 0.012610 0.000000 
1069 0.012281 0.000000 
1070 0.011960 0.000000 
1071 0.011647 0.000000 
1072 0.011341 0.000000 
1073 0.011042 0.000000 
1074 0.010751 0.000000 
1075 0.010467 0.000000 
1076 0.010190 0.000000 
1077 0.009919 0.000000 
1078 0.009656 0.000000 
1079 0.009398 0.000000 
1080 0.009147 0.000000 
1081 0.008903 0.000000 
1082 0.008664 0.000000 
1083 0.008431 0.000000 
1084 0.008204 0.000000 
1085 0.007983 0.000000 
1086 0.007767 0.000000 
1087 0.007557 0.000000 
1088 0.007352 0.000000 
1089 0.007152 0.000000 
1090 0.006957 0.000000 
1091 0.006767 0.000000 
1092 0.006582 0.000000 
1093 0.006401 0.000000 
1094 0.006225 0.000000 
1095 0.006054 0.000000 
1096 0.005887 0.000000 
1097 0.005724 0.000000 
1098 0.005566 0.000000 
1099 0.005411 0.000000 
1100 0.005261 0.000000 
1101 0.005114 0.000000 
1102 0.004971 0.000000 
1103 0.004832 0.000000 
1104 0.004697 0.000000 
1105 0.004565 0.000000 
1106 0.004437 0.000000 
1107 0.004312 0.000000 
1108 0.004190 0.000000 
1109 0.004071 0.000000 
1110 0.003956 0.000000 
1111 0.003843 0.000000 
1112 0.003734 0.000000 
1113 0.003627 0.000000 
1114 0.003524 0.000000 
1115 0.003423 0.000000 
1116 0.003325 0.000000 
1117 0.003229 0.000000 
1118 0.003136 0.000000 
1119 0.003046 0.000000 
1120 0.002958 0.000000 
1121 0.002872 0.000000 
1122 0.002789 0.000000 
1123 0.002708 0.000000 
1124 0.002629 0.000000 
1125 0.002552 0.000000 
1126 0.002477 0.000000 
1127 0.002405 0.000000 
1128 0.002334 0.000000 
1129 0.002266 0.000000 
1130 0.002199 0.000000 
1131 0.002134 0.000000 
1132 0.002071 0.000000 
1133 0.002010 0.000000 
1134 0.001950 0.000000 
1135 0.001892 0.000000 
1136 0.001836 0.000000 
1137 0.001781 0.000000 
1138 0.001728 0.000000 
1139 0.001676 0.000000 
1140 0.001626 0.000000 
1141 0.001577 0.000000 
1142 0.001529 0.000000 
1143 0.001483 0.000000 
1144 0.001438 0.000000 
1145 0.001395 0.000000 
1146 0.001352 0.000000 
1147 0.001311 0.000000 
1148 0.001271 0.000000 
1149 0.001233 0.000000 
1150 0.001195 0.000000 
1151 0.001158 0.000000 
1152 0.001123 0.000000 
1153 0.001088 0.000000 
1154 0.001055 0.000000 
1155 0.001022 0.000000 
1156 0.000991 0.000000 
1157 0.000960 0.000000 
1158 0.000930 0.000000 
1159 0.000901 0.000000 
1160 0.000873 0.000000 
1161 0.000846 0.000000 
1162 0.000820 0.000000 
1163 0.000794 0.000000 
1164 0.000769 0.000000 
1165 0.000745 0.000000 
1166 0.000722 0.000000 
1167 0.000699 0.000000 
1168 0.000677 0.000000 
1169 0.000656 0.000000 
1170 0.000635 0.000000 
1171 0.000615 0.000000 
1172 0.000595 0.000000 
1173 0.000576 0.000000 
1174 0.000558 0.000000 
1175 0.000540 0.000000 
1176 0.000523 0.000000 
1177 0.000506 0.000000 
1178 0.000490 0.000000 
1179 0.000474 0.000000 
1180 0.000459 0.000000 
1181 0.000444 0.000000 
1182 0.000430 0.000000 
1183 0.000416 0.000000 
1184 0.000402 0.000000 
1185 0.000389 0.000000 
1186 0.000377 0.000000 
1187 0.000364 0.000000 
1188 0.000352 0.000000 
1189 0.000341 0.000000 
1190 0.000330 0.000000 
1191 0.000319 0.000000 
1192 0.000308 0.000000 
1193 0.000298 0.000000 
1194 0.000288 0.000000 
1195 0.000279 0.000000 
1196 0.000270 0.000000 
1197 0.000261 0.000000 
1198 0.000252 0.000000 
1199 0.000244 0.000000 
1200 0.000236 0.000000 
1201 0.000228 0.000000 
1202 0.000220 0.000000 
1203 0.000213 0.000000 
1204 0.000206 0.000000 
1205 0.000199 0.000000 
1206 0.000192 0.000000 
1207 0.000186 0.000000 
1208 0.000179 0.000000 
1209 0.000173 0.000000 
1210 0.000167 0.000000 
1211 0.000162 0.000000 
1212 0.000156 0.000000 
1213 0.000151 0.000000 
1214 0.000146 0.000000 
1215 0.000141 0.000000 
1216 0.000136 0.000000 
1217 0.000131 0.000000 
1218 0.000127 0.000000 
1219 0.000122 0.000000 
1220 0.000118 0.000000 
1221 0.000114 0.000000 
1222 0.000110 0.000000 
1223 0.000106 0.000000 
1224 0.000103 0.000000 
1225 0.000099 0.000000 
1226 0.000096 0.000000 
1227 0.000092 0.000000 
1228 0.000089 0.000000 
1229 0.000086 0.000000 
1230 0.000083 0.000000 
1231 0.000080 0.000000 
1232 0.000077 0.000000 
1233 0.000075 0.000000 
1234 0.000072 0.000000 
1235 0.000069 0.000000 
1236 0.000067 0.000000 
1237 0.000065 0.000000 
1238 0.000062 0.000000 
1239 0.000060 0.000000 
1240 0.000058 0.000000 
1241 0.000056 0.000000 
1242 0.000054 0.000000 
1243 0.000052 0.000000 
1244 0.000050 0.000000 
1245 0.000048 0.000000 
1246 0.000047 0.000000 
1247 0.000045 0.000000 
1248 0.000043 0.000000 
1249 0.000042 0.000000 
1250 0.000040 0.000000 
1251 0.000039 0.000000 
1252 0.000037 0.000000 
1253 0.000036 0.000000 
1254 0.000035 0.000000 
1255 0.000034 0.000000 
1256 0.000032 0.000000 
1257 0.000031 0.000000 
1258 0.000030 0.000000 
1259 0.000029 0.000000 
1260 0.000028 0.000000 
1261 0.000027 0.000000 
1262 0.000026 0.000000 
1263 0.000025 0.000000 
1264 0.000024 0.000000 
1265 0.000023 0.000000 
1266 0.000022 0.000000 
1267 0.000021 0.000000 
1268 0.000021 0.000000 
1269 0.000020 0.000000 
1270 0.000019 0.000000 
1271 0.000018 0.000000 
1272 0.000018 0.000000 
1273 0.000017 0.000000 
1274 0.000016 0.000000 
1275 0.000016 0.000000 
1276 0.000015 0.000000 
1277 0.000015 0.000000 
1278 0.000014 0.000000 
1279 0.000014 0.000000 
1280 0.000013 0.000000 
1281 0.000013 0.000000 
1282 0.000012 0.000000 
1283 0.000012 0.000000 
1284 0.000011 0.000000 
1285 0.000011 0.000000 
1286 0.000010 0.000000 
1287 0.000010 0.000000 
1288 0.000010 0.000000 
1289 0.000009 0.000000 
1290 0.000009 0.000000 
1291 0.000009 0.000000 
1292 0.000008 0.000000 
1293 0.000008 0.000000 
1294 0.000008 0.000000 
1295 0.000007 0.000000 
1296 0.000007 0.000000 
1297 0.000007 0.000000 
1298 0.000006 0.000000 
1299 0.000006 0.000000 
1300 0.000006 0.000000 
1301 0.000006 0.000000 
1302 0.000006 0.000000 
1303 0.000005 0.000000 
1304 0.000005 0.000000 
1305 0.000005 0.000000 
1306 0.000005 0.000000 
1307 0.000005 0.000000 
1308 0.000004 0.000000 
1309 0.000004 0.000000 
1310 0.000004 0.000000 
1311 0.000004 0.000000 
1312 0.000004 0.000000 
1313 0.000004 0.000000 
1314 0.000003 0.000000 
1315 0.000003 0.000000 
1316 0.000003 0.000000 
1317 0.000003 0.000000 
1318 0.000003 0.000000 
1319 0.000003 0.000000 
1320 0.000003 0.000000 
1321 0.000003 0.000000 
1322 0.000002 0.000000 
1323 0.000002 0.000000 
1324 0.000002 0.000000 
1325 0.000002 0.000000 
1326 0.000002 0.000000 
1327 0.000002 0.000000 
1328 0.000002 0.000000 
1329 0.000002 0.000000 
1330 0.000002 0.000000 
1331 0.000002 0.000000 
1332 0.000002 0.000000 
1333 0.000002 0.000000 
1334 0.000002 0.000000 
1335 0.000001 0.000000 
1336 0.000001 0.000000 
1337 0.000001 0.000000 
1338 0.000001 0.000000 
1339 0.000001 0.000000 
1340 0.000001 0.000000 
1341 0.000001 0.000000 
1342 0.000001 0.000000 
1343 0.000001 0.000000 
1344 0.000001 0.000000 
1345 0.000001 0.000000 
1346 0.000001 0.000000 
1347 0.000001 0.000000 
1348 0.000001 0.000000 
1349 0.000001 0.000000 
1350 0.000001 0.000000 
1351 0.000001 0.000000 
1352 0.000001 0.000000 
1353 0.000001 0.000000 
1354 0.000001 0.000000 
1355 0.000001 0.000000 
1356 0.000001 0.000000 
1357 0.000001 0.000000 
1358 0.000001 0.000000 
1359 0.000001 0.000000 
1360 0.000001 0.000000 
1361 0.000000 0.000000 
1362 0.000000 0.000000 
1363 0.000000 0.000000 
1364 0.000000 0.000000 
1365 0.000000 0.000000 
1366 0.000000 0.000000 
1367 0.000000 0.000000 
1368 0.000000 0.000000 
1369 0.000000 0.000000 
1370 0.000000 0.000000 
1371 0.000000 0.000000 
1372 0.000000 0.000000 
1373 0.000000 0.000000 
1374 0.000000 0.000000 
1375 0.000000 0.000000 
1376 0.000000 0.000000 
1377 0.000000 0.000000 
1378 0.000000 0.000000 
1379 0.000000 0.000000 
1380 0.000000 0.000000 
1381 0.000000 0.000000 
1382 0.000000 0.000000 
1383 0.000000 0.000000 
1384 0.000000 0.000000 
1385 0.000000 0.000000 
1386 0.000000 0.000000 
1387 0.000000 0.000000 
1388 0.000000 0.000000 
1389 0.000000 0.000000 
1390 0.000000 0.000000 
1391 0.000000 0.000000 
1392 0.000000 0.000000 
1393 0.000000 0.000000 
1394 0.000000 0.000000 
1395 0.000000 0.000000 
1396 0.000000 0.000000 
1397 0.000000 0.000000 
1398 0.000000 0.000000 
1399 0.000000 0.000000 
1400 0.000000 0.000000 
1401 0.000000 0.000000 
1402 0.000000 0.000000 
1403 0.000000 0.000000 
1404 0.000000 0.000000 
1405 0.000000 0.000000 
1406 0.000000 0.000000 
1407 0.000000 0.000000 
1408 0.000000 0.000000 
1409 0.000000 0.000000 
1410 0.000000 0.000000 
1411 0.000000 0.000000 
1412 0.000000 0.000000 
1413 0.000000 0.000000 
1414 0.000000 0.000000 
1415 0.000000 0.000000 
1416 0.000000 0.000000 
1417 0.000000 0.000000 
1418 0.000000 0.000000 
1419 0.000000 0.000000 
1420 0.000000 0.000000 
1421 0.000000 0.000000 
1422 0.000000 0.000000 
1423 0.000000 0.000000 
1424 0.000000 0.000000 
1425 0.000000 0.000000 
1426 0.000000 0.000000 
1427 0.000000 0.000000 
1428 0.000000 0.000000 
1429 0.000000 0.000000 
1430 0.000000 0.000000 
1431 0.000000 0.000000 
1432 0.000000 0.000000 
1433 0.000000 0.000000 
1434 0.000000 0.000000 
1435 0.000000 0.000000 
1436 0.000000 0.000000 
1437 0.000000 0.000000 
1438 0.000000 0.000000 
1439 0.000000 0.000000 
1440 0.000000 0.000000 
1441 0.000000 0.000000 
1442 0.000000 0.000000 
1443 0.000000 0.000000 
1444 0.000000 0.000000 
1445 0.000000 0.000000 
1446 0.000000 0.000000 
1447 0.000000 0.000000 
1448 0.000000 0.000000 
1449 0.000000 0.000000 
1450 0.000000 0.000000 
1451 0.000000 0.000000 
1452 0.000000 0.000000 
1453 0.000000 0.000000 
1454 0.000000 0.000000 
1455 0.000000 0.000000 
1456 0.000000 0.000000 
1457 0.000000 0.000000 
1458 0.000000 0.000000 
1459 0.000000 0.000000 
1460 0.000000 0.000000 
1461 0.000000 0.000000 
1462 0.000000 0.000000 
1463 0.000000 0.000000 
1464 0.000000 0.000000 
1465 0.000000 0.000000 
1466 0.000000 0.000000 
1467 0.000000 0.000000 
1468 0.000000 0.000000 
1469 0.000000 0.000000 
1470 0.000000 0.000000 
1471 0.000000 0.000000 
1472 0.000000 0.000000 
1473 0.000000 0.000000 
1474 0.000000 0.000000 
1475 0.000000 0.000000 
1476 0.000000 0.000000 
1477 0.000000 0.000000 
1478 0.000000 0.000000 
1479 0.000000 0.000000 
1480 0.000000 0.000000 
1481 0.000000 0.000000 
1482 0.000000 0.000000 
1483 0.000000 0.000000 
1484 0.000000 0.000000 
1485 0.000000 0.000000 
1486 0.000000 0.000000 
1487 0.000000 0.000000 
1488 0.000000 0.000000 
1489 0.000000 0.000000 
1490 0.000000 0.000000 
1491 0.000000 0.000000 
1492 0.000000 0.000000 
1493 0.000000 0.000000 
1494 0.000000 0.000000 
1495 0.000000 0.000000 
1496 0.000000 0.000000 
1497 0.000000 0.000000 
1498 0.000000 0.000000 
1499 0.000000 0.000000 
1500 0.000000 0.000000 
1501 0.000000 0.000000 
1502 0.000000 0.000000 
1503 0.000000 0.000000 
1504 0.000000 0.000000 
1505 0.000000 0.000000 
1506 0.000000 0.000000 
1507 0.000000 0.000000 
1508 0.000000 0.000000 
1509 0.000000 0.000000 
1510 0.000000 0.000000 
1511 0.000000 0.000000 
1512 0.000000 0.000000 
1513 0.000000 0.000000 
1514 0.000000 0.000000 
1515 0.000000 0.000000 
1516 0.000000 0.000000 
1517 0.000000 0.000000 
1518 0.000000 0.000000 
1519 0.000000 0.000000 
1520 0.000000 0.000000 
1521 0.000000 0.000000 
1522 0.000000 0.000000 
1523 0.000000 0.000000 
1524 0.000000 0.000000 
1525 0.000000 0.000000 
1526 0.000000 0.000000 
1527 0.000000 0.000000 
1528 0.000000 0.000000 
1529 0.000000 0.000000 
1530 0.000000 0.000000 
1531 0.000000 0.000000 
1532 0.000000 0.000000 
1533 0.000000 0.000000 
1534 0.000000 0.000000 
1535 0.000000 0.000000 
1536 0.000000 0.000000 
1537 0.000000 0.000000 
1538 0.000000 0.000000 
1539 0.000000 0.000000 
1540 0.000000 0.000000 
1541 0.000000 0.000000 
1542 0.000000 0.000000 
1543 0.000000 0.000000 
1544 0.000000 0.000000 
1545 0.000000 0.000000 
1546 0.000000 0.000000 
1547 0.000000 0.000000 
1548 0.000000 0.000000 
1549 0.000000 0.000000 
1550 0.000000 0.000000 
1551 0.000000 0.000000 
1552 0.000000 0.000000 
1553 0.000000 0.000000 
1554 0.000000 0.000000 
1555 0.000000 0.000000 
1556 0.000000 0.000000 
1557 0.000000 0.000000 
1558 0.000000 0.000000 
1559 0.000000 0.000000 
1560 0.000000 0.000000 
1561 0.000000 0.000000 
1562 0.000000 0.000000 
1563 0.000000 0.000000 
1564 0.000000 0.000000 
1565 0.000000 0.000000 
1566 0.000000 0.000000 
1567 0.000000 0.000000 
1568 0.000000 0.000000 
1569 0.000000 0.000000 
1570 0.000000 0.000000 
1571 0.000000 0.000000 
1572 0.000000 0.000000 
1573 0.000000 0.000000 
1574 0.000000 0.000000 
1575 0.000000 0.000000 
1576 0.000000 0.000000 
1577 0.000000 0.000000 
1578 0.000000 0.000000 
1579 0.000000 0.000000 
1580 0.000000 0.000000 
1581 0.000000 0.000000 
1582 0.000000 0.000000 
1583 0.000000 0.000000 
1584 0.000000 0.000000 
1585 0.000000 0.000000 
1586 0.000000 0.000000 
1587 0.000000 0.000000 
1588 0.000000 0.000000 
1589 0.000000 0.000000 
1590 0.000000 0.000000 
1591 0.000000 0.000000 
1592 0.000000 0.000000 
1593 0.000000 0.000000 
1594 0.000000 0.000000 
1595 0.000000 0.000000 
1596 0.000000 0.000000 
1597 0.000000 0.000000 
1598 0.000000 0.000000 
1599 0.000000 0.000000 
1600 0.000000 0.000000 
1601 0.000000 0.000000 
1602 0.000000 0.000000 
1603 0.000000 0.000000 
1604 0.000000 0.000000 
1605 0.000000 0.000000 
1606 0.000000 0.000000 
1607 0.000000 0.000000 
1608 0.000000 0.000000 
1609 0.000000 0.000000 
1610 0.000000 0.000000 
1611 0.000000 0.000000 
1612 0.000000 0.000000 
1613 0.000000 0.000000 
1614 0.000000 0.000000 
1615 0.000000 0.000000 
1616 0.000000 0.000000 
1617 0.000000 0.000000 
1618 0.000000 0.000000 
1619 0.000000 0.000000 
1620 0.000000 0.000000 
1621 0.000000 0.000000 
1622 0.000000 0.000000 
1623 0.000000 0.000000 
1624 0.000000 0.000000 
1625 0.000000 0.000000 
1626 0.000000 0.000000 
1627 0.000000 0.000000 
1628 0.000000 0.000000 
1629 0.000000 0.000000 
1630 0.000000 0.000000 
1631 0.000000 0.000000 
1632 0.000000 0.000000 
1633 0.000000 0.000000 
1634 0.000000 0.000000 
1635 0.000000 0.000000 
1636 0.000000 0.000000 
1637 0.000000 0.000000 
1638 0.000000 0.000000 
1639 0.000000 0.000000 
1640 0.000000 0.000000 
1641 0.000000 0.000000 
1642 0.000000 0.000000 
1643 0.000000 0.000000 
1644 0.000000 0.000000 
1645 0.000000 0.000000 
1646 0.000000 0.000000 
1647 0.000000 0.000000 
1648 0.000000 0.000000 
1649 0.000000 0.000000 
1650 0.000000 0.000000 
1651 0.000000 0.000000 
1652 0.000000 0.000000 
1653 0.000000 0.000000 
1654 0.000000 0.000000 
1655 0.000000 0.000000 
1656 0.000000 0.000000 
1657 0.000000 0.000000 
1658 0.000000 0.000000 
1659 0.000000 0.000000 
1660 0.000000 0.000000 
1661 0.000000 0.000000 
1662 0.000000 0.000000 
1663 0.000000 0.000000 
1664 0.000000 0.000000 
1665 0.000000 0.000000 
1666 0.000000 0.000000 
1667 0.000000 0.000000 
1668 0.000000 0.000000 
1669 0.000000 0.000000 
1670 0.000000 0.000000 
1671 0.000000 0.000000 
1672 0.000000 0.000000 
1673 0.000000 0.000000 
1674 0.000000 0.000000 
1675 0.000000 0.000000 
1676 0.000000 0.000000 
1677 0.000000 0.000000 
1678 0.000000 0.000000 
1679 0.000000 0.000000 
1680 0.000000 0.000000 
1681 0.000000 0.000000 
1682 0.000000 0.000000 
1683 0.000000 0.000000 
1684 0.000000 0.000000 
1685 0.000000 0.000000 
1686 0.000000 0.000000 
1687 0.000000 0.000000 
1688 0.000000 0.000000 
1689 0.000000 0.000000 
1690 0.000000 0.000000 
1691 0.000000 0.000000 
1692 0.000000 0.000000 
1693 0.000000 0.000000 
1694 0.000000 0.000000 
1695 0.000000 0.000000 
1696 0.000000 0.000000 
1697 0.000000 0.000000 
1698 0.000000 0.000000 
1699 0.000000 0.000000 
1700 0.000000 0.000000 
1701 0.000000 0.000000 
1702 0.000000 0.000000 
1703 0.000000 0.000000 
1704 0.000000 0.000000 
1705 0.000000 0.000000 
1706 0.000000 0.000000 
1707 0.000000 0.000000 
1708 0.000000 0.000000 
1709 0.000000 0.000000 
1710 0.000000 0.000000 
1711 0.000000 0.000000 
1712 0.000000 0.000000 
1713 0.000000 0.000000 
1714 0.000000 0.000000 
1715 0.000000 0.000000 
1716 0.000000 0.000000 
1717 0.000000 0.000000 
1718 0.000000 0.000000 
1719 0.000000 0.000000 
1720 0.000000 0.000000 
1721 0.000000 0.000000 
1722 0.000000 0.000000 
1723 0.000000 0.000000 
1724 0.000000 0.000000 
1725 0.000000 0.000000 
1726 0.000000 0.000000 
1727 0.000000 0.000000 
1728 0.000000 0.000000 
1729 0.000000 0.000000 
1730 0.000000 0.000000 
1731 0.000000 0.000000 
1732 0.000000 0.000000 
1733 0.000000 0.000000 
1734 0.000000 0.000000 
1735 0.000000 0.000000 
1736 0.000000 0.000000 
1737 0.000000 0.000000 
1738 0.000000 0.000000 
1739 0.000000 0.000000 
1740 0.000000 0.000000 
1741 0.000000 0.000000 
1742 0.000000 0.000000 
1743 0.000000 0.000000 
1744 0.000000 0.000000 
1745 0.000000 0.000000 
1746 0.000000 0.000000 
1747 0.000000 0.000000 
1748 0.000000 0.000000 
1749 0.000000 0.000000 
1750 0.000000 0.000000 
1751 0.000000 0.000000 
1752 0.000000 0.000000 
1753 0.000000 0.000000 
1754 0.000000 0.000000 
1755 0.000000 0.000000 
1756 0.000000 0.000000 
1757 0.000000 0.000000 
1758 0.000000 0.000000 
1759 0.000000 0.000000 
1760 0.000000 0.000000 
1761 0.000000 0.000000 
1762 0.000000 0.000000 
1763 0.000000 0.000000 
1764 0.000000 0.000000 
1765 0.000000 0.000000 
1766 0.000000 0.000000 
1767 0.000000 0.000000 
1768 0.000000 0.000000 
1769 0.000000 0.000000 
1770 0.000000 0.000000 
1771 0.000000 0.000000 
1772 0.000000 0.000000 
1773 0.000000 0.000000 
1774 0.000000 0.000000 
1775 0.000000 0.000000 
1776 0.000000 0.000000 
1777 0.000000 0.000000 
1778 0.000000 0.000000 
1779 0.000000 0.000000 
1780 0.000000 0.000000 
1781 0.000000 0.000000 
1782 0.000000 0.000000 
1783 0.000000 0.000000 
1784 0.000000 0.000000 
1785 0.000000 0.000000 
1786 0.000000 0.000000 
1787 0.000000 0.000000 
1788 0.000000 0.000000 
1789 0.000000 0.000000 
1790 0.000000 0.000000 
1791 0.000000 0.000000 
1792 0.000000 0.000000 
1793 0.000000 0.000000 
1794 0.000000 0.000000 
1795 0.000000 0.000000 
1796 0.000000 0.000000 
1797 0.000000 0.000000 
1798 0.000000 0.000000 
1799 0.000000 0.000000 
1800 0.000000 0.000000 
1801 0.000000 0.000000 
1802 0.000000 0.000000 
1803 0.000000 0.000000 
1804 0.000000 0.000000 
1805 0.000000 0.000000 
1806 0.000000 0.000000 
1807 0.000000 0.000000 
1808 0.000000 0.000000 
1809 0.000000 0.000000 
1810 0.000000 0.000000 
1811 0.000000 0.000000 
1812 0.000000 0.000000 
1813 0.000000 0.000000 
1814 0.000000 0.000000 
1815 0.000000 0.000000 
1816 0.000000 0.000000 
1817 0.000000 0.000000 
1818 0.000000 0.000000 
1819 0.000000 0.000000 
1820 0.000000 0.000000 
1821 0.000000 0.000000 
1822 0.000000 0.000000 
1823 0.000000 0.000000 
1824 0.000000 0.000000 
1825 0.000000 0.000000 
1826 0.000000 0.000000 
1827 0.000000 0.000000 
1828 0.000000 0.000000 
1829 0.000000 0.000000 
1830 0.000000 0.000000 
1831 0.000000 0.000000 
1832 0.000000 0.000000 
1833 0.000000 0.000000 
1834 0.000000 0.000000 
1835 0.000000 0.000000 
1836 0.000000 0.000000 
1837 0.000000 0.000000 
1838 0.000000 0.000000 
1839 0.000000 0.000000 
1840 0.000000 0.000000 
1841 0.000001 0.000000 
1842 0.000001 0.000000 
1843 0.000001 0.000000 
1844 0.000001 0.000000 
1845 0.000001 0.000000 
1846 0.000001 0.000000 
1847 0.000001 0.000000 
1848 0.000001 0.000000 
1849 0.000001 0.000000 
1850 0.000001 0.000000 
1851 0.000001 0.000000 
1852 0.000001 0.000000 
1853 0.000001 0.000000 
1854 0.000001 0.000000 
1855 0.000001 0.000000 
1856 0.000001 0.000000 
1857 0.000001 0.000000 
1858 0.000001 0.000000 
1859 0.000001 0.000000 
1860 0.000001 0.000000 
1861 0.000001 0.000000 
1862 0.000001 0.000000 
1863 0.000001 0.000000 
1864 0.000001 0.000000 
1865 0.000001 0.000000 
1866 0.000001 0.000000 
1867 0.000001 0.000000 
1868 0.000002 0.000000 
1869 0.000002 0.000000 
1870 0.000002 0.000000 
1871 0.000002 0.000000 
1872 0.000002 0.000000 
1873 0.000002 0.000000 
1874 0.000002 0.000000 
1875 0.000002 0.000000 
1876 0.000002 0.000000 
1877 0.000002 0.000000 
1878 0.000002 0.000000 
1879 0.000002 0.000000 
1880 0.000003 0.000000 
1881 0.000003 0.000000 
1882 0.000003 0.000000 
1883 0.000003 0.000000 
1884 0.000003 0.000000 
1885 0.000003 0.000000 
1886 0.000003 0.000000 
1887 0.000003 0.000000 
1888 0.000004 0.000000 
1889 0.000004 0.000000 
1890 0.000004 0.000000 
1891 0.000004 0.000000 
1892 0.000004 0.000000 
1893 0.000004 0.000000 
1894 0.000004 0.000000 
1895 0.000005 0.000000 
1896 0.000005 0.000000 
1897 0.000005 0.000000 
1898 0.000005 0.000000 
1899 0.000005 0.000000 
1900 0.000006 0.000000 
1901 0.000006 0.000000 
1902 0.000006 0.000000 
1903 0.000006 0.000000 
1904 0.000007 0.000000 
1905 0.000007 0.000000 
1906 0.000007 0.000000 
1907 0.000008 0.000000 
1908 0.000008 0.000000 
1909 0.000008 0.000000 
1910 0.000008 0.000001 
1911 0.000009 0.000001 
1912 0.000009 0.000001 
1913 0.000009 0.000001 
1914 0.000010 0.000001 
1915 0.000010 0.000001 
1916 0.000011 0.000001 
1917 0.000011 0.000001 
1918 0.000012 0.000001 
1919 0.000012 0.000001 
1920 0.000012 0.000001 
1921 0.000013 0.000001 
1922 0.000013 0.000001 
1923 0.000014 0.000001 
1924 0.000014 0.000001 
1925 0.000015 0.000002 
1926 0.000016 0.000002 
1927 0.000016 0.000002 
1928 0.000017 0.000002 
1929 0.000018 0.000002 
1930 0.000018 0.000002 
1931 0.000019 0.000002 
1932 0.000020 0.000002 
1933 0.000020 0.000003 
1934 0.000021 0.000003 
1935 0.000022 0.000003 
1936 0.000023 0.000003 
1937 0.000024 0.000003 
1938 0.000025 0.000004 
1939 0.000026 0.000004 
1940 0.000026 0.000004 
1941 0.000028 0.000004 
1942 0.000029 0.000005 
1943 0.000030 0.000005 
1944 0.000031 0.000005 
1945 0.000032 0.000006 
1946 0.000033 0.000006 
1947 0.000034 0.000007 
1948 0.000036 0.000007 
1949 0.000037 0.000008 
1950 0.000038 0.000008 
1951 0.000040 0.000009 
1952 0.000041 0.000009 
1953 0.000043 0.000010 
1954 0.000044 0.000011 
1955 0.000046 0.000011 
1956 0.000048 0.000012 
1957 0.000050 0.000013 
1958 0.000051 0.000014 
1959 0.000053 0.000015 
1960 0.000055 0.000016 
1961 0.000057 0.000017 
1962 0.000059 0.000018 
1963 0.000062 0.000019 
1964 0.000064 0.000020 
1965 0.000066 0.000021 
1966 0.000069 0.000023 
1967 0.000071 0.000024 
1968 0.000074 0.000026 
1969 0.000076 0.000027 
1970 0.000079 0.000029 
1971 0.000082 0.000031 
1972 0.000085 0.000033 
1973 0.000088 0.000035 
1974 0.000091 0.000038 
1975 0.000094 0.000040 
1976 0.000098 0.000042 
1977 0.000101 0.000045 
1978 0.000105 0.000048 
1979 0.000109 0.000051 
1980 0.000113 0.000054 
1981 0.000117 0.000058 
1982 0.000121 0.000061 
1983 0.000125 0.000065 
1984 0.000129 0.000069 
1985 0.000134 0.000074 
1986 0.000139 0.000078 
1987 0.000144 0.000083 
1988 0.000149 0.000088 
1989 0.000154 0.000094 
1990 0.000159 0.000099 
1991 0.000165 0.000105 
1992 0.000171 0.000112 
1993 0.000177 0.000119 
1994 0.000183 0.000126 
1995 0.000189 0.000134 
1996 0.000196 0.000142 
1997 0.000202 0.000150 
1998 0.000209 0.000159 
1999 0.000217 0.000169 
2000 0.000224 0.000179 
2001 0.000232 0.000190 
2002 0.000240 0.000201 
2003 0.000248 0.000213 
2004 0.000257 0.000226 
2005 0.000265 0.000239 
2006 0.000275 0.000253 
2007 0.000284 0.000268 
2008 0.000294 0.000284 
2009 0.000304 0.000301 
2010 0.000314 0.000318 
2011 0.000324 0.000337 
2012 0.000335 0.000356 
2013 0.000347 0.000377 
2014 0.000358 0.000399 
2015 0.000370 0.000422 
2016 0.000383 0.000446 
2017 0.000396 0.000472 
2018 0.000409 0.000499 
2019 0.000423 0.000527 
2020 0.000437 0.000557 
2021 0.000451 0.000589 
2022 0.000466 0.000622 
2023 0.000482 0.000657 
2024 0.000498 0.000694 
2025 0.000514 0.000733 
2026 0.000531 0.000774 
2027 0.000549 0.000817 
2028 0.000567 0.000863 
2029 0.000585 0.000911 
2030 0.000604 0.000961 
2031 0.000624 0.001014 
2032 0.000645 0.001070 
2033 0.000666 0.001129 
2034 0.000687 0.001191 
2035 0.000710 0.001256 
2036 0.000733 0.001324 
2037 0.000756 0.001396 
2038 0.000781 0.001471 
2039 0.000806 0.001551 
2040 0.000832 0.001634 
2041 0.000859 0.001722 
2042 0.000886 0.001814 
2043 0.000914 0.001911 
2044 0.000944 0.002012 
2045 0.000974 0.002119 
2046 0.001005 0.002231 
2047 0.001037 0.002349 
2048 0.001070 0.002472 
2049 0.001103 0.002602 
2050 0.001138 0.002738 
2051 0.001174 0.002881 
2052 0.001211 0.003030 
2053 0.001249 0.003187 
2054 0.001289 0.003352 
2055 0.001329 0.003524 
2056 0.001370 0.003705 
2057 0.001413 0.003895 
2058 0.001457 0.004094 
2059 0.001502 0.004302 
2060 0.001549 0.004520 
2061 0.001597 0.004749 
2062 0.001646 0.004988 
2063 0.001697 0.005239 
2064 0.001749 0.005502 
2065 0.001803 0.005776 
2066 0.001859 0.006064 
2067 0.001915 0.006365 
2068 0.001974 0.006680 
2069 0.002034 0.007010 
2070 0.002096 0.007355 
2071 0.002160 0.007715 
2072 0.002225 0.008092 
2073 0.002293 0.008486 
2074 0.002362 0.008899 
2075 0.002433 0.009330 
2076 0.002506 0.009780 
2077 0.002582 0.010250 
2078 0.002659 0.010742 
2079 0.002739 0.011255 
2080 0.002820 0.011792 
2081 0.002904 0.012352 
2082 0.002991 0.012936 
2083 0.003080 0.013547 
2084 0.003171 0.014184 
2085 0.003265 0.014849 
2086 0.003361 0.015543 
2087 0.003460 0.016266 
2088 0.003562 0.017022 
2089 0.003666 0.017809 
2090 0.003774 0.018630 
2091 0.003884 0.019487 
2092 0.003997 0.020379 
2093 0.004113 0.021309 
2094 0.004233 0.022279 
2095 0.004356 0.023289 
2096 0.004482 0.024342 
2097 0.004611 0.025438 
2098 0.004744 0.026580 
2099 0.004880 0.027769 
2100 0.005021 0.029007 
2101 0.005164 0.030296 
2102 0.005312 0.031637 
2103 0.005464 0.033033 
2104 0.005619 0.034486 
2105 0.005779 0.035997 
2106 0.005943 0.037568 
2107 0.006111 0.039203 
2108 0.006283 0.040903 
2109 0.006460 0.042670 
2110 0.006642 0.044507 
2111 0.006828 0.046417 
2112 0.007020 0.048401 
2113 0.007216 0.050462 
2114 0.007417 0.052604 
2115 0.007624 0.054829 
2116 0.007835 0.057139 
2117 0.008053 0.059538 
2118 0.008275 0.062029 
2119 0.008504 0.064614 
2120 0.008738 0.067297 
2121 0.008978 0.070082 
2122 0.009224 0.072971 
2123 0.009477 0.075968 
2124 0.009736 0.079076 
2125 0.010001 0.082300 
2126 0.010273 0.085642 
2127 0.010552 0.089107 
2128 0.010838 0.092699 
2129 0.011130 0.096421 
2130 0.011431 0.100279 
2131 0.011738 0.104275 
2132 0.012053 0.108415 
2133 0.012376 0.112702 
2134 0.012707 0.117142 
2135 0.013046 0.121739 
2136 0.013393 0.126498 
2137 0.013749 0.131424 
2138 0.014113 0.136522 
2139 0.014487 0.141797 
2140 0.014869 0.147254 
2141 0.015260 0.152898 
2142 0.015661 0.158736 
2143 0.016072 0.164772 
2144 0.016492 0.171013 
2145 0.016923 0.177465 
2146 0.017363 0.184133 
2147 0.017814 0.191023 
2148 0.018276 0.198143 
2149 0.018749 0.205498 
2150 0.019233 0.213094 
2151 0.019728 0.220939 
2152 0.020235 0.229040 
2153 0.020754 0.237402 
2154 0.021285 0.246034 
2155 0.021828 0.254943 
2156 0.022383 0.264136 
2157 0.022952 0.273620 
2158 0.023534 0.283403 
2159 0.024129 0.293493 
2160 0.024738 0.303898 
2161 0.025360 0.314626 
2162 0.025997 0.325685 
2163 0.026649 0.337083 
2164 0.027315 0.348829 
2165 0.027996 0.360932 
2166 0.028693 0.373400 
2167 0.029405 0.386243 
2168 0.030134 0.399469 
2169 0.030878 0.413087 
2170 0.031639 0.427107 
2171 0.032418 0.441539 
2172 0.033213 0.456391 
2173 0.034026 0.471674 
2174 0.034857 0.487398 
2175 0.035706 0.503573 
2176 0.036574 0.520208 
2177 0.037461 0.537314 
2178 0.038367 0.554901 
2179 0.039293 0.572981 
2180 0.040239 0.591563 
2181 0.041205 0.610659 
2182 0.042193 0.630279 
2183 0.043201 0.650435 
2184 0.044231 0.671137 
2185 0.045283 0.692397 
2186 0.046358 0.714226 
2187 0.047455 0.736635 
2188 0.048576 0.759637 
2189 0.049720 0.783243 
2190 0.050888 0.807464 
2191 0.052081 0.832313 
2192 0.053299 0.857801 
2193 0.054542 0.883941 
2194 0.055811 0.910744 
2195 0.057107 0.938224 
2196 0.058429 0.966391 
2197 0.059778 0.995258 
2198 0.061155 1.024839 
2199 0.062560 1.055144 
2200 0.063994 1.086187 
2201 0.065458 1.117981 
2202 0.066950 1.150536 
2203 0.068473 1.183868 
2204 0.070027 1.217987 
2205 0.071612 1.252906 
2206 0.073229 1.288639 
2207 0.074877 1.325197 
2208 0.076559 1.362594 
2209 0.078274 1.400842 
2210 0.080023 1.439953 
2211 0.081807 1.479940 
2212 0.083625 1.520816 
2213 0.085479 1.562592 
2214 0.087370 1.605282 
2215 0.089297 1.648898 
2216 0.091261 1.693452 
2217 0.093264 1.738957 
2218 0.095304 1.785423 
2219 0.097385 1.832864 
2220 0.099504 1.881291 
2221 0.101665 1.930716 
2222 0.103866 1.981150 
2223 0.106109 2.032605 
2224 0.108394 2.085093 
2225 0.110723 2.138624 
2226 0.113095 2.193210 
2227 0.115511 2.248861 
2228 0.117972 2.305588 
2229 0.120479 2.363402 
2230 0.123032 2.422312 
2231 0.125633 2.482328 
2232 0.128281 2.543460 
2233 0.130977 2.605719 
2234 0.133723 2.669112 
2235 0.136518 2.733648 
2236 0.139364 2.799338 
2237 0.142261 2.866187 
2238 0.145211 2.934206 
2239 0.148213 3.003401 
2240 0.151268 3.073780 
2241 0.154378 3.145349 
2242 0.157543 3.218116 
2243 0.160764 3.292087 
2244 0.164041 3.367267 
2245 0.167376 3.443662 
2246 0.170769 3.521278 
2247 0.174221 3.600118 
2248 0.177733 3.680187 
2249 0.181305 3.761489 
2250 0.184939 3.844027 
2251 0.188634 3.927803 
2252 0.192393 4.012821 
2253 0.196216 4.099082 
2254 0.200103 4.186588 
2255 0.204056 4.275338 
2256 0.208075 4.365334 
2257 0.212161 4.456576 
2258 0.216315 4.549062 
2259 0.220539 4.642791 
2260 0.224832 4.737761 
2261 0.229195 4.833970 
2262 0.233631 4.931414 
2263 0.238138 5.030090 
2264 0.242719 5.129993 
2265 0.247374 5.231119 
2266 0.252104 5.333462 
2267 0.256910 5.437015 
2268 0.261793 5.541772 
2269 0.266754 5.647725 
2270 0.271793 5.754866 
2271 0.276912 5.863186 
2272 0.282112 5.972675 
2273 0.287392 6.083323 
2274 0.292756 6.195119 
2275 0.298202 6.308051 
2276 0.303733 6.422108 
2277 0.309348 6.537274 
2278 0.315050 6.653538 
2279 0.320839 6.770884 
2280 0.326716 6.889297 
2281 0.332681 7.008760 
2282 0.338737 7.129258 
2283 0.344883 7.250772 
2284 0.351121 7.373284 
2285 0.357452 7.496775 
2286 0.363876 7.621226 
2287 0.370395 7.746615 
2288 0.377009 7.872922 
2289 0.383720 8.000124 
2290 0.390528 8.128199 
2291 0.397435 8.257123 
2292 0.404441 8.386871 
2293 0.411547 8.517419 
2294 0.418754 8.648742 
2295 0.426064 8.780811 
2296 0.433477 8.913601 
2297 0.440993 9.047083 
2298 0.448615 9.181229 
2299 0.456343 9.316008 
2300 0.464178 9.451391 
2301 0.472121 9.587348 
2302 0.480172 9.723846 
2303 0.488334 9.860853 
2304 0.496606 9.998337 
2305 0.504989 10.136264 
2306 0.513486 10.274599 
2307 0.522095 10.413308 
2308 0.530819 10.552356 
2309 0.539659 10.691705 
2310 0.548615 10.831320 
2311 0.557687 10.971163 
2312 0.566878 11.111196 
2313 0.576188 11.251381 
2314 0.585618 11.391679 
2315 0.595169 11.532049 
2316 0.604841 11.672452 
2317 0.614635 11.812848 
2318 0.624553 11.953195 
2319 0.634596 12.093452 
2320 0.644763 12.233577 
2321 0.655056 12.373527 
2322 0.665476 12.513259 
2323 0.676024 12.652730 
2324 0.686700 12.791897 
2325 0.697506 12.930716 
2326 0.708441 13.069142 
2327 0.719508 13.207131 
2328 0.730705 13.344638 
2329 0.742036 13.481618 
2330 0.753499 13.618025 
2331 0.765097 13.753815 
2332 0.776829 13.888940 
2333 0.788697 14.023356 
2334 0.800700 14.157016 
2335 0.812841 14.289874 
2336 0.825119 14.421884 
2337 0.837535 14.553000 
2338 0.850090 14.683175 
2339 0.862785 14.812363 
2340 0.875620 14.940518 
2341 0.888595 15.067593 
2342 0.901712 15.193543 
2343 0.914971 15.318321 
2344 0.928373 15.441881 
2345 0.941918 15.564177 
2346 0.955606 15.685165 
2347 0.969439 15.804798 
2348 0.983416 15.923032 
2349 0.997539 16.039821 
2350 1.011807 16.155121 
2351 1.026222 16.268888 
2352 1.040783 16.381078 
2353 1.055491 16.491648 
2354 1.070347 16.600554 
2355 1.085351 16.707754 
2356 1.100503 16.813205 
2357 1.115803 16.916867 
2358 1.131252 17.018697 
2359 1.146851 17.118656 
2360 1.162599 17.216703 
2361 1.178496 17.312800 
2362 1.194544 17.406906 
2363 1.210742 17.498984 
2364 1.227090 17.588997 
2365 1.243589 17.676908 
2366 1.260238 17.762680 
2367 1.277039 17.846279 
2368 1.293990 17.927671 
2369 1.311092 18.006821 
2370 1.328346 18.083697 
2371 1.345750 18.158266 
2372 1.363306 18.230498 
2373 1.381013 18.300363 
2374 1.398871 18.367831 
2375 1.416879 18.432873 
2376 1.435039 18.495463 
2377 1.453349 18.555574 
2378 1.471810 18.613181 
2379 1.490422 18.668259 
2380 1.509183 18.720784 
2381 1.528094 18.770735 
2382 1.547156 18.818090 
2383 1.566366 18.862829 
2384 1.585725 18.904933 
2385 1.605234 18.944384 
2386 1.624890 18.981165 
2387 1.644694 19.015260 
2388 1.664646 19.046654 
2389 1.684745 19.075335 
2390 1.704990 19.101289 
2391 1.725381 19.124506 
2392 1.745918 19.144975 
2393 1.766599 19.162688 
2394 1.787424 19.177638 
2395 1.808393 19.189818 
2396 1.829504 19.199222 
2397 1.850757 19.205847 
2398 1.872152 19.209690 
2399 1.893687 19.210749 
2400 1.915362 19.209024 
2401 1.937175 19.204516 
2402 1.959127 19.197227 
2403 1.981215 19.187160 
2404 2.003439 19.174319 
2405 2.025798 19.158711 
2406 2.048292 19.140342 
2407 2.070918 19.119220 
2408 2.093675 19.095355 
2409 2.116564 19.068757 
2410 2.139582 19.039437 
2411 2.162728 19.007408 
2412 2.186001 18.972685 
2413 2.209400 18.935281 
2414 2.232923 18.895215 
2415 2.256569 18.852502 
2416 2.280337 18.807161 
2417 2.304225 18.759212 
2418 2.328233 18.708676 
2419 2.352357 18.655573 
2420 2.376597 18.599927 
2421 2.400952 18.541762 
2422 2.425419 18.481102 
2423 2.449998 18.417974 
2424 2.474685 18.352403 
2425 2.499481 18.284418 
2426 2.524382 18.214047 
2427 2.549388 18.141320 
2428 2.574495 18.066268 
2429 2.599704 17.988922 
2430 2.625011 17.909313 
2431 2.650415 17.827476 
2432 2.675913 17.743444 
2433 2.701505 17.657252 
2434 2.727187 17.568935 
2435 2.752958 17.478530 
2436 2.778816 17.386073 
2437 2.804758 17.291602 
2438 2.830782 17.195156 
2439 2.856887 17.096773 
2440 2.883070 16.996493 
2441 2.909328 16.894356 
2442 2.935660 16.790403 
2443 2.962063 16.684675 
2444 2.988535 16.577213 
2445 3.015073 16.468061 
2446 3.041675 16.357260 
2447 3.068339 16.244854 
2448 3.095062 16.130887 
2449 3.121841 16.015401 
2450 3.148674 15.898443 
2451 3.175558 15.780055 
2452 3.202491 15.660283 
2453 3.229471 15.539172 
2454 3.256493 15.416768 
2455 3.283557 15.293116 
2456 3.310658 15.168261 
2457 3.337795 15.042249 
2458 3.364964 14.915127 
2459 3.392163 14.786941 
2460 3.419389 14.657736 
2461 3.446638 14.527559 
2462 3.473909 14.396456 
2463 3.501197 14.264473 
2464 3.528501 14.131656 
2465 3.555817 13.998052 
2466 3.583142 13.863706 
2467 3.610474 13.728665 
2468 3.637808 13.592973 
2469 3.665143 13.456677 
2470 3.692474 13.319821 
2471 3.719799 13.182452 
2472 3.747115 13.044613 
2473 3.774418 12.906349 
2474 3.801706 12.767706 
2475 3.828974 12.628726 
2476 3.856221 12.489453 
2477 3.883442 12.349931 
2478 3.910634 12.210203 
2479 3.937795 12.070311 
2480 3.964920 11.930297 
2481 3.992007 11.790204 
2482 4.019052 11.650072 
2483 4.046052 11.509942 
2484 4.073003 11.369854 
2485 4.099902 11.229849 
2486 4.126745 11.089964 
2487 4.153530 10.950240 
2488 4.180253 10.810715 
2489 4.206910 10.671425 
2490 4.233498 10.532408 
2491 4.260014 10.393700 
2492 4.286454 10.255338 
2493 4.312814 10.117355 
2494 4.339091 9.979788 
2495 4.365282 9.842669 
2496 4.391383 9.706032 
2497 4.417391 9.569909 
2498 4.443302 9.434333 
2499 4.469112 9.299334 
2500 4.494818 9.164943 
2501 4.520418 9.031190 
2502 4.545906 8.898103 
2503 4.571280 8.765712 
2504 4.596535 8.634044 
2505 4.621670 8.503126 
2506 4.646679 8.372983 
2507 4.671560 8.243642 
2508 4.696309 8.115128 
2509 4.720923 7.987463 
2510 4.745397 7.860672 
2511 4.769729 7.734777 
2512 4.793915 7.609799 
2513 4.817952 7.485760 
2514 4.841836 7.362680 
2515 4.865563 7.240578 
2516 4.889131 7.119473 
2517 4.912535 6.999384 
2518 4.935772 6.880327 
2519 4.958840 6.762319 
2520 4.981734 6.645376 
2521 5.004451 6.529513 
2522 5.026987 6.414744 
2523 5.049340 6.301083 
2524 5.071506 6.188543 
2525 5.093482 6.077136 
2526 5.115264 5.966873 
2527 5.136849 5.857766 
2528 5.158234 5.749824 
2529 5.179415 5.643056 
2530 5.200389 5.537473 
2531 5.221154 5.433081 
2532 5.241705 5.329887 
2533 5.262041 5.227900 
2534 5.282156 5.127125 
2535 5.302049 5.027566 
2536 5.321717 4.929230 
2537 5.341156 4.832121 
2538 5.360363 4.736241 
2539 5.379335 4.641594 
2540 5.398070 4.548183 
2541 5.416564 4.456008 
2542 5.434814 4.365072 
2543 5.452818 4.275376 
2544 5.470572 4.186918 
2545 5.488075 4.099700 
2546 5.505322 4.013719 
2547 5.522311 3.928976 
2548 5.539041 3.845467 
2549 5.555507 3.763190 
2550 5.571707 3.682142 
2551 5.587639 3.602321 
2552 5.603300 3.523722 
2553 5.618688 3.446342 
2554 5.633799 3.370174 
2555 5.648632 3.295215 
2556 5.663185 3.221459 
2557 5.677454 3.148899 
2558 5.691437 3.077531 
2559 5.705133 3.007346 
2560 5.718539 2.938339 
2561 5.731652 2.870501 
2562 5.744471 2.803825 
2563 5.756994 2.738303 
2564 5.769218 2.673927 
2565 5.781141 2.610689 
2566 5.792762 2.548578 
2567 5.804078 2.487587 
2568 5.815088 2.427706 
2569 5.825790 2.368924 
2570 5.836181 2.311233 
2571 5.846261 2.254622 
2572 5.856028 2.199081 
2573 5.865479 2.144599 
2574 5.874614 2.091166 
2575 5.883431 2.038770 
2576 5.891928 1.987400 
2577 5.900104 1.937046 
2578 5.907958 1.887696 
2579 5.915488 1.839338 
2580 5.922693 1.791961 
2581 5.929572 1.745553 
2582 5.936123 1.700101 
2583 5.942346 1.655595 
2584 5.948240 1.612022 
2585 5.953803 1.569369 
2586 5.959034 1.527625 
2587 5.963934 1.486777 
2588 5.968500 1.446814 
2589 5.972732 1.407721 
2590 5.976629 1.369488 
2591 5.980191 1.332101 
2592 5.983418 1.295549 
2593 5.986307 1.259818 
2594 5.988860 1.224896 
2595 5.991076 1.190770 
2596 5.992953 1.157429 
2597 5.994493 1.124860 
2598 5.995694 1.093049 
2599 5.996557 1.061986 
2600 5.997081 1.031656 
2601 5.997266 1.002049 
2602 5.997112 0.973151 
2603 5.996620 0.944950 
2604 5.995789 0.917435 
2605 5.994619 0.890593 
2606 5.993111 0.864411 
2607 5.991265 0.838879 
2608 5.989081 0.813984 
2609 5.986559 0.789713 
2610 5.983701 0.766057 
2611 5.980506 0.743002 
2612 5.976975 0.720537 
2613 5.973108 0.698651 
2614 5.968907 0.677332 
2615 5.964372 0.656569 
2616 5.959503 0.636351 
2617 5.954302 0.616667 
2618 5.948770 0.597506 
2619 5.942906 0.578857 
2620 5.936713 0.560710 
2621 5.930192 0.543053 
2622 5.923343 0.525877 
2623 5.916167 0.509170 
2624 5.908667 0.492924 
2625 5.900842 0.477127 
2626 5.892695 0.461770 
2627 5.884226 0.446843 
2628 5.875438 0.432337 
2629 5.866331 0.418241 
2630 5.856908 0.404547 
2631 5.847169 0.391245 
2632 5.837117 0.378325 
2633 5.826753 0.365780 
2634 5.816078 0.353600 
2635 5.805095 0.341777 
2636 5.793805 0.330301 
2637 5.782211 0.319165 
2638 5.770313 0.308359 
2639 5.758115 0.297877 
2640 5.745618 0.287710 
2641 5.732824 0.277850 
2642 5.719735 0.268289 
2643 5.706353 0.259020 
2644 5.692682 0.250035 
2645 5.678722 0.241328 
2646 5.664476 0.232890 
2647 5.649946 0.224714 
2648 5.635136 0.216795 
2649 5.620047 0.209125 
2650 5.604681 0.201697 
2651 5.589041 0.194505 
2652 5.573131 0.187542 
2653 5.556951 0.180803 
2654 5.540505 0.174281 
2655 5.523796 0.167970 
2656 5.506826 0.161864 
2657 5.489598 0.155958 
2658 5.472114 0.150245 
2659 5.454378 0.144721 
2660 5.436392 0.139381 
2661 5.418160 0.134218 
2662 5.399683 0.129227 
2663 5.380965 0.124405 
2664 5.362009 0.119745 
2665 5.342818 0.115243 
2666 5.323394 0.110895 
2667 5.303742 0.106695 
2668 5.283863 0.102639 
2669 5.263761 0.098724 
2670 5.243440 0.094944 
2671 5.222902 0.091296 
2672 5.202150 0.087775 
2673 5.181187 0.084378 
2674 5.160018 0.081101 
2675 5.138645 0.077940 
2676 5.117071 0.074892 
2677 5.095299 0.071952 
2678 5.073334 0.069118 
2679 5.051177 0.066386 
2680 5.028833 0.063752 
2681 5.006305 0.061215 
2682 4.983597 0.058770 
2683 4.960711 0.056414 
2684 4.937650 0.054146 
2685 4.914420 0.051961 
2686 4.891022 0.049857 
2687 4.867460 0.047831 
2688 4.843738 0.045881 
2689 4.819860 0.044004 
2690 4.795828 0.042198 
2691 4.771646 0.040460 
2692 4.747317 0.038789 
2693 4.722846 0.037181 
2694 4.698235 0.035634 
2695 4.673488 0.034147 
2696 4.648609 0.032717 
2697 4.623601 0.031343 
2698 4.598468 0.030022 
2699 4.573213 0.028753 
2700 4.547839 0.027533 
2701 4.522350 0.026361 
2702 4.496751 0.025236 
2703 4.471043 0.024155 
2704 4.445231 0.023117 
2705 4.419318 0.022121 
2706 4.393308 0.021164 
2707 4.367204 0.020246 
2708 4.341010 0.019365 
2709 4.314729 0.018520 
2710 4.288364 0.017709 
2711 4.261920 0.016931 
2712 4.235400 0.016185 
2713 4.208806 0.015469 
2714 4.182143 0.014784 
2715 4.155414 0.014126 
2716 4.128623 0.013496 
2717 4.101772 0.012892 
2718 4.074866 0.012313 
2719 4.047907 0.011759 
2720 4.020900 0.011228 
2721 3.993846 0.010719 
2722 3.966751 0.010232 
2723 3.939616 0.009766 
2724 3.912446 0.009320 
2725 3.885244 0.008892 
2726 3.858013 0.008483 
2727 3.830756 0.008092 
2728 3.803476 0.007718 
2729 3.776178 0.007360 
2730 3.748863 0.007017 
2731 3.721536 0.006690 
2732 3.694199 0.006377 
2733 3.666855 0.006078 
2734 3.639508 0.005791 
2735 3.612161 0.005518 
2736 3.584816 0.005257 
2737 3.557477 0.005007 
2738 3.530148 0.004769 
2739 3.502830 0.004541 
2740 3.475527 0.004323 
2741 3.448242 0.004116 
2742 3.420977 0.003918 
2743 3.393737 0.003728 
2744 3.366523 0.003548 
2745 3.339338 0.003375 
2746 3.312186 0.003211 
2747 3.285068 0.003054 
2748 3.257989 0.002905 
2749 3.230950 0.002762 
2750 3.203954 0.002626 
2751 3.177004 0.002496 
2752 3.150103 0.002373 
2753 3.123253 0.002255 
2754 3.096456 0.002142 
2755 3.069716 0.002035 
2756 3.043035 0.001934 
2757 3.016415 0.001836 
2758 2.989859 0.001744 
2759 2.963370 0.001656 
2760 2.936948 0.001572 
2761 2.910598 0.001492 
2762 2.884321 0.001416 
2763 2.858120 0.001344 
2764 2.831997 0.001275 
2765 2.805954 0.001210 
2766 2.779993 0.001148 
2767 2.754116 0.001089 
2768 2.728326 0.001032 
2769 2.702625 0.000979 
2770 2.677014 0.000928 
2771 2.651496 0.000880 
2772 2.626073 0.000834 
2773 2.600747 0.000790 
2774 2.575519 0.000748 
2775 2.550392 0.000709 
2776 2.525367 0.000672 
2777 2.500446 0.000636 
2778 2.475631 0.000602 
2779 2.450924 0.000570 
2780 2.426326 0.000540 
2781 2.401840 0.000511 
2782 2.377465 0.000484 
2783 2.353206 0.000458 
2784 2.329062 0.000433 
2785 2.305035 0.000410 
2786 2.281127 0.000387 
2787 2.257340 0.000366 
2788 2.233674 0.000346 
2789 2.210131 0.000328 
2790 2.186713 0.000310 
2791 2.163421 0.000293 
2792 2.140255 0.000277 
2793 2.117218 0.000261 
2794 2.094311 0.000247 
2795 2.071534 0.000233 
2796 2.048889 0.000220 
2797 2.026377 0.000208 
2798 2.003999 0.000196 
2799 1.981756 0.000185 
2800 1.959649 0.000175 
2801 1.937679 0.000165 
2802 1.915847 0.000156 
2803 1.894154 0.000147 
2804 1.872600 0.000139 
2805 1.851188 0.000131 
2806 1.829916 0.000123 
2807 1.808787 0.000116 
2808 1.787800 0.000110 
2809 1.766957 0.000104 
2810 1.746258 0.000098 
2811 1.725705 0.000092 
2812 1.705296 0.000087 
2813 1.685034 0.000082 
2814 1.664918 0.000077 
2815 1.644949 0.000072 
2816 1.625128 0.000068 
2817 1.605455 0.000064 
2818 1.585931 0.000061 
2819 1.566555 0.000057 
2820 1.547328 0.000054 
2821 1.528251 0.000050 
2822 1.509324 0.000047 
2823 1.490547 0.000045 
2824 1.471920 0.000042 
2825 1.453444 0.000040 
2826 1.435118 0.000037 
2827 1.416944 0.000035 
2828 1.398920 0.000033 
2829 1.381048 0.000031 
2830 1.363327 0.000029 
2831 1.345757 0.000027 
2832 1.328338 0.000026 
2833 1.311071 0.000024 
2834 1.293955 0.000023 
2835 1.276990 0.000021 
2836 1.260176 0.000020 
2837 1.243513 0.000019 
2838 1.227001 0.000018 
2839 1.210640 0.000017 
2840 1.194430 0.000016 
2841 1.178370 0.000015 
2842 1.162460 0.000014 
2843 1.146700 0.000013 
2844 1.131090 0.000012 
2845 1.115629 0.000011 
2846 1.100317 0.000011 
2847 1.085154 0.000010 
2848 1.070140 0.000009 
2849 1.055273 0.000009 
2850 1.040554 0.000008 
2851 1.025983 0.000008 
2852 1.011558 0.000007 
2853 0.997280 0.000007 
2854 0.983147 0.000006 
2855 0.969160 0.000006 
2856 0.955318 0.000006 
2857 0.941620 0.000005 
2858 0.928067 0.000005 
2859 0.914656 0.000005 
2860 0.901389 0.000004 
2861 0.888263 0.000004 
2862 0.875279 0.000004 
2863 0.862436 0.000003 
2864 0.849734 0.000003 
2865 0.837171 0.000003 
2866 0.824748 0.000003 
2867 0.812462 0.000003 
2868 0.800315 0.000002 
2869 0.788304 0.000002 
2870 0.776430 0.000002 
2871 0.764691 0.000002 
2872 0.753088 0.000002 
2873 0.741618 0.000002 
2874 0.730282 0.000002 
2875 0.719078 0.000002 
2876 0.708006 0.000001 
2877 0.697065 0.000001 
2878 0.686255 0.000001 
2879 0.675574 0.000001 
2880 0.665021 0.000001 
2881 0.654596 0.000001 
2882 0.644298 0.000001 
2883 0.634127 0.000001 
2884 0.624080 0.000001 
2885 0.614158 0.000001 
2886 0.604360 0.000001 
2887 0.594684 0.000001 
2888 0.585130 0.000001 
2889 0.575697 0.000001 
2890 0.566384 0.000001 
2891 0.557190 0.000001 
2892 0.548115 0.000000 
2893 0.539156 0.000000 
2894 0.530314 0.000000 
2895 0.521588 0.000000 
2896 0.512976 0.000000 
2897 0.504478 0.000000 
2898 0.496092 0.000000 
2899 0.487819 0.000000 
2900 0.479656 0.000000 
2901 0.471603 0.000000 
2902 0.463659 0.000000 
2903 0.455823 0.000000 
2904 0.448094 0.000000 
2905 0.440471 0.000000 
2906 0.432953 0.000000 
2907 0.425540 0.000000 
2908 0.418230 0.000000 
2909 0.411022 0.000000 
2910 0.403916 0.000000 
2911 0.396910 0.000000 
2912 0.390003 0.000000 
2913 0.383195 0.000000 
2914 0.376484 0.000000 
2915 0.369870 0.000000 
2916 0.363352 0.000000 
2917 0.356928 0.000000 
2918 0.350598 0.000000 
2919 0.344361 0.000000 
2920 0.338216 0.000000 
2921 0.332161 0.000000 
2922 0.326197 0.000000 
2923 0.320321 0.000000 
2924 0.314534 0.000000 
2925 0.308833 0.000000 
2926 0.303219 0.000000 
2927 0.297690 0.000000 
2928 0.292245 0.000000 
2929 0.286883 0.000000 
2930 0.281604 0.000000 
2931 0.276407 0.000000 
2932 0.271290 0.000000 
2933 0.266253 0.000000 
2934 0.261294 0.000000 
2935 0.256413 0.000000 
2936 0.251609 0.000000 
2937 0.246882 0.000000 
2938 0.242229 0.000000 
2939 0.237651 0.000000 
2940 0.233145 0.000000 
2941 0.228713 0.000000 
2942 0.224352 0.000000 
2943 0.220061 0.000000 
2944 0.215841 0.000000 
2945 0.211689 0.000000 
2946 0.207606 0.000000 
2947 0.203590 0.000000 
2948 0.199640 0.000000 
2949 0.195756 0.000000 
2950 0.191936 0.000000 
2951 0.188180 0.000000 
2952 0.184488 0.000000 
2953 0.180857 0.000000 
2954 0.177288 0.000000 
2955 0.173780 0.000000 
2956 0.170331 0.000000 
2957 0.166942 0.000000 
2958 0.163610 0.000000 
2959 0.160336 0.000000 
2960 0.157119 0.000000 
2961 0.153957 0.000000 
2962 0.150851 0.000000 
2963 0.147798 0.000000 
2964 0.144800 0.000000 
2965 0.141854 0.000000 
2966 0.138960 0.000000 
2967 0.136118 0.000000 
2968 0.133326 0.000000 
2969 0.130584 0.000000 
2970 0.127891 0.000000 
2971 0.125247 0.000000 
2972 0.122650 0.000000 
2973 0.120101 0.000000 
2974 0.117597 0.000000 
2975 0.115140 0.000000 
2976 0.112727 0.000000 
2977 0.110359 0.000000 
2978 0.108034 0.000000 
2979 0.105753 0.000000 
2980 0.103513 0.000000 
2981 0.101315 0.000000 
2982 0.099159 0.000000 
2983 0.097043 0.000000 
2984 0.094966 0.000000 
2985 0.092929 0.000000 
2986 0.090930 0.000000 
2987 0.088969 0.000000 
2988 0.087046 0.000000 
2989 0.085159 0.000000 
2990 0.083309 0.000000 
2991 0.081494 0.000000 
2992 0.079714 0.000000 
2993 0.077969 0.000000 
2994 0.076257 0.000000 
2995 0.074579 0.000000 
2996 0.072934 0.000000 
2997 0.071321 0.000000 
2998 0.069739 0.000000 
2999 0.068189 0.000000 
3000 0.066670 0.000000 
3001 0.065180 0.000000 
3002 0.063721 0.000000 
3003 0.062290 0.000000 
3004 0.060889 0.000000 
3005 0.059515 0.000000 
3006 0.058169 0.000000 
3007 0.056850 0.000000 
3008 0.055558 0.000000 
3009 0.054293 0.000000 
3010 0.053053 0.000000 
3011 0.051838 0.000000 
3012 0.050649 0.000000 
3013 0.049484 0.000000 
3014 0.048343 0.000000 
3015 0.047225 0.000000 
3016 0.046131 0.000000 
3017 0.045060 0.000000 
3018 0.044011 0.000000 
3019 0.042984 0.000000 
3020 0.041979 0.000000 
3021 0.040994 0.000000 
3022 0.040031 0.000000 
3023 0.039088 0.000000 
3024 0.038165 0.000000 
3025 0.037262 0.000000 
3026 0.036378 0.000000 
3027 0.035513 0.000000 
3028 0.034667 0.000000 
3029 0.033839 0.000000 
3030 0.033028 0.000000 
3031 0.032236 0.000000 
3032 0.031460 0.000000 
3033 0.030702 0.000000 
3034 0.029960 0.000000 
3035 0.029235 0.000000 
3036 0.028525 0.000000 
3037 0.027831 0.000000 
3038 0.027152 0.000000 
3039 0.026489 0.000000 
3040 0.025840 0.000000 
3041 0.025205 0.000000 
3042 0.024585 0.000000 
3043 0.023979 0.000000 
3044 0.023386 0.000000 
3045 0.022807 0.000000 
3046 0.022241 0.000000 
3047 0.021687 0.000000 
3048 0.021147 0.000000 
3049 0.020618 0.000000 
3050 0.020102 0.000000 
3051 0.019597 0.000000 
3052 0.019104 0.000000 
3053 0.018622 0.000000 
3054 0.018152 0.000000 
3055 0.017692 0.000000 
3056 0.017243 0.000000 
3057 0.016805 0.000000 
3058 0.016376 0.000000 
3059 0.015958 0.000000 
3060 0.015549 0.000000 
3061 0.015150 0.000000 
3062 0.014761 0.000000 
3063 0.014381 0.000000 
3064 0.014009 0.000000 
3065 0.013647 0.000000 
3066 0.013293 0.000000 
3067 0.012948 0.000000 
3068 0.012610 0.000000 
3069 0.012281 0.000000 
3070 0.011960 0.000000 
3071 0.011647 0.000000 
3072 0.011341 0.000000 
3073 0.011042 0.000000 
3074 0.010751 0.000000 
3075 0.010467 0.000000 
3076 0.010190 0.000000 
3077 0.009919 0.000000 
3078 0.009656 0.000000 
3079 0.009398 0.000000 
3080 0.009147 0.000000 
3081 0.008903 0.000000 
3082 0.008664 0.000000 
3083 0.008431 0.000000 
3084 0.008204 0.000000 
3085 0.007983 0.000000 
3086 0.007767 0.000000 
3087 0.007557 0.000000 
3088 0.007352 0.000000 
3089 0.007152 0.000000 
3090 0.006957 0.000000 
3091 0.006767 0.000000 
3092 0.006582 0.000000 
3093 0.006401 0.000000 
3094 0.006225 0.000000 
3095 0.006054 0.000000 
3096 0.005887 0.000000 
3097 0.005724 0.000000 
3098 0.005566 0.000000 
3099 0.005411 0.000000 
3100 0.005261 0.000000 
3101 0.005114 0.000000 
3102 0.004971 0.000000 
3103 0.004832 0.000000 
3104 0.004697 0.000000 
3105 0.004565 0.000000 
3106 0.004437 0.000000 
3107 0.004312 0.000000 
3108 0.004190 0.000000 
3109 0.004071 0.000000 
3110 0.003956 0.000000 
3111 0.003843 0.000000 
3112 0.003734 0.000000 
3113 0.003627 0.000000 
3114 0.003524 0.000000 
3115 0.003423 0.000000 
3116 0.003325 0.000000 
3117 0.003229 0.000000 
3118 0.003136 0.000000 
3119 0.003046 0.000000 
3120 0.002958 0.000000 
3121 0.002872 0.000000 
3122 0.002789 0.000000 
3123 0.002708 0.000000 
3124 0.002629 0.000000 
3125 0.002552 0.000000 
3126 0.002477 0.000000 
3127 0.002405 0.000000 
3128 0.002334 0.000000 
3129 0.002266 0.000000 
3130 0.002199 0.000000 
3131 0.002134 0.000000 
3132 0.002071 0.000000 
3133 0.002010 0.000000 
3134 0.001950 0.000000 
3135 0.001892 0.000000 
3136 0.001836 0.000000 
3137 0.001781 0.000000 
3138 0.001728 0.000000 
3139 0.001676 0.000000 
3140 0.001626 0.000000 
3141 0.001577 0.000000 
3142 0.001529 0.000000 
3143 0.001483 0.000000 
3144 0.001438 0.000000 
3145 0.001395 0.000000 
3146 0.001352 0.000000 
3147 0.001311 0.000000 
3148 0.001271 0.000000 
3149 0.001233 0.000000 
3150 0.001195 0.000000 
3151 0.001158 0.000000 
3152 0.001123 0.000000 
3153 0.001088 0.000000 
3154 0.001055 0.000000 
3155 0.001022 0.000000 
3156 0.000991 0.000000 
3157 0.000960 0.000000 
3158 0.000930 0.000000 
3159 0.000901 0.000000 
3160 0.000873 0.000000 
3161 0.000846 0.000000 
3162 0.000820 0.000000 
3163 0.000794 0.000000 
3164 0.000769 0.000000 
3165 0.000745 0.000000 
3166 0.000722 0.000000 
3167 0.000699 0.000000 
3168 0.000677 0.000000 
3169 0.000656 0.000000 
3170 0.000635 0.000000 
3171 0.000615 0.000000 
3172 0.000595 0.000000 
3173 0.000576 0.000000 
3174 0.000558 0.000000 
3175 0.000540 0.000000 
3176 0.000523 0.000000 
3177 0.000506 0.000000 
3178 0.000490 0.000000 
3179 0.000474 0.000000 
3180 0.000459 0.000000 
3181 0.000444 0.000000 
3182 0.000430 0.000000 
3183 0.000416 0.000000 
3184 0.000402 0.000000 
3185 0.000389 0.000000 
3186 0.000377 0.000000 
3187 0.000364 0.000000 
3188 0.000352 0.000000 
3189 0.000341 0.000000 
3190 0.000330 0.000000 
3191 0.000319 0.000000 
3192 0.000308 0.000000 
3193 0.000298 0.000000 
3194 0.000288 0.000000 
3195 0.000279 0.000000 
3196 0.000270 0.000000 
3197 0.000261 0.000000 
3198 0.000252 0.000000 
3199 0.000244 0.000000 
3200 0.000236 0.000000 
3201 0.000228 0.000000 
3202 0.000220 0.000000 
3203 0.000213 0.000000 
3204 0.000206 0.000000 
3205 0.000199 0.000000 
3206 0.000192 0.000000 
3207 0.000186 0.000000 
3208 0.000179 0.000000 
3209 0.000173 0.000000 
3210 0.000167 0.000000 
3211 0.000162 0.000000 
3212 0.000156 0.000000 
3213 0.000151 0.000000 
3214 0.000146 0.000000 
3215 0.000141 0.000000 
3216 0.000136 0.000000 
3217 0.000131 0.000000 
3218 0.000127 0.000000 
3219 0.000122 0.000000 
3220 0.000118 0.000000 
3221 0.000114 0.000000 
3222 0.000110 0.000000 
3223 0.000106 0.000000 
3224 0.000103 0.000000 
3225 0.000099 0.000000 
3226 0.000096 0.000000 
3227 0.000092 0.000000 
3228 0.000089 0.000000 
3229 0.000086 0.000000 
3230 0.000083 0.000000 
3231 0.000080 0.000000 
3232 0.000077 0.000000 
3233 0.000075 0.000000 
3234 0.000072 0.000000 
3235 0.000069 0.000000 
3236 0.000067 0.000000 
3237 0.000065 0.000000 
3238 0.000062 0.000000 
3239 0.000060 0.000000 
3240 0.000058 0.000000 
3241 0.000056 0.000000 
3242 0.000054 0.000000 
3243 0.000052 0.000000 
3244 0.000050 0.000000 
3245 0.000048 0.000000 
3246 0.000047 0.000000 
3247 0.000045 0.000000 
3248 0.000043 0.000000 
3249 0.000042 0.000000 
3250 0.000040 0.000000 
3251 0.000039 0.000000 
3252 0.000037 0.000000 
3253 0.000036 0.000000 
3254 0.000035 0.000000 
3255 0.000034 0.000000 
3256 0.000032 0.000000 
3257 0.000031 0.000000 
3258 0.000030 0.000000 
3259 0.000029 0.000000 
3260 0.000028 0.000000 
3261 0.000027 0.000000 
3262 0.000026 0.000000 
3263 0.000025 0.000000 
3264 0.000024 0.000000 
3265 0.000023 0.000000 
3266 0.000022 0.000000 
3267 0.000021 0.000000 
3268 0.000021 0.000000 
3269 0.000020 0.000000 
3270 0.000019 0.000000 
3271 0.000018 0.000000 
3272 0.000018 0.000000 
3273 0.000017 0.000000 
3274 0.000016 0.000000 
3275 0.000016 0.000000 
3276 0.000015 0.000000 
3277 0.000015 0.000000 
3278 0.000014 0.000000 
3279 0.000014 0.000000 
3280 0.000013 0.000000 
3281 0.000013 0.000000 
3282 0.000012 0.000000 
3283 0.000012 0.000000 
3284 0.000011 0.000000 
3285 0.000011 0.000000 
3286 0.000010 0.000000 
3287 0.000010 0.000000 
3288 0.000010 0.000000 
3289 0.000009 0.000000 
3290 0.000009 0.000000 
3291 0.000009 0.000000 
3292 0.000008 0.000000 
3293 0.000008 0.000000 
3294 0.000008 0.000000 
3295 0.000007 0.000000 
3296 0.000007 0.000000 
3297 0.000007 0.000000 
3298 0.000006 0.000000 
3299 0.000006 0.000000 
3300 0.000006 0.000000 
3301 0.000006 0.000000 
3302 0.000006 0.000000 
3303 0.000005 0.000000 
3304 0.000005 0.000000 
3305 0.000005 0.000000 
3306 0.000005 0.000000 
3307 0.000005 0.000000 
3308 0.000004 0.000000 
3309 0.000004 0.000000 
3310 0.000004 0.000000 
3311 0.000004 0.000000 
3312 0.000004 0.000000 
3313 0.000004 0.000000 
3314 0.000003 0.000000 
3315 0.000003 0.000000 
3316 0.000003 0.000000 
3317 0.000003 0.000000 
3318 0.000003 0.000000 
3319 0.000003 0.000000 
3320 0.000003 0.000000 
3321 0.000003 0.000000 
3322 0.000002 0.000000 
3323 0.000002 0.000000 
3324 0.000002 0.000000 
3325 0.000002 0.000000 
3326 0.000002 0.000000 
3327 0.000002 0.000000 
3328 0.000002 0.000000 
3329 0.000002 0.000000 
3330 0.000002 0.000000 
3331 0.000002 0.000000 
3332 0.000002 0.000000 
3333 0.000002 0.000000 
3334 0.000002 0.000000 
3335 0.000001 0.000000 
3336 0.000001 0.000000 
3337 0.000001 0.000000 
3338 0.000001 0.000000 
3339 0.000001 0.000000 
3340 0.000001 0.000000 
3341 0.000001 0.000000 
3342 0.000001 0.000000 
3343 0.000001 0.000000 
3344 0.000001 0.000000 
3345 0.000001 0.000000 
3346 0.000001 0.000000 
3347 0.000001 0.000000 
3348 0.000001 0.000000 
3349 0.000001 0.000000 
3350 0.000001 0.000000 
3351 0.000001 0.000000 
3352 0.000001 0.000000 
3353 0.000001 0.000000 
3354 0.000001 0.000000 
3355 0.000001 0.000000 
3356 0.000001 0.000000 
3357 0.000001 0.000000 
3358 0.000001 0.000000 
3359 0.000001 0.000000 
3360 0.000001 0.000000 
3361 0.000000 0.000000 
3362 0.000000 0.000000 
3363 0.000000 0.000000 
3364 0.000000 0.000000 
3365 0.000000 0.000000 
3366 0.000000 0.000000 
3367 0.000000 0.000000 
3368 0.000000 0.000000 
3369 0.000000 0.000000 
3370 0.000000 0.000000 
3371 0.000000 0.000000 
3372 0.000000 0.000000 
3373 0.000000 0.000000 
3374 0.000000 0.000000 
3375 0.000000 0.000000 
3376 0.000000 0.000000 
3377 0.000000 0.000000 
3378 0.000000 0.000000 
3379 0.000000 0.000000 
3380 0.000000 0.000000 
3381 0.000000 0.000000 
3382 0.000000 0.000000 
3383 0.000000 0.000000 
3384 0.000000 0.000000 
3385 0.000000 0.000000 
3386 0.000000 0.000000 
3387 0.000000 0.000000 
3388 0.000000 0.000000 
3389 0.000000 0.000000 
3390 0.000000 0.000000 
3391 0.000000 0.000000 
3392 0.000000 0.000000 
3393 0.000000 0.000000 
3394 0.000000 0.000000 
3395 0.000000 0.000000 
3396 0.000000 0.000000 
3397 0.000000 0.000000 
3398 0.000000 0.000000 
3399 0.000000 0.000000 
3400 0.000000 0.000000 
3401 0.000000 0.000000 
3402 0.000000 0.000000 
3403 0.000000 0.000000 
3404 0.000000 0.000000 
3405 0.000000 0.000000 
3406 0.000000 0.000000 
3407 0.000000 0.000000 
3408 0.000000 0.000000 
3409 0.000000 0.000000 
3410 0.000000 0.000000 
3411 0.000000 0.000000 
3412 0.000000 0.000000 
3413 0.000000 0.000000 
3414 0.000000 0.000000 
3415 0.000000 0.000000 
3416 0.000000 0.000000 
3417 0.000000 0.000000 
3418 0.000000 0.000000 
3419 0.000000 0.000000 
3420 0.000000 0.000000 
3421 0.000000 0.000000 
3422 0.000000 0.000000 
3423 0.000000 0.000000 
3424 0.000000 0.000000 
3425 0.000000 0.000000 
3426 0.000000 0.000000 
3427 0.000000 0.000000 
3428 0.000000 0.000000 
3429 0.000000 0.000000 
3430 0.000000 0.000000 
3431 0.000000 0.000000 
3432 0.000000 0.000000 
3433 0.000000 0.000000 
3434 0.000000 0.000000 
3435 0.000000 0.000000 
3436 0.000000 0.000000 
3437 0.000000 0.000000 
3438 0.000000 0.000000 
3439 0.000000 0.000000 
3440 0.000000 0.000000 
3441 0.000000 0.000000 
3442 0.000000 0.000000 
3443 0.000000 0.000000 
3444 0.000000 0.000000 
3445 0.000000 0.000000 
3446 0.000000 0.000000 
3447 0.000000 0.000000 
3448 0.000000 0.000000 
3449 0.000000 0.000000 
3450 0.000000 0.000000 
3451 0.000000 0.000000 
3452 0.000000 0.000000 
3453 0.000000 0.000000 
3454 0.000000 0.000000 
3455 0.000000 0.000000 
3456 0.000000 0.000000 
3457 0.000000 0.000000 
3458 0.000000 0.000000 
3459 0.000000 0.000000 
3460 0.000000 0.000000 
3461 0.000000 0.000000 
3462 0.000000 0.000000 
3463 0.000000 0.000000 
3464 0.000000 0.000000 
3465 0.000000 0.000000 
3466 0.000000 0.000000 
3467 0.000000 0.000000 
3468 0.000000 0.000000 
3469 0.000000 0.000000 
3470 0.000000 0.000000 
3471 0.000000 0.000000 
3472 0.000000 0.000000 
3473 0.000000 0.000000 
3474 0.000000 0.000000 
3475 0.000000 0.000000 
3476 0.000000 0.000000 
3477 0.000000 0.000000 
3478 0.000000 0.000000 
3479 0.000000 0.000000 
3480 0.000000 0.000000 
3481 0.000000 0.000000 
3482 0.000000 0.000000 
3483 0.000000 0.000000 
3484 0.000000 0.000000 
3485 0.000000 0.000000 
3486 0.000000 0.000000 
3487 0.000000 0.000000 
3488 0.000000 0.000000 
3489 0.000000 0.000000 
3490 0.000000 0.000000 
3491 0.000000 0.000000 
3492 0.000000 0.000000 
3493 0.000000 0.000000 
3494 0.000000 0.000000 
3495 0.000000 0.000000 
3496 0.000000 0.000000 
3497 0.000000 0.000000 
3498 0.000000 0.000000 
3499 0.000000 0.000000 
3500 0.000000 0.000000 
3501 0.000000 0.000000 
3502 0.000000 0.000000 
3503 0.000000 0.000000 
3504 0.000000 0.000000 
3505 0.000000 0.000000 
3506 0.000000 0.000000 
3507 0.000000 0.000000 
3508 0.000000 0.000000 
3509 0.000000 0.000000 
3510 0.000000 0.000000 
3511 0.000000 0.000000 
3512 0.000000 0.000000 
3513 0.000000 0.000000 
3514 0.000000 0.000000 
3515 0.000000 0.000000 
3516 0.000000 0.000000 
3517 0.000000 0.000000 
3518 0.000000 0.000000 
3519 0.000000 0.000000 
3520 0.000000 0.000000 
3521 0.000000 0.000000 
3522 0.000000 0.000000 
3523 0.000000 0.000000 
3524 0.000000 0.000000 
3525 0.000000 0.000000 
3526 0.000000 0.000000 
3527 0.000000 0.000000 
3528 0.000000 0.000000 
3529 0.000000 0.000000 
3530 0.000000 0.000000 
3531 0.000000 0.000000 
3532 0.000000 0.000000 
3533 0.000000 0.000000 
3534 0.000000 0.000000 
3535 0.000000 0.000000 
3536 0.000000 0.000000 
3537 0.000000 0.000000 
3538 0.000000 0.000000 
3539 0.000000 0.000000 
3540 0.000000 0.000000 
3541 0.000000 0.000000 
3542 0.000000 0.000000 
3543 0.000000 0.000000 
3544 0.000000 0.000000 
3545 0.000000 0.000000 
3546 0.000000 0.000000 
3547 0.000000 0.000000 
3548 0.000000 0.000000 
3549 0.000000 0.000000 
3550 0.000000 0.000000 
3551 0.000000 0.000000 
3552 0.000000 0.000000 
3553 0.000000 0.000000 
3554 0.000000 0.000000 
3555 0.000000 0.000000 
3556 0.000000 0.000000 
3557 0.000000 0.000000 
3558 0.000000 0.000000 
3559 0.000000 0.000000 
3560 0.000000 0.000000 
3561 0.000000 0.000000 
3562 0.000000 0.000000 
3563 0.000000 0.000000 
3564 0.000000 0.000000 
3565 0.000000 0.000000 
3566 0.000000 0.000000 
3567 0.000000 0.000000 
3568 0.000000 0.000000 
3569 0.000000 0.000000 
3570 0.000000 0.000000 
3571 0.000000 0.000000 
3572 0.000000 0.000000 
3573 0.000000 0.000000 
3574 0.000000 0.000000 
3575 0.000000 0.000000 
3576 0.000000 0.000000 
3577 0.000000 0.000000 
3578 0.000000 0.000000 
3579 0.000000 0.000000 
3580 0.000000 0.000000 
3581 0.000000 0.000000 
3582 0.000000 0.000000 
3583 0.000000 0.000000 
3584 0.000000 0.000000 
3585 0.000000 0.000000 
3586 0.000000 0.000000 
3587 0.000000 0.000000 
3588 0.000000 0.000000 
3589 0.000000 0.000000 
3590 0.000000 0.000000 
3591 0.000000 0.000000 
3592 0.000000 0.000000 
3593 0.000000 0.000000 
3594 0.000000 0.000000 
3595 0.000000 0.000000 
3596 0.000000 0.000000 
3597 0.000000 0.000000 
3598 0.000000 0.000000 
3599 0.000000 0.000000 
3600 0.000000 0.000000 
3601 0.000000 0.000000 
3602 0.000000 0.000000 
3603 0.000000 0.000000 
3604 0.000000 0.000000 
3605 0.000000 0.000000 
3606 0.000000 0.000000 
3607 0.000000 0.000000 
3608 0.000000 0.000000 
3609 0.000000 0.000000 
3610 0.000000 0.000000 
3611 0.000000 0.000000 
3612 0.000000 0.000000 
3613 0.000000 0.000000 
3614 0.000000 0.000000 
3615 0.000000 0.000000 
3616 0.000000 0.000000 
3617 0.000000 0.000000 
3618 0.000000 0.000000 
3619 0.000000 0.000000 
3620 0.000000 0.000000 
3621 0.000000 0.000000 
3622 0.000000 0.000000 
3623 0.000000 0.000000 
3624 0.000000 0.000000 
3625 0.000000 0.000000 
3626 0.000000 0.000000 
3627 0.000000 0.000000 
3628 0.000000 0.000000 
3629 0.000000 0.000000 
3630 0.000000 0.000000 
3631 0.000000 0.000000 
3632 0.000000 0.000000 
3633 0.000000 0.000000 
3634 0.000000 0.000000 
3635 0.000000 0.000000 
3636 0.000000 0.000000 
3637 0.000000 0.000000 
3638 0.000000 0.000000 
3639 0.000000 0.000000 
3640 0.000000 0.000000 
3641 0.000000 0.000000 
3642 0.000000 0.000000 
3643 0.000000 0.000000 
3644 0.000000 0.000000 
3645 0.000000 0.000000 
3646 0.000000 0.000000 
3647 0.000000 0.000000 
3648 0.000000 0.000000 
3649 0.000000 0.000000 
3650 0.000000 0.000000 
3651 0.000000 0.000000 
3652 0.000000 0.000000 
3653 0.000000 0.000000 
3654 0.000000 0.000000 
3655 0.000000 0.000000 
3656 0.000000 0.000000 
3657 0.000000 0.000000 
3658 0.000000 0.000000 
3659 0.000000 0.000000 
3660 0.000000 0.000000 
3661 0.000000 0.000000 
3662 0.000000 0.000000 
3663 0.000000 0.000000 
3664 0.000000 0.000000 
3665 0.000000 0.000000 
3666 0.000000 0.000000 
3667 0.000000 0.000000 
3668 0.000000 0.000000 
3669 0.000000 0.000000 
3670 0.000000 0.000000 
3671 0.000000 0.000000 
3672 0.000000 0.000000 
3673 0.000000 0.000000 
3674 0.000000 0.000000 
3675 0.000000 0.000000 
3676 0.000000 0.000000 
3677 0.000000 0.000000 
3678 0.000000 0.000000 
3679 0.000000 0.000000 
3680 0.000000 0.000000 
3681 0.000000 0.000000 
3682 0.000000 0.000000 
3683 0.000000 0.000000 
3684 0.000000 0.000000 
3685 0.000000 0.000000 
3686 0.000000 0.000000 
3687 0.000000 0.000000 
3688 0.000000 0.000000 
3689 0.000000 0.000000 
3690 0.000000 0.000000 
3691 0.000000 0.000000 
3692 0.000000 0.000000 
3693 0.000000 0.000000 
3694 0.000000 0.000000 
3695 0.000000 0.000000 
3696 0.000000 0.000000 
3697 0.000000 0.000000 
3698 0.000000 0.000000 
3699 0.000000 0.000000 
3700 0.000000 0.000000 
3701 0.000000 0.000000 
3702 0.000000 0.000000 
3703 0.000000 0.000000 
3704 0.000000 0.000000 
3705 0.000000 0.000000 
3706 0.000000 0.000000 
3707 0.000000 0.000000 
3708 0.000000 0.000000 
3709 0.000000 0.000000 
3710 0.000000 0.000000 
3711 0.000000 0.000000 
3712 0.000000 0.000000 
3713 0.000000 0.000000 
3714 0.000000 0.000000 
3715 0.000000 0.000000 
3716 0.000000 0.000000 
3717 0.000000 0.000000 
3718 0.000000 0.000000 
3719 0.000000 0.000000 
3720 0.000000 0.000000 
3721 0.000000 0.000000 
3722 0.000000 0.000000 
3723 0.000000 0.000000 
3724 0.000000 0.000000 
3725 0.000000 0.000000 
3726 0.000000 0.000000 
3727 0.000000 0.000000 
3728 0.000000 0.000000 
3729 0.000000 0.000000 
3730 0.000000 0.000000 
3731 0.000000 0.000000 
3732 0.000000 0.000000 
3733 0.000000 0.000000 
3734 0.000000 0.000000 
3735 0.000000 0.000000 
3736 0.000000 0.000000 
3737 0.000000 0.000000 
3738 0.000000 0.000000 
3739 0.000000 0.000000 
3740 0.000000 0.000000 
3741 0.000000 0.000000 
3742 0.000000 0.000000 
3743 0.000000 0.000000 
3744 0.000000 0.000000 
3745 0.000000 0.000000 
3746 0.000000 0.000000 
3747 0.000000 0.000000 
3748 0.000000 0.000000 
3749 0.000000 0.000000 
3750 0.000000 0.000000 
3751 0.000000 0.000000 
3752 0.000000 0.000000 
3753 0.000000 0.000000 
3754 0.000000 0.000000 
3755 0.000000 0.000000 
3756 0.000000 0.000000 
3757 0.000000 0.000000 
3758 0.000000 0.000000 
3759 0.000000 0.000000 
3760 0.000000 0.000000 
3761 0.000000 0.000000 
3762 0.000000 0.000000 
3763 0.000000 0.000000 
3764 0.000000 0.000000 
3765 0.000000 0.000000 
3766 0.000000 0.000000 
3767 0.000000 0.000000 
3768 0.000000 0.000000 
3769 0.000000 0.000000 
3770 0.000000 0.000000 
3771 0.000000 0.000000 
3772 0.000000 0.000000 
3773 0.000000 0.000000 
3774 0.000000 0.000000 
3775 0.000000 0.000000 
3776 0.000000 0.000000 
3777 0.000000 0.000000 
3778 0.000000 0.000000 
3779 0.000000 0.000000 
3780 0.000000 0.000000 
3781 0.000000 0.000000 
3782 0.000000 0.000000 
3783 0.000000 0.000000 
3784 0.000000 0.000000 
3785 0.000000 0.000000 
3786 0.000000 0.000000 
3787 0.000000 0.000000 
3788 0.000000 0.000000 
3789 0.000000 0.000000 
3790 0.000000 0.000000 
3791 0.000000 0.000000 
3792 0.000000 0.000000 
3793 0.000000 0.000000 
3794 0.000000 0.000000 
3795 0.000000 0.000000 
3796 0.000000 0.000000 
3797 0.000000 0.000000 
3798 0.000000 0.000000 
3799 0.000000 0.000000 
3800 0.000000 0.000000 
3801 0.000000 0.000000 
3802 0.000000 0.000000 
3803 0.000000 0.000000 
3804 0.000000 0.000000 
3805 0.000000 0.000000 
3806 0.000000 0.000000 
3807 0.000000 0.000000 
3808 0.000000 0.000000 
3809 0.000000 0.000000 
3810 0.000000 0.000000 
3811 0.000000 0.000000 
3812 0.000000 0.000000 
3813 0.000000 0.000000 
3814 0.000000 0.000000 
3815 0.000000 0.000000 
3816 0.000000 0.000000 
3817 0.000000 0.000000 
3818 0.000000 0.000000 
3819 0.000000 0.000000 
3820 0.000000 0.000000 
3821 0.000000 0.000000 
3822 0.000000 0.000000 
3823 0.000000 0.000000 
3824 0.000000 0.000000 
3825 0.000000 0.000000 
3826 0.000000 0.000000 
3827 0.000000 0.000000 
3828 0.000000 0.000000 
3829 0.000000 0.000000 
3830 0.000000 0.000000 
3831 0.000000 0.000000 
3832 0.000000 0.000000 
3833 0.000000 0.000000 
3834 0.000000 0.000000 
3835 0.000000 0.000000 
3836 0.000000 0.000000 
3837 0.000000 0.000000 
3838 0.000000 0.000000 
3839 0.000000 0.000000 
3840 0.000000 0.000000 
3841 0.000000 0.000000 
3842 0.000001 0.000000 
3843 0.000001 0.000000 
3844 0.000001 0.000000 
3845 0.000001 0.000000 
3846 0.000001 0.000000 
3847 0.000001 0.000000 
3848 0.000001 0.000000 
3849 0.000001 0.000000 
3850 0.000001 0.000000 
3851 0.000001 0.000000 
3852 0.000001 0.000000 
3853 0.000001 0.000000 
3854 0.000001 0.000000 
3855 0.000001 0.000000 
3856 0.000001 0.000000 
3857 0.000001 0.000000 
3858 0.000001 0.000000 
3859 0.000001 0.000000 
3860 0.000001 0.000000 
3861 0.000001 0.000000 
3862 0.000001 0.000000 
3863 0.000001 0.000000 
3864 0.000001 0.000000 
3865 0.000001 0.000000 
3866 0.000001 0.000000 
3867 0.000001 0.000000 
3868 0.000001 0.000000 
3869 0.000002 0.000000 
3870 0.000002 0.000000 
3871 0.000002 0.000000 
3872 0.000002 0.000000 
3873 0.000002 0.000000 
3874 0.000002 0.000000 
3875 0.000002 0.000000 
3876 0.000002 0.000000 
3877 0.000002 0.000000 
3878 0.000002 0.000000 
3879 0.000002 0.000000 
3880 0.000002 0.000000 
3881 0.000003 0.000000 
3882 0.000003 0.000000 
3883 0.000003 0.000000 
3884 0.000003 0.000000 
3885 0.000003 0.000000 
3886 0.000003 0.000000 
3887 0.000003 0.000000 
3888 0.000003 0.000000 
3889 0.000004 0.000000 
3890 0.000004 0.000000 
3891 0.000004 0.000000 
3892 0.000004 0.000000 
3893 0.000004 0.000000 
3894 0.000004 0.000000 
3895 0.000004 0.000000 
3896 0.000005 0.000000 
3897 0.000005 0.000000 
3898 0.000005 0.000000 
3899 0.000005 0.000000 
3900 0.000005 0.000000 
3901 0.000006 0.000000 
3902 0.000006 0.000000 
3903 0.000006 0.000000 
3904 0.000006 0.000000 
3905 0.000007 0.000000 
3906 0.000007 0.000000 
3907 0.000007 0.000000 
3908 0.000008 0.000000 
3909 0.000008 0.000000 
3910 0.000008 0.000000 
3911 0.000008 0.000000 
3912 0.000009 0.000000 
3913 0.000009 0.000000 
3914 0.000009 0.000000 
3915 0.000010 0.000000 
3916 0.000010 0.000000 
3917 0.000011 0.000000 
3918 0.000011 0.000000 
3919 0.000012 0.000000 
3920 0.000012 0.000000 
3921 0.000012 0.000000 
3922 0.000013 0.000000 
3923 0.000013 0.000000 
3924 0.000014 0.000000 
3925 0.000014 0.000000 
3926 0.000015 0.000000 
3927 0.000016 0.000000 
3928 0.000016 0.000000 
3929 0.000017 0.000000 
3930 0.000018 0.000000 
3931 0.000018 0.000000 
3932 0.000019 0.000000 
3933 0.000020 0.000000 
3934 0.000020 0.000000 
3935 0.000021 0.000000 
3936 0.000022 0.000000 
3937 0.000023 0.000000 
3938 0.000024 0.000000 
3939 0.000025 0.000000 
3940 0.000026 0.000000 
3941 0.000026 0.000000 
3942 0.000028 0.000000 
3943 0.000029 0.000000 
3944 0.000030 0.000000 
3945 0.000031 0.000000 
3946 0.000032 0.000000 
3947 0.000033 0.000000 
3948 0.000034 0.000000 
3949 0.000036 0.000000 
3950 0.000037 0.000000 
3951 0.000038 0.000000 
3952 0.000040 0.000000 
3953 0.000041 0.000000 
3954 0.000043 0.000000 
3955 0.000044 0.000000 
3956 0.000046 0.000000 
3957 0.000048 0.000000 
3958 0.000050 0.000000 
3959 0.000051 0.000000 
3960 0.000053 0.000000 
3961 0.000055 0.000000 
3962 0.000057 0.000000 
3963 0.000059 0.000000 
3964 0.000062 0.000000 
3965 0.000064 0.000000 
3966 0.000066 0.000000 
3967 0.000069 0.000000 
3968 0.000071 0.000000 
3969 0.000074 0.000000 
3970 0.000076 0.000000 
3971 0.000079 0.000000 
3972 0.000082 0.000000 
3973 0.000085 0.000000 
3974 0.000088 0.000000 
3975 0.000091 0.000000 
3976 0.000094 0.000000 
3977 0.000098 0.000000 
3978 0.000101 0.000000 
3979 0.000105 0.000000 
3980 0.000109 0.000000 
3981 0.000113 0.000000 
3982 0.000117 0.000000 
3983 0.000121 0.000000 
3984 0.000125 0.000000 
3985 0.000129 0.000000 
3986 0.000134 0.000000 
3987 0.000139 0.000000 
3988 0.000144 0.000000 
3989 0.000149 0.000000 
3990 0.000154 0.000000 
3991 0.000159 0.000000 
3992 0.000165 0.000000 
3993 0.000171 0.000000 
3994 0.000177 0.000000 
3995 0.000183 0.000000 
3996 0.000189 0.000000 
3997 0.000196 0.000000 
3998 0.000202 0.000000 
3999 0.000209 0.000000 
4000 0.000217 0.000000 
