0 0.516522 0.000000 
1 0.508166 0.000000 
2 0.499917 0.000000 
3 0.491776 0.000000 
4 0.483740 0.000000 
5 0.475810 0.000000 
6 0.467985 0.000000 
7 0.460263 0.000000 
8 0.452644 0.000000 
9 0.445127 0.000000 
10 0.437710 0.000000 
11 0.430394 0.000000 
12 0.423177 0.000000 
13 0.416058 0.000000 
14 0.409037 0.000000 
15 0.402113 0.000000 
16 0.395284 0.000000 
17 0.388549 0.000000 
18 0.381909 0.000000 
19 0.375362 0.000000 
20 0.368907 0.000000 
21 0.362543 0.000000 
22 0.356269 0.000000 
23 0.350085 0.000000 
24 0.343990 0.000000 
25 0.337982 0.000000 
26 0.332061 0.000000 
27 0.326226 0.000000 
28 0.320476 0.000000 
29 0.314810 0.000000 
30 0.309228 0.000000 
31 0.303728 0.000000 
32 0.298309 0.000000 
33 0.292972 0.000000 
34 0.287714 0.000000 
35 0.282535 0.000000 
36 0.277434 0.000000 
37 0.272410 0.000000 
38 0.267463 0.000000 
39 0.262591 0.000000 
40 0.257794 0.000000 
41 0.253071 0.000000 
42 0.248420 0.000000 
43 0.243842 0.000000 
44 0.239335 0.000000 
45 0.234899 0.000000 
46 0.230532 0.000000 
47 0.226235 0.000000 
48 0.222005 0.000000 
49 0.217842 0.000000 
50 0.213746 0.000000 
51 0.209715 0.000000 
52 0.205750 0.000000 
53 0.201848 0.000000 
54 0.198009 0.000000 
55 0.194233 0.000000 
56 0.190518 0.000000 
57 0.186865 0.000000 
58 0.183271 0.000000 
59 0.179736 0.000000 
60 0.176261 0.000000 
61 0.172843 0.000000 
62 0.169482 0.000000 
63 0.166177 0.000000 
64 0.162928 0.000000 
65 0.159733 0.000000 
66 0.156593 0.000000 
67 0.153506 0.000000 
68 0.150472 0.000000 
69 0.147490 0.000000 
70 0.144559 0.000000 
71 0.141678 0.000000 
72 0.138847 0.000000 
73 0.136066 0.000000 
74 0.133333 0.000000 
75 0.130647 0.000000 
76 0.128009 0.000000 
77 0.125417 0.000000 
78 0.122871 0.000000 
79 0.120370 0.000000 
80 0.117914 0.000000 
81 0.115501 0.000000 
82 0.113132 0.000000 
83 0.110805 0.000000 
84 0.108520 0.000000 
85 0.106276 0.000000 
86 0.104073 0.000000 
87 0.101910 0.000000 
88 0.099787 0.000000 
89 0.097703 0.000000 
90 0.095657 0.000000 
91 0.093648 0.000000 
92 0.091677 0.000000 
93 0.089743 0.000000 
94 0.087844 0.000000 
95 0.085981 0.000000 
96 0.084153 0.000000 
97 0.082359 0.000000 
98 0.080599 0.000000 
99 0.078873 0.000000 
100 0.077179 0.000000 
101 0.075517 0.000000 
102 0.073887 0.000000 
103 0.072289 0.000000 
104 0.070721 0.000000 
105 0.069183 0.000000 
106 0.067675 0.000000 
107 0.066197 0.000000 
108 0.064747 0.000000 
109 0.063325 0.000000 
110 0.061931 0.000000 
111 0.060565 0.000000 
112 0.059226 0.000000 
113 0.057913 0.000000 
114 0.056626 0.000000 
115 0.055364 0.000000 
116 0.054128 0.000000 
117 0.052916 0.000000 
118 0.051729 0.000000 
119 0.050566 0.000000 
120 0.049426 0.000000 
121 0.048309 0.000000 
122 0.047215 0.000000 
123 0.046143 0.000000 
124 0.045093 0.000000 
125 0.044064 0.000000 
126 0.043057 0.000000 
127 0.042070 0.000000 
128 0.041104 0.000000 
129 0.040158 0.000000 
130 0.039231 0.000000 
131 0.038324 0.000000 
132 0.037435 0.000000 
133 0.036565 0.000000 
134 0.035714 0.000000 
135 0.034880 0.000000 
136 0.034064 0.000000 
137 0.033265 0.000000 
138 0.032484 0.000000 
139 0.031718 0.000000 
140 0.030970 0.000000 
141 0.030237 0.000000 
142 0.029520 0.000000 
143 0.028818 0.000000 
144 0.028132 0.000000 
145 0.027460 0.000000 
146 0.026803 0.000000 
147 0.026160 0.000000 
148 0.025531 0.000000 
149 0.024916 0.000000 
150 0.024315 0.000000 
151 0.023726 0.000000 
152 0.023151 0.000000 
153 0.022589 0.000000 
154 0.022038 0.000000 
155 0.021501 0.000000 
156 0.020975 0.000000 
157 0.020460 0.000000 
158 0.019958 0.000000 
159 0.019466 0.000000 
160 0.018986 0.000000 
161 0.018517 0.000000 
162 0.018058 0.000000 
163 0.017609 0.000000 
164 0.017171 0.000000 
165 0.016743 0.000000 
166 0.016324 0.000000 
167 0.015916 0.000000 
168 0.015516 0.000000 
169 0.015126 0.000000 
170 0.014745 0.000000 
171 0.014372 0.000000 
172 0.014008 0.000000 
173 0.013653 0.000000 
174 0.013306 0.000000 
175 0.012967 0.000000 
176 0.012636 0.000000 
177 0.012313 0.000000 
178 0.011997 0.000000 
179 0.011689 0.000000 
180 0.011388 0.000000 
181 0.011095 0.000000 
182 0.010808 0.000000 
183 0.010528 0.000000 
184 0.010255 0.000000 
185 0.009988 0.000000 
186 0.009728 0.000000 
187 0.009474 0.000000 
188 0.009226 0.000000 
189 0.008984 0.000000 
190 0.008748 0.000000 
191 0.008518 0.000000 
192 0.008293 0.000000 
193 0.008074 0.000000 
194 0.007860 0.000000 
195 0.007652 0.000000 
196 0.007448 0.000000 
197 0.007250 0.000000 
198 0.007056 0.000000 
199 0.006867 0.000000 
200 0.006683 0.000000 
201 0.006504 0.000000 
202 0.006329 0.000000 
203 0.006158 0.000000 
204 0.005992 0.000000 
205 0.005830 0.000000 
206 0.005672 0.000000 
207 0.005518 0.000000 
208 0.005367 0.000000 
209 0.005221 0.000000 
210 0.005078 0.000000 
211 0.004939 0.000000 
212 0.004804 0.000000 
213 0.004672 0.000000 
214 0.004543 0.000000 
215 0.004418 0.000000 
216 0.004295 0.000000 
217 0.004176 0.000000 
218 0.004060 0.000000 
219 0.003948 0.000000 
220 0.003838 0.000000 
221 0.003730 0.000000 
222 0.003626 0.000000 
223 0.003524 0.000000 
224 0.003426 0.000000 
225 0.003329 0.000000 
226 0.003235 0.000000 
227 0.003144 0.000000 
228 0.003055 0.000000 
229 0.002969 0.000000 
230 0.002884 0.000000 
231 0.002802 0.000000 
232 0.002722 0.000000 
233 0.002645 0.000000 
234 0.002569 0.000000 
235 0.002495 0.000000 
236 0.002424 0.000000 
237 0.002354 0.000000 
238 0.002286 0.000000 
239 0.002220 0.000000 
240 0.002156 0.000000 
241 0.002093 0.000000 
242 0.002033 0.000000 
243 0.001974 0.000000 
244 0.001916 0.000000 
245 0.001860 0.000000 
246 0.001806 0.000000 
247 0.001753 0.000000 
248 0.001701 0.000000 
249 0.001651 0.000000 
250 0.001603 0.000000 
251 0.001555 0.000000 
252 0.001509 0.000000 
253 0.001465 0.000000 
254 0.001421 0.000000 
255 0.001379 0.000000 
256 0.001338 0.000000 
257 0.001298 0.000000 
258 0.001259 0.000000 
259 0.001222 0.000000 
260 0.001185 0.000000 
261 0.001149 0.000000 
262 0.001115 0.000000 
263 0.001081 0.000000 
264 0.001049 0.000000 
265 0.001017 0.000000 
266 0.000986 0.000000 
267 0.000956 0.000000 
268 0.000927 0.000000 
269 0.000899 0.000000 
270 0.000871 0.000000 
271 0.000845 0.000000 
272 0.000819 0.000000 
273 0.000794 0.000000 
274 0.000769 0.000000 
275 0.000746 0.000000 
276 0.000723 0.000000 
277 0.000700 0.000000 
278 0.000679 0.000000 
279 0.000658 0.000000 
280 0.000637 0.000000 
281 0.000617 0.000000 
282 0.000598 0.000000 
283 0.000580 0.000000 
284 0.000561 0.000000 
285 0.000544 0.000000 
286 0.000527 0.000000 
287 0.000510 0.000000 
288 0.000494 0.000000 
289 0.000479 0.000000 
290 0.000464 0.000000 
291 0.000449 0.000000 
292 0.000435 0.000000 
293 0.000421 0.000000 
294 0.000407 0.000000 
295 0.000395 0.000000 
296 0.000382 0.000000 
297 0.000370 0.000000 
298 0.000358 0.000000 
299 0.000346 0.000000 
300 0.000335 0.000000 
301 0.000325 0.000000 
302 0.000314 0.000000 
303 0.000304 0.000000 
304 0.000294 0.000000 
305 0.000285 0.000000 
306 0.000275 0.000000 
307 0.000266 0.000000 
308 0.000258 0.000000 
309 0.000249 0.000000 
310 0.000241 0.000000 
311 0.000233 0.000000 
312 0.000226 0.000000 
313 0.000218 0.000000 
314 0.000211 0.000000 
315 0.000204 0.000000 
316 0.000197 0.000000 
317 0.000191 0.000000 
318 0.000185 0.000000 
319 0.000179 0.000000 
320 0.000173 0.000000 
321 0.000167 0.000000 
322 0.000161 0.000000 
323 0.000156 0.000000 
324 0.000151 0.000000 
325 0.000146 0.000000 
326 0.000141 0.000000 
327 0.000136 0.000000 
328 0.000132 0.000000 
329 0.000127 0.000000 
330 0.000123 0.000000 
331 0.000119 0.000000 
332 0.000115 0.000000 
333 0.000111 0.000000 
334 0.000107 0.000000 
335 0.000103 0.000000 
336 0.000100 0.000000 
337 0.000096 0.000000 
338 0.000093 0.000000 
339 0.000090 0.000000 
340 0.000087 0.000000 
341 0.000084 0.000000 
342 0.000081 0.000000 
343 0.000078 0.000000 
344 0.000076 0.000000 
345 0.000073 0.000000 
346 0.000070 0.000000 
347 0.000068 0.000000 
348 0.000066 0.000000 
349 0.000063 0.000000 
350 0.000061 0.000000 
351 0.000059 0.000000 
352 0.000057 0.000000 
353 0.000055 0.000000 
354 0.000053 0.000000 
355 0.000051 0.000000 
356 0.000049 0.000000 
357 0.000048 0.000000 
358 0.000046 0.000000 
359 0.000044 0.000000 
360 0.000043 0.000000 
361 0.000041 0.000000 
362 0.000040 0.000000 
363 0.000038 0.000000 
364 0.000037 0.000000 
365 0.000036 0.000000 
366 0.000034 0.000000 
367 0.000033 0.000000 
368 0.000032 0.000000 
369 0.000031 0.000000 
370 0.000030 0.000000 
371 0.000029 0.000000 
372 0.000028 0.000000 
373 0.000027 0.000000 
374 0.000026 0.000000 
375 0.000025 0.000000 
376 0.000024 0.000000 
377 0.000023 0.000000 
378 0.000022 0.000000 
379 0.000021 0.000000 
380 0.000021 0.000000 
381 0.000020 0.000000 
382 0.000019 0.000000 
383 0.000018 0.000000 
384 0.000018 0.000000 
385 0.000017 0.000000 
386 0.000017 0.000000 
387 0.000016 0.000000 
388 0.000015 0.000000 
389 0.000015 0.000000 
390 0.000014 0.000000 
391 0.000014 0.000000 
392 0.000013 0.000000 
393 0.000013 0.000000 
394 0.000012 0.000000 
395 0.000012 0.000000 
396 0.000011 0.000000 
397 0.000011 0.000000 
398 0.000011 0.000000 
399 0.000010 0.000000 
400 0.000010 0.000000 
401 0.000009 0.000000 
402 0.000009 0.000000 
403 0.000009 0.000000 
404 0.000008 0.000000 
405 0.000008 0.000000 
406 0.000008 0.000000 
407 0.000007 0.000000 
408 0.000007 0.000000 
409 0.000007 0.000000 
410 0.000007 0.000000 
411 0.000006 0.000000 
412 0.000006 0.000000 
413 0.000006 0.000000 
414 0.000006 0.000000 
415 0.000005 0.000000 
416 0.000005 0.000000 
417 0.000005 0.000000 
418 0.000005 0.000000 
419 0.000005 0.000000 
420 0.000004 0.000000 
421 0.000004 0.000000 
422 0.000004 0.000000 
423 0.000004 0.000000 
424 0.000004 0.000000 
425 0.000004 0.000000 
426 0.000004 0.000000 
427 0.000003 0.000000 
428 0.000003 0.000000 
429 0.000003 0.000000 
430 0.000003 0.000000 
431 0.000003 0.000000 
432 0.000003 0.000000 
433 0.000003 0.000000 
434 0.000003 0.000000 
435 0.000002 0.000000 
436 0.000002 0.000000 
437 0.000002 0.000000 
438 0.000002 0.000000 
439 0.000002 0.000000 
440 0.000002 0.000000 
441 0.000002 0.000000 
442 0.000002 0.000000 
443 0.000002 0.000000 
444 0.000002 0.000000 
445 0.000002 0.000000 
446 0.000002 0.000000 
447 0.000002 0.000000 
448 0.000001 0.000000 
449 0.000001 0.000000 
450 0.000001 0.000000 
451 0.000001 0.000000 
452 0.000001 0.000000 
453 0.000001 0.000000 
454 0.000001 0.000000 
455 0.000001 0.000000 
456 0.000001 0.000000 
457 0.000001 0.000000 
458 0.000001 0.000000 
459 0.000001 0.000000 
460 0.000001 0.000000 
461 0.000001 0.000000 
462 0.000001 0.000000 
463 0.000001 0.000000 
464 0.000001 0.000000 
465 0.000001 0.000000 
466 0.000001 0.000000 
467 0.000001 0.000000 
468 0.000001 0.000000 
469 0.000001 0.000000 
470 0.000001 0.000000 
471 0.000001 0.000000 
472 0.000001 0.000000 
473 0.000001 0.000000 
474 0.000000 0.000000 
475 0.000000 0.000000 
476 0.000000 0.000000 
477 0.000000 0.000000 
478 0.000000 0.000000 
479 0.000000 0.000000 
480 0.000000 0.000000 
481 0.000000 0.000000 
482 0.000000 0.000000 
483 0.000000 0.000000 
484 0.000000 0.000000 
485 0.000000 0.000000 
486 0.000000 0.000000 
487 0.000000 0.000000 
488 0.000000 0.000000 
489 0.000000 0.000000 
490 0.000000 0.000000 
491 0.000000 0.000000 
492 0.000000 0.000000 
493 0.000000 0.000000 
494 0.000000 0.000000 
495 0.000000 0.000000 
496 0.000000 0.000000 
497 0.000000 0.000000 
498 0.000000 0.000000 
499 0.000000 0.000000 
500 0.000000 0.000000 
501 0.000000 0.000000 
502 0.000000 0.000000 
503 0.000000 0.000000 
504 0.000000 0.000000 
505 0.000000 0.000000 
506 0.000000 0.000000 
507 0.000000 0.000000 
508 0.000000 0.000000 
509 0.000000 0.000000 
510 0.000000 0.000000 
511 0.000000 0.000000 
512 0.000000 0.000000 
513 0.000000 0.000000 
514 0.000000 0.000000 
515 0.000000 0.000000 
516 0.000000 0.000000 
517 0.000000 0.000000 
518 0.000000 0.000000 
519 0.000000 0.000000 
520 0.000000 0.000000 
521 0.000000 0.000000 
522 0.000000 0.000000 
523 0.000000 0.000000 
524 0.000000 0.000000 
525 0.000000 0.000000 
526 0.000000 0.000000 
527 0.000000 0.000000 
528 0.000000 0.000000 
529 0.000000 0.000000 
530 0.000000 0.000000 
531 0.000000 0.000000 
532 0.000000 0.000000 
533 0.000000 0.000000 
534 0.000000 0.000000 
535 0.000000 0.000000 
536 0.000000 0.000000 
537 0.000000 0.000000 
538 0.000000 0.000000 
539 0.000000 0.000000 
540 0.000000 0.000000 
541 0.000000 0.000000 
542 0.000000 0.000000 
543 0.000000 0.000000 
544 0.000000 0.000000 
545 0.000000 0.000000 
546 0.000000 0.000000 
547 0.000000 0.000000 
548 0.000000 0.000000 
549 0.000000 0.000000 
550 0.000000 0.000000 
551 0.000000 0.000000 
552 0.000000 0.000000 
553 0.000000 0.000000 
554 0.000000 0.000000 
555 0.000000 0.000000 
556 0.000000 0.000000 
557 0.000000 0.000000 
558 0.000000 0.000000 
559 0.000000 0.000000 
560 0.000000 0.000000 
561 0.000000 0.000000 
562 0.000000 0.000000 
563 0.000000 0.000000 
564 0.000000 0.000000 
565 0.000000 0.000000 
566 0.000000 0.000000 
567 0.000000 0.000000 
568 0.000000 0.000000 
569 0.000000 0.000000 
570 0.000000 0.000000 
571 0.000000 0.000000 
572 0.000000 0.000000 
573 0.000000 0.000000 
574 0.000000 0.000000 
575 0.000000 0.000000 
576 0.000000 0.000000 
577 0.000000 0.000000 
578 0.000000 0.000000 
579 0.000000 0.000000 
580 0.000000 0.000000 
581 0.000000 0.000000 
582 0.000000 0.000000 
583 0.000000 0.000000 
584 0.000000 0.000000 
585 0.000000 0.000000 
586 0.000000 0.000000 
587 0.000000 0.000000 
588 0.000000 0.000000 
589 0.000000 0.000000 
590 0.000000 0.000000 
591 0.000000 0.000000 
592 0.000000 0.000000 
593 0.000000 0.000000 
594 0.000000 0.000000 
595 0.000000 0.000000 
596 0.000000 0.000000 
597 0.000000 0.000000 
598 0.000000 0.000000 
599 0.000000 0.000000 
600 0.000000 0.000000 
601 0.000000 0.000000 
602 0.000000 0.000000 
603 0.000000 0.000000 
604 0.000000 0.000000 
605 0.000000 0.000000 
606 0.000000 0.000000 
607 0.000000 0.000000 
608 0.000000 0.000000 
609 0.000000 0.000000 
610 0.000000 0.000000 
611 0.000000 0.000000 
612 0.000000 0.000000 
613 0.000000 0.000000 
614 0.000000 0.000000 
615 0.000000 0.000000 
616 0.000000 0.000000 
617 0.000000 0.000000 
618 0.000000 0.000000 
619 0.000000 0.000000 
620 0.000000 0.000000 
621 0.000000 0.000000 
622 0.000000 0.000000 
623 0.000000 0.000000 
624 0.000000 0.000000 
625 0.000000 0.000000 
626 0.000000 0.000000 
627 0.000000 0.000000 
628 0.000000 0.000000 
629 0.000000 0.000000 
630 0.000000 0.000000 
631 0.000000 0.000000 
632 0.000000 0.000000 
633 0.000000 0.000000 
634 0.000000 0.000000 
635 0.000000 0.000000 
636 0.000000 0.000000 
637 0.000000 0.000000 
638 0.000000 0.000000 
639 0.000000 0.000000 
640 0.000000 0.000000 
641 0.000000 0.000000 
642 0.000000 0.000000 
643 0.000000 0.000000 
644 0.000000 0.000000 
645 0.000000 0.000000 
646 0.000000 0.000000 
647 0.000000 0.000000 
648 0.000000 0.000000 
649 0.000000 0.000000 
650 0.000000 0.000000 
651 0.000000 0.000000 
652 0.000000 0.000000 
653 0.000000 0.000000 
654 0.000000 0.000000 
655 0.000000 0.000000 
656 0.000000 0.000000 
657 0.000000 0.000000 
658 0.000000 0.000000 
659 0.000000 0.000000 
660 0.000000 0.000000 
661 0.000000 0.000000 
662 0.000000 0.000000 
663 0.000000 0.000000 
664 0.000000 0.000000 
665 0.000000 0.000000 
666 0.000000 0.000000 
667 0.000000 0.000000 
668 0.000000 0.000000 
669 0.000000 0.000000 
670 0.000000 0.000000 
671 0.000000 0.000000 
672 0.000000 0.000000 
673 0.000000 0.000000 
674 0.000000 0.000000 
675 0.000000 0.000000 
676 0.000000 0.000000 
677 0.000000 0.000000 
678 0.000000 0.000000 
679 0.000000 0.000000 
680 0.000000 0.000000 
681 0.000000 0.000000 
682 0.000000 0.000000 
683 0.000000 0.000000 
684 0.000000 0.000000 
685 0.000000 0.000000 
686 0.000000 0.000000 
687 0.000000 0.000000 
688 0.000000 0.000000 
689 0.000000 0.000000 
690 0.000000 0.000000 
691 0.000000 0.000000 
692 0.000000 0.000000 
693 0.000000 0.000000 
694 0.000000 0.000000 
695 0.000000 0.000000 
696 0.000000 0.000000 
697 0.000000 0.000000 
698 0.000000 0.000000 
699 0.000000 0.000000 
700 0.000000 0.000000 
701 0.000000 0.000000 
702 0.000000 0.000000 
703 0.000000 0.000000 
704 0.000000 0.000000 
705 0.000000 0.000000 
706 0.000000 0.000000 
707 0.000000 0.000000 
708 0.000000 0.000000 
709 0.000000 0.000000 
710 0.000000 0.000000 
711 0.000000 0.000000 
712 0.000000 0.000000 
713 0.000000 0.000000 
714 0.000000 0.000000 
715 0.000000 0.000000 
716 0.000000 0.000000 
717 0.000000 0.000000 
718 0.000000 0.000000 
719 0.000000 0.000000 
720 0.000000 0.000000 
721 0.000000 0.000000 
722 0.000000 0.000000 
723 0.000000 0.000000 
724 0.000000 0.000000 
725 0.000000 0.000000 
726 0.000000 0.000000 
727 0.000000 0.000000 
728 0.000000 0.000000 
729 0.000000 0.000000 
730 0.000000 0.000000 
731 0.000000 0.000000 
732 0.000000 0.000000 
733 0.000000 0.000000 
734 0.000000 0.000000 
735 0.000000 0.000000 
736 0.000000 0.000000 
737 0.000000 0.000000 
738 0.000000 0.000000 
739 0.000000 0.000000 
740 0.000000 0.000000 
741 0.000000 0.000000 
742 0.000000 0.000000 
743 0.000000 0.000000 
744 0.000000 0.000000 
745 0.000000 0.000000 
746 0.000000 0.000000 
747 0.000000 0.000000 
748 0.000000 0.000000 
749 0.000000 0.000000 
750 0.000000 0.000000 
751 0.000000 0.000000 
752 0.000000 0.000000 
753 0.000000 0.000000 
754 0.000000 0.000000 
755 0.000000 0.000000 
756 0.000000 0.000000 
757 0.000000 0.000000 
758 0.000000 0.000000 
759 0.000000 0.000000 
760 0.000000 0.000000 
761 0.000000 0.000000 
762 0.000000 0.000000 
763 0.000000 0.000000 
764 0.000000 0.000000 
765 0.000000 0.000000 
766 0.000000 0.000000 
767 0.000000 0.000000 
768 0.000000 0.000000 
769 0.000000 0.000000 
770 0.000000 0.000000 
771 0.000000 0.000000 
772 0.000000 0.000000 
773 0.000000 0.000000 
774 0.000000 0.000000 
775 0.000000 0.000000 
776 0.000000 0.000000 
777 0.000000 0.000000 
778 0.000000 0.000000 
779 0.000000 0.000000 
780 0.000000 0.000000 
781 0.000000 0.000000 
782 0.000000 0.000000 
783 0.000000 0.000000 
784 0.000000 0.000000 
785 0.000000 0.000000 
786 0.000000 0.000000 
787 0.000000 0.000000 
788 0.000000 0.000000 
789 0.000000 0.000000 
790 0.000000 0.000000 
791 0.000000 0.000000 
792 0.000000 0.000000 
793 0.000000 0.000000 
794 0.000000 0.000000 
795 0.000000 0.000000 
796 0.000000 0.000000 
797 0.000000 0.000000 
798 0.000000 0.000000 
799 0.000000 0.000000 
800 0.000000 0.000000 
801 0.000000 0.000000 
802 0.000000 0.000000 
803 0.000000 0.000000 
804 0.000000 0.000000 
805 0.000000 0.000000 
806 0.000000 0.000000 
807 0.000000 0.000000 
808 0.000000 0.000000 
809 0.000000 0.000000 
810 0.000000 0.000000 
811 0.000000 0.000000 
812 0.000000 0.000000 
813 0.000000 0.000000 
814 0.000000 0.000000 
815 0.000000 0.000000 
816 0.000000 0.000000 
817 0.000000 0.000000 
818 0.000000 0.000000 
819 0.000000 0.000000 
820 0.000000 0.000000 
821 0.000000 0.000000 
822 0.000000 0.000000 
823 0.000000 0.000000 
824 0.000000 0.000000 
825 0.000000 0.000000 
826 0.000000 0.000000 
827 0.000000 0.000000 
828 0.000000 0.000000 
829 0.000000 0.000000 
830 0.000000 0.000000 
831 0.000000 0.000000 
832 0.000000 0.000000 
833 0.000000 0.000000 
834 0.000000 0.000000 
835 0.000000 0.000000 
836 0.000000 0.000000 
837 0.000000 0.000000 
838 0.000000 0.000000 
839 0.000000 0.000000 
840 0.000000 0.000000 
841 0.000000 0.000000 
842 0.000000 0.000000 
843 0.000000 0.000000 
844 0.000000 0.000000 
845 0.000000 0.000000 
846 0.000000 0.000000 
847 0.000000 0.000000 
848 0.000000 0.000000 
849 0.000000 0.000000 
850 0.000000 0.000000 
851 0.000000 0.000000 
852 0.000000 0.000000 
853 0.000000 0.000000 
854 0.000000 0.000000 
855 0.000000 0.000000 
856 0.000000 0.000000 
857 0.000000 0.000000 
858 0.000000 0.000000 
859 0.000000 0.000000 
860 0.000000 0.000000 
861 0.000000 0.000000 
862 0.000000 0.000000 
863 0.000000 0.000000 
864 0.000000 0.000000 
865 0.000000 0.000000 
866 0.000000 0.000000 
867 0.000000 0.000000 
868 0.000000 0.000000 
869 0.000000 0.000000 
870 0.000000 0.000000 
871 0.000000 0.000000 
872 0.000000 0.000000 
873 0.000000 0.000000 
874 0.000000 0.000000 
875 0.000000 0.000000 
876 0.000000 0.000000 
877 0.000000 0.000000 
878 0.000000 0.000000 
879 0.000000 0.000000 
880 0.000000 0.000000 
881 0.000000 0.000000 
882 0.000000 0.000000 
883 0.000000 0.000000 
884 0.000000 0.000000 
885 0.000000 0.000000 
886 0.000000 0.000000 
887 0.000000 0.000000 
888 0.000000 0.000000 
889 0.000000 0.000000 
890 0.000000 0.000000 
891 0.000000 0.000000 
892 0.000000 0.000000 
893 0.000000 0.000000 
894 0.000000 0.000000 
895 0.000000 0.000000 
896 0.000000 0.000000 
897 0.000000 0.000000 
898 0.000000 0.000000 
899 0.000000 0.000000 
900 0.000000 0.000000 
901 0.000000 0.000000 
902 0.000000 0.000000 
903 0.000000 0.000000 
904 0.000000 0.000000 
905 0.000000 0.000000 
906 0.000000 0.000000 
907 0.000000 0.000000 
908 0.000000 0.000000 
909 0.000000 0.000000 
910 0.000000 0.000000 
911 0.000000 0.000000 
912 0.000000 0.000000 
913 0.000000 0.000000 
914 0.000000 0.000000 
915 0.000000 0.000000 
916 0.000000 0.000000 
917 0.000000 0.000000 
918 0.000000 0.000000 
919 0.000000 0.000000 
920 0.000000 0.000000 
921 0.000000 0.000000 
922 0.000000 0.000000 
923 0.000000 0.000000 
924 0.000000 0.000000 
925 0.000000 0.000000 
926 0.000000 0.000000 
927 0.000001 0.000000 
928 0.000001 0.000000 
929 0.000001 0.000000 
930 0.000001 0.000000 
931 0.000001 0.000000 
932 0.000001 0.000000 
933 0.000001 0.000000 
934 0.000001 0.000000 
935 0.000001 0.000000 
936 0.000001 0.000000 
937 0.000001 0.000000 
938 0.000001 0.000000 
939 0.000001 0.000000 
940 0.000001 0.000000 
941 0.000001 0.000000 
942 0.000001 0.000000 
943 0.000001 0.000000 
944 0.000001 0.000000 
945 0.000001 0.000000 
946 0.000001 0.000000 
947 0.000001 0.000000 
948 0.000001 0.000000 
949 0.000001 0.000000 
950 0.000001 0.000000 
951 0.000001 0.000000 
952 0.000001 0.000000 
953 0.000001 0.000000 
954 0.000002 0.000000 
955 0.000002 0.000000 
956 0.000002 0.000000 
957 0.000002 0.000000 
958 0.000002 0.000000 
959 0.000002 0.000000 
960 0.000002 0.000000 
961 0.000002 0.000000 
962 0.000002 0.000000 
963 0.000002 0.000000 
964 0.000002 0.000000 
965 0.000002 0.000000 
966 0.000002 0.000000 
967 0.000003 0.000000 
968 0.000003 0.000000 
969 0.000003 0.000000 
970 0.000003 0.000000 
971 0.000003 0.000000 
972 0.000003 0.000000 
973 0.000003 0.000000 
974 0.000003 0.000000 
975 0.000004 0.000000 
976 0.000004 0.000000 
977 0.000004 0.000000 
978 0.000004 0.000000 
979 0.000004 0.000000 
980 0.000004 0.000000 
981 0.000004 0.000000 
982 0.000005 0.000000 
983 0.000005 0.000000 
984 0.000005 0.000000 
985 0.000005 0.000000 
986 0.000005 0.000000 
987 0.000006 0.000000 
988 0.000006 0.000000 
989 0.000006 0.000000 
990 0.000006 0.000000 
991 0.000007 0.000000 
992 0.000007 0.000000 
993 0.000007 0.000000 
994 0.000007 0.000000 
995 0.000008 0.000000 
996 0.000008 0.000000 
997 0.000008 0.000000 
998 0.000009 0.000000 
999 0.000009 0.000000 
1000 0.000009 0.000000 
1001 0.000010 0.000000 
1002 0.000010 0.000000 
1003 0.000010 0.000000 
1004 0.000011 0.000000 
1005 0.000011 0.000000 
1006 0.000012 0.000000 
1007 0.000012 0.000000 
1008 0.000013 0.000000 
1009 0.000013 0.000000 
1010 0.000014 0.000000 
1011 0.000014 0.000000 
1012 0.000015 0.000000 
1013 0.000015 0.000000 
1014 0.000016 0.000000 
1015 0.000016 0.000000 
1016 0.000017 0.000000 
1017 0.000018 0.000000 
1018 0.000018 0.000000 
1019 0.000019 0.000000 
1020 0.000020 0.000000 
1021 0.000021 0.000000 
1022 0.000021 0.000000 
1023 0.000022 0.000000 
1024 0.000023 0.000000 
1025 0.000024 0.000000 
1026 0.000025 0.000000 
1027 0.000026 0.000000 
1028 0.000027 0.000000 
1029 0.000028 0.000000 
1030 0.000029 0.000000 
1031 0.000030 0.000000 
1032 0.000031 0.000000 
1033 0.000032 0.000000 
1034 0.000033 0.000000 
1035 0.000034 0.000000 
1036 0.000035 0.000000 
1037 0.000037 0.000000 
1038 0.000038 0.000000 
1039 0.000040 0.000000 
1040 0.000041 0.000000 
1041 0.000042 0.000000 
1042 0.000044 0.000000 
1043 0.000046 0.000000 
1044 0.000047 0.000000 
1045 0.000049 0.000000 
1046 0.000051 0.000000 
1047 0.000053 0.000000 
1048 0.000054 0.000000 
1049 0.000056 0.000000 
1050 0.000058 0.000000 
1051 0.000061 0.000000 
1052 0.000063 0.000000 
1053 0.000065 0.000000 
1054 0.000067 0.000000 
1055 0.000070 0.000000 
1056 0.000072 0.000000 
1057 0.000075 0.000000 
1058 0.000077 0.000000 
1059 0.000080 0.000000 
1060 0.000083 0.000000 
1061 0.000086 0.000000 
1062 0.000089 0.000000 
1063 0.000092 0.000000 
1064 0.000095 0.000000 
1065 0.000099 0.000000 
1066 0.000102 0.000000 
1067 0.000106 0.000000 
1068 0.000110 0.000000 
1069 0.000113 0.000000 
1070 0.000117 0.000000 
1071 0.000121 0.000000 
1072 0.000126 0.000000 
1073 0.000130 0.000000 
1074 0.000135 0.000000 
1075 0.000139 0.000000 
1076 0.000144 0.000000 
1077 0.000149 0.000000 
1078 0.000154 0.000000 
1079 0.000159 0.000000 
1080 0.000165 0.000000 
1081 0.000171 0.000000 
1082 0.000176 0.000000 
1083 0.000182 0.000000 
1084 0.000189 0.000000 
1085 0.000195 0.000000 
1086 0.000202 0.000000 
1087 0.000209 0.000000 
1088 0.000216 0.000000 
1089 0.000223 0.000000 
1090 0.000230 0.000000 
1091 0.000238 0.000000 
1092 0.000246 0.000000 
1093 0.000255 0.000000 
1094 0.000263 0.000000 
1095 0.000272 0.000000 
1096 0.000281 0.000000 
1097 0.000290 0.000000 
1098 0.000300 0.000000 
1099 0.000310 0.000000 
1100 0.000320 0.000000 
1101 0.000331 0.000000 
1102 0.000342 0.000000 
1103 0.000353 0.000000 
1104 0.000365 0.000000 
1105 0.000377 0.000000 
1106 0.000389 0.000000 
1107 0.000402 0.000000 
1108 0.000415 0.000000 
1109 0.000429 0.000000 
1110 0.000443 0.000000 
1111 0.000457 0.000000 
1112 0.000472 0.000000 
1113 0.000487 0.000000 
1114 0.000503 0.000000 
1115 0.000520 0.000000 
1116 0.000536 0.000000 
1117 0.000554 0.000000 
1118 0.000571 0.000000 
1119 0.000590 0.000000 
1120 0.000609 0.000000 
1121 0.000628 0.000000 
1122 0.000648 0.000000 
1123 0.000669 0.000000 
1124 0.000690 0.000000 
1125 0.000712 0.000000 
1126 0.000735 0.000000 
1127 0.000758 0.000000 
1128 0.000782 0.000000 
1129 0.000807 0.000000 
1130 0.000833 0.000000 
1131 0.000859 0.000000 
1132 0.000886 0.000000 
1133 0.000914 0.000000 
1134 0.000942 0.000000 
1135 0.000972 0.000000 
1136 0.001002 0.000000 
1137 0.001033 0.000000 
1138 0.001065 0.000000 
1139 0.001098 0.000000 
1140 0.001132 0.000000 
1141 0.001167 0.000000 
1142 0.001203 0.000000 
1143 0.001240 0.000000 
1144 0.001279 0.000000 
1145 0.001318 0.000000 
1146 0.001358 0.000000 
1147 0.001400 0.000000 
1148 0.001443 0.000000 
1149 0.001486 0.000000 
1150 0.001532 0.000000 
1151 0.001578 0.000000 
1152 0.001626 0.000000 
1153 0.001675 0.000000 
1154 0.001726 0.000000 
1155 0.001778 0.000000 
1156 0.001831 0.000000 
1157 0.001886 0.000000 
1158 0.001943 0.000000 
1159 0.002001 0.000000 
1160 0.002061 0.000000 
1161 0.002122 0.000000 
1162 0.002185 0.000000 
1163 0.002250 0.000000 
1164 0.002317 0.000000 
1165 0.002385 0.000000 
1166 0.002456 0.000000 
1167 0.002528 0.000000 
1168 0.002603 0.000000 
1169 0.002679 0.000000 
1170 0.002758 0.000000 
1171 0.002838 0.000000 
1172 0.002921 0.000000 
1173 0.003006 0.000000 
1174 0.003094 0.000000 
1175 0.003183 0.000000 
1176 0.003276 0.000000 
1177 0.003370 0.000000 
1178 0.003468 0.000000 
1179 0.003567 0.000000 
1180 0.003670 0.000000 
1181 0.003775 0.000000 
1182 0.003883 0.000000 
1183 0.003994 0.000000 
1184 0.004108 0.000000 
1185 0.004225 0.000000 
1186 0.004345 0.000000 
1187 0.004469 0.000000 
1188 0.004595 0.000000 
1189 0.004725 0.000000 
1190 0.004858 0.000000 
1191 0.004995 0.000000 
1192 0.005135 0.000000 
1193 0.005279 0.000000 
1194 0.005426 0.000000 
1195 0.005578 0.000000 
1196 0.005733 0.000000 
1197 0.005892 0.000000 
1198 0.006056 0.000000 
1199 0.006224 0.000000 
1200 0.006396 0.000000 
1201 0.006572 0.000000 
1202 0.006753 0.000000 
1203 0.006938 0.000000 
1204 0.007128 0.000000 
1205 0.007323 0.000000 
1206 0.007523 0.000000 
1207 0.007728 0.000000 
1208 0.007938 0.000000 
1209 0.008154 0.000000 
1210 0.008374 0.000000 
1211 0.008601 0.000000 
1212 0.008833 0.000000 
1213 0.009070 0.000000 
1214 0.009314 0.000000 
1215 0.009563 0.000000 
1216 0.009819 0.000000 
1217 0.010081 0.000000 
1218 0.010349 0.000000 
1219 0.010624 0.000000 
1220 0.010906 0.000000 
1221 0.011195 0.000000 
1222 0.011490 0.000000 
1223 0.011793 0.000000 
1224 0.012103 0.000000 
1225 0.012421 0.000000 
1226 0.012746 0.000000 
1227 0.013079 0.000000 
1228 0.013420 0.000000 
1229 0.013769 0.000000 
1230 0.014126 0.000000 
1231 0.014492 0.000000 
1232 0.014867 0.000000 
1233 0.015250 0.000000 
1234 0.015643 0.000000 
1235 0.016044 0.000000 
1236 0.016456 0.000000 
1237 0.016876 0.000000 
1238 0.017307 0.000000 
1239 0.017747 0.000000 
1240 0.018198 0.000000 
1241 0.018659 0.000000 
1242 0.019131 0.000000 
1243 0.019614 0.000000 
1244 0.020108 0.000000 
1245 0.020613 0.000000 
1246 0.021130 0.000000 
1247 0.021658 0.000000 
1248 0.022199 0.000000 
1249 0.022752 0.000000 
1250 0.023317 0.000000 
1251 0.023895 0.000000 
1252 0.024486 0.000000 
1253 0.025090 0.000000 
1254 0.025708 0.000000 
1255 0.026340 0.000000 
1256 0.026985 0.000000 
1257 0.027645 0.000000 
1258 0.028320 0.000000 
1259 0.029009 0.000000 
1260 0.029714 0.000000 
1261 0.030434 0.000000 
1262 0.031170 0.000000 
1263 0.031922 0.000000 
1264 0.032690 0.000000 
1265 0.033475 0.000000 
1266 0.034277 0.000000 
1267 0.035096 0.000000 
1268 0.035933 0.000000 
1269 0.036788 0.000000 
1270 0.037661 0.000000 
1271 0.038553 0.000000 
1272 0.039463 0.000000 
1273 0.040393 0.000000 
1274 0.041343 0.000000 
1275 0.042313 0.000000 
1276 0.043303 0.000000 
1277 0.044314 0.000000 
1278 0.045346 0.000000 
1279 0.046399 0.000000 
1280 0.047475 0.000000 
1281 0.048573 0.000000 
1282 0.049693 0.000000 
1283 0.050836 0.000000 
1284 0.052003 0.000000 
1285 0.053194 0.000000 
1286 0.054410 0.000000 
1287 0.055650 0.000000 
1288 0.056915 0.000000 
1289 0.058205 0.000000 
1290 0.059522 0.000000 
1291 0.060865 0.000000 
1292 0.062235 0.000000 
1293 0.063633 0.000000 
1294 0.065058 0.000000 
1295 0.066512 0.000000 
1296 0.067995 0.000000 
1297 0.069507 0.000000 
1298 0.071048 0.000000 
1299 0.072620 0.000000 
1300 0.074222 0.000000 
1301 0.075856 0.000000 
1302 0.077522 0.000000 
1303 0.079220 0.000000 
1304 0.080950 0.000000 
1305 0.082714 0.000000 
1306 0.084512 0.000000 
1307 0.086344 0.000000 
1308 0.088211 0.000000 
1309 0.090114 0.000000 
1310 0.092052 0.000000 
1311 0.094027 0.000000 
1312 0.096040 0.000000 
1313 0.098090 0.000000 
1314 0.100178 0.000000 
1315 0.102306 0.000000 
1316 0.104472 0.000000 
1317 0.106679 0.000000 
1318 0.108927 0.000000 
1319 0.111216 0.000000 
1320 0.113547 0.000000 
1321 0.115920 0.000000 
1322 0.118337 0.000000 
1323 0.120797 0.000000 
1324 0.123302 0.000000 
1325 0.125852 0.000000 
1326 0.128448 0.000000 
1327 0.131090 0.000000 
1328 0.133779 0.000000 
1329 0.136517 0.000000 
1330 0.139302 0.000000 
1331 0.142137 0.000000 
1332 0.145021 0.000000 
1333 0.147956 0.000000 
1334 0.150942 0.000000 
1335 0.153980 0.000000 
1336 0.157071 0.000000 
1337 0.160215 0.000000 
1338 0.163413 0.000000 
1339 0.166665 0.000000 
1340 0.169974 0.000000 
1341 0.173338 0.000000 
1342 0.176760 0.000000 
1343 0.180239 0.000000 
1344 0.183777 0.000000 
1345 0.187374 0.000000 
1346 0.191031 0.000000 
1347 0.194749 0.000000 
1348 0.198528 0.000000 
1349 0.202370 0.000000 
1350 0.206275 0.000000 
1351 0.210244 0.000000 
1352 0.214278 0.000000 
1353 0.218377 0.000000 
1354 0.222543 0.000000 
1355 0.226775 0.000000 
1356 0.231076 0.000000 
1357 0.235445 0.000000 
1358 0.239884 0.000000 
1359 0.244394 0.000000 
1360 0.248974 0.000000 
1361 0.253627 0.000000 
1362 0.258352 0.000000 
1363 0.263152 0.000000 
1364 0.268026 0.000000 
1365 0.272975 0.000000 
1366 0.278001 0.000000 
1367 0.283104 0.000000 
1368 0.288285 0.000000 
1369 0.293544 0.000000 
1370 0.298884 0.000000 
1371 0.304304 0.000000 
1372 0.309805 0.000000 
1373 0.315389 0.000000 
1374 0.321056 0.000000 
1375 0.326808 0.000000 
1376 0.332644 0.000000 
1377 0.338566 0.000000 
1378 0.344574 0.000000 
1379 0.350670 0.000000 
1380 0.356855 0.000000 
1381 0.363129 0.000000 
1382 0.369493 0.000000 
1383 0.375949 0.000000 
1384 0.382496 0.000000 
1385 0.389136 0.000000 
1386 0.395870 0.000000 
1387 0.402699 0.000000 
1388 0.409623 0.000000 
1389 0.416644 0.000000 
1390 0.423762 0.000000 
1391 0.430978 0.000000 
1392 0.438294 0.000000 
1393 0.445709 0.000000 
1394 0.453225 0.000000 
1395 0.460843 0.000000 
1396 0.468563 0.000000 
1397 0.476387 0.000000 
1398 0.484315 0.000000 
1399 0.492348 0.000000 
1400 0.500487 0.000000 
1401 0.508734 0.000000 
1402 0.517088 0.000000 
1403 0.525550 0.000000 
1404 0.534123 0.000000 
1405 0.542805 0.000000 
1406 0.551599 0.000000 
1407 0.560505 0.000000 
1408 0.569523 0.000000 
1409 0.578655 0.000000 
1410 0.587902 0.000000 
1411 0.597264 0.000000 
1412 0.606742 0.000000 
1413 0.616337 0.000000 
1414 0.626050 0.000000 
1415 0.635881 0.000000 
1416 0.645832 0.000000 
1417 0.655902 0.000000 
1418 0.666094 0.000000 
1419 0.676407 0.000000 
1420 0.686843 0.000000 
1421 0.697401 0.000000 
1422 0.708084 0.000000 
1423 0.718890 0.000000 
1424 0.729823 0.000000 
1425 0.740881 0.000000 
1426 0.752066 0.000000 
1427 0.763378 0.000000 
1428 0.774819 0.000000 
1429 0.786388 0.000000 
1430 0.798086 0.000000 
1431 0.809915 0.000000 
1432 0.821874 0.000000 
1433 0.833964 0.000000 
1434 0.846187 0.000000 
1435 0.858541 0.000000 
1436 0.871029 0.000000 
1437 0.883651 0.000000 
1438 0.896406 0.000000 
1439 0.909297 0.000000 
1440 0.922322 0.000000 
1441 0.935484 0.000000 
1442 0.948781 0.000000 
1443 0.962216 0.000000 
1444 0.975787 0.000000 
1445 0.989496 0.000000 
1446 1.003344 0.000000 
1447 1.017330 0.000000 
1448 1.031454 0.000000 
1449 1.045718 0.000000 
1450 1.060122 0.000000 
1451 1.074665 0.000000 
1452 1.089349 0.000000 
1453 1.104174 0.000000 
1454 1.119139 0.000000 
1455 1.134246 0.000000 
1456 1.149494 0.000000 
1457 1.164884 0.000000 
1458 1.180416 0.000000 
1459 1.196089 0.000000 
1460 1.211905 0.000000 
1461 1.227864 0.000000 
1462 1.243965 0.000000 
1463 1.260209 0.000000 
1464 1.276595 0.000000 
1465 1.293124 0.000000 
1466 1.309796 0.000000 
1467 1.326611 0.000000 
1468 1.343569 0.000000 
1469 1.360669 0.000000 
1470 1.377912 0.000000 
1471 1.395298 0.000000 
1472 1.412827 0.000000 
1473 1.430498 0.000000 
1474 1.448311 0.000000 
1475 1.466266 0.000000 
1476 1.484364 0.000000 
1477 1.502603 0.000000 
1478 1.520983 0.000000 
1479 1.539505 0.000000 
1480 1.558167 0.000000 
1481 1.576970 0.000000 
1482 1.595913 0.000000 
1483 1.614996 0.000000 
1484 1.634219 0.000000 
1485 1.653580 0.000000 
1486 1.673080 0.000000 
1487 1.692717 0.000000 
1488 1.712492 0.000000 
1489 1.732404 0.000000 
1490 1.752452 0.000000 
1491 1.772636 0.000000 
1492 1.792955 0.000000 
1493 1.813408 0.000000 
1494 1.833995 0.000000 
1495 1.854714 0.000000 
1496 1.875566 0.000000 
1497 1.896549 0.000000 
1498 1.917663 0.000000 
1499 1.938906 0.000000 
1500 1.960278 0.000000 
1501 1.981778 0.000000 
1502 2.003405 0.000000 
1503 2.025157 0.000000 
1504 2.047035 0.000000 
1505 2.069037 0.000000 
1506 2.091161 0.000000 
1507 2.113407 0.000000 
1508 2.135773 0.000000 
1509 2.158259 0.000000 
1510 2.180863 0.000000 
1511 2.203584 0.000000 
1512 2.226421 0.000000 
1513 2.249372 0.000000 
1514 2.272436 0.000000 
1515 2.295612 0.000000 
1516 2.318898 0.000000 
1517 2.342294 0.000000 
1518 2.365796 0.000000 
1519 2.389404 0.000000 
1520 2.413117 0.000000 
1521 2.436933 0.000000 
1522 2.460850 0.000000 
1523 2.484866 0.000000 
1524 2.508981 0.000000 
1525 2.533191 0.000000 
1526 2.557497 0.000000 
1527 2.581895 0.000000 
1528 2.606384 0.000000 
1529 2.630963 0.000000 
1530 2.655629 0.000000 
1531 2.680380 0.000000 
1532 2.705215 0.000000 
1533 2.730132 0.000000 
1534 2.755128 0.000000 
1535 2.780202 0.000000 
1536 2.805352 0.000000 
1537 2.830575 0.000000 
1538 2.855870 0.000000 
1539 2.881235 0.000000 
1540 2.906666 0.000000 
1541 2.932163 0.000000 
1542 2.957722 0.000000 
1543 2.983342 0.000000 
1544 3.009020 0.000000 
1545 3.034755 0.000000 
1546 3.060543 0.000000 
1547 3.086382 0.000000 
1548 3.112270 0.000000 
1549 3.138205 0.000000 
1550 3.164184 0.000000 
1551 3.190204 0.000000 
1552 3.216264 0.000000 
1553 3.242360 0.000000 
1554 3.268490 0.000000 
1555 3.294651 0.000000 
1556 3.320841 0.000000 
1557 3.347058 0.000000 
1558 3.373298 0.000000 
1559 3.399559 0.000000 
1560 3.425838 0.000000 
1561 3.452132 0.000000 
1562 3.478440 0.000000 
1563 3.504757 0.000000 
1564 3.531081 0.000000 
1565 3.557409 0.000000 
1566 3.583739 0.000000 
1567 3.610067 0.000000 
1568 3.636391 0.000000 
1569 3.662708 0.000000 
1570 3.689015 0.000000 
1571 3.715308 0.000000 
1572 3.741586 0.000000 
1573 3.767844 0.000000 
1574 3.794081 0.000000 
1575 3.820292 0.000000 
1576 3.846475 0.000000 
1577 3.872627 0.000000 
1578 3.898745 0.000000 
1579 3.924826 0.000000 
1580 3.950866 0.000000 
1581 3.976863 0.000000 
1582 4.002813 0.000000 
1583 4.028713 0.000000 
1584 4.054560 0.000000 
1585 4.080352 0.000000 
1586 4.106083 0.000000 
1587 4.131753 0.000000 
1588 4.157357 0.000000 
1589 4.182892 0.000000 
1590 4.208355 0.000000 
1591 4.233743 0.000000 
1592 4.259052 0.000000 
1593 4.284280 0.000000 
1594 4.309422 0.000000 
1595 4.334477 0.000000 
1596 4.359440 0.000000 
1597 4.384308 0.000000 
1598 4.409079 0.000000 
1599 4.433748 0.000000 
1600 4.458312 0.000000 
1601 4.482769 0.000000 
1602 4.507115 0.000000 
1603 4.531347 0.000000 
1604 4.555461 0.000000 
1605 4.579455 0.000000 
1606 4.603324 0.000000 
1607 4.627066 0.000000 
1608 4.650678 0.000000 
1609 4.674156 0.000000 
1610 4.697497 0.000000 
1611 4.720698 0.000000 
1612 4.743755 0.000000 
1613 4.766665 0.000000 
1614 4.789426 0.000000 
1615 4.812034 0.000000 
1616 4.834485 0.000000 
1617 4.856777 0.000000 
1618 4.878907 0.000000 
1619 4.900870 0.000000 
1620 4.922665 0.000000 
1621 4.944288 0.000000 
1622 4.965735 0.000000 
1623 4.987004 0.000000 
1624 5.008092 0.000000 
1625 5.028996 0.000000 
1626 5.049712 0.000000 
1627 5.070238 0.000000 
1628 5.090570 0.000000 
1629 5.110705 0.000000 
1630 5.130641 0.000000 
1631 5.150375 0.000000 
1632 5.169904 0.000000 
1633 5.189224 0.000000 
1634 5.208333 0.000000 
1635 5.227228 0.000000 
1636 5.245906 0.000000 
1637 5.264365 0.000000 
1638 5.282601 0.000000 
1639 5.300611 0.000000 
1640 5.318394 0.000000 
1641 5.335947 0.000000 
1642 5.353266 0.000000 
1643 5.370349 0.000000 
1644 5.387193 0.000000 
1645 5.403797 0.000000 
1646 5.420156 0.000000 
1647 5.436270 0.000000 
1648 5.452134 0.000000 
1649 5.467748 0.000000 
1650 5.483108 0.000000 
1651 5.498211 0.000000 
1652 5.513057 0.000000 
1653 5.527642 0.000000 
1654 5.541964 0.000000 
1655 5.556020 0.000000 
1656 5.569810 0.000000 
1657 5.583330 0.000000 
1658 5.596578 0.000000 
1659 5.609552 0.000000 
1660 5.622250 0.000000 
1661 5.634671 0.000000 
1662 5.646812 0.000000 
1663 5.658671 0.000000 
1664 5.670247 0.000000 
1665 5.681537 0.000000 
1666 5.692539 0.000000 
1667 5.703253 0.000000 
1668 5.713676 0.000000 
1669 5.723807 0.000000 
1670 5.733643 0.000000 
1671 5.743184 0.000000 
1672 5.752428 0.000000 
1673 5.761374 0.000000 
1674 5.770019 0.000000 
1675 5.778362 0.000000 
1676 5.786403 0.000000 
1677 5.794140 0.000000 
1678 5.801572 0.000000 
1679 5.808697 0.000000 
1680 5.815514 0.000000 
1681 5.822022 0.000000 
1682 5.828221 0.000000 
1683 5.834108 0.000000 
1684 5.839684 0.000000 
1685 5.844947 0.000000 
1686 5.849897 0.000000 
1687 5.854532 0.000000 
1688 5.858852 0.000000 
1689 5.862856 0.000000 
1690 5.866544 0.000000 
1691 5.869914 0.000000 
1692 5.872967 0.000000 
1693 5.875701 0.000000 
1694 5.878117 0.000000 
1695 5.880214 0.000000 
1696 5.881992 0.000000 
1697 5.883450 0.000000 
1698 5.884588 0.000000 
1699 5.885406 0.000000 
1700 5.885904 0.000000 
1701 5.886081 0.000000 
1702 5.885938 0.000000 
1703 5.885475 0.000000 
1704 5.884692 0.000000 
1705 5.883588 0.000000 
1706 5.882165 0.000000 
1707 5.880422 0.000000 
1708 5.878359 0.000000 
1709 5.875978 0.000000 
1710 5.873277 0.000000 
1711 5.870259 0.000000 
1712 5.866923 0.000000 
1713 5.863269 0.000000 
1714 5.859299 0.000000 
1715 5.855013 0.000000 
1716 5.850411 0.000000 
1717 5.845495 0.000000 
1718 5.840266 0.000000 
1719 5.834723 0.000000 
1720 5.828868 0.000000 
1721 5.822703 0.000000 
1722 5.816227 0.000000 
1723 5.809442 0.000000 
1724 5.802350 0.000000 
1725 5.794950 0.000000 
1726 5.787245 0.000000 
1727 5.779236 0.000000 
1728 5.770924 0.000000 
1729 5.762310 0.000000 
1730 5.753395 0.000000 
1731 5.744182 0.000000 
1732 5.734672 0.000000 
1733 5.724865 0.000000 
1734 5.714764 0.000000 
1735 5.704371 0.000000 
1736 5.693686 0.000000 
1737 5.682712 0.000000 
1738 5.671451 0.000000 
1739 5.659904 0.000000 
1740 5.648073 0.000000 
1741 5.635959 0.000000 
1742 5.623566 0.000000 
1743 5.610895 0.000000 
1744 5.597947 0.000000 
1745 5.584725 0.000000 
1746 5.571231 0.000000 
1747 5.557467 0.000000 
1748 5.543436 0.000000 
1749 5.529139 0.000000 
1750 5.514578 0.000000 
1751 5.499756 0.000000 
1752 5.484676 0.000000 
1753 5.469339 0.000000 
1754 5.453749 0.000000 
1755 5.437906 0.000000 
1756 5.421815 0.000000 
1757 5.405477 0.000000 
1758 5.388895 0.000000 
1759 5.372071 0.000000 
1760 5.355008 0.000000 
1761 5.337709 0.000000 
1762 5.320176 0.000000 
1763 5.302411 0.000000 
1764 5.284419 0.000000 
1765 5.266201 0.000000 
1766 5.247760 0.000000 
1767 5.229099 0.000000 
1768 5.210220 0.000000 
1769 5.191127 0.000000 
1770 5.171822 0.000000 
1771 5.152309 0.000000 
1772 5.132590 0.000000 
1773 5.112668 0.000000 
1774 5.092546 0.000000 
1775 5.072227 0.000000 
1776 5.051714 0.000000 
1777 5.031010 0.000000 
1778 5.010119 0.000000 
1779 4.989042 0.000000 
1780 4.967783 0.000000 
1781 4.946346 0.000000 
1782 4.924733 0.000000 
1783 4.902948 0.000000 
1784 4.880993 0.000000 
1785 4.858872 0.000000 
1786 4.836588 0.000000 
1787 4.814144 0.000000 
1788 4.791543 0.000000 
1789 4.768788 0.000000 
1790 4.745884 0.000000 
1791 4.722832 0.000000 
1792 4.699636 0.000000 
1793 4.676299 0.000000 
1794 4.652825 0.000000 
1795 4.629217 0.000000 
1796 4.605477 0.000000 
1797 4.581610 0.000000 
1798 4.557619 0.000000 
1799 4.533506 0.000000 
1800 4.509275 0.000000 
1801 4.484930 0.000000 
1802 4.460473 0.000000 
1803 4.435908 0.000000 
1804 4.411238 0.000000 
1805 4.386466 0.000000 
1806 4.361596 0.000000 
1807 4.336631 0.000000 
1808 4.311574 0.000000 
1809 4.286428 0.000000 
1810 4.261196 0.000000 
1811 4.235883 0.000000 
1812 4.210491 0.000000 
1813 4.185023 0.000000 
1814 4.159482 0.000000 
1815 4.133873 0.000000 
1816 4.108197 0.000000 
1817 4.082458 0.000000 
1818 4.056660 0.000000 
1819 4.030805 0.000000 
1820 4.004897 0.000000 
1821 3.978939 0.000000 
1822 3.952933 0.000000 
1823 3.926884 0.000000 
1824 3.900794 0.000000 
1825 3.874666 0.000000 
1826 3.848504 0.000000 
1827 3.822310 0.000000 
1828 3.796088 0.000000 
1829 3.769840 0.000000 
1830 3.743570 0.000000 
1831 3.717280 0.000000 
1832 3.690974 0.000000 
1833 3.664655 0.000000 
1834 3.638325 0.000000 
1835 3.611988 0.000000 
1836 3.585646 0.000000 
1837 3.559302 0.000000 
1838 3.532959 0.000000 
1839 3.506621 0.000000 
1840 3.480289 0.000000 
1841 3.453966 0.000000 
1842 3.427656 0.000000 
1843 3.401362 0.000000 
1844 3.375085 0.000000 
1845 3.348828 0.000000 
1846 3.322595 0.000000 
1847 3.296388 0.000000 
1848 3.270210 0.000000 
1849 3.244062 0.000000 
1850 3.217949 0.000000 
1851 3.191872 0.000000 
1852 3.165833 0.000000 
1853 3.139836 0.000000 
1854 3.113883 0.000000 
1855 3.087977 0.000000 
1856 3.062118 0.000000 
1857 3.036312 0.000000 
1858 3.010558 0.000000 
1859 2.984861 0.000000 
1860 2.959221 0.000000 
1861 2.933642 0.000000 
1862 2.908126 0.000000 
1863 2.882674 0.000000 
1864 2.857290 0.000000 
1865 2.831975 0.000000 
1866 2.806731 0.000000 
1867 2.781561 0.000000 
1868 2.756467 0.000000 
1869 2.731450 0.000000 
1870 2.706512 0.000000 
1871 2.681656 0.000000 
1872 2.656884 0.000000 
1873 2.632197 0.000000 
1874 2.607598 0.000000 
1875 2.583087 0.000000 
1876 2.558668 0.000000 
1877 2.534341 0.000000 
1878 2.510109 0.000000 
1879 2.485973 0.000000 
1880 2.461936 0.000000 
1881 2.437997 0.000000 
1882 2.414160 0.000000 
1883 2.390426 0.000000 
1884 2.366796 0.000000 
1885 2.343273 0.000000 
1886 2.319856 0.000000 
1887 2.296549 0.000000 
1888 2.273351 0.000000 
1889 2.250266 0.000000 
1890 2.227293 0.000000 
1891 2.204435 0.000000 
1892 2.181693 0.000000 
1893 2.159067 0.000000 
1894 2.136560 0.000000 
1895 2.114173 0.000000 
1896 2.091906 0.000000 
1897 2.069760 0.000000 
1898 2.047738 0.000000 
1899 2.025839 0.000000 
1900 2.004066 0.000000 
1901 1.982418 0.000000 
1902 1.960898 0.000000 
1903 1.939505 0.000000 
1904 1.918241 0.000000 
1905 1.897107 0.000000 
1906 1.876104 0.000000 
1907 1.855232 0.000000 
1908 1.834492 0.000000 
1909 1.813886 0.000000 
1910 1.793413 0.000000 
1911 1.773074 0.000000 
1912 1.752871 0.000000 
1913 1.732803 0.000000 
1914 1.712872 0.000000 
1915 1.693078 0.000000 
1916 1.673421 0.000000 
1917 1.653903 0.000000 
1918 1.634523 0.000000 
1919 1.615282 0.000000 
1920 1.596181 0.000000 
1921 1.577219 0.000000 
1922 1.558398 0.000000 
1923 1.539718 0.000000 
1924 1.521179 0.000000 
1925 1.502781 0.000000 
1926 1.484524 0.000000 
1927 1.466410 0.000000 
1928 1.448437 0.000000 
1929 1.430607 0.000000 
1930 1.412919 0.000000 
1931 1.395374 0.000000 
1932 1.377972 0.000000 
1933 1.360713 0.000000 
1934 1.343596 0.000000 
1935 1.326623 0.000000 
1936 1.309793 0.000000 
1937 1.293105 0.000000 
1938 1.276561 0.000000 
1939 1.260160 0.000000 
1940 1.243902 0.000000 
1941 1.227786 0.000000 
1942 1.211813 0.000000 
1943 1.195983 0.000000 
1944 1.180295 0.000000 
1945 1.164750 0.000000 
1946 1.149347 0.000000 
1947 1.134085 0.000000 
1948 1.118966 0.000000 
1949 1.103987 0.000000 
1950 1.089150 0.000000 
1951 1.074454 0.000000 
1952 1.059898 0.000000 
1953 1.045482 0.000000 
1954 1.031207 0.000000 
1955 1.017070 0.000000 
1956 1.003073 0.000000 
1957 0.989215 0.000000 
1958 0.975495 0.000000 
1959 0.961912 0.000000 
1960 0.948468 0.000000 
1961 0.935160 0.000000 
1962 0.921988 0.000000 
1963 0.908953 0.000000 
1964 0.896053 0.000000 
1965 0.883288 0.000000 
1966 0.870657 0.000000 
1967 0.858160 0.000000 
1968 0.845797 0.000000 
1969 0.833566 0.000000 
1970 0.821467 0.000000 
1971 0.809500 0.000000 
1972 0.797663 0.000000 
1973 0.785957 0.000000 
1974 0.774380 0.000000 
1975 0.762933 0.000000 
1976 0.751613 0.000000 
1977 0.740421 0.000000 
1978 0.729357 0.000000 
1979 0.718418 0.000000 
1980 0.707604 0.000000 
1981 0.696916 0.000000 
1982 0.686351 0.000000 
1983 0.675910 0.000000 
1984 0.665592 0.000000 
1985 0.655395 0.000000 
1986 0.645319 0.000000 
1987 0.635363 0.000000 
1988 0.625527 0.000000 
1989 0.615810 0.000000 
1990 0.606211 0.000000 
1991 0.596728 0.000000 
1992 0.587362 0.000000 
1993 0.578112 0.000000 
1994 0.568976 0.000000 
1995 0.559954 0.000000 
1996 0.551045 0.000000 
1997 0.542248 0.000000 
1998 0.533563 0.000000 
1999 0.524988 0.000000 
2000 0.516522 0.000000 
2001 0.508166 0.000000 
2002 0.499917 0.000000 
2003 0.491776 0.000000 
2004 0.483740 0.000000 
2005 0.475810 0.000000 
2006 0.467985 0.000000 
2007 0.460263 0.000000 
2008 0.452644 0.000000 
2009 0.445127 0.000000 
2010 0.437710 0.000000 
2011 0.430394 0.000000 
2012 0.423177 0.000000 
2013 0.416058 0.000000 
2014 0.409037 0.000000 
2015 0.402113 0.000000 
2016 0.395284 0.000000 
2017 0.388549 0.000000 
2018 0.381909 0.000000 
2019 0.375362 0.000000 
2020 0.368907 0.000000 
2021 0.362543 0.000000 
2022 0.356269 0.000000 
2023 0.350085 0.000000 
2024 0.343990 0.000000 
2025 0.337982 0.000000 
2026 0.332061 0.000000 
2027 0.326226 0.000000 
2028 0.320476 0.000000 
2029 0.314810 0.000000 
2030 0.309228 0.000000 
2031 0.303728 0.000000 
2032 0.298309 0.000000 
2033 0.292972 0.000000 
2034 0.287714 0.000000 
2035 0.282535 0.000000 
2036 0.277434 0.000000 
2037 0.272410 0.000000 
2038 0.267463 0.000000 
2039 0.262591 0.000000 
2040 0.257794 0.000000 
2041 0.253071 0.000000 
2042 0.248420 0.000000 
2043 0.243842 0.000000 
2044 0.239335 0.000000 
2045 0.234899 0.000000 
2046 0.230532 0.000000 
2047 0.226235 0.000000 
2048 0.222005 0.000000 
2049 0.217842 0.000000 
2050 0.213746 0.000000 
2051 0.209715 0.000000 
2052 0.205750 0.000000 
2053 0.201848 0.000000 
2054 0.198009 0.000000 
2055 0.194233 0.000000 
2056 0.190518 0.000000 
2057 0.186865 0.000000 
2058 0.183271 0.000000 
2059 0.179736 0.000000 
2060 0.176261 0.000000 
2061 0.172843 0.000000 
2062 0.169482 0.000000 
2063 0.166177 0.000000 
2064 0.162928 0.000000 
2065 0.159733 0.000000 
2066 0.156593 0.000000 
2067 0.153506 0.000000 
2068 0.150472 0.000000 
2069 0.147490 0.000000 
2070 0.144559 0.000000 
2071 0.141678 0.000000 
2072 0.138847 0.000000 
2073 0.136066 0.000000 
2074 0.133333 0.000000 
2075 0.130647 0.000000 
2076 0.128009 0.000000 
2077 0.125417 0.000000 
2078 0.122871 0.000000 
2079 0.120370 0.000000 
2080 0.117914 0.000000 
2081 0.115501 0.000000 
2082 0.113132 0.000000 
2083 0.110805 0.000000 
2084 0.108520 0.000000 
2085 0.106276 0.000000 
2086 0.104073 0.000000 
2087 0.101910 0.000000 
2088 0.099787 0.000000 
2089 0.097703 0.000000 
2090 0.095657 0.000000 
2091 0.093648 0.000000 
2092 0.091677 0.000000 
2093 0.089743 0.000000 
2094 0.087844 0.000000 
2095 0.085981 0.000000 
2096 0.084153 0.000000 
2097 0.082359 0.000000 
2098 0.080599 0.000000 
2099 0.078873 0.000000 
2100 0.077179 0.000000 
2101 0.075517 0.000000 
2102 0.073887 0.000000 
2103 0.072289 0.000000 
2104 0.070721 0.000000 
2105 0.069183 0.000000 
2106 0.067675 0.000000 
2107 0.066197 0.000000 
2108 0.064747 0.000000 
2109 0.063325 0.000000 
2110 0.061931 0.000000 
2111 0.060565 0.000000 
2112 0.059226 0.000000 
2113 0.057913 0.000000 
2114 0.056626 0.000000 
2115 0.055364 0.000000 
2116 0.054128 0.000000 
2117 0.052916 0.000000 
2118 0.051729 0.000000 
2119 0.050566 0.000000 
2120 0.049426 0.000000 
2121 0.048309 0.000000 
2122 0.047215 0.000000 
2123 0.046143 0.000000 
2124 0.045093 0.000000 
2125 0.044064 0.000000 
2126 0.043057 0.000000 
2127 0.042070 0.000000 
2128 0.041104 0.000000 
2129 0.040158 0.000000 
2130 0.039231 0.000000 
2131 0.038324 0.000000 
2132 0.037435 0.000000 
2133 0.036565 0.000000 
2134 0.035714 0.000000 
2135 0.034880 0.000000 
2136 0.034064 0.000000 
2137 0.033265 0.000000 
2138 0.032484 0.000000 
2139 0.031718 0.000000 
2140 0.030970 0.000000 
2141 0.030237 0.000000 
2142 0.029520 0.000000 
2143 0.028818 0.000000 
2144 0.028132 0.000000 
2145 0.027460 0.000000 
2146 0.026803 0.000000 
2147 0.026160 0.000000 
2148 0.025531 0.000000 
2149 0.024916 0.000000 
2150 0.024315 0.000000 
2151 0.023726 0.000000 
2152 0.023151 0.000000 
2153 0.022589 0.000000 
2154 0.022038 0.000000 
2155 0.021501 0.000000 
2156 0.020975 0.000000 
2157 0.020460 0.000000 
2158 0.019958 0.000000 
2159 0.019466 0.000000 
2160 0.018986 0.000000 
2161 0.018517 0.000000 
2162 0.018058 0.000000 
2163 0.017609 0.000000 
2164 0.017171 0.000000 
2165 0.016743 0.000000 
2166 0.016324 0.000000 
2167 0.015916 0.000000 
2168 0.015516 0.000000 
2169 0.015126 0.000000 
2170 0.014745 0.000000 
2171 0.014372 0.000000 
2172 0.014008 0.000000 
2173 0.013653 0.000000 
2174 0.013306 0.000000 
2175 0.012967 0.000000 
2176 0.012636 0.000000 
2177 0.012313 0.000000 
2178 0.011997 0.000000 
2179 0.011689 0.000000 
2180 0.011388 0.000000 
2181 0.011095 0.000000 
2182 0.010808 0.000000 
2183 0.010528 0.000000 
2184 0.010255 0.000000 
2185 0.009988 0.000000 
2186 0.009728 0.000000 
2187 0.009474 0.000000 
2188 0.009226 0.000000 
2189 0.008984 0.000000 
2190 0.008748 0.000000 
2191 0.008518 0.000000 
2192 0.008293 0.000000 
2193 0.008074 0.000000 
2194 0.007860 0.000000 
2195 0.007652 0.000000 
2196 0.007448 0.000000 
2197 0.007250 0.000000 
2198 0.007056 0.000000 
2199 0.006867 0.000000 
2200 0.006683 0.000000 
2201 0.006504 0.000000 
2202 0.006329 0.000000 
2203 0.006158 0.000000 
2204 0.005992 0.000000 
2205 0.005830 0.000000 
2206 0.005672 0.000000 
2207 0.005518 0.000000 
2208 0.005367 0.000000 
2209 0.005221 0.000000 
2210 0.005078 0.000000 
2211 0.004939 0.000000 
2212 0.004804 0.000000 
2213 0.004672 0.000000 
2214 0.004543 0.000000 
2215 0.004418 0.000000 
2216 0.004295 0.000000 
2217 0.004176 0.000000 
2218 0.004060 0.000000 
2219 0.003948 0.000000 
2220 0.003838 0.000000 
2221 0.003730 0.000000 
2222 0.003626 0.000000 
2223 0.003524 0.000000 
2224 0.003426 0.000000 
2225 0.003329 0.000000 
2226 0.003235 0.000000 
2227 0.003144 0.000000 
2228 0.003055 0.000000 
2229 0.002969 0.000000 
2230 0.002884 0.000000 
2231 0.002802 0.000000 
2232 0.002722 0.000000 
2233 0.002645 0.000000 
2234 0.002569 0.000000 
2235 0.002495 0.000000 
2236 0.002424 0.000000 
2237 0.002354 0.000000 
2238 0.002286 0.000000 
2239 0.002220 0.000000 
2240 0.002156 0.000000 
2241 0.002093 0.000000 
2242 0.002033 0.000000 
2243 0.001974 0.000000 
2244 0.001916 0.000000 
2245 0.001860 0.000000 
2246 0.001806 0.000000 
2247 0.001753 0.000000 
2248 0.001701 0.000000 
2249 0.001651 0.000000 
2250 0.001603 0.000000 
2251 0.001555 0.000000 
2252 0.001509 0.000000 
2253 0.001465 0.000000 
2254 0.001421 0.000000 
2255 0.001379 0.000000 
2256 0.001338 0.000000 
2257 0.001298 0.000000 
2258 0.001259 0.000000 
2259 0.001222 0.000000 
2260 0.001185 0.000000 
2261 0.001149 0.000000 
2262 0.001115 0.000000 
2263 0.001081 0.000000 
2264 0.001049 0.000000 
2265 0.001017 0.000000 
2266 0.000986 0.000000 
2267 0.000956 0.000000 
2268 0.000927 0.000000 
2269 0.000899 0.000000 
2270 0.000871 0.000000 
2271 0.000845 0.000000 
2272 0.000819 0.000000 
2273 0.000794 0.000000 
2274 0.000769 0.000000 
2275 0.000746 0.000000 
2276 0.000723 0.000000 
2277 0.000700 0.000000 
2278 0.000679 0.000000 
2279 0.000658 0.000000 
2280 0.000637 0.000000 
2281 0.000617 0.000000 
2282 0.000598 0.000000 
2283 0.000580 0.000000 
2284 0.000561 0.000000 
2285 0.000544 0.000000 
2286 0.000527 0.000000 
2287 0.000510 0.000000 
2288 0.000494 0.000000 
2289 0.000479 0.000000 
2290 0.000464 0.000000 
2291 0.000449 0.000000 
2292 0.000435 0.000000 
2293 0.000421 0.000000 
2294 0.000407 0.000000 
2295 0.000395 0.000000 
2296 0.000382 0.000000 
2297 0.000370 0.000000 
2298 0.000358 0.000000 
2299 0.000346 0.000000 
2300 0.000335 0.000000 
2301 0.000325 0.000000 
2302 0.000314 0.000000 
2303 0.000304 0.000000 
2304 0.000294 0.000000 
2305 0.000285 0.000000 
2306 0.000275 0.000000 
2307 0.000266 0.000000 
2308 0.000258 0.000000 
2309 0.000249 0.000000 
2310 0.000241 0.000000 
2311 0.000233 0.000000 
2312 0.000226 0.000000 
2313 0.000218 0.000000 
2314 0.000211 0.000000 
2315 0.000204 0.000000 
2316 0.000197 0.000000 
2317 0.000191 0.000000 
2318 0.000185 0.000000 
2319 0.000179 0.000000 
2320 0.000173 0.000000 
2321 0.000167 0.000000 
2322 0.000161 0.000000 
2323 0.000156 0.000000 
2324 0.000151 0.000000 
2325 0.000146 0.000000 
2326 0.000141 0.000000 
2327 0.000136 0.000000 
2328 0.000132 0.000000 
2329 0.000127 0.000000 
2330 0.000123 0.000000 
2331 0.000119 0.000000 
2332 0.000115 0.000000 
2333 0.000111 0.000000 
2334 0.000107 0.000000 
2335 0.000103 0.000000 
2336 0.000100 0.000000 
2337 0.000096 0.000000 
2338 0.000093 0.000000 
2339 0.000090 0.000000 
2340 0.000087 0.000000 
2341 0.000084 0.000000 
2342 0.000081 0.000000 
2343 0.000078 0.000000 
2344 0.000076 0.000000 
2345 0.000073 0.000000 
2346 0.000070 0.000000 
2347 0.000068 0.000000 
2348 0.000066 0.000000 
2349 0.000063 0.000000 
2350 0.000061 0.000000 
2351 0.000059 0.000000 
2352 0.000057 0.000000 
2353 0.000055 0.000000 
2354 0.000053 0.000000 
2355 0.000051 0.000000 
2356 0.000049 0.000000 
2357 0.000048 0.000000 
2358 0.000046 0.000000 
2359 0.000044 0.000000 
2360 0.000043 0.000000 
2361 0.000041 0.000000 
2362 0.000040 0.000000 
2363 0.000038 0.000000 
2364 0.000037 0.000000 
2365 0.000036 0.000000 
2366 0.000034 0.000000 
2367 0.000033 0.000000 
2368 0.000032 0.000000 
2369 0.000031 0.000000 
2370 0.000030 0.000000 
2371 0.000029 0.000000 
2372 0.000028 0.000000 
2373 0.000027 0.000000 
2374 0.000026 0.000000 
2375 0.000025 0.000000 
2376 0.000024 0.000000 
2377 0.000023 0.000000 
2378 0.000022 0.000000 
2379 0.000021 0.000000 
2380 0.000021 0.000000 
2381 0.000020 0.000000 
2382 0.000019 0.000000 
2383 0.000018 0.000000 
2384 0.000018 0.000000 
2385 0.000017 0.000000 
2386 0.000017 0.000000 
2387 0.000016 0.000000 
2388 0.000015 0.000000 
2389 0.000015 0.000000 
2390 0.000014 0.000000 
2391 0.000014 0.000000 
2392 0.000013 0.000000 
2393 0.000013 0.000000 
2394 0.000012 0.000000 
2395 0.000012 0.000000 
2396 0.000011 0.000000 
2397 0.000011 0.000000 
2398 0.000011 0.000000 
2399 0.000010 0.000000 
2400 0.000010 0.000000 
2401 0.000009 0.000000 
2402 0.000009 0.000000 
2403 0.000009 0.000000 
2404 0.000008 0.000000 
2405 0.000008 0.000000 
2406 0.000008 0.000000 
2407 0.000007 0.000000 
2408 0.000007 0.000000 
2409 0.000007 0.000000 
2410 0.000007 0.000000 
2411 0.000006 0.000000 
2412 0.000006 0.000000 
2413 0.000006 0.000000 
2414 0.000006 0.000000 
2415 0.000005 0.000000 
2416 0.000005 0.000000 
2417 0.000005 0.000000 
2418 0.000005 0.000000 
2419 0.000005 0.000000 
2420 0.000004 0.000000 
2421 0.000004 0.000000 
2422 0.000004 0.000000 
2423 0.000004 0.000000 
2424 0.000004 0.000000 
2425 0.000004 0.000000 
2426 0.000004 0.000000 
2427 0.000003 0.000000 
2428 0.000003 0.000000 
2429 0.000003 0.000000 
2430 0.000003 0.000000 
2431 0.000003 0.000000 
2432 0.000003 0.000000 
2433 0.000003 0.000000 
2434 0.000003 0.000000 
2435 0.000002 0.000000 
2436 0.000002 0.000000 
2437 0.000002 0.000000 
2438 0.000002 0.000000 
2439 0.000002 0.000000 
2440 0.000002 0.000000 
2441 0.000002 0.000000 
2442 0.000002 0.000000 
2443 0.000002 0.000000 
2444 0.000002 0.000000 
2445 0.000002 0.000000 
2446 0.000002 0.000000 
2447 0.000002 0.000000 
2448 0.000001 0.000000 
2449 0.000001 0.000000 
2450 0.000001 0.000000 
2451 0.000001 0.000000 
2452 0.000001 0.000000 
2453 0.000001 0.000000 
2454 0.000001 0.000000 
2455 0.000001 0.000000 
2456 0.000001 0.000000 
2457 0.000001 0.000000 
2458 0.000001 0.000000 
2459 0.000001 0.000000 
2460 0.000001 0.000000 
2461 0.000001 0.000000 
2462 0.000001 0.000000 
2463 0.000001 0.000000 
2464 0.000001 0.000000 
2465 0.000001 0.000000 
2466 0.000001 0.000000 
2467 0.000001 0.000000 
2468 0.000001 0.000000 
2469 0.000001 0.000000 
2470 0.000001 0.000000 
2471 0.000001 0.000000 
2472 0.000001 0.000000 
2473 0.000001 0.000000 
2474 0.000000 0.000000 
2475 0.000000 0.000000 
2476 0.000000 0.000000 
2477 0.000000 0.000000 
2478 0.000000 0.000000 
2479 0.000000 0.000000 
2480 0.000000 0.000000 
2481 0.000000 0.000000 
2482 0.000000 0.000000 
2483 0.000000 0.000000 
2484 0.000000 0.000000 
2485 0.000000 0.000000 
2486 0.000000 0.000000 
2487 0.000000 0.000000 
2488 0.000000 0.000000 
2489 0.000000 0.000000 
2490 0.000000 0.000000 
2491 0.000000 0.000000 
2492 0.000000 0.000000 
2493 0.000000 0.000000 
2494 0.000000 0.000000 
2495 0.000000 0.000000 
2496 0.000000 0.000000 
2497 0.000000 0.000000 
2498 0.000000 0.000000 
2499 0.000000 0.000000 
2500 0.000000 0.000000 
2501 0.000000 0.000000 
2502 0.000000 0.000000 
2503 0.000000 0.000000 
2504 0.000000 0.000000 
2505 0.000000 0.000000 
2506 0.000000 0.000000 
2507 0.000000 0.000000 
2508 0.000000 0.000000 
2509 0.000000 0.000000 
2510 0.000000 0.000000 
2511 0.000000 0.000000 
2512 0.000000 0.000000 
2513 0.000000 0.000000 
2514 0.000000 0.000000 
2515 0.000000 0.000000 
2516 0.000000 0.000000 
2517 0.000000 0.000000 
2518 0.000000 0.000000 
2519 0.000000 0.000000 
2520 0.000000 0.000000 
2521 0.000000 0.000000 
2522 0.000000 0.000000 
2523 0.000000 0.000000 
2524 0.000000 0.000000 
2525 0.000000 0.000000 
2526 0.000000 0.000000 
2527 0.000000 0.000000 
2528 0.000000 0.000000 
2529 0.000000 0.000000 
2530 0.000000 0.000000 
2531 0.000000 0.000000 
2532 0.000000 0.000000 
2533 0.000000 0.000000 
2534 0.000000 0.000000 
2535 0.000000 0.000000 
2536 0.000000 0.000000 
2537 0.000000 0.000000 
2538 0.000000 0.000000 
2539 0.000000 0.000000 
2540 0.000000 0.000000 
2541 0.000000 0.000000 
2542 0.000000 0.000000 
2543 0.000000 0.000000 
2544 0.000000 0.000000 
2545 0.000000 0.000000 
2546 0.000000 0.000000 
2547 0.000000 0.000000 
2548 0.000000 0.000000 
2549 0.000000 0.000000 
2550 0.000000 0.000000 
2551 0.000000 0.000000 
2552 0.000000 0.000000 
2553 0.000000 0.000000 
2554 0.000000 0.000000 
2555 0.000000 0.000000 
2556 0.000000 0.000000 
2557 0.000000 0.000000 
2558 0.000000 0.000000 
2559 0.000000 0.000000 
2560 0.000000 0.000000 
2561 0.000000 0.000000 
2562 0.000000 0.000000 
2563 0.000000 0.000000 
2564 0.000000 0.000000 
2565 0.000000 0.000000 
2566 0.000000 0.000000 
2567 0.000000 0.000000 
2568 0.000000 0.000000 
2569 0.000000 0.000000 
2570 0.000000 0.000000 
2571 0.000000 0.000000 
2572 0.000000 0.000000 
2573 0.000000 0.000000 
2574 0.000000 0.000000 
2575 0.000000 0.000000 
2576 0.000000 0.000000 
2577 0.000000 0.000000 
2578 0.000000 0.000000 
2579 0.000000 0.000000 
2580 0.000000 0.000000 
2581 0.000000 0.000000 
2582 0.000000 0.000000 
2583 0.000000 0.000000 
2584 0.000000 0.000000 
2585 0.000000 0.000000 
2586 0.000000 0.000000 
2587 0.000000 0.000000 
2588 0.000000 0.000000 
2589 0.000000 0.000000 
2590 0.000000 0.000000 
2591 0.000000 0.000000 
2592 0.000000 0.000000 
2593 0.000000 0.000000 
2594 0.000000 0.000000 
2595 0.000000 0.000000 
2596 0.000000 0.000000 
2597 0.000000 0.000000 
2598 0.000000 0.000000 
2599 0.000000 0.000000 
2600 0.000000 0.000000 
2601 0.000000 0.000000 
2602 0.000000 0.000000 
2603 0.000000 0.000000 
2604 0.000000 0.000000 
2605 0.000000 0.000000 
2606 0.000000 0.000000 
2607 0.000000 0.000000 
2608 0.000000 0.000000 
2609 0.000000 0.000000 
2610 0.000000 0.000000 
2611 0.000000 0.000000 
2612 0.000000 0.000000 
2613 0.000000 0.000000 
2614 0.000000 0.000000 
2615 0.000000 0.000000 
2616 0.000000 0.000000 
2617 0.000000 0.000000 
2618 0.000000 0.000000 
2619 0.000000 0.000000 
2620 0.000000 0.000000 
2621 0.000000 0.000000 
2622 0.000000 0.000000 
2623 0.000000 0.000000 
2624 0.000000 0.000000 
2625 0.000000 0.000000 
2626 0.000000 0.000000 
2627 0.000000 0.000000 
2628 0.000000 0.000000 
2629 0.000000 0.000000 
2630 0.000000 0.000000 
2631 0.000000 0.000000 
2632 0.000000 0.000000 
2633 0.000000 0.000000 
2634 0.000000 0.000000 
2635 0.000000 0.000000 
2636 0.000000 0.000000 
2637 0.000000 0.000000 
2638 0.000000 0.000000 
2639 0.000000 0.000000 
2640 0.000000 0.000000 
2641 0.000000 0.000000 
2642 0.000000 0.000000 
2643 0.000000 0.000000 
2644 0.000000 0.000000 
2645 0.000000 0.000000 
2646 0.000000 0.000000 
2647 0.000000 0.000000 
2648 0.000000 0.000000 
2649 0.000000 0.000000 
2650 0.000000 0.000000 
2651 0.000000 0.000000 
2652 0.000000 0.000000 
2653 0.000000 0.000000 
2654 0.000000 0.000000 
2655 0.000000 0.000000 
2656 0.000000 0.000000 
2657 0.000000 0.000000 
2658 0.000000 0.000000 
2659 0.000000 0.000000 
2660 0.000000 0.000000 
2661 0.000000 0.000000 
2662 0.000000 0.000000 
2663 0.000000 0.000000 
2664 0.000000 0.000000 
2665 0.000000 0.000000 
2666 0.000000 0.000000 
2667 0.000000 0.000000 
2668 0.000000 0.000000 
2669 0.000000 0.000000 
2670 0.000000 0.000000 
2671 0.000000 0.000000 
2672 0.000000 0.000000 
2673 0.000000 0.000000 
2674 0.000000 0.000000 
2675 0.000000 0.000000 
2676 0.000000 0.000000 
2677 0.000000 0.000000 
2678 0.000000 0.000000 
2679 0.000000 0.000000 
2680 0.000000 0.000000 
2681 0.000000 0.000000 
2682 0.000000 0.000000 
2683 0.000000 0.000000 
2684 0.000000 0.000000 
2685 0.000000 0.000000 
2686 0.000000 0.000000 
2687 0.000000 0.000000 
2688 0.000000 0.000000 
2689 0.000000 0.000000 
2690 0.000000 0.000000 
2691 0.000000 0.000000 
2692 0.000000 0.000000 
2693 0.000000 0.000000 
2694 0.000000 0.000000 
2695 0.000000 0.000000 
2696 0.000000 0.000000 
2697 0.000000 0.000000 
2698 0.000000 0.000000 
2699 0.000000 0.000000 
2700 0.000000 0.000000 
2701 0.000000 0.000000 
2702 0.000000 0.000000 
2703 0.000000 0.000000 
2704 0.000000 0.000000 
2705 0.000000 0.000000 
2706 0.000000 0.000000 
2707 0.000000 0.000000 
2708 0.000000 0.000000 
2709 0.000000 0.000000 
2710 0.000000 0.000000 
2711 0.000000 0.000000 
2712 0.000000 0.000000 
2713 0.000000 0.000000 
2714 0.000000 0.000000 
2715 0.000000 0.000000 
2716 0.000000 0.000000 
2717 0.000000 0.000000 
2718 0.000000 0.000000 
2719 0.000000 0.000000 
2720 0.000000 0.000000 
2721 0.000000 0.000000 
2722 0.000000 0.000000 
2723 0.000000 0.000000 
2724 0.000000 0.000000 
2725 0.000000 0.000000 
2726 0.000000 0.000000 
2727 0.000000 0.000000 
2728 0.000000 0.000000 
2729 0.000000 0.000000 
2730 0.000000 0.000000 
2731 0.000000 0.000000 
2732 0.000000 0.000000 
2733 0.000000 0.000000 
2734 0.000000 0.000000 
2735 0.000000 0.000000 
2736 0.000000 0.000000 
2737 0.000000 0.000000 
2738 0.000000 0.000000 
2739 0.000000 0.000000 
2740 0.000000 0.000000 
2741 0.000000 0.000000 
2742 0.000000 0.000000 
2743 0.000000 0.000000 
2744 0.000000 0.000000 
2745 0.000000 0.000000 
2746 0.000000 0.000000 
2747 0.000000 0.000000 
2748 0.000000 0.000000 
2749 0.000000 0.000000 
2750 0.000000 0.000000 
2751 0.000000 0.000000 
2752 0.000000 0.000000 
2753 0.000000 0.000000 
2754 0.000000 0.000000 
2755 0.000000 0.000000 
2756 0.000000 0.000000 
2757 0.000000 0.000000 
2758 0.000000 0.000000 
2759 0.000000 0.000000 
2760 0.000000 0.000000 
2761 0.000000 0.000000 
2762 0.000000 0.000000 
2763 0.000000 0.000000 
2764 0.000000 0.000000 
2765 0.000000 0.000000 
2766 0.000000 0.000000 
2767 0.000000 0.000000 
2768 0.000000 0.000000 
2769 0.000000 0.000000 
2770 0.000000 0.000000 
2771 0.000000 0.000000 
2772 0.000000 0.000000 
2773 0.000000 0.000000 
2774 0.000000 0.000000 
2775 0.000000 0.000000 
2776 0.000000 0.000000 
2777 0.000000 0.000000 
2778 0.000000 0.000000 
2779 0.000000 0.000000 
2780 0.000000 0.000000 
2781 0.000000 0.000000 
2782 0.000000 0.000000 
2783 0.000000 0.000000 
2784 0.000000 0.000000 
2785 0.000000 0.000000 
2786 0.000000 0.000000 
2787 0.000000 0.000001 
2788 0.000000 0.000001 
2789 0.000000 0.000001 
2790 0.000000 0.000001 
2791 0.000000 0.000001 
2792 0.000000 0.000001 
2793 0.000000 0.000001 
2794 0.000000 0.000001 
2795 0.000000 0.000001 
2796 0.000000 0.000001 
2797 0.000000 0.000001 
2798 0.000000 0.000001 
2799 0.000000 0.000001 
2800 0.000000 0.000001 
2801 0.000000 0.000001 
2802 0.000000 0.000001 
2803 0.000000 0.000001 
2804 0.000000 0.000002 
2805 0.000000 0.000002 
2806 0.000000 0.000002 
2807 0.000000 0.000002 
2808 0.000000 0.000002 
2809 0.000000 0.000002 
2810 0.000000 0.000002 
2811 0.000000 0.000003 
2812 0.000000 0.000003 
2813 0.000000 0.000003 
2814 0.000000 0.000003 
2815 0.000000 0.000003 
2816 0.000000 0.000003 
2817 0.000000 0.000004 
2818 0.000000 0.000004 
2819 0.000000 0.000004 
2820 0.000000 0.000004 
2821 0.000000 0.000005 
2822 0.000000 0.000005 
2823 0.000000 0.000005 
2824 0.000000 0.000006 
2825 0.000000 0.000006 
2826 0.000000 0.000007 
2827 0.000000 0.000007 
2828 0.000000 0.000007 
2829 0.000000 0.000008 
2830 0.000000 0.000008 
2831 0.000000 0.000009 
2832 0.000000 0.000010 
2833 0.000000 0.000010 
2834 0.000000 0.000011 
2835 0.000000 0.000012 
2836 0.000000 0.000012 
2837 0.000000 0.000013 
2838 0.000000 0.000014 
2839 0.000000 0.000015 
2840 0.000000 0.000016 
2841 0.000000 0.000017 
2842 0.000000 0.000018 
2843 0.000000 0.000019 
2844 0.000000 0.000020 
2845 0.000000 0.000021 
2846 0.000000 0.000023 
2847 0.000000 0.000024 
2848 0.000000 0.000025 
2849 0.000000 0.000027 
2850 0.000000 0.000029 
2851 0.000000 0.000030 
2852 0.000000 0.000032 
2853 0.000000 0.000034 
2854 0.000000 0.000036 
2855 0.000000 0.000039 
2856 0.000000 0.000041 
2857 0.000000 0.000043 
2858 0.000000 0.000046 
2859 0.000000 0.000049 
2860 0.000000 0.000052 
2861 0.000000 0.000055 
2862 0.000000 0.000058 
2863 0.000000 0.000062 
2864 0.000000 0.000065 
2865 0.000000 0.000069 
2866 0.000000 0.000073 
2867 0.000000 0.000078 
2868 0.000000 0.000082 
2869 0.000000 0.000087 
2870 0.000000 0.000092 
2871 0.000000 0.000098 
2872 0.000000 0.000103 
2873 0.000000 0.000109 
2874 0.000000 0.000116 
2875 0.000000 0.000122 
2876 0.000000 0.000129 
2877 0.000000 0.000137 
2878 0.000000 0.000145 
2879 0.000000 0.000153 
2880 0.000000 0.000162 
2881 0.000000 0.000171 
2882 0.000000 0.000181 
2883 0.000000 0.000191 
2884 0.000000 0.000202 
2885 0.000000 0.000213 
2886 0.000000 0.000226 
2887 0.000000 0.000238 
2888 0.000000 0.000252 
2889 0.000000 0.000266 
2890 0.000000 0.000281 
2891 0.000000 0.000296 
2892 0.000000 0.000313 
2893 0.000000 0.000330 
2894 0.000000 0.000348 
2895 0.000000 0.000368 
2896 0.000000 0.000388 
2897 0.000000 0.000409 
2898 0.000000 0.000432 
2899 0.000000 0.000455 
2900 0.000000 0.000480 
2901 0.000000 0.000506 
2902 0.000000 0.000534 
2903 0.000000 0.000563 
2904 0.000000 0.000593 
2905 0.000000 0.000625 
2906 0.000000 0.000658 
2907 0.000000 0.000694 
2908 0.000000 0.000731 
2909 0.000000 0.000770 
2910 0.000000 0.000810 
2911 0.000000 0.000853 
2912 0.000000 0.000898 
2913 0.000000 0.000946 
2914 0.000000 0.000995 
2915 0.000000 0.001048 
2916 0.000000 0.001102 
2917 0.000000 0.001160 
2918 0.000000 0.001220 
2919 0.000000 0.001283 
2920 0.000000 0.001350 
2921 0.000000 0.001419 
2922 0.000000 0.001492 
2923 0.000000 0.001569 
2924 0.000000 0.001649 
2925 0.000000 0.001733 
2926 0.000000 0.001821 
2927 0.000000 0.001914 
2928 0.000001 0.002011 
2929 0.000001 0.002112 
2930 0.000001 0.002218 
2931 0.000001 0.002330 
2932 0.000001 0.002446 
2933 0.000001 0.002568 
2934 0.000001 0.002696 
2935 0.000001 0.002830 
2936 0.000001 0.002970 
2937 0.000001 0.003116 
2938 0.000001 0.003269 
2939 0.000001 0.003430 
2940 0.000001 0.003597 
2941 0.000001 0.003773 
2942 0.000001 0.003956 
2943 0.000001 0.004148 
2944 0.000001 0.004348 
2945 0.000001 0.004558 
2946 0.000001 0.004777 
2947 0.000001 0.005006 
2948 0.000001 0.005245 
2949 0.000001 0.005495 
2950 0.000001 0.005756 
2951 0.000001 0.006029 
2952 0.000001 0.006313 
2953 0.000001 0.006611 
2954 0.000001 0.006921 
2955 0.000002 0.007245 
2956 0.000002 0.007583 
2957 0.000002 0.007935 
2958 0.000002 0.008304 
2959 0.000002 0.008687 
2960 0.000002 0.009088 
2961 0.000002 0.009506 
2962 0.000002 0.009941 
2963 0.000002 0.010395 
2964 0.000002 0.010869 
2965 0.000002 0.011362 
2966 0.000002 0.011876 
2967 0.000002 0.012412 
2968 0.000003 0.012971 
2969 0.000003 0.013552 
2970 0.000003 0.014158 
2971 0.000003 0.014789 
2972 0.000003 0.015446 
2973 0.000003 0.016130 
2974 0.000003 0.016842 
2975 0.000003 0.017583 
2976 0.000004 0.018355 
2977 0.000004 0.019157 
2978 0.000004 0.019992 
2979 0.000004 0.020861 
2980 0.000004 0.021764 
2981 0.000004 0.022704 
2982 0.000004 0.023681 
2983 0.000005 0.024696 
2984 0.000005 0.025752 
2985 0.000005 0.026850 
2986 0.000005 0.027990 
2987 0.000005 0.029175 
2988 0.000006 0.030406 
2989 0.000006 0.031685 
2990 0.000006 0.033013 
2991 0.000006 0.034392 
2992 0.000007 0.035824 
2993 0.000007 0.037311 
2994 0.000007 0.038854 
2995 0.000007 0.040456 
2996 0.000008 0.042118 
2997 0.000008 0.043842 
2998 0.000008 0.045631 
2999 0.000009 0.047487 
3000 0.000009 0.049411 
3001 0.000009 0.051407 
3002 0.000010 0.053476 
3003 0.000010 0.055621 
3004 0.000010 0.057844 
3005 0.000011 0.060149 
3006 0.000011 0.062536 
3007 0.000012 0.065010 
3008 0.000012 0.067573 
3009 0.000013 0.070227 
3010 0.000013 0.072975 
3011 0.000014 0.075822 
3012 0.000014 0.078768 
3013 0.000015 0.081819 
3014 0.000015 0.084976 
3015 0.000016 0.088243 
3016 0.000016 0.091623 
3017 0.000017 0.095121 
3018 0.000018 0.098739 
3019 0.000018 0.102480 
3020 0.000019 0.106349 
3021 0.000020 0.110350 
3022 0.000021 0.114486 
3023 0.000021 0.118761 
3024 0.000022 0.123179 
3025 0.000023 0.127745 
3026 0.000024 0.132462 
3027 0.000025 0.137335 
3028 0.000026 0.142368 
3029 0.000027 0.147567 
3030 0.000028 0.152934 
3031 0.000029 0.158476 
3032 0.000030 0.164196 
3033 0.000031 0.170101 
3034 0.000032 0.176194 
3035 0.000033 0.182481 
3036 0.000034 0.188968 
3037 0.000035 0.195659 
3038 0.000037 0.202559 
3039 0.000038 0.209676 
3040 0.000040 0.217013 
3041 0.000041 0.224577 
3042 0.000042 0.232374 
3043 0.000044 0.240410 
3044 0.000046 0.248690 
3045 0.000047 0.257221 
3046 0.000049 0.266010 
3047 0.000051 0.275062 
3048 0.000053 0.284384 
3049 0.000054 0.293983 
3050 0.000056 0.303865 
3051 0.000058 0.314038 
3052 0.000061 0.324509 
3053 0.000063 0.335284 
3054 0.000065 0.346370 
3055 0.000067 0.357775 
3056 0.000070 0.369507 
3057 0.000072 0.381573 
3058 0.000075 0.393980 
3059 0.000077 0.406736 
3060 0.000080 0.419850 
3061 0.000083 0.433328 
3062 0.000086 0.447180 
3063 0.000089 0.461413 
3064 0.000092 0.476036 
3065 0.000095 0.491057 
3066 0.000099 0.506484 
3067 0.000102 0.522327 
3068 0.000106 0.538593 
3069 0.000110 0.555292 
3070 0.000113 0.572433 
3071 0.000117 0.590024 
3072 0.000121 0.608075 
3073 0.000126 0.626595 
3074 0.000130 0.645593 
3075 0.000135 0.665078 
3076 0.000139 0.685060 
3077 0.000144 0.705549 
3078 0.000149 0.726554 
3079 0.000154 0.748085 
3080 0.000159 0.770151 
3081 0.000165 0.792763 
3082 0.000171 0.815930 
3083 0.000176 0.839663 
3084 0.000182 0.863970 
3085 0.000189 0.888864 
3086 0.000195 0.914353 
3087 0.000202 0.940447 
3088 0.000209 0.967158 
3089 0.000216 0.994495 
3090 0.000223 1.022469 
3091 0.000230 1.051090 
3092 0.000238 1.080369 
3093 0.000246 1.110315 
3094 0.000255 1.140940 
3095 0.000263 1.172253 
3096 0.000272 1.204266 
3097 0.000281 1.236989 
3098 0.000290 1.270431 
3099 0.000300 1.304605 
3100 0.000310 1.339520 
3101 0.000320 1.375186 
3102 0.000331 1.411614 
3103 0.000342 1.448815 
3104 0.000353 1.486798 
3105 0.000365 1.525575 
3106 0.000377 1.565154 
3107 0.000389 1.605547 
3108 0.000402 1.646764 
3109 0.000415 1.688814 
3110 0.000429 1.731708 
3111 0.000443 1.775456 
3112 0.000457 1.820067 
3113 0.000472 1.865550 
3114 0.000487 1.911917 
3115 0.000503 1.959175 
3116 0.000520 2.007335 
3117 0.000536 2.056405 
3118 0.000554 2.106395 
3119 0.000571 2.157314 
3120 0.000590 2.209170 
3121 0.000609 2.261972 
3122 0.000628 2.315729 
3123 0.000648 2.370448 
3124 0.000669 2.426138 
3125 0.000690 2.482806 
3126 0.000712 2.540461 
3127 0.000735 2.599109 
3128 0.000758 2.658758 
3129 0.000782 2.719415 
3130 0.000807 2.781086 
3131 0.000833 2.843779 
3132 0.000859 2.907498 
3133 0.000886 2.972250 
3134 0.000914 3.038041 
3135 0.000942 3.104876 
3136 0.000972 3.172760 
3137 0.001002 3.241698 
3138 0.001033 3.311694 
3139 0.001065 3.382753 
3140 0.001098 3.454877 
3141 0.001132 3.528071 
3142 0.001167 3.602337 
3143 0.001203 3.677679 
3144 0.001240 3.754097 
3145 0.001279 3.831595 
3146 0.001318 3.910174 
3147 0.001358 3.989835 
3148 0.001400 4.070579 
3149 0.001443 4.152405 
3150 0.001486 4.235314 
3151 0.001532 4.319306 
3152 0.001578 4.404378 
3153 0.001626 4.490531 
3154 0.001675 4.577761 
3155 0.001726 4.666066 
3156 0.001778 4.755444 
3157 0.001831 4.845891 
3158 0.001886 4.937403 
3159 0.001943 5.029976 
3160 0.002001 5.123605 
3161 0.002061 5.218284 
3162 0.002122 5.314008 
3163 0.002185 5.410770 
3164 0.002250 5.508564 
3165 0.002317 5.607381 
3166 0.002385 5.707214 
3167 0.002456 5.808054 
3168 0.002528 5.909892 
3169 0.002603 6.012718 
3170 0.002679 6.116522 
3171 0.002758 6.221293 
3172 0.002838 6.327019 
3173 0.002921 6.433690 
3174 0.003006 6.541291 
3175 0.003094 6.649810 
3176 0.003183 6.759233 
3177 0.003276 6.869546 
3178 0.003370 6.980734 
3179 0.003468 7.092781 
3180 0.003567 7.205671 
3181 0.003670 7.319387 
3182 0.003775 7.433913 
3183 0.003883 7.549230 
3184 0.003994 7.665320 
3185 0.004108 7.782164 
3186 0.004225 7.899741 
3187 0.004345 8.018032 
3188 0.004469 8.137016 
3189 0.004595 8.256672 
3190 0.004725 8.376976 
3191 0.004858 8.497908 
3192 0.004995 8.619443 
3193 0.005135 8.741558 
3194 0.005279 8.864228 
3195 0.005426 8.987429 
3196 0.005578 9.111135 
3197 0.005733 9.235320 
3198 0.005892 9.359958 
3199 0.006056 9.485021 
3200 0.006224 9.610482 
3201 0.006396 9.736313 
3202 0.006572 9.862484 
3203 0.006753 9.988968 
3204 0.006938 10.115734 
3205 0.007128 10.242751 
3206 0.007323 10.369990 
3207 0.007523 10.497420 
3208 0.007728 10.625007 
3209 0.007938 10.752722 
3210 0.008154 10.880531 
3211 0.008374 11.008401 
3212 0.008601 11.136299 
3213 0.008833 11.264192 
3214 0.009070 11.392044 
3215 0.009314 11.519823 
3216 0.009563 11.647492 
3217 0.009819 11.775018 
3218 0.010081 11.902364 
3219 0.010349 12.029494 
3220 0.010624 12.156373 
3221 0.010906 12.282964 
3222 0.011195 12.409231 
3223 0.011490 12.535137 
3224 0.011793 12.660644 
3225 0.012103 12.785715 
3226 0.012421 12.910313 
3227 0.012746 13.034400 
3228 0.013079 13.157938 
3229 0.013420 13.280889 
3230 0.013769 13.403216 
3231 0.014126 13.524879 
3232 0.014492 13.645841 
3233 0.014867 13.766063 
3234 0.015250 13.885507 
3235 0.015643 14.004134 
3236 0.016044 14.121907 
3237 0.016456 14.238785 
3238 0.016876 14.354732 
3239 0.017307 14.469709 
3240 0.017747 14.583677 
3241 0.018198 14.696599 
3242 0.018659 14.808436 
3243 0.019131 14.919151 
3244 0.019614 15.028705 
3245 0.020108 15.137062 
3246 0.020613 15.244183 
3247 0.021130 15.350033 
3248 0.021658 15.454573 
3249 0.022199 15.557768 
3250 0.022752 15.659581 
3251 0.023317 15.759976 
3252 0.023895 15.858917 
3253 0.024486 15.956370 
3254 0.025090 16.052298 
3255 0.025708 16.146669 
3256 0.026340 16.239447 
3257 0.026985 16.330599 
3258 0.027645 16.420092 
3259 0.028320 16.507892 
3260 0.029009 16.593969 
3261 0.029714 16.678289 
3262 0.030434 16.760822 
3263 0.031170 16.841537 
3264 0.031922 16.920405 
3265 0.032690 16.997394 
3266 0.033475 17.072478 
3267 0.034277 17.145627 
3268 0.035096 17.216814 
3269 0.035933 17.286012 
3270 0.036788 17.353195 
3271 0.037661 17.418337 
3272 0.038553 17.481414 
3273 0.039463 17.542401 
3274 0.040393 17.601274 
3275 0.041343 17.658012 
3276 0.042313 17.712593 
3277 0.043303 17.764995 
3278 0.044314 17.815198 
3279 0.045346 17.863183 
3280 0.046399 17.908932 
3281 0.047475 17.952426 
3282 0.048573 17.993649 
3283 0.049693 18.032584 
3284 0.050836 18.069216 
3285 0.052003 18.103532 
3286 0.053194 18.135518 
3287 0.054410 18.165161 
3288 0.055650 18.192449 
3289 0.056915 18.217372 
3290 0.058205 18.239921 
3291 0.059522 18.260086 
3292 0.060865 18.277860 
3293 0.062235 18.293236 
3294 0.063633 18.306207 
3295 0.065058 18.316768 
3296 0.066512 18.324917 
3297 0.067995 18.330648 
3298 0.069507 18.333961 
3299 0.071048 18.334854 
3300 0.072620 18.333326 
3301 0.074222 18.329379 
3302 0.075856 18.323013 
3303 0.077522 18.314233 
3304 0.079220 18.303040 
3305 0.080950 18.289440 
3306 0.082714 18.273439 
3307 0.084512 18.255042 
3308 0.086344 18.234256 
3309 0.088211 18.211091 
3310 0.090114 18.185556 
3311 0.092052 18.157660 
3312 0.094027 18.127414 
3313 0.096040 18.094831 
3314 0.098090 18.059924 
3315 0.100178 18.022705 
3316 0.102306 17.983191 
3317 0.104472 17.941396 
3318 0.106679 17.897337 
3319 0.108927 17.851031 
3320 0.111216 17.802496 
3321 0.113547 17.751751 
3322 0.115920 17.698816 
3323 0.118337 17.643711 
3324 0.120797 17.586458 
3325 0.123302 17.527079 
3326 0.125852 17.465596 
3327 0.128448 17.402034 
3328 0.131090 17.336417 
3329 0.133779 17.268770 
3330 0.136517 17.199118 
3331 0.139302 17.127489 
3332 0.142137 17.053909 
3333 0.145021 16.978406 
3334 0.147956 16.901008 
3335 0.150942 16.821746 
3336 0.153980 16.740648 
3337 0.157071 16.657744 
3338 0.160215 16.573066 
3339 0.163413 16.486644 
3340 0.166665 16.398512 
3341 0.169974 16.308700 
3342 0.173338 16.217243 
3343 0.176760 16.124172 
3344 0.180239 16.029523 
3345 0.183777 15.933330 
3346 0.187374 15.835626 
3347 0.191031 15.736447 
3348 0.194749 15.635829 
3349 0.198528 15.533806 
3350 0.202370 15.430416 
3351 0.206275 15.325694 
3352 0.210244 15.219677 
3353 0.214278 15.112402 
3354 0.218377 15.003906 
3355 0.222543 14.894226 
3356 0.226775 14.783400 
3357 0.231076 14.671466 
3358 0.235445 14.558461 
3359 0.239884 14.444423 
3360 0.244394 14.329391 
3361 0.248974 14.213402 
3362 0.253627 14.096495 
3363 0.258352 13.978708 
3364 0.263152 13.860080 
3365 0.268026 13.740648 
3366 0.272975 13.620452 
3367 0.278001 13.499529 
3368 0.283104 13.377917 
3369 0.288285 13.255655 
3370 0.293544 13.132781 
3371 0.298884 13.009332 
3372 0.304304 12.885348 
3373 0.309805 12.760864 
3374 0.315389 12.635919 
3375 0.321056 12.510549 
3376 0.326808 12.384793 
3377 0.332644 12.258687 
3378 0.338566 12.132268 
3379 0.344574 12.005572 
3380 0.350670 11.878635 
3381 0.356855 11.751493 
3382 0.363129 11.624181 
3383 0.369493 11.496735 
3384 0.375949 11.369190 
3385 0.382496 11.241580 
3386 0.389136 11.113940 
3387 0.395870 10.986303 
3388 0.402699 10.858702 
3389 0.409623 10.731171 
3390 0.416644 10.603742 
3391 0.423762 10.476448 
3392 0.430978 10.349320 
3393 0.438294 10.222389 
3394 0.445709 10.095686 
3395 0.453225 9.969242 
3396 0.460843 9.843087 
3397 0.468563 9.717249 
3398 0.476387 9.591758 
3399 0.484315 9.466642 
3400 0.492348 9.341929 
3401 0.500487 9.217647 
3402 0.508734 9.093821 
3403 0.517088 8.970479 
3404 0.525550 8.847646 
3405 0.534123 8.725347 
3406 0.542805 8.603606 
3407 0.551599 8.482449 
3408 0.560505 8.361898 
3409 0.569523 8.241976 
3410 0.578655 8.122706 
3411 0.587902 8.004109 
3412 0.597264 7.886206 
3413 0.606742 7.769019 
3414 0.616337 7.652566 
3415 0.626050 7.536868 
3416 0.635881 7.421944 
3417 0.645832 7.307811 
3418 0.655902 7.194487 
3419 0.666094 7.081989 
3420 0.676407 6.970334 
3421 0.686843 6.859537 
3422 0.697401 6.749614 
3423 0.708084 6.640580 
3424 0.718890 6.532448 
3425 0.729823 6.425233 
3426 0.740881 6.318946 
3427 0.752066 6.213601 
3428 0.763378 6.109209 
3429 0.774819 6.005782 
3430 0.786388 5.903330 
3431 0.798086 5.801863 
3432 0.809915 5.701391 
3433 0.821874 5.601922 
3434 0.833964 5.503466 
3435 0.846187 5.406029 
3436 0.858541 5.309620 
3437 0.871029 5.214245 
3438 0.883651 5.119911 
3439 0.896406 5.026623 
3440 0.909297 4.934386 
3441 0.922322 4.843206 
3442 0.935484 4.753086 
3443 0.948781 4.664030 
3444 0.962216 4.576041 
3445 0.975787 4.489123 
3446 0.989496 4.403277 
3447 1.003344 4.318506 
3448 1.017330 4.234811 
3449 1.031454 4.152192 
3450 1.045718 4.070650 
3451 1.060122 3.990186 
3452 1.074665 3.910798 
3453 1.089349 3.832487 
3454 1.104174 3.755251 
3455 1.119139 3.679088 
3456 1.134246 3.603996 
3457 1.149494 3.529974 
3458 1.164884 3.457018 
3459 1.180416 3.385126 
3460 1.196089 3.314293 
3461 1.211905 3.244517 
3462 1.227864 3.175792 
3463 1.243965 3.108115 
3464 1.260209 3.041482 
3465 1.276595 2.975886 
3466 1.293124 2.911322 
3467 1.309796 2.847786 
3468 1.326611 2.785270 
3469 1.343569 2.723770 
3470 1.360669 2.663278 
3471 1.377912 2.603787 
3472 1.395298 2.545292 
3473 1.412827 2.487784 
3474 1.430498 2.431256 
3475 1.448311 2.375701 
3476 1.466266 2.321111 
3477 1.484364 2.267477 
3478 1.502603 2.214793 
3479 1.520983 2.163048 
3480 1.539505 2.112236 
3481 1.558167 2.062346 
3482 1.576970 2.013371 
3483 1.595913 1.965301 
3484 1.614996 1.918127 
3485 1.634219 1.871840 
3486 1.653580 1.826430 
3487 1.673080 1.781888 
3488 1.692717 1.738204 
3489 1.712492 1.695369 
3490 1.732404 1.653372 
3491 1.752452 1.612205 
3492 1.772636 1.571856 
3493 1.792955 1.532316 
3494 1.813408 1.493575 
3495 1.833995 1.455623 
3496 1.854714 1.418448 
3497 1.875566 1.382042 
3498 1.896549 1.346394 
3499 1.917663 1.311494 
3500 1.938906 1.277330 
3501 1.960278 1.243894 
3502 1.981778 1.211173 
3503 2.003405 1.179159 
3504 2.025157 1.147841 
3505 2.047035 1.117208 
3506 2.069037 1.087250 
3507 2.091161 1.057957 
3508 2.113407 1.029318 
3509 2.135773 1.001323 
3510 2.158259 0.973962 
3511 2.180863 0.947224 
3512 2.203584 0.921099 
3513 2.226421 0.895578 
3514 2.249372 0.870650 
3515 2.272436 0.846304 
3516 2.295612 0.822532 
3517 2.318898 0.799323 
3518 2.342294 0.776667 
3519 2.365796 0.754554 
3520 2.389404 0.732974 
3521 2.413117 0.711919 
3522 2.436933 0.691377 
3523 2.460850 0.671341 
3524 2.484866 0.651800 
3525 2.508981 0.632744 
3526 2.533191 0.614166 
3527 2.557497 0.596054 
3528 2.581895 0.578401 
3529 2.606384 0.561198 
3530 2.630963 0.544434 
3531 2.655629 0.528103 
3532 2.680380 0.512194 
3533 2.705215 0.496699 
3534 2.730132 0.481610 
3535 2.755128 0.466918 
3536 2.780202 0.452615 
3537 2.805352 0.438693 
3538 2.830575 0.425143 
3539 2.855870 0.411958 
3540 2.881235 0.399130 
3541 2.906666 0.386650 
3542 2.932163 0.374512 
3543 2.957722 0.362707 
3544 2.983342 0.351228 
3545 3.009020 0.340068 
3546 3.034755 0.329220 
3547 3.060543 0.318676 
3548 3.086382 0.308429 
3549 3.112270 0.298473 
3550 3.138205 0.288800 
3551 3.164184 0.279404 
3552 3.190204 0.270278 
3553 3.216264 0.261417 
3554 3.242360 0.252812 
3555 3.268490 0.244459 
3556 3.294651 0.236351 
3557 3.320841 0.228482 
3558 3.347058 0.220846 
3559 3.373298 0.213438 
3560 3.399559 0.206251 
3561 3.425838 0.199280 
3562 3.452132 0.192519 
3563 3.478440 0.185963 
3564 3.504757 0.179607 
3565 3.531081 0.173446 
3566 3.557409 0.167474 
3567 3.583739 0.161686 
3568 3.610067 0.156078 
3569 3.636391 0.150645 
3570 3.662708 0.145382 
3571 3.689015 0.140285 
3572 3.715308 0.135348 
3573 3.741586 0.130569 
3574 3.767844 0.125941 
3575 3.794081 0.121462 
3576 3.820292 0.117126 
3577 3.846475 0.112931 
3578 3.872627 0.108872 
3579 3.898745 0.104945 
3580 3.924826 0.101146 
3581 3.950866 0.097472 
3582 3.976863 0.093919 
3583 4.002813 0.090484 
3584 4.028713 0.087163 
3585 4.054560 0.083953 
3586 4.080352 0.080851 
3587 4.106083 0.077853 
3588 4.131753 0.074956 
3589 4.157357 0.072158 
3590 4.182892 0.069455 
3591 4.208355 0.066845 
3592 4.233743 0.064324 
3593 4.259052 0.061891 
3594 4.284280 0.059541 
3595 4.309422 0.057274 
3596 4.334477 0.055085 
3597 4.359440 0.052973 
3598 4.384308 0.050936 
3599 4.409079 0.048970 
3600 4.433748 0.047075 
3601 4.458312 0.045246 
3602 4.482769 0.043483 
3603 4.507115 0.041783 
3604 4.531347 0.040145 
3605 4.555461 0.038565 
3606 4.579455 0.037043 
3607 4.603324 0.035577 
3608 4.627066 0.034164 
3609 4.650678 0.032803 
3610 4.674156 0.031491 
3611 4.697497 0.030229 
3612 4.720698 0.029013 
3613 4.743755 0.027842 
3614 4.766665 0.026716 
3615 4.789426 0.025631 
3616 4.812034 0.024587 
3617 4.834485 0.023583 
3618 4.856777 0.022617 
3619 4.878907 0.021687 
3620 4.900870 0.020793 
3621 4.922665 0.019934 
3622 4.944288 0.019107 
3623 4.965735 0.018312 
3624 4.987004 0.017548 
3625 5.008092 0.016814 
3626 5.028996 0.016108 
3627 5.049712 0.015430 
3628 5.070238 0.014778 
3629 5.090570 0.014153 
3630 5.110705 0.013552 
3631 5.130641 0.012974 
3632 5.150375 0.012420 
3633 5.169904 0.011888 
3634 5.189224 0.011377 
3635 5.208333 0.010887 
3636 5.227228 0.010416 
3637 5.245906 0.009965 
3638 5.264365 0.009531 
3639 5.282601 0.009116 
3640 5.300611 0.008717 
3641 5.318394 0.008335 
3642 5.335947 0.007969 
3643 5.353266 0.007617 
3644 5.370349 0.007280 
3645 5.387193 0.006958 
3646 5.403797 0.006648 
3647 5.420156 0.006352 
3648 5.436270 0.006068 
3649 5.452134 0.005796 
3650 5.467748 0.005535 
3651 5.483108 0.005285 
3652 5.498211 0.005046 
3653 5.513057 0.004818 
3654 5.527642 0.004598 
3655 5.541964 0.004389 
3656 5.556020 0.004188 
3657 5.569810 0.003996 
3658 5.583330 0.003813 
3659 5.596578 0.003637 
3660 5.609552 0.003469 
3661 5.622250 0.003308 
3662 5.634671 0.003154 
3663 5.646812 0.003007 
3664 5.658671 0.002867 
3665 5.670247 0.002733 
3666 5.681537 0.002604 
3667 5.692539 0.002482 
3668 5.703253 0.002365 
3669 5.713676 0.002253 
3670 5.723807 0.002146 
3671 5.733643 0.002044 
3672 5.743184 0.001946 
3673 5.752428 0.001853 
3674 5.761374 0.001764 
3675 5.770019 0.001679 
3676 5.778362 0.001598 
3677 5.786403 0.001521 
3678 5.794140 0.001447 
3679 5.801572 0.001377 
3680 5.808697 0.001310 
3681 5.815514 0.001246 
3682 5.822022 0.001185 
3683 5.828221 0.001127 
3684 5.834108 0.001072 
3685 5.839684 0.001019 
3686 5.844947 0.000968 
3687 5.849897 0.000920 
3688 5.854532 0.000875 
3689 5.858852 0.000831 
3690 5.862856 0.000790 
3691 5.866544 0.000750 
3692 5.869914 0.000712 
3693 5.872967 0.000677 
3694 5.875701 0.000642 
3695 5.878117 0.000610 
3696 5.880214 0.000579 
3697 5.881992 0.000550 
3698 5.883450 0.000522 
3699 5.884588 0.000495 
3700 5.885406 0.000470 
3701 5.885904 0.000446 
3702 5.886081 0.000423 
3703 5.885938 0.000401 
3704 5.885475 0.000380 
3705 5.884692 0.000360 
3706 5.883588 0.000342 
3707 5.882165 0.000324 
3708 5.880422 0.000307 
3709 5.878359 0.000291 
3710 5.875978 0.000276 
3711 5.873277 0.000261 
3712 5.870259 0.000248 
3713 5.866923 0.000234 
3714 5.863269 0.000222 
3715 5.859299 0.000210 
3716 5.855013 0.000199 
3717 5.850411 0.000189 
3718 5.845495 0.000178 
3719 5.840266 0.000169 
3720 5.834723 0.000160 
3721 5.828868 0.000151 
3722 5.822703 0.000143 
3723 5.816227 0.000135 
3724 5.809442 0.000128 
3725 5.802350 0.000121 
3726 5.794950 0.000115 
3727 5.787245 0.000108 
3728 5.779236 0.000102 
3729 5.770924 0.000097 
3730 5.762310 0.000091 
3731 5.753395 0.000086 
3732 5.744182 0.000082 
3733 5.734672 0.000077 
3734 5.724865 0.000073 
3735 5.714764 0.000069 
3736 5.704371 0.000065 
3737 5.693686 0.000061 
3738 5.682712 0.000058 
3739 5.671451 0.000055 
3740 5.659904 0.000052 
3741 5.648073 0.000049 
3742 5.635959 0.000046 
3743 5.623566 0.000043 
3744 5.610895 0.000041 
3745 5.597947 0.000039 
3746 5.584725 0.000036 
3747 5.571231 0.000034 
3748 5.557467 0.000032 
3749 5.543436 0.000031 
3750 5.529139 0.000029 
3751 5.514578 0.000027 
3752 5.499756 0.000026 
3753 5.484676 0.000024 
3754 5.469339 0.000023 
3755 5.453749 0.000021 
3756 5.437906 0.000020 
3757 5.421815 0.000019 
3758 5.405477 0.000018 
3759 5.388895 0.000017 
3760 5.372071 0.000016 
3761 5.355008 0.000015 
3762 5.337709 0.000014 
3763 5.320176 0.000013 
3764 5.302411 0.000012 
3765 5.284419 0.000012 
3766 5.266201 0.000011 
3767 5.247760 0.000010 
3768 5.229099 0.000010 
3769 5.210220 0.000009 
3770 5.191127 0.000009 
3771 5.171822 0.000008 
3772 5.152309 0.000008 
3773 5.132590 0.000007 
3774 5.112668 0.000007 
3775 5.092546 0.000006 
3776 5.072227 0.000006 
3777 5.051714 0.000006 
3778 5.031010 0.000005 
3779 5.010119 0.000005 
3780 4.989042 0.000005 
3781 4.967783 0.000004 
3782 4.946346 0.000004 
3783 4.924733 0.000004 
3784 4.902948 0.000004 
3785 4.880993 0.000003 
3786 4.858872 0.000003 
3787 4.836588 0.000003 
3788 4.814144 0.000003 
3789 4.791543 0.000003 
3790 4.768788 0.000002 
3791 4.745884 0.000002 
3792 4.722832 0.000002 
3793 4.699636 0.000002 
3794 4.676299 0.000002 
3795 4.652825 0.000002 
3796 4.629217 0.000002 
3797 4.605477 0.000002 
3798 4.581610 0.000001 
3799 4.557619 0.000001 
3800 4.533506 0.000001 
3801 4.509275 0.000001 
3802 4.484930 0.000001 
3803 4.460473 0.000001 
3804 4.435908 0.000001 
3805 4.411238 0.000001 
3806 4.386466 0.000001 
3807 4.361596 0.000001 
3808 4.336631 0.000001 
3809 4.311574 0.000001 
3810 4.286428 0.000001 
3811 4.261196 0.000001 
3812 4.235883 0.000001 
3813 4.210491 0.000001 
3814 4.185023 0.000001 
3815 4.159482 0.000000 
3816 4.133873 0.000000 
3817 4.108197 0.000000 
3818 4.082458 0.000000 
3819 4.056660 0.000000 
3820 4.030805 0.000000 
3821 4.004897 0.000000 
3822 3.978939 0.000000 
3823 3.952933 0.000000 
3824 3.926884 0.000000 
3825 3.900794 0.000000 
3826 3.874666 0.000000 
3827 3.848504 0.000000 
3828 3.822310 0.000000 
3829 3.796088 0.000000 
3830 3.769840 0.000000 
3831 3.743570 0.000000 
3832 3.717280 0.000000 
3833 3.690974 0.000000 
3834 3.664655 0.000000 
3835 3.638325 0.000000 
3836 3.611988 0.000000 
3837 3.585646 0.000000 
3838 3.559302 0.000000 
3839 3.532959 0.000000 
3840 3.506621 0.000000 
3841 3.480289 0.000000 
3842 3.453966 0.000000 
3843 3.427656 0.000000 
3844 3.401362 0.000000 
3845 3.375085 0.000000 
3846 3.348828 0.000000 
3847 3.322595 0.000000 
3848 3.296388 0.000000 
3849 3.270210 0.000000 
3850 3.244062 0.000000 
3851 3.217949 0.000000 
3852 3.191872 0.000000 
3853 3.165833 0.000000 
3854 3.139836 0.000000 
3855 3.113883 0.000000 
3856 3.087977 0.000000 
3857 3.062118 0.000000 
3858 3.036312 0.000000 
3859 3.010558 0.000000 
3860 2.984861 0.000000 
3861 2.959221 0.000000 
3862 2.933642 0.000000 
3863 2.908126 0.000000 
3864 2.882674 0.000000 
3865 2.857290 0.000000 
3866 2.831975 0.000000 
3867 2.806731 0.000000 
3868 2.781561 0.000000 
3869 2.756467 0.000000 
3870 2.731450 0.000000 
3871 2.706512 0.000000 
3872 2.681656 0.000000 
3873 2.656884 0.000000 
3874 2.632197 0.000000 
3875 2.607598 0.000000 
3876 2.583087 0.000000 
3877 2.558668 0.000000 
3878 2.534341 0.000000 
3879 2.510109 0.000000 
3880 2.485973 0.000000 
3881 2.461936 0.000000 
3882 2.437997 0.000000 
3883 2.414160 0.000000 
3884 2.390426 0.000000 
3885 2.366796 0.000000 
3886 2.343273 0.000000 
3887 2.319856 0.000000 
3888 2.296549 0.000000 
3889 2.273351 0.000000 
3890 2.250266 0.000000 
3891 2.227293 0.000000 
3892 2.204435 0.000000 
3893 2.181693 0.000000 
3894 2.159067 0.000000 
3895 2.136560 0.000000 
3896 2.114173 0.000000 
3897 2.091906 0.000000 
3898 2.069760 0.000000 
3899 2.047738 0.000000 
3900 2.025839 0.000000 
3901 2.004066 0.000000 
3902 1.982418 0.000000 
3903 1.960898 0.000000 
3904 1.939505 0.000000 
3905 1.918241 0.000000 
3906 1.897107 0.000000 
3907 1.876104 0.000000 
3908 1.855232 0.000000 
3909 1.834492 0.000000 
3910 1.813886 0.000000 
3911 1.793413 0.000000 
3912 1.773074 0.000000 
3913 1.752871 0.000000 
3914 1.732803 0.000000 
3915 1.712872 0.000000 
3916 1.693078 0.000000 
3917 1.673421 0.000000 
3918 1.653903 0.000000 
3919 1.634523 0.000000 
3920 1.615282 0.000000 
3921 1.596181 0.000000 
3922 1.577219 0.000000 
3923 1.558398 0.000000 
3924 1.539718 0.000000 
3925 1.521179 0.000000 
3926 1.502781 0.000000 
3927 1.484524 0.000000 
3928 1.466410 0.000000 
3929 1.448437 0.000000 
3930 1.430607 0.000000 
3931 1.412919 0.000000 
3932 1.395374 0.000000 
3933 1.377972 0.000000 
3934 1.360713 0.000000 
3935 1.343596 0.000000 
3936 1.326623 0.000000 
3937 1.309793 0.000000 
3938 1.293105 0.000000 
3939 1.276561 0.000000 
3940 1.260160 0.000000 
3941 1.243902 0.000000 
3942 1.227786 0.000000 
3943 1.211813 0.000000 
3944 1.195983 0.000000 
3945 1.180295 0.000000 
3946 1.164750 0.000000 
3947 1.149347 0.000000 
3948 1.134085 0.000000 
3949 1.118966 0.000000 
3950 1.103987 0.000000 
3951 1.089150 0.000000 
3952 1.074454 0.000000 
3953 1.059898 0.000000 
3954 1.045482 0.000000 
3955 1.031207 0.000000 
3956 1.017070 0.000000 
3957 1.003073 0.000000 
3958 0.989215 0.000000 
3959 0.975495 0.000000 
3960 0.961912 0.000000 
3961 0.948468 0.000000 
3962 0.935160 0.000000 
3963 0.921988 0.000000 
3964 0.908953 0.000000 
3965 0.896053 0.000000 
3966 0.883288 0.000000 
3967 0.870657 0.000000 
3968 0.858160 0.000000 
3969 0.845797 0.000000 
3970 0.833566 0.000000 
3971 0.821467 0.000000 
3972 0.809500 0.000000 
3973 0.797663 0.000000 
3974 0.785957 0.000000 
3975 0.774380 0.000000 
3976 0.762933 0.000000 
3977 0.751613 0.000000 
3978 0.740421 0.000000 
3979 0.729357 0.000000 
3980 0.718418 0.000000 
3981 0.707604 0.000000 
3982 0.696916 0.000000 
3983 0.686351 0.000000 
3984 0.675910 0.000000 
3985 0.665592 0.000000 
3986 0.655395 0.000000 
3987 0.645319 0.000000 
3988 0.635363 0.000000 
3989 0.625527 0.000000 
3990 0.615810 0.000000 
3991 0.606211 0.000000 
3992 0.596728 0.000000 
3993 0.587362 0.000000 
3994 0.578112 0.000000 
3995 0.568976 0.000000 
3996 0.559954 0.000000 
3997 0.551045 0.000000 
3998 0.542248 0.000000 
3999 0.533563 0.000000 
4000 0.524988 0.000000 
