0 0.007031 0.000002 
1 0.006844 0.000002 
2 0.006661 0.000001 
3 0.006483 0.000001 
4 0.006309 0.000001 
5 0.006140 0.000001 
6 0.005975 0.000001 
7 0.005814 0.000001 
8 0.005657 0.000001 
9 0.005504 0.000001 
10 0.005354 0.000001 
11 0.005209 0.000001 
12 0.005067 0.000001 
13 0.004929 0.000001 
14 0.004794 0.000001 
15 0.004663 0.000001 
16 0.004535 0.000001 
17 0.004410 0.000001 
18 0.004289 0.000001 
19 0.004171 0.000000 
20 0.004055 0.000000 
21 0.003943 0.000000 
22 0.003834 0.000000 
23 0.003727 0.000000 
24 0.003623 0.000000 
25 0.003522 0.000000 
26 0.003424 0.000000 
27 0.003328 0.000000 
28 0.003234 0.000000 
29 0.003144 0.000000 
30 0.003055 0.000000 
31 0.002969 0.000000 
32 0.002885 0.000000 
33 0.002803 0.000000 
34 0.002724 0.000000 
35 0.002646 0.000000 
36 0.002571 0.000000 
37 0.002497 0.000000 
38 0.002426 0.000000 
39 0.002357 0.000000 
40 0.002289 0.000000 
41 0.002223 0.000000 
42 0.002159 0.000000 
43 0.002097 0.000000 
44 0.002036 0.000000 
45 0.001977 0.000000 
46 0.001920 0.000000 
47 0.001864 0.000000 
48 0.001810 0.000000 
49 0.001757 0.000000 
50 0.001706 0.000000 
51 0.001656 0.000000 
52 0.001607 0.000000 
53 0.001560 0.000000 
54 0.001514 0.000000 
55 0.001469 0.000000 
56 0.001426 0.000000 
57 0.001384 0.000000 
58 0.001343 0.000000 
59 0.001303 0.000000 
60 0.001264 0.000000 
61 0.001227 0.000000 
62 0.001190 0.000000 
63 0.001154 0.000000 
64 0.001120 0.000000 
65 0.001086 0.000000 
66 0.001054 0.000000 
67 0.001022 0.000000 
68 0.000991 0.000000 
69 0.000961 0.000000 
70 0.000932 0.000000 
71 0.000904 0.000000 
72 0.000876 0.000000 
73 0.000850 0.000000 
74 0.000824 0.000000 
75 0.000799 0.000000 
76 0.000774 0.000000 
77 0.000750 0.000000 
78 0.000727 0.000000 
79 0.000705 0.000000 
80 0.000683 0.000000 
81 0.000662 0.000000 
82 0.000642 0.000000 
83 0.000622 0.000000 
84 0.000603 0.000000 
85 0.000584 0.000000 
86 0.000566 0.000000 
87 0.000548 0.000000 
88 0.000531 0.000000 
89 0.000514 0.000000 
90 0.000498 0.000000 
91 0.000483 0.000000 
92 0.000467 0.000000 
93 0.000453 0.000000 
94 0.000438 0.000000 
95 0.000425 0.000000 
96 0.000411 0.000000 
97 0.000398 0.000000 
98 0.000386 0.000000 
99 0.000373 0.000000 
100 0.000361 0.000000 
101 0.000350 0.000000 
102 0.000339 0.000000 
103 0.000328 0.000000 
104 0.000317 0.000000 
105 0.000307 0.000000 
106 0.000297 0.000000 
107 0.000288 0.000000 
108 0.000278 0.000000 
109 0.000269 0.000000 
110 0.000261 0.000000 
111 0.000252 0.000000 
112 0.000244 0.000000 
113 0.000236 0.000000 
114 0.000228 0.000000 
115 0.000221 0.000000 
116 0.000214 0.000000 
117 0.000207 0.000000 
118 0.000200 0.000000 
119 0.000193 0.000000 
120 0.000187 0.000000 
121 0.000181 0.000000 
122 0.000175 0.000000 
123 0.000169 0.000000 
124 0.000164 0.000000 
125 0.000158 0.000000 
126 0.000153 0.000000 
127 0.000148 0.000000 
128 0.000143 0.000000 
129 0.000138 0.000000 
130 0.000133 0.000000 
131 0.000129 0.000000 
132 0.000125 0.000000 
133 0.000120 0.000000 
134 0.000116 0.000000 
135 0.000113 0.000000 
136 0.000109 0.000000 
137 0.000105 0.000000 
138 0.000101 0.000000 
139 0.000098 0.000000 
140 0.000095 0.000000 
141 0.000092 0.000000 
142 0.000088 0.000000 
143 0.000085 0.000000 
144 0.000082 0.000000 
145 0.000080 0.000000 
146 0.000077 0.000000 
147 0.000074 0.000000 
148 0.000072 0.000000 
149 0.000069 0.000000 
150 0.000067 0.000000 
151 0.000065 0.000000 
152 0.000062 0.000000 
153 0.000060 0.000000 
154 0.000058 0.000000 
155 0.000056 0.000000 
156 0.000054 0.000000 
157 0.000052 0.000000 
158 0.000050 0.000000 
159 0.000049 0.000000 
160 0.000047 0.000000 
161 0.000045 0.000000 
162 0.000044 0.000000 
163 0.000042 0.000000 
164 0.000041 0.000000 
165 0.000039 0.000000 
166 0.000038 0.000000 
167 0.000037 0.000000 
168 0.000035 0.000000 
169 0.000034 0.000000 
170 0.000033 0.000000 
171 0.000032 0.000000 
172 0.000030 0.000000 
173 0.000029 0.000000 
174 0.000028 0.000000 
175 0.000027 0.000000 
176 0.000026 0.000000 
177 0.000025 0.000000 
178 0.000024 0.000000 
179 0.000024 0.000000 
180 0.000023 0.000000 
181 0.000022 0.000000 
182 0.000021 0.000000 
183 0.000020 0.000000 
184 0.000020 0.000000 
185 0.000019 0.000000 
186 0.000018 0.000000 
187 0.000018 0.000000 
188 0.000017 0.000000 
189 0.000016 0.000000 
190 0.000016 0.000000 
191 0.000015 0.000000 
192 0.000015 0.000000 
193 0.000014 0.000000 
194 0.000014 0.000000 
195 0.000013 0.000000 
196 0.000013 0.000000 
197 0.000012 0.000000 
198 0.000012 0.000000 
199 0.000011 0.000000 
200 0.000011 0.000000 
201 0.000010 0.000000 
202 0.000010 0.000000 
203 0.000010 0.000000 
204 0.000009 0.000000 
205 0.000009 0.000000 
206 0.000009 0.000000 
207 0.000008 0.000000 
208 0.000008 0.000000 
209 0.000008 0.000000 
210 0.000007 0.000000 
211 0.000007 0.000000 
212 0.000007 0.000000 
213 0.000007 0.000000 
214 0.000006 0.000000 
215 0.000006 0.000000 
216 0.000006 0.000000 
217 0.000006 0.000000 
218 0.000005 0.000000 
219 0.000005 0.000000 
220 0.000005 0.000000 
221 0.000005 0.000000 
222 0.000005 0.000000 
223 0.000004 0.000000 
224 0.000004 0.000000 
225 0.000004 0.000000 
226 0.000004 0.000000 
227 0.000004 0.000000 
228 0.000004 0.000000 
229 0.000004 0.000000 
230 0.000003 0.000000 
231 0.000003 0.000000 
232 0.000003 0.000000 
233 0.000003 0.000000 
234 0.000003 0.000000 
235 0.000003 0.000000 
236 0.000003 0.000000 
237 0.000003 0.000000 
238 0.000002 0.000000 
239 0.000002 0.000000 
240 0.000002 0.000000 
241 0.000002 0.000000 
242 0.000002 0.000000 
243 0.000002 0.000000 
244 0.000002 0.000000 
245 0.000002 0.000000 
246 0.000002 0.000000 
247 0.000002 0.000000 
248 0.000002 0.000000 
249 0.000002 0.000000 
250 0.000002 0.000000 
251 0.000001 0.000000 
252 0.000001 0.000000 
253 0.000001 0.000000 
254 0.000001 0.000000 
255 0.000001 0.000000 
256 0.000001 0.000000 
257 0.000001 0.000000 
258 0.000001 0.000000 
259 0.000001 0.000000 
260 0.000001 0.000000 
261 0.000001 0.000000 
262 0.000001 0.000000 
263 0.000001 0.000000 
264 0.000001 0.000000 
265 0.000001 0.000000 
266 0.000001 0.000000 
267 0.000001 0.000000 
268 0.000001 0.000000 
269 0.000001 0.000000 
270 0.000001 0.000000 
271 0.000001 0.000000 
272 0.000001 0.000000 
273 0.000001 0.000000 
274 0.000001 0.000000 
275 0.000001 0.000000 
276 0.000001 0.000000 
277 0.000001 0.000000 
278 0.000000 0.000000 
279 0.000000 0.000000 
280 0.000000 0.000000 
281 0.000000 0.000000 
282 0.000000 0.000000 
283 0.000000 0.000000 
284 0.000000 0.000000 
285 0.000000 0.000000 
286 0.000000 0.000000 
287 0.000000 0.000000 
288 0.000000 0.000000 
289 0.000000 0.000000 
290 0.000000 0.000000 
291 0.000000 0.000000 
292 0.000000 0.000000 
293 0.000000 0.000000 
294 0.000000 0.000000 
295 0.000000 0.000000 
296 0.000000 0.000000 
297 0.000000 0.000000 
298 0.000000 0.000000 
299 0.000000 0.000000 
300 0.000000 0.000000 
301 0.000000 0.000000 
302 0.000000 0.000000 
303 0.000000 0.000000 
304 0.000000 0.000000 
305 0.000000 0.000000 
306 0.000000 0.000000 
307 0.000000 0.000000 
308 0.000000 0.000000 
309 0.000000 0.000000 
310 0.000000 0.000000 
311 0.000000 0.000000 
312 0.000000 0.000000 
313 0.000000 0.000000 
314 0.000000 0.000000 
315 0.000000 0.000000 
316 0.000000 0.000000 
317 0.000000 0.000000 
318 0.000000 0.000000 
319 0.000000 0.000000 
320 0.000000 0.000000 
321 0.000000 0.000000 
322 0.000000 0.000000 
323 0.000000 0.000000 
324 0.000000 0.000000 
325 0.000000 0.000000 
326 0.000000 0.000000 
327 0.000000 0.000000 
328 0.000000 0.000000 
329 0.000000 0.000000 
330 0.000000 0.000000 
331 0.000000 0.000000 
332 0.000000 0.000000 
333 0.000000 0.000000 
334 0.000000 0.000000 
335 0.000000 0.000000 
336 0.000000 0.000000 
337 0.000000 0.000000 
338 0.000000 0.000000 
339 0.000000 0.000000 
340 0.000000 0.000000 
341 0.000000 0.000000 
342 0.000000 0.000000 
343 0.000000 0.000000 
344 0.000000 0.000000 
345 0.000000 0.000000 
346 0.000000 0.000000 
347 0.000000 0.000000 
348 0.000000 0.000000 
349 0.000000 0.000000 
350 0.000000 0.000000 
351 0.000000 0.000000 
352 0.000000 0.000000 
353 0.000000 0.000000 
354 0.000000 0.000000 
355 0.000000 0.000000 
356 0.000000 0.000000 
357 0.000000 0.000000 
358 0.000000 0.000000 
359 0.000000 0.000000 
360 0.000000 0.000000 
361 0.000000 0.000000 
362 0.000000 0.000000 
363 0.000000 0.000000 
364 0.000000 0.000000 
365 0.000000 0.000000 
366 0.000000 0.000000 
367 0.000000 0.000000 
368 0.000000 0.000000 
369 0.000000 0.000000 
370 0.000000 0.000000 
371 0.000000 0.000000 
372 0.000000 0.000000 
373 0.000000 0.000000 
374 0.000000 0.000000 
375 0.000000 0.000000 
376 0.000000 0.000000 
377 0.000000 0.000000 
378 0.000000 0.000000 
379 0.000000 0.000000 
380 0.000000 0.000000 
381 0.000000 0.000000 
382 0.000000 0.000000 
383 0.000000 0.000000 
384 0.000000 0.000000 
385 0.000000 0.000000 
386 0.000000 0.000000 
387 0.000000 0.000000 
388 0.000000 0.000000 
389 0.000000 0.000000 
390 0.000000 0.000000 
391 0.000000 0.000000 
392 0.000000 0.000000 
393 0.000000 0.000000 
394 0.000000 0.000000 
395 0.000000 0.000000 
396 0.000000 0.000000 
397 0.000000 0.000000 
398 0.000000 0.000000 
399 0.000000 0.000000 
400 0.000000 0.000000 
401 0.000000 0.000000 
402 0.000000 0.000000 
403 0.000000 0.000000 
404 0.000000 0.000000 
405 0.000000 0.000000 
406 0.000000 0.000000 
407 0.000000 0.000000 
408 0.000000 0.000000 
409 0.000000 0.000000 
410 0.000000 0.000000 
411 0.000000 0.000000 
412 0.000000 0.000000 
413 0.000000 0.000000 
414 0.000000 0.000000 
415 0.000000 0.000000 
416 0.000000 0.000000 
417 0.000000 0.000000 
418 0.000000 0.000000 
419 0.000000 0.000000 
420 0.000000 0.000000 
421 0.000000 0.000000 
422 0.000000 0.000000 
423 0.000000 0.000000 
424 0.000000 0.000000 
425 0.000000 0.000000 
426 0.000000 0.000000 
427 0.000000 0.000000 
428 0.000000 0.000000 
429 0.000000 0.000000 
430 0.000000 0.000000 
431 0.000000 0.000000 
432 0.000000 0.000000 
433 0.000000 0.000000 
434 0.000000 0.000000 
435 0.000000 0.000000 
436 0.000000 0.000000 
437 0.000000 0.000000 
438 0.000000 0.000000 
439 0.000000 0.000000 
440 0.000000 0.000000 
441 0.000000 0.000000 
442 0.000000 0.000000 
443 0.000000 0.000000 
444 0.000000 0.000000 
445 0.000000 0.000000 
446 0.000000 0.000000 
447 0.000000 0.000000 
448 0.000000 0.000000 
449 0.000000 0.000000 
450 0.000000 0.000000 
451 0.000000 0.000000 
452 0.000000 0.000000 
453 0.000000 0.000000 
454 0.000000 0.000000 
455 0.000000 0.000000 
456 0.000000 0.000000 
457 0.000000 0.000000 
458 0.000000 0.000000 
459 0.000000 0.000000 
460 0.000000 0.000000 
461 0.000000 0.000000 
462 0.000000 0.000000 
463 0.000000 0.000000 
464 0.000000 0.000000 
465 0.000000 0.000000 
466 0.000000 0.000000 
467 0.000000 0.000000 
468 0.000000 0.000000 
469 0.000000 0.000000 
470 0.000000 0.000000 
471 0.000000 0.000000 
472 0.000000 0.000000 
473 0.000000 0.000000 
474 0.000000 0.000000 
475 0.000000 0.000000 
476 0.000000 0.000000 
477 0.000000 0.000000 
478 0.000000 0.000000 
479 0.000000 0.000000 
480 0.000000 0.000000 
481 0.000000 0.000000 
482 0.000000 0.000000 
483 0.000000 0.000000 
484 0.000000 0.000000 
485 0.000000 0.000000 
486 0.000000 0.000000 
487 0.000000 0.000000 
488 0.000000 0.000000 
489 0.000000 0.000000 
490 0.000000 0.000000 
491 0.000000 0.000000 
492 0.000000 0.000000 
493 0.000000 0.000000 
494 0.000000 0.000000 
495 0.000000 0.000000 
496 0.000000 0.000000 
497 0.000000 0.000000 
498 0.000000 0.000000 
499 0.000000 0.000000 
500 0.000000 0.000000 
501 0.000000 0.000000 
502 0.000000 0.000000 
503 0.000000 0.000000 
504 0.000000 0.000000 
505 0.000000 0.000000 
506 0.000000 0.000000 
507 0.000000 0.000000 
508 0.000000 0.000000 
509 0.000000 0.000000 
510 0.000000 0.000000 
511 0.000000 0.000000 
512 0.000000 0.000000 
513 0.000000 0.000000 
514 0.000000 0.000000 
515 0.000000 0.000000 
516 0.000000 0.000000 
517 0.000000 0.000000 
518 0.000000 0.000000 
519 0.000000 0.000000 
520 0.000000 0.000000 
521 0.000000 0.000000 
522 0.000000 0.000000 
523 0.000000 0.000000 
524 0.000000 0.000000 
525 0.000000 0.000000 
526 0.000000 0.000000 
527 0.000000 0.000000 
528 0.000000 0.000000 
529 0.000000 0.000000 
530 0.000000 0.000000 
531 0.000000 0.000000 
532 0.000000 0.000000 
533 0.000000 0.000000 
534 0.000000 0.000000 
535 0.000000 0.000000 
536 0.000000 0.000000 
537 0.000000 0.000000 
538 0.000000 0.000000 
539 0.000000 0.000000 
540 0.000000 0.000000 
541 0.000000 0.000000 
542 0.000000 0.000000 
543 0.000000 0.000000 
544 0.000000 0.000000 
545 0.000000 0.000000 
546 0.000000 0.000000 
547 0.000000 0.000000 
548 0.000000 0.000000 
549 0.000000 0.000000 
550 0.000000 0.000000 
551 0.000000 0.000000 
552 0.000000 0.000000 
553 0.000000 0.000000 
554 0.000000 0.000000 
555 0.000000 0.000000 
556 0.000000 0.000000 
557 0.000000 0.000000 
558 0.000000 0.000000 
559 0.000000 0.000000 
560 0.000000 0.000000 
561 0.000000 0.000000 
562 0.000000 0.000000 
563 0.000000 0.000000 
564 0.000000 0.000000 
565 0.000000 0.000000 
566 0.000000 0.000000 
567 0.000000 0.000000 
568 0.000000 0.000000 
569 0.000000 0.000000 
570 0.000000 0.000000 
571 0.000000 0.000000 
572 0.000000 0.000000 
573 0.000000 0.000000 
574 0.000000 0.000000 
575 0.000000 0.000000 
576 0.000000 0.000000 
577 0.000000 0.000000 
578 0.000000 0.000000 
579 0.000000 0.000000 
580 0.000000 0.000000 
581 0.000000 0.000000 
582 0.000000 0.000000 
583 0.000000 0.000000 
584 0.000000 0.000000 
585 0.000000 0.000000 
586 0.000000 0.000000 
587 0.000000 0.000000 
588 0.000000 0.000000 
589 0.000000 0.000000 
590 0.000000 0.000000 
591 0.000000 0.000000 
592 0.000000 0.000000 
593 0.000000 0.000000 
594 0.000000 0.000000 
595 0.000000 0.000000 
596 0.000000 0.000000 
597 0.000000 0.000000 
598 0.000000 0.000000 
599 0.000000 0.000000 
600 0.000000 0.000000 
601 0.000000 0.000000 
602 0.000000 0.000000 
603 0.000000 0.000000 
604 0.000000 0.000000 
605 0.000000 0.000000 
606 0.000000 0.000000 
607 0.000000 0.000000 
608 0.000000 0.000000 
609 0.000000 0.000000 
610 0.000000 0.000000 
611 0.000000 0.000000 
612 0.000000 0.000000 
613 0.000000 0.000000 
614 0.000000 0.000000 
615 0.000000 0.000000 
616 0.000000 0.000000 
617 0.000000 0.000000 
618 0.000000 0.000000 
619 0.000000 0.000000 
620 0.000000 0.000000 
621 0.000000 0.000000 
622 0.000000 0.000000 
623 0.000000 0.000000 
624 0.000000 0.000000 
625 0.000000 0.000000 
626 0.000000 0.000000 
627 0.000000 0.000000 
628 0.000000 0.000000 
629 0.000000 0.000000 
630 0.000000 0.000000 
631 0.000000 0.000000 
632 0.000000 0.000000 
633 0.000000 0.000000 
634 0.000000 0.000000 
635 0.000000 0.000000 
636 0.000000 0.000000 
637 0.000000 0.000000 
638 0.000000 0.000000 
639 0.000000 0.000000 
640 0.000000 0.000000 
641 0.000000 0.000000 
642 0.000000 0.000000 
643 0.000000 0.000000 
644 0.000000 0.000000 
645 0.000000 0.000000 
646 0.000000 0.000000 
647 0.000000 0.000000 
648 0.000000 0.000000 
649 0.000000 0.000000 
650 0.000000 0.000000 
651 0.000000 0.000000 
652 0.000000 0.000000 
653 0.000000 0.000000 
654 0.000000 0.000000 
655 0.000000 0.000000 
656 0.000000 0.000000 
657 0.000000 0.000000 
658 0.000000 0.000000 
659 0.000000 0.000000 
660 0.000000 0.000000 
661 0.000000 0.000000 
662 0.000000 0.000000 
663 0.000000 0.000000 
664 0.000000 0.000000 
665 0.000000 0.000000 
666 0.000000 0.000000 
667 0.000000 0.000000 
668 0.000000 0.000000 
669 0.000000 0.000000 
670 0.000000 0.000000 
671 0.000000 0.000000 
672 0.000000 0.000000 
673 0.000000 0.000000 
674 0.000000 0.000000 
675 0.000000 0.000000 
676 0.000000 0.000000 
677 0.000000 0.000000 
678 0.000000 0.000000 
679 0.000000 0.000000 
680 0.000000 0.000000 
681 0.000000 0.000000 
682 0.000000 0.000000 
683 0.000000 0.000000 
684 0.000000 0.000000 
685 0.000000 0.000000 
686 0.000000 0.000000 
687 0.000000 0.000000 
688 0.000000 0.000000 
689 0.000000 0.000000 
690 0.000000 0.000000 
691 0.000000 0.000000 
692 0.000000 0.000000 
693 0.000000 0.000000 
694 0.000000 0.000000 
695 0.000000 0.000000 
696 0.000000 0.000000 
697 0.000000 0.000000 
698 0.000000 0.000000 
699 0.000000 0.000000 
700 0.000000 0.000000 
701 0.000000 0.000000 
702 0.000000 0.000000 
703 0.000000 0.000000 
704 0.000000 0.000000 
705 0.000000 0.000000 
706 0.000000 0.000000 
707 0.000000 0.000000 
708 0.000000 0.000000 
709 0.000000 0.000000 
710 0.000000 0.000000 
711 0.000000 0.000000 
712 0.000000 0.000000 
713 0.000000 0.000000 
714 0.000000 0.000000 
715 0.000000 0.000000 
716 0.000000 0.000000 
717 0.000000 0.000000 
718 0.000000 0.000000 
719 0.000000 0.000000 
720 0.000000 0.000000 
721 0.000000 0.000000 
722 0.000000 0.000000 
723 0.000000 0.000000 
724 0.000001 0.000000 
725 0.000001 0.000000 
726 0.000001 0.000000 
727 0.000001 0.000000 
728 0.000001 0.000000 
729 0.000001 0.000000 
730 0.000001 0.000000 
731 0.000001 0.000000 
732 0.000001 0.000000 
733 0.000001 0.000000 
734 0.000001 0.000000 
735 0.000001 0.000000 
736 0.000001 0.000000 
737 0.000001 0.000000 
738 0.000001 0.000000 
739 0.000001 0.000000 
740 0.000001 0.000000 
741 0.000001 0.000000 
742 0.000001 0.000000 
743 0.000001 0.000000 
744 0.000001 0.000000 
745 0.000001 0.000000 
746 0.000001 0.000000 
747 0.000001 0.000000 
748 0.000001 0.000000 
749 0.000001 0.000000 
750 0.000001 0.000000 
751 0.000002 0.000000 
752 0.000002 0.000000 
753 0.000002 0.000000 
754 0.000002 0.000000 
755 0.000002 0.000000 
756 0.000002 0.000000 
757 0.000002 0.000000 
758 0.000002 0.000000 
759 0.000002 0.000000 
760 0.000002 0.000000 
761 0.000002 0.000000 
762 0.000002 0.000000 
763 0.000002 0.000000 
764 0.000003 0.000000 
765 0.000003 0.000000 
766 0.000003 0.000000 
767 0.000003 0.000000 
768 0.000003 0.000000 
769 0.000003 0.000000 
770 0.000003 0.000000 
771 0.000003 0.000000 
772 0.000004 0.000000 
773 0.000004 0.000000 
774 0.000004 0.000000 
775 0.000004 0.000000 
776 0.000004 0.000000 
777 0.000004 0.000000 
778 0.000004 0.000000 
779 0.000005 0.000000 
780 0.000005 0.000000 
781 0.000005 0.000000 
782 0.000005 0.000000 
783 0.000005 0.000000 
784 0.000006 0.000000 
785 0.000006 0.000000 
786 0.000006 0.000000 
787 0.000006 0.000000 
788 0.000007 0.000000 
789 0.000007 0.000000 
790 0.000007 0.000000 
791 0.000007 0.000000 
792 0.000008 0.000000 
793 0.000008 0.000000 
794 0.000008 0.000000 
795 0.000009 0.000000 
796 0.000009 0.000000 
797 0.000009 0.000000 
798 0.000010 0.000000 
799 0.000010 0.000000 
800 0.000010 0.000000 
801 0.000011 0.000000 
802 0.000011 0.000000 
803 0.000012 0.000000 
804 0.000012 0.000000 
805 0.000012 0.000000 
806 0.000013 0.000000 
807 0.000013 0.000000 
808 0.000014 0.000000 
809 0.000015 0.000000 
810 0.000015 0.000000 
811 0.000016 0.000000 
812 0.000016 0.000000 
813 0.000017 0.000000 
814 0.000017 0.000000 
815 0.000018 0.000000 
816 0.000019 0.000000 
817 0.000020 0.000000 
818 0.000020 0.000000 
819 0.000021 0.000000 
820 0.000022 0.000000 
821 0.000023 0.000000 
822 0.000023 0.000000 
823 0.000024 0.000000 
824 0.000025 0.000000 
825 0.000026 0.000000 
826 0.000027 0.000000 
827 0.000028 0.000000 
828 0.000029 0.000000 
829 0.000030 0.000000 
830 0.000031 0.000000 
831 0.000033 0.000000 
832 0.000034 0.000000 
833 0.000035 0.000000 
834 0.000036 0.000000 
835 0.000038 0.000000 
836 0.000039 0.000000 
837 0.000040 0.000000 
838 0.000042 0.000000 
839 0.000043 0.000000 
840 0.000045 0.000000 
841 0.000047 0.000000 
842 0.000048 0.000000 
843 0.000050 0.000000 
844 0.000052 0.000000 
845 0.000054 0.000000 
846 0.000056 0.000000 
847 0.000058 0.000000 
848 0.000060 0.000000 
849 0.000062 0.000000 
850 0.000064 0.000000 
851 0.000066 0.000000 
852 0.000069 0.000000 
853 0.000071 0.000000 
854 0.000074 0.000000 
855 0.000076 0.000000 
856 0.000079 0.000000 
857 0.000082 0.000000 
858 0.000085 0.000000 
859 0.000088 0.000000 
860 0.000091 0.000000 
861 0.000094 0.000000 
862 0.000097 0.000000 
863 0.000100 0.000000 
864 0.000104 0.000000 
865 0.000108 0.000000 
866 0.000111 0.000000 
867 0.000115 0.000000 
868 0.000119 0.000000 
869 0.000123 0.000000 
870 0.000128 0.000000 
871 0.000132 0.000000 
872 0.000137 0.000000 
873 0.000141 0.000000 
874 0.000146 0.000000 
875 0.000151 0.000000 
876 0.000156 0.000000 
877 0.000162 0.000000 
878 0.000167 0.000000 
879 0.000173 0.000000 
880 0.000179 0.000000 
881 0.000185 0.000000 
882 0.000191 0.000000 
883 0.000198 0.000000 
884 0.000204 0.000000 
885 0.000211 0.000000 
886 0.000218 0.000000 
887 0.000226 0.000000 
888 0.000233 0.000000 
889 0.000241 0.000000 
890 0.000249 0.000000 
891 0.000258 0.000000 
892 0.000266 0.000000 
893 0.000275 0.000000 
894 0.000284 0.000000 
895 0.000294 0.000000 
896 0.000303 0.000000 
897 0.000313 0.000000 
898 0.000324 0.000000 
899 0.000334 0.000000 
900 0.000345 0.000000 
901 0.000357 0.000000 
902 0.000369 0.000000 
903 0.000381 0.000000 
904 0.000393 0.000000 
905 0.000406 0.000000 
906 0.000419 0.000000 
907 0.000433 0.000000 
908 0.000447 0.000000 
909 0.000461 0.000000 
910 0.000476 0.000000 
911 0.000492 0.000000 
912 0.000508 0.000000 
913 0.000524 0.000000 
914 0.000541 0.000000 
915 0.000558 0.000000 
916 0.000576 0.000000 
917 0.000595 0.000000 
918 0.000613 0.000000 
919 0.000633 0.000000 
920 0.000653 0.000000 
921 0.000674 0.000000 
922 0.000695 0.000000 
923 0.000717 0.000000 
924 0.000740 0.000000 
925 0.000763 0.000000 
926 0.000787 0.000000 
927 0.000812 0.000000 
928 0.000838 0.000000 
929 0.000864 0.000000 
930 0.000891 0.000000 
931 0.000919 0.000000 
932 0.000947 0.000000 
933 0.000977 0.000000 
934 0.001007 0.000000 
935 0.001038 0.000000 
936 0.001071 0.000000 
937 0.001104 0.000000 
938 0.001138 0.000000 
939 0.001173 0.000000 
940 0.001209 0.000000 
941 0.001246 0.000000 
942 0.001284 0.000000 
943 0.001323 0.000000 
944 0.001364 0.000000 
945 0.001405 0.000000 
946 0.001448 0.000000 
947 0.001492 0.000000 
948 0.001537 0.000000 
949 0.001583 0.000000 
950 0.001631 0.000000 
951 0.001680 0.000000 
952 0.001731 0.000000 
953 0.001783 0.000000 
954 0.001836 0.000000 
955 0.001891 0.000000 
956 0.001947 0.000000 
957 0.002005 0.000000 
958 0.002065 0.000000 
959 0.002126 0.000000 
960 0.002189 0.000000 
961 0.002254 0.000000 
962 0.002320 0.000000 
963 0.002389 0.000000 
964 0.002459 0.000000 
965 0.002531 0.000000 
966 0.002605 0.000000 
967 0.002681 0.000000 
968 0.002760 0.000000 
969 0.002840 0.000000 
970 0.002923 0.000000 
971 0.003007 0.000000 
972 0.003094 0.000000 
973 0.003184 0.000000 
974 0.003276 0.000000 
975 0.003370 0.000000 
976 0.003467 0.000000 
977 0.003566 0.000000 
978 0.003668 0.000000 
979 0.003773 0.000000 
980 0.003881 0.000000 
981 0.003991 0.000000 
982 0.004104 0.000000 
983 0.004221 0.000000 
984 0.004340 0.000000 
985 0.004463 0.000000 
986 0.004588 0.000000 
987 0.004717 0.000000 
988 0.004850 0.000000 
989 0.004986 0.000000 
990 0.005125 0.000000 
991 0.005268 0.000000 
992 0.005415 0.000000 
993 0.005565 0.000000 
994 0.005720 0.000000 
995 0.005878 0.000000 
996 0.006040 0.000000 
997 0.006207 0.000000 
998 0.006378 0.000000 
999 0.006553 0.000000 
1000 0.006732 0.000000 
1001 0.006916 0.000000 
1002 0.007105 0.000000 
1003 0.007299 0.000000 
1004 0.007497 0.000000 
1005 0.007700 0.000000 
1006 0.007909 0.000000 
1007 0.008122 0.000000 
1008 0.008341 0.000000 
1009 0.008566 0.000000 
1010 0.008796 0.000000 
1011 0.009032 0.000000 
1012 0.009273 0.000000 
1013 0.009520 0.000000 
1014 0.009774 0.000000 
1015 0.010034 0.000000 
1016 0.010300 0.000000 
1017 0.010572 0.000000 
1018 0.010852 0.000000 
1019 0.011138 0.000000 
1020 0.011430 0.000000 
1021 0.011730 0.000000 
1022 0.012038 0.000000 
1023 0.012352 0.000000 
1024 0.012674 0.000000 
1025 0.013004 0.000000 
1026 0.013342 0.000000 
1027 0.013687 0.000000 
1028 0.014041 0.000000 
1029 0.014404 0.000000 
1030 0.014774 0.000000 
1031 0.015154 0.000000 
1032 0.015542 0.000000 
1033 0.015940 0.000000 
1034 0.016347 0.000000 
1035 0.016763 0.000000 
1036 0.017189 0.000000 
1037 0.017625 0.000000 
1038 0.018071 0.000000 
1039 0.018527 0.000000 
1040 0.018994 0.000000 
1041 0.019471 0.000000 
1042 0.019960 0.000000 
1043 0.020459 0.000000 
1044 0.020970 0.000000 
1045 0.021493 0.000000 
1046 0.022027 0.000000 
1047 0.022574 0.000000 
1048 0.023132 0.000000 
1049 0.023704 0.000000 
1050 0.024288 0.000000 
1051 0.024885 0.000000 
1052 0.025495 0.000000 
1053 0.026119 0.000000 
1054 0.026757 0.000000 
1055 0.027409 0.000000 
1056 0.028075 0.000000 
1057 0.028756 0.000000 
1058 0.029452 0.000000 
1059 0.030163 0.000000 
1060 0.030890 0.000000 
1061 0.031632 0.000000 
1062 0.032391 0.000000 
1063 0.033166 0.000000 
1064 0.033958 0.000000 
1065 0.034766 0.000000 
1066 0.035592 0.000000 
1067 0.036436 0.000000 
1068 0.037298 0.000000 
1069 0.038178 0.000000 
1070 0.039076 0.000000 
1071 0.039994 0.000000 
1072 0.040931 0.000000 
1073 0.041888 0.000000 
1074 0.042864 0.000000 
1075 0.043861 0.000000 
1076 0.044879 0.000000 
1077 0.045918 0.000000 
1078 0.046979 0.000000 
1079 0.048062 0.000000 
1080 0.049166 0.000000 
1081 0.050294 0.000000 
1082 0.051445 0.000000 
1083 0.052619 0.000000 
1084 0.053817 0.000000 
1085 0.055039 0.000000 
1086 0.056286 0.000000 
1087 0.057558 0.000000 
1088 0.058856 0.000000 
1089 0.060180 0.000000 
1090 0.061530 0.000000 
1091 0.062907 0.000000 
1092 0.064312 0.000000 
1093 0.065744 0.000000 
1094 0.067204 0.000000 
1095 0.068694 0.000000 
1096 0.070212 0.000000 
1097 0.071761 0.000000 
1098 0.073339 0.000000 
1099 0.074948 0.000000 
1100 0.076589 0.000000 
1101 0.078261 0.000000 
1102 0.079965 0.000000 
1103 0.081702 0.000000 
1104 0.083472 0.000000 
1105 0.085276 0.000000 
1106 0.087114 0.000000 
1107 0.088987 0.000000 
1108 0.090896 0.000000 
1109 0.092840 0.000000 
1110 0.094821 0.000000 
1111 0.096839 0.000000 
1112 0.098894 0.000000 
1113 0.100988 0.000000 
1114 0.103121 0.000000 
1115 0.105293 0.000000 
1116 0.107504 0.000000 
1117 0.109757 0.000000 
1118 0.112050 0.000000 
1119 0.114385 0.000000 
1120 0.116763 0.000000 
1121 0.119184 0.000000 
1122 0.121648 0.000000 
1123 0.124157 0.000000 
1124 0.126710 0.000000 
1125 0.129309 0.000000 
1126 0.131954 0.000000 
1127 0.134646 0.000000 
1128 0.137386 0.000000 
1129 0.140174 0.000000 
1130 0.143010 0.000000 
1131 0.145897 0.000000 
1132 0.148833 0.000000 
1133 0.151820 0.000000 
1134 0.154859 0.000000 
1135 0.157951 0.000000 
1136 0.161095 0.000000 
1137 0.164293 0.000000 
1138 0.167546 0.000000 
1139 0.170853 0.000000 
1140 0.174217 0.000000 
1141 0.177637 0.000000 
1142 0.181115 0.000000 
1143 0.184651 0.000000 
1144 0.188246 0.000000 
1145 0.191900 0.000000 
1146 0.195615 0.000000 
1147 0.199391 0.000000 
1148 0.203228 0.000000 
1149 0.207129 0.000000 
1150 0.211093 0.000000 
1151 0.215121 0.000000 
1152 0.219215 0.000000 
1153 0.223374 0.000000 
1154 0.227600 0.000000 
1155 0.231893 0.000000 
1156 0.236255 0.000000 
1157 0.240686 0.000000 
1158 0.245186 0.000000 
1159 0.249758 0.000000 
1160 0.254401 0.000000 
1161 0.259116 0.000000 
1162 0.263904 0.000000 
1163 0.268766 0.000000 
1164 0.273704 0.000000 
1165 0.278717 0.000000 
1166 0.283806 0.000000 
1167 0.288973 0.000000 
1168 0.294218 0.000000 
1169 0.299542 0.000000 
1170 0.304946 0.000000 
1171 0.310430 0.000000 
1172 0.315997 0.000000 
1173 0.321646 0.000000 
1174 0.327378 0.000000 
1175 0.333194 0.000000 
1176 0.339096 0.000000 
1177 0.345083 0.000000 
1178 0.351157 0.000000 
1179 0.357319 0.000000 
1180 0.363569 0.000000 
1181 0.369909 0.000000 
1182 0.376339 0.000000 
1183 0.382860 0.000000 
1184 0.389474 0.000000 
1185 0.396180 0.000000 
1186 0.402980 0.000000 
1187 0.409874 0.000000 
1188 0.416864 0.000000 
1189 0.423950 0.000000 
1190 0.431134 0.000000 
1191 0.438416 0.000000 
1192 0.445796 0.000000 
1193 0.453277 0.000000 
1194 0.460858 0.000000 
1195 0.468541 0.000000 
1196 0.476326 0.000000 
1197 0.484214 0.000000 
1198 0.492207 0.000000 
1199 0.500304 0.000000 
1200 0.508507 0.000000 
1201 0.516817 0.000000 
1202 0.525235 0.000000 
1203 0.533760 0.000000 
1204 0.542395 0.000000 
1205 0.551140 0.000000 
1206 0.559996 0.000000 
1207 0.568963 0.000000 
1208 0.578043 0.000000 
1209 0.587236 0.000000 
1210 0.596543 0.000000 
1211 0.605965 0.000000 
1212 0.615503 0.000000 
1213 0.625157 0.000000 
1214 0.634928 0.000000 
1215 0.644817 0.000000 
1216 0.654825 0.000000 
1217 0.664953 0.000000 
1218 0.675201 0.000000 
1219 0.685569 0.000000 
1220 0.696060 0.000000 
1221 0.706672 0.000000 
1222 0.717408 0.000000 
1223 0.728268 0.000000 
1224 0.739253 0.000000 
1225 0.750362 0.000000 
1226 0.761598 0.000000 
1227 0.772960 0.000000 
1228 0.784449 0.000000 
1229 0.796067 0.000000 
1230 0.807812 0.000000 
1231 0.819687 0.000000 
1232 0.831692 0.000000 
1233 0.843827 0.000000 
1234 0.856093 0.000000 
1235 0.868490 0.000000 
1236 0.881019 0.000000 
1237 0.893681 0.000000 
1238 0.906476 0.000000 
1239 0.919405 0.000000 
1240 0.932468 0.000000 
1241 0.945666 0.000000 
1242 0.958998 0.000000 
1243 0.972466 0.000000 
1244 0.986070 0.000000 
1245 0.999811 0.000000 
1246 1.013688 0.000000 
1247 1.027703 0.000000 
1248 1.041855 0.000000 
1249 1.056146 0.000000 
1250 1.070574 0.000000 
1251 1.085141 0.000000 
1252 1.099847 0.000000 
1253 1.114693 0.000000 
1254 1.129677 0.000000 
1255 1.144802 0.000000 
1256 1.160066 0.000000 
1257 1.175471 0.000000 
1258 1.191016 0.000000 
1259 1.206701 0.000000 
1260 1.222528 0.000000 
1261 1.238495 0.000000 
1262 1.254602 0.000000 
1263 1.270851 0.000000 
1264 1.287241 0.000000 
1265 1.303772 0.000000 
1266 1.320445 0.000000 
1267 1.337258 0.000000 
1268 1.354212 0.000000 
1269 1.371308 0.000000 
1270 1.388544 0.000000 
1271 1.405921 0.000000 
1272 1.423439 0.000000 
1273 1.441098 0.000000 
1274 1.458897 0.000000 
1275 1.476836 0.000000 
1276 1.494915 0.000000 
1277 1.513134 0.000000 
1278 1.531492 0.000000 
1279 1.549990 0.000000 
1280 1.568626 0.000000 
1281 1.587401 0.000000 
1282 1.606314 0.000000 
1283 1.625365 0.000000 
1284 1.644553 0.000000 
1285 1.663878 0.000000 
1286 1.683339 0.000000 
1287 1.702936 0.000000 
1288 1.722668 0.000000 
1289 1.742535 0.000000 
1290 1.762536 0.000000 
1291 1.782671 0.000000 
1292 1.802938 0.000000 
1293 1.823337 0.000000 
1294 1.843868 0.000000 
1295 1.864530 0.000000 
1296 1.885321 0.000000 
1297 1.906241 0.000000 
1298 1.927290 0.000000 
1299 1.948466 0.000000 
1300 1.969768 0.000000 
1301 1.991196 0.000000 
1302 2.012749 0.000000 
1303 2.034425 0.000000 
1304 2.056224 0.000000 
1305 2.078144 0.000000 
1306 2.100185 0.000000 
1307 2.122345 0.000000 
1308 2.144623 0.000000 
1309 2.167018 0.000000 
1310 2.189529 0.000000 
1311 2.212155 0.000000 
1312 2.234894 0.000000 
1313 2.257745 0.000000 
1314 2.280706 0.000000 
1315 2.303777 0.000000 
1316 2.326956 0.000000 
1317 2.350241 0.000000 
1318 2.373631 0.000000 
1319 2.397125 0.000000 
1320 2.420721 0.000000 
1321 2.444417 0.000000 
1322 2.468212 0.000000 
1323 2.492104 0.000000 
1324 2.516092 0.000000 
1325 2.540174 0.000000 
1326 2.564348 0.000000 
1327 2.588613 0.000000 
1328 2.612966 0.000000 
1329 2.637406 0.000000 
1330 2.661931 0.000000 
1331 2.686539 0.000000 
1332 2.711229 0.000000 
1333 2.735998 0.000000 
1334 2.760844 0.000000 
1335 2.785766 0.000000 
1336 2.810761 0.000000 
1337 2.835828 0.000000 
1338 2.860963 0.000000 
1339 2.886166 0.000000 
1340 2.911434 0.000000 
1341 2.936765 0.000000 
1342 2.962156 0.000000 
1343 2.987606 0.000000 
1344 3.013112 0.000000 
1345 3.038672 0.000000 
1346 3.064283 0.000000 
1347 3.089943 0.000000 
1348 3.115651 0.000000 
1349 3.141403 0.000000 
1350 3.167197 0.000000 
1351 3.193030 0.000000 
1352 3.218901 0.000000 
1353 3.244806 0.000000 
1354 3.270743 0.000000 
1355 3.296710 0.000000 
1356 3.322703 0.000000 
1357 3.348721 0.000000 
1358 3.374761 0.000000 
1359 3.400820 0.000000 
1360 3.426895 0.000000 
1361 3.452984 0.000000 
1362 3.479084 0.000000 
1363 3.505192 0.000000 
1364 3.531305 0.000000 
1365 3.557422 0.000000 
1366 3.583538 0.000000 
1367 3.609651 0.000000 
1368 3.635758 0.000000 
1369 3.661856 0.000000 
1370 3.687943 0.000000 
1371 3.714016 0.000000 
1372 3.740071 0.000000 
1373 3.766105 0.000000 
1374 3.792117 0.000000 
1375 3.818102 0.000000 
1376 3.844058 0.000000 
1377 3.869981 0.000000 
1378 3.895869 0.000000 
1379 3.921719 0.000000 
1380 3.947527 0.000000 
1381 3.973291 0.000000 
1382 3.999007 0.000000 
1383 4.024673 0.000000 
1384 4.050285 0.000000 
1385 4.075840 0.000000 
1386 4.101334 0.000000 
1387 4.126766 0.000000 
1388 4.152132 0.000000 
1389 4.177428 0.000000 
1390 4.202651 0.000000 
1391 4.227799 0.000000 
1392 4.252868 0.000000 
1393 4.277854 0.000000 
1394 4.302755 0.000000 
1395 4.327568 0.000000 
1396 4.352289 0.000000 
1397 4.376915 0.000000 
1398 4.401443 0.000000 
1399 4.425870 0.000000 
1400 4.450192 0.000000 
1401 4.474407 0.000000 
1402 4.498510 0.000000 
1403 4.522499 0.000000 
1404 4.546371 0.000000 
1405 4.570123 0.000000 
1406 4.593751 0.000000 
1407 4.617251 0.000000 
1408 4.640622 0.000000 
1409 4.663859 0.000000 
1410 4.686960 0.000000 
1411 4.709921 0.000000 
1412 4.732739 0.000000 
1413 4.755411 0.000000 
1414 4.777934 0.000000 
1415 4.800305 0.000000 
1416 4.822520 0.000000 
1417 4.844577 0.000000 
1418 4.866472 0.000000 
1419 4.888202 0.000000 
1420 4.909764 0.000000 
1421 4.931155 0.000000 
1422 4.952373 0.000000 
1423 4.973413 0.000000 
1424 4.994273 0.000000 
1425 5.014950 0.000000 
1426 5.035441 0.000000 
1427 5.055743 0.000000 
1428 5.075853 0.000000 
1429 5.095768 0.000000 
1430 5.115485 0.000000 
1431 5.135001 0.000000 
1432 5.154313 0.000000 
1433 5.173419 0.000000 
1434 5.192316 0.000000 
1435 5.211001 0.000000 
1436 5.229470 0.000000 
1437 5.247722 0.000000 
1438 5.265753 0.000000 
1439 5.283562 0.000000 
1440 5.301144 0.000000 
1441 5.318498 0.000000 
1442 5.335621 0.000000 
1443 5.352510 0.000000 
1444 5.369162 0.000000 
1445 5.385576 0.000000 
1446 5.401749 0.000000 
1447 5.417678 0.000000 
1448 5.433360 0.000000 
1449 5.448794 0.000000 
1450 5.463977 0.000000 
1451 5.478907 0.000000 
1452 5.493581 0.000000 
1453 5.507997 0.000000 
1454 5.522152 0.000000 
1455 5.536046 0.000000 
1456 5.549675 0.000000 
1457 5.563037 0.000000 
1458 5.576130 0.000000 
1459 5.588953 0.000000 
1460 5.601502 0.000000 
1461 5.613777 0.000000 
1462 5.625776 0.000000 
1463 5.637495 0.000000 
1464 5.648934 0.000000 
1465 5.660091 0.000000 
1466 5.670964 0.000000 
1467 5.681551 0.000000 
1468 5.691851 0.000000 
1469 5.701861 0.000000 
1470 5.711581 0.000000 
1471 5.721009 0.000000 
1472 5.730143 0.000000 
1473 5.738982 0.000000 
1474 5.747524 0.000000 
1475 5.755769 0.000000 
1476 5.763714 0.000000 
1477 5.771358 0.000000 
1478 5.778701 0.000000 
1479 5.785741 0.000000 
1480 5.792477 0.000000 
1481 5.798907 0.000000 
1482 5.805032 0.000000 
1483 5.810849 0.000000 
1484 5.816358 0.000000 
1485 5.821558 0.000000 
1486 5.826448 0.000000 
1487 5.831028 0.000000 
1488 5.835296 0.000000 
1489 5.839252 0.000000 
1490 5.842896 0.000000 
1491 5.846226 0.000000 
1492 5.849242 0.000000 
1493 5.851944 0.000000 
1494 5.854332 0.000000 
1495 5.856404 0.000000 
1496 5.858160 0.000000 
1497 5.859601 0.000000 
1498 5.860726 0.000000 
1499 5.861534 0.000000 
1500 5.862027 0.000000 
1501 5.862202 0.000000 
1502 5.862062 0.000000 
1503 5.861605 0.000000 
1504 5.860831 0.000000 
1505 5.859742 0.000000 
1506 5.858336 0.000000 
1507 5.856615 0.000000 
1508 5.854578 0.000000 
1509 5.852225 0.000000 
1510 5.849558 0.000000 
1511 5.846577 0.000000 
1512 5.843281 0.000000 
1513 5.839672 0.000000 
1514 5.835751 0.000000 
1515 5.831517 0.000000 
1516 5.826972 0.000000 
1517 5.822115 0.000000 
1518 5.816949 0.000000 
1519 5.811474 0.000000 
1520 5.805690 0.000000 
1521 5.799599 0.000000 
1522 5.793202 0.000000 
1523 5.786499 0.000000 
1524 5.779492 0.000000 
1525 5.772182 0.000000 
1526 5.764570 0.000000 
1527 5.756657 0.000000 
1528 5.748445 0.000000 
1529 5.739934 0.000000 
1530 5.731127 0.000000 
1531 5.722024 0.000000 
1532 5.712627 0.000000 
1533 5.702938 0.000000 
1534 5.692958 0.000000 
1535 5.682688 0.000000 
1536 5.672131 0.000000 
1537 5.661287 0.000000 
1538 5.650160 0.000000 
1539 5.638749 0.000000 
1540 5.627058 0.000000 
1541 5.615088 0.000000 
1542 5.602841 0.000000 
1543 5.590319 0.000000 
1544 5.577523 0.000000 
1545 5.564457 0.000000 
1546 5.551121 0.000000 
1547 5.537518 0.000000 
1548 5.523650 0.000000 
1549 5.509520 0.000000 
1550 5.495129 0.000000 
1551 5.480479 0.000000 
1552 5.465574 0.000000 
1553 5.450415 0.000000 
1554 5.435004 0.000000 
1555 5.419344 0.000000 
1556 5.403438 0.000000 
1557 5.387287 0.000000 
1558 5.370894 0.000000 
1559 5.354263 0.000000 
1560 5.337394 0.000000 
1561 5.320292 0.000000 
1562 5.302958 0.000000 
1563 5.285394 0.000000 
1564 5.267605 0.000000 
1565 5.249592 0.000000 
1566 5.231358 0.000000 
1567 5.212906 0.000000 
1568 5.194238 0.000000 
1569 5.175358 0.000000 
1570 5.156268 0.000000 
1571 5.136971 0.000000 
1572 5.117470 0.000000 
1573 5.097768 0.000000 
1574 5.077867 0.000000 
1575 5.057770 0.000000 
1576 5.037482 0.000000 
1577 5.017003 0.000000 
1578 4.996338 0.000000 
1579 4.975490 0.000000 
1580 4.954461 0.000000 
1581 4.933254 0.000000 
1582 4.911873 0.000000 
1583 4.890320 0.000000 
1584 4.868599 0.000000 
1585 4.846713 0.000000 
1586 4.824664 0.000000 
1587 4.802456 0.000000 
1588 4.780093 0.000000 
1589 4.757576 0.000000 
1590 4.734910 0.000000 
1591 4.712098 0.000000 
1592 4.689142 0.000000 
1593 4.666046 0.000000 
1594 4.642813 0.000000 
1595 4.619446 0.000000 
1596 4.595948 0.000000 
1597 4.572323 0.000000 
1598 4.548574 0.000000 
1599 4.524703 0.000000 
1600 4.500715 0.000000 
1601 4.476612 0.000000 
1602 4.452398 0.000000 
1603 4.428076 0.000000 
1604 4.403648 0.000000 
1605 4.379119 0.000000 
1606 4.354491 0.000000 
1607 4.329768 0.000000 
1608 4.304953 0.000000 
1609 4.280049 0.000000 
1610 4.255059 0.000000 
1611 4.229986 0.000000 
1612 4.204834 0.000000 
1613 4.179606 0.000000 
1614 4.154304 0.000000 
1615 4.128933 0.000000 
1616 4.103495 0.000000 
1617 4.077994 0.000000 
1618 4.052432 0.000000 
1619 4.026812 0.000000 
1620 4.001139 0.000000 
1621 3.975415 0.000000 
1622 3.949642 0.000000 
1623 3.923825 0.000000 
1624 3.897966 0.000000 
1625 3.872068 0.000000 
1626 3.846134 0.000000 
1627 3.820168 0.000000 
1628 3.794172 0.000000 
1629 3.768149 0.000000 
1630 3.742103 0.000000 
1631 3.716036 0.000000 
1632 3.689951 0.000000 
1633 3.663851 0.000000 
1634 3.637740 0.000000 
1635 3.611619 0.000000 
1636 3.585492 0.000000 
1637 3.559362 0.000000 
1638 3.533232 0.000000 
1639 3.507103 0.000000 
1640 3.480980 0.000000 
1641 3.454865 0.000000 
1642 3.428761 0.000000 
1643 3.402670 0.000000 
1644 3.376595 0.000000 
1645 3.350539 0.000000 
1646 3.324504 0.000000 
1647 3.298493 0.000000 
1648 3.272509 0.000000 
1649 3.246555 0.000000 
1650 3.220632 0.000000 
1651 3.194744 0.000000 
1652 3.168892 0.000000 
1653 3.143080 0.000000 
1654 3.117309 0.000000 
1655 3.091583 0.000000 
1656 3.065904 0.000000 
1657 3.040273 0.000000 
1658 3.014694 0.000000 
1659 2.989169 0.000000 
1660 2.963700 0.000000 
1661 2.938288 0.000000 
1662 2.912938 0.000000 
1663 2.887650 0.000000 
1664 2.862427 0.000000 
1665 2.837270 0.000000 
1666 2.812183 0.000000 
1667 2.787168 0.000000 
1668 2.762225 0.000000 
1669 2.737358 0.000000 
1670 2.712568 0.000000 
1671 2.687857 0.000000 
1672 2.663228 0.000000 
1673 2.638681 0.000000 
1674 2.614220 0.000000 
1675 2.589845 0.000000 
1676 2.565559 0.000000 
1677 2.541364 0.000000 
1678 2.517260 0.000000 
1679 2.493251 0.000000 
1680 2.469337 0.000000 
1681 2.445520 0.000000 
1682 2.421802 0.000000 
1683 2.398185 0.000000 
1684 2.374669 0.000000 
1685 2.351257 0.000000 
1686 2.327950 0.000000 
1687 2.304750 0.000000 
1688 2.281657 0.000000 
1689 2.258674 0.000000 
1690 2.235801 0.000000 
1691 2.213040 0.000000 
1692 2.190393 0.000000 
1693 2.167860 0.000000 
1694 2.145444 0.000000 
1695 2.123144 0.000000 
1696 2.100962 0.000000 
1697 2.078900 0.000000 
1698 2.056958 0.000000 
1699 2.035138 0.000000 
1700 2.013441 0.000000 
1701 1.991867 0.000000 
1702 1.970418 0.000000 
1703 1.949095 0.000000 
1704 1.927898 0.000000 
1705 1.906828 0.000000 
1706 1.885887 0.000000 
1707 1.865075 0.000000 
1708 1.844393 0.000000 
1709 1.823842 0.000000 
1710 1.803423 0.000000 
1711 1.783135 0.000000 
1712 1.762981 0.000000 
1713 1.742960 0.000000 
1714 1.723073 0.000000 
1715 1.703321 0.000000 
1716 1.683705 0.000000 
1717 1.664224 0.000000 
1718 1.644880 0.000000 
1719 1.625673 0.000000 
1720 1.606604 0.000000 
1721 1.587672 0.000000 
1722 1.568879 0.000000 
1723 1.550224 0.000000 
1724 1.531708 0.000000 
1725 1.513332 0.000000 
1726 1.495095 0.000000 
1727 1.476998 0.000000 
1728 1.459041 0.000000 
1729 1.441225 0.000000 
1730 1.423550 0.000000 
1731 1.406015 0.000000 
1732 1.388621 0.000000 
1733 1.371368 0.000000 
1734 1.354256 0.000000 
1735 1.337286 0.000000 
1736 1.320456 0.000000 
1737 1.303768 0.000000 
1738 1.287222 0.000000 
1739 1.270816 0.000000 
1740 1.254552 0.000000 
1741 1.238429 0.000000 
1742 1.222448 0.000000 
1743 1.206607 0.000000 
1744 1.190907 0.000000 
1745 1.175348 0.000000 
1746 1.159929 0.000000 
1747 1.144651 0.000000 
1748 1.129513 0.000000 
1749 1.114515 0.000000 
1750 1.099657 0.000000 
1751 1.084938 0.000000 
1752 1.070358 0.000000 
1753 1.055917 0.000000 
1754 1.041615 0.000000 
1755 1.027451 0.000000 
1756 1.013424 0.000000 
1757 0.999535 0.000000 
1758 0.985783 0.000000 
1759 0.972168 0.000000 
1760 0.958689 0.000000 
1761 0.945346 0.000000 
1762 0.932138 0.000000 
1763 0.919065 0.000000 
1764 0.906126 0.000000 
1765 0.893321 0.000000 
1766 0.880650 0.000000 
1767 0.868111 0.000000 
1768 0.855704 0.000000 
1769 0.843429 0.000000 
1770 0.831286 0.000000 
1771 0.819273 0.000000 
1772 0.807389 0.000000 
1773 0.795636 0.000000 
1774 0.784010 0.000000 
1775 0.772513 0.000000 
1776 0.761144 0.000000 
1777 0.749901 0.000000 
1778 0.738784 0.000000 
1779 0.727793 0.000000 
1780 0.716927 0.000000 
1781 0.706184 0.000000 
1782 0.695565 0.000000 
1783 0.685069 0.000000 
1784 0.674694 0.000000 
1785 0.664441 0.000000 
1786 0.654308 0.000000 
1787 0.644295 0.000000 
1788 0.634400 0.000000 
1789 0.624624 0.000000 
1790 0.614965 0.000000 
1791 0.605423 0.000000 
1792 0.595997 0.000000 
1793 0.586686 0.000000 
1794 0.577489 0.000000 
1795 0.568405 0.000000 
1796 0.559434 0.000000 
1797 0.550575 0.000000 
1798 0.541827 0.000000 
1799 0.533189 0.000000 
1800 0.524660 0.000000 
1801 0.516240 0.000000 
1802 0.507928 0.000000 
1803 0.499722 0.000000 
1804 0.491623 0.000000 
1805 0.483628 0.000000 
1806 0.475738 0.000000 
1807 0.467951 0.000000 
1808 0.460267 0.000000 
1809 0.452684 0.000000 
1810 0.445202 0.000000 
1811 0.437820 0.000000 
1812 0.430538 0.000000 
1813 0.423353 0.000000 
1814 0.416266 0.000000 
1815 0.409276 0.000000 
1816 0.402381 0.000000 
1817 0.395581 0.000000 
1818 0.388874 0.000000 
1819 0.382261 0.000000 
1820 0.375740 0.000000 
1821 0.369310 0.000000 
1822 0.362971 0.000000 
1823 0.356721 0.000000 
1824 0.350560 0.000000 
1825 0.344486 0.000000 
1826 0.338500 0.000000 
1827 0.332599 0.000000 
1828 0.326784 0.000000 
1829 0.321053 0.000000 
1830 0.315405 0.000000 
1831 0.309840 0.000000 
1832 0.304357 0.000000 
1833 0.298955 0.000000 
1834 0.293632 0.000000 
1835 0.288389 0.000000 
1836 0.283224 0.000000 
1837 0.278137 0.000000 
1838 0.273126 0.000000 
1839 0.268191 0.000000 
1840 0.263331 0.000000 
1841 0.258545 0.000000 
1842 0.253832 0.000000 
1843 0.249191 0.000000 
1844 0.244623 0.000000 
1845 0.240125 0.000000 
1846 0.235696 0.000000 
1847 0.231338 0.000000 
1848 0.227047 0.000000 
1849 0.222824 0.000000 
1850 0.218668 0.000000 
1851 0.214577 0.000000 
1852 0.210552 0.000000 
1853 0.206591 0.000000 
1854 0.202694 0.000000 
1855 0.198859 0.000000 
1856 0.195086 0.000000 
1857 0.191375 0.000000 
1858 0.187724 0.000000 
1859 0.184133 0.000000 
1860 0.180600 0.000000 
1861 0.177126 0.000000 
1862 0.173709 0.000000 
1863 0.170349 0.000000 
1864 0.167045 0.000000 
1865 0.163796 0.000000 
1866 0.160602 0.000000 
1867 0.157461 0.000000 
1868 0.154374 0.000000 
1869 0.151339 0.000000 
1870 0.148355 0.000000 
1871 0.145423 0.000000 
1872 0.142540 0.000000 
1873 0.139708 0.000000 
1874 0.136924 0.000000 
1875 0.134188 0.000000 
1876 0.131500 0.000000 
1877 0.128859 0.000000 
1878 0.126264 0.000000 
1879 0.123714 0.000000 
1880 0.121210 0.000000 
1881 0.118750 0.000000 
1882 0.116333 0.000000 
1883 0.113959 0.000000 
1884 0.111628 0.000000 
1885 0.109339 0.000000 
1886 0.107090 0.000000 
1887 0.104883 0.000000 
1888 0.102715 0.000000 
1889 0.100587 0.000000 
1890 0.098497 0.000000 
1891 0.096445 0.000000 
1892 0.094432 0.000000 
1893 0.092455 0.000000 
1894 0.090515 0.000000 
1895 0.088610 0.000000 
1896 0.086741 0.000000 
1897 0.084907 0.000000 
1898 0.083107 0.000000 
1899 0.081341 0.000000 
1900 0.079608 0.000000 
1901 0.077908 0.000000 
1902 0.076240 0.000000 
1903 0.074604 0.000000 
1904 0.072998 0.000000 
1905 0.071424 0.000000 
1906 0.069880 0.000000 
1907 0.068365 0.000000 
1908 0.066880 0.000000 
1909 0.065423 0.000000 
1910 0.063995 0.000000 
1911 0.062594 0.000000 
1912 0.061221 0.000000 
1913 0.059874 0.000000 
1914 0.058554 0.000000 
1915 0.057260 0.000000 
1916 0.055992 0.000000 
1917 0.054749 0.000000 
1918 0.053530 0.000000 
1919 0.052336 0.000000 
1920 0.051166 0.000000 
1921 0.050019 0.000000 
1922 0.048895 0.000000 
1923 0.047794 0.000000 
1924 0.046715 0.000000 
1925 0.045658 0.000000 
1926 0.044622 0.000000 
1927 0.043608 0.000000 
1928 0.042614 0.000000 
1929 0.041641 0.000000 
1930 0.040688 0.000000 
1931 0.039754 0.000000 
1932 0.038840 0.000000 
1933 0.037945 0.000000 
1934 0.037068 0.000000 
1935 0.036210 0.000000 
1936 0.035369 0.000000 
1937 0.034546 0.000000 
1938 0.033741 0.000000 
1939 0.032953 0.000000 
1940 0.032181 0.000000 
1941 0.031425 0.000000 
1942 0.030686 0.000000 
1943 0.029963 0.000000 
1944 0.029254 0.000000 
1945 0.028562 0.000000 
1946 0.027884 0.000000 
1947 0.027220 0.000000 
1948 0.026571 0.000000 
1949 0.025936 0.000000 
1950 0.025315 0.000000 
1951 0.024708 0.000000 
1952 0.024113 0.000000 
1953 0.023532 0.000000 
1954 0.022963 0.000000 
1955 0.022407 0.000000 
1956 0.021864 0.000000 
1957 0.021332 0.000000 
1958 0.020812 0.000000 
1959 0.020304 0.000000 
1960 0.019807 0.000000 
1961 0.019321 0.000000 
1962 0.018846 0.000000 
1963 0.018382 0.000000 
1964 0.017928 0.000000 
1965 0.017484 0.000000 
1966 0.017051 0.000000 
1967 0.016627 0.000000 
1968 0.016213 0.000000 
1969 0.015809 0.000000 
1970 0.015413 0.000000 
1971 0.015027 0.000000 
1972 0.014650 0.000000 
1973 0.014281 0.000000 
1974 0.013921 0.000000 
1975 0.013569 0.000000 
1976 0.013226 0.000000 
1977 0.012890 0.000000 
1978 0.012562 0.000000 
1979 0.012242 0.000000 
1980 0.011930 0.000000 
1981 0.011624 0.000000 
1982 0.011326 0.000000 
1983 0.011035 0.000000 
1984 0.010751 0.000000 
1985 0.010474 0.000000 
1986 0.010203 0.000000 
1987 0.009939 0.000000 
1988 0.009681 0.000000 
1989 0.009429 0.000000 
1990 0.009183 0.000000 
1991 0.008944 0.000000 
1992 0.008710 0.000000 
1993 0.008481 0.000000 
1994 0.008258 0.000000 
1995 0.008041 0.000000 
1996 0.007829 0.000000 
1997 0.007622 0.000000 
1998 0.007420 0.000000 
1999 0.007223 0.000000 
2000 0.007031 0.000000 
2001 0.006844 0.000000 
2002 0.006661 0.000000 
2003 0.006483 0.000000 
2004 0.006309 0.000000 
2005 0.006140 0.000000 
2006 0.005975 0.000000 
2007 0.005814 0.000000 
2008 0.005657 0.000000 
2009 0.005504 0.000000 
2010 0.005354 0.000000 
2011 0.005209 0.000000 
2012 0.005067 0.000000 
2013 0.004929 0.000000 
2014 0.004794 0.000000 
2015 0.004663 0.000000 
2016 0.004535 0.000000 
2017 0.004410 0.000000 
2018 0.004289 0.000000 
2019 0.004171 0.000000 
2020 0.004055 0.000000 
2021 0.003943 0.000000 
2022 0.003834 0.000000 
2023 0.003727 0.000000 
2024 0.003623 0.000000 
2025 0.003522 0.000000 
2026 0.003424 0.000000 
2027 0.003328 0.000000 
2028 0.003234 0.000000 
2029 0.003144 0.000000 
2030 0.003055 0.000000 
2031 0.002969 0.000000 
2032 0.002885 0.000000 
2033 0.002803 0.000000 
2034 0.002724 0.000000 
2035 0.002646 0.000000 
2036 0.002571 0.000000 
2037 0.002497 0.000000 
2038 0.002426 0.000000 
2039 0.002357 0.000000 
2040 0.002289 0.000000 
2041 0.002223 0.000000 
2042 0.002159 0.000000 
2043 0.002097 0.000000 
2044 0.002036 0.000000 
2045 0.001977 0.000000 
2046 0.001920 0.000000 
2047 0.001864 0.000000 
2048 0.001810 0.000000 
2049 0.001757 0.000000 
2050 0.001706 0.000000 
2051 0.001656 0.000000 
2052 0.001607 0.000000 
2053 0.001560 0.000000 
2054 0.001514 0.000000 
2055 0.001469 0.000000 
2056 0.001426 0.000000 
2057 0.001384 0.000000 
2058 0.001343 0.000000 
2059 0.001303 0.000000 
2060 0.001264 0.000000 
2061 0.001227 0.000000 
2062 0.001190 0.000000 
2063 0.001154 0.000000 
2064 0.001120 0.000000 
2065 0.001086 0.000000 
2066 0.001054 0.000000 
2067 0.001022 0.000000 
2068 0.000991 0.000000 
2069 0.000961 0.000000 
2070 0.000932 0.000000 
2071 0.000904 0.000000 
2072 0.000876 0.000000 
2073 0.000850 0.000000 
2074 0.000824 0.000000 
2075 0.000799 0.000000 
2076 0.000774 0.000000 
2077 0.000750 0.000000 
2078 0.000727 0.000000 
2079 0.000705 0.000000 
2080 0.000683 0.000000 
2081 0.000662 0.000000 
2082 0.000642 0.000000 
2083 0.000622 0.000000 
2084 0.000603 0.000000 
2085 0.000584 0.000000 
2086 0.000566 0.000000 
2087 0.000548 0.000000 
2088 0.000531 0.000000 
2089 0.000514 0.000000 
2090 0.000498 0.000000 
2091 0.000483 0.000000 
2092 0.000467 0.000000 
2093 0.000453 0.000000 
2094 0.000438 0.000000 
2095 0.000425 0.000000 
2096 0.000411 0.000000 
2097 0.000398 0.000000 
2098 0.000386 0.000000 
2099 0.000373 0.000000 
2100 0.000361 0.000000 
2101 0.000350 0.000000 
2102 0.000339 0.000000 
2103 0.000328 0.000000 
2104 0.000317 0.000000 
2105 0.000307 0.000000 
2106 0.000297 0.000000 
2107 0.000288 0.000000 
2108 0.000278 0.000000 
2109 0.000269 0.000000 
2110 0.000261 0.000000 
2111 0.000252 0.000000 
2112 0.000244 0.000000 
2113 0.000236 0.000000 
2114 0.000228 0.000000 
2115 0.000221 0.000000 
2116 0.000214 0.000000 
2117 0.000207 0.000000 
2118 0.000200 0.000000 
2119 0.000193 0.000000 
2120 0.000187 0.000000 
2121 0.000181 0.000000 
2122 0.000175 0.000000 
2123 0.000169 0.000000 
2124 0.000164 0.000000 
2125 0.000158 0.000000 
2126 0.000153 0.000000 
2127 0.000148 0.000000 
2128 0.000143 0.000000 
2129 0.000138 0.000000 
2130 0.000133 0.000000 
2131 0.000129 0.000000 
2132 0.000125 0.000000 
2133 0.000120 0.000000 
2134 0.000116 0.000000 
2135 0.000113 0.000000 
2136 0.000109 0.000000 
2137 0.000105 0.000000 
2138 0.000101 0.000000 
2139 0.000098 0.000000 
2140 0.000095 0.000000 
2141 0.000092 0.000000 
2142 0.000088 0.000000 
2143 0.000085 0.000000 
2144 0.000082 0.000000 
2145 0.000080 0.000000 
2146 0.000077 0.000000 
2147 0.000074 0.000000 
2148 0.000072 0.000000 
2149 0.000069 0.000000 
2150 0.000067 0.000000 
2151 0.000065 0.000000 
2152 0.000062 0.000000 
2153 0.000060 0.000000 
2154 0.000058 0.000000 
2155 0.000056 0.000000 
2156 0.000054 0.000000 
2157 0.000052 0.000000 
2158 0.000050 0.000000 
2159 0.000049 0.000000 
2160 0.000047 0.000000 
2161 0.000045 0.000000 
2162 0.000044 0.000000 
2163 0.000042 0.000000 
2164 0.000041 0.000000 
2165 0.000039 0.000000 
2166 0.000038 0.000000 
2167 0.000037 0.000000 
2168 0.000035 0.000000 
2169 0.000034 0.000000 
2170 0.000033 0.000000 
2171 0.000032 0.000000 
2172 0.000030 0.000000 
2173 0.000029 0.000000 
2174 0.000028 0.000000 
2175 0.000027 0.000000 
2176 0.000026 0.000000 
2177 0.000025 0.000000 
2178 0.000024 0.000000 
2179 0.000024 0.000000 
2180 0.000023 0.000000 
2181 0.000022 0.000000 
2182 0.000021 0.000000 
2183 0.000020 0.000000 
2184 0.000020 0.000000 
2185 0.000019 0.000000 
2186 0.000018 0.000000 
2187 0.000018 0.000000 
2188 0.000017 0.000000 
2189 0.000016 0.000000 
2190 0.000016 0.000000 
2191 0.000015 0.000000 
2192 0.000015 0.000000 
2193 0.000014 0.000000 
2194 0.000014 0.000000 
2195 0.000013 0.000000 
2196 0.000013 0.000000 
2197 0.000012 0.000000 
2198 0.000012 0.000000 
2199 0.000011 0.000000 
2200 0.000011 0.000000 
2201 0.000010 0.000000 
2202 0.000010 0.000000 
2203 0.000010 0.000000 
2204 0.000009 0.000000 
2205 0.000009 0.000000 
2206 0.000009 0.000000 
2207 0.000008 0.000000 
2208 0.000008 0.000000 
2209 0.000008 0.000000 
2210 0.000007 0.000000 
2211 0.000007 0.000000 
2212 0.000007 0.000000 
2213 0.000007 0.000000 
2214 0.000006 0.000000 
2215 0.000006 0.000000 
2216 0.000006 0.000000 
2217 0.000006 0.000000 
2218 0.000005 0.000000 
2219 0.000005 0.000000 
2220 0.000005 0.000000 
2221 0.000005 0.000000 
2222 0.000005 0.000000 
2223 0.000004 0.000000 
2224 0.000004 0.000000 
2225 0.000004 0.000000 
2226 0.000004 0.000000 
2227 0.000004 0.000000 
2228 0.000004 0.000000 
2229 0.000004 0.000000 
2230 0.000003 0.000000 
2231 0.000003 0.000000 
2232 0.000003 0.000000 
2233 0.000003 0.000000 
2234 0.000003 0.000000 
2235 0.000003 0.000000 
2236 0.000003 0.000000 
2237 0.000003 0.000000 
2238 0.000002 0.000000 
2239 0.000002 0.000000 
2240 0.000002 0.000000 
2241 0.000002 0.000000 
2242 0.000002 0.000000 
2243 0.000002 0.000000 
2244 0.000002 0.000000 
2245 0.000002 0.000000 
2246 0.000002 0.000000 
2247 0.000002 0.000000 
2248 0.000002 0.000000 
2249 0.000002 0.000000 
2250 0.000002 0.000000 
2251 0.000001 0.000000 
2252 0.000001 0.000000 
2253 0.000001 0.000000 
2254 0.000001 0.000000 
2255 0.000001 0.000000 
2256 0.000001 0.000000 
2257 0.000001 0.000000 
2258 0.000001 0.000000 
2259 0.000001 0.000000 
2260 0.000001 0.000000 
2261 0.000001 0.000000 
2262 0.000001 0.000000 
2263 0.000001 0.000000 
2264 0.000001 0.000000 
2265 0.000001 0.000000 
2266 0.000001 0.000000 
2267 0.000001 0.000000 
2268 0.000001 0.000000 
2269 0.000001 0.000000 
2270 0.000001 0.000000 
2271 0.000001 0.000000 
2272 0.000001 0.000000 
2273 0.000001 0.000000 
2274 0.000001 0.000000 
2275 0.000001 0.000000 
2276 0.000001 0.000000 
2277 0.000001 0.000000 
2278 0.000000 0.000000 
2279 0.000000 0.000000 
2280 0.000000 0.000000 
2281 0.000000 0.000000 
2282 0.000000 0.000000 
2283 0.000000 0.000000 
2284 0.000000 0.000000 
2285 0.000000 0.000000 
2286 0.000000 0.000000 
2287 0.000000 0.000000 
2288 0.000000 0.000000 
2289 0.000000 0.000000 
2290 0.000000 0.000000 
2291 0.000000 0.000000 
2292 0.000000 0.000000 
2293 0.000000 0.000000 
2294 0.000000 0.000000 
2295 0.000000 0.000000 
2296 0.000000 0.000000 
2297 0.000000 0.000000 
2298 0.000000 0.000000 
2299 0.000000 0.000000 
2300 0.000000 0.000000 
2301 0.000000 0.000000 
2302 0.000000 0.000000 
2303 0.000000 0.000000 
2304 0.000000 0.000000 
2305 0.000000 0.000000 
2306 0.000000 0.000000 
2307 0.000000 0.000000 
2308 0.000000 0.000000 
2309 0.000000 0.000000 
2310 0.000000 0.000000 
2311 0.000000 0.000000 
2312 0.000000 0.000000 
2313 0.000000 0.000000 
2314 0.000000 0.000000 
2315 0.000000 0.000000 
2316 0.000000 0.000000 
2317 0.000000 0.000000 
2318 0.000000 0.000000 
2319 0.000000 0.000000 
2320 0.000000 0.000000 
2321 0.000000 0.000000 
2322 0.000000 0.000000 
2323 0.000000 0.000000 
2324 0.000000 0.000000 
2325 0.000000 0.000000 
2326 0.000000 0.000000 
2327 0.000000 0.000000 
2328 0.000000 0.000000 
2329 0.000000 0.000000 
2330 0.000000 0.000000 
2331 0.000000 0.000000 
2332 0.000000 0.000000 
2333 0.000000 0.000000 
2334 0.000000 0.000000 
2335 0.000000 0.000000 
2336 0.000000 0.000000 
2337 0.000000 0.000000 
2338 0.000000 0.000000 
2339 0.000000 0.000000 
2340 0.000000 0.000000 
2341 0.000000 0.000000 
2342 0.000000 0.000000 
2343 0.000000 0.000000 
2344 0.000000 0.000000 
2345 0.000000 0.000000 
2346 0.000000 0.000000 
2347 0.000000 0.000000 
2348 0.000000 0.000000 
2349 0.000000 0.000000 
2350 0.000000 0.000000 
2351 0.000000 0.000000 
2352 0.000000 0.000000 
2353 0.000000 0.000000 
2354 0.000000 0.000000 
2355 0.000000 0.000000 
2356 0.000000 0.000000 
2357 0.000000 0.000000 
2358 0.000000 0.000000 
2359 0.000000 0.000000 
2360 0.000000 0.000000 
2361 0.000000 0.000000 
2362 0.000000 0.000000 
2363 0.000000 0.000000 
2364 0.000000 0.000000 
2365 0.000000 0.000000 
2366 0.000000 0.000000 
2367 0.000000 0.000000 
2368 0.000000 0.000000 
2369 0.000000 0.000000 
2370 0.000000 0.000000 
2371 0.000000 0.000000 
2372 0.000000 0.000000 
2373 0.000000 0.000000 
2374 0.000000 0.000000 
2375 0.000000 0.000000 
2376 0.000000 0.000000 
2377 0.000000 0.000000 
2378 0.000000 0.000000 
2379 0.000000 0.000000 
2380 0.000000 0.000000 
2381 0.000000 0.000000 
2382 0.000000 0.000000 
2383 0.000000 0.000000 
2384 0.000000 0.000000 
2385 0.000000 0.000000 
2386 0.000000 0.000000 
2387 0.000000 0.000000 
2388 0.000000 0.000000 
2389 0.000000 0.000000 
2390 0.000000 0.000000 
2391 0.000000 0.000000 
2392 0.000000 0.000000 
2393 0.000000 0.000000 
2394 0.000000 0.000000 
2395 0.000000 0.000000 
2396 0.000000 0.000000 
2397 0.000000 0.000000 
2398 0.000000 0.000000 
2399 0.000000 0.000000 
2400 0.000000 0.000000 
2401 0.000000 0.000000 
2402 0.000000 0.000000 
2403 0.000000 0.000000 
2404 0.000000 0.000000 
2405 0.000000 0.000000 
2406 0.000000 0.000000 
2407 0.000000 0.000000 
2408 0.000000 0.000000 
2409 0.000000 0.000000 
2410 0.000000 0.000000 
2411 0.000000 0.000000 
2412 0.000000 0.000000 
2413 0.000000 0.000000 
2414 0.000000 0.000000 
2415 0.000000 0.000000 
2416 0.000000 0.000000 
2417 0.000000 0.000000 
2418 0.000000 0.000000 
2419 0.000000 0.000000 
2420 0.000000 0.000000 
2421 0.000000 0.000000 
2422 0.000000 0.000000 
2423 0.000000 0.000000 
2424 0.000000 0.000000 
2425 0.000000 0.000000 
2426 0.000000 0.000000 
2427 0.000000 0.000000 
2428 0.000000 0.000000 
2429 0.000000 0.000000 
2430 0.000000 0.000000 
2431 0.000000 0.000000 
2432 0.000000 0.000000 
2433 0.000000 0.000000 
2434 0.000000 0.000000 
2435 0.000000 0.000000 
2436 0.000000 0.000000 
2437 0.000000 0.000000 
2438 0.000000 0.000000 
2439 0.000000 0.000000 
2440 0.000000 0.000000 
2441 0.000000 0.000000 
2442 0.000000 0.000000 
2443 0.000000 0.000000 
2444 0.000000 0.000000 
2445 0.000000 0.000000 
2446 0.000000 0.000000 
2447 0.000000 0.000000 
2448 0.000000 0.000000 
2449 0.000000 0.000000 
2450 0.000000 0.000000 
2451 0.000000 0.000000 
2452 0.000000 0.000000 
2453 0.000000 0.000000 
2454 0.000000 0.000000 
2455 0.000000 0.000000 
2456 0.000000 0.000000 
2457 0.000000 0.000000 
2458 0.000000 0.000000 
2459 0.000000 0.000000 
2460 0.000000 0.000000 
2461 0.000000 0.000000 
2462 0.000000 0.000000 
2463 0.000000 0.000000 
2464 0.000000 0.000000 
2465 0.000000 0.000000 
2466 0.000000 0.000000 
2467 0.000000 0.000000 
2468 0.000000 0.000000 
2469 0.000000 0.000000 
2470 0.000000 0.000000 
2471 0.000000 0.000000 
2472 0.000000 0.000000 
2473 0.000000 0.000000 
2474 0.000000 0.000000 
2475 0.000000 0.000000 
2476 0.000000 0.000000 
2477 0.000000 0.000000 
2478 0.000000 0.000000 
2479 0.000000 0.000000 
2480 0.000000 0.000000 
2481 0.000000 0.000000 
2482 0.000000 0.000000 
2483 0.000000 0.000000 
2484 0.000000 0.000000 
2485 0.000000 0.000000 
2486 0.000000 0.000000 
2487 0.000000 0.000000 
2488 0.000000 0.000000 
2489 0.000000 0.000000 
2490 0.000000 0.000000 
2491 0.000000 0.000000 
2492 0.000000 0.000000 
2493 0.000000 0.000000 
2494 0.000000 0.000000 
2495 0.000000 0.000000 
2496 0.000000 0.000000 
2497 0.000000 0.000000 
2498 0.000000 0.000000 
2499 0.000000 0.000000 
2500 0.000000 0.000000 
2501 0.000000 0.000000 
2502 0.000000 0.000000 
2503 0.000000 0.000000 
2504 0.000000 0.000000 
2505 0.000000 0.000000 
2506 0.000000 0.000000 
2507 0.000000 0.000000 
2508 0.000000 0.000000 
2509 0.000000 0.000000 
2510 0.000000 0.000000 
2511 0.000000 0.000000 
2512 0.000000 0.000000 
2513 0.000000 0.000000 
2514 0.000000 0.000000 
2515 0.000000 0.000000 
2516 0.000000 0.000000 
2517 0.000000 0.000000 
2518 0.000000 0.000000 
2519 0.000000 0.000000 
2520 0.000000 0.000000 
2521 0.000000 0.000000 
2522 0.000000 0.000000 
2523 0.000000 0.000000 
2524 0.000000 0.000000 
2525 0.000000 0.000000 
2526 0.000000 0.000000 
2527 0.000000 0.000000 
2528 0.000000 0.000000 
2529 0.000000 0.000000 
2530 0.000000 0.000000 
2531 0.000000 0.000000 
2532 0.000000 0.000000 
2533 0.000000 0.000000 
2534 0.000000 0.000000 
2535 0.000000 0.000000 
2536 0.000000 0.000000 
2537 0.000000 0.000000 
2538 0.000000 0.000000 
2539 0.000000 0.000000 
2540 0.000000 0.000000 
2541 0.000000 0.000000 
2542 0.000000 0.000000 
2543 0.000000 0.000000 
2544 0.000000 0.000000 
2545 0.000000 0.000000 
2546 0.000000 0.000000 
2547 0.000000 0.000000 
2548 0.000000 0.000000 
2549 0.000000 0.000000 
2550 0.000000 0.000000 
2551 0.000000 0.000000 
2552 0.000000 0.000000 
2553 0.000000 0.000000 
2554 0.000000 0.000000 
2555 0.000000 0.000000 
2556 0.000000 0.000000 
2557 0.000000 0.000000 
2558 0.000000 0.000000 
2559 0.000000 0.000000 
2560 0.000000 0.000000 
2561 0.000000 0.000000 
2562 0.000000 0.000000 
2563 0.000000 0.000000 
2564 0.000000 0.000000 
2565 0.000000 0.000000 
2566 0.000000 0.000000 
2567 0.000000 0.000000 
2568 0.000000 0.000000 
2569 0.000000 0.000000 
2570 0.000000 0.000000 
2571 0.000000 0.000000 
2572 0.000000 0.000000 
2573 0.000000 0.000000 
2574 0.000000 0.000000 
2575 0.000000 0.000000 
2576 0.000000 0.000000 
2577 0.000000 0.000000 
2578 0.000000 0.000000 
2579 0.000000 0.000000 
2580 0.000000 0.000000 
2581 0.000000 0.000000 
2582 0.000000 0.000000 
2583 0.000000 0.000000 
2584 0.000000 0.000000 
2585 0.000000 0.000000 
2586 0.000000 0.000000 
2587 0.000000 0.000000 
2588 0.000000 0.000000 
2589 0.000000 0.000000 
2590 0.000000 0.000000 
2591 0.000000 0.000000 
2592 0.000000 0.000000 
2593 0.000000 0.000000 
2594 0.000000 0.000000 
2595 0.000000 0.000000 
2596 0.000000 0.000000 
2597 0.000000 0.000000 
2598 0.000000 0.000000 
2599 0.000000 0.000000 
2600 0.000000 0.000000 
2601 0.000000 0.000000 
2602 0.000000 0.000000 
2603 0.000000 0.000000 
2604 0.000000 0.000000 
2605 0.000000 0.000000 
2606 0.000000 0.000000 
2607 0.000000 0.000000 
2608 0.000000 0.000000 
2609 0.000000 0.000000 
2610 0.000000 0.000000 
2611 0.000000 0.000000 
2612 0.000000 0.000000 
2613 0.000000 0.000000 
2614 0.000000 0.000000 
2615 0.000000 0.000000 
2616 0.000000 0.000000 
2617 0.000000 0.000000 
2618 0.000000 0.000000 
2619 0.000000 0.000000 
2620 0.000000 0.000000 
2621 0.000000 0.000000 
2622 0.000000 0.000000 
2623 0.000000 0.000000 
2624 0.000000 0.000000 
2625 0.000000 0.000000 
2626 0.000000 0.000000 
2627 0.000000 0.000000 
2628 0.000000 0.000000 
2629 0.000000 0.000000 
2630 0.000000 0.000000 
2631 0.000000 0.000000 
2632 0.000000 0.000000 
2633 0.000000 0.000000 
2634 0.000000 0.000000 
2635 0.000000 0.000000 
2636 0.000000 0.000000 
2637 0.000000 0.000000 
2638 0.000000 0.000000 
2639 0.000000 0.000000 
2640 0.000000 0.000000 
2641 0.000000 0.000000 
2642 0.000000 0.000000 
2643 0.000000 0.000000 
2644 0.000000 0.000000 
2645 0.000000 0.000000 
2646 0.000000 0.000000 
2647 0.000000 0.000000 
2648 0.000000 0.000000 
2649 0.000000 0.000000 
2650 0.000000 0.000000 
2651 0.000000 0.000000 
2652 0.000000 0.000000 
2653 0.000000 0.000000 
2654 0.000000 0.000000 
2655 0.000000 0.000000 
2656 0.000000 0.000000 
2657 0.000000 0.000000 
2658 0.000000 0.000000 
2659 0.000000 0.000000 
2660 0.000000 0.000000 
2661 0.000000 0.000000 
2662 0.000000 0.000000 
2663 0.000000 0.000000 
2664 0.000000 0.000000 
2665 0.000000 0.000000 
2666 0.000000 0.000000 
2667 0.000000 0.000000 
2668 0.000000 0.000000 
2669 0.000000 0.000000 
2670 0.000000 0.000000 
2671 0.000000 0.000000 
2672 0.000000 0.000000 
2673 0.000000 0.000000 
2674 0.000000 0.000000 
2675 0.000000 0.000000 
2676 0.000000 0.000000 
2677 0.000000 0.000000 
2678 0.000000 0.000000 
2679 0.000000 0.000000 
2680 0.000000 0.000000 
2681 0.000000 0.000000 
2682 0.000000 0.000000 
2683 0.000000 0.000000 
2684 0.000000 0.000000 
2685 0.000000 0.000000 
2686 0.000000 0.000000 
2687 0.000000 0.000000 
2688 0.000000 0.000000 
2689 0.000000 0.000000 
2690 0.000000 0.000000 
2691 0.000000 0.000000 
2692 0.000000 0.000000 
2693 0.000000 0.000000 
2694 0.000000 0.000000 
2695 0.000000 0.000000 
2696 0.000000 0.000000 
2697 0.000000 0.000000 
2698 0.000000 0.000000 
2699 0.000000 0.000000 
2700 0.000000 0.000000 
2701 0.000000 0.000000 
2702 0.000000 0.000000 
2703 0.000000 0.000000 
2704 0.000000 0.000000 
2705 0.000000 0.000000 
2706 0.000000 0.000000 
2707 0.000000 0.000000 
2708 0.000000 0.000000 
2709 0.000000 0.000000 
2710 0.000000 0.000000 
2711 0.000000 0.000000 
2712 0.000000 0.000000 
2713 0.000000 0.000000 
2714 0.000000 0.000000 
2715 0.000000 0.000000 
2716 0.000000 0.000000 
2717 0.000000 0.000000 
2718 0.000000 0.000000 
2719 0.000000 0.000000 
2720 0.000000 0.000000 
2721 0.000000 0.000000 
2722 0.000000 0.000000 
2723 0.000000 0.000000 
2724 0.000000 0.000000 
2725 0.000001 0.000000 
2726 0.000001 0.000000 
2727 0.000001 0.000000 
2728 0.000001 0.000000 
2729 0.000001 0.000000 
2730 0.000001 0.000000 
2731 0.000001 0.000000 
2732 0.000001 0.000000 
2733 0.000001 0.000000 
2734 0.000001 0.000000 
2735 0.000001 0.000000 
2736 0.000001 0.000000 
2737 0.000001 0.000000 
2738 0.000001 0.000000 
2739 0.000001 0.000000 
2740 0.000001 0.000000 
2741 0.000001 0.000000 
2742 0.000001 0.000000 
2743 0.000001 0.000000 
2744 0.000001 0.000000 
2745 0.000001 0.000000 
2746 0.000001 0.000000 
2747 0.000001 0.000000 
2748 0.000001 0.000000 
2749 0.000001 0.000000 
2750 0.000001 0.000000 
2751 0.000001 0.000000 
2752 0.000002 0.000000 
2753 0.000002 0.000000 
2754 0.000002 0.000000 
2755 0.000002 0.000000 
2756 0.000002 0.000000 
2757 0.000002 0.000000 
2758 0.000002 0.000000 
2759 0.000002 0.000000 
2760 0.000002 0.000000 
2761 0.000002 0.000000 
2762 0.000002 0.000000 
2763 0.000002 0.000000 
2764 0.000002 0.000000 
2765 0.000003 0.000000 
2766 0.000003 0.000000 
2767 0.000003 0.000000 
2768 0.000003 0.000000 
2769 0.000003 0.000000 
2770 0.000003 0.000000 
2771 0.000003 0.000000 
2772 0.000003 0.000000 
2773 0.000004 0.000000 
2774 0.000004 0.000000 
2775 0.000004 0.000000 
2776 0.000004 0.000000 
2777 0.000004 0.000000 
2778 0.000004 0.000000 
2779 0.000004 0.000000 
2780 0.000005 0.000000 
2781 0.000005 0.000000 
2782 0.000005 0.000000 
2783 0.000005 0.000000 
2784 0.000005 0.000000 
2785 0.000006 0.000000 
2786 0.000006 0.000000 
2787 0.000006 0.000000 
2788 0.000006 0.000000 
2789 0.000007 0.000000 
2790 0.000007 0.000000 
2791 0.000007 0.000000 
2792 0.000007 0.000000 
2793 0.000008 0.000000 
2794 0.000008 0.000000 
2795 0.000008 0.000000 
2796 0.000009 0.000000 
2797 0.000009 0.000000 
2798 0.000009 0.000000 
2799 0.000010 0.000000 
2800 0.000010 0.000000 
2801 0.000010 0.000000 
2802 0.000011 0.000000 
2803 0.000011 0.000000 
2804 0.000012 0.000000 
2805 0.000012 0.000000 
2806 0.000012 0.000000 
2807 0.000013 0.000000 
2808 0.000013 0.000000 
2809 0.000014 0.000000 
2810 0.000015 0.000000 
2811 0.000015 0.000000 
2812 0.000016 0.000000 
2813 0.000016 0.000000 
2814 0.000017 0.000000 
2815 0.000017 0.000000 
2816 0.000018 0.000000 
2817 0.000019 0.000000 
2818 0.000020 0.000000 
2819 0.000020 0.000000 
2820 0.000021 0.000000 
2821 0.000022 0.000000 
2822 0.000023 0.000000 
2823 0.000023 0.000000 
2824 0.000024 0.000000 
2825 0.000025 0.000000 
2826 0.000026 0.000000 
2827 0.000027 0.000000 
2828 0.000028 0.000000 
2829 0.000029 0.000000 
2830 0.000030 0.000000 
2831 0.000031 0.000000 
2832 0.000033 0.000000 
2833 0.000034 0.000000 
2834 0.000035 0.000000 
2835 0.000036 0.000000 
2836 0.000038 0.000000 
2837 0.000039 0.000000 
2838 0.000040 0.000000 
2839 0.000042 0.000000 
2840 0.000043 0.000000 
2841 0.000045 0.000000 
2842 0.000047 0.000000 
2843 0.000048 0.000000 
2844 0.000050 0.000000 
2845 0.000052 0.000000 
2846 0.000054 0.000000 
2847 0.000056 0.000000 
2848 0.000058 0.000000 
2849 0.000060 0.000000 
2850 0.000062 0.000000 
2851 0.000064 0.000000 
2852 0.000066 0.000000 
2853 0.000069 0.000000 
2854 0.000071 0.000000 
2855 0.000074 0.000000 
2856 0.000076 0.000000 
2857 0.000079 0.000000 
2858 0.000082 0.000000 
2859 0.000085 0.000000 
2860 0.000088 0.000000 
2861 0.000091 0.000000 
2862 0.000094 0.000000 
2863 0.000097 0.000000 
2864 0.000100 0.000000 
2865 0.000104 0.000000 
2866 0.000108 0.000000 
2867 0.000111 0.000000 
2868 0.000115 0.000000 
2869 0.000119 0.000000 
2870 0.000123 0.000000 
2871 0.000128 0.000000 
2872 0.000132 0.000000 
2873 0.000137 0.000000 
2874 0.000141 0.000000 
2875 0.000146 0.000000 
2876 0.000151 0.000000 
2877 0.000156 0.000000 
2878 0.000162 0.000000 
2879 0.000167 0.000000 
2880 0.000173 0.000000 
2881 0.000179 0.000000 
2882 0.000185 0.000000 
2883 0.000191 0.000000 
2884 0.000198 0.000000 
2885 0.000204 0.000000 
2886 0.000211 0.000000 
2887 0.000218 0.000000 
2888 0.000226 0.000000 
2889 0.000233 0.000000 
2890 0.000241 0.000000 
2891 0.000249 0.000000 
2892 0.000258 0.000000 
2893 0.000266 0.000000 
2894 0.000275 0.000000 
2895 0.000284 0.000000 
2896 0.000294 0.000000 
2897 0.000303 0.000000 
2898 0.000313 0.000000 
2899 0.000324 0.000000 
2900 0.000334 0.000000 
2901 0.000345 0.000000 
2902 0.000357 0.000000 
2903 0.000369 0.000000 
2904 0.000381 0.000000 
2905 0.000393 0.000000 
2906 0.000406 0.000000 
2907 0.000419 0.000000 
2908 0.000433 0.000000 
2909 0.000447 0.000000 
2910 0.000461 0.000000 
2911 0.000476 0.000000 
2912 0.000492 0.000000 
2913 0.000508 0.000000 
2914 0.000524 0.000000 
2915 0.000541 0.000000 
2916 0.000558 0.000000 
2917 0.000576 0.000000 
2918 0.000595 0.000000 
2919 0.000613 0.000000 
2920 0.000633 0.000000 
2921 0.000653 0.000000 
2922 0.000674 0.000000 
2923 0.000695 0.000000 
2924 0.000717 0.000000 
2925 0.000740 0.000000 
2926 0.000763 0.000000 
2927 0.000787 0.000000 
2928 0.000812 0.000000 
2929 0.000838 0.000000 
2930 0.000864 0.000000 
2931 0.000891 0.000000 
2932 0.000919 0.000000 
2933 0.000947 0.000000 
2934 0.000977 0.000000 
2935 0.001007 0.000000 
2936 0.001038 0.000000 
2937 0.001071 0.000000 
2938 0.001104 0.000000 
2939 0.001138 0.000000 
2940 0.001173 0.000000 
2941 0.001209 0.000000 
2942 0.001246 0.000000 
2943 0.001284 0.000000 
2944 0.001323 0.000000 
2945 0.001364 0.000000 
2946 0.001405 0.000000 
2947 0.001448 0.000000 
2948 0.001492 0.000000 
2949 0.001537 0.000000 
2950 0.001583 0.000000 
2951 0.001631 0.000000 
2952 0.001680 0.000000 
2953 0.001731 0.000000 
2954 0.001783 0.000000 
2955 0.001836 0.000000 
2956 0.001891 0.000000 
2957 0.001947 0.000000 
2958 0.002005 0.000000 
2959 0.002065 0.000000 
2960 0.002126 0.000000 
2961 0.002189 0.000000 
2962 0.002254 0.000000 
2963 0.002320 0.000000 
2964 0.002389 0.000000 
2965 0.002459 0.000000 
2966 0.002531 0.000000 
2967 0.002605 0.000000 
2968 0.002681 0.000000 
2969 0.002760 0.000000 
2970 0.002840 0.000000 
2971 0.002923 0.000000 
2972 0.003007 0.000000 
2973 0.003094 0.000000 
2974 0.003184 0.000000 
2975 0.003276 0.000000 
2976 0.003370 0.000000 
2977 0.003467 0.000000 
2978 0.003566 0.000000 
2979 0.003668 0.000000 
2980 0.003773 0.000000 
2981 0.003881 0.000000 
2982 0.003991 0.000001 
2983 0.004104 0.000001 
2984 0.004221 0.000001 
2985 0.004340 0.000001 
2986 0.004463 0.000001 
2987 0.004588 0.000001 
2988 0.004717 0.000001 
2989 0.004850 0.000001 
2990 0.004986 0.000001 
2991 0.005125 0.000001 
2992 0.005268 0.000001 
2993 0.005415 0.000001 
2994 0.005565 0.000001 
2995 0.005720 0.000001 
2996 0.005878 0.000001 
2997 0.006040 0.000001 
2998 0.006207 0.000001 
2999 0.006378 0.000002 
3000 0.006553 0.000002 
3001 0.006732 0.000002 
3002 0.006916 0.000002 
3003 0.007105 0.000002 
3004 0.007299 0.000002 
3005 0.007497 0.000002 
3006 0.007700 0.000002 
3007 0.007909 0.000003 
3008 0.008122 0.000003 
3009 0.008341 0.000003 
3010 0.008566 0.000003 
3011 0.008796 0.000003 
3012 0.009032 0.000004 
3013 0.009273 0.000004 
3014 0.009520 0.000004 
3015 0.009774 0.000004 
3016 0.010034 0.000005 
3017 0.010300 0.000005 
3018 0.010572 0.000005 
3019 0.010852 0.000006 
3020 0.011138 0.000006 
3021 0.011430 0.000006 
3022 0.011730 0.000007 
3023 0.012038 0.000007 
3024 0.012352 0.000008 
3025 0.012674 0.000008 
3026 0.013004 0.000009 
3027 0.013342 0.000009 
3028 0.013687 0.000010 
3029 0.014041 0.000010 
3030 0.014404 0.000011 
3031 0.014774 0.000012 
3032 0.015154 0.000013 
3033 0.015542 0.000013 
3034 0.015940 0.000014 
3035 0.016347 0.000015 
3036 0.016763 0.000016 
3037 0.017189 0.000017 
3038 0.017625 0.000018 
3039 0.018071 0.000019 
3040 0.018527 0.000020 
3041 0.018994 0.000022 
3042 0.019471 0.000023 
3043 0.019960 0.000024 
3044 0.020459 0.000026 
3045 0.020970 0.000027 
3046 0.021493 0.000029 
3047 0.022027 0.000031 
3048 0.022574 0.000033 
3049 0.023132 0.000035 
3050 0.023704 0.000037 
3051 0.024288 0.000039 
3052 0.024885 0.000041 
3053 0.025495 0.000044 
3054 0.026119 0.000046 
3055 0.026757 0.000049 
3056 0.027409 0.000052 
3057 0.028075 0.000055 
3058 0.028756 0.000059 
3059 0.029452 0.000062 
3060 0.030163 0.000066 
3061 0.030890 0.000070 
3062 0.031632 0.000074 
3063 0.032391 0.000078 
3064 0.033166 0.000082 
3065 0.033958 0.000087 
3066 0.034766 0.000092 
3067 0.035592 0.000098 
3068 0.036436 0.000103 
3069 0.037298 0.000109 
3070 0.038178 0.000116 
3071 0.039076 0.000122 
3072 0.039994 0.000129 
3073 0.040931 0.000137 
3074 0.041888 0.000144 
3075 0.042864 0.000153 
3076 0.043861 0.000161 
3077 0.044879 0.000170 
3078 0.045918 0.000180 
3079 0.046979 0.000190 
3080 0.048062 0.000201 
3081 0.049166 0.000212 
3082 0.050294 0.000224 
3083 0.051445 0.000237 
3084 0.052619 0.000250 
3085 0.053817 0.000264 
3086 0.055039 0.000278 
3087 0.056286 0.000294 
3088 0.057558 0.000310 
3089 0.058856 0.000327 
3090 0.060180 0.000345 
3091 0.061530 0.000364 
3092 0.062907 0.000383 
3093 0.064312 0.000404 
3094 0.065744 0.000426 
3095 0.067204 0.000449 
3096 0.068694 0.000474 
3097 0.070212 0.000499 
3098 0.071761 0.000526 
3099 0.073339 0.000554 
3100 0.074948 0.000584 
3101 0.076589 0.000615 
3102 0.078261 0.000647 
3103 0.079965 0.000682 
3104 0.081702 0.000718 
3105 0.083472 0.000756 
3106 0.085276 0.000795 
3107 0.087114 0.000837 
3108 0.088987 0.000881 
3109 0.090896 0.000927 
3110 0.092840 0.000975 
3111 0.094821 0.001026 
3112 0.096839 0.001079 
3113 0.098894 0.001135 
3114 0.100988 0.001193 
3115 0.103121 0.001254 
3116 0.105293 0.001319 
3117 0.107504 0.001386 
3118 0.109757 0.001457 
3119 0.112050 0.001531 
3120 0.114385 0.001608 
3121 0.116763 0.001690 
3122 0.119184 0.001775 
3123 0.121648 0.001864 
3124 0.124157 0.001957 
3125 0.126710 0.002055 
3126 0.129309 0.002158 
3127 0.131954 0.002265 
3128 0.134646 0.002377 
3129 0.137386 0.002495 
3130 0.140174 0.002618 
3131 0.143010 0.002746 
3132 0.145897 0.002881 
3133 0.148833 0.003022 
3134 0.151820 0.003169 
3135 0.154859 0.003323 
3136 0.157951 0.003484 
3137 0.161095 0.003653 
3138 0.164293 0.003829 
3139 0.167546 0.004013 
3140 0.170853 0.004205 
3141 0.174217 0.004406 
3142 0.177637 0.004616 
3143 0.181115 0.004836 
3144 0.184651 0.005065 
3145 0.188246 0.005304 
3146 0.191900 0.005554 
3147 0.195615 0.005815 
3148 0.199391 0.006087 
3149 0.203228 0.006371 
3150 0.207129 0.006668 
3151 0.211093 0.006977 
3152 0.215121 0.007300 
3153 0.219215 0.007637 
3154 0.223374 0.007988 
3155 0.227600 0.008355 
3156 0.231893 0.008737 
3157 0.236255 0.009135 
3158 0.240686 0.009550 
3159 0.245186 0.009983 
3160 0.249758 0.010434 
3161 0.254401 0.010904 
3162 0.259116 0.011394 
3163 0.263904 0.011904 
3164 0.268766 0.012435 
3165 0.273704 0.012989 
3166 0.278717 0.013565 
3167 0.283806 0.014165 
3168 0.288973 0.014789 
3169 0.294218 0.015439 
3170 0.299542 0.016116 
3171 0.304946 0.016820 
3172 0.310430 0.017552 
3173 0.315997 0.018314 
3174 0.321646 0.019106 
3175 0.327378 0.019930 
3176 0.333194 0.020787 
3177 0.339096 0.021678 
3178 0.345083 0.022604 
3179 0.351157 0.023567 
3180 0.357319 0.024567 
3181 0.363569 0.025607 
3182 0.369909 0.026687 
3183 0.376339 0.027809 
3184 0.382860 0.028974 
3185 0.389474 0.030184 
3186 0.396180 0.031441 
3187 0.402980 0.032745 
3188 0.409874 0.034100 
3189 0.416864 0.035505 
3190 0.423950 0.036964 
3191 0.431134 0.038478 
3192 0.438416 0.040048 
3193 0.445796 0.041677 
3194 0.453277 0.043367 
3195 0.460858 0.045119 
3196 0.468541 0.046936 
3197 0.476326 0.048820 
3198 0.484214 0.050772 
3199 0.492207 0.052796 
3200 0.500304 0.054893 
3201 0.508507 0.057066 
3202 0.516817 0.059318 
3203 0.525235 0.061650 
3204 0.533760 0.064066 
3205 0.542395 0.066567 
3206 0.551140 0.069157 
3207 0.559996 0.071838 
3208 0.568963 0.074614 
3209 0.578043 0.077487 
3210 0.587236 0.080460 
3211 0.596543 0.083536 
3212 0.605965 0.086718 
3213 0.615503 0.090009 
3214 0.625157 0.093414 
3215 0.634928 0.096934 
3216 0.644817 0.100574 
3217 0.654825 0.104337 
3218 0.664953 0.108227 
3219 0.675201 0.112247 
3220 0.685569 0.116401 
3221 0.696060 0.120693 
3222 0.706672 0.125127 
3223 0.717408 0.129707 
3224 0.728268 0.134437 
3225 0.739253 0.139322 
3226 0.750362 0.144364 
3227 0.761598 0.149570 
3228 0.772960 0.154944 
3229 0.784449 0.160489 
3230 0.796067 0.166211 
3231 0.807812 0.172115 
3232 0.819687 0.178205 
3233 0.831692 0.184486 
3234 0.843827 0.190964 
3235 0.856093 0.197644 
3236 0.868490 0.204530 
3237 0.881019 0.211629 
3238 0.893681 0.218945 
3239 0.906476 0.226485 
3240 0.919405 0.234254 
3241 0.932468 0.242258 
3242 0.945666 0.250503 
3243 0.958998 0.258994 
3244 0.972466 0.267738 
3245 0.986070 0.276741 
3246 0.999811 0.286010 
3247 1.013688 0.295550 
3248 1.027703 0.305369 
3249 1.041855 0.315473 
3250 1.056146 0.325868 
3251 1.070574 0.336562 
3252 1.085141 0.347562 
3253 1.099847 0.358874 
3254 1.114693 0.370506 
3255 1.129677 0.382465 
3256 1.144802 0.394759 
3257 1.160066 0.407395 
3258 1.175471 0.420380 
3259 1.191016 0.433722 
3260 1.206701 0.447430 
3261 1.222528 0.461510 
3262 1.238495 0.475972 
3263 1.254602 0.490823 
3264 1.270851 0.506070 
3265 1.287241 0.521724 
3266 1.303772 0.537791 
3267 1.320445 0.554281 
3268 1.337258 0.571202 
3269 1.354212 0.588563 
3270 1.371308 0.606372 
3271 1.388544 0.624639 
3272 1.405921 0.643372 
3273 1.423439 0.662580 
3274 1.441098 0.682273 
3275 1.458897 0.702459 
3276 1.476836 0.723148 
3277 1.494915 0.744350 
3278 1.513134 0.766073 
3279 1.531492 0.788327 
3280 1.549990 0.811122 
3281 1.568626 0.834468 
3282 1.587401 0.858373 
3283 1.606314 0.882848 
3284 1.625365 0.907902 
3285 1.644553 0.933545 
3286 1.663878 0.959788 
3287 1.683339 0.986640 
3288 1.702936 1.014110 
3289 1.722668 1.042210 
3290 1.742535 1.070948 
3291 1.762536 1.100336 
3292 1.782671 1.130382 
3293 1.802938 1.161097 
3294 1.823337 1.192492 
3295 1.843868 1.224576 
3296 1.864530 1.257359 
3297 1.885321 1.290851 
3298 1.906241 1.325063 
3299 1.927290 1.360004 
3300 1.948466 1.395685 
3301 1.969768 1.432115 
3302 1.991196 1.469305 
3303 2.012749 1.507263 
3304 2.034425 1.546001 
3305 2.056224 1.585528 
3306 2.078144 1.625854 
3307 2.100185 1.666987 
3308 2.122345 1.708939 
3309 2.144623 1.751719 
3310 2.167018 1.795335 
3311 2.189529 1.839797 
3312 2.212155 1.885115 
3313 2.234894 1.931298 
3314 2.257745 1.978354 
3315 2.280706 2.026292 
3316 2.303777 2.075122 
3317 2.326956 2.124852 
3318 2.350241 2.175490 
3319 2.373631 2.227045 
3320 2.397125 2.279525 
3321 2.420721 2.332937 
3322 2.444417 2.387290 
3323 2.468212 2.442591 
3324 2.492104 2.498848 
3325 2.516092 2.556067 
3326 2.540174 2.614256 
3327 2.564348 2.673422 
3328 2.588613 2.733571 
3329 2.612966 2.794708 
3330 2.637406 2.856842 
3331 2.661931 2.919976 
3332 2.686539 2.984117 
3333 2.711229 3.049270 
3334 2.735998 3.115440 
3335 2.760844 3.182631 
3336 2.785766 3.250848 
3337 2.810761 3.320096 
3338 2.835828 3.390376 
3339 2.860963 3.461694 
3340 2.886166 3.534052 
3341 2.911434 3.607453 
3342 2.936765 3.681899 
3343 2.962156 3.757392 
3344 2.987606 3.833934 
3345 3.013112 3.911527 
3346 3.038672 3.990170 
3347 3.064283 4.069865 
3348 3.089943 4.150611 
3349 3.115651 4.232409 
3350 3.141403 4.315257 
3351 3.167197 4.399154 
3352 3.193030 4.484099 
3353 3.218901 4.570089 
3354 3.244806 4.657123 
3355 3.270743 4.745196 
3356 3.296710 4.834306 
3357 3.322703 4.924449 
3358 3.348721 5.015621 
3359 3.374761 5.107815 
3360 3.400820 5.201028 
3361 3.426895 5.295253 
3362 3.452984 5.390484 
3363 3.479084 5.486714 
3364 3.505192 5.583935 
3365 3.531305 5.682140 
3366 3.557422 5.781320 
3367 3.583538 5.881467 
3368 3.609651 5.982570 
3369 3.635758 6.084620 
3370 3.661856 6.187606 
3371 3.687943 6.291517 
3372 3.714016 6.396341 
3373 3.740071 6.502066 
3374 3.766105 6.608680 
3375 3.792117 6.716168 
3376 3.818102 6.824518 
3377 3.844058 6.933714 
3378 3.869981 7.043741 
3379 3.895869 7.154584 
3380 3.921719 7.266227 
3381 3.947527 7.378653 
3382 3.973291 7.491844 
3383 3.999007 7.605783 
3384 4.024673 7.720452 
3385 4.050285 7.835831 
3386 4.075840 7.951900 
3387 4.101334 8.068641 
3388 4.126766 8.186031 
3389 4.152132 8.304050 
3390 4.177428 8.422676 
3391 4.202651 8.541887 
3392 4.227799 8.661659 
3393 4.252868 8.781970 
3394 4.277854 8.902794 
3395 4.302755 9.024109 
3396 4.327568 9.145889 
3397 4.352289 9.268108 
3398 4.376915 9.390740 
3399 4.401443 9.513759 
3400 4.425870 9.637137 
3401 4.450192 9.760848 
3402 4.474407 9.884862 
3403 4.498510 10.009152 
3404 4.522499 10.133689 
3405 4.546371 10.258442 
3406 4.570123 10.383383 
3407 4.593751 10.508481 
3408 4.617251 10.633705 
3409 4.640622 10.759024 
3410 4.663859 10.884407 
3411 4.686960 11.009820 
3412 4.709921 11.135233 
3413 4.732739 11.260613 
3414 4.755411 11.385925 
3415 4.777934 11.511138 
3416 4.800305 11.636217 
3417 4.822520 11.761128 
3418 4.844577 11.885837 
3419 4.866472 12.010309 
3420 4.888202 12.134509 
3421 4.909764 12.258402 
3422 4.931155 12.381953 
3423 4.952373 12.505126 
3424 4.973413 12.627886 
3425 4.994273 12.750195 
3426 5.014950 12.872019 
3427 5.035441 12.993320 
3428 5.055743 13.114062 
3429 5.075853 13.234209 
3430 5.095768 13.353723 
3431 5.115485 13.472569 
3432 5.135001 13.590709 
3433 5.154313 13.708106 
3434 5.173419 13.824723 
3435 5.192316 13.940524 
3436 5.211001 14.055471 
3437 5.229470 14.169527 
3438 5.247722 14.282656 
3439 5.265753 14.394821 
3440 5.283562 14.505985 
3441 5.301144 14.616111 
3442 5.318498 14.725163 
3443 5.335621 14.833105 
3444 5.352510 14.939900 
3445 5.369162 15.045513 
3446 5.385576 15.149907 
3447 5.401749 15.253048 
3448 5.417678 15.354899 
3449 5.433360 15.455426 
3450 5.448794 15.554594 
3451 5.463977 15.652369 
3452 5.478907 15.748716 
3453 5.493581 15.843601 
3454 5.507997 15.936992 
3455 5.522152 16.028855 
3456 5.536046 16.119158 
3457 5.549675 16.207868 
3458 5.563037 16.294954 
3459 5.576130 16.380384 
3460 5.588953 16.464128 
3461 5.601502 16.546155 
3462 5.613777 16.626435 
3463 5.625776 16.704940 
3464 5.637495 16.781640 
3465 5.648934 16.856507 
3466 5.660091 16.929515 
3467 5.670964 17.000635 
3468 5.681551 17.069841 
3469 5.691851 17.137108 
3470 5.701861 17.202412 
3471 5.711581 17.265726 
3472 5.721009 17.327029 
3473 5.730143 17.386296 
3474 5.738982 17.443505 
3475 5.747524 17.498636 
3476 5.755769 17.551667 
3477 5.763714 17.602578 
3478 5.771358 17.651350 
3479 5.778701 17.697964 
3480 5.785741 17.742403 
3481 5.792477 17.784649 
3482 5.798907 17.824687 
3483 5.805032 17.862502 
3484 5.810849 17.898078 
3485 5.816358 17.931403 
3486 5.821558 17.962463 
3487 5.826448 17.991247 
3488 5.831028 18.017744 
3489 5.835296 18.041943 
3490 5.839252 18.063835 
3491 5.842896 18.083413 
3492 5.846226 18.100667 
3493 5.849242 18.115592 
3494 5.851944 18.128182 
3495 5.854332 18.138433 
3496 5.856404 18.146340 
3497 5.858160 18.151900 
3498 5.859601 18.155111 
3499 5.860726 18.155972 
3500 5.861534 18.154483 
3501 5.862027 18.150645 
3502 5.862202 18.144459 
3503 5.862062 18.135927 
3504 5.861605 18.125053 
3505 5.860831 18.111842 
3506 5.859742 18.096298 
3507 5.858336 18.078427 
3508 5.856615 18.058237 
3509 5.854578 18.035735 
3510 5.852225 18.010931 
3511 5.849558 17.983833 
3512 5.846577 17.954453 
3513 5.843281 17.922802 
3514 5.839672 17.888892 
3515 5.835751 17.852736 
3516 5.831517 17.814348 
3517 5.826972 17.773743 
3518 5.822115 17.730937 
3519 5.816949 17.685945 
3520 5.811474 17.638786 
3521 5.805690 17.589478 
3522 5.799599 17.538038 
3523 5.793202 17.484487 
3524 5.786499 17.428846 
3525 5.779492 17.371134 
3526 5.772182 17.311375 
3527 5.764570 17.249590 
3528 5.756657 17.185803 
3529 5.748445 17.120038 
3530 5.739934 17.052319 
3531 5.731127 16.982672 
3532 5.722024 16.911123 
3533 5.712627 16.837698 
3534 5.702938 16.762424 
3535 5.692958 16.685329 
3536 5.682688 16.606441 
3537 5.672131 16.525790 
3538 5.661287 16.443405 
3539 5.650160 16.359316 
3540 5.638749 16.273552 
3541 5.627058 16.186146 
3542 5.615088 16.097129 
3543 5.602841 16.006532 
3544 5.590319 15.914387 
3545 5.577523 15.820729 
3546 5.564457 15.725588 
3547 5.551121 15.629000 
3548 5.537518 15.530999 
3549 5.523650 15.431617 
3550 5.509520 15.330890 
3551 5.495129 15.228852 
3552 5.480479 15.125539 
3553 5.465574 15.020986 
3554 5.450415 14.915228 
3555 5.435004 14.808301 
3556 5.419344 14.700242 
3557 5.403438 14.591086 
3558 5.387287 14.480869 
3559 5.370894 14.369629 
3560 5.354263 14.257401 
3561 5.337394 14.144223 
3562 5.320292 14.030130 
3563 5.302958 13.915160 
3564 5.285394 13.799351 
3565 5.267605 13.682737 
3566 5.249592 13.565357 
3567 5.231358 13.447247 
3568 5.212906 13.328444 
3569 5.194238 13.208984 
3570 5.175358 13.088905 
3571 5.156268 12.968243 
3572 5.136971 12.847034 
3573 5.117470 12.725315 
3574 5.097768 12.603121 
3575 5.077867 12.480490 
3576 5.057770 12.357456 
3577 5.037482 12.234055 
3578 5.017003 12.110323 
3579 4.996338 11.986295 
3580 4.975490 11.862006 
3581 4.954461 11.737490 
3582 4.933254 11.612783 
3583 4.911873 11.487917 
3584 4.890320 11.362927 
3585 4.868599 11.237847 
3586 4.846713 11.112709 
3587 4.824664 10.987546 
3588 4.802456 10.862391 
3589 4.780093 10.737276 
3590 4.757576 10.612233 
3591 4.734910 10.487292 
3592 4.712098 10.362485 
3593 4.689142 10.237842 
3594 4.666046 10.113393 
3595 4.642813 9.989169 
3596 4.619446 9.865197 
3597 4.595948 9.741507 
3598 4.572323 9.618126 
3599 4.548574 9.495084 
3600 4.524703 9.372406 
3601 4.500715 9.250120 
3602 4.476612 9.128252 
3603 4.452398 9.006827 
3604 4.428076 8.885872 
3605 4.403648 8.765410 
3606 4.379119 8.645466 
3607 4.354491 8.526064 
3608 4.329768 8.407227 
3609 4.304953 8.288977 
3610 4.280049 8.171336 
3611 4.255059 8.054326 
3612 4.229986 7.937968 
3613 4.204834 7.822282 
3614 4.179606 7.707288 
3615 4.154304 7.593006 
3616 4.128933 7.479454 
3617 4.103495 7.366650 
3618 4.077994 7.254612 
3619 4.052432 7.143357 
3620 4.026812 7.032902 
3621 4.001139 6.923262 
3622 3.975415 6.814453 
3623 3.949642 6.706489 
3624 3.923825 6.599385 
3625 3.897966 6.493155 
3626 3.872068 6.387811 
3627 3.846134 6.283366 
3628 3.820168 6.179833 
3629 3.794172 6.077222 
3630 3.768149 5.975545 
3631 3.742103 5.874812 
3632 3.716036 5.775033 
3633 3.689951 5.676217 
3634 3.663851 5.578373 
3635 3.637740 5.481509 
3636 3.611619 5.385634 
3637 3.585492 5.290753 
3638 3.559362 5.196875 
3639 3.533232 5.104004 
3640 3.507103 5.012148 
3641 3.480980 4.921310 
3642 3.454865 4.831497 
3643 3.428761 4.742712 
3644 3.402670 4.654958 
3645 3.376595 4.568240 
3646 3.350539 4.482560 
3647 3.324504 4.397920 
3648 3.298493 4.314323 
3649 3.272509 4.231770 
3650 3.246555 4.150262 
3651 3.220632 4.069799 
3652 3.194744 3.990383 
3653 3.168892 3.912013 
3654 3.143080 3.834688 
3655 3.117309 3.758407 
3656 3.091583 3.683170 
3657 3.065904 3.608974 
3658 3.040273 3.535818 
3659 3.014694 3.463698 
3660 2.989169 3.392613 
3661 2.963700 3.322558 
3662 2.938288 3.253532 
3663 2.912938 3.185529 
3664 2.887650 3.118547 
3665 2.862427 3.052579 
3666 2.837270 2.987623 
3667 2.812183 2.923672 
3668 2.787168 2.860723 
3669 2.762225 2.798768 
3670 2.737358 2.737803 
3671 2.712568 2.677821 
3672 2.687857 2.618816 
3673 2.663228 2.560782 
3674 2.638681 2.503711 
3675 2.614220 2.447598 
3676 2.589845 2.392434 
3677 2.565559 2.338213 
3678 2.541364 2.284927 
3679 2.517260 2.232567 
3680 2.493251 2.181127 
3681 2.469337 2.130598 
3682 2.445520 2.080972 
3683 2.421802 2.032240 
3684 2.398185 1.984395 
3685 2.374669 1.937426 
3686 2.351257 1.891326 
3687 2.327950 1.846085 
3688 2.304750 1.801695 
3689 2.281657 1.758146 
3690 2.258674 1.715429 
3691 2.235801 1.673535 
3692 2.213040 1.632453 
3693 2.190393 1.592176 
3694 2.167860 1.552693 
3695 2.145444 1.513994 
3696 2.123144 1.476069 
3697 2.100962 1.438910 
3698 2.078900 1.402506 
3699 2.056958 1.366847 
3700 2.035138 1.331923 
3701 2.013441 1.297725 
3702 1.991867 1.264243 
3703 1.970418 1.231466 
3704 1.949095 1.199384 
3705 1.927898 1.167989 
3706 1.906828 1.137269 
3707 1.885887 1.107214 
3708 1.865075 1.077815 
3709 1.844393 1.049062 
3710 1.823842 1.020945 
3711 1.803423 0.993454 
3712 1.783135 0.966579 
3713 1.762981 0.940310 
3714 1.742960 0.914637 
3715 1.723073 0.889551 
3716 1.703321 0.865042 
3717 1.683705 0.841100 
3718 1.664224 0.817716 
3719 1.644880 0.794879 
3720 1.625673 0.772581 
3721 1.606604 0.750812 
3722 1.587672 0.729563 
3723 1.568879 0.708824 
3724 1.550224 0.688586 
3725 1.531708 0.668841 
3726 1.513332 0.649577 
3727 1.495095 0.630788 
3728 1.476998 0.612463 
3729 1.459041 0.594595 
3730 1.441225 0.577173 
3731 1.423550 0.560191 
3732 1.406015 0.543637 
3733 1.388621 0.527506 
3734 1.371368 0.511787 
3735 1.354256 0.496473 
3736 1.337286 0.481555 
3737 1.320456 0.467026 
3738 1.303768 0.452877 
3739 1.287222 0.439100 
3740 1.270816 0.425687 
3741 1.254552 0.412632 
3742 1.238429 0.399925 
3743 1.222448 0.387560 
3744 1.206607 0.375529 
3745 1.190907 0.363825 
3746 1.175348 0.352440 
3747 1.159929 0.341368 
3748 1.144651 0.330601 
3749 1.129513 0.320132 
3750 1.114515 0.309956 
3751 1.099657 0.300064 
3752 1.084938 0.290451 
3753 1.070358 0.281109 
3754 1.055917 0.272033 
3755 1.041615 0.263217 
3756 1.027451 0.254653 
3757 1.013424 0.246337 
3758 0.999535 0.238261 
3759 0.985783 0.230421 
3760 0.972168 0.222810 
3761 0.958689 0.215423 
3762 0.945346 0.208254 
3763 0.932138 0.201297 
3764 0.919065 0.194549 
3765 0.906126 0.188002 
3766 0.893321 0.181652 
3767 0.880650 0.175494 
3768 0.868111 0.169524 
3769 0.855704 0.163735 
3770 0.843429 0.158124 
3771 0.831286 0.152685 
3772 0.819273 0.147415 
3773 0.807389 0.142308 
3774 0.795636 0.137361 
3775 0.784010 0.132568 
3776 0.772513 0.127927 
3777 0.761144 0.123432 
3778 0.749901 0.119079 
3779 0.738784 0.114866 
3780 0.727793 0.110787 
3781 0.716927 0.106840 
3782 0.706184 0.103020 
3783 0.695565 0.099323 
3784 0.685069 0.095747 
3785 0.674694 0.092289 
3786 0.664441 0.088943 
3787 0.654308 0.085708 
3788 0.644295 0.082580 
3789 0.634400 0.079556 
3790 0.624624 0.076633 
3791 0.614965 0.073807 
3792 0.605423 0.071077 
3793 0.595997 0.068439 
3794 0.586686 0.065891 
3795 0.577489 0.063429 
3796 0.568405 0.061052 
3797 0.559434 0.058756 
3798 0.550575 0.056539 
3799 0.541827 0.054398 
3800 0.533189 0.052333 
3801 0.524660 0.050339 
3802 0.516240 0.048415 
3803 0.507928 0.046558 
3804 0.499722 0.044767 
3805 0.491623 0.043039 
3806 0.483628 0.041373 
3807 0.475738 0.039766 
3808 0.467951 0.038217 
3809 0.460267 0.036723 
3810 0.452684 0.035283 
3811 0.445202 0.033895 
3812 0.437820 0.032558 
3813 0.430538 0.031269 
3814 0.423353 0.030028 
3815 0.416266 0.028832 
3816 0.409276 0.027680 
3817 0.402381 0.026571 
3818 0.395581 0.025503 
3819 0.388874 0.024475 
3820 0.382261 0.023485 
3821 0.375740 0.022533 
3822 0.369310 0.021616 
3823 0.362971 0.020734 
3824 0.356721 0.019885 
3825 0.350560 0.019069 
3826 0.344486 0.018284 
3827 0.338500 0.017529 
3828 0.332599 0.016803 
3829 0.326784 0.016105 
3830 0.321053 0.015434 
3831 0.315405 0.014789 
3832 0.309840 0.014169 
3833 0.304357 0.013573 
3834 0.298955 0.013001 
3835 0.293632 0.012451 
3836 0.288389 0.011923 
3837 0.283224 0.011416 
3838 0.278137 0.010929 
3839 0.273126 0.010462 
3840 0.268191 0.010013 
3841 0.263331 0.009583 
3842 0.258545 0.009169 
3843 0.253832 0.008773 
3844 0.249191 0.008392 
3845 0.244623 0.008027 
3846 0.240125 0.007677 
3847 0.235696 0.007341 
3848 0.231338 0.007019 
3849 0.227047 0.006710 
3850 0.222824 0.006414 
3851 0.218668 0.006130 
3852 0.214577 0.005858 
3853 0.210552 0.005598 
3854 0.206591 0.005348 
3855 0.202694 0.005109 
3856 0.198859 0.004880 
3857 0.195086 0.004660 
3858 0.191375 0.004450 
3859 0.187724 0.004249 
3860 0.184133 0.004056 
3861 0.180600 0.003872 
3862 0.177126 0.003695 
3863 0.173709 0.003527 
3864 0.170349 0.003365 
3865 0.167045 0.003210 
3866 0.163796 0.003062 
3867 0.160602 0.002921 
3868 0.157461 0.002786 
3869 0.154374 0.002656 
3870 0.151339 0.002533 
3871 0.148355 0.002414 
3872 0.145423 0.002301 
3873 0.142540 0.002193 
3874 0.139708 0.002090 
3875 0.136924 0.001992 
3876 0.134188 0.001897 
3877 0.131500 0.001808 
3878 0.128859 0.001722 
3879 0.126264 0.001640 
3880 0.123714 0.001561 
3881 0.121210 0.001486 
3882 0.118750 0.001415 
3883 0.116333 0.001347 
3884 0.113959 0.001282 
3885 0.111628 0.001220 
3886 0.109339 0.001161 
3887 0.107090 0.001104 
3888 0.104883 0.001050 
3889 0.102715 0.000999 
3890 0.100587 0.000950 
3891 0.098497 0.000904 
3892 0.096445 0.000859 
3893 0.094432 0.000817 
3894 0.092455 0.000776 
3895 0.090515 0.000738 
3896 0.088610 0.000701 
3897 0.086741 0.000666 
3898 0.084907 0.000633 
3899 0.083107 0.000601 
3900 0.081341 0.000571 
3901 0.079608 0.000542 
3902 0.077908 0.000515 
3903 0.076240 0.000489 
3904 0.074604 0.000464 
3905 0.072998 0.000440 
3906 0.071424 0.000418 
3907 0.069880 0.000397 
3908 0.068365 0.000376 
3909 0.066880 0.000357 
3910 0.065423 0.000339 
3911 0.063995 0.000321 
3912 0.062594 0.000305 
3913 0.061221 0.000289 
3914 0.059874 0.000274 
3915 0.058554 0.000260 
3916 0.057260 0.000246 
3917 0.055992 0.000233 
3918 0.054749 0.000221 
3919 0.053530 0.000209 
3920 0.052336 0.000198 
3921 0.051166 0.000188 
3922 0.050019 0.000178 
3923 0.048895 0.000169 
3924 0.047794 0.000160 
3925 0.046715 0.000151 
3926 0.045658 0.000143 
3927 0.044622 0.000135 
3928 0.043608 0.000128 
3929 0.042614 0.000121 
3930 0.041641 0.000115 
3931 0.040688 0.000109 
3932 0.039754 0.000103 
3933 0.038840 0.000097 
3934 0.037945 0.000092 
3935 0.037068 0.000087 
3936 0.036210 0.000082 
3937 0.035369 0.000078 
3938 0.034546 0.000073 
3939 0.033741 0.000069 
3940 0.032953 0.000066 
3941 0.032181 0.000062 
3942 0.031425 0.000058 
3943 0.030686 0.000055 
3944 0.029963 0.000052 
3945 0.029254 0.000049 
3946 0.028562 0.000047 
3947 0.027884 0.000044 
3948 0.027220 0.000041 
3949 0.026571 0.000039 
3950 0.025936 0.000037 
3951 0.025315 0.000035 
3952 0.024708 0.000033 
3953 0.024113 0.000031 
3954 0.023532 0.000029 
3955 0.022963 0.000028 
3956 0.022407 0.000026 
3957 0.021864 0.000025 
3958 0.021332 0.000023 
3959 0.020812 0.000022 
3960 0.020304 0.000021 
3961 0.019807 0.000019 
3962 0.019321 0.000018 
3963 0.018846 0.000017 
3964 0.018382 0.000016 
3965 0.017928 0.000015 
3966 0.017484 0.000014 
3967 0.017051 0.000014 
3968 0.016627 0.000013 
3969 0.016213 0.000012 
3970 0.015809 0.000011 
3971 0.015413 0.000011 
3972 0.015027 0.000010 
3973 0.014650 0.000009 
3974 0.014281 0.000009 
3975 0.013921 0.000008 
3976 0.013569 0.000008 
3977 0.013226 0.000007 
3978 0.012890 0.000007 
3979 0.012562 0.000007 
3980 0.012242 0.000006 
3981 0.011930 0.000006 
3982 0.011624 0.000005 
3983 0.011326 0.000005 
3984 0.011035 0.000005 
3985 0.010751 0.000004 
3986 0.010474 0.000004 
3987 0.010203 0.000004 
3988 0.009939 0.000004 
3989 0.009681 0.000003 
3990 0.009429 0.000003 
3991 0.009183 0.000003 
3992 0.008944 0.000003 
3993 0.008710 0.000003 
3994 0.008481 0.000003 
3995 0.008258 0.000002 
3996 0.008041 0.000002 
3997 0.007829 0.000002 
3998 0.007622 0.000002 
3999 0.007420 0.000002 
4000 0.007223 0.000002 
