0 0.008592 0.000007 
1 0.008818 0.000008 
2 0.009049 0.000008 
3 0.009286 0.000008 
4 0.009528 0.000009 
5 0.009776 0.000010 
6 0.010031 0.000010 
7 0.010291 0.000011 
8 0.010557 0.000011 
9 0.010830 0.000012 
10 0.011110 0.000013 
11 0.011395 0.000014 
12 0.011688 0.000014 
13 0.011988 0.000015 
14 0.012294 0.000016 
15 0.012608 0.000017 
16 0.012929 0.000018 
17 0.013258 0.000019 
18 0.013594 0.000020 
19 0.013938 0.000021 
20 0.014290 0.000023 
21 0.014650 0.000024 
22 0.015019 0.000025 
23 0.015396 0.000027 
24 0.015781 0.000028 
25 0.016176 0.000030 
26 0.016579 0.000032 
27 0.016992 0.000034 
28 0.017414 0.000036 
29 0.017845 0.000038 
30 0.018287 0.000040 
31 0.018738 0.000042 
32 0.019199 0.000045 
33 0.019671 0.000047 
34 0.020153 0.000050 
35 0.020646 0.000053 
36 0.021150 0.000056 
37 0.021665 0.000059 
38 0.022192 0.000062 
39 0.022730 0.000065 
40 0.023280 0.000069 
41 0.023842 0.000073 
42 0.024417 0.000077 
43 0.025004 0.000081 
44 0.025603 0.000086 
45 0.026216 0.000091 
46 0.026842 0.000096 
47 0.027482 0.000101 
48 0.028135 0.000106 
49 0.028803 0.000112 
50 0.029484 0.000118 
51 0.030181 0.000125 
52 0.030892 0.000132 
53 0.031618 0.000139 
54 0.032360 0.000146 
55 0.033117 0.000154 
56 0.033890 0.000163 
57 0.034680 0.000171 
58 0.035486 0.000181 
59 0.036309 0.000190 
60 0.037149 0.000200 
61 0.038007 0.000211 
62 0.038882 0.000222 
63 0.039776 0.000234 
64 0.040688 0.000247 
65 0.041619 0.000260 
66 0.042568 0.000273 
67 0.043538 0.000288 
68 0.044527 0.000303 
69 0.045536 0.000319 
70 0.046565 0.000335 
71 0.047616 0.000353 
72 0.048687 0.000371 
73 0.049780 0.000390 
74 0.050895 0.000411 
75 0.052033 0.000432 
76 0.053192 0.000454 
77 0.054375 0.000477 
78 0.055582 0.000502 
79 0.056812 0.000527 
80 0.058067 0.000554 
81 0.059346 0.000583 
82 0.060650 0.000612 
83 0.061979 0.000643 
84 0.063335 0.000676 
85 0.064717 0.000710 
86 0.066125 0.000745 
87 0.067561 0.000782 
88 0.069024 0.000822 
89 0.070515 0.000863 
90 0.072035 0.000905 
91 0.073584 0.000950 
92 0.075162 0.000997 
93 0.076770 0.001047 
94 0.078408 0.001098 
95 0.080077 0.001152 
96 0.081778 0.001208 
97 0.083510 0.001267 
98 0.085275 0.001329 
99 0.087072 0.001394 
100 0.088903 0.001461 
101 0.090767 0.001532 
102 0.092666 0.001606 
103 0.094599 0.001683 
104 0.096568 0.001764 
105 0.098573 0.001848 
106 0.100614 0.001936 
107 0.102692 0.002028 
108 0.104808 0.002125 
109 0.106961 0.002225 
110 0.109154 0.002330 
111 0.111385 0.002440 
112 0.113656 0.002555 
113 0.115968 0.002674 
114 0.118320 0.002799 
115 0.120714 0.002930 
116 0.123150 0.003066 
117 0.125628 0.003208 
118 0.128150 0.003356 
119 0.130716 0.003511 
120 0.133326 0.003672 
121 0.135981 0.003840 
122 0.138682 0.004016 
123 0.141429 0.004199 
124 0.144223 0.004390 
125 0.147065 0.004589 
126 0.149955 0.004796 
127 0.152894 0.005012 
128 0.155882 0.005238 
129 0.158921 0.005473 
130 0.162010 0.005717 
131 0.165151 0.005972 
132 0.168344 0.006238 
133 0.171590 0.006514 
134 0.174890 0.006802 
135 0.178244 0.007102 
136 0.181652 0.007414 
137 0.185116 0.007739 
138 0.188637 0.008078 
139 0.192215 0.008430 
140 0.195850 0.008796 
141 0.199544 0.009177 
142 0.203296 0.009574 
143 0.207109 0.009987 
144 0.210982 0.010416 
145 0.214917 0.010862 
146 0.218914 0.011326 
147 0.222973 0.011808 
148 0.227096 0.012310 
149 0.231283 0.012831 
150 0.235535 0.013373 
151 0.239853 0.013935 
152 0.244238 0.014520 
153 0.248690 0.015128 
154 0.253209 0.015759 
155 0.257798 0.016414 
156 0.262456 0.017095 
157 0.267185 0.017802 
158 0.271984 0.018536 
159 0.276856 0.019298 
160 0.281800 0.020088 
161 0.286818 0.020909 
162 0.291910 0.021760 
163 0.297076 0.022644 
164 0.302319 0.023560 
165 0.307638 0.024511 
166 0.313035 0.025497 
167 0.318510 0.026520 
168 0.324064 0.027580 
169 0.329697 0.028679 
170 0.335411 0.029819 
171 0.341207 0.031000 
172 0.347085 0.032224 
173 0.353045 0.033492 
174 0.359090 0.034806 
175 0.365219 0.036167 
176 0.371433 0.037578 
177 0.377734 0.039038 
178 0.384121 0.040550 
179 0.390597 0.042116 
180 0.397161 0.043737 
181 0.403814 0.045415 
182 0.410558 0.047152 
183 0.417392 0.048950 
184 0.424319 0.050810 
185 0.431338 0.052734 
186 0.438450 0.054725 
187 0.445657 0.056784 
188 0.452958 0.058913 
189 0.460356 0.061115 
190 0.467850 0.063392 
191 0.475441 0.065746 
192 0.483131 0.068179 
193 0.490919 0.070693 
194 0.498807 0.073292 
195 0.506796 0.075977 
196 0.514886 0.078751 
197 0.523078 0.081617 
198 0.531373 0.084577 
199 0.539772 0.087633 
200 0.548274 0.090790 
201 0.556882 0.094049 
202 0.565596 0.097413 
203 0.574417 0.100885 
204 0.583344 0.104469 
205 0.592380 0.108167 
206 0.601525 0.111983 
207 0.610779 0.115920 
208 0.620143 0.119981 
209 0.629619 0.124169 
210 0.639206 0.128488 
211 0.648905 0.132941 
212 0.658718 0.137533 
213 0.668644 0.142266 
214 0.678685 0.147144 
215 0.688841 0.152172 
216 0.699112 0.157353 
217 0.709500 0.162690 
218 0.720006 0.168189 
219 0.730628 0.173852 
220 0.741370 0.179686 
221 0.752230 0.185692 
222 0.763209 0.191877 
223 0.774309 0.198244 
224 0.785530 0.204797 
225 0.796872 0.211543 
226 0.808335 0.218484 
227 0.819922 0.225626 
228 0.831631 0.232975 
229 0.843464 0.240533 
230 0.855420 0.248308 
231 0.867502 0.256303 
232 0.879708 0.264524 
233 0.892040 0.272976 
234 0.904499 0.281665 
235 0.917083 0.290595 
236 0.929795 0.299774 
237 0.942633 0.309205 
238 0.955600 0.318895 
239 0.968695 0.328850 
240 0.981918 0.339074 
241 0.995271 0.349576 
242 1.008753 0.360359 
243 1.022364 0.371431 
244 1.036105 0.382798 
245 1.049977 0.394465 
246 1.063979 0.406440 
247 1.078113 0.418728 
248 1.092377 0.431337 
249 1.106773 0.444272 
250 1.121300 0.457541 
251 1.135959 0.471150 
252 1.150751 0.485106 
253 1.165674 0.499416 
254 1.180730 0.514088 
255 1.195918 0.529127 
256 1.211239 0.544541 
257 1.226693 0.560337 
258 1.242280 0.576524 
259 1.257999 0.593107 
260 1.273852 0.610095 
261 1.289837 0.627494 
262 1.305955 0.645313 
263 1.322207 0.663559 
264 1.338591 0.682240 
265 1.355108 0.701363 
266 1.371757 0.720937 
267 1.388540 0.740969 
268 1.405454 0.761467 
269 1.422502 0.782438 
270 1.439681 0.803892 
271 1.456992 0.825836 
272 1.474436 0.848278 
273 1.492010 0.871226 
274 1.509716 0.894688 
275 1.527553 0.918673 
276 1.545521 0.943189 
277 1.563619 0.968245 
278 1.581847 0.993847 
279 1.600204 1.020005 
280 1.618691 1.046728 
281 1.637306 1.074022 
282 1.656050 1.101898 
283 1.674922 1.130362 
284 1.693921 1.159424 
285 1.713046 1.189092 
286 1.732298 1.219374 
287 1.751675 1.250279 
288 1.771178 1.281814 
289 1.790805 1.313989 
290 1.810555 1.346812 
291 1.830428 1.380290 
292 1.850424 1.414432 
293 1.870541 1.449247 
294 1.890779 1.484742 
295 1.911137 1.520925 
296 1.931614 1.557806 
297 1.952209 1.595391 
298 1.972922 1.633689 
299 1.993751 1.672707 
300 2.014696 1.712454 
301 2.035755 1.752937 
302 2.056928 1.794164 
303 2.078213 1.836143 
304 2.099609 1.878880 
305 2.121117 1.922384 
306 2.142733 1.966662 
307 2.164457 2.011720 
308 2.186289 2.057567 
309 2.208226 2.104208 
310 2.230268 2.151651 
311 2.252413 2.199903 
312 2.274660 2.248969 
313 2.297008 2.298857 
314 2.319455 2.349573 
315 2.342000 2.401122 
316 2.364642 2.453511 
317 2.387379 2.506745 
318 2.410210 2.560830 
319 2.433133 2.615772 
320 2.456146 2.671575 
321 2.479249 2.728245 
322 2.502440 2.785786 
323 2.525716 2.844203 
324 2.549077 2.903500 
325 2.572521 2.963682 
326 2.596046 3.024752 
327 2.619650 3.086714 
328 2.643332 3.149572 
329 2.667090 3.213328 
330 2.690921 3.277986 
331 2.714825 3.343549 
332 2.738800 3.410017 
333 2.762843 3.477395 
334 2.786952 3.545683 
335 2.811127 3.614883 
336 2.835364 3.684996 
337 2.859661 3.756024 
338 2.884018 3.827966 
339 2.908431 3.900824 
340 2.932899 3.974597 
341 2.957420 4.049284 
342 2.981990 4.124886 
343 3.006610 4.201401 
344 3.031275 4.278827 
345 3.055984 4.357164 
346 3.080736 4.436408 
347 3.105526 4.516558 
348 3.130354 4.597611 
349 3.155217 4.679563 
350 3.180112 4.762411 
351 3.205038 4.846151 
352 3.229992 4.930779 
353 3.254971 5.016290 
354 3.279974 5.102678 
355 3.304997 5.189939 
356 3.330038 5.278067 
357 3.355096 5.367054 
358 3.380166 5.456895 
359 3.405248 5.547582 
360 3.430338 5.639107 
361 3.455433 5.731463 
362 3.480532 5.824641 
363 3.505632 5.918632 
364 3.530729 6.013427 
365 3.555822 6.109016 
366 3.580907 6.205389 
367 3.605983 6.302535 
368 3.631045 6.400443 
369 3.656093 6.499102 
370 3.681122 6.598500 
371 3.706131 6.698624 
372 3.731116 6.799462 
373 3.756075 6.900999 
374 3.781005 7.003224 
375 3.805903 7.106120 
376 3.830767 7.209673 
377 3.855593 7.313870 
378 3.880379 7.418693 
379 3.905121 7.524126 
380 3.929818 7.630155 
381 3.954466 7.736760 
382 3.979062 7.843926 
383 4.003603 7.951634 
384 4.028088 8.059867 
385 4.052511 8.168605 
386 4.076872 8.277829 
387 4.101166 8.387521 
388 4.125391 8.497659 
389 4.149545 8.608225 
390 4.173623 8.719196 
391 4.197623 8.830551 
392 4.221543 8.942270 
393 4.245378 9.054330 
394 4.269127 9.166709 
395 4.292787 9.279384 
396 4.316353 9.392331 
397 4.339824 9.505528 
398 4.363196 9.618950 
399 4.386467 9.732573 
400 4.409634 9.846372 
401 4.432692 9.960323 
402 4.455641 10.074399 
403 4.478476 10.188576 
404 4.501194 10.302828 
405 4.523794 10.417127 
406 4.546271 10.531448 
407 4.568622 10.645763 
408 4.590846 10.760046 
409 4.612939 10.874268 
410 4.634897 10.988402 
411 4.656719 11.102420 
412 4.678401 11.216294 
413 4.699940 11.329995 
414 4.721334 11.443494 
415 4.742578 11.556763 
416 4.763672 11.669772 
417 4.784611 11.782491 
418 4.805393 11.894892 
419 4.826015 12.006945 
420 4.846475 12.118619 
421 4.866768 12.229885 
422 4.886894 12.340713 
423 4.906848 12.451071 
424 4.926628 12.560931 
425 4.946231 12.670261 
426 4.965655 12.779031 
427 4.984896 12.887211 
428 5.003953 12.994769 
429 5.022822 13.101675 
430 5.041501 13.207899 
431 5.059987 13.313409 
432 5.078277 13.418175 
433 5.096369 13.522166 
434 5.114260 13.625352 
435 5.131948 13.727702 
436 5.149430 13.829185 
437 5.166704 13.929771 
438 5.183767 14.029431 
439 5.200616 14.128132 
440 5.217250 14.225846 
441 5.233665 14.322542 
442 5.249860 14.418191 
443 5.265832 14.512763 
444 5.281578 14.606229 
445 5.297097 14.698559 
446 5.312386 14.789724 
447 5.327443 14.879696 
448 5.342265 14.968445 
449 5.356851 15.055945 
450 5.371198 15.142166 
451 5.385304 15.227081 
452 5.399167 15.310663 
453 5.412785 15.392885 
454 5.426156 15.473719 
455 5.439278 15.553140 
456 5.452149 15.631121 
457 5.464767 15.707637 
458 5.477130 15.782663 
459 5.489237 15.856173 
460 5.501084 15.928144 
461 5.512672 15.998552 
462 5.523997 16.067372 
463 5.535058 16.134582 
464 5.545854 16.200159 
465 5.556383 16.264082 
466 5.566643 16.326328 
467 5.576633 16.386876 
468 5.586351 16.445707 
469 5.595795 16.502799 
470 5.604965 16.558134 
471 5.613859 16.611692 
472 5.622475 16.663456 
473 5.630812 16.713406 
474 5.638869 16.761527 
475 5.646645 16.807802 
476 5.654138 16.852214 
477 5.661347 16.894749 
478 5.668272 16.935391 
479 5.674910 16.974127 
480 5.681262 17.010942 
481 5.687326 17.045825 
482 5.693101 17.078763 
483 5.698586 17.109745 
484 5.703781 17.138759 
485 5.708684 17.165796 
486 5.713295 17.190846 
487 5.717613 17.213901 
488 5.721637 17.234952 
489 5.725368 17.253993 
490 5.728803 17.271016 
491 5.731944 17.286015 
492 5.734788 17.298985 
493 5.737336 17.309923 
494 5.739588 17.318823 
495 5.741543 17.325683 
496 5.743200 17.330501 
497 5.744560 17.333274 
498 5.745622 17.334003 
499 5.746386 17.332686 
500 5.746852 17.329325 
501 5.747020 17.323920 
502 5.746890 17.316474 
503 5.746461 17.306989 
504 5.745735 17.295468 
505 5.744711 17.281917 
506 5.743388 17.266339 
507 5.741769 17.248740 
508 5.739851 17.229127 
509 5.737637 17.207507 
510 5.735126 17.183887 
511 5.732319 17.158275 
512 5.729216 17.130681 
513 5.725817 17.101114 
514 5.722124 17.069585 
515 5.718136 17.036106 
516 5.713855 17.000687 
517 5.709280 16.963341 
518 5.704414 16.924081 
519 5.699255 16.882922 
520 5.693806 16.839876 
521 5.688067 16.794961 
522 5.682039 16.748190 
523 5.675723 16.699581 
524 5.669119 16.649150 
525 5.662230 16.596914 
526 5.655055 16.542892 
527 5.647597 16.487102 
528 5.639855 16.429564 
529 5.631832 16.370297 
530 5.623529 16.309321 
531 5.614947 16.246657 
532 5.606086 16.182326 
533 5.596949 16.116351 
534 5.587538 16.048753 
535 5.577852 15.979556 
536 5.567894 15.908782 
537 5.557666 15.836455 
538 5.547169 15.762599 
539 5.536404 15.687240 
540 5.525373 15.610401 
541 5.514079 15.532108 
542 5.502521 15.452387 
543 5.490703 15.371265 
544 5.478626 15.288767 
545 5.466292 15.204920 
546 5.453703 15.119752 
547 5.440860 15.033290 
548 5.427766 14.945561 
549 5.414422 14.856595 
550 5.400831 14.766418 
551 5.386995 14.675061 
552 5.372915 14.582551 
553 5.358593 14.488917 
554 5.344033 14.394190 
555 5.329235 14.298398 
556 5.314203 14.201570 
557 5.298938 14.103738 
558 5.283443 14.004930 
559 5.267719 13.905177 
560 5.251770 13.804509 
561 5.235597 13.702956 
562 5.219204 13.600548 
563 5.202591 13.497317 
564 5.185763 13.393293 
565 5.168720 13.288505 
566 5.151466 13.182986 
567 5.134003 13.076764 
568 5.116334 12.969872 
569 5.098461 12.862340 
570 5.080387 12.754197 
571 5.062114 12.645475 
572 5.043645 12.536205 
573 5.024982 12.426416 
574 5.006129 12.316139 
575 4.987088 12.205404 
576 4.967861 12.094241 
577 4.948452 11.982680 
578 4.928862 11.870752 
579 4.909095 11.758485 
580 4.889154 11.645910 
581 4.869041 11.533055 
582 4.848759 11.419950 
583 4.828310 11.306624 
584 4.807699 11.193105 
585 4.786927 11.079423 
586 4.765997 10.965605 
587 4.744913 10.851680 
588 4.723676 10.737675 
589 4.702291 10.623618 
590 4.680759 10.509536 
591 4.659084 10.395456 
592 4.637269 10.281406 
593 4.615316 10.167410 
594 4.593229 10.053496 
595 4.571010 9.939690 
596 4.548663 9.826016 
597 4.526189 9.712499 
598 4.503593 9.599165 
599 4.480878 9.486039 
600 4.458045 9.373143 
601 4.435098 9.260501 
602 4.412041 9.148138 
603 4.388875 9.036075 
604 4.365605 8.924336 
605 4.342232 8.812942 
606 4.318760 8.701916 
607 4.295193 8.591278 
608 4.271532 8.481050 
609 4.247781 8.371252 
610 4.223942 8.261905 
611 4.200019 8.153027 
612 4.176015 8.044638 
613 4.151933 7.936757 
614 4.127775 7.829403 
615 4.103545 7.722593 
616 4.079245 7.616345 
617 4.054879 7.510677 
618 4.030448 7.405603 
619 4.005957 7.301142 
620 3.981408 7.197308 
621 3.956804 7.094118 
622 3.932148 6.991585 
623 3.907443 6.889725 
624 3.882691 6.788551 
625 3.857896 6.688077 
626 3.833060 6.588315 
627 3.808186 6.489280 
628 3.783278 6.390982 
629 3.758337 6.293434 
630 3.733366 6.196647 
631 3.708369 6.100632 
632 3.683348 6.005399 
633 3.658306 5.910958 
634 3.633245 5.817319 
635 3.608169 5.724491 
636 3.583080 5.632483 
637 3.557980 5.541302 
638 3.532873 5.450958 
639 3.507761 5.361457 
640 3.482646 5.272806 
641 3.457532 5.185012 
642 3.432421 5.098082 
643 3.407315 5.012020 
644 3.382217 4.926832 
645 3.357129 4.842524 
646 3.332055 4.759099 
647 3.306996 4.676563 
648 3.281955 4.594919 
649 3.256935 4.514170 
650 3.231938 4.434319 
651 3.206966 4.355370 
652 3.182021 4.277324 
653 3.157107 4.200184 
654 3.132225 4.123951 
655 3.107378 4.048626 
656 3.082567 3.974210 
657 3.057796 3.900705 
658 3.033067 3.828109 
659 3.008381 3.756424 
660 2.983742 3.685649 
661 2.959150 3.615783 
662 2.934609 3.546825 
663 2.910120 3.478774 
664 2.885685 3.411628 
665 2.861308 3.345386 
666 2.836988 3.280045 
667 2.812730 3.215603 
668 2.788533 3.152057 
669 2.764402 3.089404 
670 2.740337 3.027642 
671 2.716340 2.966766 
672 2.692414 2.906773 
673 2.668560 2.847660 
674 2.644780 2.789421 
675 2.621075 2.732053 
676 2.597448 2.675551 
677 2.573901 2.619910 
678 2.550434 2.565125 
679 2.527050 2.511192 
680 2.503751 2.458104 
681 2.480537 2.405856 
682 2.457411 2.354443 
683 2.434374 2.303858 
684 2.411428 2.254096 
685 2.388574 2.205150 
686 2.365814 2.157014 
687 2.343149 2.109681 
688 2.320580 2.063145 
689 2.298110 2.017399 
690 2.275738 1.972436 
691 2.253468 1.928249 
692 2.231300 1.884831 
693 2.209235 1.842175 
694 2.187274 1.800273 
695 2.165419 1.759118 
696 2.143672 1.718702 
697 2.122032 1.679018 
698 2.100502 1.640058 
699 2.079082 1.601814 
700 2.057774 1.564279 
701 2.036578 1.527444 
702 2.015496 1.491302 
703 1.994529 1.455845 
704 1.973677 1.421064 
705 1.952942 1.386951 
706 1.932324 1.353499 
707 1.911825 1.320698 
708 1.891444 1.288542 
709 1.871184 1.257021 
710 1.851045 1.226128 
711 1.831027 1.195854 
712 1.811132 1.166191 
713 1.791360 1.137130 
714 1.771711 1.108663 
715 1.752187 1.080783 
716 1.732788 1.053480 
717 1.713515 1.026747 
718 1.694368 1.000575 
719 1.675349 0.974956 
720 1.656456 0.949882 
721 1.637692 0.925344 
722 1.619056 0.901334 
723 1.600549 0.877845 
724 1.582171 0.854867 
725 1.563923 0.832394 
726 1.545805 0.810416 
727 1.527818 0.788926 
728 1.509961 0.767917 
729 1.492236 0.747379 
730 1.474642 0.727305 
731 1.457180 0.707688 
732 1.439849 0.688519 
733 1.422651 0.669791 
734 1.405586 0.651496 
735 1.388653 0.633627 
736 1.371852 0.616176 
737 1.355185 0.599135 
738 1.338650 0.582497 
739 1.322249 0.566255 
740 1.305980 0.550401 
741 1.289845 0.534929 
742 1.273843 0.519831 
743 1.257974 0.505100 
744 1.242238 0.490728 
745 1.226635 0.476710 
746 1.211165 0.463039 
747 1.195829 0.449706 
748 1.180625 0.436707 
749 1.165553 0.424033 
750 1.150615 0.411680 
751 1.135809 0.399639 
752 1.121135 0.387905 
753 1.106593 0.376472 
754 1.092183 0.365333 
755 1.077905 0.354482 
756 1.063758 0.343913 
757 1.049742 0.333620 
758 1.035857 0.323597 
759 1.022102 0.313839 
760 1.008478 0.304339 
761 0.994984 0.295093 
762 0.981619 0.286093 
763 0.968383 0.277336 
764 0.955277 0.268816 
765 0.942298 0.260527 
766 0.929448 0.252464 
767 0.916725 0.244621 
768 0.904130 0.236995 
769 0.891661 0.229580 
770 0.879318 0.222370 
771 0.867101 0.215362 
772 0.855010 0.208550 
773 0.843043 0.201931 
774 0.831201 0.195498 
775 0.819482 0.189248 
776 0.807887 0.183177 
777 0.796414 0.177280 
778 0.785063 0.171552 
779 0.773834 0.165990 
780 0.762726 0.160590 
781 0.751738 0.155347 
782 0.740870 0.150258 
783 0.730121 0.145318 
784 0.719491 0.140525 
785 0.708979 0.135874 
786 0.698584 0.131361 
787 0.688305 0.126983 
788 0.678143 0.122737 
789 0.668096 0.118619 
790 0.658163 0.114626 
791 0.648345 0.110754 
792 0.638639 0.107001 
793 0.629047 0.103362 
794 0.619566 0.099836 
795 0.610196 0.096419 
796 0.600937 0.093108 
797 0.591788 0.089900 
798 0.582747 0.086792 
799 0.573815 0.083782 
800 0.564991 0.080867 
801 0.556273 0.078045 
802 0.547661 0.075312 
803 0.539155 0.072666 
804 0.530753 0.070105 
805 0.522455 0.067626 
806 0.514259 0.065228 
807 0.506166 0.062907 
808 0.498175 0.060661 
809 0.490284 0.058489 
810 0.482493 0.056389 
811 0.474802 0.054357 
812 0.467208 0.052392 
813 0.459712 0.050493 
814 0.452313 0.048656 
815 0.445010 0.046881 
816 0.437802 0.045166 
817 0.430688 0.043508 
818 0.423668 0.041906 
819 0.416741 0.040358 
820 0.409905 0.038863 
821 0.403161 0.037419 
822 0.396507 0.036024 
823 0.389943 0.034678 
824 0.383467 0.033378 
825 0.377080 0.032122 
826 0.370779 0.030911 
827 0.364565 0.029742 
828 0.358436 0.028613 
829 0.352392 0.027524 
830 0.346432 0.026474 
831 0.340555 0.025460 
832 0.334760 0.024483 
833 0.329047 0.023540 
834 0.323415 0.022631 
835 0.317862 0.021755 
836 0.312388 0.020910 
837 0.306993 0.020095 
838 0.301675 0.019310 
839 0.296434 0.018554 
840 0.291269 0.017825 
841 0.286179 0.017122 
842 0.281163 0.016446 
843 0.276221 0.015794 
844 0.271352 0.015167 
845 0.266554 0.014562 
846 0.261828 0.013980 
847 0.257172 0.013420 
848 0.252586 0.012881 
849 0.248069 0.012362 
850 0.243620 0.011862 
851 0.239238 0.011382 
852 0.234923 0.010919 
853 0.230674 0.010474 
854 0.226489 0.010046 
855 0.222369 0.009635 
856 0.218313 0.009239 
857 0.214320 0.008858 
858 0.210388 0.008492 
859 0.206518 0.008141 
860 0.202709 0.007803 
861 0.198959 0.007478 
862 0.195269 0.007166 
863 0.191637 0.006866 
864 0.188063 0.006577 
865 0.184546 0.006301 
866 0.181086 0.006035 
867 0.177681 0.005779 
868 0.174331 0.005534 
869 0.171035 0.005299 
870 0.167793 0.005073 
871 0.164604 0.004856 
872 0.161467 0.004648 
873 0.158381 0.004448 
874 0.155347 0.004256 
875 0.152362 0.004073 
876 0.149428 0.003896 
877 0.146542 0.003727 
878 0.143704 0.003565 
879 0.140914 0.003409 
880 0.138171 0.003260 
881 0.135474 0.003117 
882 0.132823 0.002980 
883 0.130218 0.002848 
884 0.127656 0.002723 
885 0.125139 0.002602 
886 0.122664 0.002486 
887 0.120233 0.002376 
888 0.117843 0.002270 
889 0.115495 0.002168 
890 0.113188 0.002071 
891 0.110921 0.001978 
892 0.108694 0.001888 
893 0.106506 0.001803 
894 0.104357 0.001721 
895 0.102246 0.001643 
896 0.100172 0.001568 
897 0.098135 0.001497 
898 0.096135 0.001428 
899 0.094171 0.001363 
900 0.092241 0.001300 
901 0.090347 0.001240 
902 0.088487 0.001183 
903 0.086661 0.001128 
904 0.084868 0.001076 
905 0.083108 0.001026 
906 0.081380 0.000978 
907 0.079684 0.000932 
908 0.078019 0.000888 
909 0.076385 0.000847 
910 0.074781 0.000807 
911 0.073207 0.000769 
912 0.071663 0.000732 
913 0.070147 0.000698 
914 0.068660 0.000664 
915 0.067201 0.000633 
916 0.065770 0.000603 
917 0.064366 0.000574 
918 0.062988 0.000546 
919 0.061637 0.000520 
920 0.060311 0.000495 
921 0.059011 0.000471 
922 0.057736 0.000448 
923 0.056486 0.000426 
924 0.055260 0.000406 
925 0.054057 0.000386 
926 0.052878 0.000367 
927 0.051722 0.000349 
928 0.050589 0.000332 
929 0.049478 0.000316 
930 0.048389 0.000300 
931 0.047321 0.000285 
932 0.046275 0.000271 
933 0.045249 0.000258 
934 0.044244 0.000245 
935 0.043259 0.000233 
936 0.042293 0.000221 
937 0.041347 0.000210 
938 0.040420 0.000199 
939 0.039512 0.000189 
940 0.038622 0.000180 
941 0.037750 0.000171 
942 0.036896 0.000162 
943 0.036060 0.000154 
944 0.035240 0.000146 
945 0.034437 0.000139 
946 0.033651 0.000131 
947 0.032881 0.000125 
948 0.032128 0.000118 
949 0.031389 0.000112 
950 0.030666 0.000106 
951 0.029959 0.000101 
952 0.029266 0.000096 
953 0.028587 0.000091 
954 0.027923 0.000086 
955 0.027273 0.000082 
956 0.026636 0.000077 
957 0.026013 0.000073 
958 0.025404 0.000069 
959 0.024807 0.000066 
960 0.024223 0.000062 
961 0.023652 0.000059 
962 0.023093 0.000056 
963 0.022546 0.000053 
964 0.022010 0.000050 
965 0.021487 0.000048 
966 0.020974 0.000045 
967 0.020473 0.000043 
968 0.019983 0.000040 
969 0.019503 0.000038 
970 0.019034 0.000036 
971 0.018576 0.000034 
972 0.018127 0.000032 
973 0.017688 0.000031 
974 0.017260 0.000029 
975 0.016840 0.000027 
976 0.016430 0.000026 
977 0.016029 0.000024 
978 0.015637 0.000023 
979 0.015254 0.000022 
980 0.014879 0.000021 
981 0.014513 0.000020 
982 0.014156 0.000018 
983 0.013806 0.000017 
984 0.013464 0.000016 
985 0.013130 0.000016 
986 0.012804 0.000015 
987 0.012485 0.000014 
988 0.012173 0.000013 
989 0.011869 0.000012 
990 0.011571 0.000012 
991 0.011281 0.000011 
992 0.010997 0.000010 
993 0.010719 0.000010 
994 0.010449 0.000009 
995 0.010184 0.000009 
996 0.009926 0.000008 
997 0.009673 0.000008 
998 0.009427 0.000007 
999 0.009187 0.000007 
1000 0.008952 0.000007 
1001 0.008722 0.000006 
1002 0.008498 0.000006 
1003 0.008280 0.000005 
1004 0.008066 0.000005 
1005 0.007858 0.000005 
1006 0.007655 0.000005 
1007 0.007456 0.000004 
1008 0.007263 0.000004 
1009 0.007074 0.000004 
1010 0.006889 0.000004 
1011 0.006709 0.000003 
1012 0.006534 0.000003 
1013 0.006362 0.000003 
1014 0.006195 0.000003 
1015 0.006032 0.000003 
1016 0.005873 0.000003 
1017 0.005718 0.000002 
1018 0.005566 0.000002 
1019 0.005418 0.000002 
1020 0.005274 0.000002 
1021 0.005134 0.000002 
1022 0.004997 0.000002 
1023 0.004863 0.000002 
1024 0.004733 0.000002 
1025 0.004606 0.000001 
1026 0.004482 0.000001 
1027 0.004361 0.000001 
1028 0.004244 0.000001 
1029 0.004129 0.000001 
1030 0.004017 0.000001 
1031 0.003908 0.000001 
1032 0.003802 0.000001 
1033 0.003698 0.000001 
1034 0.003597 0.000001 
1035 0.003499 0.000001 
1036 0.003403 0.000001 
1037 0.003310 0.000001 
1038 0.003219 0.000001 
1039 0.003130 0.000001 
1040 0.003044 0.000001 
1041 0.002960 0.000001 
1042 0.002878 0.000000 
1043 0.002798 0.000000 
1044 0.002720 0.000000 
1045 0.002644 0.000000 
1046 0.002570 0.000000 
1047 0.002499 0.000000 
1048 0.002429 0.000000 
1049 0.002361 0.000000 
1050 0.002294 0.000000 
1051 0.002230 0.000000 
1052 0.002167 0.000000 
1053 0.002105 0.000000 
1054 0.002046 0.000000 
1055 0.001988 0.000000 
1056 0.001931 0.000000 
1057 0.001876 0.000000 
1058 0.001823 0.000000 
1059 0.001771 0.000000 
1060 0.001720 0.000000 
1061 0.001671 0.000000 
1062 0.001623 0.000000 
1063 0.001576 0.000000 
1064 0.001531 0.000000 
1065 0.001487 0.000000 
1066 0.001444 0.000000 
1067 0.001402 0.000000 
1068 0.001361 0.000000 
1069 0.001322 0.000000 
1070 0.001283 0.000000 
1071 0.001246 0.000000 
1072 0.001209 0.000000 
1073 0.001174 0.000000 
1074 0.001140 0.000000 
1075 0.001106 0.000000 
1076 0.001074 0.000000 
1077 0.001042 0.000000 
1078 0.001011 0.000000 
1079 0.000981 0.000000 
1080 0.000952 0.000000 
1081 0.000924 0.000000 
1082 0.000896 0.000000 
1083 0.000870 0.000000 
1084 0.000844 0.000000 
1085 0.000819 0.000000 
1086 0.000794 0.000000 
1087 0.000770 0.000000 
1088 0.000747 0.000000 
1089 0.000725 0.000000 
1090 0.000703 0.000000 
1091 0.000682 0.000000 
1092 0.000661 0.000000 
1093 0.000641 0.000000 
1094 0.000622 0.000000 
1095 0.000603 0.000000 
1096 0.000584 0.000000 
1097 0.000567 0.000000 
1098 0.000549 0.000000 
1099 0.000533 0.000000 
1100 0.000516 0.000000 
1101 0.000500 0.000000 
1102 0.000485 0.000000 
1103 0.000470 0.000000 
1104 0.000456 0.000000 
1105 0.000441 0.000000 
1106 0.000428 0.000000 
1107 0.000415 0.000000 
1108 0.000402 0.000000 
1109 0.000389 0.000000 
1110 0.000377 0.000000 
1111 0.000365 0.000000 
1112 0.000354 0.000000 
1113 0.000343 0.000000 
1114 0.000332 0.000000 
1115 0.000322 0.000000 
1116 0.000312 0.000000 
1117 0.000302 0.000000 
1118 0.000292 0.000000 
1119 0.000283 0.000000 
1120 0.000274 0.000000 
1121 0.000265 0.000000 
1122 0.000257 0.000000 
1123 0.000249 0.000000 
1124 0.000241 0.000000 
1125 0.000233 0.000000 
1126 0.000226 0.000000 
1127 0.000219 0.000000 
1128 0.000212 0.000000 
1129 0.000205 0.000000 
1130 0.000198 0.000000 
1131 0.000192 0.000000 
1132 0.000186 0.000000 
1133 0.000180 0.000000 
1134 0.000174 0.000000 
1135 0.000168 0.000000 
1136 0.000163 0.000000 
1137 0.000157 0.000000 
1138 0.000152 0.000000 
1139 0.000147 0.000000 
1140 0.000143 0.000000 
1141 0.000138 0.000000 
1142 0.000133 0.000000 
1143 0.000129 0.000000 
1144 0.000125 0.000000 
1145 0.000121 0.000000 
1146 0.000117 0.000000 
1147 0.000113 0.000000 
1148 0.000109 0.000000 
1149 0.000105 0.000000 
1150 0.000102 0.000000 
1151 0.000099 0.000000 
1152 0.000095 0.000000 
1153 0.000092 0.000000 
1154 0.000089 0.000000 
1155 0.000086 0.000000 
1156 0.000083 0.000000 
1157 0.000080 0.000000 
1158 0.000078 0.000000 
1159 0.000075 0.000000 
1160 0.000073 0.000000 
1161 0.000070 0.000000 
1162 0.000068 0.000000 
1163 0.000065 0.000000 
1164 0.000063 0.000000 
1165 0.000061 0.000000 
1166 0.000059 0.000000 
1167 0.000057 0.000000 
1168 0.000055 0.000000 
1169 0.000053 0.000000 
1170 0.000051 0.000000 
1171 0.000050 0.000000 
1172 0.000048 0.000000 
1173 0.000046 0.000000 
1174 0.000045 0.000000 
1175 0.000043 0.000000 
1176 0.000042 0.000000 
1177 0.000040 0.000000 
1178 0.000039 0.000000 
1179 0.000037 0.000000 
1180 0.000036 0.000000 
1181 0.000035 0.000000 
1182 0.000034 0.000000 
1183 0.000033 0.000000 
1184 0.000031 0.000000 
1185 0.000030 0.000000 
1186 0.000029 0.000000 
1187 0.000028 0.000000 
1188 0.000027 0.000000 
1189 0.000026 0.000000 
1190 0.000025 0.000000 
1191 0.000024 0.000000 
1192 0.000024 0.000000 
1193 0.000023 0.000000 
1194 0.000022 0.000000 
1195 0.000021 0.000000 
1196 0.000020 0.000000 
1197 0.000020 0.000000 
1198 0.000019 0.000000 
1199 0.000018 0.000000 
1200 0.000018 0.000000 
1201 0.000017 0.000000 
1202 0.000016 0.000000 
1203 0.000016 0.000000 
1204 0.000015 0.000000 
1205 0.000015 0.000000 
1206 0.000014 0.000000 
1207 0.000014 0.000000 
1208 0.000013 0.000000 
1209 0.000013 0.000000 
1210 0.000012 0.000000 
1211 0.000012 0.000000 
1212 0.000011 0.000000 
1213 0.000011 0.000000 
1214 0.000011 0.000000 
1215 0.000010 0.000000 
1216 0.000010 0.000000 
1217 0.000009 0.000000 
1218 0.000009 0.000000 
1219 0.000009 0.000000 
1220 0.000008 0.000000 
1221 0.000008 0.000000 
1222 0.000008 0.000000 
1223 0.000008 0.000000 
1224 0.000007 0.000000 
1225 0.000007 0.000000 
1226 0.000007 0.000000 
1227 0.000007 0.000000 
1228 0.000006 0.000000 
1229 0.000006 0.000000 
1230 0.000006 0.000000 
1231 0.000006 0.000000 
1232 0.000005 0.000000 
1233 0.000005 0.000000 
1234 0.000005 0.000000 
1235 0.000005 0.000000 
1236 0.000005 0.000000 
1237 0.000004 0.000000 
1238 0.000004 0.000000 
1239 0.000004 0.000000 
1240 0.000004 0.000000 
1241 0.000004 0.000000 
1242 0.000004 0.000000 
1243 0.000004 0.000000 
1244 0.000003 0.000000 
1245 0.000003 0.000000 
1246 0.000003 0.000000 
1247 0.000003 0.000000 
1248 0.000003 0.000000 
1249 0.000003 0.000000 
1250 0.000003 0.000000 
1251 0.000003 0.000000 
1252 0.000002 0.000000 
1253 0.000002 0.000000 
1254 0.000002 0.000000 
1255 0.000002 0.000000 
1256 0.000002 0.000000 
1257 0.000002 0.000000 
1258 0.000002 0.000000 
1259 0.000002 0.000000 
1260 0.000002 0.000000 
1261 0.000002 0.000000 
1262 0.000002 0.000000 
1263 0.000002 0.000000 
1264 0.000002 0.000000 
1265 0.000001 0.000000 
1266 0.000001 0.000000 
1267 0.000001 0.000000 
1268 0.000001 0.000000 
1269 0.000001 0.000000 
1270 0.000001 0.000000 
1271 0.000001 0.000000 
1272 0.000001 0.000000 
1273 0.000001 0.000000 
1274 0.000001 0.000000 
1275 0.000001 0.000000 
1276 0.000001 0.000000 
1277 0.000001 0.000000 
1278 0.000001 0.000000 
1279 0.000001 0.000000 
1280 0.000001 0.000000 
1281 0.000001 0.000000 
1282 0.000001 0.000000 
1283 0.000001 0.000000 
1284 0.000001 0.000000 
1285 0.000001 0.000000 
1286 0.000001 0.000000 
1287 0.000001 0.000000 
1288 0.000001 0.000000 
1289 0.000001 0.000000 
1290 0.000001 0.000000 
1291 0.000001 0.000000 
1292 0.000001 0.000000 
1293 0.000000 0.000000 
1294 0.000000 0.000000 
1295 0.000000 0.000000 
1296 0.000000 0.000000 
1297 0.000000 0.000000 
1298 0.000000 0.000000 
1299 0.000000 0.000000 
1300 0.000000 0.000000 
1301 0.000000 0.000000 
1302 0.000000 0.000000 
1303 0.000000 0.000000 
1304 0.000000 0.000000 
1305 0.000000 0.000000 
1306 0.000000 0.000000 
1307 0.000000 0.000000 
1308 0.000000 0.000000 
1309 0.000000 0.000000 
1310 0.000000 0.000000 
1311 0.000000 0.000000 
1312 0.000000 0.000000 
1313 0.000000 0.000000 
1314 0.000000 0.000000 
1315 0.000000 0.000000 
1316 0.000000 0.000000 
1317 0.000000 0.000000 
1318 0.000000 0.000000 
1319 0.000000 0.000000 
1320 0.000000 0.000000 
1321 0.000000 0.000000 
1322 0.000000 0.000000 
1323 0.000000 0.000000 
1324 0.000000 0.000000 
1325 0.000000 0.000000 
1326 0.000000 0.000000 
1327 0.000000 0.000000 
1328 0.000000 0.000000 
1329 0.000000 0.000000 
1330 0.000000 0.000000 
1331 0.000000 0.000000 
1332 0.000000 0.000000 
1333 0.000000 0.000000 
1334 0.000000 0.000000 
1335 0.000000 0.000000 
1336 0.000000 0.000000 
1337 0.000000 0.000000 
1338 0.000000 0.000000 
1339 0.000000 0.000000 
1340 0.000000 0.000000 
1341 0.000000 0.000000 
1342 0.000000 0.000000 
1343 0.000000 0.000000 
1344 0.000000 0.000000 
1345 0.000000 0.000000 
1346 0.000000 0.000000 
1347 0.000000 0.000000 
1348 0.000000 0.000000 
1349 0.000000 0.000000 
1350 0.000000 0.000000 
1351 0.000000 0.000000 
1352 0.000000 0.000000 
1353 0.000000 0.000000 
1354 0.000000 0.000000 
1355 0.000000 0.000000 
1356 0.000000 0.000000 
1357 0.000000 0.000000 
1358 0.000000 0.000000 
1359 0.000000 0.000000 
1360 0.000000 0.000000 
1361 0.000000 0.000000 
1362 0.000000 0.000000 
1363 0.000000 0.000000 
1364 0.000000 0.000000 
1365 0.000000 0.000000 
1366 0.000000 0.000000 
1367 0.000000 0.000000 
1368 0.000000 0.000000 
1369 0.000000 0.000000 
1370 0.000000 0.000000 
1371 0.000000 0.000000 
1372 0.000000 0.000000 
1373 0.000000 0.000000 
1374 0.000000 0.000000 
1375 0.000000 0.000000 
1376 0.000000 0.000000 
1377 0.000000 0.000000 
1378 0.000000 0.000000 
1379 0.000000 0.000000 
1380 0.000000 0.000000 
1381 0.000000 0.000000 
1382 0.000000 0.000000 
1383 0.000000 0.000000 
1384 0.000000 0.000000 
1385 0.000000 0.000000 
1386 0.000000 0.000000 
1387 0.000000 0.000000 
1388 0.000000 0.000000 
1389 0.000000 0.000000 
1390 0.000000 0.000000 
1391 0.000000 0.000000 
1392 0.000000 0.000000 
1393 0.000000 0.000000 
1394 0.000000 0.000000 
1395 0.000000 0.000000 
1396 0.000000 0.000000 
1397 0.000000 0.000000 
1398 0.000000 0.000000 
1399 0.000000 0.000000 
1400 0.000000 0.000000 
1401 0.000000 0.000000 
1402 0.000000 0.000000 
1403 0.000000 0.000000 
1404 0.000000 0.000000 
1405 0.000000 0.000000 
1406 0.000000 0.000000 
1407 0.000000 0.000000 
1408 0.000000 0.000000 
1409 0.000000 0.000000 
1410 0.000000 0.000000 
1411 0.000000 0.000000 
1412 0.000000 0.000000 
1413 0.000000 0.000000 
1414 0.000000 0.000000 
1415 0.000000 0.000000 
1416 0.000000 0.000000 
1417 0.000000 0.000000 
1418 0.000000 0.000000 
1419 0.000000 0.000000 
1420 0.000000 0.000000 
1421 0.000000 0.000000 
1422 0.000000 0.000000 
1423 0.000000 0.000000 
1424 0.000000 0.000000 
1425 0.000000 0.000000 
1426 0.000000 0.000000 
1427 0.000000 0.000000 
1428 0.000000 0.000000 
1429 0.000000 0.000000 
1430 0.000000 0.000000 
1431 0.000000 0.000000 
1432 0.000000 0.000000 
1433 0.000000 0.000000 
1434 0.000000 0.000000 
1435 0.000000 0.000000 
1436 0.000000 0.000000 
1437 0.000000 0.000000 
1438 0.000000 0.000000 
1439 0.000000 0.000000 
1440 0.000000 0.000000 
1441 0.000000 0.000000 
1442 0.000000 0.000000 
1443 0.000000 0.000000 
1444 0.000000 0.000000 
1445 0.000000 0.000000 
1446 0.000000 0.000000 
1447 0.000000 0.000000 
1448 0.000000 0.000000 
1449 0.000000 0.000000 
1450 0.000000 0.000000 
1451 0.000000 0.000000 
1452 0.000000 0.000000 
1453 0.000000 0.000000 
1454 0.000000 0.000000 
1455 0.000000 0.000000 
1456 0.000000 0.000000 
1457 0.000000 0.000000 
1458 0.000000 0.000000 
1459 0.000000 0.000000 
1460 0.000000 0.000000 
1461 0.000000 0.000000 
1462 0.000000 0.000000 
1463 0.000000 0.000000 
1464 0.000000 0.000000 
1465 0.000000 0.000000 
1466 0.000000 0.000000 
1467 0.000000 0.000000 
1468 0.000000 0.000000 
1469 0.000000 0.000000 
1470 0.000000 0.000000 
1471 0.000000 0.000000 
1472 0.000000 0.000000 
1473 0.000000 0.000000 
1474 0.000000 0.000000 
1475 0.000000 0.000000 
1476 0.000000 0.000000 
1477 0.000000 0.000000 
1478 0.000000 0.000000 
1479 0.000000 0.000000 
1480 0.000000 0.000000 
1481 0.000000 0.000000 
1482 0.000000 0.000000 
1483 0.000000 0.000000 
1484 0.000000 0.000000 
1485 0.000000 0.000000 
1486 0.000000 0.000000 
1487 0.000000 0.000000 
1488 0.000000 0.000000 
1489 0.000000 0.000000 
1490 0.000000 0.000000 
1491 0.000000 0.000000 
1492 0.000000 0.000000 
1493 0.000000 0.000000 
1494 0.000000 0.000000 
1495 0.000000 0.000000 
1496 0.000000 0.000000 
1497 0.000000 0.000000 
1498 0.000000 0.000000 
1499 0.000000 0.000000 
1500 0.000000 0.000000 
1501 0.000000 0.000000 
1502 0.000000 0.000000 
1503 0.000000 0.000000 
1504 0.000000 0.000000 
1505 0.000000 0.000000 
1506 0.000000 0.000000 
1507 0.000000 0.000000 
1508 0.000000 0.000000 
1509 0.000000 0.000000 
1510 0.000000 0.000000 
1511 0.000000 0.000000 
1512 0.000000 0.000000 
1513 0.000000 0.000000 
1514 0.000000 0.000000 
1515 0.000000 0.000000 
1516 0.000000 0.000000 
1517 0.000000 0.000000 
1518 0.000000 0.000000 
1519 0.000000 0.000000 
1520 0.000000 0.000000 
1521 0.000000 0.000000 
1522 0.000000 0.000000 
1523 0.000000 0.000000 
1524 0.000000 0.000000 
1525 0.000000 0.000000 
1526 0.000000 0.000000 
1527 0.000000 0.000000 
1528 0.000000 0.000000 
1529 0.000000 0.000000 
1530 0.000000 0.000000 
1531 0.000000 0.000000 
1532 0.000000 0.000000 
1533 0.000000 0.000000 
1534 0.000000 0.000000 
1535 0.000000 0.000000 
1536 0.000000 0.000000 
1537 0.000000 0.000000 
1538 0.000000 0.000000 
1539 0.000000 0.000000 
1540 0.000000 0.000000 
1541 0.000000 0.000000 
1542 0.000000 0.000000 
1543 0.000000 0.000000 
1544 0.000000 0.000000 
1545 0.000000 0.000000 
1546 0.000000 0.000000 
1547 0.000000 0.000000 
1548 0.000000 0.000000 
1549 0.000000 0.000000 
1550 0.000000 0.000000 
1551 0.000000 0.000000 
1552 0.000000 0.000000 
1553 0.000000 0.000000 
1554 0.000000 0.000000 
1555 0.000000 0.000000 
1556 0.000000 0.000000 
1557 0.000000 0.000000 
1558 0.000000 0.000000 
1559 0.000000 0.000000 
1560 0.000000 0.000000 
1561 0.000000 0.000000 
1562 0.000000 0.000000 
1563 0.000000 0.000000 
1564 0.000000 0.000000 
1565 0.000000 0.000000 
1566 0.000000 0.000000 
1567 0.000000 0.000000 
1568 0.000000 0.000000 
1569 0.000000 0.000000 
1570 0.000000 0.000000 
1571 0.000000 0.000000 
1572 0.000000 0.000000 
1573 0.000000 0.000000 
1574 0.000000 0.000000 
1575 0.000000 0.000000 
1576 0.000000 0.000000 
1577 0.000000 0.000000 
1578 0.000000 0.000000 
1579 0.000000 0.000000 
1580 0.000000 0.000000 
1581 0.000000 0.000000 
1582 0.000000 0.000000 
1583 0.000000 0.000000 
1584 0.000000 0.000000 
1585 0.000000 0.000000 
1586 0.000000 0.000000 
1587 0.000000 0.000000 
1588 0.000000 0.000000 
1589 0.000000 0.000000 
1590 0.000000 0.000000 
1591 0.000000 0.000000 
1592 0.000000 0.000000 
1593 0.000000 0.000000 
1594 0.000000 0.000000 
1595 0.000000 0.000000 
1596 0.000000 0.000000 
1597 0.000000 0.000000 
1598 0.000000 0.000000 
1599 0.000000 0.000000 
1600 0.000000 0.000000 
1601 0.000000 0.000000 
1602 0.000000 0.000000 
1603 0.000000 0.000000 
1604 0.000000 0.000000 
1605 0.000000 0.000000 
1606 0.000000 0.000000 
1607 0.000000 0.000000 
1608 0.000000 0.000000 
1609 0.000000 0.000000 
1610 0.000000 0.000000 
1611 0.000000 0.000000 
1612 0.000000 0.000000 
1613 0.000000 0.000000 
1614 0.000000 0.000000 
1615 0.000000 0.000000 
1616 0.000000 0.000000 
1617 0.000000 0.000000 
1618 0.000000 0.000000 
1619 0.000000 0.000000 
1620 0.000000 0.000000 
1621 0.000000 0.000000 
1622 0.000000 0.000000 
1623 0.000000 0.000000 
1624 0.000000 0.000000 
1625 0.000000 0.000000 
1626 0.000000 0.000000 
1627 0.000000 0.000000 
1628 0.000000 0.000000 
1629 0.000000 0.000000 
1630 0.000000 0.000000 
1631 0.000000 0.000000 
1632 0.000000 0.000000 
1633 0.000000 0.000000 
1634 0.000000 0.000000 
1635 0.000000 0.000000 
1636 0.000000 0.000000 
1637 0.000000 0.000000 
1638 0.000000 0.000000 
1639 0.000000 0.000000 
1640 0.000000 0.000000 
1641 0.000000 0.000000 
1642 0.000000 0.000000 
1643 0.000000 0.000000 
1644 0.000000 0.000000 
1645 0.000000 0.000000 
1646 0.000000 0.000000 
1647 0.000000 0.000000 
1648 0.000000 0.000000 
1649 0.000000 0.000000 
1650 0.000000 0.000000 
1651 0.000000 0.000000 
1652 0.000000 0.000000 
1653 0.000000 0.000000 
1654 0.000000 0.000000 
1655 0.000000 0.000000 
1656 0.000000 0.000000 
1657 0.000000 0.000000 
1658 0.000000 0.000000 
1659 0.000000 0.000000 
1660 0.000000 0.000000 
1661 0.000000 0.000000 
1662 0.000000 0.000000 
1663 0.000000 0.000000 
1664 0.000000 0.000000 
1665 0.000000 0.000000 
1666 0.000000 0.000000 
1667 0.000000 0.000000 
1668 0.000000 0.000000 
1669 0.000000 0.000000 
1670 0.000000 0.000000 
1671 0.000000 0.000000 
1672 0.000000 0.000000 
1673 0.000000 0.000000 
1674 0.000000 0.000000 
1675 0.000000 0.000000 
1676 0.000000 0.000000 
1677 0.000000 0.000000 
1678 0.000000 0.000000 
1679 0.000000 0.000000 
1680 0.000000 0.000000 
1681 0.000000 0.000000 
1682 0.000000 0.000000 
1683 0.000000 0.000000 
1684 0.000000 0.000000 
1685 0.000000 0.000000 
1686 0.000000 0.000000 
1687 0.000000 0.000000 
1688 0.000000 0.000000 
1689 0.000000 0.000000 
1690 0.000000 0.000000 
1691 0.000000 0.000000 
1692 0.000000 0.000000 
1693 0.000000 0.000000 
1694 0.000000 0.000000 
1695 0.000000 0.000000 
1696 0.000000 0.000000 
1697 0.000000 0.000000 
1698 0.000000 0.000000 
1699 0.000000 0.000000 
1700 0.000000 0.000000 
1701 0.000000 0.000000 
1702 0.000000 0.000000 
1703 0.000000 0.000000 
1704 0.000000 0.000000 
1705 0.000000 0.000000 
1706 0.000000 0.000000 
1707 0.000000 0.000000 
1708 0.000000 0.000000 
1709 0.000000 0.000000 
1710 0.000001 0.000000 
1711 0.000001 0.000000 
1712 0.000001 0.000000 
1713 0.000001 0.000000 
1714 0.000001 0.000000 
1715 0.000001 0.000000 
1716 0.000001 0.000000 
1717 0.000001 0.000000 
1718 0.000001 0.000000 
1719 0.000001 0.000000 
1720 0.000001 0.000000 
1721 0.000001 0.000000 
1722 0.000001 0.000000 
1723 0.000001 0.000000 
1724 0.000001 0.000000 
1725 0.000001 0.000000 
1726 0.000001 0.000000 
1727 0.000001 0.000000 
1728 0.000001 0.000000 
1729 0.000001 0.000000 
1730 0.000001 0.000000 
1731 0.000001 0.000000 
1732 0.000001 0.000000 
1733 0.000001 0.000000 
1734 0.000001 0.000000 
1735 0.000001 0.000000 
1736 0.000001 0.000000 
1737 0.000002 0.000000 
1738 0.000002 0.000000 
1739 0.000002 0.000000 
1740 0.000002 0.000000 
1741 0.000002 0.000000 
1742 0.000002 0.000000 
1743 0.000002 0.000000 
1744 0.000002 0.000000 
1745 0.000002 0.000000 
1746 0.000002 0.000000 
1747 0.000002 0.000000 
1748 0.000002 0.000000 
1749 0.000002 0.000000 
1750 0.000003 0.000000 
1751 0.000003 0.000000 
1752 0.000003 0.000000 
1753 0.000003 0.000000 
1754 0.000003 0.000000 
1755 0.000003 0.000000 
1756 0.000003 0.000000 
1757 0.000003 0.000000 
1758 0.000003 0.000000 
1759 0.000004 0.000000 
1760 0.000004 0.000000 
1761 0.000004 0.000000 
1762 0.000004 0.000000 
1763 0.000004 0.000000 
1764 0.000004 0.000000 
1765 0.000004 0.000000 
1766 0.000005 0.000000 
1767 0.000005 0.000000 
1768 0.000005 0.000000 
1769 0.000005 0.000000 
1770 0.000005 0.000000 
1771 0.000006 0.000000 
1772 0.000006 0.000000 
1773 0.000006 0.000000 
1774 0.000006 0.000000 
1775 0.000007 0.000000 
1776 0.000007 0.000000 
1777 0.000007 0.000000 
1778 0.000007 0.000000 
1779 0.000008 0.000000 
1780 0.000008 0.000000 
1781 0.000008 0.000000 
1782 0.000008 0.000000 
1783 0.000009 0.000000 
1784 0.000009 0.000000 
1785 0.000009 0.000000 
1786 0.000010 0.000000 
1787 0.000010 0.000000 
1788 0.000011 0.000000 
1789 0.000011 0.000000 
1790 0.000011 0.000000 
1791 0.000012 0.000000 
1792 0.000012 0.000000 
1793 0.000013 0.000000 
1794 0.000013 0.000000 
1795 0.000014 0.000000 
1796 0.000014 0.000000 
1797 0.000015 0.000000 
1798 0.000015 0.000000 
1799 0.000016 0.000000 
1800 0.000016 0.000000 
1801 0.000017 0.000000 
1802 0.000018 0.000000 
1803 0.000018 0.000000 
1804 0.000019 0.000000 
1805 0.000020 0.000000 
1806 0.000020 0.000000 
1807 0.000021 0.000000 
1808 0.000022 0.000000 
1809 0.000023 0.000000 
1810 0.000024 0.000000 
1811 0.000024 0.000000 
1812 0.000025 0.000000 
1813 0.000026 0.000000 
1814 0.000027 0.000000 
1815 0.000028 0.000000 
1816 0.000029 0.000000 
1817 0.000030 0.000000 
1818 0.000031 0.000000 
1819 0.000032 0.000000 
1820 0.000034 0.000000 
1821 0.000035 0.000000 
1822 0.000036 0.000000 
1823 0.000037 0.000000 
1824 0.000039 0.000000 
1825 0.000040 0.000000 
1826 0.000041 0.000000 
1827 0.000043 0.000000 
1828 0.000044 0.000000 
1829 0.000046 0.000000 
1830 0.000048 0.000000 
1831 0.000049 0.000000 
1832 0.000051 0.000000 
1833 0.000053 0.000000 
1834 0.000055 0.000000 
1835 0.000057 0.000000 
1836 0.000059 0.000000 
1837 0.000061 0.000000 
1838 0.000063 0.000000 
1839 0.000065 0.000000 
1840 0.000067 0.000000 
1841 0.000070 0.000000 
1842 0.000072 0.000000 
1843 0.000075 0.000000 
1844 0.000077 0.000000 
1845 0.000080 0.000000 
1846 0.000083 0.000000 
1847 0.000086 0.000000 
1848 0.000088 0.000000 
1849 0.000092 0.000000 
1850 0.000095 0.000000 
1851 0.000098 0.000000 
1852 0.000101 0.000000 
1853 0.000105 0.000000 
1854 0.000108 0.000000 
1855 0.000112 0.000000 
1856 0.000116 0.000000 
1857 0.000120 0.000000 
1858 0.000124 0.000000 
1859 0.000128 0.000000 
1860 0.000132 0.000000 
1861 0.000137 0.000000 
1862 0.000141 0.000000 
1863 0.000146 0.000000 
1864 0.000151 0.000000 
1865 0.000156 0.000000 
1866 0.000161 0.000000 
1867 0.000167 0.000000 
1868 0.000172 0.000000 
1869 0.000178 0.000000 
1870 0.000184 0.000000 
1871 0.000190 0.000000 
1872 0.000196 0.000000 
1873 0.000203 0.000000 
1874 0.000210 0.000000 
1875 0.000217 0.000000 
1876 0.000224 0.000000 
1877 0.000231 0.000000 
1878 0.000239 0.000000 
1879 0.000247 0.000000 
1880 0.000255 0.000000 
1881 0.000263 0.000000 
1882 0.000272 0.000000 
1883 0.000280 0.000000 
1884 0.000290 0.000000 
1885 0.000299 0.000000 
1886 0.000309 0.000000 
1887 0.000319 0.000000 
1888 0.000329 0.000000 
1889 0.000340 0.000000 
1890 0.000350 0.000000 
1891 0.000362 0.000000 
1892 0.000373 0.000000 
1893 0.000385 0.000000 
1894 0.000398 0.000000 
1895 0.000410 0.000000 
1896 0.000424 0.000000 
1897 0.000437 0.000000 
1898 0.000451 0.000000 
1899 0.000465 0.000000 
1900 0.000480 0.000000 
1901 0.000495 0.000000 
1902 0.000511 0.000000 
1903 0.000527 0.000000 
1904 0.000543 0.000000 
1905 0.000561 0.000000 
1906 0.000578 0.000000 
1907 0.000596 0.000000 
1908 0.000615 0.000000 
1909 0.000634 0.000000 
1910 0.000654 0.000000 
1911 0.000674 0.000000 
1912 0.000695 0.000000 
1913 0.000717 0.000000 
1914 0.000739 0.000000 
1915 0.000762 0.000000 
1916 0.000785 0.000000 
1917 0.000809 0.000000 
1918 0.000834 0.000000 
1919 0.000860 0.000000 
1920 0.000886 0.000000 
1921 0.000913 0.000000 
1922 0.000941 0.000000 
1923 0.000970 0.000000 
1924 0.000999 0.000000 
1925 0.001030 0.000000 
1926 0.001061 0.000000 
1927 0.001093 0.000000 
1928 0.001126 0.000000 
1929 0.001160 0.000000 
1930 0.001195 0.000000 
1931 0.001231 0.000000 
1932 0.001267 0.000000 
1933 0.001305 0.000000 
1934 0.001344 0.000000 
1935 0.001385 0.000000 
1936 0.001426 0.000000 
1937 0.001468 0.000000 
1938 0.001512 0.000000 
1939 0.001556 0.000000 
1940 0.001602 0.000000 
1941 0.001650 0.000000 
1942 0.001698 0.000000 
1943 0.001748 0.000000 
1944 0.001800 0.000000 
1945 0.001852 0.000000 
1946 0.001906 0.000000 
1947 0.001962 0.000000 
1948 0.002019 0.000000 
1949 0.002078 0.000000 
1950 0.002138 0.000000 
1951 0.002200 0.000000 
1952 0.002264 0.000000 
1953 0.002329 0.000000 
1954 0.002396 0.000000 
1955 0.002465 0.000000 
1956 0.002536 0.000000 
1957 0.002609 0.000000 
1958 0.002683 0.000000 
1959 0.002760 0.000000 
1960 0.002839 0.000000 
1961 0.002919 0.000000 
1962 0.003002 0.000000 
1963 0.003087 0.000000 
1964 0.003175 0.000000 
1965 0.003264 0.000000 
1966 0.003356 0.000000 
1967 0.003451 0.000000 
1968 0.003548 0.000000 
1969 0.003647 0.000000 
1970 0.003749 0.000000 
1971 0.003854 0.000000 
1972 0.003961 0.000000 
1973 0.004071 0.000000 
1974 0.004184 0.000000 
1975 0.004300 0.000000 
1976 0.004419 0.000000 
1977 0.004541 0.000000 
1978 0.004666 0.000000 
1979 0.004794 0.000000 
1980 0.004926 0.000000 
1981 0.005060 0.000000 
1982 0.005199 0.000000 
1983 0.005341 0.000000 
1984 0.005486 0.000000 
1985 0.005635 0.000000 
1986 0.005788 0.000000 
1987 0.005944 0.000000 
1988 0.006105 0.000000 
1989 0.006270 0.000000 
1990 0.006438 0.000000 
1991 0.006611 0.000000 
1992 0.006788 0.000000 
1993 0.006970 0.000000 
1994 0.007156 0.000000 
1995 0.007346 0.000000 
1996 0.007542 0.000000 
1997 0.007742 0.000000 
1998 0.007947 0.000000 
1999 0.008157 0.000000 
2000 0.008372 0.000000 
2001 0.008592 0.000000 
2002 0.008818 0.000000 
2003 0.009049 0.000000 
2004 0.009286 0.000000 
2005 0.009528 0.000000 
2006 0.009776 0.000000 
2007 0.010031 0.000000 
2008 0.010291 0.000000 
2009 0.010557 0.000000 
2010 0.010830 0.000000 
2011 0.011110 0.000000 
2012 0.011395 0.000000 
2013 0.011688 0.000000 
2014 0.011988 0.000000 
2015 0.012294 0.000000 
2016 0.012608 0.000000 
2017 0.012929 0.000000 
2018 0.013258 0.000000 
2019 0.013594 0.000000 
2020 0.013938 0.000000 
2021 0.014290 0.000000 
2022 0.014650 0.000000 
2023 0.015019 0.000000 
2024 0.015396 0.000000 
2025 0.015781 0.000000 
2026 0.016176 0.000000 
2027 0.016579 0.000000 
2028 0.016992 0.000000 
2029 0.017414 0.000000 
2030 0.017845 0.000000 
2031 0.018287 0.000000 
2032 0.018738 0.000000 
2033 0.019199 0.000000 
2034 0.019671 0.000000 
2035 0.020153 0.000000 
2036 0.020646 0.000000 
2037 0.021150 0.000000 
2038 0.021665 0.000000 
2039 0.022192 0.000000 
2040 0.022730 0.000000 
2041 0.023280 0.000000 
2042 0.023842 0.000000 
2043 0.024417 0.000000 
2044 0.025004 0.000000 
2045 0.025603 0.000000 
2046 0.026216 0.000000 
2047 0.026842 0.000000 
2048 0.027482 0.000000 
2049 0.028135 0.000000 
2050 0.028803 0.000000 
2051 0.029484 0.000000 
2052 0.030181 0.000000 
2053 0.030892 0.000000 
2054 0.031618 0.000000 
2055 0.032360 0.000000 
2056 0.033117 0.000000 
2057 0.033890 0.000000 
2058 0.034680 0.000000 
2059 0.035486 0.000000 
2060 0.036309 0.000000 
2061 0.037149 0.000000 
2062 0.038007 0.000000 
2063 0.038882 0.000000 
2064 0.039776 0.000000 
2065 0.040688 0.000000 
2066 0.041619 0.000000 
2067 0.042568 0.000000 
2068 0.043538 0.000000 
2069 0.044527 0.000000 
2070 0.045536 0.000000 
2071 0.046565 0.000000 
2072 0.047616 0.000000 
2073 0.048687 0.000000 
2074 0.049780 0.000000 
2075 0.050895 0.000000 
2076 0.052033 0.000000 
2077 0.053192 0.000000 
2078 0.054375 0.000000 
2079 0.055582 0.000000 
2080 0.056812 0.000000 
2081 0.058067 0.000000 
2082 0.059346 0.000000 
2083 0.060650 0.000000 
2084 0.061979 0.000000 
2085 0.063335 0.000000 
2086 0.064717 0.000000 
2087 0.066125 0.000000 
2088 0.067561 0.000000 
2089 0.069024 0.000000 
2090 0.070515 0.000000 
2091 0.072035 0.000000 
2092 0.073584 0.000000 
2093 0.075162 0.000000 
2094 0.076770 0.000000 
2095 0.078408 0.000000 
2096 0.080077 0.000000 
2097 0.081778 0.000000 
2098 0.083510 0.000000 
2099 0.085275 0.000000 
2100 0.087072 0.000000 
2101 0.088903 0.000000 
2102 0.090767 0.000000 
2103 0.092666 0.000000 
2104 0.094599 0.000000 
2105 0.096568 0.000000 
2106 0.098573 0.000000 
2107 0.100614 0.000000 
2108 0.102692 0.000000 
2109 0.104808 0.000000 
2110 0.106961 0.000000 
2111 0.109154 0.000000 
2112 0.111385 0.000000 
2113 0.113656 0.000000 
2114 0.115968 0.000000 
2115 0.118320 0.000000 
2116 0.120714 0.000000 
2117 0.123150 0.000000 
2118 0.125628 0.000000 
2119 0.128150 0.000000 
2120 0.130716 0.000000 
2121 0.133326 0.000000 
2122 0.135981 0.000000 
2123 0.138682 0.000000 
2124 0.141429 0.000000 
2125 0.144223 0.000000 
2126 0.147065 0.000000 
2127 0.149955 0.000000 
2128 0.152894 0.000000 
2129 0.155882 0.000000 
2130 0.158921 0.000000 
2131 0.162010 0.000000 
2132 0.165151 0.000000 
2133 0.168344 0.000000 
2134 0.171590 0.000000 
2135 0.174890 0.000000 
2136 0.178244 0.000000 
2137 0.181652 0.000000 
2138 0.185116 0.000000 
2139 0.188637 0.000000 
2140 0.192215 0.000000 
2141 0.195850 0.000000 
2142 0.199544 0.000000 
2143 0.203296 0.000000 
2144 0.207109 0.000000 
2145 0.210982 0.000000 
2146 0.214917 0.000000 
2147 0.218914 0.000000 
2148 0.222973 0.000000 
2149 0.227096 0.000000 
2150 0.231283 0.000000 
2151 0.235535 0.000000 
2152 0.239853 0.000000 
2153 0.244238 0.000000 
2154 0.248690 0.000000 
2155 0.253209 0.000000 
2156 0.257798 0.000000 
2157 0.262456 0.000000 
2158 0.267185 0.000000 
2159 0.271984 0.000000 
2160 0.276856 0.000000 
2161 0.281800 0.000000 
2162 0.286818 0.000000 
2163 0.291910 0.000000 
2164 0.297076 0.000000 
2165 0.302319 0.000000 
2166 0.307638 0.000000 
2167 0.313035 0.000000 
2168 0.318510 0.000000 
2169 0.324064 0.000000 
2170 0.329697 0.000000 
2171 0.335411 0.000000 
2172 0.341207 0.000000 
2173 0.347085 0.000000 
2174 0.353045 0.000000 
2175 0.359090 0.000000 
2176 0.365219 0.000000 
2177 0.371433 0.000000 
2178 0.377734 0.000000 
2179 0.384121 0.000000 
2180 0.390597 0.000000 
2181 0.397161 0.000000 
2182 0.403814 0.000000 
2183 0.410558 0.000000 
2184 0.417392 0.000000 
2185 0.424319 0.000000 
2186 0.431338 0.000000 
2187 0.438450 0.000000 
2188 0.445657 0.000000 
2189 0.452958 0.000000 
2190 0.460356 0.000000 
2191 0.467850 0.000000 
2192 0.475441 0.000000 
2193 0.483131 0.000000 
2194 0.490919 0.000000 
2195 0.498807 0.000000 
2196 0.506796 0.000000 
2197 0.514886 0.000000 
2198 0.523078 0.000000 
2199 0.531373 0.000000 
2200 0.539772 0.000000 
2201 0.548274 0.000000 
2202 0.556882 0.000000 
2203 0.565596 0.000000 
2204 0.574417 0.000000 
2205 0.583344 0.000000 
2206 0.592380 0.000000 
2207 0.601525 0.000000 
2208 0.610779 0.000000 
2209 0.620143 0.000000 
2210 0.629619 0.000000 
2211 0.639206 0.000000 
2212 0.648905 0.000000 
2213 0.658718 0.000000 
2214 0.668644 0.000000 
2215 0.678685 0.000000 
2216 0.688841 0.000000 
2217 0.699112 0.000000 
2218 0.709500 0.000000 
2219 0.720006 0.000000 
2220 0.730628 0.000000 
2221 0.741370 0.000000 
2222 0.752230 0.000000 
2223 0.763209 0.000000 
2224 0.774309 0.000000 
2225 0.785530 0.000000 
2226 0.796872 0.000000 
2227 0.808335 0.000000 
2228 0.819922 0.000000 
2229 0.831631 0.000000 
2230 0.843464 0.000000 
2231 0.855420 0.000000 
2232 0.867502 0.000000 
2233 0.879708 0.000000 
2234 0.892040 0.000000 
2235 0.904499 0.000000 
2236 0.917083 0.000000 
2237 0.929795 0.000000 
2238 0.942633 0.000000 
2239 0.955600 0.000000 
2240 0.968695 0.000000 
2241 0.981918 0.000000 
2242 0.995271 0.000000 
2243 1.008753 0.000000 
2244 1.022364 0.000000 
2245 1.036105 0.000000 
2246 1.049977 0.000000 
2247 1.063979 0.000000 
2248 1.078113 0.000000 
2249 1.092377 0.000000 
2250 1.106773 0.000000 
2251 1.121300 0.000000 
2252 1.135959 0.000000 
2253 1.150751 0.000000 
2254 1.165674 0.000000 
2255 1.180730 0.000000 
2256 1.195918 0.000000 
2257 1.211239 0.000000 
2258 1.226693 0.000000 
2259 1.242280 0.000000 
2260 1.257999 0.000000 
2261 1.273852 0.000000 
2262 1.289837 0.000000 
2263 1.305955 0.000000 
2264 1.322207 0.000000 
2265 1.338591 0.000000 
2266 1.355108 0.000000 
2267 1.371757 0.000000 
2268 1.388540 0.000000 
2269 1.405454 0.000000 
2270 1.422502 0.000000 
2271 1.439681 0.000000 
2272 1.456992 0.000000 
2273 1.474436 0.000000 
2274 1.492010 0.000000 
2275 1.509716 0.000000 
2276 1.527553 0.000000 
2277 1.545521 0.000000 
2278 1.563619 0.000000 
2279 1.581847 0.000000 
2280 1.600204 0.000000 
2281 1.618691 0.000000 
2282 1.637306 0.000000 
2283 1.656050 0.000000 
2284 1.674922 0.000000 
2285 1.693921 0.000000 
2286 1.713046 0.000000 
2287 1.732298 0.000000 
2288 1.751675 0.000000 
2289 1.771178 0.000000 
2290 1.790805 0.000000 
2291 1.810555 0.000000 
2292 1.830428 0.000000 
2293 1.850424 0.000000 
2294 1.870541 0.000000 
2295 1.890779 0.000000 
2296 1.911137 0.000000 
2297 1.931614 0.000000 
2298 1.952209 0.000000 
2299 1.972922 0.000000 
2300 1.993751 0.000000 
2301 2.014696 0.000000 
2302 2.035755 0.000000 
2303 2.056928 0.000000 
2304 2.078213 0.000000 
2305 2.099609 0.000000 
2306 2.121117 0.000000 
2307 2.142733 0.000000 
2308 2.164457 0.000000 
2309 2.186289 0.000000 
2310 2.208226 0.000000 
2311 2.230268 0.000000 
2312 2.252413 0.000000 
2313 2.274660 0.000000 
2314 2.297008 0.000000 
2315 2.319455 0.000000 
2316 2.342000 0.000000 
2317 2.364642 0.000000 
2318 2.387379 0.000000 
2319 2.410210 0.000000 
2320 2.433133 0.000000 
2321 2.456146 0.000000 
2322 2.479249 0.000000 
2323 2.502440 0.000000 
2324 2.525716 0.000000 
2325 2.549077 0.000000 
2326 2.572521 0.000000 
2327 2.596046 0.000000 
2328 2.619650 0.000000 
2329 2.643332 0.000000 
2330 2.667090 0.000000 
2331 2.690921 0.000000 
2332 2.714825 0.000000 
2333 2.738800 0.000000 
2334 2.762843 0.000000 
2335 2.786952 0.000000 
2336 2.811127 0.000000 
2337 2.835364 0.000000 
2338 2.859661 0.000000 
2339 2.884018 0.000000 
2340 2.908431 0.000000 
2341 2.932899 0.000000 
2342 2.957420 0.000000 
2343 2.981990 0.000000 
2344 3.006610 0.000000 
2345 3.031275 0.000000 
2346 3.055984 0.000000 
2347 3.080736 0.000000 
2348 3.105526 0.000000 
2349 3.130354 0.000000 
2350 3.155217 0.000000 
2351 3.180112 0.000000 
2352 3.205038 0.000000 
2353 3.229992 0.000000 
2354 3.254971 0.000000 
2355 3.279974 0.000000 
2356 3.304997 0.000000 
2357 3.330038 0.000000 
2358 3.355096 0.000000 
2359 3.380166 0.000000 
2360 3.405248 0.000000 
2361 3.430338 0.000000 
2362 3.455433 0.000000 
2363 3.480532 0.000000 
2364 3.505632 0.000000 
2365 3.530729 0.000000 
2366 3.555822 0.000000 
2367 3.580907 0.000000 
2368 3.605983 0.000000 
2369 3.631045 0.000000 
2370 3.656093 0.000000 
2371 3.681122 0.000000 
2372 3.706131 0.000000 
2373 3.731116 0.000000 
2374 3.756075 0.000000 
2375 3.781005 0.000000 
2376 3.805903 0.000000 
2377 3.830767 0.000000 
2378 3.855593 0.000000 
2379 3.880379 0.000000 
2380 3.905121 0.000000 
2381 3.929818 0.000000 
2382 3.954466 0.000000 
2383 3.979062 0.000000 
2384 4.003603 0.000000 
2385 4.028088 0.000000 
2386 4.052511 0.000000 
2387 4.076872 0.000000 
2388 4.101166 0.000000 
2389 4.125391 0.000000 
2390 4.149545 0.000000 
2391 4.173623 0.000000 
2392 4.197623 0.000000 
2393 4.221543 0.000000 
2394 4.245378 0.000000 
2395 4.269127 0.000000 
2396 4.292787 0.000000 
2397 4.316353 0.000000 
2398 4.339824 0.000000 
2399 4.363196 0.000000 
2400 4.386467 0.000000 
2401 4.409634 0.000000 
2402 4.432692 0.000000 
2403 4.455641 0.000000 
2404 4.478476 0.000000 
2405 4.501194 0.000000 
2406 4.523794 0.000000 
2407 4.546271 0.000000 
2408 4.568622 0.000000 
2409 4.590846 0.000000 
2410 4.612939 0.000000 
2411 4.634897 0.000000 
2412 4.656719 0.000000 
2413 4.678401 0.000000 
2414 4.699940 0.000000 
2415 4.721334 0.000000 
2416 4.742578 0.000000 
2417 4.763672 0.000000 
2418 4.784611 0.000000 
2419 4.805393 0.000000 
2420 4.826015 0.000000 
2421 4.846475 0.000000 
2422 4.866768 0.000000 
2423 4.886894 0.000000 
2424 4.906848 0.000000 
2425 4.926628 0.000000 
2426 4.946231 0.000000 
2427 4.965655 0.000000 
2428 4.984896 0.000000 
2429 5.003953 0.000000 
2430 5.022822 0.000000 
2431 5.041501 0.000000 
2432 5.059987 0.000000 
2433 5.078277 0.000000 
2434 5.096369 0.000000 
2435 5.114260 0.000000 
2436 5.131948 0.000000 
2437 5.149430 0.000000 
2438 5.166704 0.000000 
2439 5.183767 0.000000 
2440 5.200616 0.000000 
2441 5.217250 0.000000 
2442 5.233665 0.000000 
2443 5.249860 0.000000 
2444 5.265832 0.000000 
2445 5.281578 0.000000 
2446 5.297097 0.000000 
2447 5.312386 0.000000 
2448 5.327443 0.000000 
2449 5.342265 0.000000 
2450 5.356851 0.000000 
2451 5.371198 0.000000 
2452 5.385304 0.000000 
2453 5.399167 0.000000 
2454 5.412785 0.000000 
2455 5.426156 0.000000 
2456 5.439278 0.000000 
2457 5.452149 0.000000 
2458 5.464767 0.000000 
2459 5.477130 0.000000 
2460 5.489237 0.000000 
2461 5.501084 0.000000 
2462 5.512672 0.000000 
2463 5.523997 0.000000 
2464 5.535058 0.000000 
2465 5.545854 0.000000 
2466 5.556383 0.000000 
2467 5.566643 0.000000 
2468 5.576633 0.000000 
2469 5.586351 0.000000 
2470 5.595795 0.000000 
2471 5.604965 0.000000 
2472 5.613859 0.000000 
2473 5.622475 0.000000 
2474 5.630812 0.000000 
2475 5.638869 0.000000 
2476 5.646645 0.000000 
2477 5.654138 0.000000 
2478 5.661347 0.000000 
2479 5.668272 0.000000 
2480 5.674910 0.000000 
2481 5.681262 0.000000 
2482 5.687326 0.000000 
2483 5.693101 0.000000 
2484 5.698586 0.000000 
2485 5.703781 0.000000 
2486 5.708684 0.000000 
2487 5.713295 0.000000 
2488 5.717613 0.000000 
2489 5.721637 0.000000 
2490 5.725368 0.000000 
2491 5.728803 0.000000 
2492 5.731944 0.000000 
2493 5.734788 0.000000 
2494 5.737336 0.000000 
2495 5.739588 0.000000 
2496 5.741543 0.000000 
2497 5.743200 0.000000 
2498 5.744560 0.000000 
2499 5.745622 0.000000 
2500 5.746386 0.000000 
2501 5.746852 0.000000 
2502 5.747020 0.000000 
2503 5.746890 0.000000 
2504 5.746461 0.000000 
2505 5.745735 0.000000 
2506 5.744711 0.000000 
2507 5.743388 0.000000 
2508 5.741769 0.000000 
2509 5.739851 0.000000 
2510 5.737637 0.000000 
2511 5.735126 0.000000 
2512 5.732319 0.000000 
2513 5.729216 0.000000 
2514 5.725817 0.000000 
2515 5.722124 0.000000 
2516 5.718136 0.000000 
2517 5.713855 0.000000 
2518 5.709280 0.000000 
2519 5.704414 0.000000 
2520 5.699255 0.000000 
2521 5.693806 0.000000 
2522 5.688067 0.000000 
2523 5.682039 0.000000 
2524 5.675723 0.000000 
2525 5.669119 0.000000 
2526 5.662230 0.000000 
2527 5.655055 0.000000 
2528 5.647597 0.000000 
2529 5.639855 0.000000 
2530 5.631832 0.000000 
2531 5.623529 0.000000 
2532 5.614947 0.000000 
2533 5.606086 0.000000 
2534 5.596949 0.000000 
2535 5.587538 0.000000 
2536 5.577852 0.000000 
2537 5.567894 0.000000 
2538 5.557666 0.000000 
2539 5.547169 0.000000 
2540 5.536404 0.000000 
2541 5.525373 0.000000 
2542 5.514079 0.000000 
2543 5.502521 0.000000 
2544 5.490703 0.000000 
2545 5.478626 0.000000 
2546 5.466292 0.000000 
2547 5.453703 0.000000 
2548 5.440860 0.000000 
2549 5.427766 0.000000 
2550 5.414422 0.000000 
2551 5.400831 0.000000 
2552 5.386995 0.000000 
2553 5.372915 0.000000 
2554 5.358593 0.000000 
2555 5.344033 0.000000 
2556 5.329235 0.000000 
2557 5.314203 0.000000 
2558 5.298938 0.000000 
2559 5.283443 0.000000 
2560 5.267719 0.000000 
2561 5.251770 0.000000 
2562 5.235597 0.000000 
2563 5.219204 0.000000 
2564 5.202591 0.000000 
2565 5.185763 0.000000 
2566 5.168720 0.000000 
2567 5.151466 0.000000 
2568 5.134003 0.000000 
2569 5.116334 0.000000 
2570 5.098461 0.000000 
2571 5.080387 0.000000 
2572 5.062114 0.000000 
2573 5.043645 0.000000 
2574 5.024982 0.000000 
2575 5.006129 0.000000 
2576 4.987088 0.000000 
2577 4.967861 0.000000 
2578 4.948452 0.000000 
2579 4.928862 0.000000 
2580 4.909095 0.000000 
2581 4.889154 0.000000 
2582 4.869041 0.000000 
2583 4.848759 0.000000 
2584 4.828310 0.000000 
2585 4.807699 0.000000 
2586 4.786927 0.000000 
2587 4.765997 0.000000 
2588 4.744913 0.000000 
2589 4.723676 0.000000 
2590 4.702291 0.000000 
2591 4.680759 0.000000 
2592 4.659084 0.000000 
2593 4.637269 0.000000 
2594 4.615316 0.000000 
2595 4.593229 0.000000 
2596 4.571010 0.000000 
2597 4.548663 0.000000 
2598 4.526189 0.000000 
2599 4.503593 0.000000 
2600 4.480878 0.000000 
2601 4.458045 0.000000 
2602 4.435098 0.000000 
2603 4.412041 0.000000 
2604 4.388875 0.000000 
2605 4.365605 0.000000 
2606 4.342232 0.000000 
2607 4.318760 0.000000 
2608 4.295193 0.000000 
2609 4.271532 0.000000 
2610 4.247781 0.000000 
2611 4.223942 0.000000 
2612 4.200019 0.000000 
2613 4.176015 0.000000 
2614 4.151933 0.000000 
2615 4.127775 0.000000 
2616 4.103545 0.000000 
2617 4.079245 0.000000 
2618 4.054879 0.000000 
2619 4.030448 0.000000 
2620 4.005957 0.000000 
2621 3.981408 0.000000 
2622 3.956804 0.000000 
2623 3.932148 0.000000 
2624 3.907443 0.000000 
2625 3.882691 0.000000 
2626 3.857896 0.000000 
2627 3.833060 0.000000 
2628 3.808186 0.000000 
2629 3.783278 0.000000 
2630 3.758337 0.000000 
2631 3.733366 0.000000 
2632 3.708369 0.000000 
2633 3.683348 0.000000 
2634 3.658306 0.000000 
2635 3.633245 0.000000 
2636 3.608169 0.000000 
2637 3.583080 0.000000 
2638 3.557980 0.000000 
2639 3.532873 0.000000 
2640 3.507761 0.000000 
2641 3.482646 0.000000 
2642 3.457532 0.000000 
2643 3.432421 0.000000 
2644 3.407315 0.000000 
2645 3.382217 0.000000 
2646 3.357129 0.000000 
2647 3.332055 0.000000 
2648 3.306996 0.000000 
2649 3.281955 0.000000 
2650 3.256935 0.000000 
2651 3.231938 0.000000 
2652 3.206966 0.000000 
2653 3.182021 0.000000 
2654 3.157107 0.000000 
2655 3.132225 0.000000 
2656 3.107378 0.000000 
2657 3.082567 0.000000 
2658 3.057796 0.000000 
2659 3.033067 0.000000 
2660 3.008381 0.000000 
2661 2.983742 0.000000 
2662 2.959150 0.000000 
2663 2.934609 0.000000 
2664 2.910120 0.000000 
2665 2.885685 0.000000 
2666 2.861308 0.000000 
2667 2.836988 0.000000 
2668 2.812730 0.000000 
2669 2.788533 0.000000 
2670 2.764402 0.000000 
2671 2.740337 0.000000 
2672 2.716340 0.000000 
2673 2.692414 0.000000 
2674 2.668560 0.000000 
2675 2.644780 0.000000 
2676 2.621075 0.000000 
2677 2.597448 0.000000 
2678 2.573901 0.000000 
2679 2.550434 0.000000 
2680 2.527050 0.000000 
2681 2.503751 0.000000 
2682 2.480537 0.000000 
2683 2.457411 0.000000 
2684 2.434374 0.000000 
2685 2.411428 0.000000 
2686 2.388574 0.000000 
2687 2.365814 0.000000 
2688 2.343149 0.000000 
2689 2.320580 0.000000 
2690 2.298110 0.000000 
2691 2.275738 0.000000 
2692 2.253468 0.000000 
2693 2.231300 0.000000 
2694 2.209235 0.000000 
2695 2.187274 0.000000 
2696 2.165419 0.000000 
2697 2.143672 0.000000 
2698 2.122032 0.000000 
2699 2.100502 0.000000 
2700 2.079082 0.000000 
2701 2.057774 0.000000 
2702 2.036578 0.000000 
2703 2.015496 0.000000 
2704 1.994529 0.000000 
2705 1.973677 0.000000 
2706 1.952942 0.000000 
2707 1.932324 0.000000 
2708 1.911825 0.000000 
2709 1.891444 0.000000 
2710 1.871184 0.000000 
2711 1.851045 0.000000 
2712 1.831027 0.000000 
2713 1.811132 0.000000 
2714 1.791360 0.000000 
2715 1.771711 0.000000 
2716 1.752187 0.000000 
2717 1.732788 0.000000 
2718 1.713515 0.000000 
2719 1.694368 0.000000 
2720 1.675349 0.000000 
2721 1.656456 0.000000 
2722 1.637692 0.000000 
2723 1.619056 0.000000 
2724 1.600549 0.000000 
2725 1.582171 0.000000 
2726 1.563923 0.000000 
2727 1.545805 0.000000 
2728 1.527818 0.000000 
2729 1.509961 0.000000 
2730 1.492236 0.000000 
2731 1.474642 0.000000 
2732 1.457180 0.000000 
2733 1.439849 0.000000 
2734 1.422651 0.000000 
2735 1.405586 0.000000 
2736 1.388653 0.000000 
2737 1.371852 0.000000 
2738 1.355185 0.000000 
2739 1.338650 0.000000 
2740 1.322249 0.000000 
2741 1.305980 0.000000 
2742 1.289845 0.000000 
2743 1.273843 0.000000 
2744 1.257974 0.000000 
2745 1.242238 0.000000 
2746 1.226635 0.000000 
2747 1.211165 0.000000 
2748 1.195829 0.000000 
2749 1.180625 0.000000 
2750 1.165553 0.000000 
2751 1.150615 0.000000 
2752 1.135809 0.000000 
2753 1.121135 0.000000 
2754 1.106593 0.000000 
2755 1.092183 0.000000 
2756 1.077905 0.000000 
2757 1.063758 0.000000 
2758 1.049742 0.000000 
2759 1.035857 0.000000 
2760 1.022102 0.000000 
2761 1.008478 0.000000 
2762 0.994984 0.000000 
2763 0.981619 0.000000 
2764 0.968383 0.000000 
2765 0.955277 0.000000 
2766 0.942298 0.000000 
2767 0.929448 0.000000 
2768 0.916725 0.000000 
2769 0.904130 0.000000 
2770 0.891661 0.000000 
2771 0.879318 0.000000 
2772 0.867101 0.000000 
2773 0.855010 0.000000 
2774 0.843043 0.000000 
2775 0.831201 0.000000 
2776 0.819482 0.000000 
2777 0.807887 0.000000 
2778 0.796414 0.000000 
2779 0.785063 0.000000 
2780 0.773834 0.000000 
2781 0.762726 0.000000 
2782 0.751738 0.000000 
2783 0.740870 0.000000 
2784 0.730121 0.000000 
2785 0.719491 0.000000 
2786 0.708979 0.000000 
2787 0.698584 0.000000 
2788 0.688305 0.000000 
2789 0.678143 0.000000 
2790 0.668096 0.000000 
2791 0.658163 0.000000 
2792 0.648345 0.000000 
2793 0.638639 0.000000 
2794 0.629047 0.000000 
2795 0.619566 0.000000 
2796 0.610196 0.000000 
2797 0.600937 0.000000 
2798 0.591788 0.000000 
2799 0.582747 0.000000 
2800 0.573815 0.000000 
2801 0.564991 0.000000 
2802 0.556273 0.000000 
2803 0.547661 0.000000 
2804 0.539155 0.000000 
2805 0.530753 0.000000 
2806 0.522455 0.000000 
2807 0.514259 0.000000 
2808 0.506166 0.000000 
2809 0.498175 0.000000 
2810 0.490284 0.000000 
2811 0.482493 0.000000 
2812 0.474802 0.000000 
2813 0.467208 0.000000 
2814 0.459712 0.000000 
2815 0.452313 0.000000 
2816 0.445010 0.000000 
2817 0.437802 0.000000 
2818 0.430688 0.000000 
2819 0.423668 0.000000 
2820 0.416741 0.000000 
2821 0.409905 0.000000 
2822 0.403161 0.000000 
2823 0.396507 0.000000 
2824 0.389943 0.000000 
2825 0.383467 0.000000 
2826 0.377080 0.000000 
2827 0.370779 0.000000 
2828 0.364565 0.000000 
2829 0.358436 0.000000 
2830 0.352392 0.000000 
2831 0.346432 0.000000 
2832 0.340555 0.000000 
2833 0.334760 0.000000 
2834 0.329047 0.000000 
2835 0.323415 0.000000 
2836 0.317862 0.000000 
2837 0.312388 0.000000 
2838 0.306993 0.000000 
2839 0.301675 0.000000 
2840 0.296434 0.000000 
2841 0.291269 0.000000 
2842 0.286179 0.000000 
2843 0.281163 0.000000 
2844 0.276221 0.000000 
2845 0.271352 0.000000 
2846 0.266554 0.000000 
2847 0.261828 0.000000 
2848 0.257172 0.000000 
2849 0.252586 0.000000 
2850 0.248069 0.000000 
2851 0.243620 0.000000 
2852 0.239238 0.000000 
2853 0.234923 0.000000 
2854 0.230674 0.000000 
2855 0.226489 0.000000 
2856 0.222369 0.000000 
2857 0.218313 0.000000 
2858 0.214320 0.000000 
2859 0.210388 0.000000 
2860 0.206518 0.000000 
2861 0.202709 0.000000 
2862 0.198959 0.000000 
2863 0.195269 0.000000 
2864 0.191637 0.000000 
2865 0.188063 0.000000 
2866 0.184546 0.000000 
2867 0.181086 0.000000 
2868 0.177681 0.000000 
2869 0.174331 0.000000 
2870 0.171035 0.000000 
2871 0.167793 0.000000 
2872 0.164604 0.000000 
2873 0.161467 0.000000 
2874 0.158381 0.000000 
2875 0.155347 0.000000 
2876 0.152362 0.000000 
2877 0.149428 0.000000 
2878 0.146542 0.000000 
2879 0.143704 0.000000 
2880 0.140914 0.000000 
2881 0.138171 0.000000 
2882 0.135474 0.000000 
2883 0.132823 0.000000 
2884 0.130218 0.000000 
2885 0.127656 0.000000 
2886 0.125139 0.000000 
2887 0.122664 0.000000 
2888 0.120233 0.000000 
2889 0.117843 0.000000 
2890 0.115495 0.000000 
2891 0.113188 0.000000 
2892 0.110921 0.000000 
2893 0.108694 0.000000 
2894 0.106506 0.000000 
2895 0.104357 0.000000 
2896 0.102246 0.000000 
2897 0.100172 0.000000 
2898 0.098135 0.000000 
2899 0.096135 0.000000 
2900 0.094171 0.000000 
2901 0.092241 0.000000 
2902 0.090347 0.000000 
2903 0.088487 0.000000 
2904 0.086661 0.000000 
2905 0.084868 0.000000 
2906 0.083108 0.000000 
2907 0.081380 0.000000 
2908 0.079684 0.000000 
2909 0.078019 0.000000 
2910 0.076385 0.000000 
2911 0.074781 0.000000 
2912 0.073207 0.000000 
2913 0.071663 0.000000 
2914 0.070147 0.000000 
2915 0.068660 0.000000 
2916 0.067201 0.000000 
2917 0.065770 0.000000 
2918 0.064366 0.000000 
2919 0.062988 0.000000 
2920 0.061637 0.000000 
2921 0.060311 0.000000 
2922 0.059011 0.000000 
2923 0.057736 0.000000 
2924 0.056486 0.000000 
2925 0.055260 0.000000 
2926 0.054057 0.000000 
2927 0.052878 0.000000 
2928 0.051722 0.000000 
2929 0.050589 0.000000 
2930 0.049478 0.000000 
2931 0.048389 0.000000 
2932 0.047321 0.000000 
2933 0.046275 0.000000 
2934 0.045249 0.000000 
2935 0.044244 0.000000 
2936 0.043259 0.000000 
2937 0.042293 0.000000 
2938 0.041347 0.000000 
2939 0.040420 0.000000 
2940 0.039512 0.000000 
2941 0.038622 0.000000 
2942 0.037750 0.000000 
2943 0.036896 0.000000 
2944 0.036060 0.000000 
2945 0.035240 0.000000 
2946 0.034437 0.000000 
2947 0.033651 0.000000 
2948 0.032881 0.000000 
2949 0.032128 0.000000 
2950 0.031389 0.000000 
2951 0.030666 0.000000 
2952 0.029959 0.000000 
2953 0.029266 0.000000 
2954 0.028587 0.000000 
2955 0.027923 0.000000 
2956 0.027273 0.000000 
2957 0.026636 0.000000 
2958 0.026013 0.000000 
2959 0.025404 0.000000 
2960 0.024807 0.000000 
2961 0.024223 0.000000 
2962 0.023652 0.000000 
2963 0.023093 0.000000 
2964 0.022546 0.000000 
2965 0.022010 0.000000 
2966 0.021487 0.000000 
2967 0.020974 0.000000 
2968 0.020473 0.000000 
2969 0.019983 0.000000 
2970 0.019503 0.000000 
2971 0.019034 0.000000 
2972 0.018576 0.000000 
2973 0.018127 0.000000 
2974 0.017688 0.000000 
2975 0.017260 0.000000 
2976 0.016840 0.000000 
2977 0.016430 0.000000 
2978 0.016029 0.000000 
2979 0.015637 0.000000 
2980 0.015254 0.000000 
2981 0.014879 0.000000 
2982 0.014513 0.000000 
2983 0.014156 0.000000 
2984 0.013806 0.000000 
2985 0.013464 0.000000 
2986 0.013130 0.000000 
2987 0.012804 0.000000 
2988 0.012485 0.000000 
2989 0.012173 0.000000 
2990 0.011869 0.000000 
2991 0.011571 0.000000 
2992 0.011281 0.000000 
2993 0.010997 0.000000 
2994 0.010719 0.000000 
2995 0.010449 0.000000 
2996 0.010184 0.000000 
2997 0.009926 0.000000 
2998 0.009673 0.000000 
2999 0.009427 0.000000 
3000 0.009187 0.000000 
3001 0.008952 0.000000 
3002 0.008722 0.000000 
3003 0.008498 0.000000 
3004 0.008280 0.000000 
3005 0.008066 0.000000 
3006 0.007858 0.000000 
3007 0.007655 0.000000 
3008 0.007456 0.000000 
3009 0.007263 0.000000 
3010 0.007074 0.000000 
3011 0.006889 0.000000 
3012 0.006709 0.000000 
3013 0.006534 0.000000 
3014 0.006362 0.000000 
3015 0.006195 0.000000 
3016 0.006032 0.000000 
3017 0.005873 0.000000 
3018 0.005718 0.000000 
3019 0.005566 0.000000 
3020 0.005418 0.000000 
3021 0.005274 0.000000 
3022 0.005134 0.000000 
3023 0.004997 0.000000 
3024 0.004863 0.000000 
3025 0.004733 0.000000 
3026 0.004606 0.000000 
3027 0.004482 0.000000 
3028 0.004361 0.000000 
3029 0.004244 0.000000 
3030 0.004129 0.000000 
3031 0.004017 0.000000 
3032 0.003908 0.000000 
3033 0.003802 0.000000 
3034 0.003698 0.000000 
3035 0.003597 0.000000 
3036 0.003499 0.000000 
3037 0.003403 0.000000 
3038 0.003310 0.000000 
3039 0.003219 0.000000 
3040 0.003130 0.000000 
3041 0.003044 0.000000 
3042 0.002960 0.000000 
3043 0.002878 0.000000 
3044 0.002798 0.000000 
3045 0.002720 0.000000 
3046 0.002644 0.000000 
3047 0.002570 0.000000 
3048 0.002499 0.000000 
3049 0.002429 0.000000 
3050 0.002361 0.000000 
3051 0.002294 0.000000 
3052 0.002230 0.000000 
3053 0.002167 0.000000 
3054 0.002105 0.000000 
3055 0.002046 0.000000 
3056 0.001988 0.000000 
3057 0.001931 0.000000 
3058 0.001876 0.000000 
3059 0.001823 0.000000 
3060 0.001771 0.000000 
3061 0.001720 0.000000 
3062 0.001671 0.000000 
3063 0.001623 0.000000 
3064 0.001576 0.000000 
3065 0.001531 0.000000 
3066 0.001487 0.000000 
3067 0.001444 0.000000 
3068 0.001402 0.000000 
3069 0.001361 0.000000 
3070 0.001322 0.000000 
3071 0.001283 0.000000 
3072 0.001246 0.000000 
3073 0.001209 0.000000 
3074 0.001174 0.000000 
3075 0.001140 0.000000 
3076 0.001106 0.000000 
3077 0.001074 0.000000 
3078 0.001042 0.000000 
3079 0.001011 0.000000 
3080 0.000981 0.000000 
3081 0.000952 0.000000 
3082 0.000924 0.000000 
3083 0.000896 0.000000 
3084 0.000870 0.000000 
3085 0.000844 0.000000 
3086 0.000819 0.000000 
3087 0.000794 0.000000 
3088 0.000770 0.000000 
3089 0.000747 0.000000 
3090 0.000725 0.000000 
3091 0.000703 0.000000 
3092 0.000682 0.000000 
3093 0.000661 0.000000 
3094 0.000641 0.000000 
3095 0.000622 0.000000 
3096 0.000603 0.000000 
3097 0.000584 0.000000 
3098 0.000567 0.000000 
3099 0.000549 0.000000 
3100 0.000533 0.000000 
3101 0.000516 0.000000 
3102 0.000500 0.000000 
3103 0.000485 0.000000 
3104 0.000470 0.000000 
3105 0.000456 0.000000 
3106 0.000441 0.000000 
3107 0.000428 0.000000 
3108 0.000415 0.000000 
3109 0.000402 0.000000 
3110 0.000389 0.000000 
3111 0.000377 0.000000 
3112 0.000365 0.000000 
3113 0.000354 0.000000 
3114 0.000343 0.000000 
3115 0.000332 0.000000 
3116 0.000322 0.000000 
3117 0.000312 0.000000 
3118 0.000302 0.000000 
3119 0.000292 0.000000 
3120 0.000283 0.000000 
3121 0.000274 0.000000 
3122 0.000265 0.000000 
3123 0.000257 0.000000 
3124 0.000249 0.000000 
3125 0.000241 0.000000 
3126 0.000233 0.000000 
3127 0.000226 0.000000 
3128 0.000219 0.000000 
3129 0.000212 0.000000 
3130 0.000205 0.000000 
3131 0.000198 0.000000 
3132 0.000192 0.000000 
3133 0.000186 0.000000 
3134 0.000180 0.000000 
3135 0.000174 0.000000 
3136 0.000168 0.000000 
3137 0.000163 0.000000 
3138 0.000157 0.000000 
3139 0.000152 0.000000 
3140 0.000147 0.000000 
3141 0.000143 0.000000 
3142 0.000138 0.000000 
3143 0.000133 0.000000 
3144 0.000129 0.000000 
3145 0.000125 0.000000 
3146 0.000121 0.000000 
3147 0.000117 0.000000 
3148 0.000113 0.000000 
3149 0.000109 0.000000 
3150 0.000105 0.000000 
3151 0.000102 0.000000 
3152 0.000099 0.000000 
3153 0.000095 0.000000 
3154 0.000092 0.000000 
3155 0.000089 0.000000 
3156 0.000086 0.000000 
3157 0.000083 0.000000 
3158 0.000080 0.000000 
3159 0.000078 0.000000 
3160 0.000075 0.000000 
3161 0.000073 0.000000 
3162 0.000070 0.000000 
3163 0.000068 0.000000 
3164 0.000065 0.000000 
3165 0.000063 0.000000 
3166 0.000061 0.000000 
3167 0.000059 0.000000 
3168 0.000057 0.000000 
3169 0.000055 0.000000 
3170 0.000053 0.000000 
3171 0.000051 0.000000 
3172 0.000050 0.000000 
3173 0.000048 0.000000 
3174 0.000046 0.000000 
3175 0.000045 0.000000 
3176 0.000043 0.000000 
3177 0.000042 0.000000 
3178 0.000040 0.000000 
3179 0.000039 0.000000 
3180 0.000037 0.000000 
3181 0.000036 0.000000 
3182 0.000035 0.000000 
3183 0.000034 0.000000 
3184 0.000033 0.000000 
3185 0.000031 0.000000 
3186 0.000030 0.000000 
3187 0.000029 0.000000 
3188 0.000028 0.000000 
3189 0.000027 0.000000 
3190 0.000026 0.000000 
3191 0.000025 0.000000 
3192 0.000024 0.000000 
3193 0.000024 0.000000 
3194 0.000023 0.000000 
3195 0.000022 0.000000 
3196 0.000021 0.000000 
3197 0.000020 0.000000 
3198 0.000020 0.000000 
3199 0.000019 0.000000 
3200 0.000018 0.000000 
3201 0.000018 0.000000 
3202 0.000017 0.000000 
3203 0.000016 0.000000 
3204 0.000016 0.000000 
3205 0.000015 0.000000 
3206 0.000015 0.000000 
3207 0.000014 0.000000 
3208 0.000014 0.000000 
3209 0.000013 0.000000 
3210 0.000013 0.000000 
3211 0.000012 0.000000 
3212 0.000012 0.000000 
3213 0.000011 0.000000 
3214 0.000011 0.000000 
3215 0.000011 0.000000 
3216 0.000010 0.000000 
3217 0.000010 0.000000 
3218 0.000009 0.000000 
3219 0.000009 0.000000 
3220 0.000009 0.000000 
3221 0.000008 0.000000 
3222 0.000008 0.000000 
3223 0.000008 0.000000 
3224 0.000008 0.000000 
3225 0.000007 0.000000 
3226 0.000007 0.000000 
3227 0.000007 0.000000 
3228 0.000007 0.000000 
3229 0.000006 0.000000 
3230 0.000006 0.000000 
3231 0.000006 0.000000 
3232 0.000006 0.000000 
3233 0.000005 0.000000 
3234 0.000005 0.000000 
3235 0.000005 0.000000 
3236 0.000005 0.000000 
3237 0.000005 0.000000 
3238 0.000004 0.000000 
3239 0.000004 0.000000 
3240 0.000004 0.000000 
3241 0.000004 0.000000 
3242 0.000004 0.000000 
3243 0.000004 0.000000 
3244 0.000004 0.000000 
3245 0.000003 0.000000 
3246 0.000003 0.000000 
3247 0.000003 0.000000 
3248 0.000003 0.000000 
3249 0.000003 0.000000 
3250 0.000003 0.000000 
3251 0.000003 0.000000 
3252 0.000003 0.000000 
3253 0.000002 0.000000 
3254 0.000002 0.000000 
3255 0.000002 0.000000 
3256 0.000002 0.000000 
3257 0.000002 0.000000 
3258 0.000002 0.000000 
3259 0.000002 0.000000 
3260 0.000002 0.000000 
3261 0.000002 0.000000 
3262 0.000002 0.000000 
3263 0.000002 0.000000 
3264 0.000002 0.000000 
3265 0.000002 0.000000 
3266 0.000001 0.000000 
3267 0.000001 0.000000 
3268 0.000001 0.000000 
3269 0.000001 0.000000 
3270 0.000001 0.000000 
3271 0.000001 0.000000 
3272 0.000001 0.000000 
3273 0.000001 0.000000 
3274 0.000001 0.000000 
3275 0.000001 0.000000 
3276 0.000001 0.000000 
3277 0.000001 0.000000 
3278 0.000001 0.000000 
3279 0.000001 0.000000 
3280 0.000001 0.000000 
3281 0.000001 0.000000 
3282 0.000001 0.000000 
3283 0.000001 0.000000 
3284 0.000001 0.000000 
3285 0.000001 0.000000 
3286 0.000001 0.000000 
3287 0.000001 0.000000 
3288 0.000001 0.000000 
3289 0.000001 0.000000 
3290 0.000001 0.000000 
3291 0.000001 0.000000 
3292 0.000001 0.000000 
3293 0.000001 0.000000 
3294 0.000000 0.000000 
3295 0.000000 0.000000 
3296 0.000000 0.000000 
3297 0.000000 0.000000 
3298 0.000000 0.000000 
3299 0.000000 0.000000 
3300 0.000000 0.000000 
3301 0.000000 0.000000 
3302 0.000000 0.000000 
3303 0.000000 0.000000 
3304 0.000000 0.000000 
3305 0.000000 0.000000 
3306 0.000000 0.000000 
3307 0.000000 0.000000 
3308 0.000000 0.000000 
3309 0.000000 0.000000 
3310 0.000000 0.000000 
3311 0.000000 0.000000 
3312 0.000000 0.000000 
3313 0.000000 0.000000 
3314 0.000000 0.000000 
3315 0.000000 0.000000 
3316 0.000000 0.000000 
3317 0.000000 0.000000 
3318 0.000000 0.000000 
3319 0.000000 0.000000 
3320 0.000000 0.000000 
3321 0.000000 0.000000 
3322 0.000000 0.000000 
3323 0.000000 0.000000 
3324 0.000000 0.000000 
3325 0.000000 0.000000 
3326 0.000000 0.000000 
3327 0.000000 0.000000 
3328 0.000000 0.000000 
3329 0.000000 0.000000 
3330 0.000000 0.000000 
3331 0.000000 0.000000 
3332 0.000000 0.000000 
3333 0.000000 0.000000 
3334 0.000000 0.000000 
3335 0.000000 0.000000 
3336 0.000000 0.000000 
3337 0.000000 0.000000 
3338 0.000000 0.000000 
3339 0.000000 0.000000 
3340 0.000000 0.000000 
3341 0.000000 0.000000 
3342 0.000000 0.000000 
3343 0.000000 0.000000 
3344 0.000000 0.000000 
3345 0.000000 0.000000 
3346 0.000000 0.000000 
3347 0.000000 0.000000 
3348 0.000000 0.000000 
3349 0.000000 0.000000 
3350 0.000000 0.000000 
3351 0.000000 0.000000 
3352 0.000000 0.000000 
3353 0.000000 0.000000 
3354 0.000000 0.000000 
3355 0.000000 0.000000 
3356 0.000000 0.000000 
3357 0.000000 0.000000 
3358 0.000000 0.000000 
3359 0.000000 0.000000 
3360 0.000000 0.000000 
3361 0.000000 0.000000 
3362 0.000000 0.000000 
3363 0.000000 0.000000 
3364 0.000000 0.000000 
3365 0.000000 0.000000 
3366 0.000000 0.000000 
3367 0.000000 0.000000 
3368 0.000000 0.000000 
3369 0.000000 0.000000 
3370 0.000000 0.000000 
3371 0.000000 0.000000 
3372 0.000000 0.000000 
3373 0.000000 0.000000 
3374 0.000000 0.000000 
3375 0.000000 0.000000 
3376 0.000000 0.000000 
3377 0.000000 0.000000 
3378 0.000000 0.000000 
3379 0.000000 0.000000 
3380 0.000000 0.000000 
3381 0.000000 0.000000 
3382 0.000000 0.000000 
3383 0.000000 0.000000 
3384 0.000000 0.000000 
3385 0.000000 0.000000 
3386 0.000000 0.000000 
3387 0.000000 0.000000 
3388 0.000000 0.000000 
3389 0.000000 0.000000 
3390 0.000000 0.000000 
3391 0.000000 0.000000 
3392 0.000000 0.000000 
3393 0.000000 0.000000 
3394 0.000000 0.000000 
3395 0.000000 0.000000 
3396 0.000000 0.000000 
3397 0.000000 0.000000 
3398 0.000000 0.000000 
3399 0.000000 0.000000 
3400 0.000000 0.000000 
3401 0.000000 0.000000 
3402 0.000000 0.000000 
3403 0.000000 0.000000 
3404 0.000000 0.000000 
3405 0.000000 0.000000 
3406 0.000000 0.000000 
3407 0.000000 0.000000 
3408 0.000000 0.000000 
3409 0.000000 0.000000 
3410 0.000000 0.000000 
3411 0.000000 0.000000 
3412 0.000000 0.000000 
3413 0.000000 0.000000 
3414 0.000000 0.000000 
3415 0.000000 0.000000 
3416 0.000000 0.000000 
3417 0.000000 0.000000 
3418 0.000000 0.000000 
3419 0.000000 0.000000 
3420 0.000000 0.000000 
3421 0.000000 0.000000 
3422 0.000000 0.000000 
3423 0.000000 0.000000 
3424 0.000000 0.000000 
3425 0.000000 0.000000 
3426 0.000000 0.000000 
3427 0.000000 0.000000 
3428 0.000000 0.000000 
3429 0.000000 0.000000 
3430 0.000000 0.000000 
3431 0.000000 0.000000 
3432 0.000000 0.000000 
3433 0.000000 0.000000 
3434 0.000000 0.000000 
3435 0.000000 0.000000 
3436 0.000000 0.000000 
3437 0.000000 0.000000 
3438 0.000000 0.000000 
3439 0.000000 0.000000 
3440 0.000000 0.000000 
3441 0.000000 0.000000 
3442 0.000000 0.000000 
3443 0.000000 0.000000 
3444 0.000000 0.000000 
3445 0.000000 0.000000 
3446 0.000000 0.000000 
3447 0.000000 0.000000 
3448 0.000000 0.000000 
3449 0.000000 0.000000 
3450 0.000000 0.000000 
3451 0.000000 0.000000 
3452 0.000000 0.000000 
3453 0.000000 0.000000 
3454 0.000000 0.000000 
3455 0.000000 0.000000 
3456 0.000000 0.000000 
3457 0.000000 0.000000 
3458 0.000000 0.000000 
3459 0.000000 0.000000 
3460 0.000000 0.000000 
3461 0.000000 0.000000 
3462 0.000000 0.000000 
3463 0.000000 0.000000 
3464 0.000000 0.000000 
3465 0.000000 0.000000 
3466 0.000000 0.000000 
3467 0.000000 0.000000 
3468 0.000000 0.000000 
3469 0.000000 0.000000 
3470 0.000000 0.000000 
3471 0.000000 0.000000 
3472 0.000000 0.000000 
3473 0.000000 0.000000 
3474 0.000000 0.000000 
3475 0.000000 0.000000 
3476 0.000000 0.000000 
3477 0.000000 0.000000 
3478 0.000000 0.000000 
3479 0.000000 0.000000 
3480 0.000000 0.000000 
3481 0.000000 0.000000 
3482 0.000000 0.000000 
3483 0.000000 0.000000 
3484 0.000000 0.000000 
3485 0.000000 0.000000 
3486 0.000000 0.000000 
3487 0.000000 0.000000 
3488 0.000000 0.000000 
3489 0.000000 0.000000 
3490 0.000000 0.000000 
3491 0.000000 0.000000 
3492 0.000000 0.000000 
3493 0.000000 0.000000 
3494 0.000000 0.000000 
3495 0.000000 0.000000 
3496 0.000000 0.000000 
3497 0.000000 0.000000 
3498 0.000000 0.000000 
3499 0.000000 0.000000 
3500 0.000000 0.000000 
3501 0.000000 0.000000 
3502 0.000000 0.000000 
3503 0.000000 0.000000 
3504 0.000000 0.000000 
3505 0.000000 0.000000 
3506 0.000000 0.000000 
3507 0.000000 0.000000 
3508 0.000000 0.000000 
3509 0.000000 0.000000 
3510 0.000000 0.000000 
3511 0.000000 0.000000 
3512 0.000000 0.000000 
3513 0.000000 0.000000 
3514 0.000000 0.000000 
3515 0.000000 0.000000 
3516 0.000000 0.000000 
3517 0.000000 0.000000 
3518 0.000000 0.000000 
3519 0.000000 0.000000 
3520 0.000000 0.000000 
3521 0.000000 0.000000 
3522 0.000000 0.000000 
3523 0.000000 0.000000 
3524 0.000000 0.000000 
3525 0.000000 0.000000 
3526 0.000000 0.000000 
3527 0.000000 0.000000 
3528 0.000000 0.000000 
3529 0.000000 0.000000 
3530 0.000000 0.000000 
3531 0.000000 0.000000 
3532 0.000000 0.000000 
3533 0.000000 0.000000 
3534 0.000000 0.000000 
3535 0.000000 0.000000 
3536 0.000000 0.000000 
3537 0.000000 0.000000 
3538 0.000000 0.000000 
3539 0.000000 0.000000 
3540 0.000000 0.000000 
3541 0.000000 0.000000 
3542 0.000000 0.000000 
3543 0.000000 0.000000 
3544 0.000000 0.000000 
3545 0.000000 0.000000 
3546 0.000000 0.000000 
3547 0.000000 0.000000 
3548 0.000000 0.000000 
3549 0.000000 0.000000 
3550 0.000000 0.000000 
3551 0.000000 0.000000 
3552 0.000000 0.000000 
3553 0.000000 0.000000 
3554 0.000000 0.000000 
3555 0.000000 0.000000 
3556 0.000000 0.000000 
3557 0.000000 0.000000 
3558 0.000000 0.000000 
3559 0.000000 0.000000 
3560 0.000000 0.000000 
3561 0.000000 0.000000 
3562 0.000000 0.000000 
3563 0.000000 0.000000 
3564 0.000000 0.000000 
3565 0.000000 0.000000 
3566 0.000000 0.000000 
3567 0.000000 0.000000 
3568 0.000000 0.000000 
3569 0.000000 0.000000 
3570 0.000000 0.000000 
3571 0.000000 0.000000 
3572 0.000000 0.000000 
3573 0.000000 0.000000 
3574 0.000000 0.000000 
3575 0.000000 0.000000 
3576 0.000000 0.000000 
3577 0.000000 0.000000 
3578 0.000000 0.000000 
3579 0.000000 0.000000 
3580 0.000000 0.000000 
3581 0.000000 0.000000 
3582 0.000000 0.000000 
3583 0.000000 0.000000 
3584 0.000000 0.000000 
3585 0.000000 0.000000 
3586 0.000000 0.000000 
3587 0.000000 0.000000 
3588 0.000000 0.000000 
3589 0.000000 0.000000 
3590 0.000000 0.000000 
3591 0.000000 0.000000 
3592 0.000000 0.000000 
3593 0.000000 0.000000 
3594 0.000000 0.000000 
3595 0.000000 0.000000 
3596 0.000000 0.000000 
3597 0.000000 0.000000 
3598 0.000000 0.000000 
3599 0.000000 0.000000 
3600 0.000000 0.000000 
3601 0.000000 0.000000 
3602 0.000000 0.000000 
3603 0.000000 0.000000 
3604 0.000000 0.000000 
3605 0.000000 0.000000 
3606 0.000000 0.000000 
3607 0.000000 0.000000 
3608 0.000000 0.000000 
3609 0.000000 0.000000 
3610 0.000000 0.000000 
3611 0.000000 0.000000 
3612 0.000000 0.000000 
3613 0.000000 0.000000 
3614 0.000000 0.000000 
3615 0.000000 0.000000 
3616 0.000000 0.000000 
3617 0.000000 0.000000 
3618 0.000000 0.000000 
3619 0.000000 0.000000 
3620 0.000000 0.000000 
3621 0.000000 0.000000 
3622 0.000000 0.000000 
3623 0.000000 0.000000 
3624 0.000000 0.000000 
3625 0.000000 0.000000 
3626 0.000000 0.000000 
3627 0.000000 0.000000 
3628 0.000000 0.000000 
3629 0.000000 0.000000 
3630 0.000000 0.000000 
3631 0.000000 0.000000 
3632 0.000000 0.000000 
3633 0.000000 0.000000 
3634 0.000000 0.000000 
3635 0.000000 0.000000 
3636 0.000000 0.000000 
3637 0.000000 0.000000 
3638 0.000000 0.000000 
3639 0.000000 0.000000 
3640 0.000000 0.000000 
3641 0.000000 0.000000 
3642 0.000000 0.000000 
3643 0.000000 0.000000 
3644 0.000000 0.000000 
3645 0.000000 0.000000 
3646 0.000000 0.000000 
3647 0.000000 0.000000 
3648 0.000000 0.000000 
3649 0.000000 0.000000 
3650 0.000000 0.000000 
3651 0.000000 0.000000 
3652 0.000000 0.000000 
3653 0.000000 0.000000 
3654 0.000000 0.000000 
3655 0.000000 0.000000 
3656 0.000000 0.000000 
3657 0.000000 0.000000 
3658 0.000000 0.000000 
3659 0.000000 0.000000 
3660 0.000000 0.000000 
3661 0.000000 0.000000 
3662 0.000000 0.000000 
3663 0.000000 0.000000 
3664 0.000000 0.000000 
3665 0.000000 0.000000 
3666 0.000000 0.000000 
3667 0.000000 0.000000 
3668 0.000000 0.000000 
3669 0.000000 0.000000 
3670 0.000000 0.000000 
3671 0.000000 0.000000 
3672 0.000000 0.000000 
3673 0.000000 0.000000 
3674 0.000000 0.000000 
3675 0.000000 0.000000 
3676 0.000000 0.000000 
3677 0.000000 0.000000 
3678 0.000000 0.000000 
3679 0.000000 0.000000 
3680 0.000000 0.000000 
3681 0.000000 0.000000 
3682 0.000000 0.000000 
3683 0.000000 0.000000 
3684 0.000000 0.000000 
3685 0.000000 0.000000 
3686 0.000000 0.000000 
3687 0.000000 0.000000 
3688 0.000000 0.000000 
3689 0.000000 0.000000 
3690 0.000000 0.000000 
3691 0.000000 0.000000 
3692 0.000000 0.000000 
3693 0.000000 0.000000 
3694 0.000000 0.000000 
3695 0.000000 0.000000 
3696 0.000000 0.000000 
3697 0.000000 0.000000 
3698 0.000000 0.000000 
3699 0.000000 0.000000 
3700 0.000000 0.000000 
3701 0.000000 0.000000 
3702 0.000000 0.000000 
3703 0.000000 0.000000 
3704 0.000000 0.000000 
3705 0.000000 0.000000 
3706 0.000000 0.000000 
3707 0.000000 0.000000 
3708 0.000000 0.000000 
3709 0.000000 0.000000 
3710 0.000001 0.000000 
3711 0.000001 0.000000 
3712 0.000001 0.000000 
3713 0.000001 0.000000 
3714 0.000001 0.000000 
3715 0.000001 0.000000 
3716 0.000001 0.000000 
3717 0.000001 0.000000 
3718 0.000001 0.000000 
3719 0.000001 0.000000 
3720 0.000001 0.000000 
3721 0.000001 0.000000 
3722 0.000001 0.000000 
3723 0.000001 0.000000 
3724 0.000001 0.000000 
3725 0.000001 0.000000 
3726 0.000001 0.000000 
3727 0.000001 0.000000 
3728 0.000001 0.000000 
3729 0.000001 0.000000 
3730 0.000001 0.000000 
3731 0.000001 0.000000 
3732 0.000001 0.000000 
3733 0.000001 0.000000 
3734 0.000001 0.000000 
3735 0.000001 0.000000 
3736 0.000001 0.000000 
3737 0.000002 0.000000 
3738 0.000002 0.000000 
3739 0.000002 0.000000 
3740 0.000002 0.000000 
3741 0.000002 0.000000 
3742 0.000002 0.000000 
3743 0.000002 0.000000 
3744 0.000002 0.000000 
3745 0.000002 0.000000 
3746 0.000002 0.000000 
3747 0.000002 0.000000 
3748 0.000002 0.000000 
3749 0.000002 0.000000 
3750 0.000003 0.000000 
3751 0.000003 0.000000 
3752 0.000003 0.000000 
3753 0.000003 0.000000 
3754 0.000003 0.000000 
3755 0.000003 0.000000 
3756 0.000003 0.000000 
3757 0.000003 0.000000 
3758 0.000003 0.000000 
3759 0.000004 0.000000 
3760 0.000004 0.000000 
3761 0.000004 0.000000 
3762 0.000004 0.000000 
3763 0.000004 0.000000 
3764 0.000004 0.000000 
3765 0.000004 0.000000 
3766 0.000005 0.000000 
3767 0.000005 0.000000 
3768 0.000005 0.000000 
3769 0.000005 0.000000 
3770 0.000005 0.000000 
3771 0.000006 0.000000 
3772 0.000006 0.000000 
3773 0.000006 0.000000 
3774 0.000006 0.000000 
3775 0.000007 0.000000 
3776 0.000007 0.000000 
3777 0.000007 0.000000 
3778 0.000007 0.000000 
3779 0.000008 0.000000 
3780 0.000008 0.000000 
3781 0.000008 0.000000 
3782 0.000008 0.000000 
3783 0.000009 0.000000 
3784 0.000009 0.000000 
3785 0.000009 0.000000 
3786 0.000010 0.000000 
3787 0.000010 0.000000 
3788 0.000011 0.000000 
3789 0.000011 0.000000 
3790 0.000011 0.000000 
3791 0.000012 0.000000 
3792 0.000012 0.000000 
3793 0.000013 0.000000 
3794 0.000013 0.000000 
3795 0.000014 0.000000 
3796 0.000014 0.000000 
3797 0.000015 0.000000 
3798 0.000015 0.000000 
3799 0.000016 0.000000 
3800 0.000016 0.000000 
3801 0.000017 0.000000 
3802 0.000018 0.000000 
3803 0.000018 0.000000 
3804 0.000019 0.000000 
3805 0.000020 0.000000 
3806 0.000020 0.000000 
3807 0.000021 0.000000 
3808 0.000022 0.000000 
3809 0.000023 0.000000 
3810 0.000024 0.000000 
3811 0.000024 0.000000 
3812 0.000025 0.000000 
3813 0.000026 0.000000 
3814 0.000027 0.000000 
3815 0.000028 0.000000 
3816 0.000029 0.000000 
3817 0.000030 0.000000 
3818 0.000031 0.000000 
3819 0.000032 0.000000 
3820 0.000034 0.000000 
3821 0.000035 0.000000 
3822 0.000036 0.000000 
3823 0.000037 0.000000 
3824 0.000039 0.000000 
3825 0.000040 0.000000 
3826 0.000041 0.000000 
3827 0.000043 0.000000 
3828 0.000044 0.000000 
3829 0.000046 0.000000 
3830 0.000048 0.000000 
3831 0.000049 0.000000 
3832 0.000051 0.000000 
3833 0.000053 0.000000 
3834 0.000055 0.000000 
3835 0.000057 0.000000 
3836 0.000059 0.000000 
3837 0.000061 0.000000 
3838 0.000063 0.000000 
3839 0.000065 0.000000 
3840 0.000067 0.000000 
3841 0.000070 0.000000 
3842 0.000072 0.000000 
3843 0.000075 0.000000 
3844 0.000077 0.000000 
3845 0.000080 0.000000 
3846 0.000083 0.000000 
3847 0.000086 0.000000 
3848 0.000088 0.000000 
3849 0.000092 0.000000 
3850 0.000095 0.000000 
3851 0.000098 0.000000 
3852 0.000101 0.000000 
3853 0.000105 0.000000 
3854 0.000108 0.000000 
3855 0.000112 0.000000 
3856 0.000116 0.000000 
3857 0.000120 0.000000 
3858 0.000124 0.000000 
3859 0.000128 0.000000 
3860 0.000132 0.000000 
3861 0.000137 0.000000 
3862 0.000141 0.000000 
3863 0.000146 0.000000 
3864 0.000151 0.000000 
3865 0.000156 0.000000 
3866 0.000161 0.000000 
3867 0.000167 0.000000 
3868 0.000172 0.000000 
3869 0.000178 0.000000 
3870 0.000184 0.000000 
3871 0.000190 0.000000 
3872 0.000196 0.000000 
3873 0.000203 0.000000 
3874 0.000210 0.000000 
3875 0.000217 0.000000 
3876 0.000224 0.000000 
3877 0.000231 0.000000 
3878 0.000239 0.000000 
3879 0.000247 0.000000 
3880 0.000255 0.000000 
3881 0.000263 0.000000 
3882 0.000272 0.000000 
3883 0.000280 0.000000 
3884 0.000290 0.000000 
3885 0.000299 0.000000 
3886 0.000309 0.000000 
3887 0.000319 0.000000 
3888 0.000329 0.000000 
3889 0.000340 0.000000 
3890 0.000350 0.000000 
3891 0.000362 0.000000 
3892 0.000373 0.000000 
3893 0.000385 0.000000 
3894 0.000398 0.000000 
3895 0.000410 0.000000 
3896 0.000424 0.000000 
3897 0.000437 0.000000 
3898 0.000451 0.000000 
3899 0.000465 0.000000 
3900 0.000480 0.000000 
3901 0.000495 0.000000 
3902 0.000511 0.000000 
3903 0.000527 0.000000 
3904 0.000543 0.000000 
3905 0.000561 0.000000 
3906 0.000578 0.000000 
3907 0.000596 0.000000 
3908 0.000615 0.000000 
3909 0.000634 0.000000 
3910 0.000654 0.000000 
3911 0.000674 0.000000 
3912 0.000695 0.000000 
3913 0.000717 0.000000 
3914 0.000739 0.000000 
3915 0.000762 0.000000 
3916 0.000785 0.000000 
3917 0.000809 0.000000 
3918 0.000834 0.000000 
3919 0.000860 0.000000 
3920 0.000886 0.000000 
3921 0.000913 0.000000 
3922 0.000941 0.000000 
3923 0.000970 0.000000 
3924 0.000999 0.000000 
3925 0.001030 0.000000 
3926 0.001061 0.000000 
3927 0.001093 0.000000 
3928 0.001126 0.000000 
3929 0.001160 0.000000 
3930 0.001195 0.000000 
3931 0.001231 0.000000 
3932 0.001267 0.000000 
3933 0.001305 0.000000 
3934 0.001344 0.000000 
3935 0.001385 0.000000 
3936 0.001426 0.000000 
3937 0.001468 0.000000 
3938 0.001512 0.000000 
3939 0.001556 0.000000 
3940 0.001602 0.000000 
3941 0.001650 0.000000 
3942 0.001698 0.000000 
3943 0.001748 0.000000 
3944 0.001800 0.000000 
3945 0.001852 0.000000 
3946 0.001906 0.000000 
3947 0.001962 0.000000 
3948 0.002019 0.000000 
3949 0.002078 0.000000 
3950 0.002138 0.000000 
3951 0.002200 0.000000 
3952 0.002264 0.000000 
3953 0.002329 0.000000 
3954 0.002396 0.000000 
3955 0.002465 0.000000 
3956 0.002536 0.000000 
3957 0.002609 0.000000 
3958 0.002683 0.000000 
3959 0.002760 0.000001 
3960 0.002839 0.000001 
3961 0.002919 0.000001 
3962 0.003002 0.000001 
3963 0.003087 0.000001 
3964 0.003175 0.000001 
3965 0.003264 0.000001 
3966 0.003356 0.000001 
3967 0.003451 0.000001 
3968 0.003548 0.000001 
3969 0.003647 0.000001 
3970 0.003749 0.000001 
3971 0.003854 0.000001 
3972 0.003961 0.000001 
3973 0.004071 0.000001 
3974 0.004184 0.000001 
3975 0.004300 0.000001 
3976 0.004419 0.000002 
3977 0.004541 0.000002 
3978 0.004666 0.000002 
3979 0.004794 0.000002 
3980 0.004926 0.000002 
3981 0.005060 0.000002 
3982 0.005199 0.000002 
3983 0.005341 0.000002 
3984 0.005486 0.000003 
3985 0.005635 0.000003 
3986 0.005788 0.000003 
3987 0.005944 0.000003 
3988 0.006105 0.000003 
3989 0.006270 0.000003 
3990 0.006438 0.000004 
3991 0.006611 0.000004 
3992 0.006788 0.000004 
3993 0.006970 0.000004 
3994 0.007156 0.000005 
3995 0.007346 0.000005 
3996 0.007542 0.000005 
3997 0.007742 0.000006 
3998 0.007947 0.000006 
3999 0.008157 0.000006 
4000 0.008372 0.000007 
