0 0.000000 0.391164 
1 0.000000 0.405043 
2 0.000000 0.418889 
3 0.000000 0.432700 
4 0.000000 0.446476 
5 0.000000 0.460214 
6 0.000000 0.473915 
7 0.000000 0.487576 
8 0.000000 0.501197 
9 0.000000 0.514777 
10 0.000000 0.528314 
11 0.000000 0.541807 
12 0.000000 0.555256 
13 0.000000 0.568659 
14 0.000000 0.582015 
15 0.000000 0.595322 
16 0.000000 0.608581 
17 0.000000 0.621789 
18 0.000000 0.634946 
19 0.000000 0.648050 
20 0.000000 0.661101 
21 0.000000 0.674097 
22 0.000000 0.687037 
23 0.000000 0.699921 
24 0.000000 0.712747 
25 0.000000 0.725513 
26 0.000000 0.738220 
27 0.000000 0.750866 
28 0.000000 0.763450 
29 0.000000 0.775971 
30 0.000000 0.788427 
31 0.000000 0.800819 
32 0.000000 0.813144 
33 0.000000 0.825402 
34 0.000000 0.837592 
35 0.000000 0.849713 
36 0.000000 0.861763 
37 0.000000 0.873742 
38 0.000000 0.885649 
39 0.000000 0.897483 
40 0.000000 0.909243 
41 0.000000 0.920927 
42 0.000000 0.932536 
43 0.000000 0.944067 
44 0.000000 0.955520 
45 0.000000 0.966895 
46 0.000000 0.978189 
47 0.000000 0.989402 
48 0.000000 1.000534 
49 0.000000 1.011583 
50 0.000000 1.022549 
51 0.000000 1.033430 
52 0.000000 1.044225 
53 0.000000 1.054935 
54 0.000000 1.065557 
55 0.000000 1.076091 
56 0.000000 1.086536 
57 0.000000 1.096891 
58 0.000000 1.107156 
59 0.000000 1.117329 
60 0.000000 1.127410 
61 0.000000 1.137398 
62 0.000000 1.147291 
63 0.000000 1.157090 
64 0.000000 1.166793 
65 0.000000 1.176400 
66 0.000000 1.185910 
67 0.000000 1.195321 
68 0.000000 1.204634 
69 0.000000 1.213847 
70 0.000000 1.222960 
71 0.000000 1.231972 
72 0.000000 1.240882 
73 0.000000 1.249689 
74 0.000000 1.258394 
75 0.000000 1.266994 
76 0.000000 1.275489 
77 0.000000 1.283879 
78 0.000000 1.292163 
79 0.000000 1.300340 
80 0.000000 1.308410 
81 0.000000 1.316372 
82 0.000000 1.324224 
83 0.000000 1.331968 
84 0.000000 1.339601 
85 0.000000 1.347124 
86 0.000000 1.354535 
87 0.000000 1.361834 
88 0.000000 1.369021 
89 0.000000 1.376094 
90 0.000000 1.383054 
91 0.000000 1.389900 
92 0.000000 1.396630 
93 0.000000 1.403246 
94 0.000000 1.409745 
95 0.000000 1.416128 
96 0.000000 1.422394 
97 0.000000 1.428542 
98 0.000000 1.434572 
99 0.000000 1.440483 
100 0.000000 1.446276 
101 0.000000 1.451949 
102 0.000000 1.457502 
103 0.000000 1.462935 
104 0.000000 1.468246 
105 0.000000 1.473436 
106 0.000000 1.478505 
107 0.000000 1.483451 
108 0.000000 1.488275 
109 0.000000 1.492976 
110 0.000000 1.497553 
111 0.000000 1.502007 
112 0.000000 1.506336 
113 0.000000 1.510541 
114 0.000000 1.514621 
115 0.000000 1.518576 
116 0.000000 1.522406 
117 0.000000 1.526110 
118 0.000000 1.529687 
119 0.000000 1.533138 
120 0.000000 1.536463 
121 0.000000 1.539660 
122 0.000000 1.542730 
123 0.000000 1.545673 
124 0.000000 1.548488 
125 0.000000 1.551175 
126 0.000000 1.553734 
127 0.000000 1.556164 
128 0.000000 1.558466 
129 0.000000 1.560639 
130 0.000000 1.562683 
131 0.000000 1.564597 
132 0.000000 1.566383 
133 0.000000 1.568039 
134 0.000000 1.569566 
135 0.000000 1.570962 
136 0.000000 1.572229 
137 0.000000 1.573366 
138 0.000000 1.574373 
139 0.000000 1.575250 
140 0.000000 1.575997 
141 0.000000 1.576613 
142 0.000000 1.577099 
143 0.000000 1.577455 
144 0.000000 1.577681 
145 0.000000 1.577776 
146 0.000000 1.577740 
147 0.000000 1.577575 
148 0.000000 1.577279 
149 0.000000 1.576852 
150 0.000000 1.576295 
151 0.000000 1.575608 
152 0.000000 1.574791 
153 0.000000 1.573844 
154 0.000000 1.572766 
155 0.000000 1.571559 
156 0.000000 1.570221 
157 0.000000 1.568754 
158 0.000000 1.567157 
159 0.000000 1.565431 
160 0.000000 1.563575 
161 0.000000 1.561591 
162 0.000000 1.559477 
163 0.000000 1.557234 
164 0.000000 1.554862 
165 0.000000 1.552362 
166 0.000000 1.549734 
167 0.000000 1.546978 
168 0.000000 1.544093 
169 0.000000 1.541082 
170 0.000000 1.537942 
171 0.000000 1.534676 
172 0.000000 1.531283 
173 0.000000 1.527763 
174 0.000000 1.524117 
175 0.000000 1.520345 
176 0.000000 1.516448 
177 0.000000 1.512425 
178 0.000000 1.508277 
179 0.000000 1.504005 
180 0.000000 1.499608 
181 0.000000 1.495087 
182 0.000000 1.490443 
183 0.000000 1.485675 
184 0.000000 1.480785 
185 0.000000 1.475772 
186 0.000000 1.470638 
187 0.000000 1.465382 
188 0.000000 1.460004 
189 0.000000 1.454506 
190 0.000000 1.448888 
191 0.000000 1.443150 
192 0.000000 1.437293 
193 0.000000 1.431317 
194 0.000000 1.425223 
195 0.000000 1.419011 
196 0.000000 1.412682 
197 0.000000 1.406236 
198 0.000000 1.399674 
199 0.000000 1.392996 
200 0.000000 1.386203 
201 0.000000 1.379295 
202 0.000000 1.372274 
203 0.000000 1.365139 
204 0.000000 1.357891 
205 0.000000 1.350531 
206 0.000000 1.343059 
207 0.000000 1.335476 
208 0.000000 1.327783 
209 0.000000 1.319981 
210 0.000000 1.312069 
211 0.000000 1.304049 
212 0.000000 1.295921 
213 0.000000 1.287685 
214 0.000000 1.279344 
215 0.000000 1.270897 
216 0.000000 1.262344 
217 0.000000 1.253688 
218 0.000000 1.244927 
219 0.000000 1.236064 
220 0.000000 1.227099 
221 0.000000 1.218032 
222 0.000000 1.208865 
223 0.000000 1.199598 
224 0.000000 1.190231 
225 0.000000 1.180766 
226 0.000000 1.171204 
227 0.000000 1.161545 
228 0.000000 1.151790 
229 0.000000 1.141939 
230 0.000000 1.131995 
231 0.000000 1.121956 
232 0.000000 1.111825 
233 0.000000 1.101603 
234 0.000000 1.091289 
235 0.000000 1.080884 
236 0.000000 1.070391 
237 0.000000 1.059809 
238 0.000000 1.049140 
239 0.000000 1.038383 
240 0.000000 1.027541 
241 0.000000 1.016615 
242 0.000000 1.005604 
243 0.000000 0.994510 
244 0.000000 0.983333 
245 0.000000 0.972076 
246 0.000000 0.960738 
247 0.000000 0.949321 
248 0.000000 0.937825 
249 0.000000 0.926252 
250 0.000000 0.914602 
251 0.000000 0.902877 
252 0.000000 0.891077 
253 0.000000 0.879203 
254 0.000000 0.867257 
255 0.000000 0.855239 
256 0.000000 0.843150 
257 0.000000 0.830992 
258 0.000000 0.818765 
259 0.000000 0.806470 
260 0.000000 0.794109 
261 0.000000 0.781682 
262 0.000000 0.769191 
263 0.000000 0.756636 
264 0.000000 0.744018 
265 0.000000 0.731339 
266 0.000000 0.718599 
267 0.000000 0.705800 
268 0.000000 0.692943 
269 0.000000 0.680029 
270 0.000000 0.667058 
271 0.000000 0.654032 
272 0.000000 0.640952 
273 0.000000 0.627819 
274 0.000000 0.614635 
275 0.000000 0.601399 
276 0.000000 0.588114 
277 0.000000 0.574780 
278 0.000000 0.561398 
279 0.000000 0.547971 
280 0.000000 0.534498 
281 0.000000 0.520980 
282 0.000000 0.507420 
283 0.000000 0.493818 
284 0.000000 0.480175 
285 0.000000 0.466492 
286 0.000000 0.452771 
287 0.000000 0.439012 
288 0.000000 0.425217 
289 0.000000 0.411387 
290 0.000000 0.397523 
291 0.000000 0.383626 
292 0.000000 0.369697 
293 0.000000 0.355738 
294 0.000000 0.341749 
295 0.000000 0.327733 
296 0.000000 0.313689 
297 0.000000 0.299619 
298 0.000000 0.285524 
299 0.000000 0.271406 
300 0.000000 0.257265 
301 0.000000 0.243103 
302 0.000000 0.228921 
303 0.000000 0.214720 
304 0.000000 0.200502 
305 0.000000 0.186266 
306 0.000000 0.172016 
307 0.000000 0.157751 
308 0.000000 0.143473 
309 0.000000 0.129183 
310 0.000000 0.114883 
311 0.000000 0.100573 
312 0.000000 0.086255 
313 0.000000 0.071929 
314 0.000000 0.057598 
315 0.000000 0.043262 
316 0.000000 0.028922 
317 0.000000 0.014580 
318 0.000000 0.000237 
319 0.000000 -0.014106 
320 0.000000 -0.028448 
321 0.000000 -0.042788 
322 0.000000 -0.057124 
323 0.000000 -0.071456 
324 0.000000 -0.085781 
325 0.000000 -0.100100 
326 0.000000 -0.114410 
327 0.000000 -0.128711 
328 0.000000 -0.143001 
329 0.000000 -0.157279 
330 0.000000 -0.171544 
331 0.000000 -0.185796 
332 0.000000 -0.200031 
333 0.000000 -0.214251 
334 0.000000 -0.228452 
335 0.000000 -0.242635 
336 0.000000 -0.256797 
337 0.000000 -0.270939 
338 0.000000 -0.285058 
339 0.000000 -0.299153 
340 0.000000 -0.313224 
341 0.000000 -0.327269 
342 0.000000 -0.341287 
343 0.000000 -0.355276 
344 0.000000 -0.369236 
345 0.000000 -0.383166 
346 0.000000 -0.397064 
347 0.000000 -0.410929 
348 0.000000 -0.424761 
349 0.000000 -0.438557 
350 0.000000 -0.452317 
351 0.000000 -0.466039 
352 0.000000 -0.479723 
353 0.000000 -0.493367 
354 0.000000 -0.506971 
355 0.000000 -0.520533 
356 0.000000 -0.534051 
357 0.000000 -0.547526 
358 0.000000 -0.560955 
359 0.000000 -0.574338 
360 0.000000 -0.587674 
361 0.000000 -0.600961 
362 0.000000 -0.614198 
363 0.000000 -0.627384 
364 0.000000 -0.640519 
365 0.000000 -0.653601 
366 0.000000 -0.666628 
367 0.000000 -0.679601 
368 0.000000 -0.692517 
369 0.000000 -0.705376 
370 0.000000 -0.718177 
371 0.000000 -0.730919 
372 0.000000 -0.743600 
373 0.000000 -0.756220 
374 0.000000 -0.768777 
375 0.000000 -0.781270 
376 0.000000 -0.793699 
377 0.000000 -0.806063 
378 0.000000 -0.818360 
379 0.000000 -0.830589 
380 0.000000 -0.842750 
381 0.000001 -0.854840 
382 0.000001 -0.866861 
383 0.000001 -0.878809 
384 0.000001 -0.890685 
385 0.000001 -0.902488 
386 0.000001 -0.914216 
387 0.000001 -0.925868 
388 0.000001 -0.937444 
389 0.000001 -0.948942 
390 0.000001 -0.960362 
391 0.000001 -0.971702 
392 0.000001 -0.982962 
393 0.000001 -0.994141 
394 0.000001 -1.005238 
395 0.000001 -1.016252 
396 0.000001 -1.027182 
397 0.000001 -1.038026 
398 0.000001 -1.048785 
399 0.000001 -1.059458 
400 0.000001 -1.070043 
401 0.000001 -1.080539 
402 0.000001 -1.090946 
403 0.000001 -1.101263 
404 0.000001 -1.111489 
405 0.000002 -1.121623 
406 0.000002 -1.131664 
407 0.000002 -1.141612 
408 0.000002 -1.151466 
409 0.000002 -1.161224 
410 0.000002 -1.170886 
411 0.000002 -1.180452 
412 0.000002 -1.189920 
413 0.000002 -1.199290 
414 0.000002 -1.208560 
415 0.000002 -1.217731 
416 0.000002 -1.226801 
417 0.000003 -1.235769 
418 0.000003 -1.244636 
419 0.000003 -1.253400 
420 0.000003 -1.262060 
421 0.000003 -1.270616 
422 0.000003 -1.279066 
423 0.000003 -1.287411 
424 0.000003 -1.295650 
425 0.000004 -1.303782 
426 0.000004 -1.311805 
427 0.000004 -1.319721 
428 0.000004 -1.327527 
429 0.000004 -1.335224 
430 0.000004 -1.342810 
431 0.000005 -1.350286 
432 0.000005 -1.357649 
433 0.000005 -1.364901 
434 0.000005 -1.372040 
435 0.000005 -1.379065 
436 0.000006 -1.385976 
437 0.000006 -1.392773 
438 0.000006 -1.399455 
439 0.000006 -1.406021 
440 0.000007 -1.412471 
441 0.000007 -1.418804 
442 0.000007 -1.425020 
443 0.000008 -1.431118 
444 0.000008 -1.437098 
445 0.000008 -1.442959 
446 0.000009 -1.448701 
447 0.000009 -1.454323 
448 0.000009 -1.459825 
449 0.000010 -1.465206 
450 0.000010 -1.470466 
451 0.000011 -1.475605 
452 0.000011 -1.480621 
453 0.000012 -1.485516 
454 0.000012 -1.490287 
455 0.000012 -1.494935 
456 0.000013 -1.499460 
457 0.000014 -1.503861 
458 0.000014 -1.508138 
459 0.000015 -1.512290 
460 0.000015 -1.516317 
461 0.000016 -1.520219 
462 0.000017 -1.523995 
463 0.000017 -1.527645 
464 0.000018 -1.531169 
465 0.000019 -1.534566 
466 0.000019 -1.537836 
467 0.000020 -1.540980 
468 0.000021 -1.543996 
469 0.000022 -1.546884 
470 0.000023 -1.549645 
471 0.000024 -1.552277 
472 0.000025 -1.554782 
473 0.000026 -1.557157 
474 0.000027 -1.559405 
475 0.000028 -1.561523 
476 0.000029 -1.563512 
477 0.000030 -1.565372 
478 0.000031 -1.567102 
479 0.000033 -1.568703 
480 0.000034 -1.570175 
481 0.000035 -1.571516 
482 0.000037 -1.572728 
483 0.000038 -1.573810 
484 0.000040 -1.574762 
485 0.000041 -1.575583 
486 0.000043 -1.576275 
487 0.000045 -1.576836 
488 0.000046 -1.577267 
489 0.000048 -1.577567 
490 0.000050 -1.577737 
491 0.000052 -1.577777 
492 0.000054 -1.577686 
493 0.000056 -1.577465 
494 0.000058 -1.577113 
495 0.000061 -1.576631 
496 0.000063 -1.576019 
497 0.000065 -1.575277 
498 0.000068 -1.574404 
499 0.000071 -1.573402 
500 0.000073 -1.572269 
501 0.000076 -1.571006 
502 0.000079 -1.569614 
503 0.000082 -1.568092 
504 0.000085 -1.566440 
505 0.000088 -1.564659 
506 0.000092 -1.562748 
507 0.000095 -1.560708 
508 0.000099 -1.558540 
509 0.000103 -1.556242 
510 0.000107 -1.553816 
511 0.000111 -1.551261 
512 0.000115 -1.548579 
513 0.000119 -1.545768 
514 0.000124 -1.542830 
515 0.000128 -1.539764 
516 0.000133 -1.536570 
517 0.000138 -1.533250 
518 0.000143 -1.529803 
519 0.000149 -1.526230 
520 0.000154 -1.522530 
521 0.000160 -1.518705 
522 0.000166 -1.514754 
523 0.000172 -1.510678 
524 0.000179 -1.506477 
525 0.000185 -1.502152 
526 0.000192 -1.497702 
527 0.000199 -1.493129 
528 0.000206 -1.488432 
529 0.000214 -1.483613 
530 0.000222 -1.478670 
531 0.000230 -1.473606 
532 0.000238 -1.468420 
533 0.000247 -1.463112 
534 0.000256 -1.457683 
535 0.000265 -1.452134 
536 0.000275 -1.446465 
537 0.000285 -1.440677 
538 0.000295 -1.434769 
539 0.000306 -1.428743 
540 0.000317 -1.422599 
541 0.000328 -1.416337 
542 0.000340 -1.409958 
543 0.000352 -1.403462 
544 0.000365 -1.396851 
545 0.000378 -1.390124 
546 0.000391 -1.383282 
547 0.000405 -1.376326 
548 0.000420 -1.369256 
549 0.000435 -1.362073 
550 0.000450 -1.354778 
551 0.000466 -1.347370 
552 0.000482 -1.339851 
553 0.000499 -1.332222 
554 0.000517 -1.324482 
555 0.000535 -1.316633 
556 0.000554 -1.308675 
557 0.000573 -1.300609 
558 0.000593 -1.292435 
559 0.000614 -1.284155 
560 0.000635 -1.275768 
561 0.000657 -1.267276 
562 0.000680 -1.258680 
563 0.000703 -1.249979 
564 0.000727 -1.241175 
565 0.000752 -1.232268 
566 0.000778 -1.223260 
567 0.000805 -1.214150 
568 0.000832 -1.204940 
569 0.000861 -1.195631 
570 0.000890 -1.186222 
571 0.000920 -1.176716 
572 0.000952 -1.167113 
573 0.000984 -1.157412 
574 0.001017 -1.147617 
575 0.001051 -1.137726 
576 0.001087 -1.127742 
577 0.001123 -1.117664 
578 0.001161 -1.107494 
579 0.001200 -1.097232 
580 0.001240 -1.086880 
581 0.001281 -1.076438 
582 0.001324 -1.065907 
583 0.001368 -1.055287 
584 0.001413 -1.044581 
585 0.001460 -1.033788 
586 0.001508 -1.022910 
587 0.001558 -1.011947 
588 0.001609 -1.000901 
589 0.001662 -0.989772 
590 0.001716 -0.978561 
591 0.001773 -0.967269 
592 0.001830 -0.955897 
593 0.001890 -0.944447 
594 0.001951 -0.932918 
595 0.002015 -0.921312 
596 0.002080 -0.909630 
597 0.002147 -0.897873 
598 0.002216 -0.886042 
599 0.002288 -0.874137 
600 0.002361 -0.862160 
601 0.002437 -0.850112 
602 0.002515 -0.837994 
603 0.002595 -0.825806 
604 0.002678 -0.813550 
605 0.002763 -0.801227 
606 0.002850 -0.788838 
607 0.002941 -0.776384 
608 0.003034 -0.763865 
609 0.003129 -0.751283 
610 0.003228 -0.738639 
611 0.003329 -0.725934 
612 0.003433 -0.713170 
613 0.003541 -0.700346 
614 0.003651 -0.687464 
615 0.003765 -0.674525 
616 0.003882 -0.661531 
617 0.004002 -0.648482 
618 0.004126 -0.635380 
619 0.004253 -0.622225 
620 0.004384 -0.609018 
621 0.004519 -0.595761 
622 0.004658 -0.582455 
623 0.004800 -0.569101 
624 0.004947 -0.555700 
625 0.005098 -0.542253 
626 0.005253 -0.528761 
627 0.005412 -0.515225 
628 0.005576 -0.501647 
629 0.005745 -0.488027 
630 0.005918 -0.474367 
631 0.006096 -0.460668 
632 0.006279 -0.446931 
633 0.006467 -0.433156 
634 0.006661 -0.419346 
635 0.006860 -0.405502 
636 0.007064 -0.391623 
637 0.007274 -0.377713 
638 0.007489 -0.363771 
639 0.007711 -0.349799 
640 0.007938 -0.335798 
641 0.008172 -0.321770 
642 0.008412 -0.307715 
643 0.008659 -0.293634 
644 0.008912 -0.279529 
645 0.009172 -0.265402 
646 0.009439 -0.251252 
647 0.009713 -0.237081 
648 0.009995 -0.222891 
649 0.010284 -0.208682 
650 0.010581 -0.194456 
651 0.010885 -0.180215 
652 0.011198 -0.165958 
653 0.011519 -0.151687 
654 0.011848 -0.137404 
655 0.012187 -0.123110 
656 0.012534 -0.108805 
657 0.012890 -0.094491 
658 0.013255 -0.080170 
659 0.013630 -0.065842 
660 0.014014 -0.051509 
661 0.014409 -0.037171 
662 0.014813 -0.022830 
663 0.015228 -0.008487 
664 0.015654 0.005856 
665 0.016090 0.020199 
666 0.016538 0.034540 
667 0.016997 0.048879 
668 0.017468 0.063213 
669 0.017950 0.077542 
670 0.018445 0.091865 
671 0.018952 0.106180 
672 0.019472 0.120486 
673 0.020005 0.134783 
674 0.020551 0.149068 
675 0.021111 0.163341 
676 0.021684 0.177600 
677 0.022272 0.191845 
678 0.022875 0.206074 
679 0.023492 0.220286 
680 0.024124 0.234479 
681 0.024772 0.248654 
682 0.025435 0.262807 
683 0.026115 0.276939 
684 0.026811 0.291049 
685 0.027524 0.305134 
686 0.028254 0.319194 
687 0.029001 0.333227 
688 0.029767 0.347233 
689 0.030551 0.361210 
690 0.031353 0.375158 
691 0.032174 0.389074 
692 0.033015 0.402958 
693 0.033876 0.416809 
694 0.034757 0.430626 
695 0.035659 0.444407 
696 0.036581 0.458151 
697 0.037526 0.471857 
698 0.038492 0.485524 
699 0.039480 0.499151 
700 0.040492 0.512737 
701 0.041527 0.526281 
702 0.042585 0.539781 
703 0.043668 0.553236 
704 0.044775 0.566646 
705 0.045908 0.580009 
706 0.047066 0.593324 
707 0.048250 0.606590 
708 0.049461 0.619806 
709 0.050699 0.632970 
710 0.051965 0.646083 
711 0.053260 0.659141 
712 0.054583 0.672146 
713 0.055935 0.685095 
714 0.057317 0.697987 
715 0.058730 0.710821 
716 0.060174 0.723597 
717 0.061649 0.736313 
718 0.063157 0.748968 
719 0.064697 0.761562 
720 0.066271 0.774092 
721 0.067878 0.786558 
722 0.069521 0.798960 
723 0.071198 0.811295 
724 0.072911 0.823563 
725 0.074661 0.835763 
726 0.076448 0.847894 
727 0.078273 0.859955 
728 0.080137 0.871945 
729 0.082039 0.883863 
730 0.083982 0.895708 
731 0.085965 0.907479 
732 0.087989 0.919175 
733 0.090056 0.930795 
734 0.092165 0.942338 
735 0.094317 0.953803 
736 0.096514 0.965189 
737 0.098755 0.976496 
738 0.101042 0.987721 
739 0.103376 0.998865 
740 0.105757 1.009927 
741 0.108186 1.020905 
742 0.110664 1.031799 
743 0.113191 1.042607 
744 0.115769 1.053330 
745 0.118398 1.063965 
746 0.121079 1.074512 
747 0.123812 1.084971 
748 0.126600 1.095340 
749 0.129442 1.105618 
750 0.132340 1.115805 
751 0.135294 1.125900 
752 0.138305 1.135902 
753 0.141374 1.145810 
754 0.144503 1.155623 
755 0.147691 1.165340 
756 0.150940 1.174962 
757 0.154251 1.184486 
758 0.157624 1.193912 
759 0.161061 1.203240 
760 0.164563 1.212468 
761 0.168130 1.221596 
762 0.171763 1.230623 
763 0.175464 1.239549 
764 0.179234 1.248371 
765 0.183072 1.257091 
766 0.186982 1.265707 
767 0.190962 1.274218 
768 0.195015 1.282624 
769 0.199142 1.290924 
770 0.203343 1.299118 
771 0.207620 1.307203 
772 0.211973 1.315181 
773 0.216403 1.323050 
774 0.220913 1.330810 
775 0.225502 1.338460 
776 0.230172 1.345999 
777 0.234924 1.353427 
778 0.239758 1.360744 
779 0.244677 1.367947 
780 0.249681 1.375038 
781 0.254771 1.382015 
782 0.259949 1.388878 
783 0.265215 1.395626 
784 0.270571 1.402258 
785 0.276017 1.408775 
786 0.281555 1.415175 
787 0.287187 1.421459 
788 0.292912 1.427625 
789 0.298733 1.433673 
790 0.304650 1.439602 
791 0.310664 1.445412 
792 0.316778 1.451103 
793 0.322991 1.456675 
794 0.329305 1.462125 
795 0.335722 1.467455 
796 0.342242 1.472664 
797 0.348867 1.477751 
798 0.355597 1.482715 
799 0.362435 1.487558 
800 0.369380 1.492277 
801 0.376435 1.496873 
802 0.383600 1.501345 
803 0.390877 1.505693 
804 0.398268 1.509917 
805 0.405772 1.514016 
806 0.413391 1.517990 
807 0.421127 1.521838 
808 0.428980 1.525561 
809 0.436953 1.529157 
810 0.445045 1.532627 
811 0.453259 1.535971 
812 0.461595 1.539187 
813 0.470055 1.542277 
814 0.478640 1.545239 
815 0.487350 1.548073 
816 0.496188 1.550779 
817 0.505155 1.553357 
818 0.514250 1.555807 
819 0.523477 1.558128 
820 0.532835 1.560320 
821 0.542327 1.562384 
822 0.551952 1.564318 
823 0.561713 1.566123 
824 0.571611 1.567798 
825 0.581646 1.569344 
826 0.591820 1.570761 
827 0.602134 1.572047 
828 0.612589 1.573204 
829 0.623187 1.574230 
830 0.633927 1.575127 
831 0.644812 1.575893 
832 0.655843 1.576529 
833 0.667020 1.577035 
834 0.678344 1.577410 
835 0.689818 1.577655 
836 0.701441 1.577770 
837 0.713215 1.577754 
838 0.725141 1.577608 
839 0.737219 1.577331 
840 0.749452 1.576925 
841 0.761839 1.576387 
842 0.774382 1.575720 
843 0.787082 1.574922 
844 0.799940 1.573994 
845 0.812957 1.572936 
846 0.826133 1.571748 
847 0.839470 1.570431 
848 0.852968 1.568983 
849 0.866628 1.567406 
850 0.880452 1.565699 
851 0.894439 1.563863 
852 0.908592 1.561897 
853 0.922910 1.559803 
854 0.937395 1.557579 
855 0.952046 1.555227 
856 0.966866 1.552746 
857 0.981855 1.550137 
858 0.997012 1.547400 
859 1.012340 1.544535 
860 1.027839 1.541543 
861 1.043509 1.538423 
862 1.059351 1.535175 
863 1.075366 1.531801 
864 1.091553 1.528301 
865 1.107915 1.524674 
866 1.124451 1.520921 
867 1.141161 1.517042 
868 1.158047 1.513038 
869 1.175108 1.508909 
870 1.192345 1.504655 
871 1.209759 1.500277 
872 1.227350 1.495775 
873 1.245118 1.491149 
874 1.263063 1.486400 
875 1.281186 1.481528 
876 1.299487 1.476534 
877 1.317966 1.471418 
878 1.336623 1.466180 
879 1.355459 1.460821 
880 1.374474 1.455341 
881 1.393667 1.449741 
882 1.413040 1.444021 
883 1.432591 1.438182 
884 1.452320 1.432224 
885 1.472229 1.426147 
886 1.492316 1.419953 
887 1.512582 1.413641 
888 1.533026 1.407213 
889 1.553648 1.400668 
890 1.574448 1.394007 
891 1.595426 1.387232 
892 1.616582 1.380341 
893 1.637914 1.373337 
894 1.659423 1.366219 
895 1.681109 1.358988 
896 1.702970 1.351645 
897 1.725006 1.344190 
898 1.747218 1.336624 
899 1.769604 1.328947 
900 1.792163 1.321161 
901 1.814895 1.313266 
902 1.837800 1.305262 
903 1.860876 1.297150 
904 1.884122 1.288931 
905 1.907539 1.280605 
906 1.931125 1.272174 
907 1.954879 1.263637 
908 1.978800 1.254996 
909 2.002887 1.246251 
910 2.027140 1.237404 
911 2.051557 1.228454 
912 2.076136 1.219402 
913 2.100878 1.210250 
914 2.125780 1.200998 
915 2.150841 1.191646 
916 2.176060 1.182196 
917 2.201436 1.172648 
918 2.226968 1.163004 
919 2.252653 1.153263 
920 2.278490 1.143427 
921 2.304478 1.133496 
922 2.330616 1.123472 
923 2.356901 1.113355 
924 2.383332 1.103146 
925 2.409907 1.092845 
926 2.436624 1.082455 
927 2.463483 1.071975 
928 2.490479 1.061406 
929 2.517613 1.050750 
930 2.544882 1.040007 
931 2.572283 1.029177 
932 2.599816 1.018263 
933 2.627477 1.007265 
934 2.655264 0.996183 
935 2.683176 0.985019 
936 2.711210 0.973774 
937 2.739365 0.962448 
938 2.767636 0.951043 
939 2.796023 0.939559 
940 2.824522 0.927997 
941 2.853132 0.916359 
942 2.881850 0.904645 
943 2.910673 0.892856 
944 2.939598 0.880993 
945 2.968623 0.869058 
946 2.997746 0.857051 
947 3.026963 0.844973 
948 3.056272 0.832825 
949 3.085669 0.820608 
950 3.115153 0.808324 
951 3.144720 0.795972 
952 3.174366 0.783555 
953 3.204090 0.771073 
954 3.233888 0.758528 
955 3.263757 0.745919 
956 3.293694 0.733250 
957 3.323695 0.720519 
958 3.353758 0.707729 
959 3.383879 0.694880 
960 3.414055 0.681974 
961 3.444282 0.669012 
962 3.474558 0.655994 
963 3.504878 0.642923 
964 3.535239 0.629798 
965 3.565639 0.616621 
966 3.596072 0.603393 
967 3.626536 0.590115 
968 3.657028 0.576788 
969 3.687542 0.563414 
970 3.718077 0.549993 
971 3.748627 0.536527 
972 3.779190 0.523016 
973 3.809761 0.509462 
974 3.840337 0.495866 
975 3.870914 0.482229 
976 3.901488 0.468552 
977 3.932055 0.454837 
978 3.962611 0.441084 
979 3.993152 0.427294 
980 4.023675 0.413469 
981 4.054175 0.399610 
982 4.084647 0.385718 
983 4.115089 0.371794 
984 4.145496 0.357839 
985 4.175864 0.343855 
986 4.206189 0.329842 
987 4.236466 0.315802 
988 4.266692 0.301736 
989 4.296861 0.287645 
990 4.326971 0.273531 
991 4.357017 0.259393 
992 4.386994 0.245234 
993 4.416898 0.231055 
994 4.446725 0.216857 
995 4.476471 0.202641 
996 4.506131 0.188408 
997 4.535701 0.174160 
998 4.565176 0.159897 
999 4.594553 0.145621 
1000 4.623827 0.131333 
1001 4.652994 0.117034 
1002 4.682048 0.102726 
1003 4.710987 0.088408 
1004 4.739805 0.074084 
1005 4.768498 0.059754 
1006 4.797061 0.045418 
1007 4.825491 0.031079 
1008 4.853783 0.016737 
1009 4.881932 0.002394 
1010 4.909934 -0.011949 
1011 4.937785 -0.026292 
1012 4.965480 -0.040632 
1013 4.993015 -0.054969 
1014 5.020385 -0.069301 
1015 5.047587 -0.083627 
1016 5.074615 -0.097947 
1017 5.101466 -0.112259 
1018 5.128135 -0.126561 
1019 5.154617 -0.140853 
1020 5.180910 -0.155133 
1021 5.207007 -0.169400 
1022 5.232905 -0.183653 
1023 5.258600 -0.197892 
1024 5.284087 -0.212113 
1025 5.309362 -0.226318 
1026 5.334421 -0.240503 
1027 5.359259 -0.254669 
1028 5.383873 -0.268814 
1029 5.408259 -0.282936 
1030 5.432411 -0.297035 
1031 5.456327 -0.311110 
1032 5.480002 -0.325158 
1033 5.503432 -0.339180 
1034 5.526613 -0.353174 
1035 5.549541 -0.367139 
1036 5.572212 -0.381073 
1037 5.594622 -0.394976 
1038 5.616767 -0.408846 
1039 5.638644 -0.422683 
1040 5.660248 -0.436484 
1041 5.681577 -0.450250 
1042 5.702625 -0.463978 
1043 5.723389 -0.477668 
1044 5.743867 -0.491318 
1045 5.764053 -0.504928 
1046 5.783945 -0.518496 
1047 5.803539 -0.532021 
1048 5.822831 -0.545502 
1049 5.841818 -0.558939 
1050 5.860497 -0.572329 
1051 5.878864 -0.585671 
1052 5.896916 -0.598966 
1053 5.914650 -0.612210 
1054 5.932062 -0.625404 
1055 5.949150 -0.638547 
1056 5.965910 -0.651637 
1057 5.982339 -0.664673 
1058 5.998435 -0.677653 
1059 6.014194 -0.690578 
1060 6.029613 -0.703446 
1061 6.044690 -0.716256 
1062 6.059421 -0.729006 
1063 6.073805 -0.741697 
1064 6.087838 -0.754326 
1065 6.101518 -0.766892 
1066 6.114843 -0.779396 
1067 6.127809 -0.791834 
1068 6.140415 -0.804208 
1069 6.152658 -0.816515 
1070 6.164536 -0.828754 
1071 6.176046 -0.840925 
1072 6.187187 -0.853027 
1073 6.197957 -0.865058 
1074 6.208353 -0.877017 
1075 6.218373 -0.888904 
1076 6.228017 -0.900718 
1077 6.237281 -0.912457 
1078 6.246164 -0.924120 
1079 6.254664 -0.935708 
1080 6.262780 -0.947218 
1081 6.270511 -0.958649 
1082 6.277855 -0.970002 
1083 6.284810 -0.981274 
1084 6.291375 -0.992465 
1085 6.297549 -1.003575 
1086 6.303330 -1.014601 
1087 6.308719 -1.025543 
1088 6.313713 -1.036401 
1089 6.318312 -1.047173 
1090 6.322514 -1.057858 
1091 6.326320 -1.068456 
1092 6.329728 -1.078966 
1093 6.332737 -1.089387 
1094 6.335348 -1.099717 
1095 6.337559 -1.109957 
1096 6.339370 -1.120105 
1097 6.340782 -1.130160 
1098 6.341793 -1.140122 
1099 6.342403 -1.149990 
1100 6.342612 -1.159763 
1101 6.342421 -1.169439 
1102 6.341829 -1.179020 
1103 6.340836 -1.188502 
1104 6.339443 -1.197887 
1105 6.337649 -1.207172 
1106 6.335456 -1.216358 
1107 6.332863 -1.225443 
1108 6.329872 -1.234427 
1109 6.326481 -1.243309 
1110 6.322694 -1.252088 
1111 6.318509 -1.260764 
1112 6.313928 -1.269336 
1113 6.308951 -1.277802 
1114 6.303580 -1.286163 
1115 6.297816 -1.294418 
1116 6.291659 -1.302566 
1117 6.285112 -1.310606 
1118 6.278174 -1.318538 
1119 6.270848 -1.326360 
1120 6.263134 -1.334073 
1121 6.255034 -1.341676 
1122 6.246551 -1.349168 
1123 6.237684 -1.356549 
1124 6.228437 -1.363817 
1125 6.218810 -1.370973 
1126 6.208806 -1.378016 
1127 6.198426 -1.384944 
1128 6.187672 -1.391758 
1129 6.176547 -1.398457 
1130 6.165052 -1.405041 
1131 6.153189 -1.411508 
1132 6.140962 -1.417859 
1133 6.128371 -1.424092 
1134 6.115420 -1.430208 
1135 6.102110 -1.436206 
1136 6.088445 -1.442085 
1137 6.074426 -1.447845 
1138 6.060056 -1.453485 
1139 6.045339 -1.459005 
1140 6.030276 -1.464404 
1141 6.014870 -1.469683 
1142 5.999125 -1.474840 
1143 5.983043 -1.479875 
1144 5.966627 -1.484787 
1145 5.949879 -1.489577 
1146 5.932804 -1.494244 
1147 5.915404 -1.498788 
1148 5.897683 -1.503207 
1149 5.879642 -1.507503 
1150 5.861287 -1.511673 
1151 5.842619 -1.515719 
1152 5.823643 -1.519640 
1153 5.804362 -1.523435 
1154 5.784779 -1.527104 
1155 5.764897 -1.530647 
1156 5.744721 -1.534063 
1157 5.724254 -1.537353 
1158 5.703499 -1.540515 
1159 5.682460 -1.543550 
1160 5.661141 -1.546458 
1161 5.639546 -1.549238 
1162 5.617678 -1.551890 
1163 5.595541 -1.554413 
1164 5.573139 -1.556808 
1165 5.550476 -1.559075 
1166 5.527556 -1.561212 
1167 5.504382 -1.563221 
1168 5.480959 -1.565100 
1169 5.457291 -1.566850 
1170 5.433382 -1.568471 
1171 5.409235 -1.569962 
1172 5.384856 -1.571323 
1173 5.360247 -1.572554 
1174 5.335414 -1.573656 
1175 5.310360 -1.574627 
1176 5.285090 -1.575468 
1177 5.259608 -1.576179 
1178 5.233917 -1.576760 
1179 5.208023 -1.577210 
1180 5.181930 -1.577530 
1181 5.155641 -1.577720 
1182 5.129162 -1.577779 
1183 5.102496 -1.577708 
1184 5.075648 -1.577506 
1185 5.048622 -1.577174 
1186 5.021422 -1.576712 
1187 4.994054 -1.576120 
1188 4.966520 -1.575397 
1189 4.938826 -1.574544 
1190 4.910977 -1.573561 
1191 4.882975 -1.572448 
1192 4.854827 -1.571205 
1193 4.826535 -1.569832 
1194 4.798105 -1.568329 
1195 4.769542 -1.566697 
1196 4.740848 -1.564935 
1197 4.712029 -1.563044 
1198 4.683090 -1.561023 
1199 4.654034 -1.558874 
1200 4.624866 -1.556596 
1201 4.595590 -1.554189 
1202 4.566211 -1.551654 
1203 4.536733 -1.548990 
1204 4.507160 -1.546199 
1205 4.477497 -1.543280 
1206 4.447749 -1.540233 
1207 4.417918 -1.537059 
1208 4.388010 -1.533758 
1209 4.358030 -1.530330 
1210 4.327980 -1.526775 
1211 4.297866 -1.523095 
1212 4.267692 -1.519288 
1213 4.237462 -1.515356 
1214 4.207180 -1.511299 
1215 4.176850 -1.507117 
1216 4.146477 -1.502810 
1217 4.116064 -1.498380 
1218 4.085617 -1.493825 
1219 4.055138 -1.489147 
1220 4.024632 -1.484345 
1221 3.994103 -1.479422 
1222 3.963555 -1.474375 
1223 3.932993 -1.469207 
1224 3.902419 -1.463918 
1225 3.871838 -1.458508 
1226 3.841254 -1.452977 
1227 3.810670 -1.447326 
1228 3.780091 -1.441555 
1229 3.749521 -1.435665 
1230 3.718963 -1.429657 
1231 3.688420 -1.423530 
1232 3.657897 -1.417286 
1233 3.627398 -1.410925 
1234 3.596925 -1.404447 
1235 3.566483 -1.397853 
1236 3.536075 -1.391143 
1237 3.505704 -1.384319 
1238 3.475375 -1.377380 
1239 3.445090 -1.370327 
1240 3.414853 -1.363161 
1241 3.384668 -1.355882 
1242 3.354538 -1.348491 
1243 3.324465 -1.340989 
1244 3.294454 -1.333376 
1245 3.264507 -1.325653 
1246 3.234628 -1.317820 
1247 3.204820 -1.309879 
1248 3.175086 -1.301829 
1249 3.145429 -1.293671 
1250 3.115852 -1.285407 
1251 3.086358 -1.277036 
1252 3.056950 -1.268560 
1253 3.027631 -1.259979 
1254 2.998403 -1.251294 
1255 2.969270 -1.242505 
1256 2.940234 -1.233614 
1257 2.911298 -1.224621 
1258 2.882464 -1.215526 
1259 2.853736 -1.206332 
1260 2.825115 -1.197037 
1261 2.796604 -1.187644 
1262 2.768207 -1.178152 
1263 2.739924 -1.168563 
1264 2.711759 -1.158877 
1265 2.683714 -1.149096 
1266 2.655790 -1.139220 
1267 2.627992 -1.129249 
1268 2.600320 -1.119185 
1269 2.572776 -1.109029 
1270 2.545363 -1.098781 
1271 2.518084 -1.088442 
1272 2.490939 -1.078014 
1273 2.463931 -1.067496 
1274 2.437061 -1.056890 
1275 2.410333 -1.046197 
1276 2.383747 -1.035417 
1277 2.357304 -1.024551 
1278 2.331008 -1.013601 
1279 2.304860 -1.002567 
1280 2.278861 -0.991451 
1281 2.253012 -0.980252 
1282 2.227316 -0.968972 
1283 2.201774 -0.957613 
1284 2.176387 -0.946174 
1285 2.151157 -0.934657 
1286 2.126085 -0.923062 
1287 2.101172 -0.911392 
1288 2.076420 -0.899646 
1289 2.051830 -0.887826 
1290 2.027403 -0.875932 
1291 2.003139 -0.863966 
1292 1.979042 -0.851929 
1293 1.955110 -0.839821 
1294 1.931346 -0.827644 
1295 1.907750 -0.815398 
1296 1.884323 -0.803085 
1297 1.861066 -0.790705 
1298 1.837980 -0.778261 
1299 1.815065 -0.765752 
1300 1.792323 -0.753179 
1301 1.769754 -0.740545 
1302 1.747359 -0.727849 
1303 1.725138 -0.715093 
1304 1.703092 -0.702278 
1305 1.681221 -0.689405 
1306 1.659526 -0.676475 
1307 1.638008 -0.663489 
1308 1.616666 -0.650448 
1309 1.595502 -0.637353 
1310 1.574515 -0.624206 
1311 1.553706 -0.611007 
1312 1.533075 -0.597758 
1313 1.512622 -0.584459 
1314 1.492348 -0.571112 
1315 1.472252 -0.557718 
1316 1.452336 -0.544278 
1317 1.432598 -0.530792 
1318 1.413039 -0.517263 
1319 1.393659 -0.503691 
1320 1.374457 -0.490078 
1321 1.355435 -0.476424 
1322 1.336591 -0.462730 
1323 1.317926 -0.448999 
1324 1.299440 -0.435230 
1325 1.281132 -0.421425 
1326 1.263001 -0.407586 
1327 1.245049 -0.393713 
1328 1.227274 -0.379807 
1329 1.209677 -0.365870 
1330 1.192256 -0.351902 
1331 1.175012 -0.337906 
1332 1.157945 -0.323881 
1333 1.141053 -0.309830 
1334 1.124336 -0.295753 
1335 1.107794 -0.281652 
1336 1.091427 -0.267528 
1337 1.075233 -0.253381 
1338 1.059213 -0.239213 
1339 1.043365 -0.225026 
1340 1.027689 -0.210820 
1341 1.012185 -0.196597 
1342 0.996852 -0.182357 
1343 0.981689 -0.168103 
1344 0.966696 -0.153834 
1345 0.951871 -0.139553 
1346 0.937214 -0.125260 
1347 0.922725 -0.110957 
1348 0.908403 -0.096644 
1349 0.894246 -0.082324 
1350 0.880254 -0.067997 
1351 0.866426 -0.053664 
1352 0.852761 -0.039327 
1353 0.839259 -0.024987 
1354 0.825919 -0.010644 
1355 0.812739 0.003699 
1356 0.799719 0.018042 
1357 0.786857 0.032384 
1358 0.774154 0.046723 
1359 0.761607 0.061058 
1360 0.749217 0.075388 
1361 0.736981 0.089711 
1362 0.724900 0.104028 
1363 0.712971 0.118335 
1364 0.701194 0.132633 
1365 0.689569 0.146920 
1366 0.678093 0.161195 
1367 0.666766 0.175457 
1368 0.655586 0.189704 
1369 0.644554 0.203935 
1370 0.633667 0.218150 
1371 0.622924 0.232346 
1372 0.612325 0.246523 
1373 0.601868 0.260680 
1374 0.591552 0.274816 
1375 0.581377 0.288928 
1376 0.571340 0.303017 
1377 0.561441 0.317081 
1378 0.551678 0.331118 
1379 0.542051 0.345129 
1380 0.532559 0.359110 
1381 0.523199 0.373062 
1382 0.513972 0.386983 
1383 0.504875 0.400872 
1384 0.495908 0.414728 
1385 0.487070 0.428550 
1386 0.478358 0.442336 
1387 0.469773 0.456086 
1388 0.461313 0.469798 
1389 0.452976 0.483471 
1390 0.444762 0.497105 
1391 0.436669 0.510697 
1392 0.428697 0.524247 
1393 0.420843 0.537754 
1394 0.413107 0.551216 
1395 0.405488 0.564633 
1396 0.397984 0.578003 
1397 0.390594 0.591325 
1398 0.383317 0.604598 
1399 0.376152 0.617822 
1400 0.369098 0.630994 
1401 0.362153 0.644114 
1402 0.355316 0.657181 
1403 0.348586 0.670194 
1404 0.341962 0.683151 
1405 0.335443 0.696052 
1406 0.329027 0.708895 
1407 0.322713 0.721680 
1408 0.316501 0.734405 
1409 0.310388 0.747069 
1410 0.304375 0.759672 
1411 0.298459 0.772212 
1412 0.292639 0.784688 
1413 0.286915 0.797099 
1414 0.281285 0.809444 
1415 0.275748 0.821723 
1416 0.270303 0.833933 
1417 0.264948 0.846075 
1418 0.259683 0.858146 
1419 0.254507 0.870147 
1420 0.249418 0.882076 
1421 0.244416 0.893932 
1422 0.239499 0.905714 
1423 0.234665 0.917421 
1424 0.229915 0.929052 
1425 0.225247 0.940607 
1426 0.220659 0.952084 
1427 0.216152 0.963482 
1428 0.211722 0.974800 
1429 0.207371 0.986038 
1430 0.203096 0.997195 
1431 0.198897 1.008269 
1432 0.194772 1.019260 
1433 0.190721 1.030166 
1434 0.186742 1.040988 
1435 0.182835 1.051723 
1436 0.178998 1.062371 
1437 0.175230 1.072932 
1438 0.171531 1.083404 
1439 0.167899 1.093786 
1440 0.164334 1.104078 
1441 0.160835 1.114279 
1442 0.157400 1.124388 
1443 0.154028 1.134404 
1444 0.150720 1.144326 
1445 0.147473 1.154153 
1446 0.144286 1.163885 
1447 0.141160 1.173521 
1448 0.138093 1.183060 
1449 0.135084 1.192501 
1450 0.132132 1.201843 
1451 0.129236 1.211087 
1452 0.126396 1.220230 
1453 0.123611 1.229272 
1454 0.120879 1.238213 
1455 0.118200 1.247051 
1456 0.115573 1.255787 
1457 0.112997 1.264418 
1458 0.110472 1.272945 
1459 0.107997 1.281367 
1460 0.105570 1.289683 
1461 0.103191 1.297892 
1462 0.100859 1.305994 
1463 0.098574 1.313988 
1464 0.096335 1.321874 
1465 0.094140 1.329650 
1466 0.091990 1.337317 
1467 0.089883 1.344873 
1468 0.087819 1.352317 
1469 0.085797 1.359650 
1470 0.083816 1.366871 
1471 0.081875 1.373979 
1472 0.079975 1.380973 
1473 0.078113 1.387853 
1474 0.076290 1.394618 
1475 0.074505 1.401268 
1476 0.072757 1.407802 
1477 0.071046 1.414220 
1478 0.069370 1.420521 
1479 0.067730 1.426705 
1480 0.066125 1.432771 
1481 0.064553 1.438718 
1482 0.063014 1.444546 
1483 0.061509 1.450255 
1484 0.060036 1.455844 
1485 0.058594 1.461313 
1486 0.057183 1.466661 
1487 0.055803 1.471888 
1488 0.054452 1.476993 
1489 0.053131 1.481977 
1490 0.051839 1.486837 
1491 0.050574 1.491575 
1492 0.049338 1.496190 
1493 0.048129 1.500680 
1494 0.046946 1.505047 
1495 0.045790 1.509290 
1496 0.044659 1.513407 
1497 0.043553 1.517400 
1498 0.042472 1.521267 
1499 0.041416 1.525009 
1500 0.040383 1.528624 
1501 0.039373 1.532114 
1502 0.038386 1.535476 
1503 0.037422 1.538712 
1504 0.036479 1.541820 
1505 0.035558 1.544801 
1506 0.034658 1.547655 
1507 0.033779 1.550380 
1508 0.032919 1.552977 
1509 0.032080 1.555446 
1510 0.031260 1.557787 
1511 0.030459 1.559999 
1512 0.029677 1.562081 
1513 0.028913 1.564035 
1514 0.028167 1.565860 
1515 0.027438 1.567555 
1516 0.026727 1.569120 
1517 0.026032 1.570556 
1518 0.025354 1.571862 
1519 0.024692 1.573038 
1520 0.024046 1.574084 
1521 0.023415 1.575000 
1522 0.022799 1.575786 
1523 0.022198 1.576442 
1524 0.021612 1.576967 
1525 0.021039 1.577362 
1526 0.020481 1.577627 
1527 0.019936 1.577761 
1528 0.019404 1.577765 
1529 0.018886 1.577638 
1530 0.018380 1.577381 
1531 0.017886 1.576994 
1532 0.017405 1.576476 
1533 0.016935 1.575829 
1534 0.016477 1.575050 
1535 0.016031 1.574142 
1536 0.015596 1.573104 
1537 0.015171 1.571935 
1538 0.014757 1.570637 
1539 0.014354 1.569209 
1540 0.013960 1.567651 
1541 0.013577 1.565964 
1542 0.013203 1.564147 
1543 0.012839 1.562201 
1544 0.012484 1.560126 
1545 0.012138 1.557922 
1546 0.011801 1.555589 
1547 0.011472 1.553128 
1548 0.011152 1.550538 
1549 0.010840 1.547820 
1550 0.010537 1.544974 
1551 0.010241 1.542001 
1552 0.009952 1.538900 
1553 0.009672 1.535672 
1554 0.009398 1.532317 
1555 0.009132 1.528835 
1556 0.008873 1.525227 
1557 0.008620 1.521493 
1558 0.008375 1.517633 
1559 0.008135 1.513648 
1560 0.007902 1.509538 
1561 0.007676 1.505303 
1562 0.007455 1.500943 
1563 0.007240 1.496460 
1564 0.007031 1.491853 
1565 0.006827 1.487122 
1566 0.006629 1.482269 
1567 0.006437 1.477293 
1568 0.006249 1.472195 
1569 0.006067 1.466975 
1570 0.005889 1.461634 
1571 0.005717 1.456173 
1572 0.005549 1.450591 
1573 0.005385 1.444889 
1574 0.005227 1.439067 
1575 0.005072 1.433127 
1576 0.004922 1.427069 
1577 0.004776 1.420892 
1578 0.004634 1.414598 
1579 0.004496 1.408187 
1580 0.004361 1.401660 
1581 0.004231 1.395016 
1582 0.004104 1.388258 
1583 0.003981 1.381385 
1584 0.003861 1.374397 
1585 0.003744 1.367296 
1586 0.003631 1.360083 
1587 0.003521 1.352756 
1588 0.003414 1.345318 
1589 0.003310 1.337769 
1590 0.003209 1.330109 
1591 0.003111 1.322339 
1592 0.003016 1.314460 
1593 0.002924 1.306472 
1594 0.002834 1.298377 
1595 0.002747 1.290174 
1596 0.002662 1.281864 
1597 0.002580 1.273448 
1598 0.002500 1.264928 
1599 0.002422 1.256302 
1600 0.002347 1.247573 
1601 0.002274 1.238741 
1602 0.002203 1.229806 
1603 0.002134 1.220770 
1604 0.002067 1.211633 
1605 0.002002 1.202395 
1606 0.001939 1.193059 
1607 0.001878 1.183623 
1608 0.001819 1.174090 
1609 0.001761 1.164460 
1610 0.001705 1.154734 
1611 0.001651 1.144912 
1612 0.001599 1.134996 
1613 0.001548 1.124985 
1614 0.001498 1.114882 
1615 0.001450 1.104687 
1616 0.001404 1.094400 
1617 0.001359 1.084023 
1618 0.001315 1.073556 
1619 0.001272 1.063001 
1620 0.001231 1.052358 
1621 0.001191 1.041628 
1622 0.001153 1.030811 
1623 0.001115 1.019910 
1624 0.001079 1.008924 
1625 0.001044 0.997855 
1626 0.001010 0.986703 
1627 0.000977 0.975470 
1628 0.000945 0.964156 
1629 0.000914 0.952763 
1630 0.000883 0.941291 
1631 0.000854 0.929741 
1632 0.000826 0.918114 
1633 0.000799 0.906411 
1634 0.000772 0.894634 
1635 0.000747 0.882782 
1636 0.000722 0.870858 
1637 0.000698 0.858861 
1638 0.000674 0.846794 
1639 0.000652 0.834656 
1640 0.000630 0.822450 
1641 0.000609 0.810175 
1642 0.000588 0.797834 
1643 0.000568 0.785427 
1644 0.000549 0.772955 
1645 0.000531 0.760418 
1646 0.000513 0.747820 
1647 0.000495 0.735159 
1648 0.000478 0.722437 
1649 0.000462 0.709656 
1650 0.000446 0.696816 
1651 0.000431 0.683919 
1652 0.000416 0.670965 
1653 0.000402 0.657956 
1654 0.000388 0.644892 
1655 0.000375 0.631775 
1656 0.000362 0.618605 
1657 0.000349 0.605385 
1658 0.000337 0.592115 
1659 0.000325 0.578795 
1660 0.000314 0.565428 
1661 0.000303 0.552014 
1662 0.000293 0.538555 
1663 0.000282 0.525050 
1664 0.000273 0.511503 
1665 0.000263 0.497913 
1666 0.000254 0.484282 
1667 0.000245 0.470612 
1668 0.000236 0.456902 
1669 0.000228 0.443154 
1670 0.000220 0.429370 
1671 0.000212 0.415550 
1672 0.000204 0.401696 
1673 0.000197 0.387809 
1674 0.000190 0.373890 
1675 0.000183 0.359940 
1676 0.000177 0.345960 
1677 0.000171 0.331951 
1678 0.000164 0.317915 
1679 0.000158 0.303853 
1680 0.000153 0.289766 
1681 0.000147 0.275655 
1682 0.000142 0.261521 
1683 0.000137 0.247365 
1684 0.000132 0.233189 
1685 0.000127 0.218994 
1686 0.000122 0.204780 
1687 0.000118 0.190550 
1688 0.000114 0.176304 
1689 0.000110 0.162043 
1690 0.000106 0.147769 
1691 0.000102 0.133482 
1692 0.000098 0.119185 
1693 0.000094 0.104878 
1694 0.000091 0.090562 
1695 0.000088 0.076239 
1696 0.000084 0.061909 
1697 0.000081 0.047574 
1698 0.000078 0.033236 
1699 0.000075 0.018894 
1700 0.000072 0.004551 
1701 0.000070 -0.009792 
1702 0.000067 -0.024135 
1703 0.000065 -0.038475 
1704 0.000062 -0.052813 
1705 0.000060 -0.067146 
1706 0.000058 -0.081473 
1707 0.000055 -0.095794 
1708 0.000053 -0.110107 
1709 0.000051 -0.124410 
1710 0.000049 -0.138704 
1711 0.000048 -0.152986 
1712 0.000046 -0.167255 
1713 0.000044 -0.181510 
1714 0.000042 -0.195751 
1715 0.000041 -0.209975 
1716 0.000039 -0.224182 
1717 0.000038 -0.238370 
1718 0.000036 -0.252539 
1719 0.000035 -0.266687 
1720 0.000033 -0.280812 
1721 0.000032 -0.294915 
1722 0.000031 -0.308993 
1723 0.000030 -0.323045 
1724 0.000029 -0.337071 
1725 0.000028 -0.351069 
1726 0.000026 -0.365037 
1727 0.000025 -0.378976 
1728 0.000024 -0.392883 
1729 0.000023 -0.406758 
1730 0.000023 -0.420599 
1731 0.000022 -0.434405 
1732 0.000021 -0.448175 
1733 0.000020 -0.461908 
1734 0.000019 -0.475602 
1735 0.000018 -0.489258 
1736 0.000018 -0.502872 
1737 0.000017 -0.516445 
1738 0.000016 -0.529975 
1739 0.000016 -0.543461 
1740 0.000015 -0.556902 
1741 0.000014 -0.570296 
1742 0.000014 -0.583643 
1743 0.000013 -0.596942 
1744 0.000013 -0.610191 
1745 0.000012 -0.623389 
1746 0.000012 -0.636535 
1747 0.000011 -0.649628 
1748 0.000011 -0.662667 
1749 0.000010 -0.675650 
1750 0.000010 -0.688577 
1751 0.000010 -0.701446 
1752 0.000009 -0.714256 
1753 0.000009 -0.727006 
1754 0.000009 -0.739696 
1755 0.000008 -0.752323 
1756 0.000008 -0.764886 
1757 0.000008 -0.777385 
1758 0.000007 -0.789819 
1759 0.000007 -0.802185 
1760 0.000007 -0.814483 
1761 0.000006 -0.826712 
1762 0.000006 -0.838871 
1763 0.000006 -0.850957 
1764 0.000006 -0.862971 
1765 0.000005 -0.874911 
1766 0.000005 -0.886775 
1767 0.000005 -0.898562 
1768 0.000005 -0.910272 
1769 0.000005 -0.921902 
1770 0.000004 -0.933452 
1771 0.000004 -0.944919 
1772 0.000004 -0.956304 
1773 0.000004 -0.967603 
1774 0.000004 -0.978817 
1775 0.000004 -0.989943 
1776 0.000003 -1.000979 
1777 0.000003 -1.011926 
1778 0.000003 -1.022780 
1779 0.000003 -1.033540 
1780 0.000003 -1.044205 
1781 0.000003 -1.054772 
1782 0.000003 -1.065241 
1783 0.000002 -1.075609 
1784 0.000002 -1.085875 
1785 0.000002 -1.096037 
1786 0.000002 -1.106092 
1787 0.000002 -1.116039 
1788 0.000002 -1.125875 
1789 0.000002 -1.135599 
1790 0.000002 -1.145209 
1791 0.000002 -1.154701 
1792 0.000002 -1.164074 
1793 0.000002 -1.173325 
1794 0.000002 -1.182452 
1795 0.000001 -1.191452 
1796 0.000001 -1.200322 
1797 0.000001 -1.209059 
1798 0.000001 -1.217661 
1799 0.000001 -1.226125 
1800 0.000001 -1.234447 
1801 0.000001 -1.242624 
1802 0.000001 -1.250654 
1803 0.000001 -1.258531 
1804 0.000001 -1.266254 
1805 0.000001 -1.273817 
1806 0.000001 -1.281218 
1807 0.000001 -1.288453 
1808 0.000001 -1.295517 
1809 0.000001 -1.302406 
1810 0.000001 -1.309116 
1811 0.000001 -1.315642 
1812 0.000001 -1.321980 
1813 0.000001 -1.328125 
1814 0.000001 -1.334073 
1815 0.000001 -1.339818 
1816 0.000001 -1.345355 
1817 0.000001 -1.350679 
1818 0.000001 -1.355785 
1819 0.000001 -1.360667 
1820 0.000000 -1.365319 
1821 0.000000 -1.369736 
1822 0.000000 -1.373913 
1823 0.000000 -1.377842 
1824 0.000000 -1.381518 
1825 0.000000 -1.384935 
1826 0.000000 -1.388087 
1827 0.000000 -1.390967 
1828 0.000000 -1.393568 
1829 0.000000 -1.395885 
1830 0.000000 -1.397911 
1831 0.000000 -1.399639 
1832 0.000000 -1.401062 
1833 0.000000 -1.402174 
1834 0.000000 -1.402968 
1835 0.000000 -1.403437 
1836 0.000000 -1.403575 
1837 0.000000 -1.403374 
1838 0.000000 -1.402829 
1839 0.000000 -1.401932 
1840 0.000000 -1.400677 
1841 0.000000 -1.399058 
1842 0.000000 -1.397067 
1843 0.000000 -1.394699 
1844 0.000000 -1.391948 
1845 0.000000 -1.388806 
1846 0.000000 -1.385269 
1847 0.000000 -1.381330 
1848 0.000000 -1.376985 
1849 0.000000 -1.372227 
1850 0.000000 -1.367051 
1851 0.000000 -1.361453 
1852 0.000000 -1.355428 
1853 0.000000 -1.348971 
1854 0.000000 -1.342079 
1855 0.000000 -1.334747 
1856 0.000000 -1.326973 
1857 0.000000 -1.318752 
1858 0.000000 -1.310083 
1859 0.000000 -1.300963 
1860 0.000000 -1.291390 
1861 0.000000 -1.281362 
1862 0.000000 -1.270878 
1863 0.000000 -1.259938 
1864 0.000000 -1.248540 
1865 0.000000 -1.236686 
1866 0.000000 -1.224376 
1867 0.000000 -1.211612 
1868 0.000000 -1.198393 
1869 0.000000 -1.184724 
1870 0.000000 -1.170605 
1871 0.000000 -1.156041 
1872 0.000000 -1.141035 
1873 0.000000 -1.125591 
1874 0.000000 -1.109714 
1875 0.000000 -1.093408 
1876 0.000000 -1.076679 
1877 0.000000 -1.059534 
1878 0.000000 -1.041979 
1879 0.000000 -1.024021 
1880 0.000000 -1.005667 
1881 0.000000 -0.986927 
1882 0.000000 -0.967807 
1883 0.000000 -0.948318 
1884 0.000000 -0.928468 
1885 0.000000 -0.908268 
1886 0.000000 -0.887728 
1887 0.000000 -0.866858 
1888 0.000000 -0.845669 
1889 0.000000 -0.824173 
1890 0.000000 -0.802382 
1891 0.000000 -0.780308 
1892 0.000000 -0.757962 
1893 0.000000 -0.735359 
1894 0.000000 -0.712509 
1895 0.000000 -0.689428 
1896 0.000000 -0.666127 
1897 0.000000 -0.642622 
1898 0.000000 -0.618924 
1899 0.000000 -0.595048 
1900 0.000000 -0.571008 
1901 0.000000 -0.546818 
1902 0.000000 -0.522492 
1903 0.000000 -0.498044 
1904 0.000000 -0.473488 
1905 0.000000 -0.448838 
1906 0.000000 -0.424108 
1907 0.000000 -0.399312 
1908 0.000000 -0.374463 
1909 0.000000 -0.349576 
1910 0.000000 -0.324664 
1911 0.000000 -0.299740 
1912 0.000000 -0.274817 
1913 0.000000 -0.249909 
1914 0.000000 -0.225027 
1915 0.000000 -0.200185 
1916 0.000000 -0.175394 
1917 0.000000 -0.150667 
1918 0.000000 -0.126014 
1919 0.000000 -0.101447 
1920 0.000000 -0.076978 
1921 0.000000 -0.052615 
1922 0.000000 -0.028370 
1923 0.000000 -0.004252 
1924 0.000000 0.019730 
1925 0.000000 0.043566 
1926 0.000000 0.067248 
1927 0.000000 0.090767 
1928 0.000000 0.114117 
1929 0.000000 0.137290 
1930 0.000000 0.160279 
1931 0.000000 0.183077 
1932 0.000000 0.205679 
1933 0.000000 0.228079 
1934 0.000000 0.250271 
1935 0.000000 0.272251 
1936 0.000000 0.294015 
1937 0.000000 0.315559 
1938 0.000000 0.336878 
1939 0.000000 0.357970 
1940 0.000000 0.378832 
1941 0.000000 0.399462 
1942 0.000000 0.419857 
1943 0.000000 0.440016 
1944 0.000000 0.459937 
1945 0.000000 0.479620 
1946 0.000000 0.499063 
1947 0.000000 0.518266 
1948 0.000000 0.537230 
1949 0.000000 0.555954 
1950 0.000000 0.574438 
1951 0.000000 0.592683 
1952 0.000000 0.610691 
1953 0.000000 0.628461 
1954 0.000000 0.645997 
1955 0.000000 0.663298 
1956 0.000000 0.680367 
1957 0.000000 0.697206 
1958 0.000000 0.713816 
1959 0.000000 0.730200 
1960 0.000000 0.746360 
1961 0.000000 0.762299 
1962 0.000000 0.778018 
1963 0.000000 0.793521 
1964 0.000000 0.808810 
1965 0.000000 0.823888 
1966 0.000000 0.838758 
1967 0.000000 0.853421 
1968 0.000000 0.867883 
1969 0.000000 0.882144 
1970 0.000000 0.896209 
1971 0.000000 0.910079 
1972 0.000000 0.923758 
1973 0.000000 0.937249 
1974 0.000000 0.950554 
1975 0.000000 0.963676 
1976 0.000000 0.976619 
1977 0.000000 0.989384 
1978 0.000000 1.001975 
1979 0.000000 1.014394 
1980 0.000000 1.026644 
1981 0.000000 1.038727 
1982 0.000000 1.050646 
1983 0.000000 1.062402 
1984 0.000000 1.073999 
1985 0.000000 1.085439 
1986 0.000000 1.096724 
1987 0.000000 1.107856 
1988 0.000000 1.118836 
1989 0.000000 1.129668 
1990 0.000000 1.140352 
1991 0.000000 1.150891 
1992 0.000000 1.161286 
1993 0.000000 1.171540 
1994 0.000000 1.181652 
1995 0.000000 1.191626 
1996 0.000000 1.201461 
1997 0.000000 1.211161 
1998 0.000000 1.220725 
1999 0.000000 1.230155 
2000 0.000000 1.239453 
2001 0.000000 1.248619 
2002 0.000000 1.257653 
2003 0.000000 1.266558 
2004 0.000000 1.275333 
2005 0.000000 1.283980 
2006 0.000000 1.292500 
2007 0.000000 1.300892 
2008 0.000000 1.309157 
2009 0.000000 1.317297 
2010 0.000000 1.325311 
2011 0.000000 1.333199 
2012 0.000000 1.340963 
2013 0.000000 1.348603 
2014 0.000000 1.356118 
2015 0.000000 1.363510 
2016 0.000000 1.370777 
2017 0.000000 1.377922 
2018 0.000000 1.384942 
2019 0.000000 1.391840 
2020 0.000000 1.398614 
2021 0.000000 1.405264 
2022 0.000000 1.411792 
2023 0.000000 1.418196 
2024 0.000000 1.424477 
2025 0.000000 1.430635 
2026 0.000000 1.436669 
2027 0.000000 1.442579 
2028 0.000000 1.448366 
2029 0.000000 1.454029 
2030 0.000000 1.459568 
2031 0.000000 1.464983 
2032 0.000000 1.470274 
2033 0.000000 1.475440 
2034 0.000000 1.480481 
2035 0.000000 1.485398 
2036 0.000000 1.490189 
2037 0.000000 1.494856 
2038 0.000000 1.499397 
2039 0.000000 1.503812 
2040 0.000000 1.508101 
2041 0.000000 1.512264 
2042 0.000000 1.516301 
2043 0.000000 1.520211 
2044 0.000000 1.523995 
2045 0.000000 1.527652 
2046 0.000000 1.531181 
2047 0.000000 1.534583 
2048 0.000000 1.537857 
2049 0.000000 1.541004 
2050 0.000000 1.544022 
2051 0.000000 1.546913 
2052 0.000000 1.549675 
2053 0.000000 1.552308 
2054 0.000000 1.554813 
2055 0.000000 1.557189 
2056 0.000000 1.559436 
2057 0.000000 1.561553 
2058 0.000000 1.563542 
2059 0.000000 1.565400 
2060 0.000000 1.567130 
2061 0.000000 1.568729 
2062 0.000000 1.570199 
2063 0.000000 1.571538 
2064 0.000000 1.572748 
2065 0.000000 1.573827 
2066 0.000000 1.574777 
2067 0.000000 1.575596 
2068 0.000000 1.576285 
2069 0.000000 1.576843 
2070 0.000000 1.577271 
2071 0.000000 1.577569 
2072 0.000000 1.577736 
2073 0.000000 1.577772 
2074 0.000000 1.577679 
2075 0.000000 1.577454 
2076 0.000000 1.577100 
2077 0.000000 1.576615 
2078 0.000000 1.576000 
2079 0.000000 1.575254 
2080 0.000000 1.574378 
2081 0.000000 1.573372 
2082 0.000000 1.572236 
2083 0.000000 1.570970 
2084 0.000000 1.569575 
2085 0.000000 1.568049 
2086 0.000000 1.566394 
2087 0.000000 1.564609 
2088 0.000000 1.562695 
2089 0.000000 1.560652 
2090 0.000000 1.558480 
2091 0.000000 1.556179 
2092 0.000000 1.553750 
2093 0.000000 1.551192 
2094 0.000000 1.548506 
2095 0.000000 1.545692 
2096 0.000000 1.542750 
2097 0.000000 1.539681 
2098 0.000000 1.536484 
2099 0.000000 1.533161 
2100 0.000000 1.529711 
2101 0.000000 1.526134 
2102 0.000000 1.522431 
2103 0.000000 1.518603 
2104 0.000000 1.514648 
2105 0.000000 1.510569 
2106 0.000000 1.506365 
2107 0.000000 1.502036 
2108 0.000000 1.497584 
2109 0.000000 1.493007 
2110 0.000000 1.488307 
2111 0.000000 1.483484 
2112 0.000000 1.478539 
2113 0.000000 1.473471 
2114 0.000000 1.468281 
2115 0.000000 1.462971 
2116 0.000000 1.457539 
2117 0.000000 1.451987 
2118 0.000000 1.446314 
2119 0.000000 1.440523 
2120 0.000000 1.434612 
2121 0.000000 1.428583 
2122 0.000000 1.422435 
2123 0.000000 1.416170 
2124 0.000000 1.409788 
2125 0.000000 1.403290 
2126 0.000000 1.396675 
2127 0.000000 1.389945 
2128 0.000000 1.383101 
2129 0.000000 1.376141 
2130 0.000000 1.369069 
2131 0.000000 1.361883 
2132 0.000000 1.354584 
2133 0.000000 1.347174 
2134 0.000000 1.339652 
2135 0.000000 1.332019 
2136 0.000000 1.324277 
2137 0.000000 1.316425 
2138 0.000000 1.308464 
2139 0.000000 1.300395 
2140 0.000000 1.292219 
2141 0.000000 1.283935 
2142 0.000000 1.275546 
2143 0.000000 1.267051 
2144 0.000000 1.258452 
2145 0.000000 1.249748 
2146 0.000000 1.240941 
2147 0.000000 1.232032 
2148 0.000000 1.223021 
2149 0.000000 1.213909 
2150 0.000000 1.204696 
2151 0.000000 1.195384 
2152 0.000000 1.185973 
2153 0.000000 1.176464 
2154 0.000000 1.166858 
2155 0.000000 1.157156 
2156 0.000000 1.147357 
2157 0.000000 1.137464 
2158 0.000000 1.127477 
2159 0.000000 1.117397 
2160 0.000000 1.107225 
2161 0.000000 1.096961 
2162 0.000000 1.086606 
2163 0.000000 1.076161 
2164 0.000000 1.065628 
2165 0.000000 1.055006 
2166 0.000000 1.044298 
2167 0.000000 1.033503 
2168 0.000000 1.022622 
2169 0.000000 1.011657 
2170 0.000000 1.000609 
2171 0.000000 0.989478 
2172 0.000000 0.978264 
2173 0.000000 0.966971 
2174 0.000000 0.955597 
2175 0.000000 0.944144 
2176 0.000000 0.932613 
2177 0.000000 0.921005 
2178 0.000000 0.909321 
2179 0.000000 0.897562 
2180 0.000000 0.885729 
2181 0.000000 0.873823 
2182 0.000000 0.861844 
2183 0.000000 0.849794 
2184 0.000000 0.837674 
2185 0.000000 0.825484 
2186 0.000000 0.813227 
2187 0.000000 0.800902 
2188 0.000000 0.788511 
2189 0.000000 0.776055 
2190 0.000000 0.763534 
2191 0.000000 0.750951 
2192 0.000000 0.738305 
2193 0.000000 0.725599 
2194 0.000000 0.712832 
2195 0.000000 0.700007 
2196 0.000000 0.687124 
2197 0.000000 0.674184 
2198 0.000000 0.661188 
2199 0.000000 0.648138 
2200 0.000000 0.635034 
2201 0.000000 0.621877 
2202 0.000000 0.608669 
2203 0.000000 0.595411 
2204 0.000000 0.582104 
2205 0.000000 0.568749 
2206 0.000000 0.555346 
2207 0.000000 0.541898 
2208 0.000000 0.528405 
2209 0.000000 0.514868 
2210 0.000000 0.501289 
2211 0.000000 0.487668 
2212 0.000000 0.474007 
2213 0.000000 0.460306 
2214 0.000000 0.446568 
2215 0.000000 0.432793 
2216 0.000000 0.418982 
2217 0.000000 0.405136 
2218 0.000000 0.391257 
2219 0.000000 0.377346 
2220 0.000000 0.363403 
2221 0.000000 0.349431 
2222 0.000000 0.335429 
2223 0.000000 0.321400 
2224 0.000000 0.307344 
2225 0.000000 0.293263 
2226 0.000000 0.279158 
2227 0.000000 0.265029 
2228 0.000000 0.250879 
2229 0.000000 0.236708 
2230 0.000000 0.222517 
2231 0.000000 0.208308 
2232 0.000000 0.194081 
2233 0.000000 0.179839 
2234 0.000000 0.165582 
2235 0.000000 0.151311 
2236 0.000000 0.137028 
2237 0.000000 0.122733 
2238 0.000000 0.108428 
2239 0.000000 0.094114 
2240 0.000000 0.079793 
2241 0.000000 0.065464 
2242 0.000000 0.051131 
2243 0.000000 0.036793 
2244 0.000000 0.022452 
2245 0.000000 0.008109 
2246 0.000000 -0.006234 
2247 0.000000 -0.020577 
2248 0.000000 -0.034918 
2249 0.000000 -0.049256 
2250 0.000000 -0.063591 
2251 0.000000 -0.077920 
2252 0.000000 -0.092242 
2253 0.000000 -0.106557 
2254 0.000000 -0.120863 
2255 0.000000 -0.135159 
2256 0.000000 -0.149444 
2257 0.000000 -0.163717 
2258 0.000000 -0.177976 
2259 0.000000 -0.192220 
2260 0.000000 -0.206449 
2261 0.000000 -0.220660 
2262 0.000000 -0.234853 
2263 0.000000 -0.249027 
2264 0.000000 -0.263180 
2265 0.000000 -0.277311 
2266 0.000000 -0.291420 
2267 0.000000 -0.305504 
2268 0.000000 -0.319564 
2269 0.000000 -0.333596 
2270 0.000000 -0.347602 
2271 0.000000 -0.361578 
2272 0.000000 -0.375525 
2273 0.000000 -0.389440 
2274 0.000000 -0.403324 
2275 0.000000 -0.417174 
2276 0.000000 -0.430989 
2277 0.000000 -0.444769 
2278 0.000000 -0.458512 
2279 0.000000 -0.472218 
2280 0.000000 -0.485884 
2281 0.000000 -0.499510 
2282 0.000000 -0.513095 
2283 0.000000 -0.526637 
2284 0.000000 -0.540136 
2285 0.000000 -0.553590 
2286 0.000000 -0.566999 
2287 0.000000 -0.580360 
2288 0.000000 -0.593674 
2289 0.000000 -0.606939 
2290 0.000000 -0.620153 
2291 0.000000 -0.633316 
2292 0.000000 -0.646427 
2293 0.000000 -0.659485 
2294 0.000000 -0.672488 
2295 0.000000 -0.685435 
2296 0.000000 -0.698326 
2297 0.000000 -0.711159 
2298 0.000000 -0.723933 
2299 0.000000 -0.736647 
2300 0.000000 -0.749301 
2301 0.000000 -0.761893 
2302 0.000000 -0.774421 
2303 0.000000 -0.786886 
2304 0.000000 -0.799285 
2305 0.000000 -0.811619 
2306 0.000000 -0.823885 
2307 0.000000 -0.836084 
2308 0.000000 -0.848213 
2309 0.000000 -0.860272 
2310 0.000000 -0.872260 
2311 0.000000 -0.884176 
2312 0.000000 -0.896019 
2313 0.000000 -0.907788 
2314 0.000000 -0.919482 
2315 0.000000 -0.931100 
2316 0.000000 -0.942641 
2317 0.000000 -0.954104 
2318 0.000000 -0.965488 
2319 0.000000 -0.976792 
2320 0.000000 -0.988016 
2321 0.000000 -0.999158 
2322 0.000000 -1.010217 
2323 0.000000 -1.021193 
2324 0.000000 -1.032085 
2325 0.000000 -1.042891 
2326 0.000000 -1.053611 
2327 0.000000 -1.064244 
2328 0.000000 -1.074789 
2329 0.000000 -1.085245 
2330 0.000000 -1.095612 
2331 0.000000 -1.105888 
2332 0.000000 -1.116072 
2333 0.000000 -1.126165 
2334 0.000000 -1.136164 
2335 0.000000 -1.146069 
2336 0.000000 -1.155880 
2337 0.000000 -1.165595 
2338 0.000000 -1.175214 
2339 0.000000 -1.184735 
2340 0.000000 -1.194159 
2341 0.000000 -1.203484 
2342 0.000000 -1.212710 
2343 0.000000 -1.221835 
2344 0.000000 -1.230860 
2345 0.000000 -1.239782 
2346 0.000000 -1.248603 
2347 0.000000 -1.257320 
2348 0.000000 -1.265933 
2349 0.000000 -1.274441 
2350 0.000000 -1.282844 
2351 0.000000 -1.291141 
2352 0.000000 -1.299332 
2353 0.000000 -1.307415 
2354 0.000000 -1.315390 
2355 0.000000 -1.323256 
2356 0.000000 -1.331013 
2357 0.000000 -1.338660 
2358 0.000000 -1.346196 
2359 0.000000 -1.353622 
2360 0.000000 -1.360935 
2361 0.000000 -1.368135 
2362 0.000000 -1.375223 
2363 0.000000 -1.382197 
2364 0.000000 -1.389057 
2365 0.000000 -1.395802 
2366 0.000000 -1.402431 
2367 0.000000 -1.408945 
2368 0.000000 -1.415342 
2369 0.000000 -1.421623 
2370 0.000000 -1.427785 
2371 0.000000 -1.433830 
2372 0.000000 -1.439757 
2373 0.000000 -1.445564 
2374 0.000000 -1.451252 
2375 0.000000 -1.456820 
2376 0.000000 -1.462267 
2377 0.000000 -1.467594 
2378 0.000000 -1.472799 
2379 0.000000 -1.477883 
2380 0.000000 -1.482844 
2381 0.000000 -1.487683 
2382 0.000001 -1.492399 
2383 0.000001 -1.496992 
2384 0.000001 -1.501461 
2385 0.000001 -1.505806 
2386 0.000001 -1.510027 
2387 0.000001 -1.514122 
2388 0.000001 -1.518093 
2389 0.000001 -1.521938 
2390 0.000001 -1.525657 
2391 0.000001 -1.529250 
2392 0.000001 -1.532717 
2393 0.000001 -1.536057 
2394 0.000001 -1.539270 
2395 0.000001 -1.542356 
2396 0.000001 -1.545315 
2397 0.000001 -1.548146 
2398 0.000001 -1.550848 
2399 0.000001 -1.553423 
2400 0.000001 -1.555869 
2401 0.000001 -1.558187 
2402 0.000001 -1.560376 
2403 0.000001 -1.562436 
2404 0.000001 -1.564367 
2405 0.000001 -1.566169 
2406 0.000002 -1.567841 
2407 0.000002 -1.569383 
2408 0.000002 -1.570796 
2409 0.000002 -1.572079 
2410 0.000002 -1.573232 
2411 0.000002 -1.574255 
2412 0.000002 -1.575148 
2413 0.000002 -1.575911 
2414 0.000002 -1.576544 
2415 0.000002 -1.577046 
2416 0.000002 -1.577418 
2417 0.000002 -1.577660 
2418 0.000003 -1.577771 
2419 0.000003 -1.577752 
2420 0.000003 -1.577602 
2421 0.000003 -1.577322 
2422 0.000003 -1.576912 
2423 0.000003 -1.576371 
2424 0.000003 -1.575701 
2425 0.000003 -1.574899 
2426 0.000004 -1.573968 
2427 0.000004 -1.572907 
2428 0.000004 -1.571715 
2429 0.000004 -1.570394 
2430 0.000004 -1.568943 
2431 0.000004 -1.567362 
2432 0.000005 -1.565652 
2433 0.000005 -1.563813 
2434 0.000005 -1.561844 
2435 0.000005 -1.559746 
2436 0.000005 -1.557519 
2437 0.000006 -1.555163 
2438 0.000006 -1.552679 
2439 0.000006 -1.550067 
2440 0.000006 -1.547326 
2441 0.000007 -1.544458 
2442 0.000007 -1.541462 
2443 0.000007 -1.538339 
2444 0.000008 -1.535088 
2445 0.000008 -1.531711 
2446 0.000008 -1.528207 
2447 0.000009 -1.524576 
2448 0.000009 -1.520820 
2449 0.000009 -1.516938 
2450 0.000010 -1.512931 
2451 0.000010 -1.508798 
2452 0.000011 -1.504541 
2453 0.000011 -1.500160 
2454 0.000012 -1.495655 
2455 0.000012 -1.491026 
2456 0.000012 -1.486273 
2457 0.000013 -1.481398 
2458 0.000014 -1.476401 
2459 0.000014 -1.471281 
2460 0.000015 -1.466040 
2461 0.000015 -1.460678 
2462 0.000016 -1.455195 
2463 0.000017 -1.449592 
2464 0.000017 -1.443869 
2465 0.000018 -1.438026 
2466 0.000019 -1.432065 
2467 0.000019 -1.425986 
2468 0.000020 -1.419788 
2469 0.000021 -1.413473 
2470 0.000022 -1.407042 
2471 0.000023 -1.400494 
2472 0.000024 -1.393830 
2473 0.000025 -1.387052 
2474 0.000026 -1.380158 
2475 0.000027 -1.373151 
2476 0.000028 -1.366030 
2477 0.000029 -1.358796 
2478 0.000030 -1.351450 
2479 0.000031 -1.343992 
2480 0.000033 -1.336423 
2481 0.000034 -1.328744 
2482 0.000035 -1.320955 
2483 0.000037 -1.313056 
2484 0.000038 -1.305049 
2485 0.000040 -1.296935 
2486 0.000041 -1.288713 
2487 0.000043 -1.280384 
2488 0.000045 -1.271950 
2489 0.000046 -1.263411 
2490 0.000048 -1.254767 
2491 0.000050 -1.246020 
2492 0.000052 -1.237169 
2493 0.000054 -1.228217 
2494 0.000056 -1.219162 
2495 0.000058 -1.210007 
2496 0.000061 -1.200752 
2497 0.000063 -1.191398 
2498 0.000065 -1.181946 
2499 0.000068 -1.172395 
2500 0.000071 -1.162748 
2501 0.000073 -1.153005 
2502 0.000076 -1.143166 
2503 0.000079 -1.133233 
2504 0.000082 -1.123207 
2505 0.000085 -1.113087 
2506 0.000088 -1.102876 
2507 0.000092 -1.092573 
2508 0.000095 -1.082180 
2509 0.000099 -1.071697 
2510 0.000103 -1.061127 
2511 0.000107 -1.050468 
2512 0.000111 -1.039722 
2513 0.000115 -1.028891 
2514 0.000119 -1.017975 
2515 0.000124 -1.006974 
2516 0.000128 -0.995890 
2517 0.000133 -0.984724 
2518 0.000138 -0.973477 
2519 0.000143 -0.962149 
2520 0.000149 -0.950741 
2521 0.000154 -0.939255 
2522 0.000160 -0.927692 
2523 0.000166 -0.916051 
2524 0.000172 -0.904335 
2525 0.000179 -0.892544 
2526 0.000185 -0.880680 
2527 0.000192 -0.868743 
2528 0.000199 -0.856734 
2529 0.000206 -0.844654 
2530 0.000214 -0.832504 
2531 0.000222 -0.820285 
2532 0.000230 -0.807999 
2533 0.000238 -0.795646 
2534 0.000247 -0.783227 
2535 0.000256 -0.770744 
2536 0.000265 -0.758196 
2537 0.000275 -0.745587 
2538 0.000285 -0.732915 
2539 0.000295 -0.720183 
2540 0.000306 -0.707391 
2541 0.000317 -0.694541 
2542 0.000328 -0.681634 
2543 0.000340 -0.668670 
2544 0.000352 -0.655651 
2545 0.000365 -0.642577 
2546 0.000378 -0.629451 
2547 0.000391 -0.616273 
2548 0.000405 -0.603043 
2549 0.000420 -0.589764 
2550 0.000435 -0.576436 
2551 0.000450 -0.563061 
2552 0.000466 -0.549639 
2553 0.000482 -0.536171 
2554 0.000499 -0.522659 
2555 0.000517 -0.509104 
2556 0.000535 -0.495507 
2557 0.000554 -0.481869 
2558 0.000573 -0.468191 
2559 0.000593 -0.454475 
2560 0.000614 -0.440721 
2561 0.000635 -0.426930 
2562 0.000657 -0.413104 
2563 0.000680 -0.399244 
2564 0.000703 -0.385352 
2565 0.000727 -0.371427 
2566 0.000752 -0.357471 
2567 0.000778 -0.343486 
2568 0.000805 -0.329473 
2569 0.000832 -0.315432 
2570 0.000861 -0.301365 
2571 0.000890 -0.287274 
2572 0.000920 -0.273158 
2573 0.000952 -0.259020 
2574 0.000984 -0.244861 
2575 0.001017 -0.230682 
2576 0.001051 -0.216483 
2577 0.001087 -0.202266 
2578 0.001123 -0.188033 
2579 0.001161 -0.173784 
2580 0.001200 -0.159521 
2581 0.001240 -0.145245 
2582 0.001281 -0.130956 
2583 0.001324 -0.116657 
2584 0.001368 -0.102348 
2585 0.001413 -0.088031 
2586 0.001460 -0.073707 
2587 0.001508 -0.059376 
2588 0.001558 -0.045040 
2589 0.001609 -0.030701 
2590 0.001662 -0.016359 
2591 0.001716 -0.002016 
2592 0.001773 0.012327 
2593 0.001830 0.026669 
2594 0.001890 0.041009 
2595 0.001951 0.055346 
2596 0.002015 0.069678 
2597 0.002080 0.084005 
2598 0.002147 0.098324 
2599 0.002216 0.112635 
2600 0.002288 0.126937 
2601 0.002361 0.141229 
2602 0.002437 0.155509 
2603 0.002515 0.169776 
2604 0.002595 0.184029 
2605 0.002678 0.198266 
2606 0.002763 0.212488 
2607 0.002850 0.226692 
2608 0.002941 0.240877 
2609 0.003034 0.255042 
2610 0.003129 0.269186 
2611 0.003228 0.283308 
2612 0.003329 0.297406 
2613 0.003433 0.311480 
2614 0.003541 0.325528 
2615 0.003651 0.339549 
2616 0.003765 0.353542 
2617 0.003882 0.367506 
2618 0.004002 0.381440 
2619 0.004126 0.395342 
2620 0.004253 0.409211 
2621 0.004384 0.423047 
2622 0.004519 0.436847 
2623 0.004658 0.450612 
2624 0.004800 0.464339 
2625 0.004947 0.478028 
2626 0.005098 0.491677 
2627 0.005253 0.505286 
2628 0.005412 0.518853 
2629 0.005576 0.532377 
2630 0.005745 0.545857 
2631 0.005918 0.559292 
2632 0.006096 0.572681 
2633 0.006279 0.586022 
2634 0.006467 0.599315 
2635 0.006661 0.612559 
2636 0.006860 0.625751 
2637 0.007064 0.638892 
2638 0.007274 0.651981 
2639 0.007489 0.665015 
2640 0.007711 0.677995 
2641 0.007938 0.690918 
2642 0.008172 0.703784 
2643 0.008412 0.716593 
2644 0.008659 0.729342 
2645 0.008912 0.742030 
2646 0.009172 0.754658 
2647 0.009439 0.767223 
2648 0.009713 0.779724 
2649 0.009995 0.792161 
2650 0.010284 0.804533 
2651 0.010581 0.816838 
2652 0.010885 0.829076 
2653 0.011198 0.841245 
2654 0.011519 0.853345 
2655 0.011848 0.865374 
2656 0.012187 0.877331 
2657 0.012534 0.889216 
2658 0.012890 0.901028 
2659 0.013255 0.912765 
2660 0.013630 0.924427 
2661 0.014014 0.936012 
2662 0.014409 0.947520 
2663 0.014813 0.958950 
2664 0.015228 0.970300 
2665 0.015654 0.981570 
2666 0.016090 0.992759 
2667 0.016538 1.003866 
2668 0.016997 1.014890 
2669 0.017468 1.025830 
2670 0.017950 1.036686 
2671 0.018445 1.047456 
2672 0.018952 1.058139 
2673 0.019472 1.068734 
2674 0.020005 1.079242 
2675 0.020551 1.089660 
2676 0.021111 1.099988 
2677 0.021684 1.110225 
2678 0.022272 1.120371 
2679 0.022875 1.130424 
2680 0.023492 1.140383 
2681 0.024124 1.150249 
2682 0.024772 1.160019 
2683 0.025435 1.169693 
2684 0.026115 1.179271 
2685 0.026811 1.188751 
2686 0.027524 1.198133 
2687 0.028254 1.207416 
2688 0.029001 1.216599 
2689 0.029767 1.225681 
2690 0.030551 1.234663 
2691 0.031353 1.243542 
2692 0.032174 1.252318 
2693 0.033015 1.260991 
2694 0.033876 1.269560 
2695 0.034757 1.278024 
2696 0.035659 1.286382 
2697 0.036581 1.294634 
2698 0.037526 1.302779 
2699 0.038492 1.310816 
2700 0.039480 1.318745 
2701 0.040492 1.326565 
2702 0.041527 1.334275 
2703 0.042585 1.341875 
2704 0.043668 1.349364 
2705 0.044775 1.356742 
2706 0.045908 1.364007 
2707 0.047066 1.371160 
2708 0.048250 1.378200 
2709 0.049461 1.385125 
2710 0.050699 1.391936 
2711 0.051965 1.398632 
2712 0.053260 1.405213 
2713 0.054583 1.411677 
2714 0.055935 1.418025 
2715 0.057317 1.424255 
2716 0.058730 1.430368 
2717 0.060174 1.436362 
2718 0.061649 1.442238 
2719 0.063157 1.447995 
2720 0.064697 1.453632 
2721 0.066271 1.459149 
2722 0.067878 1.464545 
2723 0.069521 1.469820 
2724 0.071198 1.474974 
2725 0.072911 1.480006 
2726 0.074661 1.484915 
2727 0.076448 1.489702 
2728 0.078273 1.494366 
2729 0.080137 1.498906 
2730 0.082039 1.503322 
2731 0.083982 1.507614 
2732 0.085965 1.511782 
2733 0.087989 1.515824 
2734 0.090056 1.519741 
2735 0.092165 1.523533 
2736 0.094317 1.527199 
2737 0.096514 1.530738 
2738 0.098755 1.534151 
2739 0.101042 1.537438 
2740 0.103376 1.540597 
2741 0.105757 1.543629 
2742 0.108186 1.546533 
2743 0.110664 1.549309 
2744 0.113191 1.551958 
2745 0.115769 1.554478 
2746 0.118398 1.556870 
2747 0.121079 1.559133 
2748 0.123812 1.561267 
2749 0.126600 1.563272 
2750 0.129442 1.565148 
2751 0.132340 1.566895 
2752 0.135294 1.568512 
2753 0.138305 1.569999 
2754 0.141374 1.571357 
2755 0.144503 1.572585 
2756 0.147691 1.573683 
2757 0.150940 1.574651 
2758 0.154251 1.575488 
2759 0.157624 1.576196 
2760 0.161061 1.576773 
2761 0.164563 1.577220 
2762 0.168130 1.577537 
2763 0.171763 1.577723 
2764 0.175464 1.577779 
2765 0.179234 1.577704 
2766 0.183072 1.577499 
2767 0.186982 1.577164 
2768 0.190962 1.576698 
2769 0.195015 1.576102 
2770 0.199142 1.575376 
2771 0.203343 1.574520 
2772 0.207620 1.573533 
2773 0.211973 1.572417 
2774 0.216403 1.571170 
2775 0.220913 1.569794 
2776 0.225502 1.568288 
2777 0.230172 1.566652 
2778 0.234924 1.564887 
2779 0.239758 1.562992 
2780 0.244677 1.560968 
2781 0.249681 1.558816 
2782 0.254771 1.556534 
2783 0.259949 1.554124 
2784 0.265215 1.551585 
2785 0.270571 1.548918 
2786 0.276017 1.546124 
2787 0.281555 1.543201 
2788 0.287187 1.540151 
2789 0.292912 1.536973 
2790 0.298733 1.533669 
2791 0.304650 1.530238 
2792 0.310664 1.526680 
2793 0.316778 1.522996 
2794 0.322991 1.519186 
2795 0.329305 1.515251 
2796 0.335722 1.511191 
2797 0.342242 1.507005 
2798 0.348867 1.502695 
2799 0.355597 1.498261 
2800 0.362435 1.493703 
2801 0.369380 1.489022 
2802 0.376435 1.484217 
2803 0.383600 1.479290 
2804 0.390877 1.474241 
2805 0.398268 1.469070 
2806 0.405772 1.463777 
2807 0.413391 1.458363 
2808 0.421127 1.452829 
2809 0.428980 1.447175 
2810 0.436953 1.441401 
2811 0.445045 1.435508 
2812 0.453259 1.429497 
2813 0.461595 1.423367 
2814 0.470055 1.417120 
2815 0.478640 1.410755 
2816 0.487350 1.404274 
2817 0.496188 1.397677 
2818 0.505155 1.390965 
2819 0.514250 1.384137 
2820 0.523477 1.377195 
2821 0.532835 1.370140 
2822 0.542327 1.362971 
2823 0.551952 1.355689 
2824 0.561713 1.348295 
2825 0.571611 1.340790 
2826 0.581646 1.333174 
2827 0.591820 1.325448 
2828 0.602134 1.317613 
2829 0.612589 1.309668 
2830 0.623187 1.301615 
2831 0.633927 1.293455 
2832 0.644812 1.285188 
2833 0.655843 1.276814 
2834 0.667020 1.268335 
2835 0.678344 1.259752 
2836 0.689818 1.251064 
2837 0.701441 1.242272 
2838 0.713215 1.233378 
2839 0.725141 1.224383 
2840 0.737219 1.215286 
2841 0.749452 1.206088 
2842 0.761839 1.196791 
2843 0.774382 1.187395 
2844 0.787082 1.177901 
2845 0.799940 1.168309 
2846 0.812957 1.158621 
2847 0.826133 1.148837 
2848 0.839470 1.138958 
2849 0.852968 1.128985 
2850 0.866628 1.118919 
2851 0.880452 1.108760 
2852 0.894439 1.098510 
2853 0.908592 1.088169 
2854 0.922910 1.077738 
2855 0.937395 1.067218 
2856 0.952046 1.056609 
2857 0.966866 1.045914 
2858 0.981855 1.035132 
2859 0.997012 1.024264 
2860 1.012340 1.013312 
2861 1.027839 1.002276 
2862 1.043509 0.991157 
2863 1.059351 0.979956 
2864 1.075366 0.968674 
2865 1.091553 0.957312 
2866 1.107915 0.945871 
2867 1.124451 0.934352 
2868 1.141161 0.922756 
2869 1.158047 0.911083 
2870 1.175108 0.899335 
2871 1.192345 0.887513 
2872 1.209759 0.875618 
2873 1.227350 0.863650 
2874 1.245118 0.851611 
2875 1.263063 0.839501 
2876 1.281186 0.827322 
2877 1.299487 0.815074 
2878 1.317966 0.802760 
2879 1.336623 0.790378 
2880 1.355459 0.777932 
2881 1.374474 0.765421 
2882 1.393667 0.752847 
2883 1.413040 0.740211 
2884 1.432591 0.727514 
2885 1.452320 0.714756 
2886 1.472229 0.701940 
2887 1.492316 0.689065 
2888 1.512582 0.676133 
2889 1.533026 0.663146 
2890 1.553648 0.650104 
2891 1.574448 0.637008 
2892 1.595426 0.623859 
2893 1.616582 0.610659 
2894 1.637914 0.597408 
2895 1.659423 0.584108 
2896 1.681109 0.570760 
2897 1.702970 0.557365 
2898 1.725006 0.543923 
2899 1.747218 0.530437 
2900 1.769604 0.516906 
2901 1.792163 0.503333 
2902 1.814895 0.489719 
2903 1.837800 0.476064 
2904 1.860876 0.462369 
2905 1.884122 0.448637 
2906 1.907539 0.434867 
2907 1.931125 0.421061 
2908 1.954879 0.407221 
2909 1.978800 0.393347 
2910 2.002887 0.379440 
2911 2.027140 0.365502 
2912 2.051557 0.351534 
2913 2.076136 0.337537 
2914 2.100878 0.323511 
2915 2.125780 0.309460 
2916 2.150841 0.295382 
2917 2.176060 0.281280 
2918 2.201436 0.267155 
2919 2.226968 0.253008 
2920 2.252653 0.238840 
2921 2.278490 0.224652 
2922 2.304478 0.210446 
2923 2.330616 0.196222 
2924 2.356901 0.181982 
2925 2.383332 0.167727 
2926 2.409907 0.153458 
2927 2.436624 0.139176 
2928 2.463483 0.124883 
2929 2.490479 0.110580 
2930 2.517613 0.096267 
2931 2.544882 0.081947 
2932 2.572283 0.067620 
2933 2.599816 0.053287 
2934 2.627477 0.038949 
2935 2.655264 0.024609 
2936 2.683176 0.010266 
2937 2.711210 -0.004077 
2938 2.739365 -0.018420 
2939 2.767636 -0.032761 
2940 2.796023 -0.047100 
2941 2.824522 -0.061435 
2942 2.853132 -0.075765 
2943 2.881850 -0.090089 
2944 2.910673 -0.104405 
2945 2.939598 -0.118712 
2946 2.968623 -0.133010 
2947 2.997746 -0.147297 
2948 3.026963 -0.161571 
2949 3.056272 -0.175832 
2950 3.085669 -0.190079 
2951 3.115153 -0.204310 
2952 3.144720 -0.218524 
2953 3.174366 -0.232720 
2954 3.204090 -0.246897 
2955 3.233888 -0.261053 
2956 3.263757 -0.275188 
2957 3.293694 -0.289300 
2958 3.323695 -0.303388 
2959 3.353758 -0.317451 
2960 3.383879 -0.331488 
2961 3.414055 -0.345497 
2962 3.444282 -0.359478 
2963 3.474558 -0.373429 
2964 3.504878 -0.387350 
2965 3.535239 -0.401238 
2966 3.565639 -0.415093 
2967 3.596072 -0.428914 
2968 3.626536 -0.442699 
2969 3.657028 -0.456448 
2970 3.687542 -0.470159 
2971 3.718077 -0.483831 
2972 3.748627 -0.497463 
2973 3.779190 -0.511054 
2974 3.809761 -0.524603 
2975 3.840337 -0.538109 
2976 3.870914 -0.551570 
2977 3.901488 -0.564985 
2978 3.932055 -0.578354 
2979 3.962611 -0.591675 
2980 3.993152 -0.604947 
2981 4.023675 -0.618169 
2982 4.054175 -0.631340 
2983 4.084647 -0.644459 
2984 4.115089 -0.657525 
2985 4.145496 -0.670536 
2986 4.175864 -0.683492 
2987 4.206189 -0.696391 
2988 4.236466 -0.709233 
2989 4.266692 -0.722016 
2990 4.296861 -0.734739 
2991 4.326971 -0.747402 
2992 4.357017 -0.760003 
2993 4.386994 -0.772541 
2994 4.416898 -0.785015 
2995 4.446725 -0.797425 
2996 4.476471 -0.809768 
2997 4.506131 -0.822045 
2998 4.535701 -0.834254 
2999 4.565176 -0.846393 
3000 4.594553 -0.858463 
3001 4.623827 -0.870462 
3002 4.652994 -0.882389 
3003 4.682048 -0.894243 
3004 4.710987 -0.906023 
3005 4.739805 -0.917728 
3006 4.768498 -0.929358 
3007 4.797061 -0.940910 
3008 4.825491 -0.952385 
3009 4.853783 -0.963781 
3010 4.881932 -0.975097 
3011 4.909934 -0.986333 
3012 4.937785 -0.997488 
3013 4.965480 -1.008560 
3014 4.993015 -1.019548 
3015 5.020385 -1.030452 
3016 5.047587 -1.041271 
3017 5.074615 -1.052005 
3018 5.101466 -1.062651 
3019 5.128135 -1.073209 
3020 5.154617 -1.083679 
3021 5.180910 -1.094059 
3022 5.207007 -1.104348 
3023 5.232905 -1.114547 
3024 5.258600 -1.124653 
3025 5.284087 -1.134666 
3026 5.309362 -1.144586 
3027 5.334421 -1.154411 
3028 5.359259 -1.164140 
3029 5.383873 -1.173773 
3030 5.408259 -1.183310 
3031 5.432411 -1.192748 
3032 5.456327 -1.202088 
3033 5.480002 -1.211329 
3034 5.503432 -1.220469 
3035 5.526613 -1.229509 
3036 5.549541 -1.238447 
3037 5.572212 -1.247283 
3038 5.594622 -1.256015 
3039 5.616767 -1.264644 
3040 5.638644 -1.273168 
3041 5.660248 -1.281587 
3042 5.681577 -1.289901 
3043 5.702625 -1.298107 
3044 5.723389 -1.306206 
3045 5.743867 -1.314198 
3046 5.764053 -1.322080 
3047 5.783945 -1.329854 
3048 5.803539 -1.337517 
3049 5.822831 -1.345070 
3050 5.841818 -1.352512 
3051 5.860497 -1.359842 
3052 5.878864 -1.367060 
3053 5.896916 -1.374164 
3054 5.914650 -1.381156 
3055 5.932062 -1.388033 
3056 5.949150 -1.394795 
3057 5.965910 -1.401442 
3058 5.982339 -1.407973 
3059 5.998435 -1.414388 
3060 6.014194 -1.420686 
3061 6.029613 -1.426866 
3062 6.044690 -1.432929 
3063 6.059421 -1.438873 
3064 6.073805 -1.444698 
3065 6.087838 -1.450404 
3066 6.101518 -1.455990 
3067 6.114843 -1.461456 
3068 6.127809 -1.466801 
3069 6.140415 -1.472024 
3070 6.152658 -1.477126 
3071 6.164536 -1.482106 
3072 6.176046 -1.486964 
3073 6.187187 -1.491698 
3074 6.197957 -1.496309 
3075 6.208353 -1.500797 
3076 6.218373 -1.505161 
3077 6.228017 -1.509400 
3078 6.237281 -1.513514 
3079 6.246164 -1.517504 
3080 6.254664 -1.521368 
3081 6.262780 -1.525106 
3082 6.270511 -1.528718 
3083 6.277855 -1.532204 
3084 6.284810 -1.535563 
3085 6.291375 -1.538795 
3086 6.297549 -1.541900 
3087 6.303330 -1.544878 
3088 6.308719 -1.547728 
3089 6.313713 -1.550450 
3090 6.318312 -1.553044 
3091 6.322514 -1.555510 
3092 6.326320 -1.557847 
3093 6.329728 -1.560055 
3094 6.332737 -1.562135 
3095 6.335348 -1.564085 
3096 6.337559 -1.565906 
3097 6.339370 -1.567598 
3098 6.340782 -1.569160 
3099 6.341793 -1.570592 
3100 6.342403 -1.571895 
3101 6.342612 -1.573067 
3102 6.342421 -1.574110 
3103 6.341829 -1.575023 
3104 6.340836 -1.575805 
3105 6.339443 -1.576457 
3106 6.337649 -1.576979 
3107 6.335456 -1.577371 
3108 6.332863 -1.577632 
3109 6.329872 -1.577763 
3110 6.326481 -1.577763 
3111 6.322694 -1.577633 
3112 6.318509 -1.577373 
3113 6.313928 -1.576982 
3114 6.308951 -1.576461 
3115 6.303580 -1.575810 
3116 6.297816 -1.575028 
3117 6.291659 -1.574116 
3118 6.285112 -1.573075 
3119 6.278174 -1.571903 
3120 6.270848 -1.570601 
3121 6.263134 -1.569170 
3122 6.255034 -1.567608 
3123 6.246551 -1.565918 
3124 6.237684 -1.564098 
3125 6.228437 -1.562148 
3126 6.218810 -1.560070 
3127 6.208806 -1.557862 
3128 6.198426 -1.555526 
3129 6.187672 -1.553061 
3130 6.176547 -1.550468 
3131 6.165052 -1.547747 
3132 6.153189 -1.544898 
3133 6.140962 -1.541921 
3134 6.128371 -1.538817 
3135 6.115420 -1.535585 
3136 6.102110 -1.532227 
3137 6.088445 -1.528742 
3138 6.074426 -1.525130 
3139 6.060056 -1.521393 
3140 6.045339 -1.517530 
3141 6.030276 -1.513541 
3142 6.014870 -1.509428 
3143 5.999125 -1.505189 
3144 5.983043 -1.500827 
3145 5.966627 -1.496340 
3146 5.949879 -1.491730 
3147 5.932804 -1.486996 
3148 5.915404 -1.482139 
3149 5.897683 -1.477160 
3150 5.879642 -1.472059 
3151 5.861287 -1.466836 
3152 5.842619 -1.461492 
3153 5.823643 -1.456027 
3154 5.804362 -1.450442 
3155 5.784779 -1.444737 
3156 5.764897 -1.438912 
3157 5.744721 -1.432969 
3158 5.724254 -1.426907 
3159 5.703499 -1.420728 
3160 5.682460 -1.414430 
3161 5.661141 -1.408016 
3162 5.639546 -1.401486 
3163 5.617678 -1.394840 
3164 5.595541 -1.388078 
3165 5.573139 -1.381202 
3166 5.550476 -1.374212 
3167 5.527556 -1.367108 
3168 5.504382 -1.359891 
3169 5.480959 -1.352562 
3170 5.457291 -1.345121 
3171 5.433382 -1.337568 
3172 5.409235 -1.329906 
3173 5.384856 -1.322133 
3174 5.360247 -1.314251 
3175 5.335414 -1.306260 
3176 5.310360 -1.298162 
3177 5.285090 -1.289956 
3178 5.259608 -1.281644 
3179 5.233917 -1.273225 
3180 5.208023 -1.264702 
3181 5.181930 -1.256074 
3182 5.155641 -1.247342 
3183 5.129162 -1.238507 
3184 5.102496 -1.229569 
3185 5.075648 -1.220530 
3186 5.048622 -1.211391 
3187 5.021422 -1.202151 
3188 4.994054 -1.192811 
3189 4.966520 -1.183373 
3190 4.938826 -1.173838 
3191 4.910977 -1.164205 
3192 4.882975 -1.154476 
3193 4.854827 -1.144652 
3194 4.826535 -1.134733 
3195 4.798105 -1.124720 
3196 4.769542 -1.114615 
3197 4.740848 -1.104417 
3198 4.712029 -1.094128 
3199 4.683090 -1.083749 
3200 4.654034 -1.073280 
3201 4.624866 -1.062722 
3202 4.595590 -1.052076 
3203 4.566211 -1.041344 
3204 4.536733 -1.030525 
3205 4.507160 -1.019622 
3206 4.477497 -1.008634 
3207 4.447749 -0.997562 
3208 4.417918 -0.986408 
3209 4.388010 -0.975173 
3210 4.358030 -0.963857 
3211 4.327980 -0.952462 
3212 4.297866 -0.940987 
3213 4.267692 -0.929435 
3214 4.237462 -0.917807 
3215 4.207180 -0.906102 
3216 4.176850 -0.894322 
3217 4.146477 -0.882469 
3218 4.116064 -0.870542 
3219 4.085617 -0.858544 
3220 4.055138 -0.846475 
3221 4.024632 -0.834335 
3222 3.994103 -0.822127 
3223 3.963555 -0.809851 
3224 3.932993 -0.797508 
3225 3.902419 -0.785099 
3226 3.871838 -0.772625 
3227 3.841254 -0.760087 
3228 3.810670 -0.747487 
3229 3.780091 -0.734824 
3230 3.749521 -0.722101 
3231 3.718963 -0.709319 
3232 3.688420 -0.696477 
3233 3.657897 -0.683578 
3234 3.627398 -0.670623 
3235 3.596925 -0.657612 
3236 3.566483 -0.644547 
3237 3.536075 -0.631428 
3238 3.505704 -0.618258 
3239 3.475375 -0.605036 
3240 3.445090 -0.591764 
3241 3.414853 -0.578444 
3242 3.384668 -0.565075 
3243 3.354538 -0.551660 
3244 3.324465 -0.538199 
3245 3.294454 -0.524694 
3246 3.264507 -0.511146 
3247 3.234628 -0.497555 
3248 3.204820 -0.483923 
3249 3.175086 -0.470251 
3250 3.145429 -0.456540 
3251 3.115852 -0.442792 
3252 3.086358 -0.429006 
3253 3.056950 -0.415186 
3254 3.027631 -0.401331 
3255 2.998403 -0.387443 
3256 2.969270 -0.373523 
3257 2.940234 -0.359572 
3258 2.911298 -0.345591 
3259 2.882464 -0.331582 
3260 2.853736 -0.317545 
3261 2.825115 -0.303482 
3262 2.796604 -0.289394 
3263 2.768207 -0.275283 
3264 2.739924 -0.261148 
3265 2.711759 -0.246992 
3266 2.683714 -0.232815 
3267 2.655790 -0.218619 
3268 2.627992 -0.204405 
3269 2.600320 -0.190175 
3270 2.572776 -0.175928 
3271 2.545363 -0.161667 
3272 2.518084 -0.147393 
3273 2.490939 -0.133106 
3274 2.463931 -0.118808 
3275 2.437061 -0.104501 
3276 2.410333 -0.090185 
3277 2.383747 -0.075861 
3278 2.357304 -0.061531 
3279 2.331008 -0.047197 
3280 2.304860 -0.032858 
3281 2.278861 -0.018516 
3282 2.253012 -0.004173 
3283 2.227316 0.010170 
3284 2.201774 0.024513 
3285 2.176387 0.038853 
3286 2.151157 0.053190 
3287 2.126085 0.067523 
3288 2.101172 0.081851 
3289 2.076420 0.096171 
3290 2.051830 0.110484 
3291 2.027403 0.124787 
3292 2.003139 0.139080 
3293 1.979042 0.153362 
3294 1.955110 0.167631 
3295 1.931346 0.181886 
3296 1.907750 0.196126 
3297 1.884323 0.210350 
3298 1.861066 0.224557 
3299 1.837980 0.238745 
3300 1.815065 0.252913 
3301 1.792323 0.267060 
3302 1.769754 0.281186 
3303 1.747359 0.295288 
3304 1.725138 0.309365 
3305 1.703092 0.323417 
3306 1.681221 0.337443 
3307 1.659526 0.351440 
3308 1.638008 0.365408 
3309 1.616666 0.379347 
3310 1.595502 0.393253 
3311 1.574515 0.407128 
3312 1.553706 0.420968 
3313 1.533075 0.434774 
3314 1.512622 0.448544 
3315 1.492348 0.462277 
3316 1.472252 0.475972 
3317 1.452336 0.489627 
3318 1.432598 0.503242 
3319 1.413039 0.516815 
3320 1.393659 0.530346 
3321 1.374457 0.543833 
3322 1.355435 0.557275 
3323 1.336591 0.570670 
3324 1.317926 0.584019 
3325 1.299440 0.597319 
3326 1.281132 0.610570 
3327 1.263001 0.623771 
3328 1.245049 0.636920 
3329 1.227274 0.650016 
3330 1.209677 0.663059 
3331 1.192256 0.676046 
3332 1.175012 0.688978 
3333 1.157945 0.701853 
3334 1.141053 0.714670 
3335 1.124336 0.727428 
3336 1.107794 0.740126 
3337 1.091427 0.752763 
3338 1.075233 0.765337 
3339 1.059213 0.777848 
3340 1.043365 0.790295 
3341 1.027689 0.802677 
3342 1.012185 0.814992 
3343 0.996852 0.827240 
3344 0.981689 0.839419 
3345 0.966696 0.851529 
3346 0.951871 0.863569 
3347 0.937214 0.875538 
3348 0.922725 0.887434 
3349 0.908403 0.899256 
3350 0.894246 0.911005 
3351 0.880254 0.922678 
3352 0.866426 0.934275 
3353 0.852761 0.945794 
3354 0.839259 0.957236 
3355 0.825919 0.968598 
3356 0.812739 0.979880 
3357 0.799719 0.991082 
3358 0.786857 1.002201 
3359 0.774154 1.013238 
3360 0.761607 1.024191 
3361 0.749217 1.035059 
3362 0.736981 1.045842 
3363 0.724900 1.056538 
3364 0.712971 1.067147 
3365 0.701194 1.077667 
3366 0.689569 1.088099 
3367 0.678093 1.098441 
3368 0.666766 1.108692 
3369 0.655586 1.118851 
3370 0.644554 1.128918 
3371 0.633667 1.138892 
3372 0.622924 1.148771 
3373 0.612325 1.158556 
3374 0.601868 1.168244 
3375 0.591552 1.177836 
3376 0.581377 1.187331 
3377 0.571340 1.196728 
3378 0.561441 1.206026 
3379 0.551678 1.215224 
3380 0.542051 1.224322 
3381 0.532559 1.233318 
3382 0.523199 1.242213 
3383 0.513972 1.251005 
3384 0.504875 1.259694 
3385 0.495908 1.268278 
3386 0.487070 1.276758 
3387 0.478358 1.285132 
3388 0.469773 1.293400 
3389 0.461313 1.301561 
3390 0.452976 1.309614 
3391 0.444762 1.317560 
3392 0.436669 1.325396 
3393 0.428697 1.333123 
3394 0.420843 1.340739 
3395 0.413107 1.348245 
3396 0.405488 1.355640 
3397 0.397984 1.362922 
3398 0.390594 1.370092 
3399 0.383317 1.377148 
3400 0.376152 1.384091 
3401 0.369098 1.390919 
3402 0.362153 1.397633 
3403 0.355316 1.404230 
3404 0.348586 1.410712 
3405 0.341962 1.417078 
3406 0.335443 1.423326 
3407 0.329027 1.429456 
3408 0.322713 1.435468 
3409 0.316501 1.441362 
3410 0.310388 1.447137 
3411 0.304375 1.452792 
3412 0.298459 1.458327 
3413 0.292639 1.463741 
3414 0.286915 1.469034 
3415 0.281285 1.474207 
3416 0.275748 1.479257 
3417 0.270303 1.484185 
3418 0.264948 1.488990 
3419 0.259683 1.493672 
3420 0.254507 1.498231 
3421 0.249418 1.502666 
3422 0.244416 1.506977 
3423 0.239499 1.511163 
3424 0.234665 1.515224 
3425 0.229915 1.519160 
3426 0.225247 1.522971 
3427 0.220659 1.526656 
3428 0.216152 1.530214 
3429 0.211722 1.533646 
3430 0.207371 1.536952 
3431 0.203096 1.540130 
3432 0.198897 1.543181 
3433 0.194772 1.546104 
3434 0.190721 1.548900 
3435 0.186742 1.551568 
3436 0.182835 1.554107 
3437 0.178998 1.556518 
3438 0.175230 1.558801 
3439 0.171531 1.560954 
3440 0.167899 1.562979 
3441 0.164334 1.564874 
3442 0.160835 1.566640 
3443 0.157400 1.568277 
3444 0.154028 1.569784 
3445 0.150720 1.571161 
3446 0.147473 1.572409 
3447 0.144286 1.573526 
3448 0.141160 1.574514 
3449 0.138093 1.575371 
3450 0.135084 1.576098 
3451 0.132132 1.576695 
3452 0.129236 1.577161 
3453 0.126396 1.577497 
3454 0.123611 1.577703 
3455 0.120879 1.577779 
3456 0.118200 1.577724 
3457 0.115573 1.577538 
3458 0.112997 1.577223 
3459 0.110472 1.576777 
3460 0.107997 1.576200 
3461 0.105570 1.575494 
3462 0.103191 1.574657 
3463 0.100859 1.573690 
3464 0.098574 1.572593 
3465 0.096335 1.571366 
3466 0.094140 1.570009 
3467 0.091990 1.568522 
3468 0.089883 1.566906 
3469 0.087819 1.565160 
3470 0.085797 1.563285 
3471 0.083816 1.561281 
3472 0.081875 1.559148 
3473 0.079975 1.556885 
3474 0.078113 1.554495 
3475 0.076290 1.551975 
3476 0.074505 1.549328 
3477 0.072757 1.546552 
3478 0.071046 1.543649 
3479 0.069370 1.540618 
3480 0.067730 1.537459 
3481 0.066125 1.534174 
3482 0.064553 1.530762 
3483 0.063014 1.527223 
3484 0.061509 1.523558 
3485 0.060036 1.519767 
3486 0.058594 1.515851 
3487 0.057183 1.511809 
3488 0.055803 1.507643 
3489 0.054452 1.503351 
3490 0.053131 1.498936 
3491 0.051839 1.494396 
3492 0.050574 1.489734 
3493 0.049338 1.484948 
3494 0.048129 1.480039 
3495 0.046946 1.475008 
3496 0.045790 1.469855 
3497 0.044659 1.464581 
3498 0.043553 1.459185 
3499 0.042472 1.453669 
3500 0.041416 1.448033 
3501 0.040383 1.442277 
3502 0.039373 1.436402 
3503 0.038386 1.430408 
3504 0.037422 1.424297 
3505 0.036479 1.418067 
3506 0.035558 1.411720 
3507 0.034658 1.405256 
3508 0.033779 1.398677 
3509 0.032919 1.391982 
3510 0.032080 1.385171 
3511 0.031260 1.378247 
3512 0.030459 1.371208 
3513 0.029677 1.364056 
3514 0.028913 1.356791 
3515 0.028167 1.349414 
3516 0.027438 1.341926 
3517 0.026727 1.334327 
3518 0.026032 1.326617 
3519 0.025354 1.318798 
3520 0.024692 1.310870 
3521 0.024046 1.302833 
3522 0.023415 1.294689 
3523 0.022799 1.286438 
3524 0.022198 1.278080 
3525 0.021612 1.269617 
3526 0.021039 1.261049 
3527 0.020481 1.252377 
3528 0.019936 1.243601 
3529 0.019404 1.234722 
3530 0.018886 1.225742 
3531 0.018380 1.216660 
3532 0.017886 1.207478 
3533 0.017405 1.198195 
3534 0.016935 1.188814 
3535 0.016477 1.179335 
3536 0.016031 1.169758 
3537 0.015596 1.160084 
3538 0.015171 1.150314 
3539 0.014757 1.140450 
3540 0.014354 1.130491 
3541 0.013960 1.120439 
3542 0.013577 1.110294 
3543 0.013203 1.100057 
3544 0.012839 1.089730 
3545 0.012484 1.079312 
3546 0.012138 1.068805 
3547 0.011801 1.058210 
3548 0.011472 1.047528 
3549 0.011152 1.036758 
3550 0.010840 1.025904 
3551 0.010537 1.014964 
3552 0.010241 1.003941 
3553 0.009952 0.992834 
3554 0.009672 0.981646 
3555 0.009398 0.970376 
3556 0.009132 0.959026 
3557 0.008873 0.947597 
3558 0.008620 0.936090 
3559 0.008375 0.924505 
3560 0.008135 0.912844 
3561 0.007902 0.901107 
3562 0.007676 0.889296 
3563 0.007455 0.877411 
3564 0.007240 0.865454 
3565 0.007031 0.853426 
3566 0.006827 0.841326 
3567 0.006629 0.829158 
3568 0.006437 0.816920 
3569 0.006249 0.804616 
3570 0.006067 0.792245 
3571 0.005889 0.779808 
3572 0.005717 0.767307 
3573 0.005549 0.754742 
3574 0.005385 0.742115 
3575 0.005227 0.729427 
3576 0.005072 0.716678 
3577 0.004922 0.703871 
3578 0.004776 0.691005 
3579 0.004634 0.678082 
3580 0.004496 0.665103 
3581 0.004361 0.652068 
3582 0.004231 0.638981 
3583 0.004104 0.625840 
3584 0.003981 0.612647 
3585 0.003861 0.599404 
3586 0.003744 0.586112 
3587 0.003631 0.572770 
3588 0.003521 0.559382 
3589 0.003414 0.545947 
3590 0.003310 0.532468 
3591 0.003209 0.518944 
3592 0.003111 0.505377 
3593 0.003016 0.491769 
3594 0.002924 0.478120 
3595 0.002834 0.464431 
3596 0.002747 0.450704 
3597 0.002662 0.436940 
3598 0.002580 0.423140 
3599 0.002500 0.409304 
3600 0.002422 0.395435 
3601 0.002347 0.381533 
3602 0.002274 0.367600 
3603 0.002203 0.353636 
3604 0.002134 0.339643 
3605 0.002067 0.325622 
3606 0.002002 0.311574 
3607 0.001939 0.297501 
3608 0.001878 0.283403 
3609 0.001819 0.269281 
3610 0.001761 0.255137 
3611 0.001705 0.240972 
3612 0.001651 0.226787 
3613 0.001599 0.212583 
3614 0.001548 0.198362 
3615 0.001498 0.184124 
3616 0.001450 0.169872 
3617 0.001404 0.155605 
3618 0.001359 0.141325 
3619 0.001315 0.127033 
3620 0.001272 0.112732 
3621 0.001231 0.098420 
3622 0.001191 0.084101 
3623 0.001153 0.069775 
3624 0.001115 0.055442 
3625 0.001079 0.041106 
3626 0.001044 0.026766 
3627 0.001010 0.012423 
3628 0.000977 -0.001920 
3629 0.000945 -0.016263 
3630 0.000914 -0.030605 
3631 0.000883 -0.044944 
3632 0.000854 -0.059280 
3633 0.000826 -0.073610 
3634 0.000799 -0.087935 
3635 0.000772 -0.102252 
3636 0.000747 -0.116561 
3637 0.000722 -0.130860 
3638 0.000698 -0.145149 
3639 0.000674 -0.159425 
3640 0.000652 -0.173689 
3641 0.000630 -0.187937 
3642 0.000609 -0.202171 
3643 0.000588 -0.216387 
3644 0.000568 -0.230586 
3645 0.000549 -0.244766 
3646 0.000531 -0.258925 
3647 0.000513 -0.273064 
3648 0.000495 -0.287179 
3649 0.000478 -0.301271 
3650 0.000462 -0.315338 
3651 0.000446 -0.329379 
3652 0.000431 -0.343392 
3653 0.000416 -0.357377 
3654 0.000402 -0.371333 
3655 0.000388 -0.385258 
3656 0.000375 -0.399151 
3657 0.000362 -0.413011 
3658 0.000349 -0.426838 
3659 0.000337 -0.440628 
3660 0.000325 -0.454383 
3661 0.000314 -0.468099 
3662 0.000303 -0.481778 
3663 0.000293 -0.495416 
3664 0.000282 -0.509013 
3665 0.000273 -0.522569 
3666 0.000263 -0.536081 
3667 0.000254 -0.549548 
3668 0.000245 -0.562971 
3669 0.000236 -0.576347 
3670 0.000228 -0.589675 
3671 0.000220 -0.602954 
3672 0.000212 -0.616184 
3673 0.000204 -0.629363 
3674 0.000197 -0.642490 
3675 0.000190 -0.655563 
3676 0.000183 -0.668583 
3677 0.000177 -0.681547 
3678 0.000171 -0.694455 
3679 0.000164 -0.707305 
3680 0.000158 -0.720097 
3681 0.000153 -0.732830 
3682 0.000147 -0.745502 
3683 0.000142 -0.758112 
3684 0.000137 -0.770660 
3685 0.000132 -0.783144 
3686 0.000127 -0.795563 
3687 0.000122 -0.807916 
3688 0.000118 -0.820203 
3689 0.000114 -0.832422 
3690 0.000110 -0.844572 
3691 0.000106 -0.856653 
3692 0.000102 -0.868662 
3693 0.000098 -0.880600 
3694 0.000094 -0.892465 
3695 0.000091 -0.904256 
3696 0.000088 -0.915973 
3697 0.000084 -0.927614 
3698 0.000081 -0.939178 
3699 0.000078 -0.950664 
3700 0.000075 -0.962072 
3701 0.000072 -0.973401 
3702 0.000070 -0.984649 
3703 0.000067 -0.995815 
3704 0.000065 -1.006900 
3705 0.000062 -1.017901 
3706 0.000060 -1.028818 
3707 0.000058 -1.039650 
3708 0.000055 -1.050396 
3709 0.000053 -1.061055 
3710 0.000051 -1.071627 
3711 0.000049 -1.082110 
3712 0.000048 -1.092503 
3713 0.000046 -1.102807 
3714 0.000044 -1.113019 
3715 0.000042 -1.123139 
3716 0.000041 -1.133166 
3717 0.000039 -1.143100 
3718 0.000038 -1.152939 
3719 0.000036 -1.162683 
3720 0.000035 -1.172331 
3721 0.000033 -1.181882 
3722 0.000032 -1.191335 
3723 0.000031 -1.200690 
3724 0.000030 -1.209946 
3725 0.000029 -1.219101 
3726 0.000028 -1.228156 
3727 0.000026 -1.237109 
3728 0.000025 -1.245961 
3729 0.000024 -1.254709 
3730 0.000023 -1.263353 
3731 0.000023 -1.271893 
3732 0.000022 -1.280328 
3733 0.000021 -1.288657 
3734 0.000020 -1.296880 
3735 0.000019 -1.304995 
3736 0.000018 -1.313003 
3737 0.000018 -1.320902 
3738 0.000017 -1.328692 
3739 0.000016 -1.336372 
3740 0.000016 -1.343941 
3741 0.000015 -1.351400 
3742 0.000014 -1.358747 
3743 0.000014 -1.365982 
3744 0.000013 -1.373103 
3745 0.000013 -1.380112 
3746 0.000012 -1.387006 
3747 0.000012 -1.393785 
3748 0.000011 -1.400450 
3749 0.000011 -1.406998 
3750 0.000010 -1.413431 
3751 0.000010 -1.419746 
3752 0.000010 -1.425944 
3753 0.000009 -1.432025 
3754 0.000009 -1.437987 
3755 0.000009 -1.443830 
3756 0.000008 -1.449554 
3757 0.000008 -1.455158 
3758 0.000008 -1.460641 
3759 0.000007 -1.466005 
3760 0.000007 -1.471246 
3761 0.000007 -1.476367 
3762 0.000006 -1.481365 
3763 0.000006 -1.486241 
3764 0.000006 -1.490994 
3765 0.000006 -1.495624 
3766 0.000005 -1.500130 
3767 0.000005 -1.504512 
3768 0.000005 -1.508770 
3769 0.000005 -1.512903 
3770 0.000005 -1.516912 
3771 0.000004 -1.520794 
3772 0.000004 -1.524552 
3773 0.000004 -1.528183 
3774 0.000004 -1.531688 
3775 0.000004 -1.535066 
3776 0.000004 -1.538317 
3777 0.000003 -1.541442 
3778 0.000003 -1.544438 
3779 0.000003 -1.547308 
3780 0.000003 -1.550049 
3781 0.000003 -1.552662 
3782 0.000003 -1.555147 
3783 0.000003 -1.557504 
3784 0.000002 -1.559731 
3785 0.000002 -1.561830 
3786 0.000002 -1.563800 
3787 0.000002 -1.565640 
3788 0.000002 -1.567351 
3789 0.000002 -1.568933 
3790 0.000002 -1.570385 
3791 0.000002 -1.571707 
3792 0.000002 -1.572899 
3793 0.000002 -1.573961 
3794 0.000002 -1.574894 
3795 0.000002 -1.575696 
3796 0.000001 -1.576367 
3797 0.000001 -1.576909 
3798 0.000001 -1.577320 
3799 0.000001 -1.577601 
3800 0.000001 -1.577751 
3801 0.000001 -1.577771 
3802 0.000001 -1.577661 
3803 0.000001 -1.577420 
3804 0.000001 -1.577049 
3805 0.000001 -1.576548 
3806 0.000001 -1.575916 
3807 0.000001 -1.575154 
3808 0.000001 -1.574262 
3809 0.000001 -1.573240 
3810 0.000001 -1.572087 
3811 0.000001 -1.570805 
3812 0.000001 -1.569393 
3813 0.000001 -1.567852 
3814 0.000001 -1.566180 
3815 0.000001 -1.564380 
3816 0.000001 -1.562450 
3817 0.000001 -1.560390 
3818 0.000001 -1.558202 
3819 0.000001 -1.555885 
3820 0.000001 -1.553440 
3821 0.000000 -1.550866 
3822 0.000000 -1.548164 
3823 0.000000 -1.545334 
3824 0.000000 -1.542377 
3825 0.000000 -1.539291 
3826 0.000000 -1.536079 
3827 0.000000 -1.532740 
3828 0.000000 -1.529274 
3829 0.000000 -1.525682 
3830 0.000000 -1.521963 
3831 0.000000 -1.518119 
3832 0.000000 -1.514149 
3833 0.000000 -1.510054 
3834 0.000000 -1.505835 
3835 0.000000 -1.501491 
3836 0.000000 -1.497023 
3837 0.000000 -1.492431 
3838 0.000000 -1.487716 
3839 0.000000 -1.482877 
3840 0.000000 -1.477917 
3841 0.000000 -1.472834 
3842 0.000000 -1.467629 
3843 0.000000 -1.462303 
3844 0.000000 -1.456857 
3845 0.000000 -1.451290 
3846 0.000000 -1.445603 
3847 0.000000 -1.439796 
3848 0.000000 -1.433870 
3849 0.000000 -1.427826 
3850 0.000000 -1.421664 
3851 0.000000 -1.415385 
3852 0.000000 -1.408988 
3853 0.000000 -1.402476 
3854 0.000000 -1.395847 
3855 0.000000 -1.389103 
3856 0.000000 -1.382244 
3857 0.000000 -1.375270 
3858 0.000000 -1.368183 
3859 0.000000 -1.360983 
3860 0.000000 -1.353671 
3861 0.000000 -1.346247 
3862 0.000000 -1.338711 
3863 0.000000 -1.331065 
3864 0.000000 -1.323309 
3865 0.000000 -1.315443 
3866 0.000000 -1.307469 
3867 0.000000 -1.299387 
3868 0.000000 -1.291197 
3869 0.000000 -1.282900 
3870 0.000000 -1.274498 
3871 0.000000 -1.265990 
3872 0.000000 -1.257378 
3873 0.000000 -1.248661 
3874 0.000000 -1.239842 
3875 0.000000 -1.230920 
3876 0.000000 -1.221896 
3877 0.000000 -1.212771 
3878 0.000000 -1.203547 
3879 0.000000 -1.194222 
3880 0.000000 -1.184799 
3881 0.000000 -1.175278 
3882 0.000000 -1.165660 
3883 0.000000 -1.155945 
3884 0.000000 -1.146135 
3885 0.000000 -1.136231 
3886 0.000000 -1.126232 
3887 0.000000 -1.116140 
3888 0.000000 -1.105956 
3889 0.000000 -1.095681 
3890 0.000000 -1.085315 
3891 0.000000 -1.074860 
3892 0.000000 -1.064315 
3893 0.000000 -1.053683 
3894 0.000000 -1.042963 
3895 0.000000 -1.032158 
3896 0.000000 -1.021267 
3897 0.000000 -1.010291 
3898 0.000000 -0.999233 
3899 0.000000 -0.988091 
3900 0.000000 -0.976868 
3901 0.000000 -0.965564 
3902 0.000000 -0.954181 
3903 0.000000 -0.942718 
3904 0.000000 -0.931178 
3905 0.000000 -0.919560 
3906 0.000000 -0.907867 
3907 0.000000 -0.896099 
3908 0.000000 -0.884256 
3909 0.000000 -0.872341 
3910 0.000000 -0.860353 
3911 0.000000 -0.848294 
3912 0.000000 -0.836165 
3913 0.000000 -0.823968 
3914 0.000000 -0.811702 
3915 0.000000 -0.799368 
3916 0.000000 -0.786969 
3917 0.000000 -0.774505 
3918 0.000000 -0.761977 
3919 0.000000 -0.749386 
3920 0.000000 -0.736733 
3921 0.000000 -0.724019 
3922 0.000000 -0.711245 
3923 0.000000 -0.698412 
3924 0.000000 -0.685522 
3925 0.000000 -0.672575 
3926 0.000000 -0.659572 
3927 0.000000 -0.646515 
3928 0.000000 -0.633405 
3929 0.000000 -0.620242 
3930 0.000000 -0.607028 
3931 0.000000 -0.593763 
3932 0.000000 -0.580450 
3933 0.000000 -0.567089 
3934 0.000000 -0.553680 
3935 0.000000 -0.540227 
3936 0.000000 -0.526728 
3937 0.000000 -0.513186 
3938 0.000000 -0.499601 
3939 0.000000 -0.485975 
3940 0.000000 -0.472309 
3941 0.000000 -0.458604 
3942 0.000000 -0.444861 
3943 0.000000 -0.431082 
3944 0.000000 -0.417266 
3945 0.000000 -0.403417 
3946 0.000000 -0.389533 
3947 0.000000 -0.375618 
3948 0.000000 -0.361672 
3949 0.000000 -0.347695 
3950 0.000000 -0.333690 
3951 0.000000 -0.319658 
3952 0.000000 -0.305599 
3953 0.000000 -0.291515 
3954 0.000000 -0.277406 
3955 0.000000 -0.263275 
3956 0.000000 -0.249122 
3957 0.000000 -0.234948 
3958 0.000000 -0.220755 
3959 0.000000 -0.206544 
3960 0.000000 -0.192316 
3961 0.000000 -0.178071 
3962 0.000000 -0.163812 
3963 0.000000 -0.149540 
3964 0.000000 -0.135255 
3965 0.000000 -0.120959 
3966 0.000000 -0.106653 
3967 0.000000 -0.092338 
3968 0.000000 -0.078016 
3969 0.000000 -0.063687 
3970 0.000000 -0.049353 
3971 0.000000 -0.035014 
3972 0.000000 -0.020673 
3973 0.000000 -0.006330 
3974 0.000000 0.008013 
3975 0.000000 0.022356 
3976 0.000000 0.036697 
3977 0.000000 0.051035 
3978 0.000000 0.065368 
3979 0.000000 0.079696 
3980 0.000000 0.094018 
3981 0.000000 0.108332 
3982 0.000000 0.122637 
3983 0.000000 0.136932 
3984 0.000000 0.151215 
3985 0.000000 0.165486 
3986 0.000000 0.179743 
3987 0.000000 0.193986 
3988 0.000000 0.208212 
3989 0.000000 0.222421 
3990 0.000000 0.236612 
3991 0.000000 0.250784 
3992 0.000000 0.264934 
3993 0.000000 0.279063 
3994 0.000000 0.293168 
3995 0.000000 0.307250 
3996 0.000000 0.321306 
3997 0.000000 0.335335 
3998 0.000000 0.349337 
3999 0.000000 0.363310 
4000 0.000000 0.377252 
