0 1.848198 -1.577224 
1 1.870675 -1.578268 
2 1.893311 -1.579183 
3 1.916104 -1.579967 
4 1.939055 -1.580620 
5 1.962161 -1.581143 
6 1.985423 -1.581535 
7 2.008839 -1.581796 
8 2.032407 -1.581927 
9 2.056128 -1.581926 
10 2.080000 -1.581795 
11 2.104021 -1.581534 
12 2.128191 -1.581141 
13 2.152508 -1.580618 
14 2.176972 -1.579965 
15 2.201580 -1.579181 
16 2.226331 -1.578266 
17 2.251224 -1.577221 
18 2.276258 -1.576045 
19 2.301430 -1.574739 
20 2.326740 -1.573304 
21 2.352186 -1.571738 
22 2.377767 -1.570042 
23 2.403479 -1.568216 
24 2.429323 -1.566261 
25 2.455296 -1.564176 
26 2.481396 -1.561963 
27 2.507622 -1.559620 
28 2.533972 -1.557148 
29 2.560443 -1.554547 
30 2.587035 -1.551818 
31 2.613744 -1.548961 
32 2.640569 -1.545976 
33 2.667508 -1.542863 
34 2.694558 -1.539622 
35 2.721718 -1.536254 
36 2.748985 -1.532759 
37 2.776357 -1.529138 
38 2.803831 -1.525390 
39 2.831406 -1.521516 
40 2.859080 -1.517517 
41 2.886848 -1.513392 
42 2.914710 -1.509142 
43 2.942663 -1.504767 
44 2.970704 -1.500267 
45 2.998830 -1.495644 
46 3.027039 -1.490898 
47 3.055329 -1.486028 
48 3.083696 -1.481035 
49 3.112138 -1.475919 
50 3.140652 -1.470682 
51 3.169235 -1.465324 
52 3.197885 -1.459844 
53 3.226598 -1.454243 
54 3.255372 -1.448523 
55 3.284204 -1.442682 
56 3.313090 -1.436723 
57 3.342028 -1.430644 
58 3.371014 -1.424448 
59 3.400046 -1.418133 
60 3.429120 -1.411702 
61 3.458234 -1.405154 
62 3.487383 -1.398489 
63 3.516565 -1.391710 
64 3.545776 -1.384815 
65 3.575014 -1.377805 
66 3.604274 -1.370682 
67 3.633554 -1.363446 
68 3.662849 -1.356097 
69 3.692157 -1.348635 
70 3.721474 -1.341063 
71 3.750797 -1.333379 
72 3.780122 -1.325585 
73 3.809445 -1.317682 
74 3.838763 -1.309670 
75 3.868073 -1.301550 
76 3.897370 -1.293322 
77 3.926651 -1.284987 
78 3.955913 -1.276546 
79 3.985151 -1.267999 
80 4.014362 -1.259348 
81 4.043542 -1.250592 
82 4.072688 -1.241734 
83 4.101795 -1.232772 
84 4.130860 -1.223709 
85 4.159879 -1.214545 
86 4.188848 -1.205280 
87 4.217764 -1.195915 
88 4.246621 -1.186452 
89 4.275417 -1.176891 
90 4.304148 -1.167232 
91 4.332809 -1.157477 
92 4.361397 -1.147627 
93 4.389907 -1.137681 
94 4.418337 -1.127642 
95 4.446680 -1.117509 
96 4.474935 -1.107284 
97 4.503096 -1.096967 
98 4.531160 -1.086560 
99 4.559123 -1.076063 
100 4.586980 -1.065477 
101 4.614728 -1.054803 
102 4.642363 -1.044042 
103 4.669880 -1.033194 
104 4.697276 -1.022261 
105 4.724546 -1.011244 
106 4.751687 -1.000143 
107 4.778693 -0.988959 
108 4.805563 -0.977694 
109 4.832290 -0.966348 
110 4.858872 -0.954922 
111 4.885304 -0.943417 
112 4.911583 -0.931834 
113 4.937703 -0.920174 
114 4.963662 -0.908438 
115 4.989455 -0.896627 
116 5.015078 -0.884742 
117 5.040527 -0.872784 
118 5.065799 -0.860754 
119 5.090889 -0.848652 
120 5.115793 -0.836481 
121 5.140507 -0.824240 
122 5.165028 -0.811931 
123 5.189351 -0.799555 
124 5.213473 -0.787113 
125 5.237390 -0.774606 
126 5.261098 -0.762035 
127 5.284593 -0.749400 
128 5.307871 -0.736704 
129 5.330929 -0.723948 
130 5.353762 -0.711131 
131 5.376368 -0.698255 
132 5.398742 -0.685322 
133 5.420880 -0.672332 
134 5.442780 -0.659287 
135 5.464437 -0.646187 
136 5.485847 -0.633033 
137 5.507008 -0.619828 
138 5.527916 -0.606571 
139 5.548567 -0.593264 
140 5.568957 -0.579908 
141 5.589084 -0.566504 
142 5.608943 -0.553053 
143 5.628532 -0.539557 
144 5.647848 -0.526016 
145 5.666886 -0.512431 
146 5.685644 -0.498804 
147 5.704118 -0.485136 
148 5.722306 -0.471428 
149 5.740203 -0.457681 
150 5.757808 -0.443896 
151 5.775117 -0.430074 
152 5.792127 -0.416217 
153 5.808835 -0.402325 
154 5.825238 -0.388400 
155 5.841333 -0.374444 
156 5.857119 -0.360456 
157 5.872590 -0.346438 
158 5.887746 -0.332392 
159 5.902584 -0.318318 
160 5.917100 -0.304218 
161 5.931293 -0.290092 
162 5.945159 -0.275943 
163 5.958696 -0.261771 
164 5.971903 -0.247578 
165 5.984776 -0.233363 
166 5.997313 -0.219130 
167 6.009513 -0.204879 
168 6.021372 -0.190610 
169 6.032890 -0.176326 
170 6.044063 -0.162027 
171 6.054889 -0.147715 
172 6.065368 -0.133391 
173 6.075497 -0.119055 
174 6.085273 -0.104710 
175 6.094696 -0.090356 
176 6.103764 -0.075995 
177 6.112475 -0.061627 
178 6.120827 -0.047254 
179 6.128820 -0.032878 
180 6.136450 -0.018498 
181 6.143718 -0.004117 
182 6.150622 0.010264 
183 6.157161 0.024644 
184 6.163333 0.039023 
185 6.169137 0.053398 
186 6.174572 0.067768 
187 6.179638 0.082133 
188 6.184333 0.096492 
189 6.188657 0.110842 
190 6.192608 0.125183 
191 6.196187 0.139514 
192 6.199391 0.153833 
193 6.202222 0.168140 
194 6.204678 0.182433 
195 6.206758 0.196710 
196 6.208463 0.210972 
197 6.209792 0.225216 
198 6.210745 0.239441 
199 6.211322 0.253646 
200 6.211522 0.267831 
201 6.211346 0.281993 
202 6.210793 0.296132 
203 6.209864 0.310247 
204 6.208559 0.324336 
205 6.206878 0.338398 
206 6.204821 0.352433 
207 6.202389 0.366438 
208 6.199582 0.380412 
209 6.196401 0.394356 
210 6.192847 0.408267 
211 6.188919 0.422144 
212 6.184619 0.435986 
213 6.179947 0.449792 
214 6.174905 0.463561 
215 6.169492 0.477292 
216 6.163711 0.490983 
217 6.157562 0.504633 
218 6.151047 0.518242 
219 6.144165 0.531808 
220 6.136920 0.545331 
221 6.129312 0.558808 
222 6.121342 0.572239 
223 6.113011 0.585622 
224 6.104323 0.598957 
225 6.095277 0.612243 
226 6.085875 0.625478 
227 6.076120 0.638662 
228 6.066013 0.651792 
229 6.055555 0.664869 
230 6.044749 0.677891 
231 6.033597 0.690857 
232 6.022100 0.703765 
233 6.010261 0.716616 
234 5.998082 0.729407 
235 5.985564 0.742138 
236 5.972710 0.754808 
237 5.959523 0.767415 
238 5.946005 0.779959 
239 5.932157 0.792438 
240 5.917983 0.804852 
241 5.903486 0.817200 
242 5.888666 0.829480 
243 5.873528 0.841691 
244 5.858074 0.853833 
245 5.842306 0.865904 
246 5.826227 0.877904 
247 5.809841 0.889831 
248 5.793149 0.901684 
249 5.776155 0.913463 
250 5.758862 0.925167 
251 5.741273 0.936794 
252 5.723391 0.948344 
253 5.705218 0.959815 
254 5.686758 0.971207 
255 5.668015 0.982519 
256 5.648990 0.993749 
257 5.629689 1.004898 
258 5.610113 1.015963 
259 5.590266 1.026944 
260 5.570152 1.037841 
261 5.549774 1.048651 
262 5.529135 1.059376 
263 5.508239 1.070012 
264 5.487090 1.080560 
265 5.465690 1.091019 
266 5.444044 1.101388 
267 5.422154 1.111665 
268 5.400026 1.121851 
269 5.377661 1.131944 
270 5.355065 1.141943 
271 5.332240 1.151848 
272 5.309191 1.161658 
273 5.285921 1.171372 
274 5.262433 1.180989 
275 5.238733 1.190509 
276 5.214823 1.199930 
277 5.190708 1.209252 
278 5.166391 1.218474 
279 5.141876 1.227595 
280 5.117167 1.236615 
281 5.092268 1.245532 
282 5.067183 1.254347 
283 5.041917 1.263058 
284 5.016471 1.271665 
285 4.990852 1.280166 
286 4.965063 1.288562 
287 4.939107 1.296851 
288 4.912989 1.305033 
289 4.886713 1.313108 
290 4.860283 1.321073 
291 4.833703 1.328930 
292 4.806977 1.336676 
293 4.780108 1.344313 
294 4.753102 1.351838 
295 4.725962 1.359251 
296 4.698691 1.366552 
297 4.671295 1.373740 
298 4.643777 1.380815 
299 4.616142 1.387776 
300 4.588392 1.394621 
301 4.560533 1.401352 
302 4.532568 1.407967 
303 4.504502 1.414465 
304 4.476338 1.420846 
305 4.448080 1.427111 
306 4.419733 1.433257 
307 4.391300 1.439284 
308 4.362786 1.445193 
309 4.334194 1.450982 
310 4.305528 1.456652 
311 4.276792 1.462201 
312 4.247991 1.467629 
313 4.219128 1.472936 
314 4.190207 1.478121 
315 4.161232 1.483184 
316 4.132206 1.488124 
317 4.103135 1.492941 
318 4.074020 1.497635 
319 4.044868 1.502206 
320 4.015680 1.506652 
321 3.986461 1.510973 
322 3.957215 1.515170 
323 3.927945 1.519241 
324 3.898655 1.523187 
325 3.869349 1.527007 
326 3.840031 1.530701 
327 3.810703 1.534269 
328 3.781370 1.537709 
329 3.752036 1.541023 
330 3.722703 1.544209 
331 3.693376 1.547267 
332 3.664058 1.550198 
333 3.634752 1.553000 
334 3.605461 1.555674 
335 3.576190 1.558220 
336 3.546941 1.560637 
337 3.517719 1.562925 
338 3.488525 1.565083 
339 3.459364 1.567113 
340 3.430239 1.569012 
341 3.401153 1.570783 
342 3.372109 1.572423 
343 3.343110 1.573933 
344 3.314159 1.575313 
345 3.285260 1.576564 
346 3.256416 1.577683 
347 3.227629 1.578673 
348 3.198903 1.579532 
349 3.170240 1.580260 
350 3.141643 1.580858 
351 3.113115 1.581325 
352 3.084660 1.581662 
353 3.056279 1.581867 
354 3.027976 1.581942 
355 2.999753 1.581887 
356 2.971612 1.581700 
357 2.943558 1.581383 
358 2.915591 1.580935 
359 2.887715 1.580357 
360 2.859932 1.579648 
361 2.832244 1.578808 
362 2.804655 1.577838 
363 2.777165 1.576737 
364 2.749779 1.575506 
365 2.722497 1.574145 
366 2.695323 1.572654 
367 2.668258 1.571033 
368 2.641304 1.569282 
369 2.614465 1.567402 
370 2.587741 1.565391 
371 2.561135 1.563252 
372 2.534648 1.560983 
373 2.508284 1.558585 
374 2.482043 1.556059 
375 2.455928 1.553404 
376 2.429940 1.550620 
377 2.404082 1.547708 
378 2.378354 1.544669 
379 2.352759 1.541502 
380 2.327298 1.538207 
381 2.301974 1.534785 
382 2.276786 1.531236 
383 2.251738 1.527561 
384 2.226830 1.523760 
385 2.202064 1.519833 
386 2.177442 1.515780 
387 2.152964 1.511601 
388 2.128632 1.507298 
389 2.104448 1.502871 
390 2.080412 1.498319 
391 2.056527 1.493643 
392 2.032792 1.488844 
393 2.009209 1.483922 
394 1.985779 1.478877 
395 1.962503 1.473710 
396 1.939383 1.468421 
397 1.916419 1.463010 
398 1.893611 1.457479 
399 1.870962 1.451828 
400 1.848472 1.446056 
401 1.826141 1.440165 
402 1.803970 1.434155 
403 1.781961 1.428026 
404 1.760113 1.421780 
405 1.738428 1.415416 
406 1.716906 1.408934 
407 1.695547 1.402337 
408 1.674353 1.395623 
409 1.653323 1.388795 
410 1.632458 1.381851 
411 1.611759 1.374793 
412 1.591226 1.367622 
413 1.570859 1.360337 
414 1.550659 1.352941 
415 1.530625 1.345432 
416 1.510759 1.337812 
417 1.491060 1.330082 
418 1.471529 1.322241 
419 1.452165 1.314292 
420 1.432970 1.306234 
421 1.413942 1.298067 
422 1.395083 1.289794 
423 1.376391 1.281414 
424 1.357868 1.272928 
425 1.339512 1.264337 
426 1.321325 1.255641 
427 1.303305 1.246842 
428 1.285453 1.237939 
429 1.267769 1.228934 
430 1.250253 1.219828 
431 1.232903 1.210621 
432 1.215721 1.201314 
433 1.198705 1.191907 
434 1.181856 1.182402 
435 1.165172 1.172800 
436 1.148655 1.163100 
437 1.132303 1.153304 
438 1.116116 1.143413 
439 1.100094 1.133428 
440 1.084236 1.123348 
441 1.068542 1.113176 
442 1.053012 1.102912 
443 1.037644 1.092557 
444 1.022438 1.082112 
445 1.007394 1.071577 
446 0.992511 1.060953 
447 0.977788 1.050242 
448 0.963226 1.039444 
449 0.948823 1.028560 
450 0.934578 1.017591 
451 0.920492 1.006538 
452 0.906563 0.995402 
453 0.892790 0.984184 
454 0.879174 0.972884 
455 0.865712 0.961504 
456 0.852405 0.950044 
457 0.839252 0.938506 
458 0.826251 0.926890 
459 0.813403 0.915198 
460 0.800706 0.903430 
461 0.788159 0.891587 
462 0.775761 0.879671 
463 0.763513 0.867682 
464 0.751412 0.855621 
465 0.739458 0.843490 
466 0.727650 0.831289 
467 0.715987 0.819019 
468 0.704468 0.806682 
469 0.693093 0.794277 
470 0.681860 0.781808 
471 0.670768 0.769273 
472 0.659817 0.756675 
473 0.649005 0.744015 
474 0.638332 0.731293 
475 0.627796 0.718510 
476 0.617396 0.705668 
477 0.607132 0.692768 
478 0.597002 0.679811 
479 0.587006 0.666797 
480 0.577142 0.653728 
481 0.567409 0.640606 
482 0.557807 0.627430 
483 0.548334 0.614202 
484 0.538989 0.600924 
485 0.529771 0.587596 
486 0.520680 0.574220 
487 0.511713 0.560796 
488 0.502870 0.547325 
489 0.494150 0.533810 
490 0.485552 0.520250 
491 0.477074 0.506647 
492 0.468716 0.493003 
493 0.460476 0.479318 
494 0.452354 0.465593 
495 0.444348 0.451829 
496 0.436458 0.438029 
497 0.428681 0.424192 
498 0.421018 0.410320 
499 0.413466 0.396414 
500 0.406025 0.382475 
501 0.398694 0.368505 
502 0.391472 0.354504 
503 0.384357 0.340474 
504 0.377348 0.326416 
505 0.370445 0.312331 
506 0.363646 0.298220 
507 0.356950 0.284085 
508 0.350356 0.269926 
509 0.343863 0.255744 
510 0.337470 0.241542 
511 0.331176 0.227319 
512 0.324979 0.213078 
513 0.318879 0.198819 
514 0.312875 0.184544 
515 0.306965 0.170253 
516 0.301148 0.155949 
517 0.295423 0.141631 
518 0.289790 0.127302 
519 0.284247 0.112962 
520 0.278793 0.098613 
521 0.273428 0.084256 
522 0.268149 0.069892 
523 0.262956 0.055522 
524 0.257848 0.041147 
525 0.252824 0.026769 
526 0.247882 0.012389 
527 0.243023 -0.001992 
528 0.238244 -0.016373 
529 0.233546 -0.030753 
530 0.228926 -0.045130 
531 0.224383 -0.059503 
532 0.219918 -0.073871 
533 0.215528 -0.088234 
534 0.211213 -0.102589 
535 0.206972 -0.116935 
536 0.202804 -0.131272 
537 0.198708 -0.145598 
538 0.194682 -0.159913 
539 0.190727 -0.174213 
540 0.186840 -0.188500 
541 0.183022 -0.202771 
542 0.179271 -0.217025 
543 0.175586 -0.231261 
544 0.171966 -0.245478 
545 0.168411 -0.259675 
546 0.164919 -0.273850 
547 0.161490 -0.288003 
548 0.158123 -0.302132 
549 0.154816 -0.316235 
550 0.151569 -0.330313 
551 0.148382 -0.344364 
552 0.145252 -0.358386 
553 0.142180 -0.372378 
554 0.139165 -0.386340 
555 0.136205 -0.400269 
556 0.133300 -0.414166 
557 0.130449 -0.428028 
558 0.127652 -0.441855 
559 0.124906 -0.455646 
560 0.122213 -0.469399 
561 0.119570 -0.483113 
562 0.116977 -0.496787 
563 0.114434 -0.510420 
564 0.111939 -0.524011 
565 0.109492 -0.537558 
566 0.107091 -0.551061 
567 0.104737 -0.564519 
568 0.102429 -0.577930 
569 0.100165 -0.591293 
570 0.097946 -0.604607 
571 0.095770 -0.617872 
572 0.093636 -0.631085 
573 0.091545 -0.644246 
574 0.089494 -0.657354 
575 0.087485 -0.670407 
576 0.085515 -0.683406 
577 0.083585 -0.696347 
578 0.081693 -0.709231 
579 0.079839 -0.722057 
580 0.078022 -0.734823 
581 0.076243 -0.747528 
582 0.074499 -0.760171 
583 0.072791 -0.772752 
584 0.071117 -0.785268 
585 0.069478 -0.797720 
586 0.067873 -0.810106 
587 0.066300 -0.822425 
588 0.064760 -0.834676 
589 0.063252 -0.846858 
590 0.061776 -0.858969 
591 0.060330 -0.871010 
592 0.058914 -0.882979 
593 0.057528 -0.894875 
594 0.056172 -0.906697 
595 0.054844 -0.918444 
596 0.053544 -0.930116 
597 0.052272 -0.941710 
598 0.051027 -0.953226 
599 0.049808 -0.964664 
600 0.048616 -0.976022 
601 0.047449 -0.987299 
602 0.046308 -0.998495 
603 0.045191 -1.009608 
604 0.044099 -1.020638 
605 0.043030 -1.031584 
606 0.041985 -1.042444 
607 0.040962 -1.053218 
608 0.039962 -1.063905 
609 0.038984 -1.074504 
610 0.038028 -1.085014 
611 0.037093 -1.095435 
612 0.036179 -1.105765 
613 0.035285 -1.116003 
614 0.034411 -1.126150 
615 0.033557 -1.136203 
616 0.032722 -1.146163 
617 0.031905 -1.156027 
618 0.031108 -1.165797 
619 0.030328 -1.175469 
620 0.029566 -1.185045 
621 0.028822 -1.194523 
622 0.028094 -1.203902 
623 0.027383 -1.213181 
624 0.026689 -1.222361 
625 0.026011 -1.231439 
626 0.025348 -1.240416 
627 0.024701 -1.249290 
628 0.024068 -1.258060 
629 0.023451 -1.266727 
630 0.022848 -1.275289 
631 0.022259 -1.283746 
632 0.021684 -1.292096 
633 0.021123 -1.300340 
634 0.020574 -1.308477 
635 0.020039 -1.316505 
636 0.019517 -1.324424 
637 0.019007 -1.332234 
638 0.018509 -1.339934 
639 0.018023 -1.347523 
640 0.017549 -1.355001 
641 0.017087 -1.362367 
642 0.016635 -1.369620 
643 0.016195 -1.376760 
644 0.015765 -1.383786 
645 0.015346 -1.390698 
646 0.014936 -1.397495 
647 0.014537 -1.404176 
648 0.014148 -1.410741 
649 0.013768 -1.417190 
650 0.013398 -1.423522 
651 0.013037 -1.429736 
652 0.012685 -1.435832 
653 0.012341 -1.441809 
654 0.012006 -1.447667 
655 0.011680 -1.453405 
656 0.011362 -1.459024 
657 0.011051 -1.464521 
658 0.010749 -1.469898 
659 0.010454 -1.475153 
660 0.010167 -1.480286 
661 0.009887 -1.485297 
662 0.009614 -1.490185 
663 0.009348 -1.494950 
664 0.009089 -1.499592 
665 0.008836 -1.504110 
666 0.008590 -1.508503 
667 0.008351 -1.512771 
668 0.008117 -1.516915 
669 0.007890 -1.520933 
670 0.007668 -1.524826 
671 0.007452 -1.528592 
672 0.007242 -1.532232 
673 0.007038 -1.535746 
674 0.006838 -1.539132 
675 0.006644 -1.542392 
676 0.006455 -1.545524 
677 0.006272 -1.548528 
678 0.006093 -1.551404 
679 0.005918 -1.554152 
680 0.005749 -1.556772 
681 0.005583 -1.559262 
682 0.005423 -1.561624 
683 0.005266 -1.563857 
684 0.005114 -1.565961 
685 0.004966 -1.567935 
686 0.004822 -1.569780 
687 0.004682 -1.571495 
688 0.004545 -1.573080 
689 0.004413 -1.574535 
690 0.004283 -1.575860 
691 0.004158 -1.577055 
692 0.004036 -1.578120 
693 0.003917 -1.579054 
694 0.003801 -1.579857 
695 0.003689 -1.580530 
696 0.003580 -1.581072 
697 0.003474 -1.581484 
698 0.003370 -1.581765 
699 0.003270 -1.581915 
700 0.003172 -1.581935 
701 0.003078 -1.581823 
702 0.002985 -1.581582 
703 0.002896 -1.581209 
704 0.002809 -1.580705 
705 0.002724 -1.580071 
706 0.002642 -1.579307 
707 0.002562 -1.578412 
708 0.002484 -1.577386 
709 0.002409 -1.576230 
710 0.002335 -1.574944 
711 0.002264 -1.573528 
712 0.002195 -1.571981 
713 0.002128 -1.570305 
714 0.002062 -1.568499 
715 0.001999 -1.566563 
716 0.001938 -1.564498 
717 0.001878 -1.562304 
718 0.001820 -1.559980 
719 0.001763 -1.557528 
720 0.001709 -1.554947 
721 0.001656 -1.552237 
722 0.001604 -1.549399 
723 0.001554 -1.546433 
724 0.001505 -1.543339 
725 0.001458 -1.540117 
726 0.001413 -1.536769 
727 0.001368 -1.533293 
728 0.001325 -1.529691 
729 0.001283 -1.525962 
730 0.001243 -1.522107 
731 0.001203 -1.518126 
732 0.001165 -1.514020 
733 0.001128 -1.509789 
734 0.001092 -1.505433 
735 0.001057 -1.500952 
736 0.001024 -1.496347 
737 0.000991 -1.491619 
738 0.000959 -1.486768 
739 0.000928 -1.481793 
740 0.000898 -1.476697 
741 0.000869 -1.471478 
742 0.000841 -1.466137 
743 0.000814 -1.460676 
744 0.000788 -1.455093 
745 0.000762 -1.449391 
746 0.000737 -1.443568 
747 0.000713 -1.437626 
748 0.000690 -1.431566 
749 0.000667 -1.425387 
750 0.000645 -1.419090 
751 0.000624 -1.412677 
752 0.000604 -1.406146 
753 0.000584 -1.399499 
754 0.000564 -1.392737 
755 0.000546 -1.385859 
756 0.000528 -1.378867 
757 0.000510 -1.371761 
758 0.000493 -1.364541 
759 0.000477 -1.357209 
760 0.000461 -1.349764 
761 0.000445 -1.342209 
762 0.000431 -1.334542 
763 0.000416 -1.326764 
764 0.000402 -1.318878 
765 0.000389 -1.310882 
766 0.000375 -1.302778 
767 0.000363 -1.294566 
768 0.000351 -1.286247 
769 0.000339 -1.277822 
770 0.000327 -1.269291 
771 0.000316 -1.260655 
772 0.000305 -1.251916 
773 0.000295 -1.243072 
774 0.000285 -1.234126 
775 0.000275 -1.225078 
776 0.000266 -1.215929 
777 0.000256 -1.206679 
778 0.000248 -1.197330 
779 0.000239 -1.187882 
780 0.000231 -1.178335 
781 0.000223 -1.168691 
782 0.000215 -1.158950 
783 0.000208 -1.149114 
784 0.000200 -1.139183 
785 0.000193 -1.129157 
786 0.000187 -1.119039 
787 0.000180 -1.108827 
788 0.000174 -1.098524 
789 0.000168 -1.088131 
790 0.000162 -1.077647 
791 0.000156 -1.067074 
792 0.000151 -1.056414 
793 0.000145 -1.045665 
794 0.000140 -1.034831 
795 0.000135 -1.023911 
796 0.000130 -1.012906 
797 0.000126 -1.001818 
798 0.000121 -0.990646 
799 0.000117 -0.979393 
800 0.000113 -0.968059 
801 0.000109 -0.956645 
802 0.000105 -0.945152 
803 0.000101 -0.933581 
804 0.000097 -0.921933 
805 0.000094 -0.910208 
806 0.000091 -0.898408 
807 0.000087 -0.886534 
808 0.000084 -0.874587 
809 0.000081 -0.862567 
810 0.000078 -0.850477 
811 0.000075 -0.838315 
812 0.000073 -0.826085 
813 0.000070 -0.813786 
814 0.000067 -0.801420 
815 0.000065 -0.788988 
816 0.000063 -0.776491 
817 0.000060 -0.763929 
818 0.000058 -0.751304 
819 0.000056 -0.738618 
820 0.000054 -0.725870 
821 0.000052 -0.713062 
822 0.000050 -0.700195 
823 0.000048 -0.687271 
824 0.000046 -0.674289 
825 0.000045 -0.661252 
826 0.000043 -0.648160 
827 0.000041 -0.635015 
828 0.000040 -0.621817 
829 0.000038 -0.608568 
830 0.000037 -0.595268 
831 0.000035 -0.581920 
832 0.000034 -0.568523 
833 0.000033 -0.555079 
834 0.000032 -0.541589 
835 0.000030 -0.528055 
836 0.000029 -0.514477 
837 0.000028 -0.500856 
838 0.000027 -0.487194 
839 0.000026 -0.473492 
840 0.000025 -0.459751 
841 0.000024 -0.445971 
842 0.000023 -0.432155 
843 0.000022 -0.418303 
844 0.000021 -0.404417 
845 0.000021 -0.390497 
846 0.000020 -0.376544 
847 0.000019 -0.362561 
848 0.000018 -0.348548 
849 0.000018 -0.334506 
850 0.000017 -0.320436 
851 0.000016 -0.306340 
852 0.000016 -0.292218 
853 0.000015 -0.278073 
854 0.000014 -0.263904 
855 0.000014 -0.249713 
856 0.000013 -0.235502 
857 0.000013 -0.221272 
858 0.000012 -0.207023 
859 0.000012 -0.192757 
860 0.000011 -0.178475 
861 0.000011 -0.164178 
862 0.000011 -0.149868 
863 0.000010 -0.135545 
864 0.000010 -0.121212 
865 0.000009 -0.106868 
866 0.000009 -0.092515 
867 0.000009 -0.078155 
868 0.000008 -0.063788 
869 0.000008 -0.049416 
870 0.000008 -0.035040 
871 0.000007 -0.020661 
872 0.000007 -0.006280 
873 0.000007 0.008101 
874 0.000006 0.022482 
875 0.000006 0.036860 
876 0.000006 0.051236 
877 0.000006 0.065608 
878 0.000005 0.079974 
879 0.000005 0.094333 
880 0.000005 0.108685 
881 0.000005 0.123027 
882 0.000005 0.137360 
883 0.000004 0.151681 
884 0.000004 0.165989 
885 0.000004 0.180284 
886 0.000004 0.194564 
887 0.000004 0.208828 
888 0.000004 0.223075 
889 0.000003 0.237303 
890 0.000003 0.251511 
891 0.000003 0.265699 
892 0.000003 0.279865 
893 0.000003 0.294008 
894 0.000003 0.308126 
895 0.000003 0.322219 
896 0.000003 0.336285 
897 0.000002 0.350324 
898 0.000002 0.364333 
899 0.000002 0.378313 
900 0.000002 0.392261 
901 0.000002 0.406177 
902 0.000002 0.420059 
903 0.000002 0.433906 
904 0.000002 0.447718 
905 0.000002 0.461493 
906 0.000002 0.475229 
907 0.000002 0.488926 
908 0.000002 0.502583 
909 0.000001 0.516198 
910 0.000001 0.529771 
911 0.000001 0.543300 
912 0.000001 0.556784 
913 0.000001 0.570222 
914 0.000001 0.583613 
915 0.000001 0.596955 
916 0.000001 0.610248 
917 0.000001 0.623491 
918 0.000001 0.636682 
919 0.000001 0.649821 
920 0.000001 0.662906 
921 0.000001 0.675936 
922 0.000001 0.688910 
923 0.000001 0.701828 
924 0.000001 0.714687 
925 0.000001 0.727487 
926 0.000001 0.740227 
927 0.000001 0.752906 
928 0.000001 0.765523 
929 0.000001 0.778077 
930 0.000001 0.790566 
931 0.000001 0.802990 
932 0.000001 0.815347 
933 0.000001 0.827637 
934 0.000000 0.839859 
935 0.000000 0.852011 
936 0.000000 0.864093 
937 0.000000 0.876104 
938 0.000000 0.888042 
939 0.000000 0.899907 
940 0.000000 0.911697 
941 0.000000 0.923412 
942 0.000000 0.935050 
943 0.000000 0.946612 
944 0.000000 0.958095 
945 0.000000 0.969499 
946 0.000000 0.980823 
947 0.000000 0.992066 
948 0.000000 1.003226 
949 0.000000 1.014304 
950 0.000000 1.025298 
951 0.000000 1.036208 
952 0.000000 1.047031 
953 0.000000 1.057768 
954 0.000000 1.068418 
955 0.000000 1.078980 
956 0.000000 1.089452 
957 0.000000 1.099834 
958 0.000000 1.110125 
959 0.000000 1.120325 
960 0.000000 1.130432 
961 0.000000 1.140446 
962 0.000000 1.150365 
963 0.000000 1.160189 
964 0.000000 1.169917 
965 0.000000 1.179549 
966 0.000000 1.189083 
967 0.000000 1.198519 
968 0.000000 1.207856 
969 0.000000 1.217093 
970 0.000000 1.226230 
971 0.000000 1.235265 
972 0.000000 1.244198 
973 0.000000 1.253028 
974 0.000000 1.261755 
975 0.000000 1.270377 
976 0.000000 1.278894 
977 0.000000 1.287306 
978 0.000000 1.295612 
979 0.000000 1.303810 
980 0.000000 1.311900 
981 0.000000 1.319882 
982 0.000000 1.327755 
983 0.000000 1.335519 
984 0.000000 1.343171 
985 0.000000 1.350713 
986 0.000000 1.358144 
987 0.000000 1.365462 
988 0.000000 1.372667 
989 0.000000 1.379758 
990 0.000000 1.386736 
991 0.000000 1.393599 
992 0.000000 1.400347 
993 0.000000 1.406979 
994 0.000000 1.413495 
995 0.000000 1.419894 
996 0.000000 1.426176 
997 0.000000 1.432340 
998 0.000000 1.438385 
999 0.000000 1.444312 
1000 0.000000 1.450119 
1001 0.000000 1.455807 
1002 0.000000 1.461374 
1003 0.000000 1.466820 
1004 0.000000 1.472145 
1005 0.000000 1.477349 
1006 0.000000 1.482430 
1007 0.000000 1.487389 
1008 0.000000 1.492225 
1009 0.000000 1.496937 
1010 0.000000 1.501526 
1011 0.000000 1.505991 
1012 0.000000 1.510331 
1013 0.000000 1.514547 
1014 0.000000 1.518637 
1015 0.000000 1.522602 
1016 0.000000 1.526441 
1017 0.000000 1.530154 
1018 0.000000 1.533740 
1019 0.000000 1.537200 
1020 0.000000 1.540532 
1021 0.000000 1.543738 
1022 0.000000 1.546815 
1023 0.000000 1.549765 
1024 0.000000 1.552587 
1025 0.000000 1.555280 
1026 0.000000 1.557845 
1027 0.000000 1.560282 
1028 0.000000 1.562589 
1029 0.000000 1.564767 
1030 0.000000 1.566816 
1031 0.000000 1.568735 
1032 0.000000 1.570525 
1033 0.000000 1.572184 
1034 0.000000 1.573714 
1035 0.000000 1.575114 
1036 0.000000 1.576384 
1037 0.000000 1.577523 
1038 0.000000 1.578532 
1039 0.000000 1.579411 
1040 0.000000 1.580159 
1041 0.000000 1.580776 
1042 0.000000 1.581263 
1043 0.000000 1.581619 
1044 0.000000 1.581845 
1045 0.000000 1.581939 
1046 0.000000 1.581903 
1047 0.000000 1.581737 
1048 0.000000 1.581439 
1049 0.000000 1.581011 
1050 0.000000 1.580452 
1051 0.000000 1.579763 
1052 0.000000 1.578943 
1053 0.000000 1.577992 
1054 0.000000 1.576911 
1055 0.000000 1.575700 
1056 0.000000 1.574358 
1057 0.000000 1.572887 
1058 0.000000 1.571285 
1059 0.000000 1.569554 
1060 0.000000 1.567693 
1061 0.000000 1.565702 
1062 0.000000 1.563582 
1063 0.000000 1.561332 
1064 0.000000 1.558954 
1065 0.000000 1.556447 
1066 0.000000 1.553811 
1067 0.000000 1.551047 
1068 0.000000 1.548154 
1069 0.000000 1.545134 
1070 0.000000 1.541986 
1071 0.000000 1.538710 
1072 0.000000 1.535308 
1073 0.000000 1.531778 
1074 0.000000 1.528122 
1075 0.000000 1.524340 
1076 0.000000 1.520431 
1077 0.000000 1.516397 
1078 0.000000 1.512238 
1079 0.000000 1.507953 
1080 0.000000 1.503544 
1081 0.000000 1.499011 
1082 0.000000 1.494354 
1083 0.000000 1.489573 
1084 0.000000 1.484670 
1085 0.000000 1.479643 
1086 0.000000 1.474494 
1087 0.000000 1.469224 
1088 0.000000 1.463832 
1089 0.000000 1.458319 
1090 0.000000 1.452685 
1091 0.000000 1.446932 
1092 0.000000 1.441059 
1093 0.000000 1.435066 
1094 0.000000 1.428956 
1095 0.000000 1.422727 
1096 0.000000 1.416380 
1097 0.000000 1.409917 
1098 0.000000 1.403336 
1099 0.000000 1.396640 
1100 0.000000 1.389829 
1101 0.000000 1.382903 
1102 0.000000 1.375862 
1103 0.000000 1.368708 
1104 0.000000 1.361440 
1105 0.000000 1.354060 
1106 0.000000 1.346568 
1107 0.000000 1.338965 
1108 0.000000 1.331251 
1109 0.000000 1.323427 
1110 0.000000 1.315494 
1111 0.000000 1.307452 
1112 0.000000 1.299302 
1113 0.000000 1.291045 
1114 0.000000 1.282681 
1115 0.000000 1.274211 
1116 0.000000 1.265635 
1117 0.000000 1.256955 
1118 0.000000 1.248172 
1119 0.000000 1.239285 
1120 0.000000 1.230295 
1121 0.000000 1.221204 
1122 0.000000 1.212012 
1123 0.000000 1.202720 
1124 0.000000 1.193328 
1125 0.000000 1.183838 
1126 0.000000 1.174250 
1127 0.000000 1.164565 
1128 0.000000 1.154783 
1129 0.000000 1.144907 
1130 0.000000 1.134935 
1131 0.000000 1.124870 
1132 0.000000 1.114712 
1133 0.000000 1.104462 
1134 0.000000 1.094120 
1135 0.000000 1.083688 
1136 0.000000 1.073167 
1137 0.000000 1.062556 
1138 0.000000 1.051858 
1139 0.000000 1.041073 
1140 0.000000 1.030202 
1141 0.000000 1.019246 
1142 0.000000 1.008206 
1143 0.000000 0.997082 
1144 0.000000 0.985876 
1145 0.000000 0.974588 
1146 0.000000 0.963220 
1147 0.000000 0.951773 
1148 0.000000 0.940246 
1149 0.000000 0.928642 
1150 0.000000 0.916961 
1151 0.000000 0.905205 
1152 0.000000 0.893373 
1153 0.000000 0.881468 
1154 0.000000 0.869490 
1155 0.000000 0.857440 
1156 0.000000 0.845319 
1157 0.000000 0.833128 
1158 0.000000 0.820869 
1159 0.000000 0.808541 
1160 0.000000 0.796147 
1161 0.000000 0.783687 
1162 0.000000 0.771162 
1163 0.000000 0.758574 
1164 0.000000 0.745923 
1165 0.000000 0.733210 
1166 0.000000 0.720436 
1167 0.000000 0.707603 
1168 0.000000 0.694712 
1169 0.000000 0.681763 
1170 0.000000 0.668758 
1171 0.000000 0.655697 
1172 0.000000 0.642582 
1173 0.000000 0.629415 
1174 0.000000 0.616195 
1175 0.000000 0.602924 
1176 0.000000 0.589604 
1177 0.000000 0.576234 
1178 0.000000 0.562817 
1179 0.000000 0.549354 
1180 0.000000 0.535845 
1181 0.000000 0.522292 
1182 0.000000 0.508696 
1183 0.000000 0.495058 
1184 0.000000 0.481378 
1185 0.000000 0.467659 
1186 0.000000 0.453902 
1187 0.000000 0.440106 
1188 0.000000 0.426275 
1189 0.000000 0.412408 
1190 0.000000 0.398507 
1191 0.000000 0.384574 
1192 0.000000 0.370608 
1193 0.000000 0.356612 
1194 0.000000 0.342586 
1195 0.000000 0.328532 
1196 0.000000 0.314451 
1197 0.000000 0.300344 
1198 0.000000 0.286212 
1199 0.000000 0.272056 
1200 0.000000 0.257878 
1201 0.000000 0.243679 
1202 0.000000 0.229459 
1203 0.000000 0.215221 
1204 0.000000 0.200965 
1205 0.000000 0.186692 
1206 0.000000 0.172403 
1207 0.000000 0.158101 
1208 0.000000 0.143785 
1209 0.000000 0.129458 
1210 0.000000 0.115119 
1211 0.000000 0.100772 
1212 0.000000 0.086416 
1213 0.000000 0.072052 
1214 0.000000 0.057683 
1215 0.000000 0.043309 
1216 0.000000 0.028932 
1217 0.000000 0.014552 
1218 0.000000 0.000171 
1219 0.000000 -0.014210 
1220 0.000000 -0.028590 
1221 0.000000 -0.042968 
1222 0.000000 -0.057342 
1223 0.000000 -0.071711 
1224 0.000000 -0.086074 
1225 0.000000 -0.100431 
1226 0.000000 -0.114779 
1227 0.000000 -0.129117 
1228 0.000000 -0.143445 
1229 0.000000 -0.157761 
1230 0.000000 -0.172064 
1231 0.000000 -0.186352 
1232 0.000000 -0.200626 
1233 0.000000 -0.214882 
1234 0.000000 -0.229121 
1235 0.000000 -0.243341 
1236 0.000000 -0.257541 
1237 0.000000 -0.271720 
1238 0.000000 -0.285876 
1239 0.000000 -0.300008 
1240 0.000000 -0.314116 
1241 0.000000 -0.328198 
1242 0.000000 -0.342252 
1243 0.000000 -0.356279 
1244 0.000000 -0.370276 
1245 0.000000 -0.384242 
1246 0.000000 -0.398177 
1247 0.000000 -0.412078 
1248 0.000000 -0.425946 
1249 0.000000 -0.439778 
1250 0.000000 -0.453574 
1251 0.000000 -0.467333 
1252 0.000000 -0.481053 
1253 0.000000 -0.494733 
1254 0.000000 -0.508372 
1255 0.000000 -0.521970 
1256 0.000000 -0.535524 
1257 0.000000 -0.549034 
1258 0.000000 -0.562498 
1259 0.000000 -0.575916 
1260 0.000000 -0.589287 
1261 0.000000 -0.602608 
1262 0.000000 -0.615880 
1263 0.000000 -0.629101 
1264 0.000000 -0.642270 
1265 0.000000 -0.655386 
1266 0.000000 -0.668448 
1267 0.000000 -0.681455 
1268 0.000000 -0.694405 
1269 0.000000 -0.707298 
1270 0.000000 -0.720132 
1271 0.000000 -0.732907 
1272 0.000000 -0.745621 
1273 0.000000 -0.758274 
1274 0.000000 -0.770864 
1275 0.000000 -0.783390 
1276 0.000000 -0.795852 
1277 0.000000 -0.808248 
1278 0.000000 -0.820576 
1279 0.000000 -0.832838 
1280 0.000000 -0.845030 
1281 0.000000 -0.857153 
1282 0.000000 -0.869204 
1283 0.000000 -0.881184 
1284 0.000000 -0.893091 
1285 0.000000 -0.904924 
1286 0.000000 -0.916683 
1287 0.000000 -0.928365 
1288 0.000000 -0.939971 
1289 0.000000 -0.951500 
1290 0.000000 -0.962949 
1291 0.000000 -0.974319 
1292 0.000000 -0.985609 
1293 0.000000 -0.996817 
1294 0.000000 -1.007942 
1295 0.000000 -1.018985 
1296 0.000000 -1.029943 
1297 0.000000 -1.040816 
1298 0.000000 -1.051603 
1299 0.000000 -1.062303 
1300 0.000000 -1.072916 
1301 0.000000 -1.083439 
1302 0.000000 -1.093873 
1303 0.000000 -1.104217 
1304 0.000000 -1.114469 
1305 0.000000 -1.124630 
1306 0.000000 -1.134697 
1307 0.000000 -1.144671 
1308 0.000000 -1.154550 
1309 0.000000 -1.164334 
1310 0.000000 -1.174021 
1311 0.000000 -1.183611 
1312 0.000000 -1.193104 
1313 0.000000 -1.202498 
1314 0.000000 -1.211792 
1315 0.000000 -1.220987 
1316 0.000000 -1.230080 
1317 0.000000 -1.239072 
1318 0.000000 -1.247962 
1319 0.000000 -1.256748 
1320 0.000000 -1.265430 
1321 0.000000 -1.274008 
1322 0.000000 -1.282481 
1323 0.000000 -1.290847 
1324 0.000000 -1.299107 
1325 0.000000 -1.307260 
1326 0.000000 -1.315304 
1327 0.000000 -1.323240 
1328 0.000000 -1.331067 
1329 0.000000 -1.338783 
1330 0.000000 -1.346389 
1331 0.000000 -1.353883 
1332 0.000000 -1.361266 
1333 0.000000 -1.368536 
1334 0.000000 -1.375693 
1335 0.000000 -1.382737 
1336 0.000000 -1.389666 
1337 0.000000 -1.396480 
1338 0.000000 -1.403179 
1339 0.000000 -1.409762 
1340 0.000000 -1.416228 
1341 0.000000 -1.422577 
1342 0.000000 -1.428809 
1343 0.000000 -1.434923 
1344 0.000000 -1.440918 
1345 0.000000 -1.446794 
1346 0.000000 -1.452550 
1347 0.000000 -1.458186 
1348 0.000000 -1.463702 
1349 0.000000 -1.469097 
1350 0.000000 -1.474371 
1351 0.000000 -1.479522 
1352 0.000000 -1.484552 
1353 0.000000 -1.489458 
1354 0.000000 -1.494242 
1355 0.000000 -1.498902 
1356 0.000000 -1.503438 
1357 0.000000 -1.507850 
1358 0.000000 -1.512137 
1359 0.000000 -1.516300 
1360 0.000000 -1.520337 
1361 0.000000 -1.524248 
1362 0.000000 -1.528034 
1363 0.000000 -1.531693 
1364 0.000000 -1.535225 
1365 0.000000 -1.538631 
1366 0.000000 -1.541910 
1367 0.000000 -1.545061 
1368 0.000000 -1.548084 
1369 0.000000 -1.550980 
1370 0.000000 -1.553747 
1371 0.000000 -1.556386 
1372 0.000000 -1.558896 
1373 0.000000 -1.561277 
1374 0.000000 -1.563530 
1375 0.000000 -1.565653 
1376 0.000000 -1.567647 
1377 0.000000 -1.569511 
1378 0.000000 -1.571246 
1379 0.000000 -1.572850 
1380 0.000000 -1.574325 
1381 0.000000 -1.575670 
1382 0.000000 -1.576884 
1383 0.000000 -1.577968 
1384 0.000000 -1.578922 
1385 0.000000 -1.579745 
1386 0.000000 -1.580437 
1387 0.000000 -1.580999 
1388 0.000000 -1.581431 
1389 0.000000 -1.581731 
1390 0.000000 -1.581901 
1391 0.000000 -1.581940 
1392 0.000000 -1.581849 
1393 0.000000 -1.581626 
1394 0.000000 -1.581273 
1395 0.000000 -1.580790 
1396 0.000000 -1.580175 
1397 0.000000 -1.579430 
1398 0.000000 -1.578555 
1399 0.000000 -1.577549 
1400 0.000000 -1.576413 
1401 0.000000 -1.575146 
1402 0.000000 -1.573749 
1403 0.000000 -1.572222 
1404 0.000000 -1.570566 
1405 0.000000 -1.568779 
1406 0.000000 -1.566863 
1407 0.000000 -1.564817 
1408 0.000000 -1.562642 
1409 0.000000 -1.560338 
1410 0.000000 -1.557905 
1411 0.000000 -1.555343 
1412 0.000000 -1.552652 
1413 0.000000 -1.549834 
1414 0.000000 -1.546887 
1415 0.000000 -1.543812 
1416 0.000000 -1.540610 
1417 0.000000 -1.537280 
1418 0.000000 -1.533824 
1419 0.000000 -1.530240 
1420 0.000000 -1.526531 
1421 0.000000 -1.522695 
1422 0.000000 -1.518733 
1423 0.000000 -1.514645 
1424 0.000000 -1.510433 
1425 0.000000 -1.506096 
1426 0.000000 -1.501634 
1427 0.000000 -1.497048 
1428 0.000000 -1.492338 
1429 0.000000 -1.487505 
1430 0.000000 -1.482549 
1431 0.000000 -1.477471 
1432 0.000000 -1.472270 
1433 0.000000 -1.466948 
1434 0.000000 -1.461505 
1435 0.000000 -1.455940 
1436 0.000000 -1.450256 
1437 0.000000 -1.444451 
1438 0.000000 -1.438528 
1439 0.000000 -1.432485 
1440 0.000000 -1.426324 
1441 0.000000 -1.420045 
1442 0.000000 -1.413649 
1443 0.000000 -1.407135 
1444 0.000000 -1.400506 
1445 0.000000 -1.393761 
1446 0.000000 -1.386901 
1447 0.000000 -1.379926 
1448 0.000000 -1.372837 
1449 0.000000 -1.365634 
1450 0.000000 -1.358319 
1451 0.000000 -1.350891 
1452 0.000000 -1.343352 
1453 0.000000 -1.335702 
1454 0.000000 -1.327941 
1455 0.000000 -1.320071 
1456 0.000000 -1.312091 
1457 0.000000 -1.304003 
1458 0.000000 -1.295808 
1459 0.000000 -1.287505 
1460 0.000000 -1.279096 
1461 0.000000 -1.270581 
1462 0.000000 -1.261961 
1463 0.000000 -1.253237 
1464 0.000000 -1.244409 
1465 0.000000 -1.235478 
1466 0.000000 -1.226446 
1467 0.000001 -1.217311 
1468 0.000001 -1.208077 
1469 0.000001 -1.198742 
1470 0.000001 -1.189309 
1471 0.000001 -1.179777 
1472 0.000001 -1.170147 
1473 0.000001 -1.160421 
1474 0.000001 -1.150599 
1475 0.000001 -1.140682 
1476 0.000001 -1.130671 
1477 0.000001 -1.120566 
1478 0.000001 -1.110369 
1479 0.000001 -1.100080 
1480 0.000001 -1.089700 
1481 0.000001 -1.079229 
1482 0.000001 -1.068670 
1483 0.000001 -1.058022 
1484 0.000001 -1.047287 
1485 0.000001 -1.036466 
1486 0.000001 -1.025558 
1487 0.000001 -1.014566 
1488 0.000001 -1.003490 
1489 0.000001 -0.992332 
1490 0.000001 -0.981091 
1491 0.000001 -0.969769 
1492 0.000002 -0.958367 
1493 0.000002 -0.946886 
1494 0.000002 -0.935326 
1495 0.000002 -0.923689 
1496 0.000002 -0.911976 
1497 0.000002 -0.900188 
1498 0.000002 -0.888325 
1499 0.000002 -0.876388 
1500 0.000002 -0.864379 
1501 0.000002 -0.852299 
1502 0.000002 -0.840149 
1503 0.000002 -0.827929 
1504 0.000003 -0.815640 
1505 0.000003 -0.803284 
1506 0.000003 -0.790862 
1507 0.000003 -0.778374 
1508 0.000003 -0.765822 
1509 0.000003 -0.753207 
1510 0.000003 -0.740529 
1511 0.000003 -0.727791 
1512 0.000004 -0.714992 
1513 0.000004 -0.702134 
1514 0.000004 -0.689218 
1515 0.000004 -0.676245 
1516 0.000004 -0.663216 
1517 0.000004 -0.650133 
1518 0.000005 -0.636995 
1519 0.000005 -0.623805 
1520 0.000005 -0.610564 
1521 0.000005 -0.597272 
1522 0.000005 -0.583930 
1523 0.000006 -0.570540 
1524 0.000006 -0.557104 
1525 0.000006 -0.543621 
1526 0.000006 -0.530093 
1527 0.000007 -0.516521 
1528 0.000007 -0.502907 
1529 0.000007 -0.489251 
1530 0.000007 -0.475555 
1531 0.000008 -0.461820 
1532 0.000008 -0.448046 
1533 0.000008 -0.434235 
1534 0.000009 -0.420388 
1535 0.000009 -0.406507 
1536 0.000009 -0.392592 
1537 0.000010 -0.378645 
1538 0.000010 -0.364666 
1539 0.000011 -0.350657 
1540 0.000011 -0.336619 
1541 0.000012 -0.322554 
1542 0.000012 -0.308461 
1543 0.000013 -0.294343 
1544 0.000013 -0.280201 
1545 0.000014 -0.266036 
1546 0.000014 -0.251849 
1547 0.000015 -0.237641 
1548 0.000015 -0.223413 
1549 0.000016 -0.209167 
1550 0.000017 -0.194903 
1551 0.000017 -0.180624 
1552 0.000018 -0.166329 
1553 0.000019 -0.152021 
1554 0.000019 -0.137700 
1555 0.000020 -0.123368 
1556 0.000021 -0.109025 
1557 0.000022 -0.094674 
1558 0.000023 -0.080315 
1559 0.000024 -0.065949 
1560 0.000025 -0.051578 
1561 0.000026 -0.037202 
1562 0.000027 -0.022823 
1563 0.000028 -0.008443 
1564 0.000029 0.005938 
1565 0.000030 0.020319 
1566 0.000031 0.034698 
1567 0.000032 0.049074 
1568 0.000033 0.063447 
1569 0.000035 0.077814 
1570 0.000036 0.092174 
1571 0.000037 0.106527 
1572 0.000039 0.120871 
1573 0.000040 0.135205 
1574 0.000042 0.149528 
1575 0.000044 0.163838 
1576 0.000045 0.178135 
1577 0.000047 0.192418 
1578 0.000049 0.206684 
1579 0.000051 0.220933 
1580 0.000053 0.235164 
1581 0.000055 0.249376 
1582 0.000057 0.263567 
1583 0.000059 0.277736 
1584 0.000061 0.291882 
1585 0.000064 0.306005 
1586 0.000066 0.320101 
1587 0.000068 0.334172 
1588 0.000071 0.348214 
1589 0.000074 0.362228 
1590 0.000076 0.376213 
1591 0.000079 0.390166 
1592 0.000082 0.404086 
1593 0.000085 0.417974 
1594 0.000089 0.431826 
1595 0.000092 0.445643 
1596 0.000095 0.459424 
1597 0.000099 0.473166 
1598 0.000103 0.486869 
1599 0.000106 0.500532 
1600 0.000110 0.514154 
1601 0.000114 0.527733 
1602 0.000119 0.541268 
1603 0.000123 0.554759 
1604 0.000128 0.568204 
1605 0.000132 0.581602 
1606 0.000137 0.594952 
1607 0.000142 0.608252 
1608 0.000147 0.621503 
1609 0.000153 0.634702 
1610 0.000158 0.647849 
1611 0.000164 0.660942 
1612 0.000170 0.673980 
1613 0.000176 0.686963 
1614 0.000183 0.699889 
1615 0.000189 0.712757 
1616 0.000196 0.725566 
1617 0.000203 0.738315 
1618 0.000210 0.751004 
1619 0.000218 0.763630 
1620 0.000226 0.776193 
1621 0.000234 0.788692 
1622 0.000242 0.801126 
1623 0.000251 0.813493 
1624 0.000260 0.825793 
1625 0.000269 0.838026 
1626 0.000278 0.850188 
1627 0.000288 0.862281 
1628 0.000298 0.874302 
1629 0.000309 0.886251 
1630 0.000320 0.898127 
1631 0.000331 0.909929 
1632 0.000343 0.921655 
1633 0.000355 0.933305 
1634 0.000367 0.944878 
1635 0.000380 0.956373 
1636 0.000393 0.967789 
1637 0.000407 0.979125 
1638 0.000421 0.990380 
1639 0.000436 1.001553 
1640 0.000451 1.012644 
1641 0.000466 1.023650 
1642 0.000482 1.034572 
1643 0.000499 1.045409 
1644 0.000516 1.056159 
1645 0.000534 1.066822 
1646 0.000552 1.077397 
1647 0.000571 1.087883 
1648 0.000590 1.098278 
1649 0.000610 1.108584 
1650 0.000631 1.118797 
1651 0.000652 1.128918 
1652 0.000674 1.138946 
1653 0.000697 1.148879 
1654 0.000721 1.158718 
1655 0.000745 1.168461 
1656 0.000770 1.178107 
1657 0.000796 1.187656 
1658 0.000822 1.197107 
1659 0.000850 1.206458 
1660 0.000878 1.215711 
1661 0.000907 1.224862 
1662 0.000938 1.233913 
1663 0.000969 1.242861 
1664 0.001001 1.251707 
1665 0.001034 1.260449 
1666 0.001068 1.269087 
1667 0.001103 1.277620 
1668 0.001139 1.286048 
1669 0.001176 1.294369 
1670 0.001215 1.302584 
1671 0.001255 1.310690 
1672 0.001295 1.318689 
1673 0.001338 1.326578 
1674 0.001381 1.334358 
1675 0.001426 1.342028 
1676 0.001472 1.349586 
1677 0.001519 1.357033 
1678 0.001568 1.364368 
1679 0.001619 1.371590 
1680 0.001671 1.378699 
1681 0.001724 1.385694 
1682 0.001779 1.392574 
1683 0.001836 1.399340 
1684 0.001894 1.405989 
1685 0.001955 1.412523 
1686 0.002016 1.418939 
1687 0.002080 1.425239 
1688 0.002146 1.431420 
1689 0.002214 1.437484 
1690 0.002283 1.443428 
1691 0.002355 1.449254 
1692 0.002429 1.454959 
1693 0.002505 1.460544 
1694 0.002583 1.466009 
1695 0.002663 1.471352 
1696 0.002746 1.476574 
1697 0.002831 1.481674 
1698 0.002919 1.486651 
1699 0.003009 1.491505 
1700 0.003102 1.496237 
1701 0.003197 1.500844 
1702 0.003295 1.505328 
1703 0.003396 1.509687 
1704 0.003500 1.513921 
1705 0.003607 1.518030 
1706 0.003717 1.522014 
1707 0.003830 1.525872 
1708 0.003946 1.529604 
1709 0.004066 1.533209 
1710 0.004188 1.536688 
1711 0.004315 1.540039 
1712 0.004445 1.543264 
1713 0.004578 1.546361 
1714 0.004715 1.549330 
1715 0.004856 1.552171 
1716 0.005001 1.554884 
1717 0.005150 1.557468 
1718 0.005303 1.559923 
1719 0.005460 1.562250 
1720 0.005622 1.564448 
1721 0.005788 1.566516 
1722 0.005958 1.568455 
1723 0.006133 1.570264 
1724 0.006313 1.571943 
1725 0.006498 1.573493 
1726 0.006688 1.574912 
1727 0.006883 1.576201 
1728 0.007083 1.577360 
1729 0.007289 1.578389 
1730 0.007500 1.579287 
1731 0.007716 1.580055 
1732 0.007939 1.580692 
1733 0.008167 1.581198 
1734 0.008402 1.581574 
1735 0.008643 1.581819 
1736 0.008890 1.581934 
1737 0.009143 1.581917 
1738 0.009404 1.581770 
1739 0.009671 1.581492 
1740 0.009945 1.581084 
1741 0.010226 1.580544 
1742 0.010515 1.579875 
1743 0.010811 1.579074 
1744 0.011114 1.578143 
1745 0.011426 1.577082 
1746 0.011745 1.575890 
1747 0.012073 1.574568 
1748 0.012409 1.573116 
1749 0.012754 1.571534 
1750 0.013108 1.569822 
1751 0.013470 1.567981 
1752 0.013842 1.566010 
1753 0.014223 1.563909 
1754 0.014614 1.561679 
1755 0.015014 1.559320 
1756 0.015425 1.556832 
1757 0.015846 1.554216 
1758 0.016277 1.551471 
1759 0.016719 1.548598 
1760 0.017172 1.545596 
1761 0.017636 1.542468 
1762 0.018112 1.539211 
1763 0.018599 1.535828 
1764 0.019099 1.532317 
1765 0.019610 1.528680 
1766 0.020134 1.524916 
1767 0.020671 1.521027 
1768 0.021221 1.517012 
1769 0.021784 1.512871 
1770 0.022361 1.508606 
1771 0.022952 1.504215 
1772 0.023557 1.499701 
1773 0.024176 1.495062 
1774 0.024810 1.490300 
1775 0.025459 1.485415 
1776 0.026124 1.480407 
1777 0.026804 1.475276 
1778 0.027500 1.470024 
1779 0.028213 1.464650 
1780 0.028943 1.459156 
1781 0.029689 1.453540 
1782 0.030453 1.447805 
1783 0.031235 1.441949 
1784 0.032035 1.435975 
1785 0.032853 1.429882 
1786 0.033690 1.423671 
1787 0.034546 1.417342 
1788 0.035423 1.410896 
1789 0.036319 1.404333 
1790 0.037235 1.397655 
1791 0.038172 1.390861 
1792 0.039131 1.383951 
1793 0.040111 1.376928 
1794 0.041113 1.369791 
1795 0.042138 1.362540 
1796 0.043186 1.355177 
1797 0.044257 1.347702 
1798 0.045352 1.340116 
1799 0.046471 1.332418 
1800 0.047615 1.324611 
1801 0.048784 1.316694 
1802 0.049978 1.308669 
1803 0.051199 1.300535 
1804 0.052447 1.292294 
1805 0.053722 1.283945 
1806 0.055024 1.275491 
1807 0.056354 1.266932 
1808 0.057714 1.258267 
1809 0.059102 1.249499 
1810 0.060520 1.240628 
1811 0.061969 1.231654 
1812 0.063448 1.222578 
1813 0.064958 1.213401 
1814 0.066501 1.204124 
1815 0.068076 1.194747 
1816 0.069684 1.185271 
1817 0.071326 1.175698 
1818 0.073002 1.166027 
1819 0.074713 1.156261 
1820 0.076459 1.146398 
1821 0.078242 1.136441 
1822 0.080061 1.126390 
1823 0.081918 1.116246 
1824 0.083812 1.106009 
1825 0.085746 1.095681 
1826 0.087718 1.085263 
1827 0.089730 1.074755 
1828 0.091783 1.064158 
1829 0.093878 1.053473 
1830 0.096014 1.042701 
1831 0.098193 1.031843 
1832 0.100415 1.020899 
1833 0.102682 1.009871 
1834 0.104993 0.998760 
1835 0.107350 0.987566 
1836 0.109753 0.976291 
1837 0.112203 0.964935 
1838 0.114700 0.953499 
1839 0.117247 0.941984 
1840 0.119842 0.930392 
1841 0.122488 0.918723 
1842 0.125184 0.906977 
1843 0.127932 0.895157 
1844 0.130732 0.883263 
1845 0.133586 0.871296 
1846 0.136494 0.859256 
1847 0.139456 0.847146 
1848 0.142474 0.834966 
1849 0.145549 0.822717 
1850 0.148681 0.810399 
1851 0.151871 0.798015 
1852 0.155121 0.785565 
1853 0.158430 0.773050 
1854 0.161800 0.760471 
1855 0.165232 0.747829 
1856 0.168726 0.735125 
1857 0.172284 0.722361 
1858 0.175906 0.709537 
1859 0.179593 0.696654 
1860 0.183347 0.683714 
1861 0.187168 0.670717 
1862 0.191057 0.657665 
1863 0.195014 0.644558 
1864 0.199042 0.631398 
1865 0.203141 0.618186 
1866 0.207311 0.604923 
1867 0.211555 0.591610 
1868 0.215872 0.578248 
1869 0.220264 0.564838 
1870 0.224731 0.551382 
1871 0.229275 0.537880 
1872 0.233898 0.524333 
1873 0.238598 0.510743 
1874 0.243379 0.497111 
1875 0.248240 0.483438 
1876 0.253183 0.469725 
1877 0.258209 0.455973 
1878 0.263319 0.442183 
1879 0.268513 0.428357 
1880 0.273794 0.414496 
1881 0.279161 0.400600 
1882 0.284617 0.386671 
1883 0.290161 0.372710 
1884 0.295796 0.358718 
1885 0.301522 0.344697 
1886 0.307339 0.330647 
1887 0.313251 0.316570 
1888 0.319256 0.302467 
1889 0.325357 0.288339 
1890 0.331555 0.274187 
1891 0.337850 0.260012 
1892 0.344244 0.245816 
1893 0.350738 0.231599 
1894 0.357332 0.217363 
1895 0.364029 0.203110 
1896 0.370828 0.188839 
1897 0.377732 0.174553 
1898 0.384741 0.160252 
1899 0.391856 0.145939 
1900 0.399079 0.131613 
1901 0.406410 0.117276 
1902 0.413850 0.102930 
1903 0.421402 0.088575 
1904 0.429065 0.074213 
1905 0.436841 0.059844 
1906 0.444732 0.045471 
1907 0.452737 0.031094 
1908 0.460859 0.016715 
1909 0.469097 0.002334 
1910 0.477455 -0.012048 
1911 0.485931 -0.026428 
1912 0.494529 -0.040806 
1913 0.503247 -0.055180 
1914 0.512089 -0.069550 
1915 0.521054 -0.083915 
1916 0.530145 -0.098272 
1917 0.539361 -0.112621 
1918 0.548704 -0.126961 
1919 0.558175 -0.141291 
1920 0.567776 -0.155609 
1921 0.577506 -0.169914 
1922 0.587368 -0.184204 
1923 0.597362 -0.198480 
1924 0.607489 -0.212739 
1925 0.617750 -0.226981 
1926 0.628147 -0.241204 
1927 0.638680 -0.255407 
1928 0.649351 -0.269589 
1929 0.660159 -0.283748 
1930 0.671107 -0.297885 
1931 0.682196 -0.311996 
1932 0.693425 -0.326082 
1933 0.704797 -0.340141 
1934 0.716312 -0.354171 
1935 0.727970 -0.368173 
1936 0.739774 -0.382144 
1937 0.751724 -0.396083 
1938 0.763820 -0.409990 
1939 0.776065 -0.423863 
1940 0.788457 -0.437700 
1941 0.800999 -0.451502 
1942 0.813692 -0.465266 
1943 0.826535 -0.478992 
1944 0.839530 -0.492678 
1945 0.852678 -0.506324 
1946 0.865979 -0.519927 
1947 0.879435 -0.533488 
1948 0.893046 -0.547005 
1949 0.906812 -0.560476 
1950 0.920735 -0.573901 
1951 0.934815 -0.587279 
1952 0.949053 -0.600608 
1953 0.963449 -0.613888 
1954 0.978005 -0.627116 
1955 0.992720 -0.640293 
1956 1.007596 -0.653417 
1957 1.022633 -0.666487 
1958 1.037831 -0.679502 
1959 1.053192 -0.692461 
1960 1.068715 -0.705362 
1961 1.084401 -0.718206 
1962 1.100251 -0.730990 
1963 1.116264 -0.743713 
1964 1.132443 -0.756375 
1965 1.148786 -0.768975 
1966 1.165295 -0.781511 
1967 1.181969 -0.793982 
1968 1.198809 -0.806388 
1969 1.215816 -0.818727 
1970 1.232989 -0.830998 
1971 1.250329 -0.843201 
1972 1.267836 -0.855334 
1973 1.285510 -0.867396 
1974 1.303352 -0.879387 
1975 1.321362 -0.891305 
1976 1.339539 -0.903150 
1977 1.357884 -0.914919 
1978 1.376397 -0.926613 
1979 1.395077 -0.938231 
1980 1.413926 -0.949771 
1981 1.432943 -0.961232 
1982 1.452127 -0.972614 
1983 1.471480 -0.983916 
1984 1.490999 -0.995137 
1985 1.510687 -1.006275 
1986 1.530541 -1.017330 
1987 1.550563 -1.028300 
1988 1.570751 -1.039186 
1989 1.591106 -1.049986 
1990 1.611627 -1.060700 
1991 1.632314 -1.071325 
1992 1.653166 -1.081862 
1993 1.674183 -1.092310 
1994 1.695365 -1.102667 
1995 1.716711 -1.112934 
1996 1.738220 -1.123108 
1997 1.759893 -1.133189 
1998 1.781727 -1.143177 
1999 1.803723 -1.153070 
2000 1.825881 -1.162868 
2001 1.848198 -1.172570 
2002 1.870675 -1.182175 
2003 1.893311 -1.191683 
2004 1.916104 -1.201091 
2005 1.939055 -1.210401 
2006 1.962161 -1.219611 
2007 1.985423 -1.228719 
2008 2.008839 -1.237726 
2009 2.032407 -1.246631 
2010 2.056128 -1.255433 
2011 2.080000 -1.264131 
2012 2.104021 -1.272725 
2013 2.128191 -1.281213 
2014 2.152508 -1.289596 
2015 2.176972 -1.297872 
2016 2.201580 -1.306041 
2017 2.226331 -1.314102 
2018 2.251224 -1.322054 
2019 2.276258 -1.329897 
2020 2.301430 -1.337630 
2021 2.326740 -1.345252 
2022 2.352186 -1.352763 
2023 2.377767 -1.360163 
2024 2.403479 -1.367450 
2025 2.429323 -1.374624 
2026 2.455296 -1.381685 
2027 2.481396 -1.388631 
2028 2.507622 -1.395462 
2029 2.533972 -1.402179 
2030 2.560443 -1.408779 
2031 2.587035 -1.415263 
2032 2.613744 -1.421630 
2033 2.640569 -1.427879 
2034 2.667508 -1.434011 
2035 2.694558 -1.440024 
2036 2.721718 -1.445918 
2037 2.748985 -1.451692 
2038 2.776357 -1.457346 
2039 2.803831 -1.462880 
2040 2.831406 -1.468294 
2041 2.859080 -1.473585 
2042 2.886848 -1.478755 
2043 2.914710 -1.483803 
2044 2.942663 -1.488728 
2045 2.970704 -1.493530 
2046 2.998830 -1.498209 
2047 3.027039 -1.502764 
2048 3.055329 -1.507195 
2049 3.083696 -1.511501 
2050 3.112138 -1.515682 
2051 3.140652 -1.519738 
2052 3.169235 -1.523668 
2053 3.197885 -1.527472 
2054 3.226598 -1.531151 
2055 3.255372 -1.534702 
2056 3.284204 -1.538127 
2057 3.313090 -1.541425 
2058 3.342028 -1.544595 
2059 3.371014 -1.547638 
2060 3.400046 -1.550552 
2061 3.429120 -1.553339 
2062 3.458234 -1.555997 
2063 3.487383 -1.558527 
2064 3.516565 -1.560928 
2065 3.545776 -1.563199 
2066 3.575014 -1.565342 
2067 3.604274 -1.567355 
2068 3.633554 -1.569239 
2069 3.662849 -1.570993 
2070 3.692157 -1.572617 
2071 3.721474 -1.574111 
2072 3.750797 -1.575476 
2073 3.780122 -1.576710 
2074 3.809445 -1.577813 
2075 3.838763 -1.578786 
2076 3.868073 -1.579629 
2077 3.897370 -1.580341 
2078 3.926651 -1.580923 
2079 3.955913 -1.581374 
2080 3.985151 -1.581694 
2081 4.014362 -1.581884 
2082 4.043542 -1.581943 
2083 4.072688 -1.581871 
2084 4.101795 -1.581668 
2085 4.130860 -1.581335 
2086 4.159879 -1.580871 
2087 4.188848 -1.580276 
2088 4.217764 -1.579551 
2089 4.246621 -1.578695 
2090 4.275417 -1.577708 
2091 4.304148 -1.576592 
2092 4.332809 -1.575345 
2093 4.361397 -1.573968 
2094 4.389907 -1.572460 
2095 4.418337 -1.570823 
2096 4.446680 -1.569056 
2097 4.474935 -1.567159 
2098 4.503096 -1.565133 
2099 4.531160 -1.562977 
2100 4.559123 -1.560693 
2101 4.586980 -1.558279 
2102 4.614728 -1.555736 
2103 4.642363 -1.553065 
2104 4.669880 -1.550266 
2105 4.697276 -1.547338 
2106 4.724546 -1.544283 
2107 4.751687 -1.541100 
2108 4.778693 -1.537789 
2109 4.805563 -1.534352 
2110 4.832290 -1.530787 
2111 4.858872 -1.527097 
2112 4.885304 -1.523280 
2113 4.911583 -1.519337 
2114 4.937703 -1.515268 
2115 4.963662 -1.511074 
2116 4.989455 -1.506756 
2117 5.015078 -1.502313 
2118 5.040527 -1.497745 
2119 5.065799 -1.493054 
2120 5.090889 -1.488240 
2121 5.115793 -1.483302 
2122 5.140507 -1.478242 
2123 5.165028 -1.473060 
2124 5.189351 -1.467756 
2125 5.213473 -1.462331 
2126 5.237390 -1.456785 
2127 5.261098 -1.451118 
2128 5.284593 -1.445332 
2129 5.307871 -1.439426 
2130 5.330929 -1.433401 
2131 5.353762 -1.427258 
2132 5.376368 -1.420997 
2133 5.398742 -1.414618 
2134 5.420880 -1.408122 
2135 5.442780 -1.401510 
2136 5.464437 -1.394783 
2137 5.485847 -1.387940 
2138 5.507008 -1.380982 
2139 5.527916 -1.373910 
2140 5.548567 -1.366724 
2141 5.568957 -1.359426 
2142 5.589084 -1.352015 
2143 5.608943 -1.344493 
2144 5.628532 -1.336859 
2145 5.647848 -1.329115 
2146 5.666886 -1.321261 
2147 5.685644 -1.313298 
2148 5.704118 -1.305226 
2149 5.722306 -1.297047 
2150 5.740203 -1.288760 
2151 5.757808 -1.280367 
2152 5.775117 -1.271868 
2153 5.792127 -1.263264 
2154 5.808835 -1.254555 
2155 5.825238 -1.245743 
2156 5.841333 -1.236828 
2157 5.857119 -1.227810 
2158 5.872590 -1.218692 
2159 5.887746 -1.209472 
2160 5.902584 -1.200152 
2161 5.917100 -1.190734 
2162 5.931293 -1.181216 
2163 5.945159 -1.171602 
2164 5.958696 -1.161890 
2165 5.971903 -1.152083 
2166 5.984776 -1.142180 
2167 5.997313 -1.132182 
2168 6.009513 -1.122092 
2169 6.021372 -1.111908 
2170 6.032890 -1.101633 
2171 6.044063 -1.091266 
2172 6.054889 -1.080810 
2173 6.065368 -1.070264 
2174 6.075497 -1.059629 
2175 6.085273 -1.048907 
2176 6.094696 -1.038099 
2177 6.103764 -1.027204 
2178 6.112475 -1.016225 
2179 6.120827 -1.005161 
2180 6.128820 -0.994015 
2181 6.136450 -0.982786 
2182 6.143718 -0.971477 
2183 6.150622 -0.960087 
2184 6.157161 -0.948617 
2185 6.163333 -0.937069 
2186 6.169137 -0.925444 
2187 6.174572 -0.913742 
2188 6.179638 -0.901965 
2189 6.184333 -0.890113 
2190 6.188657 -0.878188 
2191 6.192608 -0.866190 
2192 6.196187 -0.854120 
2193 6.199391 -0.841980 
2194 6.202222 -0.829771 
2195 6.204678 -0.817492 
2196 6.206758 -0.805147 
2197 6.208463 -0.792734 
2198 6.209792 -0.780256 
2199 6.210745 -0.767714 
2200 6.211322 -0.755108 
2201 6.211522 -0.742440 
2202 6.211346 -0.729710 
2203 6.210793 -0.716920 
2204 6.209864 -0.704071 
2205 6.208559 -0.691164 
2206 6.206878 -0.678199 
2207 6.204821 -0.665179 
2208 6.202389 -0.652104 
2209 6.199582 -0.638974 
2210 6.196401 -0.625792 
2211 6.192847 -0.612558 
2212 6.188919 -0.599274 
2213 6.184619 -0.585940 
2214 6.179947 -0.572557 
2215 6.174905 -0.559127 
2216 6.169492 -0.545651 
2217 6.163711 -0.532130 
2218 6.157562 -0.518565 
2219 6.151047 -0.504957 
2220 6.144165 -0.491308 
2221 6.136920 -0.477617 
2222 6.129312 -0.463888 
2223 6.121342 -0.450120 
2224 6.113011 -0.436314 
2225 6.104323 -0.422473 
2226 6.095277 -0.408597 
2227 6.085875 -0.394687 
2228 6.076120 -0.380744 
2229 6.066013 -0.366770 
2230 6.055555 -0.352766 
2231 6.044749 -0.338732 
2232 6.033597 -0.324671 
2233 6.022100 -0.310582 
2234 6.010261 -0.296468 
2235 5.998082 -0.282330 
2236 5.985564 -0.268168 
2237 5.972710 -0.253984 
2238 5.959523 -0.239779 
2239 5.946005 -0.225554 
2240 5.932157 -0.211310 
2241 5.917983 -0.197049 
2242 5.903486 -0.182772 
2243 5.888666 -0.168480 
2244 5.873528 -0.154173 
2245 5.858074 -0.139854 
2246 5.842306 -0.125524 
2247 5.826227 -0.111183 
2248 5.809841 -0.096833 
2249 5.793149 -0.082475 
2250 5.776155 -0.068110 
2251 5.758862 -0.053739 
2252 5.741273 -0.039364 
2253 5.723391 -0.024986 
2254 5.705218 -0.010605 
2255 5.686758 0.003776 
2256 5.668015 0.018157 
2257 5.648990 0.032536 
2258 5.629689 0.046913 
2259 5.610113 0.061286 
2260 5.590266 0.075653 
2261 5.570152 0.090015 
2262 5.549774 0.104369 
2263 5.529135 0.118714 
2264 5.508239 0.133050 
2265 5.487090 0.147375 
2266 5.465690 0.161687 
2267 5.444044 0.175986 
2268 5.422154 0.190271 
2269 5.400026 0.204540 
2270 5.377661 0.218792 
2271 5.355065 0.233025 
2272 5.332240 0.247240 
2273 5.309191 0.261434 
2274 5.285921 0.275607 
2275 5.262433 0.289757 
2276 5.238733 0.303882 
2277 5.214823 0.317983 
2278 5.190708 0.332058 
2279 5.166391 0.346105 
2280 5.141876 0.360123 
2281 5.117167 0.374112 
2282 5.092268 0.388069 
2283 5.067183 0.401995 
2284 5.041917 0.415887 
2285 5.016471 0.429745 
2286 4.990852 0.443568 
2287 4.965063 0.457354 
2288 4.939107 0.471102 
2289 4.912989 0.484811 
2290 4.886713 0.498480 
2291 4.860283 0.512108 
2292 4.833703 0.525693 
2293 4.806977 0.539236 
2294 4.780108 0.552733 
2295 4.753102 0.566185 
2296 4.725962 0.579590 
2297 4.698691 0.592947 
2298 4.671295 0.606255 
2299 4.643777 0.619513 
2300 4.616142 0.632720 
2301 4.588392 0.645875 
2302 4.560533 0.658976 
2303 4.532568 0.672023 
2304 4.504502 0.685014 
2305 4.476338 0.697949 
2306 4.448080 0.710826 
2307 4.419733 0.723644 
2308 4.391300 0.736402 
2309 4.362786 0.749100 
2310 4.334194 0.761735 
2311 4.305528 0.774308 
2312 4.276792 0.786816 
2313 4.247991 0.799260 
2314 4.219128 0.811638 
2315 4.190207 0.823948 
2316 4.161232 0.836190 
2317 4.132206 0.848364 
2318 4.103135 0.860467 
2319 4.074020 0.872499 
2320 4.044868 0.884459 
2321 4.015680 0.896346 
2322 3.986461 0.908159 
2323 3.957215 0.919896 
2324 3.927945 0.931558 
2325 3.898655 0.943143 
2326 3.869349 0.954649 
2327 3.840031 0.966077 
2328 3.810703 0.977425 
2329 3.781370 0.988693 
2330 3.752036 0.999878 
2331 3.722703 1.010981 
2332 3.693376 1.022000 
2333 3.664058 1.032935 
2334 3.634752 1.043785 
2335 3.605461 1.054548 
2336 3.576190 1.065224 
2337 3.546941 1.075812 
2338 3.517719 1.086312 
2339 3.488525 1.096721 
2340 3.459364 1.107040 
2341 3.430239 1.117267 
2342 3.401153 1.127402 
2343 3.372109 1.137444 
2344 3.343110 1.147391 
2345 3.314159 1.157244 
2346 3.285260 1.167002 
2347 3.256416 1.176662 
2348 3.227629 1.186226 
2349 3.198903 1.195692 
2350 3.170240 1.205058 
2351 3.141643 1.214326 
2352 3.113115 1.223492 
2353 3.084660 1.232558 
2354 3.056279 1.241522 
2355 3.027976 1.250383 
2356 2.999753 1.259141 
2357 2.971612 1.267795 
2358 2.943558 1.276344 
2359 2.915591 1.284787 
2360 2.887715 1.293125 
2361 2.859932 1.301355 
2362 2.832244 1.309478 
2363 2.804655 1.317493 
2364 2.777165 1.325399 
2365 2.749779 1.333195 
2366 2.722497 1.340881 
2367 2.695323 1.348457 
2368 2.668258 1.355921 
2369 2.641304 1.363272 
2370 2.614465 1.370512 
2371 2.587741 1.377637 
2372 2.561135 1.384649 
2373 2.534648 1.391547 
2374 2.508284 1.398330 
2375 2.482043 1.404997 
2376 2.455928 1.411548 
2377 2.429940 1.417982 
2378 2.404082 1.424299 
2379 2.378354 1.430498 
2380 2.352759 1.436580 
2381 2.327298 1.442542 
2382 2.301974 1.448385 
2383 2.276786 1.454109 
2384 2.251738 1.459712 
2385 2.226830 1.465195 
2386 2.202064 1.470556 
2387 2.177442 1.475796 
2388 2.152964 1.480915 
2389 2.128632 1.485910 
2390 2.104448 1.490783 
2391 2.080412 1.495533 
2392 2.056527 1.500159 
2393 2.032792 1.504661 
2394 2.009209 1.509039 
2395 1.985779 1.513292 
2396 1.962503 1.517420 
2397 1.939383 1.521423 
2398 1.916419 1.525300 
2399 1.893611 1.529050 
2400 1.870962 1.532675 
2401 1.848472 1.536173 
2402 1.826141 1.539543 
2403 1.803970 1.542787 
2404 1.781961 1.545903 
2405 1.760113 1.548891 
2406 1.738428 1.551752 
2407 1.716906 1.554484 
2408 1.695547 1.557087 
2409 1.674353 1.559562 
2410 1.653323 1.561908 
2411 1.632458 1.564125 
2412 1.611759 1.566213 
2413 1.591226 1.568171 
2414 1.570859 1.570000 
2415 1.550659 1.571699 
2416 1.530625 1.573268 
2417 1.510759 1.574707 
2418 1.491060 1.576016 
2419 1.471529 1.577194 
2420 1.452165 1.578243 
2421 1.432970 1.579160 
2422 1.413942 1.579948 
2423 1.395083 1.580604 
2424 1.376391 1.581131 
2425 1.357868 1.581526 
2426 1.339512 1.581791 
2427 1.321325 1.581925 
2428 1.303305 1.581928 
2429 1.285453 1.581801 
2430 1.267769 1.581542 
2431 1.250253 1.581153 
2432 1.232903 1.580634 
2433 1.215721 1.579984 
2434 1.198705 1.579203 
2435 1.181856 1.578292 
2436 1.165172 1.577250 
2437 1.148655 1.576078 
2438 1.132303 1.574776 
2439 1.116116 1.573343 
2440 1.100094 1.571781 
2441 1.084236 1.570088 
2442 1.068542 1.568266 
2443 1.053012 1.566314 
2444 1.037644 1.564233 
2445 1.022438 1.562023 
2446 1.007394 1.559683 
2447 0.992511 1.557215 
2448 0.977788 1.554617 
2449 0.963226 1.551892 
2450 0.948823 1.549038 
2451 0.934578 1.546056 
2452 0.920492 1.542946 
2453 0.906563 1.539709 
2454 0.892790 1.536345 
2455 0.879174 1.532853 
2456 0.865712 1.529235 
2457 0.852405 1.525491 
2458 0.839252 1.521620 
2459 0.826251 1.517624 
2460 0.813403 1.513502 
2461 0.800706 1.509255 
2462 0.788159 1.504884 
2463 0.775761 1.500388 
2464 0.763513 1.495768 
2465 0.751412 1.491024 
2466 0.739458 1.486157 
2467 0.727650 1.481168 
2468 0.715987 1.476056 
2469 0.704468 1.470822 
2470 0.693093 1.465466 
2471 0.681860 1.459990 
2472 0.670768 1.454392 
2473 0.659817 1.448675 
2474 0.649005 1.442838 
2475 0.638332 1.436881 
2476 0.627796 1.430806 
2477 0.617396 1.424612 
2478 0.607132 1.418301 
2479 0.597002 1.411873 
2480 0.587006 1.405328 
2481 0.577142 1.398667 
2482 0.567409 1.391890 
2483 0.557807 1.384998 
2484 0.548334 1.377991 
2485 0.538989 1.370871 
2486 0.529771 1.363638 
2487 0.520680 1.356292 
2488 0.511713 1.348833 
2489 0.502870 1.341264 
2490 0.494150 1.333583 
2491 0.485552 1.325792 
2492 0.477074 1.317892 
2493 0.468716 1.309882 
2494 0.460476 1.301765 
2495 0.452354 1.293540 
2496 0.444348 1.285208 
2497 0.436458 1.276769 
2498 0.428681 1.268226 
2499 0.421018 1.259577 
2500 0.413466 1.250824 
2501 0.406025 1.241968 
2502 0.398694 1.233010 
2503 0.391472 1.223949 
2504 0.384357 1.214787 
2505 0.377348 1.205525 
2506 0.370445 1.196163 
2507 0.363646 1.186703 
2508 0.356950 1.177144 
2509 0.350356 1.167488 
2510 0.343863 1.157735 
2511 0.337470 1.147887 
2512 0.331176 1.137944 
2513 0.324979 1.127907 
2514 0.318879 1.117777 
2515 0.312875 1.107554 
2516 0.306965 1.097240 
2517 0.301148 1.086835 
2518 0.295423 1.076341 
2519 0.289790 1.065757 
2520 0.284247 1.055085 
2521 0.278793 1.044326 
2522 0.273428 1.033481 
2523 0.268149 1.022550 
2524 0.262956 1.011535 
2525 0.257848 1.000436 
2526 0.252824 0.989255 
2527 0.247882 0.977992 
2528 0.243023 0.966648 
2529 0.238244 0.955224 
2530 0.233546 0.943721 
2531 0.228926 0.932140 
2532 0.224383 0.920482 
2533 0.219918 0.908748 
2534 0.215528 0.896939 
2535 0.211213 0.885056 
2536 0.206972 0.873100 
2537 0.202804 0.861071 
2538 0.198708 0.848972 
2539 0.194682 0.836802 
2540 0.190727 0.824563 
2541 0.186840 0.812256 
2542 0.183022 0.799882 
2543 0.179271 0.787441 
2544 0.175586 0.774936 
2545 0.171966 0.762367 
2546 0.168411 0.749734 
2547 0.164919 0.737040 
2548 0.161490 0.724284 
2549 0.158123 0.711469 
2550 0.154816 0.698595 
2551 0.151569 0.685664 
2552 0.148382 0.672675 
2553 0.145252 0.659631 
2554 0.142180 0.646533 
2555 0.139165 0.633381 
2556 0.136205 0.620176 
2557 0.133300 0.606921 
2558 0.130449 0.593615 
2559 0.127652 0.580261 
2560 0.124906 0.566858 
2561 0.122213 0.553408 
2562 0.119570 0.539913 
2563 0.116977 0.526373 
2564 0.114434 0.512790 
2565 0.111939 0.499164 
2566 0.109492 0.485497 
2567 0.107091 0.471790 
2568 0.104737 0.458044 
2569 0.102429 0.444260 
2570 0.100165 0.430439 
2571 0.097946 0.416583 
2572 0.095770 0.402692 
2573 0.093636 0.388768 
2574 0.091545 0.374812 
2575 0.089494 0.360825 
2576 0.087485 0.346808 
2577 0.085515 0.332763 
2578 0.083585 0.318690 
2579 0.081693 0.304591 
2580 0.079839 0.290466 
2581 0.078022 0.276318 
2582 0.076243 0.262146 
2583 0.074499 0.247954 
2584 0.072791 0.233740 
2585 0.071117 0.219508 
2586 0.069478 0.205257 
2587 0.067873 0.190989 
2588 0.066300 0.176706 
2589 0.064760 0.162407 
2590 0.063252 0.148096 
2591 0.061776 0.133772 
2592 0.060330 0.119438 
2593 0.058914 0.105093 
2594 0.057528 0.090740 
2595 0.056172 0.076380 
2596 0.054844 0.062013 
2597 0.053544 0.047641 
2598 0.052272 0.033266 
2599 0.051027 0.018887 
2600 0.049808 0.004507 
2601 0.048616 -0.009873 
2602 0.047449 -0.024252 
2603 0.046308 -0.038629 
2604 0.045191 -0.053002 
2605 0.044099 -0.067371 
2606 0.043030 -0.081735 
2607 0.041985 -0.096091 
2608 0.040962 -0.110439 
2609 0.039962 -0.124778 
2610 0.038984 -0.139107 
2611 0.038028 -0.153423 
2612 0.037093 -0.167727 
2613 0.036179 -0.182016 
2614 0.035285 -0.196290 
2615 0.034411 -0.210547 
2616 0.033557 -0.224787 
2617 0.032722 -0.239008 
2618 0.031905 -0.253208 
2619 0.031108 -0.267387 
2620 0.030328 -0.281543 
2621 0.029566 -0.295675 
2622 0.028822 -0.309782 
2623 0.028094 -0.323863 
2624 0.027383 -0.337916 
2625 0.026689 -0.351941 
2626 0.026011 -0.365935 
2627 0.025348 -0.379898 
2628 0.024701 -0.393829 
2629 0.024068 -0.407726 
2630 0.023451 -0.421588 
2631 0.022848 -0.435414 
2632 0.022259 -0.449202 
2633 0.021684 -0.462951 
2634 0.021123 -0.476661 
2635 0.020574 -0.490329 
2636 0.020039 -0.503955 
2637 0.019517 -0.517537 
2638 0.019007 -0.531073 
2639 0.018509 -0.544564 
2640 0.018023 -0.558006 
2641 0.017549 -0.571400 
2642 0.017087 -0.584743 
2643 0.016635 -0.598035 
2644 0.016195 -0.611274 
2645 0.015765 -0.624458 
2646 0.015346 -0.637587 
2647 0.014936 -0.650658 
2648 0.014537 -0.663672 
2649 0.014148 -0.676625 
2650 0.013768 -0.689517 
2651 0.013398 -0.702346 
2652 0.013037 -0.715111 
2653 0.012685 -0.727811 
2654 0.012341 -0.740443 
2655 0.012006 -0.753007 
2656 0.011680 -0.765500 
2657 0.011362 -0.777922 
2658 0.011051 -0.790271 
2659 0.010749 -0.802545 
2660 0.010454 -0.814742 
2661 0.010167 -0.826862 
2662 0.009887 -0.838901 
2663 0.009614 -0.850859 
2664 0.009348 -0.862734 
2665 0.009089 -0.874524 
2666 0.008836 -0.886228 
2667 0.008590 -0.897843 
2668 0.008351 -0.909367 
2669 0.008117 -0.920799 
2670 0.007890 -0.932137 
2671 0.007668 -0.943379 
2672 0.007452 -0.954523 
2673 0.007242 -0.965566 
2674 0.007038 -0.976507 
2675 0.006838 -0.987344 
2676 0.006644 -0.998074 
2677 0.006455 -1.008695 
2678 0.006272 -1.019205 
2679 0.006093 -1.029602 
2680 0.005918 -1.039883 
2681 0.005749 -1.050046 
2682 0.005583 -1.060088 
2683 0.005423 -1.070007 
2684 0.005266 -1.079800 
2685 0.005114 -1.089465 
2686 0.004966 -1.098999 
2687 0.004822 -1.108399 
2688 0.004682 -1.117662 
2689 0.004545 -1.126786 
2690 0.004413 -1.135768 
2691 0.004283 -1.144604 
2692 0.004158 -1.153292 
2693 0.004036 -1.161828 
2694 0.003917 -1.170210 
2695 0.003801 -1.178434 
2696 0.003689 -1.186497 
2697 0.003580 -1.194396 
2698 0.003474 -1.202126 
2699 0.003370 -1.209686 
2700 0.003270 -1.217070 
2701 0.003172 -1.224277 
2702 0.003078 -1.231301 
2703 0.002985 -1.238140 
2704 0.002896 -1.244790 
2705 0.002809 -1.251246 
2706 0.002724 -1.257505 
2707 0.002642 -1.263564 
2708 0.002562 -1.269418 
2709 0.002484 -1.275063 
2710 0.002409 -1.280496 
2711 0.002335 -1.285712 
2712 0.002264 -1.290706 
2713 0.002195 -1.295476 
2714 0.002128 -1.300017 
2715 0.002062 -1.304325 
2716 0.001999 -1.308395 
2717 0.001938 -1.312223 
2718 0.001878 -1.315806 
2719 0.001820 -1.319138 
2720 0.001763 -1.322216 
2721 0.001709 -1.325036 
2722 0.001656 -1.327592 
2723 0.001604 -1.329881 
2724 0.001554 -1.331899 
2725 0.001505 -1.333642 
2726 0.001458 -1.335104 
2727 0.001413 -1.336283 
2728 0.001368 -1.337174 
2729 0.001325 -1.337772 
2730 0.001283 -1.338075 
2731 0.001243 -1.338077 
2732 0.001203 -1.337776 
2733 0.001165 -1.337167 
2734 0.001128 -1.336246 
2735 0.001092 -1.335010 
2736 0.001057 -1.333456 
2737 0.001024 -1.331579 
2738 0.000991 -1.329376 
2739 0.000959 -1.326845 
2740 0.000928 -1.323982 
2741 0.000898 -1.320783 
2742 0.000869 -1.317247 
2743 0.000841 -1.313370 
2744 0.000814 -1.309149 
2745 0.000788 -1.304583 
2746 0.000762 -1.299669 
2747 0.000737 -1.294405 
2748 0.000713 -1.288788 
2749 0.000690 -1.282818 
2750 0.000667 -1.276492 
2751 0.000645 -1.269809 
2752 0.000624 -1.262768 
2753 0.000604 -1.255369 
2754 0.000584 -1.247609 
2755 0.000564 -1.239489 
2756 0.000546 -1.231009 
2757 0.000528 -1.222167 
2758 0.000510 -1.212966 
2759 0.000493 -1.203403 
2760 0.000477 -1.193481 
2761 0.000461 -1.183200 
2762 0.000445 -1.172562 
2763 0.000431 -1.161567 
2764 0.000416 -1.150217 
2765 0.000402 -1.138514 
2766 0.000389 -1.126460 
2767 0.000375 -1.114057 
2768 0.000363 -1.101309 
2769 0.000351 -1.088217 
2770 0.000339 -1.074786 
2771 0.000327 -1.061017 
2772 0.000316 -1.046916 
2773 0.000305 -1.032485 
2774 0.000295 -1.017729 
2775 0.000285 -1.002653 
2776 0.000275 -0.987261 
2777 0.000266 -0.971557 
2778 0.000256 -0.955547 
2779 0.000248 -0.939237 
2780 0.000239 -0.922631 
2781 0.000231 -0.905736 
2782 0.000223 -0.888557 
2783 0.000215 -0.871101 
2784 0.000208 -0.853375 
2785 0.000200 -0.835384 
2786 0.000193 -0.817136 
2787 0.000187 -0.798638 
2788 0.000180 -0.779896 
2789 0.000174 -0.760919 
2790 0.000168 -0.741713 
2791 0.000162 -0.722287 
2792 0.000156 -0.702648 
2793 0.000151 -0.682804 
2794 0.000145 -0.662763 
2795 0.000140 -0.642534 
2796 0.000135 -0.622124 
2797 0.000130 -0.601543 
2798 0.000126 -0.580797 
2799 0.000121 -0.559897 
2800 0.000117 -0.538851 
2801 0.000113 -0.517667 
2802 0.000109 -0.496354 
2803 0.000105 -0.474920 
2804 0.000101 -0.453375 
2805 0.000097 -0.431728 
2806 0.000094 -0.409986 
2807 0.000091 -0.388159 
2808 0.000087 -0.366256 
2809 0.000084 -0.344284 
2810 0.000081 -0.322254 
2811 0.000078 -0.300173 
2812 0.000075 -0.278050 
2813 0.000073 -0.255894 
2814 0.000070 -0.233712 
2815 0.000067 -0.211514 
2816 0.000065 -0.189307 
2817 0.000063 -0.167100 
2818 0.000060 -0.144900 
2819 0.000058 -0.122715 
2820 0.000056 -0.100554 
2821 0.000054 -0.078423 
2822 0.000052 -0.056331 
2823 0.000050 -0.034283 
2824 0.000048 -0.012289 
2825 0.000046 0.009646 
2826 0.000045 0.031515 
2827 0.000043 0.053310 
2828 0.000041 0.075026 
2829 0.000040 0.096656 
2830 0.000038 0.118194 
2831 0.000037 0.139635 
2832 0.000035 0.160972 
2833 0.000034 0.182199 
2834 0.000033 0.203313 
2835 0.000032 0.224307 
2836 0.000030 0.245177 
2837 0.000029 0.265917 
2838 0.000028 0.286524 
2839 0.000027 0.306993 
2840 0.000026 0.327319 
2841 0.000025 0.347500 
2842 0.000024 0.367531 
2843 0.000023 0.387409 
2844 0.000022 0.407130 
2845 0.000021 0.426692 
2846 0.000021 0.446091 
2847 0.000020 0.465325 
2848 0.000019 0.484391 
2849 0.000018 0.503286 
2850 0.000018 0.522010 
2851 0.000017 0.540558 
2852 0.000016 0.558931 
2853 0.000016 0.577125 
2854 0.000015 0.595141 
2855 0.000014 0.612975 
2856 0.000014 0.630627 
2857 0.000013 0.648097 
2858 0.000013 0.665383 
2859 0.000012 0.682484 
2860 0.000012 0.699400 
2861 0.000011 0.716130 
2862 0.000011 0.732675 
2863 0.000011 0.749033 
2864 0.000010 0.765205 
2865 0.000010 0.781191 
2866 0.000009 0.796990 
2867 0.000009 0.812604 
2868 0.000009 0.828032 
2869 0.000008 0.843275 
2870 0.000008 0.858333 
2871 0.000008 0.873207 
2872 0.000007 0.887898 
2873 0.000007 0.902405 
2874 0.000007 0.916731 
2875 0.000006 0.930875 
2876 0.000006 0.944840 
2877 0.000006 0.958624 
2878 0.000006 0.972231 
2879 0.000005 0.985660 
2880 0.000005 0.998913 
2881 0.000005 1.011990 
2882 0.000005 1.024893 
2883 0.000005 1.037624 
2884 0.000004 1.050182 
2885 0.000004 1.062570 
2886 0.000004 1.074789 
2887 0.000004 1.086839 
2888 0.000004 1.098722 
2889 0.000004 1.110439 
2890 0.000003 1.121991 
2891 0.000003 1.133380 
2892 0.000003 1.144607 
2893 0.000003 1.155672 
2894 0.000003 1.166578 
2895 0.000003 1.177325 
2896 0.000003 1.187914 
2897 0.000003 1.198346 
2898 0.000002 1.208624 
2899 0.000002 1.218746 
2900 0.000002 1.228716 
2901 0.000002 1.238533 
2902 0.000002 1.248199 
2903 0.000002 1.257715 
2904 0.000002 1.267082 
2905 0.000002 1.276300 
2906 0.000002 1.285371 
2907 0.000002 1.294295 
2908 0.000002 1.303074 
2909 0.000002 1.311708 
2910 0.000001 1.320197 
2911 0.000001 1.328544 
2912 0.000001 1.336747 
2913 0.000001 1.344809 
2914 0.000001 1.352730 
2915 0.000001 1.360510 
2916 0.000001 1.368151 
2917 0.000001 1.375652 
2918 0.000001 1.383014 
2919 0.000001 1.390238 
2920 0.000001 1.397324 
2921 0.000001 1.404273 
2922 0.000001 1.411085 
2923 0.000001 1.417761 
2924 0.000001 1.424300 
2925 0.000001 1.430704 
2926 0.000001 1.436973 
2927 0.000001 1.443107 
2928 0.000001 1.449106 
2929 0.000001 1.454971 
2930 0.000001 1.460702 
2931 0.000001 1.466299 
2932 0.000001 1.471762 
2933 0.000001 1.477092 
2934 0.000001 1.482289 
2935 0.000000 1.487353 
2936 0.000000 1.492283 
2937 0.000000 1.497081 
2938 0.000000 1.501746 
2939 0.000000 1.506279 
2940 0.000000 1.510679 
2941 0.000000 1.514947 
2942 0.000000 1.519083 
2943 0.000000 1.523086 
2944 0.000000 1.526958 
2945 0.000000 1.530697 
2946 0.000000 1.534304 
2947 0.000000 1.537779 
2948 0.000000 1.541122 
2949 0.000000 1.544333 
2950 0.000000 1.547412 
2951 0.000000 1.550359 
2952 0.000000 1.553174 
2953 0.000000 1.555858 
2954 0.000000 1.558409 
2955 0.000000 1.560828 
2956 0.000000 1.563116 
2957 0.000000 1.565271 
2958 0.000000 1.567295 
2959 0.000000 1.569187 
2960 0.000000 1.570946 
2961 0.000000 1.572574 
2962 0.000000 1.574070 
2963 0.000000 1.575434 
2964 0.000000 1.576666 
2965 0.000000 1.577766 
2966 0.000000 1.578735 
2967 0.000000 1.579571 
2968 0.000000 1.580276 
2969 0.000000 1.580849 
2970 0.000000 1.581290 
2971 0.000000 1.581599 
2972 0.000000 1.581777 
2973 0.000000 1.581823 
2974 0.000000 1.581738 
2975 0.000000 1.581521 
2976 0.000000 1.581173 
2977 0.000000 1.580693 
2978 0.000000 1.580082 
2979 0.000000 1.579340 
2980 0.000000 1.578467 
2981 0.000000 1.577463 
2982 0.000000 1.576328 
2983 0.000000 1.575063 
2984 0.000000 1.573667 
2985 0.000000 1.572140 
2986 0.000000 1.570484 
2987 0.000000 1.568697 
2988 0.000000 1.566780 
2989 0.000000 1.564734 
2990 0.000000 1.562558 
2991 0.000000 1.560252 
2992 0.000000 1.557818 
2993 0.000000 1.555255 
2994 0.000000 1.552563 
2995 0.000000 1.549742 
2996 0.000000 1.546793 
2997 0.000000 1.543717 
2998 0.000000 1.540512 
2999 0.000000 1.537180 
3000 0.000000 1.533721 
3001 0.000000 1.530136 
3002 0.000000 1.526423 
3003 0.000000 1.522585 
3004 0.000000 1.518620 
3005 0.000000 1.514530 
3006 0.000000 1.510315 
3007 0.000000 1.505975 
3008 0.000000 1.501510 
3009 0.000000 1.496921 
3010 0.000000 1.492209 
3011 0.000000 1.487373 
3012 0.000000 1.482414 
3013 0.000000 1.477333 
3014 0.000000 1.472129 
3015 0.000000 1.466804 
3016 0.000000 1.461358 
3017 0.000000 1.455790 
3018 0.000000 1.450103 
3019 0.000000 1.444295 
3020 0.000000 1.438369 
3021 0.000000 1.432323 
3022 0.000000 1.426159 
3023 0.000000 1.419877 
3024 0.000000 1.413478 
3025 0.000000 1.406962 
3026 0.000000 1.400329 
3027 0.000000 1.393581 
3028 0.000000 1.386718 
3029 0.000000 1.379740 
3030 0.000000 1.372648 
3031 0.000000 1.365442 
3032 0.000000 1.358124 
3033 0.000000 1.350694 
3034 0.000000 1.343152 
3035 0.000000 1.335498 
3036 0.000000 1.327735 
3037 0.000000 1.319862 
3038 0.000000 1.311879 
3039 0.000000 1.303789 
3040 0.000000 1.295590 
3041 0.000000 1.287284 
3042 0.000000 1.278873 
3043 0.000000 1.270355 
3044 0.000000 1.261732 
3045 0.000000 1.253005 
3046 0.000000 1.244175 
3047 0.000000 1.235242 
3048 0.000000 1.226206 
3049 0.000000 1.217069 
3050 0.000000 1.207832 
3051 0.000000 1.198495 
3052 0.000000 1.189059 
3053 0.000000 1.179524 
3054 0.000000 1.169892 
3055 0.000000 1.160164 
3056 0.000000 1.150339 
3057 0.000000 1.140420 
3058 0.000000 1.130406 
3059 0.000000 1.120299 
3060 0.000000 1.110099 
3061 0.000000 1.099807 
3062 0.000000 1.089425 
3063 0.000000 1.078952 
3064 0.000000 1.068391 
3065 0.000000 1.057741 
3066 0.000000 1.047003 
3067 0.000000 1.036179 
3068 0.000000 1.025270 
3069 0.000000 1.014276 
3070 0.000000 1.003198 
3071 0.000000 0.992037 
3072 0.000000 0.980794 
3073 0.000000 0.969470 
3074 0.000000 0.958065 
3075 0.000000 0.946582 
3076 0.000000 0.935020 
3077 0.000000 0.923382 
3078 0.000000 0.911666 
3079 0.000000 0.899876 
3080 0.000000 0.888011 
3081 0.000000 0.876073 
3082 0.000000 0.864062 
3083 0.000000 0.851980 
3084 0.000000 0.839828 
3085 0.000000 0.827606 
3086 0.000000 0.815315 
3087 0.000000 0.802958 
3088 0.000000 0.790534 
3089 0.000000 0.778044 
3090 0.000000 0.765491 
3091 0.000000 0.752874 
3092 0.000000 0.740195 
3093 0.000000 0.727454 
3094 0.000000 0.714654 
3095 0.000000 0.701794 
3096 0.000000 0.688877 
3097 0.000000 0.675902 
3098 0.000000 0.662872 
3099 0.000000 0.649787 
3100 0.000000 0.636648 
3101 0.000000 0.623457 
3102 0.000000 0.610214 
3103 0.000000 0.596921 
3104 0.000000 0.583578 
3105 0.000000 0.570187 
3106 0.000000 0.556749 
3107 0.000000 0.543265 
3108 0.000000 0.529736 
3109 0.000000 0.516163 
3110 0.000000 0.502548 
3111 0.000000 0.488891 
3112 0.000000 0.475194 
3113 0.000000 0.461457 
3114 0.000000 0.447682 
3115 0.000000 0.433871 
3116 0.000000 0.420023 
3117 0.000000 0.406141 
3118 0.000000 0.392225 
3119 0.000000 0.378277 
3120 0.000000 0.364297 
3121 0.000000 0.350288 
3122 0.000000 0.336249 
3123 0.000000 0.322183 
3124 0.000000 0.308090 
3125 0.000000 0.293971 
3126 0.000000 0.279828 
3127 0.000000 0.265663 
3128 0.000000 0.251475 
3129 0.000000 0.237266 
3130 0.000000 0.223038 
3131 0.000000 0.208791 
3132 0.000000 0.194527 
3133 0.000000 0.180247 
3134 0.000000 0.165952 
3135 0.000000 0.151644 
3136 0.000000 0.137323 
3137 0.000000 0.122990 
3138 0.000000 0.108648 
3139 0.000000 0.094296 
3140 0.000000 0.079936 
3141 0.000000 0.065570 
3142 0.000000 0.051199 
3143 0.000000 0.036823 
3144 0.000000 0.022445 
3145 0.000000 0.008064 
3146 0.000000 -0.006317 
3147 0.000000 -0.020698 
3148 0.000000 -0.035077 
3149 0.000000 -0.049453 
3150 0.000000 -0.063825 
3151 0.000000 -0.078192 
3152 0.000000 -0.092552 
3153 0.000000 -0.106905 
3154 0.000000 -0.121249 
3155 0.000000 -0.135582 
3156 0.000000 -0.149905 
3157 0.000000 -0.164215 
3158 0.000000 -0.178512 
3159 0.000000 -0.192794 
3160 0.000000 -0.207060 
3161 0.000000 -0.221308 
3162 0.000000 -0.235539 
3163 0.000000 -0.249750 
3164 0.000000 -0.263940 
3165 0.000000 -0.278109 
3166 0.000000 -0.292255 
3167 0.000000 -0.306376 
3168 0.000000 -0.320472 
3169 0.000000 -0.334542 
3170 0.000000 -0.348584 
3171 0.000000 -0.362597 
3172 0.000000 -0.376581 
3173 0.000000 -0.390533 
3174 0.000000 -0.404452 
3175 0.000000 -0.418339 
3176 0.000000 -0.432191 
3177 0.000000 -0.446007 
3178 0.000000 -0.459786 
3179 0.000000 -0.473527 
3180 0.000000 -0.487230 
3181 0.000000 -0.500891 
3182 0.000000 -0.514512 
3183 0.000000 -0.528090 
3184 0.000000 -0.541624 
3185 0.000000 -0.555114 
3186 0.000000 -0.568557 
3187 0.000000 -0.581954 
3188 0.000000 -0.595303 
3189 0.000000 -0.608602 
3190 0.000000 -0.621851 
3191 0.000000 -0.635049 
3192 0.000000 -0.648194 
3193 0.000000 -0.661286 
3194 0.000000 -0.674323 
3195 0.000000 -0.687304 
3196 0.000000 -0.700229 
3197 0.000000 -0.713095 
3198 0.000000 -0.725903 
3199 0.000000 -0.738650 
3200 0.000000 -0.751337 
3201 0.000000 -0.763962 
3202 0.000000 -0.776523 
3203 0.000000 -0.789020 
3204 0.000000 -0.801452 
3205 0.000000 -0.813818 
3206 0.000000 -0.826117 
3207 0.000000 -0.838347 
3208 0.000000 -0.850508 
3209 0.000000 -0.862598 
3210 0.000000 -0.874618 
3211 0.000000 -0.886565 
3212 0.000000 -0.898439 
3213 0.000000 -0.910238 
3214 0.000000 -0.921963 
3215 0.000000 -0.933611 
3216 0.000000 -0.945182 
3217 0.000000 -0.956675 
3218 0.000000 -0.968089 
3219 0.000000 -0.979423 
3220 0.000000 -0.990675 
3221 0.000000 -1.001846 
3222 0.000000 -1.012935 
3223 0.000000 -1.023939 
3224 0.000000 -1.034859 
3225 0.000000 -1.045693 
3226 0.000000 -1.056441 
3227 0.000000 -1.067102 
3228 0.000000 -1.077674 
3229 0.000000 -1.088158 
3230 0.000000 -1.098551 
3231 0.000000 -1.108854 
3232 0.000000 -1.119065 
3233 0.000000 -1.129183 
3234 0.000000 -1.139209 
3235 0.000000 -1.149140 
3236 0.000000 -1.158976 
3237 0.000000 -1.168716 
3238 0.000000 -1.178360 
3239 0.000000 -1.187906 
3240 0.000000 -1.197354 
3241 0.000000 -1.206703 
3242 0.000000 -1.215953 
3243 0.000000 -1.225102 
3244 0.000000 -1.234150 
3245 0.000000 -1.243095 
3246 0.000000 -1.251938 
3247 0.000000 -1.260678 
3248 0.000000 -1.269313 
3249 0.000000 -1.277844 
3250 0.000000 -1.286269 
3251 0.000000 -1.294587 
3252 0.000000 -1.302799 
3253 0.000000 -1.310903 
3254 0.000000 -1.318898 
3255 0.000000 -1.326785 
3256 0.000000 -1.334562 
3257 0.000000 -1.342228 
3258 0.000000 -1.349784 
3259 0.000000 -1.357228 
3260 0.000000 -1.364560 
3261 0.000000 -1.371779 
3262 0.000000 -1.378885 
3263 0.000000 -1.385877 
3264 0.000000 -1.392754 
3265 0.000000 -1.399516 
3266 0.000000 -1.406163 
3267 0.000000 -1.412693 
3268 0.000000 -1.419107 
3269 0.000000 -1.425403 
3270 0.000000 -1.431582 
3271 0.000000 -1.437642 
3272 0.000000 -1.443583 
3273 0.000000 -1.449405 
3274 0.000000 -1.455108 
3275 0.000000 -1.460690 
3276 0.000000 -1.466151 
3277 0.000000 -1.471491 
3278 0.000000 -1.476710 
3279 0.000000 -1.481806 
3280 0.000000 -1.486780 
3281 0.000000 -1.491632 
3282 0.000000 -1.496360 
3283 0.000000 -1.500964 
3284 0.000000 -1.505444 
3285 0.000000 -1.509800 
3286 0.000000 -1.514031 
3287 0.000000 -1.518137 
3288 0.000000 -1.522117 
3289 0.000000 -1.525972 
3290 0.000000 -1.529700 
3291 0.000000 -1.533302 
3292 0.000000 -1.536778 
3293 0.000000 -1.540126 
3294 0.000000 -1.543347 
3295 0.000000 -1.546441 
3296 0.000000 -1.549406 
3297 0.000000 -1.552244 
3298 0.000000 -1.554953 
3299 0.000000 -1.557534 
3300 0.000000 -1.559986 
3301 0.000000 -1.562310 
3302 0.000000 -1.564504 
3303 0.000000 -1.566569 
3304 0.000000 -1.568504 
3305 0.000000 -1.570310 
3306 0.000000 -1.571986 
3307 0.000000 -1.573532 
3308 0.000000 -1.574948 
3309 0.000000 -1.576234 
3310 0.000000 -1.577389 
3311 0.000000 -1.578414 
3312 0.000000 -1.579309 
3313 0.000000 -1.580073 
3314 0.000000 -1.580707 
3315 0.000000 -1.581210 
3316 0.000000 -1.581582 
3317 0.000000 -1.581824 
3318 0.000000 -1.581935 
3319 0.000000 -1.581915 
3320 0.000000 -1.581764 
3321 0.000000 -1.581483 
3322 0.000000 -1.581071 
3323 0.000000 -1.580529 
3324 0.000000 -1.579855 
3325 0.000000 -1.579051 
3326 0.000000 -1.578117 
3327 0.000000 -1.577052 
3328 0.000000 -1.575857 
3329 0.000000 -1.574532 
3330 0.000000 -1.573076 
3331 0.000000 -1.571491 
3332 0.000000 -1.569776 
3333 0.000000 -1.567931 
3334 0.000000 -1.565956 
3335 0.000000 -1.563852 
3336 0.000000 -1.561619 
3337 0.000000 -1.559256 
3338 0.000000 -1.556765 
3339 0.000000 -1.554145 
3340 0.000000 -1.551397 
3341 0.000000 -1.548520 
3342 0.000000 -1.545516 
3343 0.000000 -1.542383 
3344 0.000000 -1.539124 
3345 0.000000 -1.535737 
3346 0.000000 -1.532223 
3347 0.000000 -1.528582 
3348 0.000000 -1.524816 
3349 0.000000 -1.520923 
3350 0.000000 -1.516904 
3351 0.000000 -1.512760 
3352 0.000000 -1.508492 
3353 0.000000 -1.504098 
3354 0.000000 -1.499580 
3355 0.000000 -1.494938 
3356 0.000000 -1.490173 
3357 0.000000 -1.485285 
3358 0.000000 -1.480273 
3359 0.000000 -1.475140 
3360 0.000000 -1.469884 
3361 0.000000 -1.464507 
3362 0.000000 -1.459009 
3363 0.000000 -1.453391 
3364 0.000000 -1.447652 
3365 0.000000 -1.441794 
3366 0.000000 -1.435816 
3367 0.000000 -1.429720 
3368 0.000000 -1.423506 
3369 0.000000 -1.417174 
3370 0.000000 -1.410725 
3371 0.000000 -1.404159 
3372 0.000000 -1.397477 
3373 0.000000 -1.390680 
3374 0.000000 -1.383768 
3375 0.000000 -1.376741 
3376 0.000000 -1.369601 
3377 0.000000 -1.362348 
3378 0.000000 -1.354982 
3379 0.000000 -1.347504 
3380 0.000000 -1.339914 
3381 0.000000 -1.332214 
3382 0.000000 -1.324404 
3383 0.000000 -1.316484 
3384 0.000000 -1.308456 
3385 0.000000 -1.300319 
3386 0.000000 -1.292075 
3387 0.000000 -1.283724 
3388 0.000000 -1.275267 
3389 0.000000 -1.266705 
3390 0.000000 -1.258038 
3391 0.000000 -1.249267 
3392 0.000000 -1.240392 
3393 0.000000 -1.231416 
3394 0.000000 -1.222337 
3395 0.000000 -1.213158 
3396 0.000000 -1.203878 
3397 0.000000 -1.194499 
3398 0.000000 -1.185020 
3399 0.000000 -1.175445 
3400 0.000000 -1.165771 
3401 0.000000 -1.156002 
3402 0.000000 -1.146137 
3403 0.000000 -1.136177 
3404 0.000000 -1.126124 
3405 0.000000 -1.115977 
3406 0.000000 -1.105738 
3407 0.000000 -1.095408 
3408 0.000000 -1.084987 
3409 0.000000 -1.074477 
3410 0.000000 -1.063877 
3411 0.000000 -1.053190 
3412 0.000000 -1.042416 
3413 0.000000 -1.031555 
3414 0.000000 -1.020610 
3415 0.000000 -1.009580 
3416 0.000000 -0.998466 
3417 0.000000 -0.987270 
3418 0.000000 -0.975993 
3419 0.000000 -0.964635 
3420 0.000000 -0.953197 
3421 0.000000 -0.941680 
3422 0.000000 -0.930086 
3423 0.000000 -0.918414 
3424 0.000000 -0.906667 
3425 0.000000 -0.894845 
3426 0.000000 -0.882949 
3427 0.000000 -0.870979 
3428 0.000000 -0.858938 
3429 0.000000 -0.846826 
3430 0.000000 -0.834644 
3431 0.000000 -0.822393 
3432 0.000000 -0.810074 
3433 0.000000 -0.797688 
3434 0.000000 -0.785236 
3435 0.000000 -0.772719 
3436 0.000000 -0.760139 
3437 0.000000 -0.747495 
3438 0.000000 -0.734790 
3439 0.000000 -0.722024 
3440 0.000000 -0.709198 
3441 0.000000 -0.696314 
3442 0.000000 -0.683372 
3443 0.000000 -0.670374 
3444 0.000000 -0.657320 
3445 0.000000 -0.644212 
3446 0.000000 -0.631051 
3447 0.000000 -0.617837 
3448 0.000000 -0.604573 
3449 0.000000 -0.591259 
3450 0.000000 -0.577895 
3451 0.000000 -0.564484 
3452 0.000000 -0.551027 
3453 0.000000 -0.537523 
3454 0.000000 -0.523976 
3455 0.000000 -0.510385 
3456 0.000000 -0.496751 
3457 0.000000 -0.483077 
3458 0.000000 -0.469363 
3459 0.000000 -0.455610 
3460 0.000000 -0.441820 
3461 0.000000 -0.427993 
3462 0.000000 -0.414130 
3463 0.000000 -0.400233 
3464 0.000000 -0.386304 
3465 0.000000 -0.372342 
3466 0.000000 -0.358349 
3467 0.000001 -0.344327 
3468 0.000001 -0.330277 
3469 0.000001 -0.316199 
3470 0.000001 -0.302095 
3471 0.000001 -0.287966 
3472 0.000001 -0.273813 
3473 0.000001 -0.259638 
3474 0.000001 -0.245441 
3475 0.000001 -0.231224 
3476 0.000001 -0.216988 
3477 0.000001 -0.202734 
3478 0.000001 -0.188463 
3479 0.000001 -0.174176 
3480 0.000001 -0.159876 
3481 0.000001 -0.145562 
3482 0.000001 -0.131235 
3483 0.000001 -0.116898 
3484 0.000001 -0.102552 
3485 0.000001 -0.088197 
3486 0.000001 -0.073834 
3487 0.000001 -0.059466 
3488 0.000001 -0.045093 
3489 0.000001 -0.030715 
3490 0.000001 -0.016336 
3491 0.000001 -0.001955 
3492 0.000002 0.012426 
3493 0.000002 0.026807 
3494 0.000002 0.041185 
3495 0.000002 0.055559 
3496 0.000002 0.069929 
3497 0.000002 0.084293 
3498 0.000002 0.098650 
3499 0.000002 0.112999 
3500 0.000002 0.127339 
3501 0.000002 0.141668 
3502 0.000002 0.155986 
3503 0.000002 0.170290 
3504 0.000003 0.184581 
3505 0.000003 0.198856 
3506 0.000003 0.213115 
3507 0.000003 0.227356 
3508 0.000003 0.241578 
3509 0.000003 0.255781 
3510 0.000003 0.269962 
3511 0.000003 0.284121 
3512 0.000004 0.298257 
3513 0.000004 0.312368 
3514 0.000004 0.326453 
3515 0.000004 0.340511 
3516 0.000004 0.354541 
3517 0.000004 0.368541 
3518 0.000005 0.382511 
3519 0.000005 0.396450 
3520 0.000005 0.410356 
3521 0.000005 0.424228 
3522 0.000005 0.438064 
3523 0.000006 0.451865 
3524 0.000006 0.465628 
3525 0.000006 0.479353 
3526 0.000006 0.493038 
3527 0.000007 0.506683 
3528 0.000007 0.520285 
3529 0.000007 0.533845 
3530 0.000007 0.547360 
3531 0.000008 0.560830 
3532 0.000008 0.574254 
3533 0.000008 0.587631 
3534 0.000009 0.600958 
3535 0.000009 0.614237 
3536 0.000009 0.627464 
3537 0.000010 0.640640 
3538 0.000010 0.653762 
3539 0.000011 0.666831 
3540 0.000011 0.679844 
3541 0.000012 0.692801 
3542 0.000012 0.705702 
3543 0.000013 0.718543 
3544 0.000013 0.731326 
3545 0.000014 0.744047 
3546 0.000014 0.756708 
3547 0.000015 0.769306 
3548 0.000015 0.781840 
3549 0.000016 0.794310 
3550 0.000017 0.806714 
3551 0.000017 0.819051 
3552 0.000018 0.831321 
3553 0.000019 0.843521 
3554 0.000019 0.855653 
3555 0.000020 0.867713 
3556 0.000021 0.879702 
3557 0.000022 0.891618 
3558 0.000023 0.903461 
3559 0.000024 0.915228 
3560 0.000025 0.926920 
3561 0.000026 0.938536 
3562 0.000027 0.950074 
3563 0.000028 0.961533 
3564 0.000029 0.972913 
3565 0.000030 0.984213 
3566 0.000031 0.995431 
3567 0.000032 1.006567 
3568 0.000033 1.017620 
3569 0.000035 1.028588 
3570 0.000036 1.039472 
3571 0.000037 1.050270 
3572 0.000039 1.060981 
3573 0.000040 1.071604 
3574 0.000042 1.082139 
3575 0.000044 1.092584 
3576 0.000045 1.102939 
3577 0.000047 1.113203 
3578 0.000049 1.123375 
3579 0.000051 1.133454 
3580 0.000053 1.143439 
3581 0.000055 1.153330 
3582 0.000057 1.163125 
3583 0.000059 1.172825 
3584 0.000061 1.182427 
3585 0.000064 1.191932 
3586 0.000066 1.201338 
3587 0.000068 1.210645 
3588 0.000071 1.219852 
3589 0.000074 1.228958 
3590 0.000076 1.237962 
3591 0.000079 1.246865 
3592 0.000082 1.255664 
3593 0.000085 1.264359 
3594 0.000089 1.272950 
3595 0.000092 1.281436 
3596 0.000095 1.289815 
3597 0.000099 1.298089 
3598 0.000103 1.306254 
3599 0.000106 1.314312 
3600 0.000110 1.322262 
3601 0.000114 1.330102 
3602 0.000119 1.337832 
3603 0.000123 1.345451 
3604 0.000128 1.352960 
3605 0.000132 1.360356 
3606 0.000137 1.367641 
3607 0.000142 1.374812 
3608 0.000147 1.381869 
3609 0.000153 1.388812 
3610 0.000158 1.395641 
3611 0.000164 1.402354 
3612 0.000170 1.408951 
3613 0.000176 1.415432 
3614 0.000183 1.421796 
3615 0.000189 1.428042 
3616 0.000196 1.434171 
3617 0.000203 1.440180 
3618 0.000210 1.446071 
3619 0.000218 1.451842 
3620 0.000226 1.457494 
3621 0.000234 1.463025 
3622 0.000242 1.468435 
3623 0.000251 1.473723 
3624 0.000260 1.478890 
3625 0.000269 1.483934 
3626 0.000278 1.488856 
3627 0.000288 1.493655 
3628 0.000298 1.498331 
3629 0.000309 1.502882 
3630 0.000320 1.507310 
3631 0.000331 1.511612 
3632 0.000343 1.515790 
3633 0.000355 1.519843 
3634 0.000367 1.523770 
3635 0.000380 1.527571 
3636 0.000393 1.531246 
3637 0.000407 1.534794 
3638 0.000421 1.538216 
3639 0.000436 1.541510 
3640 0.000451 1.544677 
3641 0.000466 1.547716 
3642 0.000482 1.550627 
3643 0.000499 1.553411 
3644 0.000516 1.556065 
3645 0.000534 1.558592 
3646 0.000552 1.560989 
3647 0.000571 1.563257 
3648 0.000590 1.565397 
3649 0.000610 1.567407 
3650 0.000631 1.569287 
3651 0.000652 1.571037 
3652 0.000674 1.572658 
3653 0.000697 1.574149 
3654 0.000721 1.575510 
3655 0.000745 1.576740 
3656 0.000770 1.577841 
3657 0.000796 1.578810 
3658 0.000822 1.579650 
3659 0.000850 1.580358 
3660 0.000878 1.580937 
3661 0.000907 1.581384 
3662 0.000938 1.581701 
3663 0.000969 1.581887 
3664 0.001001 1.581942 
3665 0.001034 1.581867 
3666 0.001068 1.581661 
3667 0.001103 1.581324 
3668 0.001139 1.580857 
3669 0.001176 1.580258 
3670 0.001215 1.579530 
3671 0.001255 1.578670 
3672 0.001295 1.577681 
3673 0.001338 1.576561 
3674 0.001381 1.575310 
3675 0.001426 1.573929 
3676 0.001472 1.572419 
3677 0.001519 1.570778 
3678 0.001568 1.569008 
3679 0.001619 1.567108 
3680 0.001671 1.565078 
3681 0.001724 1.562919 
3682 0.001779 1.560631 
3683 0.001836 1.558214 
3684 0.001894 1.555668 
3685 0.001955 1.552993 
3686 0.002016 1.550190 
3687 0.002080 1.547259 
3688 0.002146 1.544201 
3689 0.002214 1.541014 
3690 0.002283 1.537700 
3691 0.002355 1.534260 
3692 0.002429 1.530692 
3693 0.002505 1.526998 
3694 0.002583 1.523177 
3695 0.002663 1.519231 
3696 0.002746 1.515159 
3697 0.002831 1.510962 
3698 0.002919 1.506640 
3699 0.003009 1.502194 
3700 0.003102 1.497623 
3701 0.003197 1.492929 
3702 0.003295 1.488111 
3703 0.003396 1.483171 
3704 0.003500 1.478107 
3705 0.003607 1.472922 
3706 0.003717 1.467615 
3707 0.003830 1.462186 
3708 0.003946 1.456637 
3709 0.004066 1.450967 
3710 0.004188 1.445178 
3711 0.004315 1.439269 
3712 0.004445 1.433241 
3713 0.004578 1.427094 
3714 0.004715 1.420830 
3715 0.004856 1.414448 
3716 0.005001 1.407950 
3717 0.005150 1.401335 
3718 0.005303 1.394604 
3719 0.005460 1.387758 
3720 0.005622 1.380797 
3721 0.005788 1.373722 
3722 0.005958 1.366534 
3723 0.006133 1.359232 
3724 0.006313 1.351819 
3725 0.006498 1.344293 
3726 0.006688 1.336657 
3727 0.006883 1.328910 
3728 0.007083 1.321053 
3729 0.007289 1.313087 
3730 0.007500 1.305012 
3731 0.007716 1.296830 
3732 0.007939 1.288540 
3733 0.008167 1.280144 
3734 0.008402 1.271643 
3735 0.008643 1.263036 
3736 0.008890 1.254324 
3737 0.009143 1.245509 
3738 0.009404 1.236592 
3739 0.009671 1.227571 
3740 0.009945 1.218450 
3741 0.010226 1.209228 
3742 0.010515 1.199906 
3743 0.010811 1.190484 
3744 0.011114 1.180964 
3745 0.011426 1.171347 
3746 0.011745 1.161633 
3747 0.012073 1.151823 
3748 0.012409 1.141918 
3749 0.012754 1.131918 
3750 0.013108 1.121825 
3751 0.013470 1.111639 
3752 0.013842 1.101361 
3753 0.014223 1.090992 
3754 0.014614 1.080533 
3755 0.015014 1.069985 
3756 0.015425 1.059348 
3757 0.015846 1.048624 
3758 0.016277 1.037813 
3759 0.016719 1.026916 
3760 0.017172 1.015934 
3761 0.017636 1.004869 
3762 0.018112 0.993720 
3763 0.018599 0.982490 
3764 0.019099 0.971178 
3765 0.019610 0.959785 
3766 0.020134 0.948314 
3767 0.020671 0.936764 
3768 0.021221 0.925137 
3769 0.021784 0.913433 
3770 0.022361 0.901654 
3771 0.022952 0.889800 
3772 0.023557 0.877873 
3773 0.024176 0.865873 
3774 0.024810 0.853802 
3775 0.025459 0.841660 
3776 0.026124 0.829448 
3777 0.026804 0.817168 
3778 0.027500 0.804820 
3779 0.028213 0.792406 
3780 0.028943 0.779927 
3781 0.029689 0.767383 
3782 0.030453 0.754775 
3783 0.031235 0.742105 
3784 0.032035 0.729374 
3785 0.032853 0.716583 
3786 0.033690 0.703732 
3787 0.034546 0.690823 
3788 0.035423 0.677857 
3789 0.036319 0.664835 
3790 0.037235 0.651758 
3791 0.038172 0.638628 
3792 0.039131 0.625444 
3793 0.040111 0.612209 
3794 0.041113 0.598923 
3795 0.042138 0.585588 
3796 0.043186 0.572204 
3797 0.044257 0.558773 
3798 0.045352 0.545296 
3799 0.046471 0.531773 
3800 0.047615 0.518207 
3801 0.048784 0.504598 
3802 0.049978 0.490947 
3803 0.051199 0.477256 
3804 0.052447 0.463525 
3805 0.053722 0.449756 
3806 0.055024 0.435950 
3807 0.056354 0.422108 
3808 0.057714 0.408231 
3809 0.059102 0.394320 
3810 0.060520 0.380376 
3811 0.061969 0.366402 
3812 0.063448 0.352396 
3813 0.064958 0.338362 
3814 0.066501 0.324300 
3815 0.068076 0.310211 
3816 0.069684 0.296096 
3817 0.071326 0.281957 
3818 0.073002 0.267794 
3819 0.074713 0.253610 
3820 0.076459 0.239404 
3821 0.078242 0.225179 
3822 0.080061 0.210935 
3823 0.081918 0.196673 
3824 0.083812 0.182396 
3825 0.085746 0.168103 
3826 0.087718 0.153796 
3827 0.089730 0.139477 
3828 0.091783 0.125146 
3829 0.093878 0.110805 
3830 0.096014 0.096455 
3831 0.098193 0.082096 
3832 0.100415 0.067731 
3833 0.102682 0.053360 
3834 0.104993 0.038985 
3835 0.107350 0.024607 
3836 0.109753 0.010227 
3837 0.112203 -0.004155 
3838 0.114700 -0.018535 
3839 0.117247 -0.032915 
3840 0.119842 -0.047291 
3841 0.122488 -0.061664 
3842 0.125184 -0.076032 
3843 0.127932 -0.090393 
3844 0.130732 -0.104747 
3845 0.133586 -0.119092 
3846 0.136494 -0.133428 
3847 0.139456 -0.147752 
3848 0.142474 -0.162064 
3849 0.145549 -0.176363 
3850 0.148681 -0.190647 
3851 0.151871 -0.204915 
3852 0.155121 -0.219167 
3853 0.158430 -0.233400 
3854 0.161800 -0.247614 
3855 0.165232 -0.261808 
3856 0.168726 -0.275980 
3857 0.172284 -0.290129 
3858 0.175906 -0.304254 
3859 0.179593 -0.318354 
3860 0.183347 -0.332428 
3861 0.187168 -0.346474 
3862 0.191057 -0.360492 
3863 0.195014 -0.374480 
3864 0.199042 -0.388436 
3865 0.203141 -0.402361 
3866 0.207311 -0.416253 
3867 0.211555 -0.430110 
3868 0.215872 -0.443932 
3869 0.220264 -0.457716 
3870 0.224731 -0.471463 
3871 0.229275 -0.485172 
3872 0.233898 -0.498840 
3873 0.238598 -0.512466 
3874 0.243379 -0.526051 
3875 0.248240 -0.539592 
3876 0.253183 -0.553088 
3877 0.258209 -0.566539 
3878 0.263319 -0.579943 
3879 0.268513 -0.593298 
3880 0.273794 -0.606605 
3881 0.279161 -0.619862 
3882 0.284617 -0.633068 
3883 0.290161 -0.646221 
3884 0.295796 -0.659320 
3885 0.301522 -0.672366 
3886 0.307339 -0.685355 
3887 0.313251 -0.698289 
3888 0.319256 -0.711164 
3889 0.325357 -0.723981 
3890 0.331555 -0.736737 
3891 0.337850 -0.749433 
3892 0.344244 -0.762067 
3893 0.350738 -0.774638 
3894 0.357332 -0.787145 
3895 0.364029 -0.799587 
3896 0.370828 -0.811963 
3897 0.377732 -0.824271 
3898 0.384741 -0.836512 
3899 0.391856 -0.848683 
3900 0.399079 -0.860785 
3901 0.406410 -0.872815 
3902 0.413850 -0.884773 
3903 0.421402 -0.896658 
3904 0.429065 -0.908469 
3905 0.436841 -0.920204 
3906 0.444732 -0.931864 
3907 0.452737 -0.943447 
3908 0.460859 -0.954952 
3909 0.469097 -0.966377 
3910 0.477455 -0.977723 
3911 0.485931 -0.988988 
3912 0.494529 -1.000172 
3913 0.503247 -1.011272 
3914 0.512089 -1.022290 
3915 0.521054 -1.033222 
3916 0.530145 -1.044070 
3917 0.539361 -1.054831 
3918 0.548704 -1.065504 
3919 0.558175 -1.076090 
3920 0.567776 -1.086587 
3921 0.577506 -1.096994 
3922 0.587368 -1.107310 
3923 0.597362 -1.117535 
3924 0.607489 -1.127668 
3925 0.617750 -1.137707 
3926 0.628147 -1.147652 
3927 0.638680 -1.157503 
3928 0.649351 -1.167257 
3929 0.660159 -1.176916 
3930 0.671107 -1.186477 
3931 0.682196 -1.195940 
3932 0.693425 -1.205304 
3933 0.704797 -1.214568 
3934 0.716312 -1.223732 
3935 0.727970 -1.232795 
3936 0.739774 -1.241757 
3937 0.751724 -1.250615 
3938 0.763820 -1.259370 
3939 0.776065 -1.268021 
3940 0.788457 -1.276568 
3941 0.800999 -1.285008 
3942 0.813692 -1.293343 
3943 0.826535 -1.301571 
3944 0.839530 -1.309691 
3945 0.852678 -1.317703 
3946 0.865979 -1.325606 
3947 0.879435 -1.333399 
3948 0.893046 -1.341082 
3949 0.906812 -1.348655 
3950 0.920735 -1.356116 
3951 0.934815 -1.363465 
3952 0.949053 -1.370701 
3953 0.963449 -1.377824 
3954 0.978005 -1.384833 
3955 0.992720 -1.391727 
3956 1.007596 -1.398507 
3957 1.022633 -1.405171 
3958 1.037831 -1.411719 
3959 1.053192 -1.418150 
3960 1.068715 -1.424464 
3961 1.084401 -1.430660 
3962 1.100251 -1.436738 
3963 1.116264 -1.442697 
3964 1.132443 -1.448538 
3965 1.148786 -1.454258 
3966 1.165295 -1.459858 
3967 1.181969 -1.465338 
3968 1.198809 -1.470696 
3969 1.215816 -1.475933 
3970 1.232989 -1.481048 
3971 1.250329 -1.486040 
3972 1.267836 -1.490910 
3973 1.285510 -1.495656 
3974 1.303352 -1.500279 
3975 1.321362 -1.504778 
3976 1.339539 -1.509153 
3977 1.357884 -1.513402 
3978 1.376397 -1.517527 
3979 1.395077 -1.521526 
3980 1.413926 -1.525400 
3981 1.432943 -1.529147 
3982 1.452127 -1.532769 
3983 1.471480 -1.536263 
3984 1.490999 -1.539631 
3985 1.510687 -1.542871 
3986 1.530541 -1.545983 
3987 1.550563 -1.548968 
3988 1.570751 -1.551825 
3989 1.591106 -1.554554 
3990 1.611627 -1.557154 
3991 1.632314 -1.559626 
3992 1.653166 -1.561968 
3993 1.674183 -1.564182 
3994 1.695365 -1.566266 
3995 1.716711 -1.568221 
3996 1.738220 -1.570046 
3997 1.759893 -1.571742 
3998 1.781727 -1.573307 
3999 1.803723 -1.574743 
4000 1.825881 -1.576048 
