0 0.426559 0.141898 
1 0.419026 0.156235 
2 0.411602 0.170559 
3 0.404286 0.184869 
4 0.397076 0.199164 
5 0.389971 0.213442 
6 0.382971 0.227702 
7 0.376074 0.241944 
8 0.369280 0.256166 
9 0.362586 0.270366 
10 0.355993 0.284544 
11 0.349499 0.298699 
12 0.343103 0.312829 
13 0.336805 0.326933 
14 0.330602 0.341010 
15 0.324494 0.355059 
16 0.318480 0.369079 
17 0.312559 0.383068 
18 0.306730 0.397026 
19 0.300992 0.410950 
20 0.295343 0.424841 
21 0.289784 0.438696 
22 0.284312 0.452516 
23 0.278927 0.466298 
24 0.273628 0.480041 
25 0.268413 0.493745 
26 0.263282 0.507408 
27 0.258234 0.521029 
28 0.253268 0.534606 
29 0.248382 0.548140 
30 0.243577 0.561629 
31 0.238850 0.575071 
32 0.234201 0.588465 
33 0.229628 0.601811 
34 0.225132 0.615107 
35 0.220711 0.628352 
36 0.216363 0.641546 
37 0.212089 0.654686 
38 0.207887 0.667772 
39 0.203756 0.680803 
40 0.199695 0.693778 
41 0.195703 0.706695 
42 0.191780 0.719554 
43 0.187925 0.732354 
44 0.184136 0.745093 
45 0.180412 0.757770 
46 0.176754 0.770385 
47 0.173159 0.782936 
48 0.169627 0.795423 
49 0.166158 0.807844 
50 0.162750 0.820198 
51 0.159402 0.832484 
52 0.156114 0.844701 
53 0.152885 0.856849 
54 0.149713 0.868925 
55 0.146599 0.880930 
56 0.143541 0.892863 
57 0.140538 0.904721 
58 0.137590 0.916504 
59 0.134696 0.928212 
60 0.131855 0.939843 
61 0.129066 0.951397 
62 0.126329 0.962872 
63 0.123642 0.974267 
64 0.121006 0.985582 
65 0.118418 0.996815 
66 0.115879 1.007966 
67 0.113388 1.019033 
68 0.110943 1.030017 
69 0.108545 1.040915 
70 0.106193 1.051727 
71 0.103885 1.062453 
72 0.101621 1.073090 
73 0.099401 1.083639 
74 0.097224 1.094098 
75 0.095088 1.104467 
76 0.092994 1.114745 
77 0.090941 1.124930 
78 0.088928 1.135022 
79 0.086954 1.145021 
80 0.085019 1.154925 
81 0.083122 1.164734 
82 0.081263 1.174446 
83 0.079440 1.184061 
84 0.077654 1.193579 
85 0.075903 1.202997 
86 0.074188 1.212317 
87 0.072506 1.221536 
88 0.070859 1.230654 
89 0.069245 1.239671 
90 0.067664 1.248585 
91 0.066115 1.257396 
92 0.064598 1.266103 
93 0.063112 1.274705 
94 0.061656 1.283202 
95 0.060230 1.291593 
96 0.058834 1.299877 
97 0.057466 1.308054 
98 0.056128 1.316122 
99 0.054817 1.324082 
100 0.053533 1.331933 
101 0.052277 1.339673 
102 0.051047 1.347303 
103 0.049843 1.354821 
104 0.048664 1.362227 
105 0.047510 1.369521 
106 0.046382 1.376702 
107 0.045277 1.383768 
108 0.044196 1.390721 
109 0.043138 1.397558 
110 0.042103 1.404280 
111 0.041090 1.410886 
112 0.040099 1.417376 
113 0.039130 1.423748 
114 0.038182 1.430002 
115 0.037255 1.436139 
116 0.036348 1.442156 
117 0.035461 1.448055 
118 0.034594 1.453834 
119 0.033746 1.459492 
120 0.032917 1.465030 
121 0.032106 1.470447 
122 0.031313 1.475743 
123 0.030539 1.480916 
124 0.029781 1.485967 
125 0.029041 1.490896 
126 0.028317 1.495701 
127 0.027610 1.500382 
128 0.026918 1.504940 
129 0.026243 1.509373 
130 0.025583 1.513681 
131 0.024938 1.517864 
132 0.024308 1.521922 
133 0.023692 1.525854 
134 0.023091 1.529660 
135 0.022503 1.533340 
136 0.021930 1.536892 
137 0.021369 1.540318 
138 0.020822 1.543617 
139 0.020287 1.546787 
140 0.019765 1.549831 
141 0.019255 1.552746 
142 0.018758 1.555532 
143 0.018272 1.558190 
144 0.017798 1.560720 
145 0.017334 1.563120 
146 0.016882 1.565391 
147 0.016441 1.567533 
148 0.016011 1.569545 
149 0.015590 1.571428 
150 0.015180 1.573180 
151 0.014780 1.574803 
152 0.014389 1.576296 
153 0.014008 1.577658 
154 0.013636 1.578890 
155 0.013274 1.579991 
156 0.012920 1.580962 
157 0.012575 1.581802 
158 0.012238 1.582511 
159 0.011910 1.583090 
160 0.011590 1.583538 
161 0.011277 1.583855 
162 0.010973 1.584041 
163 0.010676 1.584096 
164 0.010386 1.584020 
165 0.010104 1.583813 
166 0.009829 1.583476 
167 0.009561 1.583007 
168 0.009299 1.582408 
169 0.009044 1.581678 
170 0.008796 1.580817 
171 0.008554 1.579826 
172 0.008318 1.578704 
173 0.008088 1.577451 
174 0.007864 1.576068 
175 0.007646 1.574555 
176 0.007433 1.572912 
177 0.007226 1.571139 
178 0.007024 1.569236 
179 0.006828 1.567203 
180 0.006636 1.565041 
181 0.006450 1.562749 
182 0.006268 1.560328 
183 0.006091 1.557779 
184 0.005919 1.555100 
185 0.005751 1.552293 
186 0.005588 1.549358 
187 0.005429 1.546295 
188 0.005274 1.543103 
189 0.005124 1.539785 
190 0.004977 1.536339 
191 0.004834 1.532766 
192 0.004695 1.529067 
193 0.004560 1.525241 
194 0.004429 1.521289 
195 0.004301 1.517211 
196 0.004176 1.513008 
197 0.004055 1.508680 
198 0.003937 1.504227 
199 0.003822 1.499650 
200 0.003711 1.494949 
201 0.003602 1.490124 
202 0.003497 1.485177 
203 0.003394 1.480106 
204 0.003294 1.474913 
205 0.003197 1.469599 
206 0.003102 1.464163 
207 0.003011 1.458605 
208 0.002921 1.452928 
209 0.002835 1.447130 
210 0.002750 1.441213 
211 0.002668 1.435176 
212 0.002588 1.429021 
213 0.002511 1.422748 
214 0.002436 1.416357 
215 0.002362 1.409849 
216 0.002291 1.403225 
217 0.002222 1.396485 
218 0.002155 1.389629 
219 0.002090 1.382658 
220 0.002026 1.375574 
221 0.001965 1.368375 
222 0.001905 1.361063 
223 0.001847 1.353639 
224 0.001790 1.346103 
225 0.001735 1.338456 
226 0.001682 1.330698 
227 0.001630 1.322831 
228 0.001580 1.314854 
229 0.001531 1.306768 
230 0.001484 1.298574 
231 0.001438 1.290273 
232 0.001393 1.281865 
233 0.001350 1.273352 
234 0.001308 1.264733 
235 0.001267 1.256009 
236 0.001228 1.247182 
237 0.001189 1.238252 
238 0.001152 1.229219 
239 0.001116 1.220085 
240 0.001080 1.210850 
241 0.001046 1.201515 
242 0.001013 1.192080 
243 0.000981 1.182547 
244 0.000950 1.172917 
245 0.000920 1.163189 
246 0.000891 1.153365 
247 0.000862 1.143446 
248 0.000835 1.133433 
249 0.000808 1.123325 
250 0.000782 1.113125 
251 0.000757 1.102833 
252 0.000732 1.092450 
253 0.000709 1.081977 
254 0.000686 1.071414 
255 0.000664 1.060762 
256 0.000642 1.050023 
257 0.000621 1.039197 
258 0.000601 1.028286 
259 0.000582 1.017289 
260 0.000563 1.006208 
261 0.000544 0.995044 
262 0.000526 0.983798 
263 0.000509 0.972470 
264 0.000492 0.961062 
265 0.000476 0.949575 
266 0.000460 0.938009 
267 0.000445 0.926366 
268 0.000430 0.914646 
269 0.000416 0.902851 
270 0.000402 0.890981 
271 0.000389 0.879037 
272 0.000376 0.867021 
273 0.000363 0.854932 
274 0.000351 0.842774 
275 0.000339 0.830546 
276 0.000328 0.818249 
277 0.000317 0.805884 
278 0.000306 0.793453 
279 0.000296 0.780956 
280 0.000286 0.768395 
281 0.000276 0.755770 
282 0.000267 0.743083 
283 0.000258 0.730334 
284 0.000249 0.717525 
285 0.000241 0.704657 
286 0.000232 0.691730 
287 0.000224 0.678746 
288 0.000217 0.665707 
289 0.000209 0.652612 
290 0.000202 0.639463 
291 0.000195 0.626261 
292 0.000188 0.613008 
293 0.000182 0.599704 
294 0.000176 0.586350 
295 0.000170 0.572948 
296 0.000164 0.559499 
297 0.000158 0.546003 
298 0.000152 0.532462 
299 0.000147 0.518878 
300 0.000142 0.505250 
301 0.000137 0.491580 
302 0.000132 0.477870 
303 0.000128 0.464121 
304 0.000123 0.450333 
305 0.000119 0.436508 
306 0.000115 0.422647 
307 0.000111 0.408751 
308 0.000107 0.394821 
309 0.000103 0.380858 
310 0.000099 0.366864 
311 0.000096 0.352840 
312 0.000092 0.338786 
313 0.000089 0.324705 
314 0.000086 0.310596 
315 0.000083 0.296462 
316 0.000080 0.282304 
317 0.000077 0.268122 
318 0.000074 0.253918 
319 0.000071 0.239693 
320 0.000069 0.225448 
321 0.000066 0.211185 
322 0.000064 0.196904 
323 0.000062 0.182607 
324 0.000059 0.168295 
325 0.000057 0.153969 
326 0.000055 0.139630 
327 0.000053 0.125279 
328 0.000051 0.110919 
329 0.000049 0.096549 
330 0.000048 0.082171 
331 0.000046 0.067786 
332 0.000044 0.053396 
333 0.000042 0.039001 
334 0.000041 0.024603 
335 0.000039 0.010203 
336 0.000038 -0.004197 
337 0.000037 -0.018598 
338 0.000035 -0.032997 
339 0.000034 -0.047393 
340 0.000033 -0.061785 
341 0.000031 -0.076172 
342 0.000030 -0.090553 
343 0.000029 -0.104927 
344 0.000028 -0.119291 
345 0.000027 -0.133646 
346 0.000026 -0.147990 
347 0.000025 -0.162322 
348 0.000024 -0.176640 
349 0.000023 -0.190943 
350 0.000022 -0.205231 
351 0.000021 -0.219502 
352 0.000021 -0.233755 
353 0.000020 -0.247988 
354 0.000019 -0.262201 
355 0.000018 -0.276392 
356 0.000018 -0.290560 
357 0.000017 -0.304705 
358 0.000016 -0.318824 
359 0.000016 -0.332917 
360 0.000015 -0.346982 
361 0.000014 -0.361019 
362 0.000014 -0.375026 
363 0.000013 -0.389001 
364 0.000013 -0.402945 
365 0.000012 -0.416855 
366 0.000012 -0.430731 
367 0.000011 -0.444572 
368 0.000011 -0.458375 
369 0.000011 -0.472141 
370 0.000010 -0.485867 
371 0.000010 -0.499554 
372 0.000009 -0.513199 
373 0.000009 -0.526802 
374 0.000009 -0.540361 
375 0.000008 -0.553876 
376 0.000008 -0.567345 
377 0.000008 -0.580767 
378 0.000007 -0.594141 
379 0.000007 -0.607465 
380 0.000007 -0.620740 
381 0.000007 -0.633963 
382 0.000006 -0.647134 
383 0.000006 -0.660252 
384 0.000006 -0.673315 
385 0.000006 -0.686322 
386 0.000005 -0.699272 
387 0.000005 -0.712165 
388 0.000005 -0.724999 
389 0.000005 -0.737773 
390 0.000005 -0.750486 
391 0.000004 -0.763137 
392 0.000004 -0.775725 
393 0.000004 -0.788249 
394 0.000004 -0.800707 
395 0.000004 -0.813100 
396 0.000004 -0.825425 
397 0.000003 -0.837682 
398 0.000003 -0.849870 
399 0.000003 -0.861988 
400 0.000003 -0.874034 
401 0.000003 -0.886008 
402 0.000003 -0.897909 
403 0.000003 -0.909736 
404 0.000003 -0.921487 
405 0.000002 -0.933163 
406 0.000002 -0.944761 
407 0.000002 -0.956281 
408 0.000002 -0.967722 
409 0.000002 -0.979083 
410 0.000002 -0.990364 
411 0.000002 -1.001562 
412 0.000002 -1.012678 
413 0.000002 -1.023710 
414 0.000002 -1.034657 
415 0.000002 -1.045519 
416 0.000002 -1.056294 
417 0.000001 -1.066982 
418 0.000001 -1.077582 
419 0.000001 -1.088093 
420 0.000001 -1.098514 
421 0.000001 -1.108844 
422 0.000001 -1.119083 
423 0.000001 -1.129229 
424 0.000001 -1.139281 
425 0.000001 -1.149240 
426 0.000001 -1.159104 
427 0.000001 -1.168871 
428 0.000001 -1.178543 
429 0.000001 -1.188116 
430 0.000001 -1.197592 
431 0.000001 -1.206969 
432 0.000001 -1.216245 
433 0.000001 -1.225422 
434 0.000001 -1.234497 
435 0.000001 -1.243470 
436 0.000001 -1.252340 
437 0.000001 -1.261107 
438 0.000001 -1.269770 
439 0.000001 -1.278327 
440 0.000001 -1.286779 
441 0.000001 -1.295125 
442 0.000000 -1.303364 
443 0.000000 -1.311494 
444 0.000000 -1.319517 
445 0.000000 -1.327430 
446 0.000000 -1.335234 
447 0.000000 -1.342928 
448 0.000000 -1.350510 
449 0.000000 -1.357981 
450 0.000000 -1.365339 
451 0.000000 -1.372585 
452 0.000000 -1.379717 
453 0.000000 -1.386736 
454 0.000000 -1.393639 
455 0.000000 -1.400428 
456 0.000000 -1.407101 
457 0.000000 -1.413657 
458 0.000000 -1.420097 
459 0.000000 -1.426419 
460 0.000000 -1.432624 
461 0.000000 -1.438710 
462 0.000000 -1.444677 
463 0.000000 -1.450524 
464 0.000000 -1.456252 
465 0.000000 -1.461860 
466 0.000000 -1.467346 
467 0.000000 -1.472712 
468 0.000000 -1.477955 
469 0.000000 -1.483077 
470 0.000000 -1.488076 
471 0.000000 -1.492952 
472 0.000000 -1.497704 
473 0.000000 -1.502333 
474 0.000000 -1.506838 
475 0.000000 -1.511218 
476 0.000000 -1.515473 
477 0.000000 -1.519603 
478 0.000000 -1.523608 
479 0.000000 -1.527486 
480 0.000000 -1.531239 
481 0.000000 -1.534864 
482 0.000000 -1.538363 
483 0.000000 -1.541735 
484 0.000000 -1.544979 
485 0.000000 -1.548096 
486 0.000000 -1.551085 
487 0.000000 -1.553945 
488 0.000000 -1.556677 
489 0.000000 -1.559281 
490 0.000000 -1.561755 
491 0.000000 -1.564101 
492 0.000000 -1.566317 
493 0.000000 -1.568404 
494 0.000000 -1.570361 
495 0.000000 -1.572188 
496 0.000000 -1.573886 
497 0.000000 -1.575453 
498 0.000000 -1.576890 
499 0.000000 -1.578197 
500 0.000000 -1.579373 
501 0.000000 -1.580419 
502 0.000000 -1.581335 
503 0.000000 -1.582119 
504 0.000000 -1.582773 
505 0.000000 -1.583296 
506 0.000000 -1.583688 
507 0.000000 -1.583950 
508 0.000000 -1.584080 
509 0.000000 -1.584080 
510 0.000000 -1.583948 
511 0.000000 -1.583686 
512 0.000000 -1.583293 
513 0.000000 -1.582769 
514 0.000000 -1.582114 
515 0.000000 -1.581328 
516 0.000000 -1.580412 
517 0.000000 -1.579365 
518 0.000000 -1.578187 
519 0.000000 -1.576880 
520 0.000000 -1.575441 
521 0.000000 -1.573873 
522 0.000000 -1.572175 
523 0.000000 -1.570346 
524 0.000000 -1.568388 
525 0.000000 -1.566300 
526 0.000000 -1.564083 
527 0.000000 -1.561736 
528 0.000000 -1.559261 
529 0.000000 -1.556656 
530 0.000000 -1.553923 
531 0.000000 -1.551062 
532 0.000000 -1.548072 
533 0.000000 -1.544955 
534 0.000000 -1.541709 
535 0.000000 -1.538337 
536 0.000000 -1.534837 
537 0.000000 -1.531210 
538 0.000000 -1.527457 
539 0.000000 -1.523577 
540 0.000000 -1.519572 
541 0.000000 -1.515441 
542 0.000000 -1.511185 
543 0.000000 -1.506804 
544 0.000000 -1.502298 
545 0.000000 -1.497668 
546 0.000000 -1.492915 
547 0.000000 -1.488038 
548 0.000000 -1.483038 
549 0.000000 -1.477915 
550 0.000000 -1.472671 
551 0.000000 -1.467304 
552 0.000000 -1.461817 
553 0.000000 -1.456208 
554 0.000000 -1.450479 
555 0.000000 -1.444631 
556 0.000000 -1.438663 
557 0.000000 -1.432576 
558 0.000000 -1.426371 
559 0.000000 -1.420047 
560 0.000000 -1.413607 
561 0.000000 -1.407049 
562 0.000000 -1.400376 
563 0.000000 -1.393586 
564 0.000000 -1.386682 
565 0.000000 -1.379663 
566 0.000000 -1.372529 
567 0.000000 -1.365283 
568 0.000000 -1.357923 
569 0.000000 -1.350452 
570 0.000000 -1.342868 
571 0.000000 -1.335174 
572 0.000000 -1.327370 
573 0.000000 -1.319455 
574 0.000000 -1.311432 
575 0.000000 -1.303300 
576 0.000000 -1.295061 
577 0.000000 -1.286714 
578 0.000000 -1.278261 
579 0.000000 -1.269703 
580 0.000000 -1.261040 
581 0.000000 -1.252272 
582 0.000000 -1.243401 
583 0.000000 -1.234427 
584 0.000000 -1.225351 
585 0.000000 -1.216174 
586 0.000000 -1.206896 
587 0.000000 -1.197519 
588 0.000000 -1.188043 
589 0.000000 -1.178468 
590 0.000000 -1.168796 
591 0.000000 -1.159028 
592 0.000000 -1.149163 
593 0.000000 -1.139204 
594 0.000000 -1.129150 
595 0.000000 -1.119004 
596 0.000000 -1.108764 
597 0.000000 -1.098434 
598 0.000000 -1.088012 
599 0.000000 -1.077500 
600 0.000000 -1.066900 
601 0.000000 -1.056211 
602 0.000000 -1.045435 
603 0.000000 -1.034572 
604 0.000000 -1.023624 
605 0.000000 -1.012592 
606 0.000000 -1.001476 
607 0.000000 -0.990277 
608 0.000000 -0.978996 
609 0.000000 -0.967634 
610 0.000000 -0.956192 
611 0.000000 -0.944671 
612 0.000000 -0.933073 
613 0.000000 -0.921397 
614 0.000000 -0.909644 
615 0.000000 -0.897817 
616 0.000000 -0.885916 
617 0.000000 -0.873941 
618 0.000000 -0.861894 
619 0.000000 -0.849776 
620 0.000000 -0.837588 
621 0.000000 -0.825330 
622 0.000000 -0.813004 
623 0.000000 -0.800611 
624 0.000000 -0.788152 
625 0.000000 -0.775628 
626 0.000000 -0.763039 
627 0.000000 -0.750388 
628 0.000000 -0.737674 
629 0.000000 -0.724900 
630 0.000000 -0.712066 
631 0.000000 -0.699172 
632 0.000000 -0.686221 
633 0.000000 -0.673214 
634 0.000000 -0.660150 
635 0.000000 -0.647032 
636 0.000000 -0.633861 
637 0.000000 -0.620637 
638 0.000000 -0.607362 
639 0.000000 -0.594037 
640 0.000000 -0.580663 
641 0.000000 -0.567240 
642 0.000000 -0.553771 
643 0.000000 -0.540256 
644 0.000000 -0.526697 
645 0.000000 -0.513094 
646 0.000000 -0.499448 
647 0.000000 -0.485761 
648 0.000000 -0.472034 
649 0.000000 -0.458268 
650 0.000000 -0.444464 
651 0.000000 -0.430624 
652 0.000000 -0.416748 
653 0.000000 -0.402837 
654 0.000000 -0.388893 
655 0.000000 -0.374917 
656 0.000000 -0.360910 
657 0.000000 -0.346873 
658 0.000000 -0.332808 
659 0.000000 -0.318715 
660 0.000000 -0.304595 
661 0.000000 -0.290451 
662 0.000000 -0.276282 
663 0.000000 -0.262091 
664 0.000000 -0.247878 
665 0.000000 -0.233644 
666 0.000000 -0.219391 
667 0.000000 -0.205121 
668 0.000000 -0.190833 
669 0.000000 -0.176529 
670 0.000000 -0.162211 
671 0.000000 -0.147879 
672 0.000000 -0.133535 
673 0.000000 -0.119180 
674 0.000000 -0.104815 
675 0.000000 -0.090442 
676 0.000000 -0.076061 
677 0.000000 -0.061674 
678 0.000000 -0.047281 
679 0.000000 -0.032885 
680 0.000000 -0.018486 
681 0.000000 -0.004086 
682 0.000000 0.010315 
683 0.000000 0.024715 
684 0.000000 0.039113 
685 0.000000 0.053507 
686 0.000000 0.067898 
687 0.000000 0.082282 
688 0.000000 0.096660 
689 0.000000 0.111030 
690 0.000000 0.125391 
691 0.000000 0.139741 
692 0.000000 0.154080 
693 0.000000 0.168406 
694 0.000000 0.182718 
695 0.000000 0.197015 
696 0.000000 0.211296 
697 0.000000 0.225559 
698 0.000000 0.239804 
699 0.000000 0.254028 
700 0.000000 0.268232 
701 0.000000 0.282414 
702 0.000000 0.296572 
703 0.000000 0.310706 
704 0.000000 0.324814 
705 0.000000 0.338895 
706 0.000000 0.352949 
707 0.000000 0.366973 
708 0.000000 0.380966 
709 0.000000 0.394929 
710 0.000000 0.408858 
711 0.000000 0.422754 
712 0.000000 0.436615 
713 0.000000 0.450440 
714 0.000000 0.464228 
715 0.000000 0.477977 
716 0.000000 0.491687 
717 0.000000 0.505356 
718 0.000000 0.518983 
719 0.000000 0.532567 
720 0.000000 0.546108 
721 0.000000 0.559603 
722 0.000000 0.573052 
723 0.000000 0.586454 
724 0.000000 0.599807 
725 0.000000 0.613111 
726 0.000000 0.626364 
727 0.000000 0.639565 
728 0.000000 0.652713 
729 0.000000 0.665808 
730 0.000000 0.678847 
731 0.000000 0.691830 
732 0.000000 0.704757 
733 0.000000 0.717624 
734 0.000000 0.730433 
735 0.000000 0.743181 
736 0.000000 0.755868 
737 0.000000 0.768492 
738 0.000000 0.781053 
739 0.000000 0.793549 
740 0.000000 0.805980 
741 0.000000 0.818344 
742 0.000000 0.830641 
743 0.000000 0.842868 
744 0.000000 0.855026 
745 0.000000 0.867114 
746 0.000000 0.879130 
747 0.000000 0.891073 
748 0.000000 0.902942 
749 0.000000 0.914737 
750 0.000000 0.926457 
751 0.000000 0.938099 
752 0.000000 0.949664 
753 0.000000 0.961151 
754 0.000000 0.972558 
755 0.000000 0.983885 
756 0.000000 0.995131 
757 0.000000 1.006294 
758 0.000000 1.017374 
759 0.000000 1.028370 
760 0.000000 1.039282 
761 0.000000 1.050107 
762 0.000000 1.060845 
763 0.000000 1.071496 
764 0.000000 1.082058 
765 0.000000 1.092531 
766 0.000000 1.102913 
767 0.000000 1.113205 
768 0.000000 1.123404 
769 0.000000 1.133511 
770 0.000000 1.143523 
771 0.000000 1.153442 
772 0.000000 1.163265 
773 0.000000 1.172992 
774 0.000000 1.182622 
775 0.000000 1.192154 
776 0.000000 1.201587 
777 0.000000 1.210922 
778 0.000000 1.220156 
779 0.000000 1.229289 
780 0.000000 1.238321 
781 0.000000 1.247251 
782 0.000000 1.256077 
783 0.000000 1.264800 
784 0.000000 1.273418 
785 0.000000 1.281931 
786 0.000000 1.290338 
787 0.000000 1.298638 
788 0.000000 1.306831 
789 0.000000 1.314916 
790 0.000000 1.322892 
791 0.000000 1.330759 
792 0.000000 1.338516 
793 0.000000 1.346162 
794 0.000000 1.353697 
795 0.000000 1.361121 
796 0.000000 1.368431 
797 0.000000 1.375629 
798 0.000000 1.382713 
799 0.000000 1.389683 
800 0.000000 1.396537 
801 0.000000 1.403277 
802 0.000000 1.409900 
803 0.000000 1.416407 
804 0.000000 1.422797 
805 0.000000 1.429069 
806 0.000000 1.435223 
807 0.000000 1.441259 
808 0.000000 1.447175 
809 0.000000 1.452972 
810 0.000000 1.458649 
811 0.000000 1.464205 
812 0.000000 1.469640 
813 0.000000 1.474954 
814 0.000000 1.480146 
815 0.000000 1.485216 
816 0.000000 1.490162 
817 0.000000 1.494986 
818 0.000000 1.499686 
819 0.000000 1.504262 
820 0.000000 1.508714 
821 0.000000 1.513041 
822 0.000000 1.517243 
823 0.000000 1.521320 
824 0.000000 1.525271 
825 0.000000 1.529096 
826 0.000000 1.532794 
827 0.000000 1.536366 
828 0.000000 1.539811 
829 0.000000 1.543129 
830 0.000000 1.546319 
831 0.000000 1.549381 
832 0.000000 1.552315 
833 0.000000 1.555121 
834 0.000000 1.557799 
835 0.000000 1.560348 
836 0.000000 1.562767 
837 0.000000 1.565058 
838 0.000000 1.567219 
839 0.000000 1.569251 
840 0.000000 1.571153 
841 0.000000 1.572925 
842 0.000000 1.574567 
843 0.000000 1.576079 
844 0.000000 1.577461 
845 0.000000 1.578713 
846 0.000000 1.579834 
847 0.000000 1.580824 
848 0.000000 1.581684 
849 0.000000 1.582413 
850 0.000000 1.583011 
851 0.000000 1.583479 
852 0.000000 1.583815 
853 0.000000 1.584021 
854 0.000000 1.584096 
855 0.000000 1.584040 
856 0.000000 1.583853 
857 0.000000 1.583535 
858 0.000000 1.583086 
859 0.000000 1.582506 
860 0.000000 1.581796 
861 0.000000 1.580955 
862 0.000000 1.579983 
863 0.000000 1.578881 
864 0.000000 1.577648 
865 0.000000 1.576285 
866 0.000000 1.574791 
867 0.000000 1.573167 
868 0.000000 1.571414 
869 0.000000 1.569530 
870 0.000000 1.567517 
871 0.000000 1.565374 
872 0.000000 1.563102 
873 0.000000 1.560701 
874 0.000000 1.558170 
875 0.000000 1.555511 
876 0.000000 1.552723 
877 0.000000 1.549807 
878 0.000000 1.546763 
879 0.000000 1.543592 
880 0.000000 1.540292 
881 0.000000 1.536865 
882 0.000000 1.533312 
883 0.000000 1.529631 
884 0.000000 1.525824 
885 0.000000 1.521891 
886 0.000000 1.517832 
887 0.000000 1.513648 
888 0.000000 1.509339 
889 0.000000 1.504905 
890 0.000000 1.500346 
891 0.000000 1.495664 
892 0.000000 1.490858 
893 0.000000 1.485929 
894 0.000000 1.480877 
895 0.000000 1.475702 
896 0.000000 1.470406 
897 0.000000 1.464988 
898 0.000000 1.459449 
899 0.000000 1.453789 
900 0.000000 1.448010 
901 0.000000 1.442110 
902 0.000000 1.436092 
903 0.000000 1.429954 
904 0.000000 1.423699 
905 0.000000 1.417326 
906 0.000000 1.410835 
907 0.000000 1.404229 
908 0.000000 1.397506 
909 0.000000 1.390667 
910 0.000000 1.383714 
911 0.000000 1.376646 
912 0.000000 1.369465 
913 0.000000 1.362170 
914 0.000000 1.354763 
915 0.000000 1.347244 
916 0.000000 1.339613 
917 0.000000 1.331872 
918 0.000000 1.324021 
919 0.000000 1.316060 
920 0.000000 1.307991 
921 0.000000 1.299813 
922 0.000000 1.291528 
923 0.000000 1.283136 
924 0.000000 1.274639 
925 0.000000 1.266035 
926 0.000000 1.257328 
927 0.000000 1.248516 
928 0.000000 1.239601 
929 0.000000 1.230584 
930 0.000000 1.221465 
931 0.000000 1.212245 
932 0.000000 1.202925 
933 0.000000 1.193505 
934 0.000000 1.183987 
935 0.000000 1.174371 
936 0.000000 1.164658 
937 0.000000 1.154849 
938 0.000000 1.144944 
939 0.000000 1.134945 
940 0.000000 1.124851 
941 0.000000 1.114665 
942 0.000000 1.104387 
943 0.000000 1.094017 
944 0.000000 1.083557 
945 0.000000 1.073008 
946 0.000000 1.062370 
947 0.000000 1.051644 
948 0.000000 1.040831 
949 0.000000 1.029932 
950 0.000000 1.018948 
951 0.000000 1.007880 
952 0.000000 0.996728 
953 0.000000 0.985494 
954 0.000000 0.974179 
955 0.000000 0.962783 
956 0.000000 0.951308 
957 0.000000 0.939754 
958 0.000000 0.928122 
959 0.000001 0.916413 
960 0.000001 0.904629 
961 0.000001 0.892770 
962 0.000001 0.880838 
963 0.000001 0.868832 
964 0.000001 0.856755 
965 0.000001 0.844607 
966 0.000001 0.832389 
967 0.000001 0.820102 
968 0.000001 0.807748 
969 0.000001 0.795326 
970 0.000001 0.782839 
971 0.000001 0.770288 
972 0.000001 0.757673 
973 0.000001 0.744995 
974 0.000001 0.732255 
975 0.000001 0.719455 
976 0.000001 0.706596 
977 0.000001 0.693678 
978 0.000001 0.680702 
979 0.000001 0.667671 
980 0.000001 0.654584 
981 0.000001 0.641444 
982 0.000001 0.628250 
983 0.000001 0.615004 
984 0.000002 0.601708 
985 0.000002 0.588362 
986 0.000002 0.574967 
987 0.000002 0.561524 
988 0.000002 0.548036 
989 0.000002 0.534501 
990 0.000002 0.520923 
991 0.000002 0.507302 
992 0.000002 0.493639 
993 0.000002 0.479935 
994 0.000002 0.466191 
995 0.000002 0.452409 
996 0.000003 0.438589 
997 0.000003 0.424733 
998 0.000003 0.410842 
999 0.000003 0.396918 
1000 0.000003 0.382960 
1001 0.000003 0.368971 
1002 0.000003 0.354951 
1003 0.000003 0.340902 
1004 0.000003 0.326824 
1005 0.000004 0.312720 
1006 0.000004 0.298590 
1007 0.000004 0.284435 
1008 0.000004 0.270256 
1009 0.000004 0.256056 
1010 0.000004 0.241834 
1011 0.000005 0.227592 
1012 0.000005 0.213331 
1013 0.000005 0.199053 
1014 0.000005 0.184758 
1015 0.000005 0.170448 
1016 0.000006 0.156124 
1017 0.000006 0.141787 
1018 0.000006 0.127438 
1019 0.000006 0.113079 
1020 0.000007 0.098710 
1021 0.000007 0.084334 
1022 0.000007 0.069950 
1023 0.000008 0.055560 
1024 0.000008 0.041166 
1025 0.000008 0.026769 
1026 0.000009 0.012369 
1027 0.000009 -0.002032 
1028 0.000009 -0.016432 
1029 0.000010 -0.030832 
1030 0.000010 -0.045228 
1031 0.000010 -0.059621 
1032 0.000011 -0.074009 
1033 0.000011 -0.088391 
1034 0.000012 -0.102766 
1035 0.000012 -0.117132 
1036 0.000013 -0.131488 
1037 0.000013 -0.145834 
1038 0.000014 -0.160167 
1039 0.000014 -0.174487 
1040 0.000015 -0.188793 
1041 0.000015 -0.203084 
1042 0.000016 -0.217357 
1043 0.000017 -0.231612 
1044 0.000017 -0.245849 
1045 0.000018 -0.260065 
1046 0.000019 -0.274259 
1047 0.000019 -0.288431 
1048 0.000020 -0.302579 
1049 0.000021 -0.316702 
1050 0.000022 -0.330799 
1051 0.000023 -0.344869 
1052 0.000024 -0.358910 
1053 0.000025 -0.372921 
1054 0.000025 -0.386902 
1055 0.000026 -0.400850 
1056 0.000027 -0.414766 
1057 0.000029 -0.428647 
1058 0.000030 -0.442492 
1059 0.000031 -0.456302 
1060 0.000032 -0.470073 
1061 0.000033 -0.483806 
1062 0.000035 -0.497498 
1063 0.000036 -0.511150 
1064 0.000037 -0.524759 
1065 0.000039 -0.538325 
1066 0.000040 -0.551846 
1067 0.000042 -0.565322 
1068 0.000043 -0.578751 
1069 0.000045 -0.592132 
1070 0.000047 -0.605465 
1071 0.000048 -0.618747 
1072 0.000050 -0.631978 
1073 0.000052 -0.645157 
1074 0.000054 -0.658283 
1075 0.000056 -0.671354 
1076 0.000058 -0.684369 
1077 0.000061 -0.697329 
1078 0.000063 -0.710230 
1079 0.000065 -0.723073 
1080 0.000068 -0.735856 
1081 0.000070 -0.748578 
1082 0.000073 -0.761239 
1083 0.000075 -0.773836 
1084 0.000078 -0.786370 
1085 0.000081 -0.798838 
1086 0.000084 -0.811241 
1087 0.000087 -0.823576 
1088 0.000090 -0.835843 
1089 0.000094 -0.848042 
1090 0.000097 -0.860170 
1091 0.000101 -0.872227 
1092 0.000105 -0.884212 
1093 0.000108 -0.896124 
1094 0.000112 -0.907962 
1095 0.000116 -0.919725 
1096 0.000121 -0.931412 
1097 0.000125 -0.943022 
1098 0.000130 -0.954554 
1099 0.000134 -0.966007 
1100 0.000139 -0.977380 
1101 0.000144 -0.988672 
1102 0.000150 -0.999883 
1103 0.000155 -1.011011 
1104 0.000160 -1.022056 
1105 0.000166 -1.033016 
1106 0.000172 -1.043891 
1107 0.000178 -1.054679 
1108 0.000185 -1.065381 
1109 0.000191 -1.075994 
1110 0.000198 -1.086518 
1111 0.000205 -1.096953 
1112 0.000213 -1.107296 
1113 0.000220 -1.117549 
1114 0.000228 -1.127709 
1115 0.000236 -1.137776 
1116 0.000244 -1.147748 
1117 0.000253 -1.157626 
1118 0.000262 -1.167409 
1119 0.000271 -1.177094 
1120 0.000280 -1.186683 
1121 0.000290 -1.196173 
1122 0.000300 -1.205565 
1123 0.000311 -1.214857 
1124 0.000322 -1.224048 
1125 0.000333 -1.233139 
1126 0.000344 -1.242127 
1127 0.000356 -1.251013 
1128 0.000368 -1.259795 
1129 0.000381 -1.268474 
1130 0.000394 -1.277047 
1131 0.000408 -1.285515 
1132 0.000422 -1.293877 
1133 0.000436 -1.302131 
1134 0.000451 -1.310279 
1135 0.000466 -1.318317 
1136 0.000482 -1.326247 
1137 0.000499 -1.334068 
1138 0.000516 -1.341778 
1139 0.000533 -1.349377 
1140 0.000551 -1.356864 
1141 0.000570 -1.364240 
1142 0.000589 -1.371503 
1143 0.000609 -1.378652 
1144 0.000629 -1.385688 
1145 0.000650 -1.392609 
1146 0.000672 -1.399414 
1147 0.000694 -1.406105 
1148 0.000717 -1.412679 
1149 0.000741 -1.419136 
1150 0.000766 -1.425476 
1151 0.000791 -1.431698 
1152 0.000817 -1.437802 
1153 0.000844 -1.443787 
1154 0.000872 -1.449653 
1155 0.000901 -1.455398 
1156 0.000930 -1.461024 
1157 0.000961 -1.466529 
1158 0.000992 -1.471913 
1159 0.001025 -1.477175 
1160 0.001058 -1.482315 
1161 0.001093 -1.487332 
1162 0.001128 -1.492226 
1163 0.001165 -1.496998 
1164 0.001202 -1.501645 
1165 0.001241 -1.506169 
1166 0.001281 -1.510567 
1167 0.001322 -1.514841 
1168 0.001365 -1.518990 
1169 0.001408 -1.523014 
1170 0.001453 -1.526911 
1171 0.001500 -1.530682 
1172 0.001547 -1.534327 
1173 0.001596 -1.537845 
1174 0.001647 -1.541236 
1175 0.001699 -1.544499 
1176 0.001753 -1.547635 
1177 0.001808 -1.550643 
1178 0.001865 -1.553523 
1179 0.001924 -1.556274 
1180 0.001984 -1.558897 
1181 0.002046 -1.561391 
1182 0.002110 -1.563756 
1183 0.002176 -1.565992 
1184 0.002244 -1.568098 
1185 0.002313 -1.570075 
1186 0.002385 -1.571922 
1187 0.002459 -1.573639 
1188 0.002534 -1.575226 
1189 0.002613 -1.576682 
1190 0.002693 -1.578009 
1191 0.002775 -1.579205 
1192 0.002860 -1.580270 
1193 0.002948 -1.581205 
1194 0.003038 -1.582010 
1195 0.003130 -1.582683 
1196 0.003225 -1.583226 
1197 0.003323 -1.583638 
1198 0.003424 -1.583919 
1199 0.003527 -1.584069 
1200 0.003633 -1.584088 
1201 0.003743 -1.583976 
1202 0.003855 -1.583734 
1203 0.003970 -1.583360 
1204 0.004089 -1.582856 
1205 0.004211 -1.582221 
1206 0.004336 -1.581455 
1207 0.004465 -1.580558 
1208 0.004598 -1.579531 
1209 0.004734 -1.578373 
1210 0.004873 -1.577085 
1211 0.005017 -1.575666 
1212 0.005164 -1.574117 
1213 0.005316 -1.572438 
1214 0.005472 -1.570629 
1215 0.005632 -1.568691 
1216 0.005796 -1.566622 
1217 0.005964 -1.564425 
1218 0.006138 -1.562098 
1219 0.006315 -1.559641 
1220 0.006498 -1.557056 
1221 0.006686 -1.554343 
1222 0.006878 -1.551500 
1223 0.007076 -1.548530 
1224 0.007279 -1.545432 
1225 0.007487 -1.542205 
1226 0.007701 -1.538852 
1227 0.007920 -1.535371 
1228 0.008145 -1.531763 
1229 0.008376 -1.528029 
1230 0.008613 -1.524169 
1231 0.008857 -1.520182 
1232 0.009106 -1.516070 
1233 0.009362 -1.511833 
1234 0.009625 -1.507470 
1235 0.009895 -1.502983 
1236 0.010171 -1.498372 
1237 0.010455 -1.493637 
1238 0.010746 -1.488779 
1239 0.011044 -1.483797 
1240 0.011350 -1.478693 
1241 0.011664 -1.473467 
1242 0.011985 -1.468119 
1243 0.012315 -1.462650 
1244 0.012653 -1.457059 
1245 0.013000 -1.451349 
1246 0.013355 -1.445518 
1247 0.013719 -1.439568 
1248 0.014093 -1.433499 
1249 0.014475 -1.427311 
1250 0.014868 -1.421006 
1251 0.015269 -1.414583 
1252 0.015681 -1.408043 
1253 0.016103 -1.401387 
1254 0.016536 -1.394615 
1255 0.016979 -1.387727 
1256 0.017432 -1.380726 
1257 0.017897 -1.373609 
1258 0.018373 -1.366380 
1259 0.018861 -1.359037 
1260 0.019361 -1.351582 
1261 0.019872 -1.344016 
1262 0.020396 -1.336338 
1263 0.020933 -1.328550 
1264 0.021482 -1.320652 
1265 0.022044 -1.312645 
1266 0.022620 -1.304530 
1267 0.023210 -1.296307 
1268 0.023813 -1.287976 
1269 0.024431 -1.279539 
1270 0.025063 -1.270997 
1271 0.025710 -1.262349 
1272 0.026372 -1.253597 
1273 0.027050 -1.244742 
1274 0.027743 -1.235783 
1275 0.028453 -1.226722 
1276 0.029179 -1.217561 
1277 0.029921 -1.208298 
1278 0.030681 -1.198935 
1279 0.031458 -1.189474 
1280 0.032253 -1.179914 
1281 0.033066 -1.170257 
1282 0.033898 -1.160503 
1283 0.034749 -1.150653 
1284 0.035618 -1.140708 
1285 0.036508 -1.130668 
1286 0.037417 -1.120536 
1287 0.038347 -1.110310 
1288 0.039297 -1.099993 
1289 0.040269 -1.089585 
1290 0.041262 -1.079087 
1291 0.042277 -1.068500 
1292 0.043315 -1.057824 
1293 0.044375 -1.047061 
1294 0.045459 -1.036211 
1295 0.046567 -1.025276 
1296 0.047698 -1.014256 
1297 0.048854 -1.003153 
1298 0.050036 -0.991966 
1299 0.051242 -0.980697 
1300 0.052475 -0.969348 
1301 0.053735 -0.957918 
1302 0.055021 -0.946409 
1303 0.056335 -0.934822 
1304 0.057676 -0.923157 
1305 0.059047 -0.911417 
1306 0.060446 -0.899601 
1307 0.061874 -0.887710 
1308 0.063333 -0.875746 
1309 0.064822 -0.863710 
1310 0.066342 -0.851603 
1311 0.067894 -0.839425 
1312 0.069479 -0.827178 
1313 0.071095 -0.814862 
1314 0.072746 -0.802479 
1315 0.074430 -0.790030 
1316 0.076148 -0.777515 
1317 0.077902 -0.764936 
1318 0.079691 -0.752294 
1319 0.081517 -0.739590 
1320 0.083379 -0.726825 
1321 0.085279 -0.713999 
1322 0.087218 -0.701115 
1323 0.089194 -0.688173 
1324 0.091211 -0.675173 
1325 0.093267 -0.662118 
1326 0.095364 -0.649009 
1327 0.097503 -0.635845 
1328 0.099683 -0.622629 
1329 0.101907 -0.609362 
1330 0.104173 -0.596044 
1331 0.106484 -0.582677 
1332 0.108840 -0.569262 
1333 0.111241 -0.555800 
1334 0.113688 -0.542292 
1335 0.116183 -0.528739 
1336 0.118725 -0.515142 
1337 0.121315 -0.501503 
1338 0.123955 -0.487822 
1339 0.126645 -0.474101 
1340 0.129385 -0.460341 
1341 0.132177 -0.446543 
1342 0.135021 -0.432708 
1343 0.137918 -0.418837 
1344 0.140869 -0.404931 
1345 0.143875 -0.390992 
1346 0.146936 -0.377021 
1347 0.150053 -0.363018 
1348 0.153228 -0.348986 
1349 0.156460 -0.334925 
1350 0.159751 -0.320836 
1351 0.163102 -0.306720 
1352 0.166513 -0.292579 
1353 0.169985 -0.278414 
1354 0.173519 -0.264226 
1355 0.177117 -0.250017 
1356 0.180778 -0.235786 
1357 0.184504 -0.221536 
1358 0.188296 -0.207268 
1359 0.192154 -0.192982 
1360 0.196080 -0.178681 
1361 0.200074 -0.164365 
1362 0.204137 -0.150035 
1363 0.208271 -0.135693 
1364 0.212476 -0.121340 
1365 0.216752 -0.106976 
1366 0.221102 -0.092604 
1367 0.225526 -0.078224 
1368 0.230024 -0.063838 
1369 0.234599 -0.049446 
1370 0.239250 -0.035050 
1371 0.243979 -0.020652 
1372 0.248787 -0.006251 
1373 0.253674 0.008149 
1374 0.258643 0.022549 
1375 0.263693 0.036948 
1376 0.268825 0.051343 
1377 0.274042 0.065734 
1378 0.279343 0.080120 
1379 0.284729 0.094498 
1380 0.290203 0.108870 
1381 0.295764 0.123232 
1382 0.301414 0.137584 
1383 0.307153 0.151924 
1384 0.312984 0.166252 
1385 0.318906 0.180567 
1386 0.324921 0.194866 
1387 0.331030 0.209149 
1388 0.337233 0.223415 
1389 0.343533 0.237663 
1390 0.349930 0.251890 
1391 0.356424 0.266098 
1392 0.363018 0.280283 
1393 0.369712 0.294444 
1394 0.376507 0.308582 
1395 0.383404 0.322694 
1396 0.390404 0.336779 
1397 0.397509 0.350837 
1398 0.404719 0.364866 
1399 0.412036 0.378864 
1400 0.419460 0.392831 
1401 0.426992 0.406766 
1402 0.434634 0.420667 
1403 0.442386 0.434533 
1404 0.450250 0.448363 
1405 0.458227 0.462157 
1406 0.466318 0.475912 
1407 0.474523 0.489627 
1408 0.482844 0.503303 
1409 0.491282 0.516936 
1410 0.499838 0.530527 
1411 0.508512 0.544074 
1412 0.517307 0.557577 
1413 0.526223 0.571033 
1414 0.535260 0.584442 
1415 0.544421 0.597802 
1416 0.553705 0.611113 
1417 0.563115 0.624374 
1418 0.572650 0.637583 
1419 0.582313 0.650739 
1420 0.592104 0.663842 
1421 0.602023 0.676890 
1422 0.612073 0.689882 
1423 0.622253 0.702816 
1424 0.632565 0.715693 
1425 0.643010 0.728511 
1426 0.653589 0.741268 
1427 0.664303 0.753964 
1428 0.675152 0.766598 
1429 0.686138 0.779168 
1430 0.697262 0.791674 
1431 0.708523 0.804115 
1432 0.719925 0.816489 
1433 0.731466 0.828796 
1434 0.743148 0.841034 
1435 0.754972 0.853203 
1436 0.766939 0.865301 
1437 0.779049 0.877327 
1438 0.791304 0.889281 
1439 0.803704 0.901162 
1440 0.816250 0.912968 
1441 0.828943 0.924699 
1442 0.841784 0.936353 
1443 0.854772 0.947930 
1444 0.867910 0.959429 
1445 0.881197 0.970848 
1446 0.894635 0.982187 
1447 0.908224 0.993445 
1448 0.921965 1.004621 
1449 0.935859 1.015713 
1450 0.949905 1.026722 
1451 0.964106 1.037646 
1452 0.978460 1.048484 
1453 0.992970 1.059236 
1454 1.007635 1.069900 
1455 1.022456 1.080476 
1456 1.037434 1.090962 
1457 1.052569 1.101358 
1458 1.067861 1.111663 
1459 1.083312 1.121876 
1460 1.098921 1.131997 
1461 1.114689 1.142024 
1462 1.130616 1.151956 
1463 1.146703 1.161794 
1464 1.162950 1.171535 
1465 1.179357 1.181180 
1466 1.195925 1.190727 
1467 1.212654 1.200175 
1468 1.229544 1.209524 
1469 1.246596 1.218774 
1470 1.263809 1.227922 
1471 1.281184 1.236970 
1472 1.298722 1.245914 
1473 1.316421 1.254756 
1474 1.334282 1.263495 
1475 1.352306 1.272129 
1476 1.370492 1.280657 
1477 1.388841 1.289080 
1478 1.407352 1.297397 
1479 1.426025 1.305606 
1480 1.444860 1.313707 
1481 1.463857 1.321700 
1482 1.483017 1.329583 
1483 1.502338 1.337356 
1484 1.521821 1.345019 
1485 1.541465 1.352571 
1486 1.561270 1.360011 
1487 1.581237 1.367339 
1488 1.601363 1.374554 
1489 1.621650 1.381655 
1490 1.642097 1.388642 
1491 1.662703 1.395514 
1492 1.683468 1.402271 
1493 1.704391 1.408912 
1494 1.725473 1.415436 
1495 1.746711 1.421844 
1496 1.768106 1.428134 
1497 1.789658 1.434305 
1498 1.811365 1.440359 
1499 1.833226 1.446293 
1500 1.855242 1.452108 
1501 1.877411 1.457803 
1502 1.899732 1.463377 
1503 1.922205 1.468831 
1504 1.944829 1.474163 
1505 1.967602 1.479373 
1506 1.990524 1.484461 
1507 2.013594 1.489426 
1508 2.036811 1.494268 
1509 2.060173 1.498987 
1510 2.083680 1.503582 
1511 2.107330 1.508052 
1512 2.131123 1.512398 
1513 2.155057 1.516619 
1514 2.179130 1.520715 
1515 2.203342 1.524685 
1516 2.227691 1.528529 
1517 2.252176 1.532246 
1518 2.276795 1.535837 
1519 2.301547 1.539301 
1520 2.326430 1.542638 
1521 2.351443 1.545847 
1522 2.376584 1.548929 
1523 2.401852 1.551882 
1524 2.427245 1.554708 
1525 2.452761 1.557404 
1526 2.478398 1.559972 
1527 2.504155 1.562412 
1528 2.530030 1.564722 
1529 2.556021 1.566902 
1530 2.582126 1.568954 
1531 2.608343 1.570875 
1532 2.634670 1.572667 
1533 2.661106 1.574329 
1534 2.687647 1.575860 
1535 2.714293 1.577262 
1536 2.741040 1.578533 
1537 2.767887 1.579674 
1538 2.794832 1.580684 
1539 2.821872 1.581563 
1540 2.849004 1.582312 
1541 2.876228 1.582930 
1542 2.903539 1.583417 
1543 2.930936 1.583773 
1544 2.958416 1.583999 
1545 2.985978 1.584093 
1546 3.013617 1.584057 
1547 3.041333 1.583889 
1548 3.069121 1.583591 
1549 3.096980 1.583162 
1550 3.124907 1.582602 
1551 3.152898 1.581911 
1552 3.180953 1.581090 
1553 3.209066 1.580137 
1554 3.237237 1.579055 
1555 3.265461 1.577842 
1556 3.293737 1.576498 
1557 3.322060 1.575024 
1558 3.350429 1.573420 
1559 3.378840 1.571686 
1560 3.407290 1.569822 
1561 3.435776 1.567828 
1562 3.464295 1.565705 
1563 3.492843 1.563452 
1564 3.521419 1.561070 
1565 3.550018 1.558559 
1566 3.578637 1.555919 
1567 3.607274 1.553151 
1568 3.635924 1.550254 
1569 3.664585 1.547229 
1570 3.693253 1.544077 
1571 3.721925 1.540796 
1572 3.750597 1.537389 
1573 3.779266 1.533854 
1574 3.807929 1.530193 
1575 3.836582 1.526405 
1576 3.865222 1.522491 
1577 3.893845 1.518451 
1578 3.922447 1.514285 
1579 3.951026 1.509995 
1580 3.979577 1.505579 
1581 4.008097 1.501040 
1582 4.036582 1.496376 
1583 4.065029 1.491588 
1584 4.093434 1.486678 
1585 4.121794 1.481644 
1586 4.150104 1.476488 
1587 4.178361 1.471210 
1588 4.206561 1.465810 
1589 4.234700 1.460290 
1590 4.262776 1.454648 
1591 4.290783 1.448886 
1592 4.318719 1.443005 
1593 4.346579 1.437004 
1594 4.374360 1.430885 
1595 4.402057 1.424647 
1596 4.429668 1.418292 
1597 4.457187 1.411819 
1598 4.484612 1.405230 
1599 4.511939 1.398524 
1600 4.539163 1.391703 
1601 4.566281 1.384767 
1602 4.593289 1.377716 
1603 4.620182 1.370552 
1604 4.646958 1.363274 
1605 4.673613 1.355884 
1606 4.700142 1.348382 
1607 4.726541 1.340768 
1608 4.752807 1.333043 
1609 4.778936 1.325209 
1610 4.804924 1.317264 
1611 4.830768 1.309211 
1612 4.856462 1.301050 
1613 4.882004 1.292781 
1614 4.907390 1.284405 
1615 4.932615 1.275923 
1616 4.957677 1.267336 
1617 4.982570 1.258644 
1618 5.007292 1.249848 
1619 5.031839 1.240948 
1620 5.056206 1.231946 
1621 5.080391 1.222843 
1622 5.104388 1.213638 
1623 5.128195 1.204333 
1624 5.151808 1.194928 
1625 5.175224 1.185425 
1626 5.198437 1.175823 
1627 5.221446 1.166125 
1628 5.244245 1.156330 
1629 5.266833 1.146440 
1630 5.289204 1.136454 
1631 5.311355 1.126375 
1632 5.333283 1.116203 
1633 5.354985 1.105939 
1634 5.376456 1.095583 
1635 5.397694 1.085136 
1636 5.418695 1.074600 
1637 5.439455 1.063975 
1638 5.459971 1.053262 
1639 5.480239 1.042463 
1640 5.500257 1.031576 
1641 5.520022 1.020605 
1642 5.539529 1.009550 
1643 5.558775 0.998410 
1644 5.577758 0.987189 
1645 5.596475 0.975886 
1646 5.614921 0.964502 
1647 5.633095 0.953038 
1648 5.650992 0.941496 
1649 5.668611 0.929876 
1650 5.685947 0.918179 
1651 5.702999 0.906406 
1652 5.719763 0.894559 
1653 5.736236 0.882637 
1654 5.752416 0.870642 
1655 5.768300 0.858576 
1656 5.783885 0.846438 
1657 5.799169 0.834231 
1658 5.814148 0.821954 
1659 5.828821 0.809610 
1660 5.843185 0.797199 
1661 5.857237 0.784721 
1662 5.870975 0.772179 
1663 5.884396 0.759574 
1664 5.897499 0.746905 
1665 5.910280 0.734175 
1666 5.922739 0.721384 
1667 5.934872 0.708533 
1668 5.946678 0.695624 
1669 5.958154 0.682657 
1670 5.969298 0.669634 
1671 5.980109 0.656556 
1672 5.990585 0.643423 
1673 6.000723 0.630237 
1674 6.010522 0.616999 
1675 6.019981 0.603711 
1676 6.029097 0.590372 
1677 6.037870 0.576984 
1678 6.046297 0.563549 
1679 6.054376 0.550067 
1680 6.062108 0.536540 
1681 6.069490 0.522968 
1682 6.076520 0.509353 
1683 6.083198 0.495696 
1684 6.089523 0.481998 
1685 6.095493 0.468260 
1686 6.101108 0.454484 
1687 6.106366 0.440670 
1688 6.111266 0.426819 
1689 6.115807 0.412934 
1690 6.119990 0.399014 
1691 6.123812 0.385061 
1692 6.127274 0.371076 
1693 6.130374 0.357061 
1694 6.133113 0.343016 
1695 6.135489 0.328943 
1696 6.137502 0.314843 
1697 6.139153 0.300716 
1698 6.140439 0.286565 
1699 6.141362 0.272390 
1700 6.141922 0.258193 
1701 6.142117 0.243974 
1702 6.141948 0.229735 
1703 6.141416 0.215477 
1704 6.140519 0.201201 
1705 6.139259 0.186909 
1706 6.137636 0.172601 
1707 6.135649 0.158279 
1708 6.133299 0.143944 
1709 6.130587 0.129597 
1710 6.127513 0.115239 
1711 6.124078 0.100872 
1712 6.120282 0.086496 
1713 6.116125 0.072113 
1714 6.111610 0.057725 
1715 6.106736 0.043331 
1716 6.101504 0.028934 
1717 6.095915 0.014535 
1718 6.089971 0.000134 
1719 6.083671 -0.014267 
1720 6.077018 -0.028666 
1721 6.070013 -0.043063 
1722 6.062656 -0.057457 
1723 6.054950 -0.071846 
1724 6.046895 -0.086229 
1725 6.038492 -0.100604 
1726 6.029744 -0.114972 
1727 6.020652 -0.129330 
1728 6.011218 -0.143677 
1729 6.001442 -0.158013 
1730 5.991327 -0.172335 
1731 5.980875 -0.186643 
1732 5.970087 -0.200936 
1733 5.958965 -0.215212 
1734 5.947512 -0.229470 
1735 5.935729 -0.243709 
1736 5.923618 -0.257928 
1737 5.911181 -0.272126 
1738 5.898421 -0.286302 
1739 5.885340 -0.300453 
1740 5.871940 -0.314580 
1741 5.858223 -0.328681 
1742 5.844191 -0.342755 
1743 5.829848 -0.356800 
1744 5.815195 -0.370816 
1745 5.800235 -0.384801 
1746 5.784971 -0.398755 
1747 5.769405 -0.412675 
1748 5.753540 -0.426561 
1749 5.737379 -0.440413 
1750 5.720923 -0.454227 
1751 5.704177 -0.468005 
1752 5.687143 -0.481743 
1753 5.669823 -0.495442 
1754 5.652222 -0.509099 
1755 5.634341 -0.522715 
1756 5.616183 -0.536288 
1757 5.597752 -0.549816 
1758 5.579052 -0.563299 
1759 5.560084 -0.576735 
1760 5.540852 -0.590123 
1761 5.521359 -0.603463 
1762 5.501609 -0.616753 
1763 5.481604 -0.629992 
1764 5.461348 -0.643179 
1765 5.440845 -0.656312 
1766 5.420098 -0.669392 
1767 5.399109 -0.682416 
1768 5.377883 -0.695383 
1769 5.356423 -0.708294 
1770 5.334732 -0.721145 
1771 5.312815 -0.733937 
1772 5.290673 -0.746669 
1773 5.268312 -0.759339 
1774 5.245734 -0.771946 
1775 5.222944 -0.784489 
1776 5.199944 -0.796967 
1777 5.176738 -0.809380 
1778 5.153331 -0.821725 
1779 5.129725 -0.834003 
1780 5.105925 -0.846212 
1781 5.081934 -0.858351 
1782 5.057756 -0.870418 
1783 5.033394 -0.882414 
1784 5.008853 -0.894337 
1785 4.984136 -0.906187 
1786 4.959247 -0.917961 
1787 4.934190 -0.929659 
1788 4.908968 -0.941281 
1789 4.883586 -0.952824 
1790 4.858047 -0.964289 
1791 4.832355 -0.975675 
1792 4.806514 -0.986979 
1793 4.780528 -0.998203 
1794 4.754400 -1.009343 
1795 4.728135 -1.020400 
1796 4.701736 -1.031373 
1797 4.675208 -1.042261 
1798 4.648553 -1.053062 
1799 4.621777 -1.063777 
1800 4.594882 -1.074403 
1801 4.567873 -1.084941 
1802 4.540754 -1.095389 
1803 4.513528 -1.105747 
1804 4.486199 -1.116013 
1805 4.458772 -1.126187 
1806 4.431249 -1.136268 
1807 4.403635 -1.146255 
1808 4.375934 -1.156147 
1809 4.348149 -1.165944 
1810 4.320285 -1.175644 
1811 4.292345 -1.185247 
1812 4.264332 -1.194752 
1813 4.236251 -1.204159 
1814 4.208106 -1.213466 
1815 4.179899 -1.222672 
1816 4.151636 -1.231778 
1817 4.123319 -1.240782 
1818 4.094953 -1.249683 
1819 4.066541 -1.258481 
1820 4.038086 -1.267175 
1821 4.009593 -1.275765 
1822 3.981065 -1.284248 
1823 3.952505 -1.292626 
1824 3.923917 -1.300897 
1825 3.895306 -1.309060 
1826 3.866674 -1.317115 
1827 3.838024 -1.325062 
1828 3.809361 -1.332899 
1829 3.780688 -1.340625 
1830 3.752009 -1.348241 
1831 3.723326 -1.355746 
1832 3.694643 -1.363138 
1833 3.665964 -1.370418 
1834 3.637292 -1.377584 
1835 3.608630 -1.384637 
1836 3.579981 -1.391575 
1837 3.551350 -1.398398 
1838 3.522738 -1.405106 
1839 3.494150 -1.411697 
1840 3.465589 -1.418172 
1841 3.437057 -1.424530 
1842 3.408558 -1.430770 
1843 3.380094 -1.436892 
1844 3.351670 -1.442894 
1845 3.323288 -1.448778 
1846 3.294950 -1.454542 
1847 3.266661 -1.460186 
1848 3.238422 -1.465709 
1849 3.210237 -1.471111 
1850 3.182109 -1.476391 
1851 3.154040 -1.481549 
1852 3.126034 -1.486585 
1853 3.098092 -1.491498 
1854 3.070218 -1.496288 
1855 3.042415 -1.500954 
1856 3.014684 -1.505496 
1857 2.987029 -1.509914 
1858 2.959452 -1.514207 
1859 2.931956 -1.518374 
1860 2.904543 -1.522417 
1861 2.877216 -1.526333 
1862 2.849977 -1.530123 
1863 2.822829 -1.533787 
1864 2.795773 -1.537324 
1865 2.768812 -1.540734 
1866 2.741949 -1.544017 
1867 2.715185 -1.547172 
1868 2.688524 -1.550199 
1869 2.661966 -1.553098 
1870 2.635514 -1.555869 
1871 2.609170 -1.558511 
1872 2.582936 -1.561024 
1873 2.556815 -1.563409 
1874 2.530808 -1.565664 
1875 2.504916 -1.567790 
1876 2.479143 -1.569786 
1877 2.453489 -1.571652 
1878 2.427956 -1.573389 
1879 2.402547 -1.574995 
1880 2.377263 -1.576472 
1881 2.352105 -1.577818 
1882 2.327076 -1.579033 
1883 2.302176 -1.580119 
1884 2.277408 -1.581073 
1885 2.252772 -1.581897 
1886 2.228271 -1.582590 
1887 2.203906 -1.583153 
1888 2.179678 -1.583584 
1889 2.155588 -1.583885 
1890 2.131638 -1.584055 
1891 2.107830 -1.584094 
1892 2.084163 -1.584001 
1893 2.060640 -1.583779 
1894 2.037262 -1.583425 
1895 2.014029 -1.582940 
1896 1.990944 -1.582324 
1897 1.968006 -1.581578 
1898 1.945217 -1.580701 
1899 1.922578 -1.579693 
1900 1.900090 -1.578555 
1901 1.877753 -1.577287 
1902 1.855569 -1.575888 
1903 1.833539 -1.574358 
1904 1.811662 -1.572699 
1905 1.789940 -1.570910 
1906 1.768374 -1.568991 
1907 1.746964 -1.566942 
1908 1.725711 -1.564763 
1909 1.704615 -1.562456 
1910 1.683678 -1.560019 
1911 1.662898 -1.557453 
1912 1.642278 -1.554759 
1913 1.621818 -1.551936 
1914 1.601517 -1.548985 
1915 1.581377 -1.545906 
1916 1.561397 -1.542699 
1917 1.541578 -1.539364 
1918 1.521921 -1.535903 
1919 1.502425 -1.532314 
1920 1.483091 -1.528599 
1921 1.463919 -1.524757 
1922 1.444909 -1.520790 
1923 1.426061 -1.516697 
1924 1.407376 -1.512478 
1925 1.388853 -1.508134 
1926 1.370492 -1.503666 
1927 1.352294 -1.499074 
1928 1.334259 -1.494357 
1929 1.316386 -1.489517 
1930 1.298675 -1.484554 
1931 1.281127 -1.479469 
1932 1.263741 -1.474261 
1933 1.246517 -1.468931 
1934 1.229454 -1.463480 
1935 1.212554 -1.457908 
1936 1.195814 -1.452215 
1937 1.179236 -1.446402 
1938 1.162819 -1.440470 
1939 1.146562 -1.434419 
1940 1.130465 -1.428249 
1941 1.114528 -1.421962 
1942 1.098751 -1.415556 
1943 1.083133 -1.409034 
1944 1.067674 -1.402395 
1945 1.052372 -1.395641 
1946 1.037229 -1.388771 
1947 1.022243 -1.381786 
1948 1.007413 -1.374687 
1949 0.992740 -1.367474 
1950 0.978222 -1.360149 
1951 0.963860 -1.352711 
1952 0.949652 -1.345161 
1953 0.935598 -1.337500 
1954 0.921697 -1.329728 
1955 0.907949 -1.321847 
1956 0.894353 -1.313856 
1957 0.880909 -1.305757 
1958 0.867615 -1.297550 
1959 0.854470 -1.289236 
1960 0.841476 -1.280815 
1961 0.828629 -1.272288 
1962 0.815930 -1.263656 
1963 0.803379 -1.254920 
1964 0.790973 -1.246080 
1965 0.778713 -1.237137 
1966 0.766597 -1.228092 
1967 0.754625 -1.218945 
1968 0.742796 -1.209697 
1969 0.731109 -1.200350 
1970 0.719563 -1.190903 
1971 0.708158 -1.181358 
1972 0.696892 -1.171715 
1973 0.685764 -1.161976 
1974 0.674774 -1.152140 
1975 0.663921 -1.142209 
1976 0.653204 -1.132184 
1977 0.642621 -1.122065 
1978 0.632173 -1.111854 
1979 0.621857 -1.101550 
1980 0.611674 -1.091156 
1981 0.601621 -1.080671 
1982 0.591699 -1.070097 
1983 0.581906 -1.059435 
1984 0.572241 -1.048685 
1985 0.562703 -1.037849 
1986 0.553291 -1.026926 
1987 0.544004 -1.015919 
1988 0.534842 -1.004828 
1989 0.525802 -0.993654 
1990 0.516885 -0.982397 
1991 0.508089 -0.971060 
1992 0.499413 -0.959642 
1993 0.490856 -0.948145 
1994 0.482416 -0.936569 
1995 0.474094 -0.924916 
1996 0.465888 -0.913187 
1997 0.457797 -0.901382 
1998 0.449819 -0.889503 
1999 0.441954 -0.877550 
2000 0.434201 -0.865525 
2001 0.426559 -0.853428 
2002 0.419026 -0.841261 
2003 0.411602 -0.829024 
2004 0.404286 -0.816718 
2005 0.397076 -0.804346 
2006 0.389971 -0.791906 
2007 0.382971 -0.779401 
2008 0.376074 -0.766832 
2009 0.369280 -0.754200 
2010 0.362586 -0.741505 
2011 0.355993 -0.728748 
2012 0.349499 -0.715932 
2013 0.343103 -0.703056 
2014 0.336805 -0.690123 
2015 0.330602 -0.677132 
2016 0.324494 -0.664085 
2017 0.318480 -0.650984 
2018 0.312559 -0.637828 
2019 0.306730 -0.624620 
2020 0.300992 -0.611360 
2021 0.295343 -0.598050 
2022 0.289784 -0.584690 
2023 0.284312 -0.571282 
2024 0.278927 -0.557827 
2025 0.273628 -0.544326 
2026 0.268413 -0.530780 
2027 0.263282 -0.517189 
2028 0.258234 -0.503557 
2029 0.253268 -0.489882 
2030 0.248382 -0.476167 
2031 0.243577 -0.462413 
2032 0.238850 -0.448620 
2033 0.234201 -0.434790 
2034 0.229628 -0.420925 
2035 0.225132 -0.407024 
2036 0.220711 -0.393090 
2037 0.216363 -0.379124 
2038 0.212089 -0.365126 
2039 0.207887 -0.351098 
2040 0.203756 -0.337041 
2041 0.199695 -0.322956 
2042 0.195703 -0.308845 
2043 0.191780 -0.294708 
2044 0.187925 -0.280546 
2045 0.184136 -0.266361 
2046 0.180412 -0.252155 
2047 0.176754 -0.237927 
2048 0.173159 -0.223680 
2049 0.169627 -0.209415 
2050 0.166158 -0.195132 
2051 0.162750 -0.180833 
2052 0.159402 -0.166519 
2053 0.156114 -0.152191 
2054 0.152885 -0.137850 
2055 0.149713 -0.123499 
2056 0.146599 -0.109137 
2057 0.143541 -0.094766 
2058 0.140538 -0.080387 
2059 0.137590 -0.066002 
2060 0.134696 -0.051611 
2061 0.131855 -0.037215 
2062 0.129066 -0.022817 
2063 0.126329 -0.008417 
2064 0.123642 0.005984 
2065 0.121006 0.020384 
2066 0.118418 0.034783 
2067 0.115879 0.049178 
2068 0.113388 0.063570 
2069 0.110943 0.077957 
2070 0.108545 0.092337 
2071 0.106193 0.106709 
2072 0.103885 0.121073 
2073 0.101621 0.135426 
2074 0.099401 0.149768 
2075 0.097224 0.164098 
2076 0.095088 0.178415 
2077 0.092994 0.192717 
2078 0.090941 0.207002 
2079 0.088928 0.221271 
2080 0.086954 0.235521 
2081 0.085019 0.249752 
2082 0.083122 0.263962 
2083 0.081263 0.278151 
2084 0.079440 0.292316 
2085 0.077654 0.306458 
2086 0.075903 0.320574 
2087 0.074188 0.334663 
2088 0.072506 0.348725 
2089 0.070859 0.362758 
2090 0.069245 0.376761 
2091 0.067664 0.390733 
2092 0.066115 0.404672 
2093 0.064598 0.418578 
2094 0.063112 0.432450 
2095 0.061656 0.446286 
2096 0.060230 0.460085 
2097 0.058834 0.473846 
2098 0.057466 0.487567 
2099 0.056128 0.501249 
2100 0.054817 0.514889 
2101 0.053533 0.528486 
2102 0.052277 0.542040 
2103 0.051047 0.555549 
2104 0.049843 0.569012 
2105 0.048664 0.582428 
2106 0.047510 0.595796 
2107 0.046382 0.609115 
2108 0.045277 0.622383 
2109 0.044196 0.635600 
2110 0.043138 0.648764 
2111 0.042103 0.661875 
2112 0.041090 0.674931 
2113 0.040099 0.687931 
2114 0.039130 0.700875 
2115 0.038182 0.713760 
2116 0.037255 0.726587 
2117 0.036348 0.739353 
2118 0.035461 0.752059 
2119 0.034594 0.764702 
2120 0.033746 0.777282 
2121 0.032917 0.789798 
2122 0.032106 0.802248 
2123 0.031313 0.814632 
2124 0.030539 0.826949 
2125 0.029781 0.839198 
2126 0.029041 0.851377 
2127 0.028317 0.863486 
2128 0.027610 0.875523 
2129 0.026918 0.887488 
2130 0.026243 0.899380 
2131 0.025583 0.911198 
2132 0.024938 0.922940 
2133 0.024308 0.934606 
2134 0.023692 0.946194 
2135 0.023091 0.957705 
2136 0.022503 0.969136 
2137 0.021930 0.980487 
2138 0.021369 0.991757 
2139 0.020822 1.002945 
2140 0.020287 1.014051 
2141 0.019765 1.025072 
2142 0.019255 1.036009 
2143 0.018758 1.046860 
2144 0.018272 1.057625 
2145 0.017798 1.068302 
2146 0.017334 1.078891 
2147 0.016882 1.089391 
2148 0.016441 1.099800 
2149 0.016011 1.110119 
2150 0.015590 1.120346 
2151 0.015180 1.130481 
2152 0.014780 1.140522 
2153 0.014389 1.150469 
2154 0.014008 1.160320 
2155 0.013636 1.170076 
2156 0.013274 1.179735 
2157 0.012920 1.189297 
2158 0.012575 1.198760 
2159 0.012238 1.208125 
2160 0.011910 1.217389 
2161 0.011590 1.226553 
2162 0.011277 1.235616 
2163 0.010973 1.244576 
2164 0.010676 1.253433 
2165 0.010386 1.262187 
2166 0.010104 1.270837 
2167 0.009829 1.279381 
2168 0.009561 1.287820 
2169 0.009299 1.296153 
2170 0.009044 1.304378 
2171 0.008796 1.312495 
2172 0.008554 1.320504 
2173 0.008318 1.328404 
2174 0.008088 1.336194 
2175 0.007864 1.343874 
2176 0.007646 1.351443 
2177 0.007433 1.358900 
2178 0.007226 1.366244 
2179 0.007024 1.373476 
2180 0.006828 1.380594 
2181 0.006636 1.387598 
2182 0.006450 1.394488 
2183 0.006268 1.401262 
2184 0.006091 1.407920 
2185 0.005919 1.414462 
2186 0.005751 1.420887 
2187 0.005588 1.427195 
2188 0.005429 1.433385 
2189 0.005274 1.439456 
2190 0.005124 1.445408 
2191 0.004977 1.451241 
2192 0.004834 1.456954 
2193 0.004695 1.462547 
2194 0.004560 1.468018 
2195 0.004429 1.473369 
2196 0.004301 1.478597 
2197 0.004176 1.483704 
2198 0.004055 1.488687 
2199 0.003937 1.493548 
2200 0.003822 1.498285 
2201 0.003711 1.502899 
2202 0.003602 1.507388 
2203 0.003497 1.511753 
2204 0.003394 1.515992 
2205 0.003294 1.520107 
2206 0.003197 1.524096 
2207 0.003102 1.527959 
2208 0.003011 1.531695 
2209 0.002921 1.535305 
2210 0.002835 1.538788 
2211 0.002750 1.542144 
2212 0.002668 1.545373 
2213 0.002588 1.548474 
2214 0.002511 1.551446 
2215 0.002436 1.554291 
2216 0.002362 1.557007 
2217 0.002291 1.559595 
2218 0.002222 1.562053 
2219 0.002155 1.564383 
2220 0.002090 1.566583 
2221 0.002026 1.568653 
2222 0.001965 1.570595 
2223 0.001905 1.572406 
2224 0.001847 1.574087 
2225 0.001790 1.575638 
2226 0.001735 1.577059 
2227 0.001682 1.578350 
2228 0.001630 1.579510 
2229 0.001580 1.580540 
2230 0.001531 1.581439 
2231 0.001484 1.582207 
2232 0.001438 1.582845 
2233 0.001393 1.583352 
2234 0.001350 1.583728 
2235 0.001308 1.583973 
2236 0.001267 1.584087 
2237 0.001228 1.584070 
2238 0.001189 1.583923 
2239 0.001152 1.583644 
2240 0.001116 1.583235 
2241 0.001080 1.582694 
2242 0.001046 1.582023 
2243 0.001013 1.581222 
2244 0.000981 1.580289 
2245 0.000950 1.579226 
2246 0.000920 1.578032 
2247 0.000891 1.576708 
2248 0.000862 1.575254 
2249 0.000835 1.573669 
2250 0.000808 1.571955 
2251 0.000782 1.570110 
2252 0.000757 1.568136 
2253 0.000732 1.566032 
2254 0.000709 1.563799 
2255 0.000686 1.561436 
2256 0.000664 1.558945 
2257 0.000642 1.556324 
2258 0.000621 1.553575 
2259 0.000601 1.550698 
2260 0.000582 1.547692 
2261 0.000563 1.544559 
2262 0.000544 1.541298 
2263 0.000526 1.537909 
2264 0.000509 1.534394 
2265 0.000492 1.530751 
2266 0.000476 1.526982 
2267 0.000460 1.523087 
2268 0.000445 1.519066 
2269 0.000430 1.514920 
2270 0.000416 1.510648 
2271 0.000402 1.506251 
2272 0.000389 1.501730 
2273 0.000376 1.497085 
2274 0.000363 1.492316 
2275 0.000351 1.487424 
2276 0.000339 1.482409 
2277 0.000328 1.477271 
2278 0.000317 1.472012 
2279 0.000306 1.466630 
2280 0.000296 1.461128 
2281 0.000286 1.455504 
2282 0.000276 1.449760 
2283 0.000267 1.443897 
2284 0.000258 1.437914 
2285 0.000249 1.431813 
2286 0.000241 1.425593 
2287 0.000232 1.419255 
2288 0.000224 1.412800 
2289 0.000217 1.406228 
2290 0.000209 1.399540 
2291 0.000202 1.392736 
2292 0.000195 1.385817 
2293 0.000188 1.378784 
2294 0.000182 1.371637 
2295 0.000176 1.364376 
2296 0.000170 1.357003 
2297 0.000164 1.349517 
2298 0.000158 1.341920 
2299 0.000152 1.334212 
2300 0.000147 1.326394 
2301 0.000142 1.318466 
2302 0.000137 1.310429 
2303 0.000132 1.302284 
2304 0.000128 1.294031 
2305 0.000123 1.285671 
2306 0.000119 1.277206 
2307 0.000115 1.268634 
2308 0.000111 1.259958 
2309 0.000107 1.251177 
2310 0.000103 1.242293 
2311 0.000099 1.233307 
2312 0.000096 1.224218 
2313 0.000092 1.215029 
2314 0.000089 1.205739 
2315 0.000086 1.196349 
2316 0.000083 1.186860 
2317 0.000080 1.177274 
2318 0.000077 1.167590 
2319 0.000074 1.157809 
2320 0.000071 1.147933 
2321 0.000069 1.137962 
2322 0.000066 1.127897 
2323 0.000064 1.117739 
2324 0.000062 1.107488 
2325 0.000059 1.097146 
2326 0.000057 1.086713 
2327 0.000055 1.076190 
2328 0.000053 1.065579 
2329 0.000051 1.054879 
2330 0.000049 1.044092 
2331 0.000048 1.033219 
2332 0.000046 1.022261 
2333 0.000044 1.011218 
2334 0.000042 1.000091 
2335 0.000041 0.988882 
2336 0.000039 0.977591 
2337 0.000038 0.966219 
2338 0.000037 0.954767 
2339 0.000035 0.943237 
2340 0.000034 0.931628 
2341 0.000033 0.919943 
2342 0.000031 0.908181 
2343 0.000030 0.896345 
2344 0.000029 0.884434 
2345 0.000028 0.872451 
2346 0.000027 0.860395 
2347 0.000026 0.848268 
2348 0.000025 0.836071 
2349 0.000024 0.823805 
2350 0.000023 0.811471 
2351 0.000022 0.799069 
2352 0.000021 0.786602 
2353 0.000021 0.774070 
2354 0.000020 0.761473 
2355 0.000019 0.748814 
2356 0.000018 0.736093 
2357 0.000018 0.723311 
2358 0.000017 0.710469 
2359 0.000016 0.697569 
2360 0.000016 0.684611 
2361 0.000015 0.671596 
2362 0.000014 0.658526 
2363 0.000014 0.645402 
2364 0.000013 0.632224 
2365 0.000013 0.618993 
2366 0.000012 0.605712 
2367 0.000012 0.592381 
2368 0.000011 0.579000 
2369 0.000011 0.565572 
2370 0.000011 0.552097 
2371 0.000010 0.538577 
2372 0.000010 0.525012 
2373 0.000009 0.511403 
2374 0.000009 0.497753 
2375 0.000009 0.484061 
2376 0.000008 0.470329 
2377 0.000008 0.456558 
2378 0.000008 0.442750 
2379 0.000007 0.428905 
2380 0.000007 0.415024 
2381 0.000007 0.401109 
2382 0.000007 0.387161 
2383 0.000006 0.373181 
2384 0.000006 0.359171 
2385 0.000006 0.345130 
2386 0.000006 0.331061 
2387 0.000005 0.316965 
2388 0.000005 0.302842 
2389 0.000005 0.288695 
2390 0.000005 0.274523 
2391 0.000005 0.260329 
2392 0.000004 0.246113 
2393 0.000004 0.231877 
2394 0.000004 0.217622 
2395 0.000004 0.203349 
2396 0.000004 0.189059 
2397 0.000004 0.174754 
2398 0.000003 0.160434 
2399 0.000003 0.146100 
2400 0.000003 0.131755 
2401 0.000003 0.117399 
2402 0.000003 0.103033 
2403 0.000003 0.088658 
2404 0.000003 0.074277 
2405 0.000003 0.059889 
2406 0.000002 0.045496 
2407 0.000002 0.031099 
2408 0.000002 0.016700 
2409 0.000002 0.002300 
2410 0.000002 -0.012101 
2411 0.000002 -0.026501 
2412 0.000002 -0.040899 
2413 0.000002 -0.055293 
2414 0.000002 -0.069682 
2415 0.000002 -0.084066 
2416 0.000002 -0.098443 
2417 0.000002 -0.112812 
2418 0.000001 -0.127171 
2419 0.000001 -0.141520 
2420 0.000001 -0.155858 
2421 0.000001 -0.170182 
2422 0.000001 -0.184492 
2423 0.000001 -0.198787 
2424 0.000001 -0.213066 
2425 0.000001 -0.227327 
2426 0.000001 -0.241569 
2427 0.000001 -0.255791 
2428 0.000001 -0.269992 
2429 0.000001 -0.284171 
2430 0.000001 -0.298327 
2431 0.000001 -0.312457 
2432 0.000001 -0.326562 
2433 0.000001 -0.340640 
2434 0.000001 -0.354690 
2435 0.000001 -0.368710 
2436 0.000001 -0.382700 
2437 0.000001 -0.396658 
2438 0.000001 -0.410584 
2439 0.000001 -0.424475 
2440 0.000001 -0.438332 
2441 0.000001 -0.452152 
2442 0.000001 -0.465935 
2443 0.000000 -0.479680 
2444 0.000000 -0.493384 
2445 0.000000 -0.507048 
2446 0.000000 -0.520670 
2447 0.000000 -0.534249 
2448 0.000000 -0.547784 
2449 0.000000 -0.561274 
2450 0.000000 -0.574717 
2451 0.000000 -0.588113 
2452 0.000000 -0.601460 
2453 0.000000 -0.614757 
2454 0.000000 -0.628004 
2455 0.000000 -0.641199 
2456 0.000000 -0.654341 
2457 0.000000 -0.667428 
2458 0.000000 -0.680461 
2459 0.000000 -0.693437 
2460 0.000000 -0.706356 
2461 0.000000 -0.719216 
2462 0.000000 -0.732018 
2463 0.000000 -0.744758 
2464 0.000000 -0.757437 
2465 0.000000 -0.770054 
2466 0.000000 -0.782607 
2467 0.000000 -0.795095 
2468 0.000000 -0.807517 
2469 0.000000 -0.819873 
2470 0.000000 -0.832161 
2471 0.000000 -0.844380 
2472 0.000000 -0.856530 
2473 0.000000 -0.868608 
2474 0.000000 -0.880615 
2475 0.000000 -0.892549 
2476 0.000000 -0.904409 
2477 0.000000 -0.916195 
2478 0.000000 -0.927905 
2479 0.000000 -0.939538 
2480 0.000000 -0.951094 
2481 0.000000 -0.962570 
2482 0.000000 -0.973968 
2483 0.000000 -0.985285 
2484 0.000000 -0.996520 
2485 0.000000 -1.007673 
2486 0.000000 -1.018743 
2487 0.000000 -1.029729 
2488 0.000000 -1.040629 
2489 0.000000 -1.051444 
2490 0.000000 -1.062171 
2491 0.000000 -1.072811 
2492 0.000000 -1.083362 
2493 0.000000 -1.093824 
2494 0.000000 -1.104195 
2495 0.000000 -1.114475 
2496 0.000000 -1.124663 
2497 0.000000 -1.134758 
2498 0.000000 -1.144759 
2499 0.000000 -1.154665 
2500 0.000000 -1.164477 
2501 0.000000 -1.174191 
2502 0.000000 -1.183809 
2503 0.000000 -1.193329 
2504 0.000000 -1.202751 
2505 0.000000 -1.212073 
2506 0.000000 -1.221294 
2507 0.000000 -1.230415 
2508 0.000000 -1.239434 
2509 0.000000 -1.248351 
2510 0.000000 -1.257165 
2511 0.000000 -1.265874 
2512 0.000000 -1.274480 
2513 0.000000 -1.282979 
2514 0.000000 -1.291373 
2515 0.000000 -1.299660 
2516 0.000000 -1.307840 
2517 0.000000 -1.315911 
2518 0.000000 -1.323874 
2519 0.000000 -1.331727 
2520 0.000000 -1.339470 
2521 0.000000 -1.347103 
2522 0.000000 -1.354624 
2523 0.000000 -1.362034 
2524 0.000000 -1.369330 
2525 0.000000 -1.376514 
2526 0.000000 -1.383584 
2527 0.000000 -1.390539 
2528 0.000000 -1.397380 
2529 0.000000 -1.404105 
2530 0.000000 -1.410714 
2531 0.000000 -1.417206 
2532 0.000000 -1.423581 
2533 0.000000 -1.429839 
2534 0.000000 -1.435978 
2535 0.000000 -1.441999 
2536 0.000000 -1.447901 
2537 0.000000 -1.453683 
2538 0.000000 -1.459345 
2539 0.000000 -1.464886 
2540 0.000000 -1.470306 
2541 0.000000 -1.475605 
2542 0.000000 -1.480781 
2543 0.000000 -1.485836 
2544 0.000000 -1.490767 
2545 0.000000 -1.495576 
2546 0.000000 -1.500260 
2547 0.000000 -1.504821 
2548 0.000000 -1.509257 
2549 0.000000 -1.513569 
2550 0.000000 -1.517756 
2551 0.000000 -1.521817 
2552 0.000000 -1.525752 
2553 0.000000 -1.529561 
2554 0.000000 -1.533244 
2555 0.000000 -1.536800 
2556 0.000000 -1.540229 
2557 0.000000 -1.543531 
2558 0.000000 -1.546706 
2559 0.000000 -1.549752 
2560 0.000000 -1.552670 
2561 0.000000 -1.555460 
2562 0.000000 -1.558122 
2563 0.000000 -1.560655 
2564 0.000000 -1.563058 
2565 0.000000 -1.565333 
2566 0.000000 -1.567478 
2567 0.000000 -1.569494 
2568 0.000000 -1.571380 
2569 0.000000 -1.573136 
2570 0.000000 -1.574762 
2571 0.000000 -1.576258 
2572 0.000000 -1.577624 
2573 0.000000 -1.578859 
2574 0.000000 -1.579964 
2575 0.000000 -1.580938 
2576 0.000000 -1.581781 
2577 0.000000 -1.582494 
2578 0.000000 -1.583076 
2579 0.000000 -1.583528 
2580 0.000000 -1.583848 
2581 0.000000 -1.584037 
2582 0.000000 -1.584096 
2583 0.000000 -1.584024 
2584 0.000000 -1.583820 
2585 0.000000 -1.583486 
2586 0.000000 -1.583021 
2587 0.000000 -1.582425 
2588 0.000000 -1.581699 
2589 0.000000 -1.580841 
2590 0.000000 -1.579853 
2591 0.000000 -1.578735 
2592 0.000000 -1.577486 
2593 0.000000 -1.576106 
2594 0.000000 -1.574597 
2595 0.000000 -1.572957 
2596 0.000000 -1.571187 
2597 0.000000 -1.569287 
2598 0.000000 -1.567258 
2599 0.000000 -1.565099 
2600 0.000000 -1.562811 
2601 0.000000 -1.560394 
2602 0.000000 -1.557847 
2603 0.000000 -1.555172 
2604 0.000000 -1.552369 
2605 0.000000 -1.549437 
2606 0.000000 -1.546377 
2607 0.000000 -1.543189 
2608 0.000000 -1.539874 
2609 0.000000 -1.536431 
2610 0.000000 -1.532862 
2611 0.000000 -1.529166 
2612 0.000000 -1.525343 
2613 0.000000 -1.521394 
2614 0.000000 -1.517320 
2615 0.000000 -1.513120 
2616 0.000000 -1.508796 
2617 0.000000 -1.504346 
2618 0.000000 -1.499772 
2619 0.000000 -1.495074 
2620 0.000000 -1.490253 
2621 0.000000 -1.485309 
2622 0.000000 -1.480241 
2623 0.000000 -1.475052 
2624 0.000000 -1.469740 
2625 0.000000 -1.464307 
2626 0.000000 -1.458753 
2627 0.000000 -1.453079 
2628 0.000000 -1.447284 
2629 0.000000 -1.441370 
2630 0.000000 -1.435337 
2631 0.000000 -1.429185 
2632 0.000000 -1.422915 
2633 0.000000 -1.416527 
2634 0.000000 -1.410022 
2635 0.000000 -1.403401 
2636 0.000000 -1.396664 
2637 0.000000 -1.389811 
2638 0.000000 -1.382844 
2639 0.000000 -1.375762 
2640 0.000000 -1.368566 
2641 0.000000 -1.361258 
2642 0.000000 -1.353836 
2643 0.000000 -1.346303 
2644 0.000000 -1.338659 
2645 0.000000 -1.330904 
2646 0.000000 -1.323039 
2647 0.000000 -1.315065 
2648 0.000000 -1.306982 
2649 0.000000 -1.298791 
2650 0.000000 -1.290493 
2651 0.000000 -1.282088 
2652 0.000000 -1.273577 
2653 0.000000 -1.264961 
2654 0.000000 -1.256240 
2655 0.000000 -1.247416 
2656 0.000000 -1.238488 
2657 0.000000 -1.229458 
2658 0.000000 -1.220327 
2659 0.000000 -1.211094 
2660 0.000000 -1.201762 
2661 0.000000 -1.192330 
2662 0.000000 -1.182800 
2663 0.000000 -1.173172 
2664 0.000000 -1.163447 
2665 0.000000 -1.153625 
2666 0.000000 -1.143709 
2667 0.000000 -1.133698 
2668 0.000000 -1.123593 
2669 0.000000 -1.113395 
2670 0.000000 -1.103106 
2671 0.000000 -1.092725 
2672 0.000000 -1.082254 
2673 0.000000 -1.071693 
2674 0.000000 -1.061044 
2675 0.000000 -1.050307 
2676 0.000000 -1.039484 
2677 0.000000 -1.028574 
2678 0.000000 -1.017580 
2679 0.000000 -1.006501 
2680 0.000000 -0.995339 
2681 0.000000 -0.984095 
2682 0.000000 -0.972770 
2683 0.000000 -0.961364 
2684 0.000000 -0.949879 
2685 0.000000 -0.938315 
2686 0.000000 -0.926674 
2687 0.000000 -0.914956 
2688 0.000000 -0.903162 
2689 0.000000 -0.891294 
2690 0.000000 -0.879352 
2691 0.000000 -0.867338 
2692 0.000000 -0.855252 
2693 0.000000 -0.843095 
2694 0.000000 -0.830869 
2695 0.000000 -0.818573 
2696 0.000000 -0.806211 
2697 0.000000 -0.793781 
2698 0.000000 -0.781286 
2699 0.000000 -0.768726 
2700 0.000000 -0.756103 
2701 0.000000 -0.743418 
2702 0.000000 -0.730671 
2703 0.000000 -0.717863 
2704 0.000000 -0.704996 
2705 0.000000 -0.692071 
2706 0.000000 -0.679089 
2707 0.000000 -0.666051 
2708 0.000000 -0.652957 
2709 0.000000 -0.639810 
2710 0.000000 -0.626610 
2711 0.000000 -0.613358 
2712 0.000000 -0.600055 
2713 0.000000 -0.586703 
2714 0.000000 -0.573302 
2715 0.000000 -0.559854 
2716 0.000000 -0.546359 
2717 0.000000 -0.532820 
2718 0.000000 -0.519236 
2719 0.000000 -0.505609 
2720 0.000000 -0.491941 
2721 0.000000 -0.478232 
2722 0.000000 -0.464484 
2723 0.000000 -0.450697 
2724 0.000000 -0.436873 
2725 0.000000 -0.423012 
2726 0.000000 -0.409117 
2727 0.000000 -0.395188 
2728 0.000000 -0.381226 
2729 0.000000 -0.367233 
2730 0.000000 -0.353210 
2731 0.000000 -0.339157 
2732 0.000000 -0.325076 
2733 0.000000 -0.310968 
2734 0.000000 -0.296835 
2735 0.000000 -0.282677 
2736 0.000000 -0.268496 
2737 0.000000 -0.254293 
2738 0.000000 -0.240068 
2739 0.000000 -0.225824 
2740 0.000000 -0.211561 
2741 0.000000 -0.197281 
2742 0.000000 -0.182984 
2743 0.000000 -0.168672 
2744 0.000000 -0.154346 
2745 0.000000 -0.140008 
2746 0.000000 -0.125658 
2747 0.000000 -0.111297 
2748 0.000000 -0.096927 
2749 0.000000 -0.082550 
2750 0.000000 -0.068165 
2751 0.000000 -0.053775 
2752 0.000000 -0.039381 
2753 0.000000 -0.024983 
2754 0.000000 -0.010583 
2755 0.000000 0.003818 
2756 0.000000 0.018219 
2757 0.000000 0.032617 
2758 0.000000 0.047014 
2759 0.000000 0.061406 
2760 0.000000 0.075793 
2761 0.000000 0.090175 
2762 0.000000 0.104548 
2763 0.000000 0.118913 
2764 0.000000 0.133268 
2765 0.000000 0.147612 
2766 0.000000 0.161944 
2767 0.000000 0.176263 
2768 0.000000 0.190567 
2769 0.000000 0.204855 
2770 0.000000 0.219126 
2771 0.000000 0.233379 
2772 0.000000 0.247613 
2773 0.000000 0.261827 
2774 0.000000 0.276019 
2775 0.000000 0.290188 
2776 0.000000 0.304333 
2777 0.000000 0.318452 
2778 0.000000 0.332546 
2779 0.000000 0.346612 
2780 0.000000 0.360649 
2781 0.000000 0.374657 
2782 0.000000 0.388634 
2783 0.000000 0.402578 
2784 0.000000 0.416489 
2785 0.000000 0.430366 
2786 0.000000 0.444207 
2787 0.000000 0.458012 
2788 0.000000 0.471779 
2789 0.000000 0.485506 
2790 0.000000 0.499194 
2791 0.000000 0.512840 
2792 0.000000 0.526444 
2793 0.000000 0.540005 
2794 0.000000 0.553520 
2795 0.000000 0.566990 
2796 0.000000 0.580414 
2797 0.000000 0.593789 
2798 0.000000 0.607115 
2799 0.000000 0.620391 
2800 0.000000 0.633616 
2801 0.000000 0.646788 
2802 0.000000 0.659907 
2803 0.000000 0.672971 
2804 0.000000 0.685980 
2805 0.000000 0.698932 
2806 0.000000 0.711826 
2807 0.000000 0.724662 
2808 0.000000 0.737437 
2809 0.000000 0.750152 
2810 0.000000 0.762805 
2811 0.000000 0.775394 
2812 0.000000 0.787920 
2813 0.000000 0.800380 
2814 0.000000 0.812774 
2815 0.000000 0.825101 
2816 0.000000 0.837360 
2817 0.000000 0.849550 
2818 0.000000 0.861669 
2819 0.000000 0.873718 
2820 0.000000 0.885694 
2821 0.000000 0.897597 
2822 0.000000 0.909425 
2823 0.000000 0.921179 
2824 0.000000 0.932856 
2825 0.000000 0.944456 
2826 0.000000 0.955979 
2827 0.000000 0.967422 
2828 0.000000 0.978785 
2829 0.000000 0.990068 
2830 0.000000 1.001268 
2831 0.000000 1.012386 
2832 0.000000 1.023420 
2833 0.000000 1.034370 
2834 0.000000 1.045234 
2835 0.000000 1.056011 
2836 0.000000 1.066702 
2837 0.000000 1.077304 
2838 0.000000 1.087817 
2839 0.000000 1.098241 
2840 0.000000 1.108573 
2841 0.000000 1.118814 
2842 0.000000 1.128963 
2843 0.000000 1.139018 
2844 0.000000 1.148979 
2845 0.000000 1.158845 
2846 0.000000 1.168615 
2847 0.000000 1.178289 
2848 0.000000 1.187865 
2849 0.000000 1.197344 
2850 0.000000 1.206723 
2851 0.000000 1.216002 
2852 0.000000 1.225181 
2853 0.000000 1.234259 
2854 0.000000 1.243235 
2855 0.000000 1.252108 
2856 0.000000 1.260877 
2857 0.000000 1.269543 
2858 0.000000 1.278103 
2859 0.000000 1.286558 
2860 0.000000 1.294906 
2861 0.000000 1.303148 
2862 0.000000 1.311282 
2863 0.000000 1.319307 
2864 0.000000 1.327223 
2865 0.000000 1.335030 
2866 0.000000 1.342726 
2867 0.000000 1.350312 
2868 0.000000 1.357785 
2869 0.000000 1.365147 
2870 0.000000 1.372396 
2871 0.000000 1.379531 
2872 0.000000 1.386552 
2873 0.000000 1.393459 
2874 0.000000 1.400251 
2875 0.000000 1.406926 
2876 0.000000 1.413486 
2877 0.000000 1.419929 
2878 0.000000 1.426254 
2879 0.000000 1.432462 
2880 0.000000 1.438551 
2881 0.000000 1.444521 
2882 0.000000 1.450372 
2883 0.000000 1.456103 
2884 0.000000 1.461713 
2885 0.000000 1.467203 
2886 0.000000 1.472572 
2887 0.000000 1.477819 
2888 0.000000 1.482944 
2889 0.000000 1.487946 
2890 0.000000 1.492825 
2891 0.000000 1.497581 
2892 0.000000 1.502213 
2893 0.000000 1.506721 
2894 0.000000 1.511104 
2895 0.000000 1.515363 
2896 0.000000 1.519496 
2897 0.000000 1.523504 
2898 0.000000 1.527386 
2899 0.000000 1.531141 
2900 0.000000 1.534770 
2901 0.000000 1.538273 
2902 0.000000 1.541648 
2903 0.000000 1.544895 
2904 0.000000 1.548015 
2905 0.000000 1.551007 
2906 0.000000 1.553871 
2907 0.000000 1.556607 
2908 0.000000 1.559214 
2909 0.000000 1.561692 
2910 0.000000 1.564040 
2911 0.000000 1.566260 
2912 0.000000 1.568350 
2913 0.000000 1.570311 
2914 0.000000 1.572142 
2915 0.000000 1.573843 
2916 0.000000 1.575413 
2917 0.000000 1.576854 
2918 0.000000 1.578164 
2919 0.000000 1.579344 
2920 0.000000 1.580394 
2921 0.000000 1.581312 
2922 0.000000 1.582100 
2923 0.000000 1.582758 
2924 0.000000 1.583284 
2925 0.000000 1.583680 
2926 0.000000 1.583944 
2927 0.000000 1.584078 
2928 0.000000 1.584081 
2929 0.000000 1.583953 
2930 0.000000 1.583694 
2931 0.000000 1.583305 
2932 0.000000 1.582784 
2933 0.000000 1.582133 
2934 0.000000 1.581350 
2935 0.000000 1.580438 
2936 0.000000 1.579394 
2937 0.000000 1.578220 
2938 0.000000 1.576916 
2939 0.000000 1.575481 
2940 0.000000 1.573916 
2941 0.000000 1.572221 
2942 0.000000 1.570396 
2943 0.000000 1.568441 
2944 0.000000 1.566357 
2945 0.000000 1.564143 
2946 0.000000 1.561800 
2947 0.000000 1.559328 
2948 0.000000 1.556727 
2949 0.000000 1.553997 
2950 0.000000 1.551139 
2951 0.000000 1.548153 
2952 0.000000 1.545038 
2953 0.000000 1.541796 
2954 0.000000 1.538427 
2955 0.000000 1.534931 
2956 0.000000 1.531307 
2957 0.000000 1.527557 
2958 0.000000 1.523681 
2959 0.000001 1.519679 
2960 0.000001 1.515551 
2961 0.000001 1.511298 
2962 0.000001 1.506921 
2963 0.000001 1.502418 
2964 0.000001 1.497792 
2965 0.000001 1.493041 
2966 0.000001 1.488168 
2967 0.000001 1.483171 
2968 0.000001 1.478052 
2969 0.000001 1.472810 
2970 0.000001 1.467447 
2971 0.000001 1.461963 
2972 0.000001 1.456358 
2973 0.000001 1.450632 
2974 0.000001 1.444786 
2975 0.000001 1.438822 
2976 0.000001 1.432738 
2977 0.000001 1.426536 
2978 0.000001 1.420215 
2979 0.000001 1.413778 
2980 0.000001 1.407224 
2981 0.000001 1.400553 
2982 0.000001 1.393767 
2983 0.000001 1.386865 
2984 0.000002 1.379849 
2985 0.000002 1.372719 
2986 0.000002 1.365475 
2987 0.000002 1.358119 
2988 0.000002 1.350650 
2989 0.000002 1.343070 
2990 0.000002 1.335378 
2991 0.000002 1.327577 
2992 0.000002 1.319665 
2993 0.000002 1.311645 
2994 0.000002 1.303516 
2995 0.000002 1.295279 
2996 0.000003 1.286935 
2997 0.000003 1.278485 
2998 0.000003 1.269930 
2999 0.000003 1.261269 
3000 0.000003 1.252504 
3001 0.000003 1.243636 
3002 0.000003 1.234665 
3003 0.000003 1.225592 
3004 0.000003 1.216417 
3005 0.000004 1.207142 
3006 0.000004 1.197767 
3007 0.000004 1.188293 
3008 0.000004 1.178721 
3009 0.000004 1.169052 
3010 0.000004 1.159286 
3011 0.000005 1.149424 
3012 0.000005 1.139467 
3013 0.000005 1.129417 
3014 0.000005 1.119272 
3015 0.000005 1.109035 
3016 0.000006 1.098707 
3017 0.000006 1.088288 
3018 0.000006 1.077778 
3019 0.000006 1.067180 
3020 0.000007 1.056494 
3021 0.000007 1.045720 
3022 0.000007 1.034860 
3023 0.000008 1.023914 
3024 0.000008 1.012884 
3025 0.000008 1.001770 
3026 0.000009 0.990573 
3027 0.000009 0.979294 
3028 0.000009 0.967934 
3029 0.000010 0.956495 
3030 0.000010 0.944976 
3031 0.000010 0.933379 
3032 0.000011 0.921705 
3033 0.000011 0.909955 
3034 0.000012 0.898130 
3035 0.000012 0.886230 
3036 0.000013 0.874258 
3037 0.000013 0.862212 
3038 0.000014 0.850096 
3039 0.000014 0.837910 
3040 0.000015 0.825654 
3041 0.000015 0.813330 
3042 0.000016 0.800939 
3043 0.000017 0.788481 
3044 0.000017 0.775959 
3045 0.000018 0.763372 
3046 0.000019 0.750722 
3047 0.000019 0.738010 
3048 0.000020 0.725238 
3049 0.000021 0.712405 
3050 0.000022 0.699513 
3051 0.000023 0.686564 
3052 0.000024 0.673558 
3053 0.000025 0.660496 
3054 0.000025 0.647379 
3055 0.000026 0.634209 
3056 0.000027 0.620987 
3057 0.000029 0.607714 
3058 0.000030 0.594390 
3059 0.000031 0.581017 
3060 0.000032 0.567596 
3061 0.000033 0.554128 
3062 0.000035 0.540614 
3063 0.000036 0.527056 
3064 0.000037 0.513454 
3065 0.000039 0.499810 
3066 0.000040 0.486124 
3067 0.000042 0.472399 
3068 0.000043 0.458634 
3069 0.000045 0.444832 
3070 0.000047 0.430992 
3071 0.000048 0.417117 
3072 0.000050 0.403208 
3073 0.000052 0.389265 
3074 0.000054 0.375291 
3075 0.000056 0.361285 
3076 0.000058 0.347249 
3077 0.000061 0.333185 
3078 0.000063 0.319093 
3079 0.000065 0.304976 
3080 0.000068 0.290832 
3081 0.000070 0.276665 
3082 0.000073 0.262476 
3083 0.000075 0.248264 
3084 0.000078 0.234032 
3085 0.000081 0.219781 
3086 0.000084 0.205512 
3087 0.000087 0.191226 
3088 0.000090 0.176924 
3089 0.000094 0.162608 
3090 0.000097 0.148279 
3091 0.000101 0.133937 
3092 0.000105 0.119585 
3093 0.000108 0.105223 
3094 0.000112 0.090852 
3095 0.000116 0.076474 
3096 0.000121 0.062090 
3097 0.000125 0.047702 
3098 0.000130 0.033309 
3099 0.000134 0.018915 
3100 0.000139 0.004519 
3101 0.000144 -0.009877 
3102 0.000150 -0.024272 
3103 0.000155 -0.038664 
3104 0.000160 -0.053053 
3105 0.000166 -0.067437 
3106 0.000172 -0.081814 
3107 0.000178 -0.096184 
3108 0.000185 -0.110546 
3109 0.000191 -0.124898 
3110 0.000198 -0.139239 
3111 0.000205 -0.153567 
3112 0.000213 -0.167882 
3113 0.000220 -0.182182 
3114 0.000228 -0.196466 
3115 0.000236 -0.210732 
3116 0.000244 -0.224980 
3117 0.000253 -0.239208 
3118 0.000262 -0.253416 
3119 0.000271 -0.267600 
3120 0.000280 -0.281761 
3121 0.000290 -0.295897 
3122 0.000300 -0.310007 
3123 0.000311 -0.324090 
3124 0.000322 -0.338143 
3125 0.000333 -0.352167 
3126 0.000344 -0.366159 
3127 0.000356 -0.380118 
3128 0.000368 -0.394044 
3129 0.000381 -0.407934 
3130 0.000394 -0.421787 
3131 0.000408 -0.435602 
3132 0.000422 -0.449378 
3133 0.000436 -0.463113 
3134 0.000451 -0.476807 
3135 0.000466 -0.490456 
3136 0.000482 -0.504061 
3137 0.000499 -0.517619 
3138 0.000516 -0.531130 
3139 0.000533 -0.544591 
3140 0.000551 -0.558003 
3141 0.000570 -0.571362 
3142 0.000589 -0.584667 
3143 0.000609 -0.597918 
3144 0.000629 -0.611112 
3145 0.000650 -0.624249 
3146 0.000672 -0.637326 
3147 0.000694 -0.650342 
3148 0.000717 -0.663295 
3149 0.000741 -0.676184 
3150 0.000766 -0.689008 
3151 0.000791 -0.701764 
3152 0.000817 -0.714451 
3153 0.000844 -0.727068 
3154 0.000872 -0.739613 
3155 0.000901 -0.752083 
3156 0.000930 -0.764478 
3157 0.000961 -0.776795 
3158 0.000992 -0.789033 
3159 0.001025 -0.801190 
3160 0.001058 -0.813264 
3161 0.001093 -0.825253 
3162 0.001128 -0.837156 
3163 0.001165 -0.848970 
3164 0.001202 -0.860693 
3165 0.001241 -0.872324 
3166 0.001281 -0.883861 
3167 0.001322 -0.895301 
3168 0.001365 -0.906643 
3169 0.001408 -0.917883 
3170 0.001453 -0.929021 
3171 0.001500 -0.940054 
3172 0.001547 -0.950979 
3173 0.001596 -0.961795 
3174 0.001647 -0.972499 
3175 0.001699 -0.983089 
3176 0.001753 -0.993562 
3177 0.001808 -1.003916 
3178 0.001865 -1.014149 
3179 0.001924 -1.024258 
3180 0.001984 -1.034240 
3181 0.002046 -1.044093 
3182 0.002110 -1.053815 
3183 0.002176 -1.063402 
3184 0.002244 -1.072852 
3185 0.002313 -1.082162 
3186 0.002385 -1.091330 
3187 0.002459 -1.100352 
3188 0.002534 -1.109226 
3189 0.002613 -1.117948 
3190 0.002693 -1.126517 
3191 0.002775 -1.134928 
3192 0.002860 -1.143179 
3193 0.002948 -1.151266 
3194 0.003038 -1.159187 
3195 0.003130 -1.166938 
3196 0.003225 -1.174517 
3197 0.003323 -1.181919 
3198 0.003424 -1.189142 
3199 0.003527 -1.196183 
3200 0.003633 -1.203037 
3201 0.003743 -1.209702 
3202 0.003855 -1.216175 
3203 0.003970 -1.222451 
3204 0.004089 -1.228527 
3205 0.004211 -1.234401 
3206 0.004336 -1.240068 
3207 0.004465 -1.245525 
3208 0.004598 -1.250768 
3209 0.004734 -1.255794 
3210 0.004873 -1.260599 
3211 0.005017 -1.265180 
3212 0.005164 -1.269533 
3213 0.005316 -1.273655 
3214 0.005472 -1.277542 
3215 0.005632 -1.281190 
3216 0.005796 -1.284596 
3217 0.005964 -1.287757 
3218 0.006138 -1.290668 
3219 0.006315 -1.293326 
3220 0.006498 -1.295729 
3221 0.006686 -1.297871 
3222 0.006878 -1.299751 
3223 0.007076 -1.301364 
3224 0.007279 -1.302707 
3225 0.007487 -1.303777 
3226 0.007701 -1.304570 
3227 0.007920 -1.305084 
3228 0.008145 -1.305315 
3229 0.008376 -1.305260 
3230 0.008613 -1.304916 
3231 0.008857 -1.304280 
3232 0.009106 -1.303350 
3233 0.009362 -1.302122 
3234 0.009625 -1.300593 
3235 0.009895 -1.298762 
3236 0.010171 -1.296625 
3237 0.010455 -1.294180 
3238 0.010746 -1.291425 
3239 0.011044 -1.288358 
3240 0.011350 -1.284977 
3241 0.011664 -1.281278 
3242 0.011985 -1.277262 
3243 0.012315 -1.272925 
3244 0.012653 -1.268267 
3245 0.013000 -1.263286 
3246 0.013355 -1.257981 
3247 0.013719 -1.252350 
3248 0.014093 -1.246393 
3249 0.014475 -1.240108 
3250 0.014868 -1.233495 
3251 0.015269 -1.226554 
3252 0.015681 -1.219284 
3253 0.016103 -1.211685 
3254 0.016536 -1.203756 
3255 0.016979 -1.195499 
3256 0.017432 -1.186913 
3257 0.017897 -1.177999 
3258 0.018373 -1.168758 
3259 0.018861 -1.159190 
3260 0.019361 -1.149297 
3261 0.019872 -1.139080 
3262 0.020396 -1.128540 
3263 0.020933 -1.117680 
3264 0.021482 -1.106500 
3265 0.022044 -1.095003 
3266 0.022620 -1.083191 
3267 0.023210 -1.071066 
3268 0.023813 -1.058632 
3269 0.024431 -1.045891 
3270 0.025063 -1.032846 
3271 0.025710 -1.019500 
3272 0.026372 -1.005857 
3273 0.027050 -0.991919 
3274 0.027743 -0.977692 
3275 0.028453 -0.963179 
3276 0.029179 -0.948383 
3277 0.029921 -0.933310 
3278 0.030681 -0.917964 
3279 0.031458 -0.902350 
3280 0.032253 -0.886471 
3281 0.033066 -0.870334 
3282 0.033898 -0.853944 
3283 0.034749 -0.837305 
3284 0.035618 -0.820423 
3285 0.036508 -0.803304 
3286 0.037417 -0.785954 
3287 0.038347 -0.768378 
3288 0.039297 -0.750583 
3289 0.040269 -0.732574 
3290 0.041262 -0.714358 
3291 0.042277 -0.695942 
3292 0.043315 -0.677331 
3293 0.044375 -0.658533 
3294 0.045459 -0.639553 
3295 0.046567 -0.620400 
3296 0.047698 -0.601079 
3297 0.048854 -0.581598 
3298 0.050036 -0.561963 
3299 0.051242 -0.542181 
3300 0.052475 -0.522261 
3301 0.053735 -0.502208 
3302 0.055021 -0.482031 
3303 0.056335 -0.461735 
3304 0.057676 -0.441329 
3305 0.059047 -0.420820 
3306 0.060446 -0.400215 
3307 0.061874 -0.379521 
3308 0.063333 -0.358745 
3309 0.064822 -0.337896 
3310 0.066342 -0.316979 
3311 0.067894 -0.296002 
3312 0.069479 -0.274973 
3313 0.071095 -0.253899 
3314 0.072746 -0.232785 
3315 0.074430 -0.211641 
3316 0.076148 -0.190472 
3317 0.077902 -0.169285 
3318 0.079691 -0.148088 
3319 0.081517 -0.126887 
3320 0.083379 -0.105688 
3321 0.085279 -0.084499 
3322 0.087218 -0.063325 
3323 0.089194 -0.042174 
3324 0.091211 -0.021051 
3325 0.093267 0.000038 
3326 0.095364 0.021085 
3327 0.097503 0.042087 
3328 0.099683 0.063035 
3329 0.101907 0.083926 
3330 0.104173 0.104753 
3331 0.106484 0.125511 
3332 0.108840 0.146195 
3333 0.111241 0.166799 
3334 0.113688 0.187318 
3335 0.116183 0.207748 
3336 0.118725 0.228084 
3337 0.121315 0.248321 
3338 0.123955 0.268454 
3339 0.126645 0.288480 
3340 0.129385 0.308395 
3341 0.132177 0.328193 
3342 0.135021 0.347872 
3343 0.137918 0.367428 
3344 0.140869 0.386857 
3345 0.143875 0.406155 
3346 0.146936 0.425320 
3347 0.150053 0.444349 
3348 0.153228 0.463238 
3349 0.156460 0.481984 
3350 0.159751 0.500585 
3351 0.163102 0.519039 
3352 0.166513 0.537342 
3353 0.169985 0.555493 
3354 0.173519 0.573490 
3355 0.177117 0.591330 
3356 0.180778 0.609012 
3357 0.184504 0.626534 
3358 0.188296 0.643894 
3359 0.192154 0.661091 
3360 0.196080 0.678124 
3361 0.200074 0.694991 
3362 0.204137 0.711691 
3363 0.208271 0.728224 
3364 0.212476 0.744587 
3365 0.216752 0.760781 
3366 0.221102 0.776805 
3367 0.225526 0.792658 
3368 0.230024 0.808339 
3369 0.234599 0.823849 
3370 0.239250 0.839186 
3371 0.243979 0.854352 
3372 0.248787 0.869344 
3373 0.253674 0.884164 
3374 0.258643 0.898812 
3375 0.263693 0.913287 
3376 0.268825 0.927589 
3377 0.274042 0.941719 
3378 0.279343 0.955677 
3379 0.284729 0.969463 
3380 0.290203 0.983078 
3381 0.295764 0.996522 
3382 0.301414 1.009796 
3383 0.307153 1.022899 
3384 0.312984 1.035832 
3385 0.318906 1.048597 
3386 0.324921 1.061194 
3387 0.331030 1.073622 
3388 0.337233 1.085884 
3389 0.343533 1.097979 
3390 0.349930 1.109908 
3391 0.356424 1.121672 
3392 0.363018 1.133272 
3393 0.369712 1.144709 
3394 0.376507 1.155982 
3395 0.383404 1.167094 
3396 0.390404 1.178044 
3397 0.397509 1.188834 
3398 0.404719 1.199464 
3399 0.412036 1.209936 
3400 0.419460 1.220249 
3401 0.426992 1.230405 
3402 0.434634 1.240404 
3403 0.442386 1.250248 
3404 0.450250 1.259937 
3405 0.458227 1.269471 
3406 0.466318 1.278852 
3407 0.474523 1.288080 
3408 0.482844 1.297156 
3409 0.491282 1.306081 
3410 0.499838 1.314856 
3411 0.508512 1.323480 
3412 0.517307 1.331955 
3413 0.526223 1.340282 
3414 0.535260 1.348461 
3415 0.544421 1.356492 
3416 0.553705 1.364377 
3417 0.563115 1.372116 
3418 0.572650 1.379709 
3419 0.582313 1.387158 
3420 0.592104 1.394462 
3421 0.602023 1.401622 
3422 0.612073 1.408639 
3423 0.622253 1.415513 
3424 0.632565 1.422245 
3425 0.643010 1.428835 
3426 0.653589 1.435283 
3427 0.664303 1.441591 
3428 0.675152 1.447757 
3429 0.686138 1.453784 
3430 0.697262 1.459670 
3431 0.708523 1.465418 
3432 0.719925 1.471025 
3433 0.731466 1.476494 
3434 0.743148 1.481825 
3435 0.754972 1.487017 
3436 0.766939 1.492071 
3437 0.779049 1.496988 
3438 0.791304 1.501767 
3439 0.803704 1.506409 
3440 0.816250 1.510914 
3441 0.828943 1.515282 
3442 0.841784 1.519513 
3443 0.854772 1.523609 
3444 0.867910 1.527568 
3445 0.881197 1.531391 
3446 0.894635 1.535078 
3447 0.908224 1.538629 
3448 0.921965 1.542045 
3449 0.935859 1.545325 
3450 0.949905 1.548471 
3451 0.964106 1.551481 
3452 0.978460 1.554356 
3453 0.992970 1.557096 
3454 1.007635 1.559701 
3455 1.022456 1.562172 
3456 1.037434 1.564508 
3457 1.052569 1.566710 
3458 1.067861 1.568777 
3459 1.083312 1.570710 
3460 1.098921 1.572509 
3461 1.114689 1.574174 
3462 1.130616 1.575705 
3463 1.146703 1.577102 
3464 1.162950 1.578365 
3465 1.179357 1.579494 
3466 1.195925 1.580490 
3467 1.212654 1.581352 
3468 1.229544 1.582081 
3469 1.246596 1.582677 
3470 1.263809 1.583139 
3471 1.281184 1.583468 
3472 1.298722 1.583664 
3473 1.316421 1.583728 
3474 1.334282 1.583658 
3475 1.352306 1.583456 
3476 1.370492 1.583121 
3477 1.388841 1.582654 
3478 1.407352 1.582055 
3479 1.426025 1.581324 
3480 1.444860 1.580460 
3481 1.463857 1.579465 
3482 1.483017 1.578338 
3483 1.502338 1.577080 
3484 1.521821 1.575690 
3485 1.541465 1.574170 
3486 1.561270 1.572518 
3487 1.581237 1.570736 
3488 1.601363 1.568822 
3489 1.621650 1.566779 
3490 1.642097 1.564606 
3491 1.662703 1.562302 
3492 1.683468 1.559869 
3493 1.704391 1.557307 
3494 1.725473 1.554615 
3495 1.746711 1.551794 
3496 1.768106 1.548845 
3497 1.789658 1.545767 
3498 1.811365 1.542561 
3499 1.833226 1.539228 
3500 1.855242 1.535766 
3501 1.877411 1.532178 
3502 1.899732 1.528463 
3503 1.922205 1.524621 
3504 1.944829 1.520653 
3505 1.967602 1.516559 
3506 1.990524 1.512339 
3507 2.013594 1.507994 
3508 2.036811 1.503525 
3509 2.060173 1.498931 
3510 2.083680 1.494213 
3511 2.107330 1.489371 
3512 2.131123 1.484407 
3513 2.155057 1.479319 
3514 2.179130 1.474109 
3515 2.203342 1.468777 
3516 2.227691 1.463324 
3517 2.252176 1.457749 
3518 2.276795 1.452054 
3519 2.301547 1.446239 
3520 2.326430 1.440305 
3521 2.351443 1.434251 
3522 2.376584 1.428079 
3523 2.401852 1.421789 
3524 2.427245 1.415381 
3525 2.452761 1.408856 
3526 2.478398 1.402214 
3527 2.504155 1.395457 
3528 2.530030 1.388584 
3529 2.556021 1.381597 
3530 2.582126 1.374495 
3531 2.608343 1.367280 
3532 2.634670 1.359952 
3533 2.661106 1.352511 
3534 2.687647 1.344959 
3535 2.714293 1.337295 
3536 2.741040 1.329521 
3537 2.767887 1.321636 
3538 2.794832 1.313643 
3539 2.821872 1.305541 
3540 2.849004 1.297331 
3541 2.876228 1.289014 
3542 2.903539 1.280591 
3543 2.930936 1.272061 
3544 2.958416 1.263427 
3545 2.985978 1.254688 
3546 3.013617 1.245845 
3547 3.041333 1.236899 
3548 3.069121 1.227851 
3549 3.096980 1.218702 
3550 3.124907 1.209452 
3551 3.152898 1.200102 
3552 3.180953 1.190653 
3553 3.209066 1.181105 
3554 3.237237 1.171460 
3555 3.265461 1.161718 
3556 3.293737 1.151879 
3557 3.322060 1.141946 
3558 3.350429 1.131919 
3559 3.378840 1.121797 
3560 3.407290 1.111583 
3561 3.435776 1.101278 
3562 3.464295 1.090881 
3563 3.492843 1.080394 
3564 3.521419 1.069818 
3565 3.550018 1.059153 
3566 3.578637 1.048401 
3567 3.607274 1.037562 
3568 3.635924 1.026637 
3569 3.664585 1.015628 
3570 3.693253 1.004534 
3571 3.721925 0.993358 
3572 3.750597 0.982099 
3573 3.779266 0.970760 
3574 3.807929 0.959340 
3575 3.836582 0.947841 
3576 3.865222 0.936263 
3577 3.893845 0.924608 
3578 3.922447 0.912877 
3579 3.951026 0.901070 
3580 3.979577 0.889189 
3581 4.008097 0.877234 
3582 4.036582 0.865207 
3583 4.065029 0.853109 
3584 4.093434 0.840939 
3585 4.121794 0.828701 
3586 4.150104 0.816393 
3587 4.178361 0.804019 
3588 4.206561 0.791578 
3589 4.234700 0.779071 
3590 4.262776 0.766500 
3591 4.290783 0.753866 
3592 4.318719 0.741169 
3593 4.346579 0.728412 
3594 4.374360 0.715594 
3595 4.402057 0.702716 
3596 4.429668 0.689781 
3597 4.457187 0.676789 
3598 4.484612 0.663741 
3599 4.511939 0.650638 
3600 4.539163 0.637481 
3601 4.566281 0.624271 
3602 4.593289 0.611010 
3603 4.620182 0.597699 
3604 4.646958 0.584338 
3605 4.673613 0.570929 
3606 4.700142 0.557472 
3607 4.726541 0.543970 
3608 4.752807 0.530422 
3609 4.778936 0.516831 
3610 4.804924 0.503197 
3611 4.830768 0.489521 
3612 4.856462 0.475805 
3613 4.882004 0.462050 
3614 4.907390 0.448256 
3615 4.932615 0.434426 
3616 4.957677 0.420559 
3617 4.982570 0.406658 
3618 5.007292 0.392723 
3619 5.031839 0.378756 
3620 5.056206 0.364757 
3621 5.080391 0.350728 
3622 5.104388 0.336670 
3623 5.128195 0.322585 
3624 5.151808 0.308473 
3625 5.175224 0.294335 
3626 5.198437 0.280173 
3627 5.221446 0.265988 
3628 5.244245 0.251780 
3629 5.266833 0.237552 
3630 5.289204 0.223305 
3631 5.311355 0.209039 
3632 5.333283 0.194755 
3633 5.354985 0.180456 
3634 5.376456 0.166141 
3635 5.397694 0.151813 
3636 5.418695 0.137473 
3637 5.439455 0.123120 
3638 5.459971 0.108758 
3639 5.480239 0.094387 
3640 5.500257 0.080008 
3641 5.520022 0.065623 
3642 5.539529 0.051231 
3643 5.558775 0.036836 
3644 5.577758 0.022438 
3645 5.596475 0.008038 
3646 5.614921 -0.006363 
3647 5.633095 -0.020763 
3648 5.650992 -0.035162 
3649 5.668611 -0.049558 
3650 5.685947 -0.063949 
3651 5.702999 -0.078335 
3652 5.719763 -0.092715 
3653 5.736236 -0.107087 
3654 5.752416 -0.121451 
3655 5.768300 -0.135804 
3656 5.783885 -0.150146 
3657 5.799169 -0.164476 
3658 5.814148 -0.178792 
3659 5.828821 -0.193093 
3660 5.843185 -0.207378 
3661 5.857237 -0.221647 
3662 5.870975 -0.235896 
3663 5.884396 -0.250127 
3664 5.897499 -0.264336 
3665 5.910280 -0.278524 
3666 5.922739 -0.292689 
3667 5.934872 -0.306830 
3668 5.946678 -0.320945 
3669 5.958154 -0.335034 
3670 5.969298 -0.349095 
3671 5.980109 -0.363127 
3672 5.990585 -0.377129 
3673 6.000723 -0.391100 
3674 6.010522 -0.405039 
3675 6.019981 -0.418944 
3676 6.029097 -0.432815 
3677 6.037870 -0.446650 
3678 6.046297 -0.460448 
3679 6.054376 -0.474208 
3680 6.062108 -0.487928 
3681 6.069490 -0.501609 
3682 6.076520 -0.515247 
3683 6.083198 -0.528844 
3684 6.089523 -0.542396 
3685 6.095493 -0.555904 
3686 6.101108 -0.569366 
3687 6.106366 -0.582781 
3688 6.111266 -0.596148 
3689 6.115807 -0.609465 
3690 6.119990 -0.622732 
3691 6.123812 -0.635947 
3692 6.127274 -0.649110 
3693 6.130374 -0.662220 
3694 6.133113 -0.675274 
3695 6.135489 -0.688273 
3696 6.137502 -0.701215 
3697 6.139153 -0.714099 
3698 6.140439 -0.726924 
3699 6.141362 -0.739689 
3700 6.141922 -0.752393 
3701 6.142117 -0.765034 
3702 6.141948 -0.777612 
3703 6.141416 -0.790127 
3704 6.140519 -0.802575 
3705 6.139259 -0.814958 
3706 6.137636 -0.827273 
3707 6.135649 -0.839520 
3708 6.133299 -0.851697 
3709 6.130587 -0.863804 
3710 6.127513 -0.875839 
3711 6.124078 -0.887803 
3712 6.120282 -0.899692 
3713 6.116125 -0.911508 
3714 6.111610 -0.923248 
3715 6.106736 -0.934912 
3716 6.101504 -0.946498 
3717 6.095915 -0.958007 
3718 6.089971 -0.969436 
3719 6.083671 -0.980785 
3720 6.077018 -0.992053 
3721 6.070013 -1.003239 
3722 6.062656 -1.014342 
3723 6.054950 -1.025361 
3724 6.046895 -1.036296 
3725 6.038492 -1.047145 
3726 6.029744 -1.057907 
3727 6.020652 -1.068582 
3728 6.011218 -1.079169 
3729 6.001442 -1.089666 
3730 5.991327 -1.100073 
3731 5.980875 -1.110390 
3732 5.970087 -1.120614 
3733 5.958965 -1.130746 
3734 5.947512 -1.140785 
3735 5.935729 -1.150729 
3736 5.923618 -1.160579 
3737 5.911181 -1.170332 
3738 5.898421 -1.179989 
3739 5.885340 -1.189548 
3740 5.871940 -1.199008 
3741 5.858223 -1.208370 
3742 5.844191 -1.217632 
3743 5.829848 -1.226793 
3744 5.815195 -1.235853 
3745 5.800235 -1.244811 
3746 5.784971 -1.253665 
3747 5.769405 -1.262416 
3748 5.753540 -1.271063 
3749 5.737379 -1.279605 
3750 5.720923 -1.288041 
3751 5.704177 -1.296371 
3752 5.687143 -1.304593 
3753 5.669823 -1.312708 
3754 5.652222 -1.320714 
3755 5.634341 -1.328611 
3756 5.616183 -1.336398 
3757 5.597752 -1.344075 
3758 5.579052 -1.351641 
3759 5.560084 -1.359095 
3760 5.540852 -1.366436 
3761 5.521359 -1.373665 
3762 5.501609 -1.380780 
3763 5.481604 -1.387781 
3764 5.461348 -1.394668 
3765 5.440845 -1.401439 
3766 5.420098 -1.408094 
3767 5.399109 -1.414633 
3768 5.377883 -1.421055 
3769 5.356423 -1.427360 
3770 5.334732 -1.433546 
3771 5.312815 -1.439614 
3772 5.290673 -1.445564 
3773 5.268312 -1.451393 
3774 5.245734 -1.457103 
3775 5.222944 -1.462692 
3776 5.199944 -1.468161 
3777 5.176738 -1.473508 
3778 5.153331 -1.478733 
3779 5.129725 -1.483837 
3780 5.105925 -1.488817 
3781 5.081934 -1.493674 
3782 5.057756 -1.498409 
3783 5.033394 -1.503019 
3784 5.008853 -1.507505 
3785 4.984136 -1.511866 
3786 4.959247 -1.516102 
3787 4.934190 -1.520214 
3788 4.908968 -1.524199 
3789 4.883586 -1.528059 
3790 4.858047 -1.531792 
3791 4.832355 -1.535399 
3792 4.806514 -1.538878 
3793 4.780528 -1.542231 
3794 4.754400 -1.545456 
3795 4.728135 -1.548553 
3796 4.701736 -1.551523 
3797 4.675208 -1.554364 
3798 4.648553 -1.557077 
3799 4.621777 -1.559661 
3800 4.594882 -1.562116 
3801 4.567873 -1.564442 
3802 4.540754 -1.566639 
3803 4.513528 -1.568706 
3804 4.486199 -1.570644 
3805 4.458772 -1.572452 
3806 4.431249 -1.574130 
3807 4.403635 -1.575677 
3808 4.375934 -1.577095 
3809 4.348149 -1.578382 
3810 4.320285 -1.579539 
3811 4.292345 -1.580565 
3812 4.264332 -1.581461 
3813 4.236251 -1.582226 
3814 4.208106 -1.582860 
3815 4.179899 -1.583364 
3816 4.151636 -1.583736 
3817 4.123319 -1.583978 
3818 4.094953 -1.584088 
3819 4.066541 -1.584068 
3820 4.038086 -1.583917 
3821 4.009593 -1.583635 
3822 3.981065 -1.583222 
3823 3.952505 -1.582678 
3824 3.923917 -1.582004 
3825 3.895306 -1.581199 
3826 3.866674 -1.580263 
3827 3.838024 -1.579196 
3828 3.809361 -1.577999 
3829 3.780688 -1.576672 
3830 3.752009 -1.575214 
3831 3.723326 -1.573626 
3832 3.694643 -1.571908 
3833 3.665964 -1.570060 
3834 3.637292 -1.568082 
3835 3.608630 -1.565975 
3836 3.579981 -1.563738 
3837 3.551350 -1.561372 
3838 3.522738 -1.558877 
3839 3.494150 -1.556254 
3840 3.465589 -1.553501 
3841 3.437057 -1.550620 
3842 3.408558 -1.547612 
3843 3.380094 -1.544475 
3844 3.351670 -1.541210 
3845 3.323288 -1.537818 
3846 3.294950 -1.534299 
3847 3.266661 -1.530654 
3848 3.238422 -1.526881 
3849 3.210237 -1.522983 
3850 3.182109 -1.518959 
3851 3.154040 -1.514809 
3852 3.126034 -1.510534 
3853 3.098092 -1.506134 
3854 3.070218 -1.501610 
3855 3.042415 -1.496961 
3856 3.014684 -1.492189 
3857 2.987029 -1.487294 
3858 2.959452 -1.482275 
3859 2.931956 -1.477134 
3860 2.904543 -1.471871 
3861 2.877216 -1.466487 
3862 2.849977 -1.460981 
3863 2.822829 -1.455354 
3864 2.795773 -1.449608 
3865 2.768812 -1.443741 
3866 2.741949 -1.437755 
3867 2.715185 -1.431650 
3868 2.688524 -1.425427 
3869 2.661966 -1.419086 
3870 2.635514 -1.412628 
3871 2.609170 -1.406053 
3872 2.582936 -1.399362 
3873 2.556815 -1.392555 
3874 2.530808 -1.385634 
3875 2.504916 -1.378597 
3876 2.479143 -1.371447 
3877 2.453489 -1.364183 
3878 2.427956 -1.356807 
3879 2.402547 -1.349318 
3880 2.377263 -1.341718 
3881 2.352105 -1.334007 
3882 2.327076 -1.326186 
3883 2.302176 -1.318256 
3884 2.277408 -1.310216 
3885 2.252772 -1.302068 
3886 2.228271 -1.293812 
3887 2.203906 -1.285450 
3888 2.179678 -1.276981 
3889 2.155588 -1.268407 
3890 2.131638 -1.259728 
3891 2.107830 -1.250944 
3892 2.084163 -1.242058 
3893 2.060640 -1.233069 
3894 2.037262 -1.223977 
3895 2.014029 -1.214785 
3896 1.990944 -1.205492 
3897 1.968006 -1.196100 
3898 1.945217 -1.186609 
3899 1.922578 -1.177020 
3900 1.900090 -1.167333 
3901 1.877753 -1.157550 
3902 1.855569 -1.147672 
3903 1.833539 -1.137698 
3904 1.811662 -1.127631 
3905 1.789940 -1.117470 
3906 1.768374 -1.107217 
3907 1.746964 -1.096872 
3908 1.725711 -1.086437 
3909 1.704615 -1.075912 
3910 1.683678 -1.065298 
3911 1.662898 -1.054596 
3912 1.642278 -1.043807 
3913 1.621818 -1.032931 
3914 1.601517 -1.021971 
3915 1.581377 -1.010925 
3916 1.561397 -0.999797 
3917 1.541578 -0.988585 
3918 1.521921 -0.977292 
3919 1.502425 -0.965918 
3920 1.483091 -0.954465 
3921 1.463919 -0.942932 
3922 1.444909 -0.931322 
3923 1.426061 -0.919634 
3924 1.407376 -0.907871 
3925 1.388853 -0.896032 
3926 1.370492 -0.884120 
3927 1.352294 -0.872134 
3928 1.334259 -0.860076 
3929 1.316386 -0.847947 
3930 1.298675 -0.835749 
3931 1.281127 -0.823481 
3932 1.263741 -0.811145 
3933 1.246517 -0.798742 
3934 1.229454 -0.786273 
3935 1.212554 -0.773739 
3936 1.195814 -0.761141 
3937 1.179236 -0.748480 
3938 1.162819 -0.735757 
3939 1.146562 -0.722974 
3940 1.130465 -0.710130 
3941 1.114528 -0.697228 
3942 1.098751 -0.684269 
3943 1.083133 -0.671253 
3944 1.067674 -0.658181 
3945 1.052372 -0.645055 
3946 1.037229 -0.631876 
3947 1.022243 -0.618644 
3948 1.007413 -0.605362 
3949 0.992740 -0.592029 
3950 0.978222 -0.578647 
3951 0.963860 -0.565218 
3952 0.949652 -0.551742 
3953 0.935598 -0.538220 
3954 0.921697 -0.524654 
3955 0.907949 -0.511044 
3956 0.894353 -0.497392 
3957 0.880909 -0.483699 
3958 0.867615 -0.469967 
3959 0.854470 -0.456195 
3960 0.841476 -0.442385 
3961 0.828629 -0.428539 
3962 0.815930 -0.414658 
3963 0.803379 -0.400742 
3964 0.790973 -0.386793 
3965 0.778713 -0.372813 
3966 0.766597 -0.358801 
3967 0.754625 -0.344760 
3968 0.742796 -0.330690 
3969 0.731109 -0.316593 
3970 0.719563 -0.302470 
3971 0.708158 -0.288322 
3972 0.696892 -0.274150 
3973 0.685764 -0.259955 
3974 0.674774 -0.245739 
3975 0.663921 -0.231502 
3976 0.653204 -0.217246 
3977 0.642621 -0.202973 
3978 0.632173 -0.188683 
3979 0.621857 -0.174377 
3980 0.611674 -0.160056 
3981 0.601621 -0.145723 
3982 0.591699 -0.131377 
3983 0.581906 -0.117020 
3984 0.572241 -0.102654 
3985 0.562703 -0.088280 
3986 0.553291 -0.073898 
3987 0.544004 -0.059510 
3988 0.534842 -0.045117 
3989 0.525802 -0.030720 
3990 0.516885 -0.016321 
3991 0.508089 -0.001920 
3992 0.499413 0.012481 
3993 0.490856 0.026880 
3994 0.482416 0.041278 
3995 0.474094 0.055672 
3996 0.465888 0.070061 
3997 0.457797 0.084445 
3998 0.449819 0.098822 
3999 0.441954 0.113190 
4000 0.434201 0.127549 
