0 6.183479 0.504862 
1 6.183305 0.491204 
2 6.182761 0.477505 
3 6.181845 0.463767 
4 6.180558 0.449990 
5 6.178901 0.436176 
6 6.176873 0.422326 
7 6.174474 0.408442 
8 6.171706 0.394523 
9 6.168568 0.380572 
10 6.165062 0.366589 
11 6.161188 0.352576 
12 6.156946 0.338534 
13 6.152338 0.324464 
14 6.147364 0.310367 
15 6.142025 0.296245 
16 6.136322 0.282098 
17 6.130257 0.267927 
18 6.123829 0.253735 
19 6.117041 0.239521 
20 6.109893 0.225288 
21 6.102387 0.211036 
22 6.094524 0.196767 
23 6.086306 0.182482 
24 6.077734 0.168181 
25 6.068809 0.153866 
26 6.059533 0.139539 
27 6.049908 0.125200 
28 6.039936 0.110851 
29 6.029618 0.096493 
30 6.018956 0.082127 
31 6.007952 0.067754 
32 5.996607 0.053375 
33 5.984925 0.038992 
34 5.972907 0.024606 
35 5.960554 0.010217 
36 5.947871 -0.004172 
37 5.934857 -0.018561 
38 5.921516 -0.032948 
39 5.907851 -0.047332 
40 5.893862 -0.061713 
41 5.879554 -0.076089 
42 5.864928 -0.090458 
43 5.849988 -0.104820 
44 5.834734 -0.119173 
45 5.819171 -0.133516 
46 5.803301 -0.147848 
47 5.787126 -0.162168 
48 5.770650 -0.176475 
49 5.753875 -0.190767 
50 5.736805 -0.205043 
51 5.719441 -0.219302 
52 5.701787 -0.233544 
53 5.683846 -0.247765 
54 5.665622 -0.261967 
55 5.647117 -0.276147 
56 5.628333 -0.290304 
57 5.609276 -0.304437 
58 5.589947 -0.318544 
59 5.570350 -0.332626 
60 5.550488 -0.346680 
61 5.530365 -0.360705 
62 5.509984 -0.374701 
63 5.489348 -0.388665 
64 5.468461 -0.402598 
65 5.447327 -0.416497 
66 5.425947 -0.430361 
67 5.404327 -0.444191 
68 5.382470 -0.457983 
69 5.360380 -0.471738 
70 5.338059 -0.485453 
71 5.315512 -0.499129 
72 5.292742 -0.512763 
73 5.269753 -0.526355 
74 5.246548 -0.539903 
75 5.223132 -0.553407 
76 5.199508 -0.566865 
77 5.175680 -0.580276 
78 5.151652 -0.593639 
79 5.127427 -0.606954 
80 5.103010 -0.620218 
81 5.078403 -0.633430 
82 5.053612 -0.646591 
83 5.028639 -0.659698 
84 5.003490 -0.672750 
85 4.978167 -0.685747 
86 4.952674 -0.698687 
87 4.927017 -0.711569 
88 4.901197 -0.724393 
89 4.875220 -0.737157 
90 4.849089 -0.749860 
91 4.822809 -0.762500 
92 4.796383 -0.775078 
93 4.769815 -0.787592 
94 4.743109 -0.800041 
95 4.716269 -0.812423 
96 4.689300 -0.824739 
97 4.662204 -0.836986 
98 4.634987 -0.849164 
99 4.607652 -0.861272 
100 4.580202 -0.873309 
101 4.552643 -0.885273 
102 4.524978 -0.897165 
103 4.497210 -0.908982 
104 4.469344 -0.920724 
105 4.441385 -0.932390 
106 4.413334 -0.943979 
107 4.385198 -0.955490 
108 4.356979 -0.966922 
109 4.328682 -0.978274 
110 4.300310 -0.989545 
111 4.271867 -1.000735 
112 4.243357 -1.011842 
113 4.214785 -1.022865 
114 4.186153 -1.033803 
115 4.157466 -1.044656 
116 4.128727 -1.055423 
117 4.099941 -1.066103 
118 4.071111 -1.076694 
119 4.042240 -1.087197 
120 4.013333 -1.097610 
121 3.984394 -1.107931 
122 3.955425 -1.118162 
123 3.926431 -1.128300 
124 3.897416 -1.138345 
125 3.868382 -1.148295 
126 3.839334 -1.158151 
127 3.810275 -1.167911 
128 3.781209 -1.177575 
129 3.752139 -1.187141 
130 3.723069 -1.196609 
131 3.694002 -1.205978 
132 3.664942 -1.215248 
133 3.635892 -1.224417 
134 3.606855 -1.233485 
135 3.577836 -1.242451 
136 3.548836 -1.251314 
137 3.519860 -1.260074 
138 3.490911 -1.268729 
139 3.461992 -1.277280 
140 3.433106 -1.285726 
141 3.404256 -1.294065 
142 3.375447 -1.302297 
143 3.346679 -1.310421 
144 3.317958 -1.318438 
145 3.289285 -1.326345 
146 3.260665 -1.334142 
147 3.232099 -1.341830 
148 3.203591 -1.349406 
149 3.175143 -1.356871 
150 3.146759 -1.364224 
151 3.118441 -1.371464 
152 3.090192 -1.378591 
153 3.062016 -1.385604 
154 3.033913 -1.392502 
155 3.005888 -1.399285 
156 2.977943 -1.405953 
157 2.950081 -1.412504 
158 2.922303 -1.418938 
159 2.894613 -1.425256 
160 2.867014 -1.431455 
161 2.839506 -1.437537 
162 2.812094 -1.443499 
163 2.784779 -1.449342 
164 2.757563 -1.455066 
165 2.730449 -1.460669 
166 2.703440 -1.466151 
167 2.676536 -1.471512 
168 2.649742 -1.476752 
169 2.623057 -1.481870 
170 2.596486 -1.486865 
171 2.570029 -1.491737 
172 2.543689 -1.496486 
173 2.517467 -1.501111 
174 2.491366 -1.505613 
175 2.465388 -1.509989 
176 2.439534 -1.514241 
177 2.413805 -1.518368 
178 2.388205 -1.522370 
179 2.362734 -1.526245 
180 2.337394 -1.529995 
181 2.312187 -1.533618 
182 2.287115 -1.537114 
183 2.262178 -1.540483 
184 2.237379 -1.543725 
185 2.212719 -1.546839 
186 2.188198 -1.549826 
187 2.163820 -1.552684 
188 2.139584 -1.555414 
189 2.115493 -1.558016 
190 2.091548 -1.560488 
191 2.067749 -1.562832 
192 2.044098 -1.565047 
193 2.020596 -1.567132 
194 1.997244 -1.569088 
195 1.974044 -1.570914 
196 1.950995 -1.572610 
197 1.928100 -1.574177 
198 1.905359 -1.575613 
199 1.882773 -1.576919 
200 1.860343 -1.578095 
201 1.838070 -1.579140 
202 1.815954 -1.580055 
203 1.793997 -1.580839 
204 1.772198 -1.581492 
205 1.750560 -1.582015 
206 1.729081 -1.582407 
207 1.707763 -1.582668 
208 1.686607 -1.582799 
209 1.665613 -1.582799 
210 1.644781 -1.582668 
211 1.624112 -1.582406 
212 1.603606 -1.582013 
213 1.583264 -1.581489 
214 1.563086 -1.580835 
215 1.543073 -1.580051 
216 1.523224 -1.579135 
217 1.503540 -1.578089 
218 1.484022 -1.576913 
219 1.464668 -1.575606 
220 1.445481 -1.574170 
221 1.426458 -1.572603 
222 1.407602 -1.570906 
223 1.388911 -1.569079 
224 1.370386 -1.567123 
225 1.352027 -1.565037 
226 1.333834 -1.562822 
227 1.315806 -1.560477 
228 1.297944 -1.558004 
229 1.280248 -1.555402 
230 1.262716 -1.552671 
231 1.245351 -1.549812 
232 1.228150 -1.546825 
233 1.211113 -1.543710 
234 1.194242 -1.540468 
235 1.177534 -1.537098 
236 1.160991 -1.533601 
237 1.144611 -1.529977 
238 1.128394 -1.526227 
239 1.112341 -1.522351 
240 1.096449 -1.518349 
241 1.080720 -1.514222 
242 1.065153 -1.509969 
243 1.049746 -1.505592 
244 1.034500 -1.501090 
245 1.019415 -1.496464 
246 1.004489 -1.491715 
247 0.989722 -1.486842 
248 0.975113 -1.481846 
249 0.960662 -1.476728 
250 0.946369 -1.471488 
251 0.932232 -1.466126 
252 0.918251 -1.460643 
253 0.904426 -1.455039 
254 0.890755 -1.449315 
255 0.877238 -1.443472 
256 0.863874 -1.437509 
257 0.850662 -1.431427 
258 0.837602 -1.425227 
259 0.824694 -1.418909 
260 0.811935 -1.412474 
261 0.799326 -1.405922 
262 0.786865 -1.399254 
263 0.774551 -1.392470 
264 0.762385 -1.385571 
265 0.750365 -1.378558 
266 0.738490 -1.371431 
267 0.726759 -1.364190 
268 0.715171 -1.356837 
269 0.703726 -1.349371 
270 0.692422 -1.341794 
271 0.681259 -1.334106 
272 0.670236 -1.326308 
273 0.659351 -1.318401 
274 0.648604 -1.310384 
275 0.637994 -1.302259 
276 0.627520 -1.294026 
277 0.617180 -1.285687 
278 0.606975 -1.277241 
279 0.596902 -1.268689 
280 0.586961 -1.260033 
281 0.577151 -1.251273 
282 0.567471 -1.242409 
283 0.557920 -1.233443 
284 0.548496 -1.224374 
285 0.539199 -1.215205 
286 0.530028 -1.205935 
287 0.520982 -1.196565 
288 0.512059 -1.187097 
289 0.503259 -1.177530 
290 0.494580 -1.167866 
291 0.486021 -1.158105 
292 0.477582 -1.148249 
293 0.469262 -1.138298 
294 0.461058 -1.128253 
295 0.452971 -1.118115 
296 0.444999 -1.107884 
297 0.437141 -1.097561 
298 0.429396 -1.087148 
299 0.421762 -1.076645 
300 0.414240 -1.066053 
301 0.406827 -1.055373 
302 0.399523 -1.044606 
303 0.392326 -1.033753 
304 0.385236 -1.022814 
305 0.378251 -1.011790 
306 0.371371 -1.000683 
307 0.364594 -0.989493 
308 0.357918 -0.978221 
309 0.351344 -0.966869 
310 0.344870 -0.955437 
311 0.338495 -0.943925 
312 0.332218 -0.932336 
313 0.326038 -0.920670 
314 0.319953 -0.908927 
315 0.313963 -0.897110 
316 0.308067 -0.885218 
317 0.302263 -0.873253 
318 0.296551 -0.861216 
319 0.290929 -0.849108 
320 0.285396 -0.836929 
321 0.279952 -0.824682 
322 0.274596 -0.812366 
323 0.269325 -0.799983 
324 0.264140 -0.787534 
325 0.259039 -0.775020 
326 0.254021 -0.762442 
327 0.249086 -0.749801 
328 0.244232 -0.737098 
329 0.239458 -0.724334 
330 0.234763 -0.711510 
331 0.230146 -0.698627 
332 0.225607 -0.685687 
333 0.221143 -0.672689 
334 0.216755 -0.659637 
335 0.212442 -0.646530 
336 0.208201 -0.633369 
337 0.204033 -0.620156 
338 0.199937 -0.606892 
339 0.195911 -0.593577 
340 0.191954 -0.580214 
341 0.188066 -0.566803 
342 0.184246 -0.553344 
343 0.180492 -0.539840 
344 0.176805 -0.526292 
345 0.173182 -0.512700 
346 0.169623 -0.499065 
347 0.166128 -0.485390 
348 0.162694 -0.471674 
349 0.159322 -0.457919 
350 0.156011 -0.444126 
351 0.152759 -0.430297 
352 0.149566 -0.416432 
353 0.146431 -0.402533 
354 0.143353 -0.388600 
355 0.140331 -0.374636 
356 0.137365 -0.360640 
357 0.134453 -0.346614 
358 0.131595 -0.332560 
359 0.128790 -0.318479 
360 0.126037 -0.304371 
361 0.123336 -0.290238 
362 0.120685 -0.276081 
363 0.118085 -0.261901 
364 0.115533 -0.247699 
365 0.113030 -0.233477 
366 0.110574 -0.219236 
367 0.108165 -0.204977 
368 0.105802 -0.190700 
369 0.103485 -0.176408 
370 0.101212 -0.162102 
371 0.098983 -0.147782 
372 0.096798 -0.133449 
373 0.094655 -0.119106 
374 0.092554 -0.104753 
375 0.090494 -0.090391 
376 0.088474 -0.076022 
377 0.086495 -0.061646 
378 0.084554 -0.047265 
379 0.082653 -0.032881 
380 0.080789 -0.018494 
381 0.078962 -0.004105 
382 0.077172 0.010284 
383 0.075419 0.024673 
384 0.073700 0.039059 
385 0.072017 0.053442 
386 0.070367 0.067821 
387 0.068751 0.082194 
388 0.067169 0.096560 
389 0.065618 0.110918 
390 0.064100 0.125267 
391 0.062613 0.139606 
392 0.061157 0.153933 
393 0.059731 0.168247 
394 0.058335 0.182548 
395 0.056968 0.196833 
396 0.055630 0.211103 
397 0.054320 0.225354 
398 0.053038 0.239588 
399 0.051782 0.253801 
400 0.050554 0.267993 
401 0.049352 0.282163 
402 0.048175 0.296310 
403 0.047023 0.310433 
404 0.045897 0.324530 
405 0.044794 0.338599 
406 0.043716 0.352641 
407 0.042661 0.366654 
408 0.041628 0.380637 
409 0.040619 0.394588 
410 0.039631 0.408506 
411 0.038665 0.422391 
412 0.037721 0.436241 
413 0.036797 0.450054 
414 0.035894 0.463831 
415 0.035011 0.477569 
416 0.034147 0.491268 
417 0.033303 0.504926 
418 0.032477 0.518542 
419 0.031671 0.532116 
420 0.030882 0.545645 
421 0.030111 0.559130 
422 0.029358 0.572568 
423 0.028622 0.585959 
424 0.027903 0.599301 
425 0.027200 0.612594 
426 0.026513 0.625837 
427 0.025842 0.639027 
428 0.025186 0.652165 
429 0.024546 0.665249 
430 0.023920 0.678278 
431 0.023309 0.691251 
432 0.022712 0.704167 
433 0.022129 0.717024 
434 0.021560 0.729823 
435 0.021005 0.742560 
436 0.020462 0.755237 
437 0.019932 0.767851 
438 0.019415 0.780402 
439 0.018910 0.792888 
440 0.018417 0.805309 
441 0.017935 0.817663 
442 0.017466 0.829950 
443 0.017007 0.842168 
444 0.016560 0.854316 
445 0.016123 0.866394 
446 0.015697 0.878400 
447 0.015281 0.890334 
448 0.014876 0.902194 
449 0.014480 0.913979 
450 0.014094 0.925689 
451 0.013718 0.937323 
452 0.013350 0.948879 
453 0.012992 0.960356 
454 0.012643 0.971754 
455 0.012302 0.983072 
456 0.011970 0.994309 
457 0.011646 1.005463 
458 0.011330 1.016535 
459 0.011022 1.027522 
460 0.010722 1.038424 
461 0.010429 1.049241 
462 0.010143 1.059971 
463 0.009865 1.070613 
464 0.009594 1.081167 
465 0.009330 1.091631 
466 0.009073 1.102006 
467 0.008822 1.112289 
468 0.008577 1.122480 
469 0.008339 1.132578 
470 0.008107 1.142583 
471 0.007881 1.152494 
472 0.007661 1.162309 
473 0.007446 1.172028 
474 0.007237 1.181650 
475 0.007034 1.191175 
476 0.006835 1.200601 
477 0.006642 1.209928 
478 0.006455 1.219155 
479 0.006271 1.228281 
480 0.006093 1.237306 
481 0.005920 1.246228 
482 0.005751 1.255048 
483 0.005587 1.263764 
484 0.005426 1.272375 
485 0.005271 1.280881 
486 0.005119 1.289281 
487 0.004972 1.297575 
488 0.004828 1.305761 
489 0.004688 1.313840 
490 0.004552 1.321810 
491 0.004420 1.329671 
492 0.004291 1.337422 
493 0.004166 1.345062 
494 0.004044 1.352591 
495 0.003926 1.360008 
496 0.003811 1.367313 
497 0.003699 1.374505 
498 0.003590 1.381584 
499 0.003484 1.388548 
500 0.003381 1.395397 
501 0.003280 1.402132 
502 0.003183 1.408750 
503 0.003088 1.415252 
504 0.002996 1.421637 
505 0.002907 1.427904 
506 0.002820 1.434053 
507 0.002735 1.440084 
508 0.002653 1.445996 
509 0.002573 1.451788 
510 0.002495 1.457461 
511 0.002420 1.463013 
512 0.002347 1.468444 
513 0.002276 1.473753 
514 0.002206 1.478941 
515 0.002139 1.484007 
516 0.002074 1.488950 
517 0.002010 1.493770 
518 0.001949 1.498466 
519 0.001889 1.503039 
520 0.001831 1.507487 
521 0.001775 1.511811 
522 0.001720 1.516010 
523 0.001667 1.520083 
524 0.001615 1.524031 
525 0.001565 1.527853 
526 0.001516 1.531549 
527 0.001469 1.535118 
528 0.001423 1.538561 
529 0.001379 1.541876 
530 0.001335 1.545063 
531 0.001293 1.548123 
532 0.001253 1.551056 
533 0.001213 1.553859 
534 0.001175 1.556535 
535 0.001138 1.559082 
536 0.001102 1.561500 
537 0.001067 1.563789 
538 0.001033 1.565948 
539 0.001000 1.567979 
540 0.000968 1.569879 
541 0.000937 1.571650 
542 0.000907 1.573292 
543 0.000878 1.574803 
544 0.000850 1.576184 
545 0.000822 1.577434 
546 0.000796 1.578554 
547 0.000770 1.579544 
548 0.000745 1.580404 
549 0.000721 1.581132 
550 0.000698 1.581730 
551 0.000675 1.582198 
552 0.000653 1.582534 
553 0.000632 1.582740 
554 0.000611 1.582815 
555 0.000591 1.582759 
556 0.000571 1.582572 
557 0.000553 1.582255 
558 0.000534 1.581807 
559 0.000517 1.581228 
560 0.000500 1.580518 
561 0.000483 1.579678 
562 0.000467 1.578707 
563 0.000452 1.577606 
564 0.000437 1.576374 
565 0.000422 1.575012 
566 0.000408 1.573520 
567 0.000394 1.571898 
568 0.000381 1.570146 
569 0.000368 1.568264 
570 0.000356 1.566252 
571 0.000344 1.564112 
572 0.000332 1.561841 
573 0.000321 1.559442 
574 0.000310 1.556914 
575 0.000300 1.554257 
576 0.000289 1.551472 
577 0.000279 1.548559 
578 0.000270 1.545517 
579 0.000261 1.542348 
580 0.000252 1.539052 
581 0.000243 1.535628 
582 0.000235 1.532077 
583 0.000227 1.528400 
584 0.000219 1.524596 
585 0.000211 1.520667 
586 0.000204 1.516611 
587 0.000197 1.512431 
588 0.000190 1.508125 
589 0.000183 1.503695 
590 0.000177 1.499140 
591 0.000171 1.494462 
592 0.000165 1.489660 
593 0.000159 1.484735 
594 0.000154 1.479687 
595 0.000148 1.474517 
596 0.000143 1.469225 
597 0.000138 1.463812 
598 0.000133 1.458277 
599 0.000128 1.452622 
600 0.000124 1.446848 
601 0.000119 1.440953 
602 0.000115 1.434940 
603 0.000111 1.428807 
604 0.000107 1.422557 
605 0.000103 1.416189 
606 0.000100 1.409705 
607 0.000096 1.403103 
608 0.000093 1.396386 
609 0.000089 1.389553 
610 0.000086 1.382606 
611 0.000083 1.375544 
612 0.000080 1.368369 
613 0.000077 1.361080 
614 0.000074 1.353679 
615 0.000072 1.346166 
616 0.000069 1.338542 
617 0.000066 1.330807 
618 0.000064 1.322962 
619 0.000062 1.315008 
620 0.000059 1.306945 
621 0.000057 1.298775 
622 0.000055 1.290497 
623 0.000053 1.282112 
624 0.000051 1.273621 
625 0.000049 1.265025 
626 0.000047 1.256324 
627 0.000046 1.247520 
628 0.000044 1.238613 
629 0.000042 1.229603 
630 0.000041 1.220491 
631 0.000039 1.211279 
632 0.000038 1.201967 
633 0.000036 1.192555 
634 0.000035 1.183044 
635 0.000034 1.173436 
636 0.000032 1.163731 
637 0.000031 1.153930 
638 0.000030 1.144033 
639 0.000029 1.134042 
640 0.000028 1.123957 
641 0.000027 1.113780 
642 0.000026 1.103510 
643 0.000025 1.093149 
644 0.000024 1.082697 
645 0.000023 1.072157 
646 0.000022 1.061527 
647 0.000021 1.050810 
648 0.000020 1.040006 
649 0.000020 1.029116 
650 0.000019 1.018141 
651 0.000018 1.007082 
652 0.000017 0.995939 
653 0.000017 0.984715 
654 0.000016 0.973409 
655 0.000016 0.962022 
656 0.000015 0.950556 
657 0.000014 0.939012 
658 0.000014 0.927389 
659 0.000013 0.915691 
660 0.000013 0.903916 
661 0.000012 0.892067 
662 0.000012 0.880144 
663 0.000011 0.868148 
664 0.000011 0.856081 
665 0.000010 0.843943 
666 0.000010 0.831735 
667 0.000010 0.819458 
668 0.000009 0.807114 
669 0.000009 0.794703 
670 0.000009 0.782226 
671 0.000008 0.769684 
672 0.000008 0.757079 
673 0.000008 0.744412 
674 0.000007 0.731683 
675 0.000007 0.718893 
676 0.000007 0.706044 
677 0.000006 0.693137 
678 0.000006 0.680172 
679 0.000006 0.667151 
680 0.000006 0.654075 
681 0.000005 0.640945 
682 0.000005 0.627762 
683 0.000005 0.614527 
684 0.000005 0.601242 
685 0.000005 0.587906 
686 0.000004 0.574522 
687 0.000004 0.561091 
688 0.000004 0.547613 
689 0.000004 0.534090 
690 0.000004 0.520523 
691 0.000004 0.506913 
692 0.000003 0.493261 
693 0.000003 0.479568 
694 0.000003 0.465835 
695 0.000003 0.452064 
696 0.000003 0.438256 
697 0.000003 0.424411 
698 0.000003 0.410532 
699 0.000003 0.396618 
700 0.000002 0.382672 
701 0.000002 0.368694 
702 0.000002 0.354685 
703 0.000002 0.340648 
704 0.000002 0.326582 
705 0.000002 0.312489 
706 0.000002 0.298370 
707 0.000002 0.284227 
708 0.000002 0.270060 
709 0.000002 0.255871 
710 0.000002 0.241660 
711 0.000002 0.227430 
712 0.000001 0.213181 
713 0.000001 0.198914 
714 0.000001 0.184631 
715 0.000001 0.170332 
716 0.000001 0.156020 
717 0.000001 0.141695 
718 0.000001 0.127357 
719 0.000001 0.113010 
720 0.000001 0.098653 
721 0.000001 0.084288 
722 0.000001 0.069916 
723 0.000001 0.055538 
724 0.000001 0.041155 
725 0.000001 0.026769 
726 0.000001 0.012381 
727 0.000001 -0.002008 
728 0.000001 -0.016397 
729 0.000001 -0.030784 
730 0.000001 -0.045169 
731 0.000001 -0.059551 
732 0.000001 -0.073927 
733 0.000001 -0.088297 
734 0.000001 -0.102660 
735 0.000001 -0.117015 
736 0.000001 -0.131360 
737 0.000001 -0.145694 
738 0.000000 -0.160016 
739 0.000000 -0.174324 
740 0.000000 -0.188618 
741 0.000000 -0.202897 
742 0.000000 -0.217159 
743 0.000000 -0.231403 
744 0.000000 -0.245628 
745 0.000000 -0.259833 
746 0.000000 -0.274016 
747 0.000000 -0.288176 
748 0.000000 -0.302313 
749 0.000000 -0.316424 
750 0.000000 -0.330510 
751 0.000000 -0.344568 
752 0.000000 -0.358598 
753 0.000000 -0.372598 
754 0.000000 -0.386567 
755 0.000000 -0.400504 
756 0.000000 -0.414409 
757 0.000000 -0.428279 
758 0.000000 -0.442113 
759 0.000000 -0.455911 
760 0.000000 -0.469672 
761 0.000000 -0.483393 
762 0.000000 -0.497075 
763 0.000000 -0.510715 
764 0.000000 -0.524314 
765 0.000000 -0.537869 
766 0.000000 -0.551379 
767 0.000000 -0.564844 
768 0.000000 -0.578262 
769 0.000000 -0.591633 
770 0.000000 -0.604954 
771 0.000000 -0.618226 
772 0.000000 -0.631447 
773 0.000000 -0.644615 
774 0.000000 -0.657730 
775 0.000000 -0.670791 
776 0.000000 -0.683796 
777 0.000000 -0.696745 
778 0.000000 -0.709636 
779 0.000000 -0.722468 
780 0.000000 -0.735241 
781 0.000000 -0.747953 
782 0.000000 -0.760603 
783 0.000000 -0.773191 
784 0.000000 -0.785714 
785 0.000000 -0.798173 
786 0.000000 -0.810565 
787 0.000000 -0.822891 
788 0.000000 -0.835149 
789 0.000000 -0.847337 
790 0.000000 -0.859456 
791 0.000000 -0.871503 
792 0.000000 -0.883479 
793 0.000000 -0.895381 
794 0.000000 -0.907210 
795 0.000000 -0.918963 
796 0.000000 -0.930641 
797 0.000000 -0.942241 
798 0.000000 -0.953764 
799 0.000000 -0.965208 
800 0.000000 -0.976572 
801 0.000000 -0.987856 
802 0.000000 -0.999057 
803 0.000000 -1.010177 
804 0.000000 -1.021212 
805 0.000000 -1.032164 
806 0.000000 -1.043030 
807 0.000000 -1.053810 
808 0.000000 -1.064502 
809 0.000000 -1.075107 
810 0.000000 -1.085623 
811 0.000000 -1.096049 
812 0.000000 -1.106385 
813 0.000000 -1.116629 
814 0.000000 -1.126781 
815 0.000000 -1.136840 
816 0.000000 -1.146805 
817 0.000000 -1.156675 
818 0.000000 -1.166449 
819 0.000000 -1.176128 
820 0.000000 -1.185708 
821 0.000000 -1.195191 
822 0.000000 -1.204575 
823 0.000000 -1.213860 
824 0.000000 -1.223044 
825 0.000000 -1.232127 
826 0.000000 -1.241109 
827 0.000000 -1.249988 
828 0.000000 -1.258763 
829 0.000000 -1.267434 
830 0.000000 -1.276001 
831 0.000000 -1.284462 
832 0.000000 -1.292817 
833 0.000000 -1.301066 
834 0.000000 -1.309206 
835 0.000000 -1.317239 
836 0.000000 -1.325163 
837 0.000000 -1.332977 
838 0.000000 -1.340681 
839 0.000000 -1.348274 
840 0.000000 -1.355756 
841 0.000000 -1.363125 
842 0.000000 -1.370382 
843 0.000000 -1.377526 
844 0.000000 -1.384556 
845 0.000000 -1.391472 
846 0.000000 -1.398272 
847 0.000000 -1.404957 
848 0.000000 -1.411526 
849 0.000000 -1.417978 
850 0.000000 -1.424313 
851 0.000000 -1.430531 
852 0.000000 -1.436630 
853 0.000000 -1.442610 
854 0.000000 -1.448471 
855 0.000000 -1.454213 
856 0.000000 -1.459834 
857 0.000000 -1.465334 
858 0.000000 -1.470714 
859 0.000000 -1.475972 
860 0.000000 -1.481108 
861 0.000000 -1.486121 
862 0.000000 -1.491012 
863 0.000000 -1.495780 
864 0.000000 -1.500424 
865 0.000000 -1.504944 
866 0.000000 -1.509339 
867 0.000000 -1.513610 
868 0.000000 -1.517756 
869 0.000000 -1.521776 
870 0.000000 -1.525670 
871 0.000000 -1.529439 
872 0.000000 -1.533081 
873 0.000000 -1.536596 
874 0.000000 -1.539984 
875 0.000000 -1.543245 
876 0.000000 -1.546379 
877 0.000000 -1.549385 
878 0.000000 -1.552262 
879 0.000000 -1.555012 
880 0.000000 -1.557633 
881 0.000000 -1.560125 
882 0.000000 -1.562488 
883 0.000000 -1.564722 
884 0.000000 -1.566827 
885 0.000000 -1.568802 
886 0.000000 -1.570648 
887 0.000000 -1.572363 
888 0.000000 -1.573949 
889 0.000000 -1.575405 
890 0.000000 -1.576731 
891 0.000000 -1.577926 
892 0.000000 -1.578991 
893 0.000000 -1.579925 
894 0.000000 -1.580729 
895 0.000000 -1.581402 
896 0.000000 -1.581945 
897 0.000000 -1.582357 
898 0.000000 -1.582637 
899 0.000000 -1.582788 
900 0.000000 -1.582807 
901 0.000000 -1.582696 
902 0.000000 -1.582453 
903 0.000000 -1.582080 
904 0.000000 -1.581577 
905 0.000000 -1.580942 
906 0.000000 -1.580177 
907 0.000000 -1.579281 
908 0.000000 -1.578255 
909 0.000000 -1.577098 
910 0.000000 -1.575811 
911 0.000000 -1.574394 
912 0.000000 -1.572847 
913 0.000000 -1.571169 
914 0.000000 -1.569362 
915 0.000000 -1.567425 
916 0.000000 -1.565359 
917 0.000000 -1.563163 
918 0.000000 -1.560838 
919 0.000000 -1.558384 
920 0.000000 -1.555801 
921 0.000000 -1.553090 
922 0.000000 -1.550250 
923 0.000000 -1.547282 
924 0.000000 -1.544187 
925 0.000000 -1.540963 
926 0.000000 -1.537613 
927 0.000000 -1.534135 
928 0.000000 -1.530530 
929 0.000000 -1.526799 
930 0.000000 -1.522942 
931 0.000000 -1.518959 
932 0.000000 -1.514851 
933 0.000000 -1.510617 
934 0.000000 -1.506258 
935 0.000000 -1.501775 
936 0.000000 -1.497168 
937 0.000000 -1.492437 
938 0.000000 -1.487583 
939 0.000000 -1.482605 
940 0.000000 -1.477506 
941 0.000000 -1.472284 
942 0.000000 -1.466940 
943 0.000000 -1.461475 
944 0.000000 -1.455890 
945 0.000000 -1.450184 
946 0.000000 -1.444358 
947 0.000000 -1.438413 
948 0.000000 -1.432349 
949 0.000000 -1.426167 
950 0.000000 -1.419866 
951 0.000000 -1.413449 
952 0.000000 -1.406915 
953 0.000000 -1.400264 
954 0.000000 -1.393498 
955 0.000000 -1.386616 
956 0.000000 -1.379620 
957 0.000000 -1.372510 
958 0.000000 -1.365286 
959 0.000000 -1.357950 
960 0.000000 -1.350501 
961 0.000000 -1.342941 
962 0.000000 -1.335270 
963 0.000000 -1.327488 
964 0.000000 -1.319597 
965 0.000000 -1.311596 
966 0.000000 -1.303488 
967 0.000000 -1.295271 
968 0.000000 -1.286948 
969 0.000000 -1.278518 
970 0.000000 -1.269982 
971 0.000000 -1.261342 
972 0.000000 -1.252597 
973 0.000000 -1.243749 
974 0.000000 -1.234798 
975 0.000000 -1.225745 
976 0.000000 -1.216590 
977 0.000000 -1.207335 
978 0.000000 -1.197980 
979 0.000000 -1.188527 
980 0.000000 -1.178975 
981 0.000000 -1.169325 
982 0.000000 -1.159579 
983 0.000000 -1.149738 
984 0.000000 -1.139801 
985 0.000000 -1.129770 
986 0.000000 -1.119645 
987 0.000000 -1.109428 
988 0.000000 -1.099119 
989 0.000000 -1.088720 
990 0.000000 -1.078231 
991 0.000000 -1.067652 
992 0.000000 -1.056985 
993 0.000000 -1.046231 
994 0.000000 -1.035390 
995 0.000000 -1.024464 
996 0.000000 -1.013453 
997 0.000000 -1.002359 
998 0.000000 -0.991181 
999 0.000000 -0.979922 
1000 0.000000 -0.968581 
1001 0.000000 -0.957161 
1002 0.000000 -0.945661 
1003 0.000000 -0.934084 
1004 0.000000 -0.922429 
1005 0.000000 -0.910698 
1006 0.000000 -0.898891 
1007 0.000000 -0.887011 
1008 0.000000 -0.875057 
1009 0.000000 -0.863031 
1010 0.000000 -0.850933 
1011 0.000000 -0.838765 
1012 0.000000 -0.826528 
1013 0.000000 -0.814222 
1014 0.000000 -0.801849 
1015 0.000000 -0.789410 
1016 0.000000 -0.776906 
1017 0.000000 -0.764337 
1018 0.000000 -0.751706 
1019 0.000000 -0.739012 
1020 0.000000 -0.726257 
1021 0.000000 -0.713442 
1022 0.000000 -0.700568 
1023 0.000000 -0.687636 
1024 0.000000 -0.674648 
1025 0.000000 -0.661603 
1026 0.000000 -0.648504 
1027 0.000000 -0.635351 
1028 0.000000 -0.622146 
1029 0.000000 -0.608890 
1030 0.000000 -0.595583 
1031 0.000000 -0.582227 
1032 0.000000 -0.568822 
1033 0.000000 -0.555371 
1034 0.000000 -0.541874 
1035 0.000000 -0.528332 
1036 0.000000 -0.514746 
1037 0.000000 -0.501118 
1038 0.000000 -0.487449 
1039 0.000000 -0.473739 
1040 0.000000 -0.459990 
1041 0.000000 -0.446203 
1042 0.000000 -0.432379 
1043 0.000000 -0.418519 
1044 0.000000 -0.404625 
1045 0.000000 -0.390698 
1046 0.000000 -0.376738 
1047 0.000000 -0.362747 
1048 0.000000 -0.348726 
1049 0.000000 -0.334676 
1050 0.000000 -0.320598 
1051 0.000000 -0.306494 
1052 0.000000 -0.292365 
1053 0.000000 -0.278211 
1054 0.000000 -0.264035 
1055 0.000000 -0.249836 
1056 0.000000 -0.235617 
1057 0.000000 -0.221379 
1058 0.000000 -0.207122 
1059 0.000000 -0.192848 
1060 0.000000 -0.178559 
1061 0.000000 -0.164254 
1062 0.000000 -0.149936 
1063 0.000000 -0.135605 
1064 0.000000 -0.121264 
1065 0.000000 -0.106912 
1066 0.000000 -0.092551 
1067 0.000000 -0.078183 
1068 0.000000 -0.063808 
1069 0.000000 -0.049428 
1070 0.000000 -0.035044 
1071 0.000000 -0.020657 
1072 0.000000 -0.006269 
1073 0.000000 0.008120 
1074 0.000000 0.022509 
1075 0.000000 0.036896 
1076 0.000000 0.051279 
1077 0.000000 0.065659 
1078 0.000000 0.080032 
1079 0.000000 0.094400 
1080 0.000000 0.108759 
1081 0.000000 0.123110 
1082 0.000000 0.137450 
1083 0.000000 0.151779 
1084 0.000000 0.166096 
1085 0.000000 0.180398 
1086 0.000000 0.194686 
1087 0.000000 0.208958 
1088 0.000000 0.223212 
1089 0.000000 0.237448 
1090 0.000000 0.251665 
1091 0.000000 0.265860 
1092 0.000000 0.280034 
1093 0.000000 0.294184 
1094 0.000000 0.308311 
1095 0.000000 0.322411 
1096 0.000000 0.336485 
1097 0.000000 0.350532 
1098 0.000000 0.364549 
1099 0.000000 0.378536 
1100 0.000000 0.392492 
1101 0.000000 0.406415 
1102 0.000000 0.420305 
1103 0.000000 0.434160 
1104 0.000000 0.447979 
1105 0.000000 0.461761 
1106 0.000000 0.475505 
1107 0.000000 0.489210 
1108 0.000000 0.502874 
1109 0.000000 0.516497 
1110 0.000000 0.530077 
1111 0.000000 0.543613 
1112 0.000000 0.557105 
1113 0.000000 0.570550 
1114 0.000000 0.583948 
1115 0.000000 0.597298 
1116 0.000000 0.610599 
1117 0.000000 0.623849 
1118 0.000000 0.637047 
1119 0.000000 0.650193 
1120 0.000000 0.663285 
1121 0.000000 0.676322 
1122 0.000000 0.689304 
1123 0.000000 0.702228 
1124 0.000000 0.715094 
1125 0.000000 0.727902 
1126 0.000000 0.740649 
1127 0.000000 0.753335 
1128 0.000000 0.765958 
1129 0.000000 0.778519 
1130 0.000000 0.791015 
1131 0.000000 0.803445 
1132 0.000000 0.815810 
1133 0.000000 0.828106 
1134 0.000000 0.840335 
1135 0.000000 0.852494 
1136 0.000000 0.864582 
1137 0.000000 0.876599 
1138 0.000000 0.888544 
1139 0.000000 0.900415 
1140 0.000000 0.912212 
1141 0.000000 0.923933 
1142 0.000000 0.935578 
1143 0.000000 0.947146 
1144 0.000000 0.958635 
1145 0.000000 0.970045 
1146 0.000000 0.981375 
1147 0.000000 0.992624 
1148 0.000000 1.003791 
1149 0.000000 1.014875 
1150 0.000000 1.025875 
1151 0.000000 1.036790 
1152 0.000000 1.047620 
1153 0.000000 1.058363 
1154 0.000000 1.069018 
1155 0.000000 1.079585 
1156 0.000000 1.090063 
1157 0.000000 1.100451 
1158 0.000000 1.110748 
1159 0.000000 1.120953 
1160 0.000000 1.131066 
1161 0.000000 1.141085 
1162 0.000000 1.151009 
1163 0.000000 1.160839 
1164 0.000000 1.170573 
1165 0.000000 1.180209 
1166 0.000000 1.189749 
1167 0.000000 1.199190 
1168 0.000000 1.208532 
1169 0.000000 1.217774 
1170 0.000000 1.226915 
1171 0.000000 1.235955 
1172 0.000000 1.244893 
1173 0.000000 1.253728 
1174 0.000000 1.262459 
1175 0.000000 1.271086 
1176 0.000000 1.279608 
1177 0.000000 1.288025 
1178 0.000000 1.296334 
1179 0.000000 1.304537 
1180 0.000000 1.312632 
1181 0.000000 1.320618 
1182 0.000000 1.328496 
1183 0.000000 1.336263 
1184 0.000000 1.343920 
1185 0.000000 1.351466 
1186 0.000000 1.358900 
1187 0.000000 1.366222 
1188 0.000000 1.373431 
1189 0.000000 1.380527 
1190 0.000000 1.387508 
1191 0.000000 1.394375 
1192 0.000000 1.401126 
1193 0.000000 1.407762 
1194 0.000000 1.414281 
1195 0.000000 1.420684 
1196 0.000000 1.426969 
1197 0.000000 1.433136 
1198 0.000000 1.439185 
1199 0.000000 1.445115 
1200 0.000000 1.450925 
1201 0.000000 1.456615 
1202 0.000000 1.462185 
1203 0.000000 1.467635 
1204 0.000000 1.472962 
1205 0.000000 1.478169 
1206 0.000000 1.483253 
1207 0.000000 1.488214 
1208 0.000000 1.493053 
1209 0.000000 1.497768 
1210 0.000000 1.502359 
1211 0.000000 1.506826 
1212 0.000000 1.511169 
1213 0.000000 1.515386 
1214 0.000000 1.519479 
1215 0.000000 1.523446 
1216 0.000000 1.527287 
1217 0.000000 1.531001 
1218 0.000000 1.534590 
1219 0.000000 1.538051 
1220 0.000000 1.541385 
1221 0.000000 1.544592 
1222 0.000000 1.547671 
1223 0.000000 1.550623 
1224 0.000000 1.553446 
1225 0.000000 1.556141 
1226 0.000000 1.558707 
1227 0.000000 1.561144 
1228 0.000000 1.563453 
1229 0.000000 1.565632 
1230 0.000000 1.567682 
1231 0.000000 1.569602 
1232 0.000000 1.571392 
1233 0.000000 1.573053 
1234 0.000000 1.574584 
1235 0.000000 1.575984 
1236 0.000000 1.577254 
1237 0.000000 1.578394 
1238 0.000000 1.579404 
1239 0.000000 1.580283 
1240 0.000000 1.581031 
1241 0.000000 1.581649 
1242 0.000000 1.582136 
1243 0.000000 1.582492 
1244 0.000000 1.582717 
1245 0.000000 1.582812 
1246 0.000000 1.582776 
1247 0.000000 1.582609 
1248 0.000000 1.582311 
1249 0.000000 1.581882 
1250 0.000000 1.581323 
1251 0.000000 1.580633 
1252 0.000000 1.579812 
1253 0.000000 1.578861 
1254 0.000000 1.577780 
1255 0.000000 1.576567 
1256 0.000000 1.575225 
1257 0.000000 1.573753 
1258 0.000000 1.572150 
1259 0.000000 1.570417 
1260 0.000000 1.568555 
1261 0.000000 1.566563 
1262 0.000000 1.564442 
1263 0.000000 1.562191 
1264 0.000001 1.559811 
1265 0.000001 1.557303 
1266 0.000001 1.554665 
1267 0.000001 1.551899 
1268 0.000001 1.549005 
1269 0.000001 1.545983 
1270 0.000001 1.542833 
1271 0.000001 1.539555 
1272 0.000001 1.536151 
1273 0.000001 1.532619 
1274 0.000001 1.528961 
1275 0.000001 1.525176 
1276 0.000001 1.521266 
1277 0.000001 1.517229 
1278 0.000001 1.513067 
1279 0.000001 1.508780 
1280 0.000001 1.504369 
1281 0.000001 1.499833 
1282 0.000001 1.495173 
1283 0.000001 1.490390 
1284 0.000001 1.485483 
1285 0.000001 1.480454 
1286 0.000001 1.475302 
1287 0.000001 1.470028 
1288 0.000001 1.464633 
1289 0.000002 1.459117 
1290 0.000002 1.453481 
1291 0.000002 1.447724 
1292 0.000002 1.441847 
1293 0.000002 1.435851 
1294 0.000002 1.429737 
1295 0.000002 1.423505 
1296 0.000002 1.417155 
1297 0.000002 1.410687 
1298 0.000002 1.404103 
1299 0.000002 1.397404 
1300 0.000002 1.390588 
1301 0.000003 1.383658 
1302 0.000003 1.376613 
1303 0.000003 1.369455 
1304 0.000003 1.362183 
1305 0.000003 1.354799 
1306 0.000003 1.347303 
1307 0.000003 1.339696 
1308 0.000003 1.331977 
1309 0.000004 1.324149 
1310 0.000004 1.316211 
1311 0.000004 1.308165 
1312 0.000004 1.300010 
1313 0.000004 1.291748 
1314 0.000004 1.283379 
1315 0.000005 1.274905 
1316 0.000005 1.266324 
1317 0.000005 1.257640 
1318 0.000005 1.248851 
1319 0.000005 1.239959 
1320 0.000006 1.230964 
1321 0.000006 1.221868 
1322 0.000006 1.212671 
1323 0.000006 1.203373 
1324 0.000007 1.193976 
1325 0.000007 1.184481 
1326 0.000007 1.174887 
1327 0.000007 1.165197 
1328 0.000008 1.155410 
1329 0.000008 1.145528 
1330 0.000008 1.135551 
1331 0.000009 1.125480 
1332 0.000009 1.115316 
1333 0.000009 1.105060 
1334 0.000010 1.094713 
1335 0.000010 1.084275 
1336 0.000011 1.073747 
1337 0.000011 1.063131 
1338 0.000012 1.052427 
1339 0.000012 1.041636 
1340 0.000013 1.030759 
1341 0.000013 1.019797 
1342 0.000014 1.008750 
1343 0.000014 0.997620 
1344 0.000015 0.986408 
1345 0.000015 0.975114 
1346 0.000016 0.963740 
1347 0.000016 0.952285 
1348 0.000017 0.940753 
1349 0.000018 0.929142 
1350 0.000019 0.917455 
1351 0.000019 0.905692 
1352 0.000020 0.893853 
1353 0.000021 0.881942 
1354 0.000022 0.869957 
1355 0.000023 0.857900 
1356 0.000023 0.845772 
1357 0.000024 0.833575 
1358 0.000025 0.821309 
1359 0.000026 0.808974 
1360 0.000027 0.796573 
1361 0.000028 0.784106 
1362 0.000030 0.771574 
1363 0.000031 0.758979 
1364 0.000032 0.746321 
1365 0.000033 0.733601 
1366 0.000034 0.720820 
1367 0.000036 0.707980 
1368 0.000037 0.695081 
1369 0.000039 0.682125 
1370 0.000040 0.669113 
1371 0.000042 0.656045 
1372 0.000043 0.642923 
1373 0.000045 0.629748 
1374 0.000047 0.616521 
1375 0.000048 0.603243 
1376 0.000050 0.589915 
1377 0.000052 0.576538 
1378 0.000054 0.563114 
1379 0.000056 0.549643 
1380 0.000058 0.536127 
1381 0.000060 0.522566 
1382 0.000063 0.508962 
1383 0.000065 0.495316 
1384 0.000068 0.481630 
1385 0.000070 0.467903 
1386 0.000073 0.454138 
1387 0.000076 0.440335 
1388 0.000078 0.426496 
1389 0.000081 0.412621 
1390 0.000084 0.398713 
1391 0.000087 0.384771 
1392 0.000091 0.370798 
1393 0.000094 0.356794 
1394 0.000098 0.342760 
1395 0.000101 0.328699 
1396 0.000105 0.314610 
1397 0.000109 0.300495 
1398 0.000113 0.286355 
1399 0.000117 0.272192 
1400 0.000121 0.258006 
1401 0.000126 0.243799 
1402 0.000130 0.229571 
1403 0.000135 0.215325 
1404 0.000140 0.201061 
1405 0.000145 0.186780 
1406 0.000150 0.172484 
1407 0.000156 0.158173 
1408 0.000162 0.143850 
1409 0.000167 0.129514 
1410 0.000173 0.115168 
1411 0.000180 0.100812 
1412 0.000186 0.086448 
1413 0.000193 0.072077 
1414 0.000200 0.057700 
1415 0.000207 0.043318 
1416 0.000214 0.028933 
1417 0.000222 0.014545 
1418 0.000230 0.000156 
1419 0.000238 -0.014233 
1420 0.000246 -0.028621 
1421 0.000255 -0.043006 
1422 0.000264 -0.057388 
1423 0.000274 -0.071765 
1424 0.000283 -0.086137 
1425 0.000293 -0.100501 
1426 0.000303 -0.114857 
1427 0.000314 -0.129203 
1428 0.000325 -0.143539 
1429 0.000336 -0.157863 
1430 0.000348 -0.172173 
1431 0.000360 -0.186470 
1432 0.000373 -0.200751 
1433 0.000386 -0.215015 
1434 0.000399 -0.229262 
1435 0.000413 -0.243490 
1436 0.000427 -0.257698 
1437 0.000442 -0.271884 
1438 0.000457 -0.286048 
1439 0.000473 -0.300188 
1440 0.000489 -0.314304 
1441 0.000506 -0.328393 
1442 0.000523 -0.342456 
1443 0.000541 -0.356490 
1444 0.000559 -0.370494 
1445 0.000578 -0.384468 
1446 0.000598 -0.398411 
1447 0.000618 -0.412320 
1448 0.000639 -0.426195 
1449 0.000660 -0.440035 
1450 0.000683 -0.453839 
1451 0.000706 -0.467605 
1452 0.000729 -0.481332 
1453 0.000754 -0.495020 
1454 0.000779 -0.508667 
1455 0.000805 -0.522271 
1456 0.000831 -0.535833 
1457 0.000859 -0.549350 
1458 0.000888 -0.562822 
1459 0.000917 -0.576248 
1460 0.000947 -0.589625 
1461 0.000978 -0.602954 
1462 0.001011 -0.616233 
1463 0.001044 -0.629462 
1464 0.001078 -0.642638 
1465 0.001113 -0.655761 
1466 0.001150 -0.668830 
1467 0.001187 -0.681844 
1468 0.001226 -0.694801 
1469 0.001265 -0.707701 
1470 0.001306 -0.720542 
1471 0.001349 -0.733324 
1472 0.001392 -0.746045 
1473 0.001437 -0.758705 
1474 0.001483 -0.771302 
1475 0.001531 -0.783835 
1476 0.001580 -0.796303 
1477 0.001630 -0.808706 
1478 0.001683 -0.821042 
1479 0.001736 -0.833310 
1480 0.001791 -0.845509 
1481 0.001848 -0.857638 
1482 0.001907 -0.869696 
1483 0.001967 -0.881682 
1484 0.002029 -0.893596 
1485 0.002093 -0.905435 
1486 0.002158 -0.917200 
1487 0.002226 -0.928889 
1488 0.002296 -0.940502 
1489 0.002368 -0.952036 
1490 0.002441 -0.963492 
1491 0.002517 -0.974868 
1492 0.002595 -0.986164 
1493 0.002676 -0.997378 
1494 0.002759 -1.008510 
1495 0.002844 -1.019558 
1496 0.002931 -1.030522 
1497 0.003021 -1.041401 
1498 0.003114 -1.052194 
1499 0.003209 -1.062900 
1500 0.003307 -1.073518 
1501 0.003408 -1.084047 
1502 0.003512 -1.094487 
1503 0.003619 -1.104837 
1504 0.003728 -1.115095 
1505 0.003841 -1.125260 
1506 0.003957 -1.135333 
1507 0.004076 -1.145312 
1508 0.004198 -1.155197 
1509 0.004324 -1.164986 
1510 0.004454 -1.174678 
1511 0.004587 -1.184274 
1512 0.004724 -1.193772 
1513 0.004864 -1.203171 
1514 0.005009 -1.212470 
1515 0.005157 -1.221670 
1516 0.005309 -1.230768 
1517 0.005466 -1.239765 
1518 0.005627 -1.248659 
1519 0.005792 -1.257450 
1520 0.005962 -1.266137 
1521 0.006136 -1.274720 
1522 0.006315 -1.283197 
1523 0.006499 -1.291568 
1524 0.006688 -1.299832 
1525 0.006882 -1.307989 
1526 0.007082 -1.316038 
1527 0.007286 -1.323978 
1528 0.007496 -1.331809 
1529 0.007712 -1.339529 
1530 0.007933 -1.347139 
1531 0.008160 -1.354638 
1532 0.008393 -1.362024 
1533 0.008633 -1.369298 
1534 0.008878 -1.376459 
1535 0.009130 -1.383506 
1536 0.009389 -1.390439 
1537 0.009654 -1.397257 
1538 0.009927 -1.403959 
1539 0.010206 -1.410546 
1540 0.010493 -1.417015 
1541 0.010786 -1.423368 
1542 0.011088 -1.429603 
1543 0.011397 -1.435720 
1544 0.011715 -1.441718 
1545 0.012040 -1.447597 
1546 0.012374 -1.453357 
1547 0.012716 -1.458996 
1548 0.013067 -1.464515 
1549 0.013426 -1.469913 
1550 0.013795 -1.475189 
1551 0.014173 -1.480343 
1552 0.014560 -1.485375 
1553 0.014958 -1.490285 
1554 0.015365 -1.495071 
1555 0.015782 -1.499733 
1556 0.016210 -1.504272 
1557 0.016648 -1.508686 
1558 0.017097 -1.512976 
1559 0.017557 -1.517140 
1560 0.018028 -1.521179 
1561 0.018511 -1.525093 
1562 0.019006 -1.528880 
1563 0.019513 -1.532541 
1564 0.020032 -1.536076 
1565 0.020564 -1.539483 
1566 0.021108 -1.542763 
1567 0.021666 -1.545916 
1568 0.022237 -1.548941 
1569 0.022822 -1.551838 
1570 0.023420 -1.554606 
1571 0.024033 -1.557247 
1572 0.024661 -1.559758 
1573 0.025303 -1.562141 
1574 0.025961 -1.564394 
1575 0.026634 -1.566519 
1576 0.027323 -1.568513 
1577 0.028028 -1.570378 
1578 0.028749 -1.572114 
1579 0.029487 -1.573719 
1580 0.030243 -1.575195 
1581 0.031016 -1.576540 
1582 0.031806 -1.577755 
1583 0.032615 -1.578839 
1584 0.033443 -1.579793 
1585 0.034289 -1.580617 
1586 0.035155 -1.581309 
1587 0.036041 -1.581872 
1588 0.036946 -1.582303 
1589 0.037872 -1.582604 
1590 0.038819 -1.582773 
1591 0.039787 -1.582812 
1592 0.040777 -1.582721 
1593 0.041789 -1.582498 
1594 0.042824 -1.582145 
1595 0.043882 -1.581661 
1596 0.044963 -1.581046 
1597 0.046068 -1.580300 
1598 0.047197 -1.579424 
1599 0.048351 -1.578418 
1600 0.049530 -1.577281 
1601 0.050735 -1.576013 
1602 0.051966 -1.574615 
1603 0.053224 -1.573088 
1604 0.054509 -1.571430 
1605 0.055822 -1.569642 
1606 0.057163 -1.567725 
1607 0.058532 -1.565678 
1608 0.059931 -1.563501 
1609 0.061360 -1.561196 
1610 0.062818 -1.558761 
1611 0.064308 -1.556198 
1612 0.065829 -1.553506 
1613 0.067382 -1.550685 
1614 0.068967 -1.547737 
1615 0.070586 -1.544660 
1616 0.072238 -1.541456 
1617 0.073925 -1.538125 
1618 0.075646 -1.534666 
1619 0.077403 -1.531081 
1620 0.079195 -1.527369 
1621 0.081025 -1.523530 
1622 0.082892 -1.519566 
1623 0.084796 -1.515476 
1624 0.086739 -1.511261 
1625 0.088722 -1.506922 
1626 0.090744 -1.502457 
1627 0.092807 -1.497869 
1628 0.094911 -1.493156 
1629 0.097057 -1.488320 
1630 0.099245 -1.483362 
1631 0.101477 -1.478280 
1632 0.103752 -1.473077 
1633 0.106073 -1.467751 
1634 0.108438 -1.462305 
1635 0.110850 -1.456737 
1636 0.113309 -1.451050 
1637 0.115815 -1.445242 
1638 0.118370 -1.439315 
1639 0.120974 -1.433269 
1640 0.123627 -1.427104 
1641 0.126331 -1.420821 
1642 0.129087 -1.414421 
1643 0.131895 -1.407905 
1644 0.134755 -1.401271 
1645 0.137670 -1.394522 
1646 0.140639 -1.387658 
1647 0.143664 -1.380679 
1648 0.146745 -1.373586 
1649 0.149882 -1.366380 
1650 0.153078 -1.359060 
1651 0.156333 -1.351628 
1652 0.159647 -1.344085 
1653 0.163022 -1.336430 
1654 0.166458 -1.328665 
1655 0.169956 -1.320790 
1656 0.173518 -1.312806 
1657 0.177143 -1.304714 
1658 0.180833 -1.296514 
1659 0.184589 -1.288206 
1660 0.188412 -1.279792 
1661 0.192303 -1.271272 
1662 0.196262 -1.262648 
1663 0.200290 -1.253919 
1664 0.204389 -1.245086 
1665 0.208559 -1.236150 
1666 0.212802 -1.227112 
1667 0.217118 -1.217973 
1668 0.221508 -1.208733 
1669 0.225974 -1.199394 
1670 0.230515 -1.189955 
1671 0.235134 -1.180417 
1672 0.239831 -1.170783 
1673 0.244607 -1.161051 
1674 0.249463 -1.151224 
1675 0.254401 -1.141301 
1676 0.259420 -1.131284 
1677 0.264523 -1.121174 
1678 0.269710 -1.110970 
1679 0.274982 -1.100676 
1680 0.280340 -1.090290 
1681 0.285786 -1.079814 
1682 0.291320 -1.069248 
1683 0.296943 -1.058595 
1684 0.302657 -1.047854 
1685 0.308462 -1.037026 
1686 0.314359 -1.026113 
1687 0.320350 -1.015114 
1688 0.326436 -1.004032 
1689 0.332618 -0.992867 
1690 0.338896 -0.981620 
1691 0.345272 -0.970292 
1692 0.351746 -0.958883 
1693 0.358321 -0.947396 
1694 0.364997 -0.935830 
1695 0.371774 -0.924187 
1696 0.378655 -0.912467 
1697 0.385640 -0.900672 
1698 0.392731 -0.888802 
1699 0.399928 -0.876859 
1700 0.407232 -0.864844 
1701 0.414644 -0.852757 
1702 0.422167 -0.840599 
1703 0.429800 -0.828372 
1704 0.437545 -0.816077 
1705 0.445402 -0.803714 
1706 0.453374 -0.791285 
1707 0.461460 -0.778791 
1708 0.469663 -0.766232 
1709 0.477983 -0.753609 
1710 0.486421 -0.740925 
1711 0.494978 -0.728179 
1712 0.503655 -0.715373 
1713 0.512454 -0.702508 
1714 0.521376 -0.689585 
1715 0.530420 -0.676604 
1716 0.539590 -0.663568 
1717 0.548885 -0.650477 
1718 0.558306 -0.637333 
1719 0.567856 -0.624135 
1720 0.577533 -0.610887 
1721 0.587341 -0.597587 
1722 0.597279 -0.584238 
1723 0.607349 -0.570841 
1724 0.617552 -0.557397 
1725 0.627889 -0.543907 
1726 0.638360 -0.530371 
1727 0.648967 -0.516792 
1728 0.659710 -0.503170 
1729 0.670592 -0.489507 
1730 0.681611 -0.475803 
1731 0.692771 -0.462060 
1732 0.704070 -0.448279 
1733 0.715512 -0.434460 
1734 0.727095 -0.420606 
1735 0.738822 -0.406717 
1736 0.750692 -0.392794 
1737 0.762708 -0.378839 
1738 0.774870 -0.364853 
1739 0.787178 -0.350836 
1740 0.799634 -0.336790 
1741 0.812238 -0.322717 
1742 0.824991 -0.308617 
1743 0.837894 -0.294491 
1744 0.850948 -0.280341 
1745 0.864154 -0.266168 
1746 0.877512 -0.251973 
1747 0.891022 -0.237757 
1748 0.904687 -0.223521 
1749 0.918506 -0.209267 
1750 0.932480 -0.194996 
1751 0.946610 -0.180708 
1752 0.960896 -0.166406 
1753 0.975340 -0.152090 
1754 0.989941 -0.137761 
1755 1.004701 -0.123421 
1756 1.019619 -0.109071 
1757 1.034697 -0.094711 
1758 1.049935 -0.080344 
1759 1.065333 -0.065970 
1760 1.080892 -0.051591 
1761 1.096613 -0.037208 
1762 1.112496 -0.022821 
1763 1.128540 -0.008433 
1764 1.144748 0.005957 
1765 1.161119 0.020345 
1766 1.177653 0.034732 
1767 1.194351 0.049116 
1768 1.211213 0.063496 
1769 1.228239 0.077871 
1770 1.245430 0.092240 
1771 1.262786 0.106600 
1772 1.280307 0.120952 
1773 1.297993 0.135294 
1774 1.315844 0.149625 
1775 1.333861 0.163944 
1776 1.352044 0.178248 
1777 1.370392 0.192539 
1778 1.388906 0.206813 
1779 1.407585 0.221070 
1780 1.426430 0.235309 
1781 1.445441 0.249528 
1782 1.464617 0.263727 
1783 1.483958 0.277904 
1784 1.503465 0.292058 
1785 1.523136 0.306188 
1786 1.542973 0.320292 
1787 1.562974 0.334371 
1788 1.583139 0.348421 
1789 1.603468 0.362443 
1790 1.623961 0.376434 
1791 1.644617 0.390395 
1792 1.665435 0.404323 
1793 1.686416 0.418218 
1794 1.707559 0.432079 
1795 1.728864 0.445903 
1796 1.750329 0.459691 
1797 1.771954 0.473441 
1798 1.793738 0.487152 
1799 1.815682 0.500822 
1800 1.837784 0.514451 
1801 1.860043 0.528038 
1802 1.882458 0.541581 
1803 1.905030 0.555079 
1804 1.927757 0.568531 
1805 1.950637 0.581936 
1806 1.973671 0.595294 
1807 1.996857 0.608602 
1808 2.020194 0.621859 
1809 2.043681 0.635066 
1810 2.067317 0.648219 
1811 2.091101 0.661320 
1812 2.115031 0.674365 
1813 2.139107 0.687355 
1814 2.163328 0.700288 
1815 2.187691 0.713163 
1816 2.212196 0.725979 
1817 2.236841 0.738736 
1818 2.261625 0.751431 
1819 2.286546 0.764064 
1820 2.311603 0.776634 
1821 2.336795 0.789140 
1822 2.362119 0.801580 
1823 2.387574 0.813955 
1824 2.413159 0.826262 
1825 2.438872 0.838500 
1826 2.464711 0.850670 
1827 2.490674 0.862769 
1828 2.516759 0.874797 
1829 2.542965 0.886752 
1830 2.569290 0.898634 
1831 2.595731 0.910442 
1832 2.622287 0.922175 
1833 2.648956 0.933832 
1834 2.675735 0.945411 
1835 2.702623 0.956912 
1836 2.729618 0.968334 
1837 2.756716 0.979677 
1838 2.783916 0.990938 
1839 2.811217 1.002117 
1840 2.838614 1.013213 
1841 2.866106 1.024226 
1842 2.893691 1.035154 
1843 2.921366 1.045997 
1844 2.949129 1.056753 
1845 2.976977 1.067421 
1846 3.004907 1.078002 
1847 3.032918 1.088493 
1848 3.061006 1.098895 
1849 3.089168 1.109205 
1850 3.117403 1.119424 
1851 3.145706 1.129551 
1852 3.174077 1.139584 
1853 3.202510 1.149523 
1854 3.231005 1.159367 
1855 3.259557 1.169115 
1856 3.288165 1.178766 
1857 3.316824 1.188321 
1858 3.345533 1.197776 
1859 3.374287 1.207133 
1860 3.403084 1.216390 
1861 3.431921 1.225547 
1862 3.460795 1.234602 
1863 3.489701 1.243556 
1864 3.518639 1.252406 
1865 3.547603 1.261153 
1866 3.576591 1.269796 
1867 3.605599 1.278334 
1868 3.634625 1.286766 
1869 3.663664 1.295092 
1870 3.692713 1.303310 
1871 3.721770 1.311422 
1872 3.750830 1.319424 
1873 3.779889 1.327318 
1874 3.808946 1.335102 
1875 3.837995 1.342776 
1876 3.867034 1.350338 
1877 3.896058 1.357789 
1878 3.925065 1.365128 
1879 3.954051 1.372354 
1880 3.983011 1.379467 
1881 4.011943 1.386465 
1882 4.040842 1.393349 
1883 4.069705 1.400118 
1884 4.098528 1.406771 
1885 4.127307 1.413308 
1886 4.156039 1.419728 
1887 4.184720 1.426031 
1888 4.213346 1.432216 
1889 4.241913 1.438283 
1890 4.270417 1.444230 
1891 4.298855 1.450059 
1892 4.327223 1.455767 
1893 4.355516 1.461355 
1894 4.383730 1.466823 
1895 4.411863 1.472169 
1896 4.439910 1.477394 
1897 4.467867 1.482496 
1898 4.495730 1.487476 
1899 4.523495 1.492333 
1900 4.551158 1.497066 
1901 4.578716 1.501676 
1902 4.606164 1.506162 
1903 4.633498 1.510524 
1904 4.660715 1.514760 
1905 4.687810 1.518871 
1906 4.714780 1.522857 
1907 4.741620 1.526717 
1908 4.768327 1.530451 
1909 4.794896 1.534058 
1910 4.821323 1.537539 
1911 4.847606 1.540892 
1912 4.873739 1.544118 
1913 4.899718 1.547217 
1914 4.925541 1.550187 
1915 4.951202 1.553030 
1916 4.976698 1.555744 
1917 5.002025 1.558329 
1918 5.027179 1.560786 
1919 5.052157 1.563114 
1920 5.076953 1.565313 
1921 5.101565 1.567382 
1922 5.125989 1.569321 
1923 5.150220 1.571131 
1924 5.174255 1.572812 
1925 5.198090 1.574362 
1926 5.221722 1.575782 
1927 5.245145 1.577072 
1928 5.268358 1.578231 
1929 5.291356 1.579260 
1930 5.314135 1.580159 
1931 5.336691 1.580927 
1932 5.359022 1.581564 
1933 5.381123 1.582071 
1934 5.402990 1.582447 
1935 5.424621 1.582692 
1936 5.446011 1.582806 
1937 5.467158 1.582789 
1938 5.488057 1.582642 
1939 5.508705 1.582364 
1940 5.529099 1.581955 
1941 5.549235 1.581415 
1942 5.569109 1.580745 
1943 5.588720 1.579944 
1944 5.608063 1.579013 
1945 5.627135 1.577951 
1946 5.645933 1.576758 
1947 5.664453 1.575435 
1948 5.682693 1.573982 
1949 5.700649 1.572399 
1950 5.718319 1.570686 
1951 5.735699 1.568843 
1952 5.752786 1.566871 
1953 5.769578 1.564769 
1954 5.786071 1.562538 
1955 5.802264 1.560177 
1956 5.818152 1.557688 
1957 5.833733 1.555070 
1958 5.849005 1.552323 
1959 5.863964 1.549448 
1960 5.878609 1.546446 
1961 5.892936 1.543315 
1962 5.906944 1.540057 
1963 5.920630 1.536671 
1964 5.933990 1.533158 
1965 5.947024 1.529519 
1966 5.959729 1.525753 
1967 5.972102 1.521862 
1968 5.984141 1.517844 
1969 5.995845 1.513701 
1970 6.007210 1.509433 
1971 6.018236 1.505040 
1972 6.028920 1.500523 
1973 6.039260 1.495882 
1974 6.049255 1.491117 
1975 6.058902 1.486229 
1976 6.068201 1.481218 
1977 6.077148 1.476085 
1978 6.085744 1.470829 
1979 6.093985 1.465452 
1980 6.101871 1.459954 
1981 6.109401 1.454336 
1982 6.116572 1.448597 
1983 6.123385 1.442739 
1984 6.129836 1.436761 
1985 6.135926 1.430664 
1986 6.141653 1.424449 
1987 6.147016 1.418117 
1988 6.152015 1.411667 
1989 6.156648 1.405101 
1990 6.160914 1.398419 
1991 6.164813 1.391620 
1992 6.168344 1.384707 
1993 6.171506 1.377680 
1994 6.174299 1.370539 
1995 6.176722 1.363284 
1996 6.178775 1.355917 
1997 6.180458 1.348437 
1998 6.181770 1.340847 
1999 6.182711 1.333145 
2000 6.183280 1.325333 
2001 6.183479 1.317412 
2002 6.183305 1.309382 
2003 6.182761 1.301243 
2004 6.181845 1.292998 
2005 6.180558 1.284645 
2006 6.178901 1.276186 
2007 6.176873 1.267621 
2008 6.174474 1.258952 
2009 6.171706 1.250179 
2010 6.168568 1.241302 
2011 6.165062 1.232323 
2012 6.161188 1.223242 
2013 6.156946 1.214060 
2014 6.152338 1.204778 
2015 6.147364 1.195396 
2016 6.142025 1.185915 
2017 6.136322 1.176336 
2018 6.130257 1.166660 
2019 6.123829 1.156888 
2020 6.117041 1.147020 
2021 6.109893 1.137057 
2022 6.102387 1.127000 
2023 6.094524 1.116851 
2024 6.086306 1.106608 
2025 6.077734 1.096275 
2026 6.068809 1.085850 
2027 6.059533 1.075336 
2028 6.049908 1.064733 
2029 6.039936 1.054043 
2030 6.029618 1.043265 
2031 6.018956 1.032400 
2032 6.007952 1.021451 
2033 5.996607 1.010417 
2034 5.984925 0.999299 
2035 5.972907 0.988099 
2036 5.960554 0.976818 
2037 5.947871 0.965455 
2038 5.934857 0.954013 
2039 5.921516 0.942492 
2040 5.907851 0.930893 
2041 5.893862 0.919217 
2042 5.879554 0.907465 
2043 5.864928 0.895638 
2044 5.849988 0.883738 
2045 5.834734 0.871764 
2046 5.819171 0.859718 
2047 5.803301 0.847601 
2048 5.787126 0.835414 
2049 5.770650 0.823158 
2050 5.753875 0.810833 
2051 5.736805 0.798442 
2052 5.719441 0.785985 
2053 5.701787 0.773463 
2054 5.683846 0.760877 
2055 5.665622 0.748228 
2056 5.647117 0.735518 
2057 5.628333 0.722746 
2058 5.609276 0.709915 
2059 5.589947 0.697025 
2060 5.570350 0.684077 
2061 5.550488 0.671073 
2062 5.530365 0.658014 
2063 5.509984 0.644900 
2064 5.489348 0.631733 
2065 5.468461 0.618513 
2066 5.447327 0.605243 
2067 5.425947 0.591922 
2068 5.404327 0.578553 
2069 5.382470 0.565136 
2070 5.360380 0.551672 
2071 5.338059 0.538162 
2072 5.315512 0.524608 
2073 5.292742 0.511011 
2074 5.269753 0.497371 
2075 5.246548 0.483690 
2076 5.223132 0.469970 
2077 5.199508 0.456210 
2078 5.175680 0.442413 
2079 5.151652 0.428579 
2080 5.127427 0.414710 
2081 5.103010 0.400806 
2082 5.078403 0.386870 
2083 5.053612 0.372901 
2084 5.028639 0.358902 
2085 5.003490 0.344873 
2086 4.978167 0.330815 
2087 4.952674 0.316730 
2088 4.927017 0.302619 
2089 4.901197 0.288483 
2090 4.875220 0.274323 
2091 4.849089 0.260140 
2092 4.822809 0.245936 
2093 4.796383 0.231712 
2094 4.769815 0.217468 
2095 4.743109 0.203207 
2096 4.716269 0.188928 
2097 4.689300 0.174634 
2098 4.662204 0.160326 
2099 4.634987 0.146004 
2100 4.607652 0.131671 
2101 4.580202 0.117326 
2102 4.552643 0.102972 
2103 4.524978 0.088609 
2104 4.497210 0.074239 
2105 4.469344 0.059863 
2106 4.441385 0.045481 
2107 4.413334 0.031096 
2108 4.385198 0.016709 
2109 4.356979 0.002320 
2110 4.328682 -0.012069 
2111 4.300310 -0.026457 
2112 4.271867 -0.040843 
2113 4.243357 -0.055226 
2114 4.214785 -0.069604 
2115 4.186153 -0.083976 
2116 4.157466 -0.098341 
2117 4.128727 -0.112698 
2118 4.099941 -0.127046 
2119 4.071111 -0.141384 
2120 4.042240 -0.155709 
2121 4.013333 -0.170022 
2122 3.984394 -0.184321 
2123 3.955425 -0.198604 
2124 3.926431 -0.212871 
2125 3.897416 -0.227121 
2126 3.868382 -0.241352 
2127 3.839334 -0.255562 
2128 3.810275 -0.269752 
2129 3.781209 -0.283920 
2130 3.752139 -0.298063 
2131 3.723069 -0.312183 
2132 3.694002 -0.326276 
2133 3.664942 -0.340343 
2134 3.635892 -0.354381 
2135 3.606855 -0.368390 
2136 3.577836 -0.382369 
2137 3.548836 -0.396316 
2138 3.519860 -0.410230 
2139 3.490911 -0.424111 
2140 3.461992 -0.437956 
2141 3.433106 -0.451765 
2142 3.404256 -0.465537 
2143 3.375447 -0.479270 
2144 3.346679 -0.492964 
2145 3.317958 -0.506617 
2146 3.289285 -0.520228 
2147 3.260665 -0.533796 
2148 3.232099 -0.547320 
2149 3.203591 -0.560799 
2150 3.175143 -0.574232 
2151 3.146759 -0.587617 
2152 3.118441 -0.600953 
2153 3.090192 -0.614240 
2154 3.062016 -0.627476 
2155 3.033913 -0.640660 
2156 3.005888 -0.653791 
2157 2.977943 -0.666868 
2158 2.950081 -0.679890 
2159 2.922303 -0.692856 
2160 2.894613 -0.705765 
2161 2.867014 -0.718615 
2162 2.839506 -0.731406 
2163 2.812094 -0.744136 
2164 2.784779 -0.756805 
2165 2.757563 -0.769412 
2166 2.730449 -0.781954 
2167 2.703440 -0.794433 
2168 2.676536 -0.806845 
2169 2.649742 -0.819191 
2170 2.623057 -0.831469 
2171 2.596486 -0.843678 
2172 2.570029 -0.855818 
2173 2.543689 -0.867887 
2174 2.517467 -0.879884 
2175 2.491366 -0.891809 
2176 2.465388 -0.903660 
2177 2.439534 -0.915436 
2178 2.413805 -0.927136 
2179 2.388205 -0.938760 
2180 2.362734 -0.950307 
2181 2.337394 -0.961774 
2182 2.312187 -0.973163 
2183 2.287115 -0.984470 
2184 2.262178 -0.995697 
2185 2.237379 -1.006841 
2186 2.212719 -1.017902 
2187 2.188198 -1.028879 
2188 2.163820 -1.039771 
2189 2.139584 -1.050577 
2190 2.115493 -1.061296 
2191 2.091548 -1.071927 
2192 2.067749 -1.082470 
2193 2.044098 -1.092923 
2194 2.020596 -1.103286 
2195 1.997244 -1.113558 
2196 1.974044 -1.123738 
2197 1.950995 -1.133825 
2198 1.928100 -1.143818 
2199 1.905359 -1.153716 
2200 1.882773 -1.163520 
2201 1.860343 -1.173227 
2202 1.838070 -1.182837 
2203 1.815954 -1.192350 
2204 1.793997 -1.201763 
2205 1.772198 -1.211078 
2206 1.750560 -1.220293 
2207 1.729081 -1.229406 
2208 1.707763 -1.238418 
2209 1.686607 -1.247328 
2210 1.665613 -1.256135 
2211 1.644781 -1.264837 
2212 1.624112 -1.273436 
2213 1.603606 -1.281929 
2214 1.583264 -1.290316 
2215 1.563086 -1.298596 
2216 1.543073 -1.306769 
2217 1.523224 -1.314834 
2218 1.503540 -1.322791 
2219 1.484022 -1.330638 
2220 1.464668 -1.338375 
2221 1.445481 -1.346002 
2222 1.426458 -1.353517 
2223 1.407602 -1.360921 
2224 1.388911 -1.368212 
2225 1.370386 -1.375390 
2226 1.352027 -1.382454 
2227 1.333834 -1.389404 
2228 1.315806 -1.396239 
2229 1.297944 -1.402959 
2230 1.280248 -1.409563 
2231 1.262716 -1.416050 
2232 1.245351 -1.422420 
2233 1.228150 -1.428673 
2234 1.211113 -1.434808 
2235 1.194242 -1.440824 
2236 1.177534 -1.446721 
2237 1.160991 -1.452498 
2238 1.144611 -1.458156 
2239 1.128394 -1.463693 
2240 1.112341 -1.469109 
2241 1.096449 -1.474403 
2242 1.080720 -1.479576 
2243 1.065153 -1.484626 
2244 1.049746 -1.489554 
2245 1.034500 -1.494359 
2246 1.019415 -1.499040 
2247 1.004489 -1.503597 
2248 0.989722 -1.508030 
2249 0.975113 -1.512338 
2250 0.960662 -1.516522 
2251 0.946369 -1.520580 
2252 0.932232 -1.524512 
2253 0.918251 -1.528319 
2254 0.904426 -1.531999 
2255 0.890755 -1.535552 
2256 0.877238 -1.538979 
2257 0.863874 -1.542278 
2258 0.850662 -1.545450 
2259 0.837602 -1.548494 
2260 0.824694 -1.551410 
2261 0.811935 -1.554198 
2262 0.799326 -1.556858 
2263 0.786865 -1.559389 
2264 0.774551 -1.561791 
2265 0.762385 -1.564064 
2266 0.750365 -1.566207 
2267 0.738490 -1.568222 
2268 0.726759 -1.570106 
2269 0.715171 -1.571861 
2270 0.703726 -1.573486 
2271 0.692422 -1.574981 
2272 0.681259 -1.576346 
2273 0.670236 -1.577580 
2274 0.659351 -1.578684 
2275 0.648604 -1.579658 
2276 0.637994 -1.580501 
2277 0.627520 -1.581214 
2278 0.617180 -1.581795 
2279 0.606975 -1.582246 
2280 0.596902 -1.582567 
2281 0.586961 -1.582756 
2282 0.577151 -1.582815 
2283 0.567471 -1.582743 
2284 0.557920 -1.582540 
2285 0.548496 -1.582206 
2286 0.539199 -1.581742 
2287 0.530028 -1.581147 
2288 0.520982 -1.580421 
2289 0.512059 -1.579564 
2290 0.503259 -1.578577 
2291 0.494580 -1.577460 
2292 0.486021 -1.576212 
2293 0.477582 -1.574834 
2294 0.469262 -1.573326 
2295 0.461058 -1.571687 
2296 0.452971 -1.569919 
2297 0.444999 -1.568021 
2298 0.437141 -1.565994 
2299 0.429396 -1.563837 
2300 0.421762 -1.561551 
2301 0.414240 -1.559136 
2302 0.406827 -1.556592 
2303 0.399523 -1.553919 
2304 0.392326 -1.551118 
2305 0.385236 -1.548188 
2306 0.378251 -1.545131 
2307 0.371371 -1.541946 
2308 0.364594 -1.538634 
2309 0.357918 -1.535194 
2310 0.351344 -1.531628 
2311 0.344870 -1.527935 
2312 0.338495 -1.524116 
2313 0.332218 -1.520170 
2314 0.326038 -1.516099 
2315 0.319953 -1.511903 
2316 0.313963 -1.507582 
2317 0.308067 -1.503136 
2318 0.302263 -1.498567 
2319 0.296551 -1.493873 
2320 0.290929 -1.489055 
2321 0.285396 -1.484115 
2322 0.279952 -1.479052 
2323 0.274596 -1.473867 
2324 0.269325 -1.468560 
2325 0.264140 -1.463132 
2326 0.259039 -1.457582 
2327 0.254021 -1.451913 
2328 0.249086 -1.446123 
2329 0.244232 -1.440214 
2330 0.239458 -1.434185 
2331 0.234763 -1.428039 
2332 0.230146 -1.421774 
2333 0.225607 -1.415391 
2334 0.221143 -1.408892 
2335 0.216755 -1.402276 
2336 0.212442 -1.395545 
2337 0.208201 -1.388698 
2338 0.204033 -1.381736 
2339 0.199937 -1.374660 
2340 0.195911 -1.367471 
2341 0.191954 -1.360168 
2342 0.188066 -1.352753 
2343 0.184246 -1.345226 
2344 0.180492 -1.337588 
2345 0.176805 -1.329840 
2346 0.173182 -1.321982 
2347 0.169623 -1.314014 
2348 0.166128 -1.305938 
2349 0.162694 -1.297754 
2350 0.159322 -1.289462 
2351 0.156011 -1.281064 
2352 0.152759 -1.272560 
2353 0.149566 -1.263951 
2354 0.146431 -1.255238 
2355 0.143353 -1.246421 
2356 0.140331 -1.237501 
2357 0.137365 -1.228478 
2358 0.134453 -1.219354 
2359 0.131595 -1.210129 
2360 0.128790 -1.200804 
2361 0.126037 -1.191380 
2362 0.123336 -1.181858 
2363 0.120685 -1.172238 
2364 0.118085 -1.162521 
2365 0.115533 -1.152708 
2366 0.113030 -1.142799 
2367 0.110574 -1.132796 
2368 0.108165 -1.122700 
2369 0.105802 -1.112511 
2370 0.103485 -1.102230 
2371 0.101212 -1.091857 
2372 0.098983 -1.081395 
2373 0.096798 -1.070843 
2374 0.094655 -1.060203 
2375 0.092554 -1.049475 
2376 0.090494 -1.038660 
2377 0.088474 -1.027759 
2378 0.086495 -1.016774 
2379 0.084554 -1.005704 
2380 0.082653 -0.994552 
2381 0.080789 -0.983317 
2382 0.078962 -0.972001 
2383 0.077172 -0.960604 
2384 0.075419 -0.949128 
2385 0.073700 -0.937574 
2386 0.072017 -0.925942 
2387 0.070367 -0.914234 
2388 0.068751 -0.902450 
2389 0.067169 -0.890592 
2390 0.065618 -0.878660 
2391 0.064100 -0.866655 
2392 0.062613 -0.854579 
2393 0.061157 -0.842432 
2394 0.059731 -0.830216 
2395 0.058335 -0.817930 
2396 0.056968 -0.805578 
2397 0.055630 -0.793158 
2398 0.054320 -0.780674 
2399 0.053038 -0.768124 
2400 0.051782 -0.755511 
2401 0.050554 -0.742836 
2402 0.049352 -0.730099 
2403 0.048175 -0.717302 
2404 0.047023 -0.704446 
2405 0.045897 -0.691532 
2406 0.044794 -0.678560 
2407 0.043716 -0.665532 
2408 0.042661 -0.652450 
2409 0.041628 -0.639313 
2410 0.040619 -0.626123 
2411 0.039631 -0.612882 
2412 0.038665 -0.599590 
2413 0.037721 -0.586249 
2414 0.036797 -0.572859 
2415 0.035894 -0.559422 
2416 0.035011 -0.545938 
2417 0.034147 -0.532410 
2418 0.033303 -0.518837 
2419 0.032477 -0.505222 
2420 0.031671 -0.491564 
2421 0.030882 -0.477867 
2422 0.030111 -0.464129 
2423 0.029358 -0.450354 
2424 0.028622 -0.436541 
2425 0.027903 -0.422692 
2426 0.027200 -0.408808 
2427 0.026513 -0.394890 
2428 0.025842 -0.380940 
2429 0.025186 -0.366958 
2430 0.024546 -0.352946 
2431 0.023920 -0.338904 
2432 0.023309 -0.324835 
2433 0.022712 -0.310739 
2434 0.022129 -0.296617 
2435 0.021560 -0.282471 
2436 0.021005 -0.268301 
2437 0.020462 -0.254109 
2438 0.019932 -0.239896 
2439 0.019415 -0.225663 
2440 0.018910 -0.211412 
2441 0.018417 -0.197143 
2442 0.017935 -0.182858 
2443 0.017466 -0.168558 
2444 0.017007 -0.154244 
2445 0.016560 -0.139917 
2446 0.016123 -0.125578 
2447 0.015697 -0.111229 
2448 0.015281 -0.096871 
2449 0.014876 -0.082505 
2450 0.014480 -0.068132 
2451 0.014094 -0.053754 
2452 0.013718 -0.039371 
2453 0.013350 -0.024985 
2454 0.012992 -0.010596 
2455 0.012643 0.003793 
2456 0.012302 0.018181 
2457 0.011970 0.032569 
2458 0.011646 0.046953 
2459 0.011330 0.061334 
2460 0.011022 0.075710 
2461 0.010722 0.090079 
2462 0.010429 0.104441 
2463 0.010143 0.118795 
2464 0.009865 0.133138 
2465 0.009594 0.147471 
2466 0.009330 0.161791 
2467 0.009073 0.176098 
2468 0.008822 0.190391 
2469 0.008577 0.204667 
2470 0.008339 0.218927 
2471 0.008107 0.233169 
2472 0.007881 0.247391 
2473 0.007661 0.261593 
2474 0.007446 0.275773 
2475 0.007237 0.289931 
2476 0.007034 0.304065 
2477 0.006835 0.318173 
2478 0.006642 0.332255 
2479 0.006455 0.346310 
2480 0.006271 0.360336 
2481 0.006093 0.374332 
2482 0.005920 0.388298 
2483 0.005751 0.402231 
2484 0.005587 0.416131 
2485 0.005426 0.429997 
2486 0.005271 0.443827 
2487 0.005119 0.457620 
2488 0.004972 0.471376 
2489 0.004828 0.485092 
2490 0.004688 0.498769 
2491 0.004552 0.512404 
2492 0.004420 0.525997 
2493 0.004291 0.539547 
2494 0.004166 0.553052 
2495 0.004044 0.566511 
2496 0.003926 0.579923 
2497 0.003811 0.593288 
2498 0.003699 0.606603 
2499 0.003590 0.619869 
2500 0.003484 0.633083 
2501 0.003381 0.646245 
2502 0.003280 0.659353 
2503 0.003183 0.672407 
2504 0.003088 0.685405 
2505 0.002996 0.698347 
2506 0.002907 0.711231 
2507 0.002820 0.724056 
2508 0.002735 0.736821 
2509 0.002653 0.749526 
2510 0.002573 0.762168 
2511 0.002495 0.774748 
2512 0.002420 0.787263 
2513 0.002347 0.799714 
2514 0.002276 0.812098 
2515 0.002206 0.824415 
2516 0.002139 0.836664 
2517 0.002074 0.848844 
2518 0.002010 0.860954 
2519 0.001949 0.872992 
2520 0.001889 0.884959 
2521 0.001831 0.896852 
2522 0.001775 0.908672 
2523 0.001720 0.920416 
2524 0.001667 0.932084 
2525 0.001615 0.943675 
2526 0.001565 0.955188 
2527 0.001516 0.966622 
2528 0.001469 0.977976 
2529 0.001423 0.989249 
2530 0.001379 1.000441 
2531 0.001335 1.011550 
2532 0.001293 1.022575 
2533 0.001253 1.033516 
2534 0.001213 1.044372 
2535 0.001175 1.055141 
2536 0.001138 1.065823 
2537 0.001102 1.076416 
2538 0.001067 1.086921 
2539 0.001033 1.097336 
2540 0.001000 1.107661 
2541 0.000968 1.117894 
2542 0.000937 1.128034 
2543 0.000907 1.138081 
2544 0.000878 1.148034 
2545 0.000850 1.157893 
2546 0.000822 1.167655 
2547 0.000796 1.177321 
2548 0.000770 1.186890 
2549 0.000745 1.196361 
2550 0.000721 1.205733 
2551 0.000698 1.215005 
2552 0.000675 1.224176 
2553 0.000653 1.233247 
2554 0.000632 1.242216 
2555 0.000611 1.251082 
2556 0.000591 1.259844 
2557 0.000571 1.268503 
2558 0.000553 1.277056 
2559 0.000534 1.285505 
2560 0.000517 1.293846 
2561 0.000500 1.302081 
2562 0.000483 1.310209 
2563 0.000467 1.318228 
2564 0.000452 1.326138 
2565 0.000437 1.333938 
2566 0.000422 1.341629 
2567 0.000408 1.349208 
2568 0.000394 1.356676 
2569 0.000381 1.364032 
2570 0.000368 1.371275 
2571 0.000356 1.378404 
2572 0.000344 1.385420 
2573 0.000332 1.392322 
2574 0.000321 1.399108 
2575 0.000310 1.405778 
2576 0.000300 1.412333 
2577 0.000289 1.418770 
2578 0.000279 1.425091 
2579 0.000270 1.431294 
2580 0.000261 1.437378 
2581 0.000252 1.443344 
2582 0.000243 1.449190 
2583 0.000235 1.454916 
2584 0.000227 1.460523 
2585 0.000219 1.466008 
2586 0.000211 1.471373 
2587 0.000204 1.476616 
2588 0.000197 1.481736 
2589 0.000190 1.486735 
2590 0.000183 1.491610 
2591 0.000177 1.496362 
2592 0.000171 1.500991 
2593 0.000165 1.505496 
2594 0.000159 1.509876 
2595 0.000154 1.514131 
2596 0.000148 1.518261 
2597 0.000143 1.522266 
2598 0.000138 1.526145 
2599 0.000133 1.529897 
2600 0.000128 1.533524 
2601 0.000124 1.537023 
2602 0.000119 1.540396 
2603 0.000115 1.543641 
2604 0.000111 1.546759 
2605 0.000107 1.549749 
2606 0.000103 1.552610 
2607 0.000100 1.555344 
2608 0.000096 1.557949 
2609 0.000093 1.560425 
2610 0.000089 1.562772 
2611 0.000086 1.564990 
2612 0.000083 1.567079 
2613 0.000080 1.569038 
2614 0.000077 1.570868 
2615 0.000074 1.572567 
2616 0.000072 1.574137 
2617 0.000069 1.575577 
2618 0.000066 1.576886 
2619 0.000064 1.578065 
2620 0.000062 1.579114 
2621 0.000059 1.580032 
2622 0.000057 1.580820 
2623 0.000055 1.581477 
2624 0.000053 1.582003 
2625 0.000051 1.582398 
2626 0.000049 1.582663 
2627 0.000047 1.582797 
2628 0.000046 1.582800 
2629 0.000044 1.582673 
2630 0.000042 1.582414 
2631 0.000041 1.582025 
2632 0.000039 1.581505 
2633 0.000038 1.580854 
2634 0.000036 1.580073 
2635 0.000035 1.579161 
2636 0.000034 1.578119 
2637 0.000032 1.576946 
2638 0.000031 1.575643 
2639 0.000030 1.574209 
2640 0.000029 1.572646 
2641 0.000028 1.570952 
2642 0.000027 1.569129 
2643 0.000026 1.567176 
2644 0.000025 1.565093 
2645 0.000024 1.562882 
2646 0.000023 1.560541 
2647 0.000022 1.558071 
2648 0.000021 1.555472 
2649 0.000020 1.552745 
2650 0.000020 1.549889 
2651 0.000019 1.546905 
2652 0.000018 1.543794 
2653 0.000017 1.540555 
2654 0.000017 1.537188 
2655 0.000016 1.533695 
2656 0.000016 1.530074 
2657 0.000015 1.526328 
2658 0.000014 1.522455 
2659 0.000014 1.518456 
2660 0.000013 1.514332 
2661 0.000013 1.510083 
2662 0.000012 1.505709 
2663 0.000012 1.501210 
2664 0.000011 1.496588 
2665 0.000011 1.491841 
2666 0.000010 1.486972 
2667 0.000010 1.481979 
2668 0.000010 1.476864 
2669 0.000009 1.471627 
2670 0.000009 1.466269 
2671 0.000009 1.460789 
2672 0.000008 1.455189 
2673 0.000008 1.449468 
2674 0.000008 1.443627 
2675 0.000007 1.437667 
2676 0.000007 1.431589 
2677 0.000007 1.425392 
2678 0.000006 1.419077 
2679 0.000006 1.412645 
2680 0.000006 1.406096 
2681 0.000006 1.399431 
2682 0.000005 1.392650 
2683 0.000005 1.385754 
2684 0.000005 1.378744 
2685 0.000005 1.371620 
2686 0.000005 1.364382 
2687 0.000004 1.357032 
2688 0.000004 1.349569 
2689 0.000004 1.341995 
2690 0.000004 1.334310 
2691 0.000004 1.326515 
2692 0.000004 1.318610 
2693 0.000003 1.310596 
2694 0.000003 1.302474 
2695 0.000003 1.294244 
2696 0.000003 1.285908 
2697 0.000003 1.277465 
2698 0.000003 1.268916 
2699 0.000003 1.260263 
2700 0.000003 1.251505 
2701 0.000002 1.242644 
2702 0.000002 1.233680 
2703 0.000002 1.224614 
2704 0.000002 1.215448 
2705 0.000002 1.206180 
2706 0.000002 1.196813 
2707 0.000002 1.187347 
2708 0.000002 1.177783 
2709 0.000002 1.168122 
2710 0.000002 1.158364 
2711 0.000002 1.148510 
2712 0.000002 1.138561 
2713 0.000001 1.128519 
2714 0.000001 1.118383 
2715 0.000001 1.108154 
2716 0.000001 1.097834 
2717 0.000001 1.087424 
2718 0.000001 1.076923 
2719 0.000001 1.066334 
2720 0.000001 1.055656 
2721 0.000001 1.044891 
2722 0.000001 1.034040 
2723 0.000001 1.023103 
2724 0.000001 1.012082 
2725 0.000001 1.000977 
2726 0.000001 0.989789 
2727 0.000001 0.978519 
2728 0.000001 0.967169 
2729 0.000001 0.955739 
2730 0.000001 0.944230 
2731 0.000001 0.932642 
2732 0.000001 0.920978 
2733 0.000001 0.909237 
2734 0.000001 0.897422 
2735 0.000001 0.885532 
2736 0.000001 0.873569 
2737 0.000001 0.861534 
2738 0.000001 0.849427 
2739 0.000000 0.837251 
2740 0.000000 0.825005 
2741 0.000000 0.812691 
2742 0.000000 0.800310 
2743 0.000000 0.787863 
2744 0.000000 0.775350 
2745 0.000000 0.762774 
2746 0.000000 0.750135 
2747 0.000000 0.737433 
2748 0.000000 0.724671 
2749 0.000000 0.711848 
2750 0.000000 0.698967 
2751 0.000000 0.686028 
2752 0.000000 0.673033 
2753 0.000000 0.659981 
2754 0.000000 0.646876 
2755 0.000000 0.633717 
2756 0.000000 0.620505 
2757 0.000000 0.607242 
2758 0.000000 0.593929 
2759 0.000000 0.580567 
2760 0.000000 0.567157 
2761 0.000000 0.553700 
2762 0.000000 0.540197 
2763 0.000000 0.526650 
2764 0.000000 0.513059 
2765 0.000000 0.499426 
2766 0.000000 0.485751 
2767 0.000000 0.472036 
2768 0.000000 0.458283 
2769 0.000000 0.444491 
2770 0.000000 0.430663 
2771 0.000000 0.416799 
2772 0.000000 0.402901 
2773 0.000000 0.388969 
2774 0.000000 0.375005 
2775 0.000000 0.361011 
2776 0.000000 0.346986 
2777 0.000000 0.332933 
2778 0.000000 0.318853 
2779 0.000000 0.304746 
2780 0.000000 0.290613 
2781 0.000000 0.276457 
2782 0.000000 0.262278 
2783 0.000000 0.248078 
2784 0.000000 0.233857 
2785 0.000000 0.219617 
2786 0.000000 0.205358 
2787 0.000000 0.191083 
2788 0.000000 0.176792 
2789 0.000000 0.162486 
2790 0.000000 0.148167 
2791 0.000000 0.133836 
2792 0.000000 0.119494 
2793 0.000000 0.105142 
2794 0.000000 0.090782 
2795 0.000000 0.076414 
2796 0.000000 0.062040 
2797 0.000000 0.047661 
2798 0.000000 0.033278 
2799 0.000000 0.018893 
2800 0.000000 0.004506 
2801 0.000000 -0.009881 
2802 0.000000 -0.024267 
2803 0.000000 -0.038650 
2804 0.000000 -0.053031 
2805 0.000000 -0.067406 
2806 0.000000 -0.081776 
2807 0.000000 -0.096139 
2808 0.000000 -0.110493 
2809 0.000000 -0.124838 
2810 0.000000 -0.139172 
2811 0.000000 -0.153494 
2812 0.000000 -0.167803 
2813 0.000000 -0.182098 
2814 0.000000 -0.196377 
2815 0.000000 -0.210639 
2816 0.000000 -0.224883 
2817 0.000000 -0.239108 
2818 0.000000 -0.253312 
2819 0.000000 -0.267495 
2820 0.000000 -0.281654 
2821 0.000000 -0.295790 
2822 0.000000 -0.309899 
2823 0.000000 -0.323982 
2824 0.000000 -0.338038 
2825 0.000000 -0.352063 
2826 0.000000 -0.366059 
2827 0.000000 -0.380022 
2828 0.000000 -0.393953 
2829 0.000000 -0.407849 
2830 0.000000 -0.421710 
2831 0.000000 -0.435534 
2832 0.000000 -0.449319 
2833 0.000000 -0.463066 
2834 0.000000 -0.476771 
2835 0.000000 -0.490435 
2836 0.000000 -0.504055 
2837 0.000000 -0.517630 
2838 0.000000 -0.531160 
2839 0.000000 -0.544642 
2840 0.000000 -0.558075 
2841 0.000000 -0.571458 
2842 0.000000 -0.584790 
2843 0.000000 -0.598069 
2844 0.000000 -0.611293 
2845 0.000000 -0.624462 
2846 0.000000 -0.637574 
2847 0.000000 -0.650627 
2848 0.000000 -0.663621 
2849 0.000000 -0.676553 
2850 0.000000 -0.689422 
2851 0.000000 -0.702226 
2852 0.000000 -0.714965 
2853 0.000000 -0.727636 
2854 0.000000 -0.740238 
2855 0.000000 -0.752769 
2856 0.000000 -0.765228 
2857 0.000000 -0.777613 
2858 0.000000 -0.789923 
2859 0.000000 -0.802155 
2860 0.000000 -0.814309 
2861 0.000000 -0.826381 
2862 0.000000 -0.838372 
2863 0.000000 -0.850278 
2864 0.000000 -0.862098 
2865 0.000000 -0.873830 
2866 0.000000 -0.885472 
2867 0.000000 -0.897022 
2868 0.000000 -0.908479 
2869 0.000000 -0.919840 
2870 0.000000 -0.931104 
2871 0.000000 -0.942268 
2872 0.000000 -0.953330 
2873 0.000000 -0.964287 
2874 0.000000 -0.975139 
2875 0.000000 -0.985882 
2876 0.000000 -0.996515 
2877 0.000000 -1.007034 
2878 0.000000 -1.017438 
2879 0.000000 -1.027725 
2880 0.000000 -1.037891 
2881 0.000000 -1.047934 
2882 0.000000 -1.057852 
2883 0.000000 -1.067642 
2884 0.000000 -1.077302 
2885 0.000000 -1.086828 
2886 0.000000 -1.096219 
2887 0.000000 -1.105471 
2888 0.000000 -1.114581 
2889 0.000000 -1.123546 
2890 0.000000 -1.132364 
2891 0.000000 -1.141032 
2892 0.000000 -1.149546 
2893 0.000000 -1.157903 
2894 0.000000 -1.166100 
2895 0.000000 -1.174135 
2896 0.000000 -1.182003 
2897 0.000000 -1.189702 
2898 0.000000 -1.197227 
2899 0.000000 -1.204577 
2900 0.000000 -1.211746 
2901 0.000000 -1.218732 
2902 0.000000 -1.225532 
2903 0.000000 -1.232141 
2904 0.000000 -1.238555 
2905 0.000000 -1.244772 
2906 0.000000 -1.250788 
2907 0.000000 -1.256599 
2908 0.000000 -1.262200 
2909 0.000000 -1.267589 
2910 0.000000 -1.272761 
2911 0.000000 -1.277713 
2912 0.000000 -1.282440 
2913 0.000000 -1.286939 
2914 0.000000 -1.291206 
2915 0.000000 -1.295237 
2916 0.000000 -1.299028 
2917 0.000000 -1.302575 
2918 0.000000 -1.305874 
2919 0.000000 -1.308921 
2920 0.000000 -1.311712 
2921 0.000000 -1.314244 
2922 0.000000 -1.316512 
2923 0.000000 -1.318513 
2924 0.000000 -1.320242 
2925 0.000000 -1.321697 
2926 0.000000 -1.322872 
2927 0.000000 -1.323765 
2928 0.000000 -1.324371 
2929 0.000000 -1.324687 
2930 0.000000 -1.324710 
2931 0.000000 -1.324435 
2932 0.000000 -1.323860 
2933 0.000000 -1.322981 
2934 0.000000 -1.321795 
2935 0.000000 -1.320298 
2936 0.000000 -1.318487 
2937 0.000000 -1.316360 
2938 0.000000 -1.313914 
2939 0.000000 -1.311145 
2940 0.000000 -1.308052 
2941 0.000000 -1.304631 
2942 0.000000 -1.300880 
2943 0.000000 -1.296796 
2944 0.000000 -1.292379 
2945 0.000000 -1.287625 
2946 0.000000 -1.282533 
2947 0.000000 -1.277101 
2948 0.000000 -1.271328 
2949 0.000000 -1.265212 
2950 0.000000 -1.258752 
2951 0.000000 -1.251947 
2952 0.000000 -1.244797 
2953 0.000000 -1.237300 
2954 0.000000 -1.229457 
2955 0.000000 -1.221267 
2956 0.000000 -1.212730 
2957 0.000000 -1.203846 
2958 0.000000 -1.194616 
2959 0.000000 -1.185040 
2960 0.000000 -1.175120 
2961 0.000000 -1.164855 
2962 0.000000 -1.154248 
2963 0.000000 -1.143300 
2964 0.000000 -1.132013 
2965 0.000000 -1.120388 
2966 0.000000 -1.108428 
2967 0.000000 -1.096136 
2968 0.000000 -1.083513 
2969 0.000000 -1.070563 
2970 0.000000 -1.057288 
2971 0.000000 -1.043693 
2972 0.000000 -1.029780 
2973 0.000000 -1.015553 
2974 0.000000 -1.001017 
2975 0.000000 -0.986176 
2976 0.000000 -0.971033 
2977 0.000000 -0.955594 
2978 0.000000 -0.939863 
2979 0.000000 -0.923846 
2980 0.000000 -0.907547 
2981 0.000000 -0.890973 
2982 0.000000 -0.874128 
2983 0.000000 -0.857019 
2984 0.000000 -0.839651 
2985 0.000000 -0.822031 
2986 0.000000 -0.804166 
2987 0.000000 -0.786060 
2988 0.000000 -0.767723 
2989 0.000000 -0.749159 
2990 0.000000 -0.730376 
2991 0.000000 -0.711381 
2992 0.000000 -0.692182 
2993 0.000000 -0.672786 
2994 0.000000 -0.653199 
2995 0.000000 -0.633430 
2996 0.000000 -0.613487 
2997 0.000000 -0.593376 
2998 0.000000 -0.573107 
2999 0.000000 -0.552686 
3000 0.000000 -0.532121 
3001 0.000000 -0.511422 
3002 0.000000 -0.490595 
3003 0.000000 -0.469649 
3004 0.000000 -0.448591 
3005 0.000000 -0.427430 
3006 0.000000 -0.406175 
3007 0.000000 -0.384832 
3008 0.000000 -0.363410 
3009 0.000000 -0.341918 
3010 0.000000 -0.320363 
3011 0.000000 -0.298753 
3012 0.000000 -0.277096 
3013 0.000000 -0.255400 
3014 0.000000 -0.233672 
3015 0.000000 -0.211922 
3016 0.000000 -0.190155 
3017 0.000000 -0.168380 
3018 0.000000 -0.146605 
3019 0.000000 -0.124836 
3020 0.000000 -0.103081 
3021 0.000000 -0.081347 
3022 0.000000 -0.059641 
3023 0.000000 -0.037970 
3024 0.000000 -0.016341 
3025 0.000000 0.005240 
3026 0.000000 0.026766 
3027 0.000000 0.048231 
3028 0.000000 0.069628 
3029 0.000000 0.090952 
3030 0.000000 0.112196 
3031 0.000000 0.133356 
3032 0.000000 0.154424 
3033 0.000000 0.175397 
3034 0.000000 0.196269 
3035 0.000000 0.217034 
3036 0.000000 0.237689 
3037 0.000000 0.258227 
3038 0.000000 0.278645 
3039 0.000000 0.298939 
3040 0.000000 0.319104 
3041 0.000000 0.339136 
3042 0.000000 0.359031 
3043 0.000000 0.378786 
3044 0.000000 0.398398 
3045 0.000000 0.417862 
3046 0.000000 0.437177 
3047 0.000000 0.456338 
3048 0.000000 0.475344 
3049 0.000000 0.494192 
3050 0.000000 0.512879 
3051 0.000000 0.531403 
3052 0.000000 0.549761 
3053 0.000000 0.567953 
3054 0.000000 0.585976 
3055 0.000000 0.603828 
3056 0.000000 0.621508 
3057 0.000000 0.639015 
3058 0.000000 0.656348 
3059 0.000000 0.673505 
3060 0.000000 0.690485 
3061 0.000000 0.707288 
3062 0.000000 0.723912 
3063 0.000000 0.740358 
3064 0.000000 0.756625 
3065 0.000000 0.772713 
3066 0.000000 0.788620 
3067 0.000000 0.804348 
3068 0.000000 0.819895 
3069 0.000000 0.835263 
3070 0.000000 0.850451 
3071 0.000000 0.865459 
3072 0.000000 0.880289 
3073 0.000000 0.894939 
3074 0.000000 0.909410 
3075 0.000000 0.923704 
3076 0.000000 0.937820 
3077 0.000000 0.951759 
3078 0.000000 0.965522 
3079 0.000000 0.979109 
3080 0.000000 0.992522 
3081 0.000000 1.005760 
3082 0.000000 1.018826 
3083 0.000000 1.031719 
3084 0.000000 1.044441 
3085 0.000000 1.056992 
3086 0.000000 1.069374 
3087 0.000000 1.081587 
3088 0.000000 1.093633 
3089 0.000000 1.105512 
3090 0.000000 1.117225 
3091 0.000000 1.128774 
3092 0.000000 1.140159 
3093 0.000000 1.151382 
3094 0.000000 1.162443 
3095 0.000000 1.173343 
3096 0.000000 1.184084 
3097 0.000000 1.194666 
3098 0.000000 1.205091 
3099 0.000000 1.215359 
3100 0.000000 1.225471 
3101 0.000000 1.235428 
3102 0.000000 1.245232 
3103 0.000000 1.254883 
3104 0.000000 1.264382 
3105 0.000000 1.273729 
3106 0.000000 1.282927 
3107 0.000000 1.291975 
3108 0.000000 1.300874 
3109 0.000000 1.309626 
3110 0.000000 1.318231 
3111 0.000000 1.326689 
3112 0.000000 1.335002 
3113 0.000000 1.343170 
3114 0.000000 1.351194 
3115 0.000000 1.359074 
3116 0.000000 1.366811 
3117 0.000000 1.374407 
3118 0.000000 1.381860 
3119 0.000000 1.389172 
3120 0.000000 1.396344 
3121 0.000000 1.403376 
3122 0.000000 1.410268 
3123 0.000000 1.417021 
3124 0.000000 1.423635 
3125 0.000000 1.430111 
3126 0.000000 1.436450 
3127 0.000000 1.442650 
3128 0.000000 1.448714 
3129 0.000000 1.454640 
3130 0.000000 1.460431 
3131 0.000000 1.466085 
3132 0.000000 1.471603 
3133 0.000000 1.476985 
3134 0.000000 1.482232 
3135 0.000000 1.487344 
3136 0.000000 1.492321 
3137 0.000000 1.497164 
3138 0.000000 1.501871 
3139 0.000000 1.506444 
3140 0.000000 1.510883 
3141 0.000000 1.515188 
3142 0.000000 1.519359 
3143 0.000000 1.523396 
3144 0.000000 1.527300 
3145 0.000000 1.531069 
3146 0.000000 1.534705 
3147 0.000000 1.538208 
3148 0.000000 1.541578 
3149 0.000000 1.544814 
3150 0.000000 1.547916 
3151 0.000000 1.550886 
3152 0.000000 1.553722 
3153 0.000000 1.556426 
3154 0.000000 1.558996 
3155 0.000000 1.561434 
3156 0.000000 1.563738 
3157 0.000000 1.565910 
3158 0.000000 1.567949 
3159 0.000000 1.569855 
3160 0.000000 1.571628 
3161 0.000000 1.573269 
3162 0.000000 1.574777 
3163 0.000000 1.576152 
3164 0.000000 1.577394 
3165 0.000000 1.578504 
3166 0.000000 1.579482 
3167 0.000000 1.580327 
3168 0.000000 1.581040 
3169 0.000000 1.581620 
3170 0.000000 1.582068 
3171 0.000000 1.582384 
3172 0.000000 1.582568 
3173 0.000000 1.582620 
3174 0.000000 1.582539 
3175 0.000000 1.582327 
3176 0.000000 1.581983 
3177 0.000000 1.581508 
3178 0.000000 1.580900 
3179 0.000000 1.580161 
3180 0.000000 1.579291 
3181 0.000000 1.578290 
3182 0.000000 1.577157 
3183 0.000000 1.575894 
3184 0.000000 1.574500 
3185 0.000000 1.572975 
3186 0.000000 1.571319 
3187 0.000000 1.569534 
3188 0.000000 1.567618 
3189 0.000000 1.565572 
3190 0.000000 1.563396 
3191 0.000000 1.561091 
3192 0.000000 1.558657 
3193 0.000000 1.556093 
3194 0.000000 1.553401 
3195 0.000000 1.550580 
3196 0.000000 1.547631 
3197 0.000000 1.544553 
3198 0.000000 1.541348 
3199 0.000000 1.538015 
3200 0.000000 1.534554 
3201 0.000000 1.530967 
3202 0.000000 1.527253 
3203 0.000000 1.523413 
3204 0.000000 1.519447 
3205 0.000000 1.515355 
3206 0.000000 1.511138 
3207 0.000000 1.506796 
3208 0.000000 1.502329 
3209 0.000000 1.497738 
3210 0.000000 1.493023 
3211 0.000000 1.488185 
3212 0.000000 1.483223 
3213 0.000000 1.478139 
3214 0.000000 1.472933 
3215 0.000000 1.467605 
3216 0.000000 1.462156 
3217 0.000000 1.456585 
3218 0.000000 1.450895 
3219 0.000000 1.445084 
3220 0.000000 1.439154 
3221 0.000000 1.433105 
3222 0.000000 1.426938 
3223 0.000000 1.420652 
3224 0.000000 1.414249 
3225 0.000000 1.407730 
3226 0.000000 1.401094 
3227 0.000000 1.394342 
3228 0.000000 1.387475 
3229 0.000000 1.380493 
3230 0.000000 1.373397 
3231 0.000000 1.366187 
3232 0.000000 1.358865 
3233 0.000000 1.351430 
3234 0.000000 1.343884 
3235 0.000000 1.336227 
3236 0.000000 1.328459 
3237 0.000000 1.320581 
3238 0.000000 1.312594 
3239 0.000000 1.304499 
3240 0.000000 1.296296 
3241 0.000000 1.287986 
3242 0.000000 1.279569 
3243 0.000000 1.271046 
3244 0.000000 1.262419 
3245 0.000000 1.253687 
3246 0.000000 1.244852 
3247 0.000000 1.235913 
3248 0.000000 1.226873 
3249 0.000000 1.217731 
3250 0.000000 1.208488 
3251 0.000000 1.199146 
3252 0.000000 1.189705 
3253 0.000000 1.180165 
3254 0.000000 1.170527 
3255 0.000000 1.160793 
3256 0.000000 1.150963 
3257 0.000000 1.141038 
3258 0.000000 1.131019 
3259 0.000000 1.120906 
3260 0.000000 1.110700 
3261 0.000000 1.100403 
3262 0.000000 1.090015 
3263 0.000000 1.079536 
3264 0.000001 1.068969 
3265 0.000001 1.058313 
3266 0.000001 1.047570 
3267 0.000001 1.036740 
3268 0.000001 1.025824 
3269 0.000001 1.014824 
3270 0.000001 1.003739 
3271 0.000001 0.992572 
3272 0.000001 0.981323 
3273 0.000001 0.969992 
3274 0.000001 0.958582 
3275 0.000001 0.947092 
3276 0.000001 0.935524 
3277 0.000001 0.923879 
3278 0.000001 0.912157 
3279 0.000001 0.900360 
3280 0.000001 0.888488 
3281 0.000001 0.876544 
3282 0.000001 0.864526 
3283 0.000001 0.852437 
3284 0.000001 0.840278 
3285 0.000001 0.828049 
3286 0.000001 0.815752 
3287 0.000001 0.803388 
3288 0.000001 0.790957 
3289 0.000002 0.778460 
3290 0.000002 0.765900 
3291 0.000002 0.753276 
3292 0.000002 0.740590 
3293 0.000002 0.727842 
3294 0.000002 0.715035 
3295 0.000002 0.702168 
3296 0.000002 0.689243 
3297 0.000002 0.676262 
3298 0.000002 0.663224 
3299 0.000002 0.650132 
3300 0.000002 0.636986 
3301 0.000003 0.623787 
3302 0.000003 0.610537 
3303 0.000003 0.597236 
3304 0.000003 0.583886 
3305 0.000003 0.570488 
3306 0.000003 0.557042 
3307 0.000003 0.543551 
3308 0.000003 0.530014 
3309 0.000004 0.516434 
3310 0.000004 0.502811 
3311 0.000004 0.489147 
3312 0.000004 0.475442 
3313 0.000004 0.461697 
3314 0.000004 0.447915 
3315 0.000005 0.434096 
3316 0.000005 0.420240 
3317 0.000005 0.406351 
3318 0.000005 0.392427 
3319 0.000005 0.378471 
3320 0.000006 0.364484 
3321 0.000006 0.350466 
3322 0.000006 0.336420 
3323 0.000006 0.322346 
3324 0.000007 0.308245 
3325 0.000007 0.294119 
3326 0.000007 0.279968 
3327 0.000007 0.265794 
3328 0.000008 0.251599 
3329 0.000008 0.237382 
3330 0.000008 0.223146 
3331 0.000009 0.208892 
3332 0.000009 0.194620 
3333 0.000009 0.180332 
3334 0.000010 0.166029 
3335 0.000010 0.151713 
3336 0.000011 0.137384 
3337 0.000011 0.123043 
3338 0.000012 0.108693 
3339 0.000012 0.094333 
3340 0.000013 0.079966 
3341 0.000013 0.065592 
3342 0.000014 0.051212 
3343 0.000014 0.036829 
3344 0.000015 0.022442 
3345 0.000015 0.008054 
3346 0.000016 -0.006336 
3347 0.000016 -0.020724 
3348 0.000017 -0.035111 
3349 0.000018 -0.049495 
3350 0.000019 -0.063875 
3351 0.000019 -0.078250 
3352 0.000020 -0.092618 
3353 0.000021 -0.106979 
3354 0.000022 -0.121330 
3355 0.000023 -0.135672 
3356 0.000023 -0.150002 
3357 0.000024 -0.164321 
3358 0.000025 -0.178625 
3359 0.000026 -0.192915 
3360 0.000027 -0.207189 
3361 0.000028 -0.221445 
3362 0.000030 -0.235684 
3363 0.000031 -0.249902 
3364 0.000032 -0.264101 
3365 0.000033 -0.278277 
3366 0.000034 -0.292430 
3367 0.000036 -0.306560 
3368 0.000037 -0.320664 
3369 0.000039 -0.334741 
3370 0.000040 -0.348791 
3371 0.000042 -0.362812 
3372 0.000043 -0.376803 
3373 0.000045 -0.390762 
3374 0.000047 -0.404690 
3375 0.000048 -0.418584 
3376 0.000050 -0.432443 
3377 0.000052 -0.446267 
3378 0.000054 -0.460054 
3379 0.000056 -0.473803 
3380 0.000058 -0.487512 
3381 0.000060 -0.501182 
3382 0.000063 -0.514810 
3383 0.000065 -0.528395 
3384 0.000068 -0.541937 
3385 0.000070 -0.555434 
3386 0.000073 -0.568885 
3387 0.000076 -0.582289 
3388 0.000078 -0.595645 
3389 0.000081 -0.608951 
3390 0.000084 -0.622208 
3391 0.000087 -0.635413 
3392 0.000091 -0.648565 
3393 0.000094 -0.661664 
3394 0.000098 -0.674708 
3395 0.000101 -0.687696 
3396 0.000105 -0.700628 
3397 0.000109 -0.713502 
3398 0.000113 -0.726316 
3399 0.000117 -0.739071 
3400 0.000121 -0.751765 
3401 0.000126 -0.764396 
3402 0.000130 -0.776964 
3403 0.000135 -0.789468 
3404 0.000140 -0.801907 
3405 0.000145 -0.814280 
3406 0.000150 -0.826585 
3407 0.000156 -0.838822 
3408 0.000162 -0.850989 
3409 0.000167 -0.863087 
3410 0.000173 -0.875113 
3411 0.000180 -0.887066 
3412 0.000186 -0.898947 
3413 0.000193 -0.910753 
3414 0.000200 -0.922483 
3415 0.000207 -0.934138 
3416 0.000214 -0.945715 
3417 0.000222 -0.957214 
3418 0.000230 -0.968634 
3419 0.000238 -0.979974 
3420 0.000246 -0.991233 
3421 0.000255 -1.002410 
3422 0.000264 -1.013505 
3423 0.000274 -1.024515 
3424 0.000283 -1.035441 
3425 0.000293 -1.046281 
3426 0.000303 -1.057035 
3427 0.000314 -1.067701 
3428 0.000325 -1.078279 
3429 0.000336 -1.088769 
3430 0.000348 -1.099168 
3431 0.000360 -1.109476 
3432 0.000373 -1.119692 
3433 0.000386 -1.129816 
3434 0.000399 -1.139847 
3435 0.000413 -1.149783 
3436 0.000427 -1.159625 
3437 0.000442 -1.169370 
3438 0.000457 -1.179019 
3439 0.000473 -1.188571 
3440 0.000489 -1.198024 
3441 0.000506 -1.207378 
3442 0.000523 -1.216633 
3443 0.000541 -1.225787 
3444 0.000559 -1.234839 
3445 0.000578 -1.243790 
3446 0.000598 -1.252638 
3447 0.000618 -1.261382 
3448 0.000639 -1.270022 
3449 0.000660 -1.278557 
3450 0.000683 -1.286987 
3451 0.000706 -1.295310 
3452 0.000729 -1.303526 
3453 0.000754 -1.311634 
3454 0.000779 -1.319634 
3455 0.000805 -1.327524 
3456 0.000831 -1.335305 
3457 0.000859 -1.342976 
3458 0.000888 -1.350536 
3459 0.000917 -1.357984 
3460 0.000947 -1.365320 
3461 0.000978 -1.372543 
3462 0.001011 -1.379653 
3463 0.001044 -1.386648 
3464 0.001078 -1.393529 
3465 0.001113 -1.400295 
3466 0.001150 -1.406945 
3467 0.001187 -1.413479 
3468 0.001226 -1.419896 
3469 0.001265 -1.426196 
3470 0.001306 -1.432378 
3471 0.001349 -1.438441 
3472 0.001392 -1.444385 
3473 0.001437 -1.450211 
3474 0.001483 -1.455916 
3475 0.001531 -1.461501 
3476 0.001580 -1.466965 
3477 0.001630 -1.472308 
3478 0.001683 -1.477530 
3479 0.001736 -1.482629 
3480 0.001791 -1.487605 
3481 0.001848 -1.492459 
3482 0.001907 -1.497189 
3483 0.001967 -1.501796 
3484 0.002029 -1.506279 
3485 0.002093 -1.510637 
3486 0.002158 -1.514870 
3487 0.002226 -1.518978 
3488 0.002296 -1.522960 
3489 0.002368 -1.526817 
3490 0.002441 -1.530547 
3491 0.002517 -1.534151 
3492 0.002595 -1.537629 
3493 0.002676 -1.540979 
3494 0.002759 -1.544201 
3495 0.002844 -1.547296 
3496 0.002931 -1.550264 
3497 0.003021 -1.553103 
3498 0.003114 -1.555814 
3499 0.003209 -1.558396 
3500 0.003307 -1.560849 
3501 0.003408 -1.563173 
3502 0.003512 -1.565369 
3503 0.003619 -1.567435 
3504 0.003728 -1.569371 
3505 0.003841 -1.571177 
3506 0.003957 -1.572854 
3507 0.004076 -1.574401 
3508 0.004198 -1.575818 
3509 0.004324 -1.577104 
3510 0.004454 -1.578260 
3511 0.004587 -1.579286 
3512 0.004724 -1.580181 
3513 0.004864 -1.580945 
3514 0.005009 -1.581579 
3515 0.005157 -1.582082 
3516 0.005309 -1.582455 
3517 0.005466 -1.582696 
3518 0.005627 -1.582807 
3519 0.005792 -1.582787 
3520 0.005962 -1.582636 
3521 0.006136 -1.582355 
3522 0.006315 -1.581943 
3523 0.006499 -1.581399 
3524 0.006688 -1.580726 
3525 0.006882 -1.579921 
3526 0.007082 -1.578986 
3527 0.007286 -1.577921 
3528 0.007496 -1.576725 
3529 0.007712 -1.575399 
3530 0.007933 -1.573942 
3531 0.008160 -1.572356 
3532 0.008393 -1.570639 
3533 0.008633 -1.568793 
3534 0.008878 -1.566817 
3535 0.009130 -1.564712 
3536 0.009389 -1.562477 
3537 0.009654 -1.560113 
3538 0.009927 -1.557621 
3539 0.010206 -1.554999 
3540 0.010493 -1.552249 
3541 0.010786 -1.549371 
3542 0.011088 -1.546365 
3543 0.011397 -1.543231 
3544 0.011715 -1.539969 
3545 0.012040 -1.536580 
3546 0.012374 -1.533064 
3547 0.012716 -1.529422 
3548 0.013067 -1.525653 
3549 0.013426 -1.521757 
3550 0.013795 -1.517737 
3551 0.014173 -1.513590 
3552 0.014560 -1.509319 
3553 0.014958 -1.504923 
3554 0.015365 -1.500402 
3555 0.015782 -1.495758 
3556 0.016210 -1.490990 
3557 0.016648 -1.486098 
3558 0.017097 -1.481084 
3559 0.017557 -1.475948 
3560 0.018028 -1.470689 
3561 0.018511 -1.465309 
3562 0.019006 -1.459808 
3563 0.019513 -1.454186 
3564 0.020032 -1.448444 
3565 0.020564 -1.442583 
3566 0.021108 -1.436602 
3567 0.021666 -1.430502 
3568 0.022237 -1.424284 
3569 0.022822 -1.417949 
3570 0.023420 -1.411496 
3571 0.024033 -1.404926 
3572 0.024661 -1.398241 
3573 0.025303 -1.391440 
3574 0.025961 -1.384524 
3575 0.026634 -1.377493 
3576 0.027323 -1.370349 
3577 0.028028 -1.363091 
3578 0.028749 -1.355721 
3579 0.029487 -1.348239 
3580 0.030243 -1.340645 
3581 0.031016 -1.332941 
3582 0.031806 -1.325126 
3583 0.032615 -1.317202 
3584 0.033443 -1.309169 
3585 0.034289 -1.301028 
3586 0.035155 -1.292779 
3587 0.036041 -1.284423 
3588 0.036946 -1.275962 
3589 0.037872 -1.267394 
3590 0.038819 -1.258722 
3591 0.039787 -1.249947 
3592 0.040777 -1.241067 
3593 0.041789 -1.232085 
3594 0.042824 -1.223002 
3595 0.043882 -1.213817 
3596 0.044963 -1.204532 
3597 0.046068 -1.195147 
3598 0.047197 -1.185664 
3599 0.048351 -1.176083 
3600 0.049530 -1.166404 
3601 0.050735 -1.156629 
3602 0.051966 -1.146759 
3603 0.053224 -1.136793 
3604 0.054509 -1.126734 
3605 0.055822 -1.116582 
3606 0.057163 -1.106337 
3607 0.058532 -1.096001 
3608 0.059931 -1.085575 
3609 0.061360 -1.075058 
3610 0.062818 -1.064453 
3611 0.064308 -1.053760 
3612 0.065829 -1.042979 
3613 0.067382 -1.032113 
3614 0.068967 -1.021161 
3615 0.070586 -1.010125 
3616 0.072238 -0.999005 
3617 0.073925 -0.987803 
3618 0.075646 -0.976519 
3619 0.077403 -0.965155 
3620 0.079195 -0.953711 
3621 0.081025 -0.942187 
3622 0.082892 -0.930586 
3623 0.084796 -0.918909 
3624 0.086739 -0.907155 
3625 0.088722 -0.895326 
3626 0.090744 -0.883423 
3627 0.092807 -0.871447 
3628 0.094911 -0.859399 
3629 0.097057 -0.847281 
3630 0.099245 -0.835092 
3631 0.101477 -0.822834 
3632 0.103752 -0.810508 
3633 0.106073 -0.798115 
3634 0.108438 -0.785656 
3635 0.110850 -0.773132 
3636 0.113309 -0.760545 
3637 0.115815 -0.747894 
3638 0.118370 -0.735182 
3639 0.120974 -0.722409 
3640 0.123627 -0.709576 
3641 0.126331 -0.696685 
3642 0.129087 -0.683736 
3643 0.131895 -0.670730 
3644 0.134755 -0.657669 
3645 0.137670 -0.644554 
3646 0.140639 -0.631385 
3647 0.143664 -0.618164 
3648 0.146745 -0.604893 
3649 0.149882 -0.591571 
3650 0.153078 -0.578200 
3651 0.156333 -0.564782 
3652 0.159647 -0.551316 
3653 0.163022 -0.537806 
3654 0.166458 -0.524251 
3655 0.169956 -0.510652 
3656 0.173518 -0.497011 
3657 0.177143 -0.483329 
3658 0.180833 -0.469608 
3659 0.184589 -0.455847 
3660 0.188412 -0.442049 
3661 0.192303 -0.428214 
3662 0.196262 -0.414344 
3663 0.200290 -0.400440 
3664 0.204389 -0.386502 
3665 0.208559 -0.372533 
3666 0.212802 -0.358533 
3667 0.217118 -0.344503 
3668 0.221508 -0.330444 
3669 0.225974 -0.316359 
3670 0.230515 -0.302247 
3671 0.235134 -0.288110 
3672 0.239831 -0.273950 
3673 0.244607 -0.259767 
3674 0.249463 -0.245562 
3675 0.254401 -0.231337 
3676 0.259420 -0.217093 
3677 0.264523 -0.202831 
3678 0.269710 -0.188552 
3679 0.274982 -0.174258 
3680 0.280340 -0.159949 
3681 0.285786 -0.145627 
3682 0.291320 -0.131293 
3683 0.296943 -0.116948 
3684 0.302657 -0.102594 
3685 0.308462 -0.088231 
3686 0.314359 -0.073860 
3687 0.320350 -0.059484 
3688 0.326436 -0.045103 
3689 0.332618 -0.030717 
3690 0.338896 -0.016330 
3691 0.345272 -0.001941 
3692 0.351746 0.012448 
3693 0.358321 0.026836 
3694 0.364997 0.041222 
3695 0.371774 0.055605 
3696 0.378655 0.069982 
3697 0.385640 0.084354 
3698 0.392731 0.098720 
3699 0.399928 0.113076 
3700 0.407232 0.127424 
3701 0.414644 0.141761 
3702 0.422167 0.156086 
3703 0.429800 0.170399 
3704 0.437545 0.184697 
3705 0.445402 0.198980 
3706 0.453374 0.213247 
3707 0.461460 0.227496 
3708 0.469663 0.241726 
3709 0.477983 0.255937 
3710 0.486421 0.270126 
3711 0.494978 0.284292 
3712 0.503655 0.298436 
3713 0.512454 0.312554 
3714 0.521376 0.326647 
3715 0.530420 0.340713 
3716 0.539590 0.354751 
3717 0.548885 0.368759 
3718 0.558306 0.382737 
3719 0.567856 0.396683 
3720 0.577533 0.410596 
3721 0.587341 0.424476 
3722 0.597279 0.438320 
3723 0.607349 0.452128 
3724 0.617552 0.465899 
3725 0.627889 0.479632 
3726 0.638360 0.493324 
3727 0.648967 0.506976 
3728 0.659710 0.520586 
3729 0.670592 0.534153 
3730 0.681611 0.547676 
3731 0.692771 0.561154 
3732 0.704070 0.574585 
3733 0.715512 0.587969 
3734 0.727095 0.601304 
3735 0.738822 0.614589 
3736 0.750692 0.627824 
3737 0.762708 0.641006 
3738 0.774870 0.654136 
3739 0.787178 0.667212 
3740 0.799634 0.680233 
3741 0.812238 0.693197 
3742 0.824991 0.706104 
3743 0.837894 0.718953 
3744 0.850948 0.731742 
3745 0.864154 0.744471 
3746 0.877512 0.757138 
3747 0.891022 0.769743 
3748 0.904687 0.782284 
3749 0.918506 0.794760 
3750 0.932480 0.807171 
3751 0.946610 0.819515 
3752 0.960896 0.831792 
3753 0.975340 0.843999 
3754 0.989941 0.856137 
3755 1.004701 0.868204 
3756 1.019619 0.880199 
3757 1.034697 0.892122 
3758 1.049935 0.903971 
3759 1.065333 0.915745 
3760 1.080892 0.927444 
3761 1.096613 0.939065 
3762 1.112496 0.950610 
3763 1.128540 0.962075 
3764 1.144748 0.973461 
3765 1.161119 0.984767 
3766 1.177653 0.995991 
3767 1.194351 1.007133 
3768 1.211213 1.018192 
3769 1.228239 1.029167 
3770 1.245430 1.040056 
3771 1.262786 1.050860 
3772 1.280307 1.061577 
3773 1.297993 1.072206 
3774 1.315844 1.082746 
3775 1.333861 1.093197 
3776 1.352044 1.103558 
3777 1.370392 1.113827 
3778 1.388906 1.124005 
3779 1.407585 1.134089 
3780 1.426430 1.144080 
3781 1.445441 1.153976 
3782 1.464617 1.163777 
3783 1.483958 1.173481 
3784 1.503465 1.183089 
3785 1.523136 1.192599 
3786 1.542973 1.202010 
3787 1.562974 1.211322 
3788 1.583139 1.220534 
3789 1.603468 1.229645 
3790 1.623961 1.238654 
3791 1.644617 1.247561 
3792 1.665435 1.256365 
3793 1.686416 1.265065 
3794 1.707559 1.273661 
3795 1.728864 1.282151 
3796 1.750329 1.290535 
3797 1.771954 1.298813 
3798 1.793738 1.306983 
3799 1.815682 1.315045 
3800 1.837784 1.322999 
3801 1.860043 1.330843 
3802 1.882458 1.338578 
3803 1.905030 1.346201 
3804 1.927757 1.353714 
3805 1.950637 1.361114 
3806 1.973671 1.368402 
3807 1.996857 1.375577 
3808 2.020194 1.382638 
3809 2.043681 1.389585 
3810 2.067317 1.396418 
3811 2.091101 1.403134 
3812 2.115031 1.409735 
3813 2.139107 1.416219 
3814 2.163328 1.422587 
3815 2.187691 1.428836 
3816 2.212196 1.434968 
3817 2.236841 1.440981 
3818 2.261625 1.446875 
3819 2.286546 1.452649 
3820 2.311603 1.458303 
3821 2.336795 1.463837 
3822 2.362119 1.469250 
3823 2.387574 1.474541 
3824 2.413159 1.479711 
3825 2.438872 1.484758 
3826 2.464711 1.489682 
3827 2.490674 1.494484 
3828 2.516759 1.499162 
3829 2.542965 1.503716 
3830 2.569290 1.508145 
3831 2.595731 1.512450 
3832 2.622287 1.516630 
3833 2.648956 1.520685 
3834 2.675735 1.524614 
3835 2.702623 1.528417 
3836 2.729618 1.532094 
3837 2.756716 1.535644 
3838 2.783916 1.539067 
3839 2.811217 1.542363 
3840 2.838614 1.545532 
3841 2.866106 1.548573 
3842 2.893691 1.551485 
3843 2.921366 1.554270 
3844 2.949129 1.556926 
3845 2.976977 1.559454 
3846 3.004907 1.561852 
3847 3.032918 1.564122 
3848 3.061006 1.566262 
3849 3.089168 1.568273 
3850 3.117403 1.570154 
3851 3.145706 1.571906 
3852 3.174077 1.573527 
3853 3.202510 1.575019 
3854 3.231005 1.576380 
3855 3.259557 1.577611 
3856 3.288165 1.578712 
3857 3.316824 1.579682 
3858 3.345533 1.580522 
3859 3.374287 1.581231 
3860 3.403084 1.581809 
3861 3.431921 1.582257 
3862 3.460795 1.582573 
3863 3.489701 1.582759 
3864 3.518639 1.582815 
3865 3.547603 1.582739 
3866 3.576591 1.582533 
3867 3.605599 1.582196 
3868 3.634625 1.581728 
3869 3.663664 1.581129 
3870 3.692713 1.580400 
3871 3.721770 1.579540 
3872 3.750830 1.578550 
3873 3.779889 1.577429 
3874 3.808946 1.576177 
3875 3.837995 1.574796 
3876 3.867034 1.573284 
3877 3.896058 1.571643 
3878 3.925065 1.569871 
3879 3.954051 1.567970 
3880 3.983011 1.565939 
3881 4.011943 1.563778 
3882 4.040842 1.561489 
3883 4.069705 1.559070 
3884 4.098528 1.556523 
3885 4.127307 1.553847 
3886 4.156039 1.551042 
3887 4.184720 1.548110 
3888 4.213346 1.545049 
3889 4.241913 1.541861 
3890 4.270417 1.538545 
3891 4.298855 1.535102 
3892 4.327223 1.531532 
3893 4.355516 1.527836 
3894 4.383730 1.524013 
3895 4.411863 1.520065 
3896 4.439910 1.515991 
3897 4.467867 1.511791 
3898 4.495730 1.507467 
3899 4.523495 1.503018 
3900 4.551158 1.498444 
3901 4.578716 1.493747 
3902 4.606164 1.488927 
3903 4.633498 1.483983 
3904 4.660715 1.478917 
3905 4.687810 1.473729 
3906 4.714780 1.468419 
3907 4.741620 1.462987 
3908 4.768327 1.457435 
3909 4.794896 1.451762 
3910 4.821323 1.445969 
3911 4.847606 1.440056 
3912 4.873739 1.434025 
3913 4.899718 1.427875 
3914 4.925541 1.421607 
3915 4.951202 1.415222 
3916 4.976698 1.408719 
3917 5.002025 1.402101 
3918 5.027179 1.395366 
3919 5.052157 1.388516 
3920 5.076953 1.381551 
3921 5.101565 1.374472 
3922 5.125989 1.367280 
3923 5.150220 1.359974 
3924 5.174255 1.352556 
3925 5.198090 1.345027 
3926 5.221722 1.337386 
3927 5.245145 1.329634 
3928 5.268358 1.321773 
3929 5.291356 1.313803 
3930 5.314135 1.305724 
3931 5.336691 1.297537 
3932 5.359022 1.289242 
3933 5.381123 1.280842 
3934 5.402990 1.272335 
3935 5.424621 1.263723 
3936 5.446011 1.255007 
3937 5.467158 1.246187 
3938 5.488057 1.237264 
3939 5.508705 1.228239 
3940 5.529099 1.219112 
3941 5.549235 1.209885 
3942 5.569109 1.200558 
3943 5.588720 1.191131 
3944 5.608063 1.181606 
3945 5.627135 1.171983 
3946 5.645933 1.162263 
3947 5.664453 1.152448 
3948 5.682693 1.142537 
3949 5.700649 1.132532 
3950 5.718319 1.122433 
3951 5.735699 1.112241 
3952 5.752786 1.101958 
3953 5.769578 1.091583 
3954 5.786071 1.081118 
3955 5.802264 1.070564 
3956 5.818152 1.059921 
3957 5.833733 1.049191 
3958 5.849005 1.038374 
3959 5.863964 1.027471 
3960 5.878609 1.016483 
3961 5.892936 1.005412 
3962 5.906944 0.994257 
3963 5.920630 0.983020 
3964 5.933990 0.971701 
3965 5.947024 0.960303 
3966 5.959729 0.948825 
3967 5.972102 0.937269 
3968 5.984141 0.925635 
3969 5.995845 0.913925 
3970 6.007210 0.902139 
3971 6.018236 0.890278 
3972 6.028920 0.878345 
3973 6.039260 0.866338 
3974 6.049255 0.854260 
3975 6.058902 0.842111 
3976 6.068201 0.829893 
3977 6.077148 0.817606 
3978 6.085744 0.805251 
3979 6.093985 0.792830 
3980 6.101871 0.780344 
3981 6.109401 0.767793 
3982 6.116572 0.755178 
3983 6.123385 0.742501 
3984 6.129836 0.729763 
3985 6.135926 0.716965 
3986 6.141653 0.704107 
3987 6.147016 0.691191 
3988 6.152015 0.678218 
3989 6.156648 0.665188 
3990 6.160914 0.652104 
3991 6.164813 0.638966 
3992 6.168344 0.625775 
3993 6.171506 0.612533 
3994 6.174299 0.599239 
3995 6.176722 0.585897 
3996 6.178775 0.572506 
3997 6.180458 0.559067 
3998 6.181770 0.545582 
3999 6.182711 0.532053 
4000 6.183280 0.518479 
