0 0.000000 1.466831 
1 0.000000 1.472438 
2 0.000000 1.477923 
3 0.000000 1.483286 
4 0.000000 1.488527 
5 0.000000 1.493644 
6 0.000000 1.498639 
7 0.000000 1.503509 
8 0.000000 1.508255 
9 0.000000 1.512876 
10 0.000000 1.517373 
11 0.000000 1.521744 
12 0.000000 1.525989 
13 0.000000 1.530108 
14 0.000000 1.534101 
15 0.000000 1.537967 
16 0.000000 1.541705 
17 0.000000 1.545317 
18 0.000000 1.548800 
19 0.000000 1.552156 
20 0.000000 1.555383 
21 0.000000 1.558482 
22 0.000000 1.561452 
23 0.000000 1.564293 
24 0.000000 1.567005 
25 0.000000 1.569587 
26 0.000000 1.572039 
27 0.000000 1.574362 
28 0.000000 1.576554 
29 0.000000 1.578617 
30 0.000000 1.580548 
31 0.000000 1.582349 
32 0.000000 1.584020 
33 0.000000 1.585559 
34 0.000000 1.586967 
35 0.000000 1.588245 
36 0.000000 1.589391 
37 0.000000 1.590405 
38 0.000000 1.591288 
39 0.000000 1.592040 
40 0.000000 1.592660 
41 0.000000 1.593148 
42 0.000000 1.593505 
43 0.000000 1.593730 
44 0.000000 1.593824 
45 0.000000 1.593785 
46 0.000000 1.593615 
47 0.000000 1.593313 
48 0.000000 1.592880 
49 0.000000 1.592315 
50 0.000000 1.591618 
51 0.000000 1.590790 
52 0.000000 1.589830 
53 0.000000 1.588739 
54 0.000000 1.587517 
55 0.000000 1.586163 
56 0.000000 1.584678 
57 0.000000 1.583063 
58 0.000000 1.581316 
59 0.000000 1.579439 
60 0.000000 1.577431 
61 0.000000 1.575293 
62 0.000000 1.573025 
63 0.000000 1.570627 
64 0.000000 1.568099 
65 0.000000 1.565441 
66 0.000000 1.562654 
67 0.000000 1.559738 
68 0.000000 1.556693 
69 0.000000 1.553519 
70 0.000000 1.550217 
71 0.000000 1.546787 
72 0.000000 1.543229 
73 0.000000 1.539543 
74 0.000000 1.535730 
75 0.000000 1.531791 
76 0.000000 1.527724 
77 0.000000 1.523532 
78 0.000000 1.519213 
79 0.000000 1.514769 
80 0.000000 1.510200 
81 0.000000 1.505506 
82 0.000000 1.500687 
83 0.000000 1.495745 
84 0.000000 1.490679 
85 0.000000 1.485490 
86 0.000000 1.480177 
87 0.000000 1.474743 
88 0.000000 1.469187 
89 0.000000 1.463509 
90 0.000000 1.457710 
91 0.000000 1.451791 
92 0.000000 1.445752 
93 0.000000 1.439594 
94 0.000000 1.433316 
95 0.000000 1.426920 
96 0.000000 1.420406 
97 0.000000 1.413775 
98 0.000000 1.407027 
99 0.000000 1.400162 
100 0.000000 1.393182 
101 0.000000 1.386087 
102 0.000000 1.378877 
103 0.000000 1.371553 
104 0.000000 1.364116 
105 0.000000 1.356566 
106 0.000000 1.348904 
107 0.000000 1.341130 
108 0.000000 1.333246 
109 0.000000 1.325252 
110 0.000000 1.317147 
111 0.000000 1.308935 
112 0.000000 1.300614 
113 0.000000 1.292185 
114 0.000000 1.283650 
115 0.000000 1.275008 
116 0.000000 1.266261 
117 0.000000 1.257410 
118 0.000000 1.248455 
119 0.000000 1.239396 
120 0.000000 1.230235 
121 0.000000 1.220972 
122 0.000000 1.211609 
123 0.000000 1.202145 
124 0.000000 1.192582 
125 0.000000 1.182920 
126 0.000000 1.173161 
127 0.000000 1.163305 
128 0.000000 1.153352 
129 0.000000 1.143305 
130 0.000000 1.133162 
131 0.000000 1.122926 
132 0.000000 1.112598 
133 0.000000 1.102177 
134 0.000000 1.091665 
135 0.000000 1.081063 
136 0.000000 1.070372 
137 0.000000 1.059592 
138 0.000000 1.048725 
139 0.000000 1.037771 
140 0.000000 1.026731 
141 0.000000 1.015606 
142 0.000000 1.004398 
143 0.000000 0.993106 
144 0.000000 0.981733 
145 0.000000 0.970278 
146 0.000000 0.958743 
147 0.000000 0.947129 
148 0.000000 0.935436 
149 0.000000 0.923666 
150 0.000000 0.911820 
151 0.000000 0.899899 
152 0.000000 0.887903 
153 0.000000 0.875834 
154 0.000000 0.863692 
155 0.000000 0.851479 
156 0.000000 0.839196 
157 0.000000 0.826843 
158 0.000000 0.814422 
159 0.000000 0.801934 
160 0.000000 0.789379 
161 0.000000 0.776759 
162 0.000000 0.764075 
163 0.000000 0.751328 
164 0.000000 0.738519 
165 0.000000 0.725648 
166 0.000000 0.712718 
167 0.000000 0.699729 
168 0.000000 0.686682 
169 0.000000 0.673578 
170 0.000000 0.660418 
171 0.000000 0.647204 
172 0.000000 0.633937 
173 0.000000 0.620617 
174 0.000000 0.607246 
175 0.000000 0.593824 
176 0.000000 0.580354 
177 0.000000 0.566835 
178 0.000000 0.553270 
179 0.000000 0.539659 
180 0.000000 0.526004 
181 0.000000 0.512305 
182 0.000000 0.498563 
183 0.000000 0.484781 
184 0.000000 0.470958 
185 0.000000 0.457096 
186 0.000000 0.443197 
187 0.000000 0.429261 
188 0.000000 0.415289 
189 0.000000 0.401284 
190 0.000000 0.387245 
191 0.000000 0.373174 
192 0.000000 0.359072 
193 0.000000 0.344940 
194 0.000000 0.330780 
195 0.000000 0.316593 
196 0.000000 0.302380 
197 0.000000 0.288141 
198 0.000000 0.273879 
199 0.000000 0.259594 
200 0.000000 0.245288 
201 0.000000 0.230961 
202 0.000000 0.216615 
203 0.000000 0.202251 
204 0.000000 0.187871 
205 0.000000 0.173475 
206 0.000000 0.159065 
207 0.000000 0.144642 
208 0.000000 0.130206 
209 0.000000 0.115760 
210 0.000000 0.101305 
211 0.000000 0.086841 
212 0.000000 0.072369 
213 0.000000 0.057892 
214 0.000000 0.043410 
215 0.000000 0.028925 
216 0.000000 0.014437 
217 0.000000 -0.000052 
218 0.000000 -0.014542 
219 0.000000 -0.029029 
220 0.000000 -0.043515 
221 0.000000 -0.057997 
222 0.000000 -0.072474 
223 0.000000 -0.086945 
224 0.000000 -0.101409 
225 0.000000 -0.115865 
226 0.000000 -0.130311 
227 0.000000 -0.144746 
228 0.000000 -0.159169 
229 0.000000 -0.173579 
230 0.000000 -0.187975 
231 0.000000 -0.202355 
232 0.000000 -0.216719 
233 0.000000 -0.231065 
234 0.000000 -0.245391 
235 0.000000 -0.259697 
236 0.000000 -0.273982 
237 0.000000 -0.288244 
238 0.000000 -0.302482 
239 0.000000 -0.316696 
240 0.000000 -0.330883 
241 0.000000 -0.345043 
242 0.000000 -0.359174 
243 0.000000 -0.373276 
244 0.000000 -0.387346 
245 0.000000 -0.401385 
246 0.000000 -0.415391 
247 0.000000 -0.429362 
248 0.000000 -0.443298 
249 0.000000 -0.457197 
250 0.000000 -0.471058 
251 0.000000 -0.484880 
252 0.000000 -0.498663 
253 0.000000 -0.512404 
254 0.000000 -0.526103 
255 0.000000 -0.539758 
256 0.000000 -0.553368 
257 0.000000 -0.566933 
258 0.000000 -0.580452 
259 0.000000 -0.593922 
260 0.000000 -0.607343 
261 0.000000 -0.620713 
262 0.000000 -0.634033 
263 0.000000 -0.647300 
264 0.000000 -0.660514 
265 0.000000 -0.673673 
266 0.000000 -0.686776 
267 0.000000 -0.699823 
268 0.000000 -0.712812 
269 0.000000 -0.725742 
270 0.000000 -0.738611 
271 0.000000 -0.751420 
272 0.000000 -0.764167 
273 0.000000 -0.776851 
274 0.000000 -0.789470 
275 0.000000 -0.802024 
276 0.000000 -0.814512 
277 0.000000 -0.826933 
278 0.000000 -0.839285 
279 0.000000 -0.851568 
280 0.000000 -0.863780 
281 0.000000 -0.875921 
282 0.000000 -0.887990 
283 0.000000 -0.899985 
284 0.000000 -0.911906 
285 0.000000 -0.923752 
286 0.000000 -0.935521 
287 0.000000 -0.947213 
288 0.000000 -0.958827 
289 0.000000 -0.970361 
290 0.000000 -0.981815 
291 0.000000 -0.993188 
292 0.000000 -1.004479 
293 0.000000 -1.015687 
294 0.000000 -1.026811 
295 0.000000 -1.037850 
296 0.000000 -1.048804 
297 0.000000 -1.059670 
298 0.000000 -1.070450 
299 0.000000 -1.081140 
300 0.000000 -1.091742 
301 0.000000 -1.102253 
302 0.000000 -1.112673 
303 0.000000 -1.123001 
304 0.000000 -1.133236 
305 0.000000 -1.143378 
306 0.000000 -1.153425 
307 0.000000 -1.163376 
308 0.000000 -1.173232 
309 0.000000 -1.182991 
310 0.000000 -1.192652 
311 0.000000 -1.202214 
312 0.000000 -1.211677 
313 0.000000 -1.221040 
314 0.000000 -1.230302 
315 0.000000 -1.239462 
316 0.000000 -1.248520 
317 0.000000 -1.257474 
318 0.000000 -1.266325 
319 0.000000 -1.275071 
320 0.000000 -1.283712 
321 0.000000 -1.292246 
322 0.000000 -1.300674 
323 0.000000 -1.308994 
324 0.000000 -1.317206 
325 0.000000 -1.325310 
326 0.000000 -1.333303 
327 0.000000 -1.341187 
328 0.000000 -1.348960 
329 0.000000 -1.356621 
330 0.000000 -1.364170 
331 0.000000 -1.371606 
332 0.000000 -1.378929 
333 0.000000 -1.386138 
334 0.000000 -1.393233 
335 0.000000 -1.400212 
336 0.000000 -1.407076 
337 0.000000 -1.413823 
338 0.000000 -1.420454 
339 0.000000 -1.426967 
340 0.000000 -1.433362 
341 0.000000 -1.439639 
342 0.000000 -1.445796 
343 0.000000 -1.451835 
344 0.000000 -1.457753 
345 0.000000 -1.463551 
346 0.000000 -1.469227 
347 0.000000 -1.474783 
348 0.000000 -1.480216 
349 0.000000 -1.485527 
350 0.000000 -1.490716 
351 0.000000 -1.495781 
352 0.000000 -1.500723 
353 0.000000 -1.505540 
354 0.000000 -1.510233 
355 0.000000 -1.514802 
356 0.000000 -1.519245 
357 0.000000 -1.523563 
358 0.000000 -1.527754 
359 0.000000 -1.531820 
360 0.000000 -1.535758 
361 0.000000 -1.539570 
362 0.000000 -1.543255 
363 0.000000 -1.546812 
364 0.000000 -1.550241 
365 0.000000 -1.553543 
366 0.000000 -1.556715 
367 0.000000 -1.559760 
368 0.000000 -1.562675 
369 0.000000 -1.565461 
370 0.000000 -1.568118 
371 0.000000 -1.570645 
372 0.000000 -1.573042 
373 0.000000 -1.575309 
374 0.000000 -1.577446 
375 0.000000 -1.579453 
376 0.000000 -1.581329 
377 0.000000 -1.583075 
378 0.000000 -1.584690 
379 0.000000 -1.586173 
380 0.000000 -1.587526 
381 0.000000 -1.588747 
382 0.000000 -1.589838 
383 0.000000 -1.590796 
384 0.000000 -1.591624 
385 0.000000 -1.592319 
386 0.000000 -1.592883 
387 0.000000 -1.593316 
388 0.000000 -1.593617 
389 0.000000 -1.593786 
390 0.000000 -1.593823 
391 0.000000 -1.593729 
392 0.000000 -1.593503 
393 0.000000 -1.593145 
394 0.000000 -1.592656 
395 0.000000 -1.592035 
396 0.000000 -1.591282 
397 0.000000 -1.590398 
398 0.000000 -1.589383 
399 0.000000 -1.588236 
400 0.000000 -1.586958 
401 0.000000 -1.585548 
402 0.000000 -1.584008 
403 0.000000 -1.582337 
404 0.000000 -1.580535 
405 0.000000 -1.578602 
406 0.000000 -1.576539 
407 0.000000 -1.574346 
408 0.000000 -1.572022 
409 0.000000 -1.569569 
410 0.000000 -1.566986 
411 0.000000 -1.564273 
412 0.000000 -1.561431 
413 0.000000 -1.558460 
414 0.000000 -1.555360 
415 0.000000 -1.552132 
416 0.000000 -1.548776 
417 0.000000 -1.545291 
418 0.000000 -1.541679 
419 0.000000 -1.537939 
420 0.000001 -1.534072 
421 0.000001 -1.530079 
422 0.000001 -1.525959 
423 0.000001 -1.521713 
424 0.000001 -1.517341 
425 0.000001 -1.512843 
426 0.000001 -1.508221 
427 0.000001 -1.503474 
428 0.000001 -1.498603 
429 0.000001 -1.493608 
430 0.000001 -1.488489 
431 0.000001 -1.483248 
432 0.000001 -1.477884 
433 0.000001 -1.472398 
434 0.000001 -1.466790 
435 0.000001 -1.461060 
436 0.000001 -1.455211 
437 0.000001 -1.449240 
438 0.000001 -1.443151 
439 0.000001 -1.436941 
440 0.000001 -1.430613 
441 0.000001 -1.424167 
442 0.000001 -1.417603 
443 0.000001 -1.410922 
444 0.000001 -1.404125 
445 0.000001 -1.397211 
446 0.000001 -1.390182 
447 0.000002 -1.383038 
448 0.000002 -1.375779 
449 0.000002 -1.368407 
450 0.000002 -1.360922 
451 0.000002 -1.353325 
452 0.000002 -1.345615 
453 0.000002 -1.337795 
454 0.000002 -1.329863 
455 0.000002 -1.321822 
456 0.000002 -1.313672 
457 0.000002 -1.305413 
458 0.000002 -1.297046 
459 0.000003 -1.288572 
460 0.000003 -1.279992 
461 0.000003 -1.271305 
462 0.000003 -1.262514 
463 0.000003 -1.253618 
464 0.000003 -1.244619 
465 0.000003 -1.235517 
466 0.000003 -1.226313 
467 0.000003 -1.217007 
468 0.000004 -1.207601 
469 0.000004 -1.198095 
470 0.000004 -1.188490 
471 0.000004 -1.178787 
472 0.000004 -1.168986 
473 0.000004 -1.159089 
474 0.000004 -1.149096 
475 0.000005 -1.139008 
476 0.000005 -1.128825 
477 0.000005 -1.118550 
478 0.000005 -1.108182 
479 0.000005 -1.097723 
480 0.000006 -1.087172 
481 0.000006 -1.076532 
482 0.000006 -1.065803 
483 0.000006 -1.054986 
484 0.000007 -1.044082 
485 0.000007 -1.033092 
486 0.000007 -1.022016 
487 0.000007 -1.010855 
488 0.000008 -0.999611 
489 0.000008 -0.988285 
490 0.000008 -0.976876 
491 0.000009 -0.965387 
492 0.000009 -0.953819 
493 0.000009 -0.942171 
494 0.000010 -0.930446 
495 0.000010 -0.918643 
496 0.000010 -0.906765 
497 0.000011 -0.894812 
498 0.000011 -0.882785 
499 0.000012 -0.870685 
500 0.000012 -0.858513 
501 0.000013 -0.846270 
502 0.000013 -0.833957 
503 0.000013 -0.821575 
504 0.000014 -0.809125 
505 0.000015 -0.796608 
506 0.000015 -0.784026 
507 0.000016 -0.771379 
508 0.000016 -0.758668 
509 0.000017 -0.745894 
510 0.000017 -0.733059 
511 0.000018 -0.720163 
512 0.000019 -0.707207 
513 0.000020 -0.694193 
514 0.000020 -0.681122 
515 0.000021 -0.667994 
516 0.000022 -0.654812 
517 0.000023 -0.641575 
518 0.000023 -0.628285 
519 0.000024 -0.614943 
520 0.000025 -0.601550 
521 0.000026 -0.588108 
522 0.000027 -0.574617 
523 0.000028 -0.561079 
524 0.000029 -0.547494 
525 0.000030 -0.533864 
526 0.000031 -0.520189 
527 0.000032 -0.506472 
528 0.000034 -0.492713 
529 0.000035 -0.478913 
530 0.000036 -0.465074 
531 0.000037 -0.451196 
532 0.000039 -0.437281 
533 0.000040 -0.423330 
534 0.000042 -0.409344 
535 0.000043 -0.395324 
536 0.000045 -0.381271 
537 0.000046 -0.367187 
538 0.000048 -0.353072 
539 0.000050 -0.338929 
540 0.000051 -0.324757 
541 0.000053 -0.310558 
542 0.000055 -0.296334 
543 0.000057 -0.282085 
544 0.000059 -0.267813 
545 0.000061 -0.253519 
546 0.000063 -0.239204 
547 0.000066 -0.224869 
548 0.000068 -0.210515 
549 0.000070 -0.196145 
550 0.000073 -0.181757 
551 0.000076 -0.167355 
552 0.000078 -0.152939 
553 0.000081 -0.138511 
554 0.000084 -0.124071 
555 0.000087 -0.109620 
556 0.000090 -0.095161 
557 0.000093 -0.080694 
558 0.000096 -0.066220 
559 0.000099 -0.051741 
560 0.000103 -0.037257 
561 0.000106 -0.022770 
562 0.000110 -0.008282 
563 0.000114 0.006208 
564 0.000118 0.020696 
565 0.000122 0.035183 
566 0.000126 0.049668 
567 0.000130 0.064148 
568 0.000135 0.078622 
569 0.000140 0.093091 
570 0.000144 0.107551 
571 0.000149 0.122003 
572 0.000154 0.136444 
573 0.000160 0.150875 
574 0.000165 0.165292 
575 0.000171 0.179697 
576 0.000176 0.194086 
577 0.000182 0.208459 
578 0.000189 0.222815 
579 0.000195 0.237153 
580 0.000201 0.251471 
581 0.000208 0.265768 
582 0.000215 0.280044 
583 0.000222 0.294296 
584 0.000230 0.308524 
585 0.000237 0.322726 
586 0.000245 0.336902 
587 0.000254 0.351049 
588 0.000262 0.365168 
589 0.000271 0.379257 
590 0.000280 0.393314 
591 0.000289 0.407339 
592 0.000298 0.421330 
593 0.000308 0.435286 
594 0.000318 0.449207 
595 0.000329 0.463090 
596 0.000340 0.476935 
597 0.000351 0.490740 
598 0.000362 0.504505 
599 0.000374 0.518228 
600 0.000386 0.531909 
601 0.000399 0.545545 
602 0.000412 0.559137 
603 0.000425 0.572682 
604 0.000439 0.586180 
605 0.000453 0.599629 
606 0.000467 0.613029 
607 0.000482 0.626378 
608 0.000498 0.639675 
609 0.000514 0.652920 
610 0.000530 0.666111 
611 0.000547 0.679246 
612 0.000565 0.692326 
613 0.000583 0.705348 
614 0.000601 0.718312 
615 0.000620 0.731216 
616 0.000640 0.744060 
617 0.000660 0.756843 
618 0.000681 0.769563 
619 0.000702 0.782219 
620 0.000724 0.794811 
621 0.000747 0.807337 
622 0.000771 0.819797 
623 0.000795 0.832188 
624 0.000819 0.844511 
625 0.000845 0.856764 
626 0.000871 0.868947 
627 0.000898 0.881057 
628 0.000926 0.893095 
629 0.000955 0.905059 
630 0.000984 0.916948 
631 0.001015 0.928761 
632 0.001046 0.940497 
633 0.001078 0.952156 
634 0.001111 0.963736 
635 0.001145 0.975237 
636 0.001180 0.986657 
637 0.001216 0.997995 
638 0.001253 1.009251 
639 0.001291 1.020423 
640 0.001331 1.031511 
641 0.001371 1.042514 
642 0.001412 1.053431 
643 0.001455 1.064260 
644 0.001499 1.075002 
645 0.001544 1.085655 
646 0.001590 1.096218 
647 0.001638 1.106690 
648 0.001687 1.117071 
649 0.001737 1.127360 
650 0.001789 1.137556 
651 0.001842 1.147657 
652 0.001897 1.157664 
653 0.001953 1.167575 
654 0.002011 1.177389 
655 0.002070 1.187107 
656 0.002131 1.196726 
657 0.002194 1.206246 
658 0.002259 1.215667 
659 0.002325 1.224987 
660 0.002393 1.234205 
661 0.002463 1.243322 
662 0.002534 1.252336 
663 0.002608 1.261247 
664 0.002684 1.270053 
665 0.002762 1.278755 
666 0.002841 1.287350 
667 0.002924 1.295840 
668 0.003008 1.304222 
669 0.003094 1.312496 
670 0.003183 1.320662 
671 0.003274 1.328719 
672 0.003368 1.336666 
673 0.003464 1.344502 
674 0.003563 1.352228 
675 0.003664 1.359842 
676 0.003768 1.367343 
677 0.003875 1.374731 
678 0.003984 1.382006 
679 0.004097 1.389166 
680 0.004212 1.396212 
681 0.004330 1.403142 
682 0.004452 1.409956 
683 0.004577 1.416654 
684 0.004704 1.423235 
685 0.004836 1.429698 
686 0.004970 1.436043 
687 0.005108 1.442269 
688 0.005250 1.448376 
689 0.005395 1.454363 
690 0.005544 1.460230 
691 0.005697 1.465977 
692 0.005854 1.471602 
693 0.006014 1.477106 
694 0.006179 1.482488 
695 0.006348 1.487747 
696 0.006521 1.492883 
697 0.006699 1.497895 
698 0.006881 1.502784 
699 0.007068 1.507549 
700 0.007259 1.512189 
701 0.007455 1.516705 
702 0.007656 1.521094 
703 0.007862 1.525359 
704 0.008073 1.529497 
705 0.008289 1.533508 
706 0.008511 1.537393 
707 0.008738 1.541151 
708 0.008971 1.544782 
709 0.009209 1.548285 
710 0.009454 1.551660 
711 0.009704 1.554906 
712 0.009960 1.558024 
713 0.010223 1.561014 
714 0.010492 1.563874 
715 0.010767 1.566605 
716 0.011049 1.569207 
717 0.011338 1.571679 
718 0.011634 1.574021 
719 0.011936 1.576233 
720 0.012246 1.578315 
721 0.012564 1.580266 
722 0.012889 1.582087 
723 0.013222 1.583777 
724 0.013562 1.585336 
725 0.013911 1.586764 
726 0.014268 1.588061 
727 0.014633 1.589227 
728 0.015006 1.590261 
729 0.015389 1.591164 
730 0.015780 1.591935 
731 0.016181 1.592575 
732 0.016590 1.593083 
733 0.017010 1.593460 
734 0.017439 1.593705 
735 0.017877 1.593818 
736 0.018326 1.593799 
737 0.018785 1.593649 
738 0.019255 1.593367 
739 0.019735 1.592953 
740 0.020226 1.592408 
741 0.020728 1.591731 
742 0.021242 1.590923 
743 0.021767 1.589983 
744 0.022304 1.588912 
745 0.022853 1.587709 
746 0.023414 1.586375 
747 0.023988 1.584910 
748 0.024574 1.583314 
749 0.025174 1.581587 
750 0.025787 1.579730 
751 0.026413 1.577742 
752 0.027053 1.575623 
753 0.027707 1.573375 
754 0.028375 1.570996 
755 0.029058 1.568487 
756 0.029756 1.565849 
757 0.030469 1.563082 
758 0.031198 1.560185 
759 0.031942 1.557159 
760 0.032702 1.554005 
761 0.033478 1.550722 
762 0.034271 1.547311 
763 0.035081 1.543772 
764 0.035908 1.540106 
765 0.036753 1.536312 
766 0.037616 1.532391 
767 0.038496 1.528344 
768 0.039396 1.524170 
769 0.040314 1.519871 
770 0.041251 1.515446 
771 0.042208 1.510895 
772 0.043185 1.506220 
773 0.044182 1.501420 
774 0.045200 1.496496 
775 0.046238 1.491449 
776 0.047298 1.486278 
777 0.048380 1.480984 
778 0.049484 1.475568 
779 0.050610 1.470030 
780 0.051760 1.464371 
781 0.052932 1.458590 
782 0.054128 1.452689 
783 0.055349 1.446668 
784 0.056594 1.440527 
785 0.057863 1.434268 
786 0.059158 1.427889 
787 0.060479 1.421393 
788 0.061826 1.414779 
789 0.063200 1.408049 
790 0.064601 1.401202 
791 0.066029 1.394239 
792 0.067485 1.387161 
793 0.068970 1.379968 
794 0.070484 1.372662 
795 0.072027 1.365241 
796 0.073600 1.357708 
797 0.075203 1.350063 
798 0.076837 1.342306 
799 0.078502 1.334439 
800 0.080200 1.326461 
801 0.081929 1.318373 
802 0.083692 1.310177 
803 0.085487 1.301872 
804 0.087317 1.293459 
805 0.089181 1.284940 
806 0.091080 1.276314 
807 0.093015 1.267583 
808 0.094985 1.258748 
809 0.096992 1.249808 
810 0.099037 1.240765 
811 0.101119 1.231619 
812 0.103239 1.222372 
813 0.105398 1.213023 
814 0.107597 1.203575 
815 0.109835 1.194027 
816 0.112115 1.184380 
817 0.114435 1.174635 
818 0.116797 1.164793 
819 0.119202 1.154855 
820 0.121649 1.144822 
821 0.124141 1.134694 
822 0.126676 1.124472 
823 0.129257 1.114157 
824 0.131883 1.103750 
825 0.134555 1.093252 
826 0.137274 1.082663 
827 0.140041 1.071985 
828 0.142856 1.061219 
829 0.145719 1.050365 
830 0.148632 1.039424 
831 0.151596 1.028397 
832 0.154610 1.017285 
833 0.157675 1.006089 
834 0.160793 0.994810 
835 0.163964 0.983448 
836 0.167188 0.972006 
837 0.170467 0.960483 
838 0.173801 0.948880 
839 0.177190 0.937200 
840 0.180636 0.925441 
841 0.184140 0.913607 
842 0.187701 0.901696 
843 0.191321 0.889712 
844 0.195000 0.877653 
845 0.198740 0.865523 
846 0.202540 0.853320 
847 0.206402 0.841047 
848 0.210327 0.828705 
849 0.214315 0.816294 
850 0.218367 0.803816 
851 0.222483 0.791271 
852 0.226665 0.778661 
853 0.230914 0.765987 
854 0.235229 0.753249 
855 0.239613 0.740449 
856 0.244065 0.727588 
857 0.248586 0.714666 
858 0.253178 0.701686 
859 0.257841 0.688647 
860 0.262576 0.675552 
861 0.267384 0.662401 
862 0.272265 0.649195 
863 0.277221 0.635935 
864 0.282252 0.622623 
865 0.287358 0.609260 
866 0.292542 0.595846 
867 0.297803 0.582383 
868 0.303143 0.568871 
869 0.308562 0.555313 
870 0.314061 0.541709 
871 0.319641 0.528060 
872 0.325303 0.514367 
873 0.331048 0.500632 
874 0.336876 0.486856 
875 0.342789 0.473039 
876 0.348786 0.459183 
877 0.354870 0.445289 
878 0.361041 0.431359 
879 0.367299 0.417393 
880 0.373646 0.403392 
881 0.380083 0.389358 
882 0.386610 0.375292 
883 0.393228 0.361194 
884 0.399938 0.347067 
885 0.406740 0.332912 
886 0.413637 0.318728 
887 0.420628 0.304519 
888 0.427714 0.290284 
889 0.434897 0.276025 
890 0.442177 0.261744 
891 0.449554 0.247440 
892 0.457031 0.233117 
893 0.464607 0.218774 
894 0.472283 0.204413 
895 0.480061 0.190035 
896 0.487941 0.175641 
897 0.495924 0.161233 
898 0.504010 0.146811 
899 0.512202 0.132378 
900 0.520498 0.117933 
901 0.528901 0.103479 
902 0.537411 0.089016 
903 0.546029 0.074546 
904 0.554755 0.060070 
905 0.563591 0.045588 
906 0.572537 0.031103 
907 0.581594 0.016616 
908 0.590763 0.002127 
909 0.600044 -0.012363 
910 0.609439 -0.026851 
911 0.618949 -0.041337 
912 0.628572 -0.055819 
913 0.638312 -0.070297 
914 0.648168 -0.084769 
915 0.658141 -0.099235 
916 0.668232 -0.113691 
917 0.678442 -0.128139 
918 0.688771 -0.142576 
919 0.699220 -0.157001 
920 0.709790 -0.171413 
921 0.720481 -0.185811 
922 0.731294 -0.200194 
923 0.742230 -0.214560 
924 0.753290 -0.228908 
925 0.764473 -0.243238 
926 0.775782 -0.257547 
927 0.787215 -0.271835 
928 0.798775 -0.286101 
929 0.810461 -0.300343 
930 0.822275 -0.314560 
931 0.834216 -0.328751 
932 0.846285 -0.342915 
933 0.858484 -0.357051 
934 0.870812 -0.371157 
935 0.883270 -0.385232 
936 0.895858 -0.399276 
937 0.908578 -0.413287 
938 0.921429 -0.427263 
939 0.934412 -0.441204 
940 0.947527 -0.455109 
941 0.960775 -0.468976 
942 0.974157 -0.482804 
943 0.987673 -0.496593 
944 1.001322 -0.510340 
945 1.015107 -0.524045 
946 1.029026 -0.537707 
947 1.043081 -0.551325 
948 1.057271 -0.564896 
949 1.071597 -0.578422 
950 1.086060 -0.591899 
951 1.100659 -0.605328 
952 1.115395 -0.618706 
953 1.130268 -0.632033 
954 1.145279 -0.645308 
955 1.160426 -0.658530 
956 1.175712 -0.671697 
957 1.191136 -0.684809 
958 1.206698 -0.697865 
959 1.222397 -0.710862 
960 1.238236 -0.723801 
961 1.254212 -0.736680 
962 1.270327 -0.749498 
963 1.286581 -0.762254 
964 1.302973 -0.774947 
965 1.319504 -0.787576 
966 1.336174 -0.800140 
967 1.352982 -0.812638 
968 1.369928 -0.825069 
969 1.387013 -0.837432 
970 1.404236 -0.849725 
971 1.421597 -0.861948 
972 1.439096 -0.874100 
973 1.456733 -0.886180 
974 1.474508 -0.898186 
975 1.492420 -0.910118 
976 1.510469 -0.921975 
977 1.528655 -0.933756 
978 1.546978 -0.945460 
979 1.565437 -0.957085 
980 1.584032 -0.968632 
981 1.602762 -0.980098 
982 1.621627 -0.991483 
983 1.640627 -1.002787 
984 1.659762 -1.014007 
985 1.679030 -1.025144 
986 1.698431 -1.036196 
987 1.717965 -1.047162 
988 1.737631 -1.058042 
989 1.757428 -1.068834 
990 1.777357 -1.079538 
991 1.797415 -1.090153 
992 1.817603 -1.100678 
993 1.837920 -1.111112 
994 1.858366 -1.121454 
995 1.878938 -1.131703 
996 1.899637 -1.141858 
997 1.920462 -1.151920 
998 1.941412 -1.161886 
999 1.962485 -1.171756 
1000 1.983682 -1.181529 
1001 2.005001 -1.191205 
1002 2.026441 -1.200782 
1003 2.048001 -1.210260 
1004 2.069681 -1.219638 
1005 2.091478 -1.228915 
1006 2.113393 -1.238091 
1007 2.135423 -1.247164 
1008 2.157568 -1.256134 
1009 2.179826 -1.265001 
1010 2.202197 -1.273763 
1011 2.224679 -1.282419 
1012 2.247271 -1.290970 
1013 2.269971 -1.299414 
1014 2.292779 -1.307750 
1015 2.315692 -1.315978 
1016 2.338709 -1.324098 
1017 2.361830 -1.332108 
1018 2.385052 -1.340008 
1019 2.408374 -1.347798 
1020 2.431794 -1.355476 
1021 2.455312 -1.363042 
1022 2.478925 -1.370495 
1023 2.502631 -1.377835 
1024 2.526430 -1.385062 
1025 2.550319 -1.392173 
1026 2.574297 -1.399170 
1027 2.598362 -1.406051 
1028 2.622512 -1.412816 
1029 2.646746 -1.419464 
1030 2.671061 -1.425995 
1031 2.695456 -1.432408 
1032 2.719929 -1.438702 
1033 2.744478 -1.444878 
1034 2.769101 -1.450934 
1035 2.793796 -1.456870 
1036 2.818561 -1.462686 
1037 2.843394 -1.468381 
1038 2.868293 -1.473955 
1039 2.893256 -1.479407 
1040 2.918281 -1.484737 
1041 2.943365 -1.489944 
1042 2.968507 -1.495027 
1043 2.993704 -1.499988 
1044 3.018954 -1.504824 
1045 3.044254 -1.509536 
1046 3.069604 -1.514123 
1047 3.094999 -1.518585 
1048 3.120438 -1.522921 
1049 3.145919 -1.527132 
1050 3.171439 -1.531216 
1051 3.196995 -1.535174 
1052 3.222586 -1.539005 
1053 3.248208 -1.542709 
1054 3.273860 -1.546285 
1055 3.299538 -1.549734 
1056 3.325241 -1.553054 
1057 3.350965 -1.556247 
1058 3.376709 -1.559310 
1059 3.402469 -1.562245 
1060 3.428242 -1.565050 
1061 3.454027 -1.567726 
1062 3.479821 -1.570273 
1063 3.505620 -1.572690 
1064 3.531422 -1.574977 
1065 3.557225 -1.577133 
1066 3.583025 -1.579160 
1067 3.608820 -1.581056 
1068 3.634607 -1.582821 
1069 3.660383 -1.584455 
1070 3.686146 -1.585959 
1071 3.711892 -1.587331 
1072 3.737618 -1.588572 
1073 3.763323 -1.589682 
1074 3.789002 -1.590661 
1075 3.814653 -1.591508 
1076 3.840274 -1.592223 
1077 3.865860 -1.592807 
1078 3.891409 -1.593259 
1079 3.916919 -1.593580 
1080 3.942386 -1.593769 
1081 3.967806 -1.593826 
1082 3.993178 -1.593752 
1083 4.018498 -1.593545 
1084 4.043763 -1.593207 
1085 4.068970 -1.592738 
1086 4.094116 -1.592137 
1087 4.119197 -1.591404 
1088 4.144212 -1.590540 
1089 4.169156 -1.589544 
1090 4.194027 -1.588417 
1091 4.218821 -1.587158 
1092 4.243536 -1.585769 
1093 4.268168 -1.584248 
1094 4.292714 -1.582597 
1095 4.317171 -1.580814 
1096 4.341536 -1.578901 
1097 4.365806 -1.576858 
1098 4.389978 -1.574684 
1099 4.414048 -1.572380 
1100 4.438014 -1.569946 
1101 4.461872 -1.567382 
1102 4.485619 -1.564689 
1103 4.509252 -1.561867 
1104 4.532768 -1.558915 
1105 4.556164 -1.555835 
1106 4.579437 -1.552626 
1107 4.602583 -1.549289 
1108 4.625599 -1.545823 
1109 4.648483 -1.542230 
1110 4.671231 -1.538510 
1111 4.693840 -1.534662 
1112 4.716307 -1.530687 
1113 4.738629 -1.526586 
1114 4.760803 -1.522359 
1115 4.782826 -1.518006 
1116 4.804695 -1.513528 
1117 4.826406 -1.508924 
1118 4.847957 -1.504196 
1119 4.869344 -1.499343 
1120 4.890566 -1.494367 
1121 4.911618 -1.489267 
1122 4.932497 -1.484044 
1123 4.953201 -1.478698 
1124 4.973727 -1.473230 
1125 4.994072 -1.467641 
1126 5.014233 -1.461930 
1127 5.034207 -1.456098 
1128 5.053991 -1.450146 
1129 5.073582 -1.444074 
1130 5.092978 -1.437883 
1131 5.112175 -1.431573 
1132 5.131171 -1.425144 
1133 5.149963 -1.418598 
1134 5.168548 -1.411934 
1135 5.186924 -1.405154 
1136 5.205088 -1.398258 
1137 5.223037 -1.391246 
1138 5.240768 -1.384119 
1139 5.258279 -1.376878 
1140 5.275568 -1.369523 
1141 5.292631 -1.362055 
1142 5.309466 -1.354474 
1143 5.326071 -1.346782 
1144 5.342443 -1.338978 
1145 5.358580 -1.331063 
1146 5.374478 -1.323038 
1147 5.390137 -1.314904 
1148 5.405553 -1.306662 
1149 5.420724 -1.298311 
1150 5.435648 -1.289853 
1151 5.450322 -1.281289 
1152 5.464745 -1.272618 
1153 5.478913 -1.263843 
1154 5.492826 -1.254963 
1155 5.506480 -1.245979 
1156 5.519874 -1.236892 
1157 5.533005 -1.227703 
1158 5.545872 -1.218413 
1159 5.558472 -1.209022 
1160 5.570804 -1.199531 
1161 5.582866 -1.189940 
1162 5.594655 -1.180252 
1163 5.606171 -1.170466 
1164 5.617410 -1.160583 
1165 5.628372 -1.150604 
1166 5.639055 -1.140531 
1167 5.649457 -1.130363 
1168 5.659576 -1.120101 
1169 5.669411 -1.109747 
1170 5.678960 -1.099301 
1171 5.688222 -1.088765 
1172 5.697196 -1.078138 
1173 5.705879 -1.067423 
1174 5.714271 -1.056619 
1175 5.722369 -1.045727 
1176 5.730174 -1.034750 
1177 5.737684 -1.023687 
1178 5.744897 -1.012539 
1179 5.751812 -1.001307 
1180 5.758429 -0.989993 
1181 5.764745 -0.978597 
1182 5.770761 -0.967120 
1183 5.776475 -0.955564 
1184 5.781887 -0.943928 
1185 5.786995 -0.932214 
1186 5.791798 -0.920423 
1187 5.796297 -0.908556 
1188 5.800490 -0.896614 
1189 5.804376 -0.884598 
1190 5.807955 -0.872509 
1191 5.811226 -0.860348 
1192 5.814189 -0.848115 
1193 5.816843 -0.835813 
1194 5.819188 -0.823441 
1195 5.821224 -0.811002 
1196 5.822950 -0.798495 
1197 5.824365 -0.785922 
1198 5.825471 -0.773285 
1199 5.826265 -0.760583 
1200 5.826750 -0.747819 
1201 5.826923 -0.734993 
1202 5.826786 -0.722106 
1203 5.826338 -0.709159 
1204 5.825579 -0.696154 
1205 5.824509 -0.683091 
1206 5.823130 -0.669972 
1207 5.821440 -0.656798 
1208 5.819440 -0.643569 
1209 5.817131 -0.630287 
1210 5.814512 -0.616953 
1211 5.811585 -0.603568 
1212 5.808349 -0.590133 
1213 5.804805 -0.576649 
1214 5.800955 -0.563117 
1215 5.796797 -0.549540 
1216 5.792334 -0.535916 
1217 5.787565 -0.522249 
1218 5.782492 -0.508538 
1219 5.777115 -0.494785 
1220 5.771435 -0.480991 
1221 5.765454 -0.467158 
1222 5.759171 -0.453286 
1223 5.752588 -0.439376 
1224 5.745707 -0.425430 
1225 5.738527 -0.411449 
1226 5.731051 -0.397434 
1227 5.723279 -0.383386 
1228 5.715213 -0.369307 
1229 5.706854 -0.355197 
1230 5.698203 -0.341057 
1231 5.689261 -0.326890 
1232 5.680031 -0.312695 
1233 5.670513 -0.298475 
1234 5.660709 -0.284230 
1235 5.650621 -0.269961 
1236 5.640250 -0.255670 
1237 5.629597 -0.241358 
1238 5.618665 -0.227026 
1239 5.607455 -0.212675 
1240 5.595969 -0.198307 
1241 5.584208 -0.183922 
1242 5.572175 -0.169522 
1243 5.559871 -0.155108 
1244 5.547299 -0.140681 
1245 5.534459 -0.126243 
1246 5.521355 -0.111794 
1247 5.507988 -0.097336 
1248 5.494360 -0.082870 
1249 5.480474 -0.068397 
1250 5.466331 -0.053918 
1251 5.451933 -0.039435 
1252 5.437284 -0.024949 
1253 5.422384 -0.010461 
1254 5.407237 0.004029 
1255 5.391845 0.018518 
1256 5.376209 0.033005 
1257 5.360333 0.047490 
1258 5.344219 0.061970 
1259 5.327868 0.076446 
1260 5.311285 0.090915 
1261 5.294470 0.105377 
1262 5.277427 0.119830 
1263 5.260159 0.134273 
1264 5.242667 0.148705 
1265 5.224955 0.163125 
1266 5.207024 0.177531 
1267 5.188878 0.191923 
1268 5.170520 0.206299 
1269 5.151952 0.220658 
1270 5.133176 0.234998 
1271 5.114196 0.249319 
1272 5.095015 0.263620 
1273 5.075634 0.277898 
1274 5.056057 0.292154 
1275 5.036288 0.306385 
1276 5.016327 0.320592 
1277 4.996180 0.334771 
1278 4.975847 0.348924 
1279 4.955334 0.363047 
1280 4.934641 0.377140 
1281 4.913772 0.391202 
1282 4.892731 0.405232 
1283 4.871520 0.419228 
1284 4.850142 0.433190 
1285 4.828600 0.447115 
1286 4.806897 0.461004 
1287 4.785037 0.474855 
1288 4.763022 0.488667 
1289 4.740855 0.502438 
1290 4.718539 0.516167 
1291 4.696078 0.529854 
1292 4.673474 0.543497 
1293 4.650731 0.557096 
1294 4.627852 0.570648 
1295 4.604840 0.584153 
1296 4.581697 0.597610 
1297 4.558427 0.611017 
1298 4.535034 0.624374 
1299 4.511520 0.637679 
1300 4.487888 0.650932 
1301 4.464142 0.664130 
1302 4.440285 0.677274 
1303 4.416319 0.690362 
1304 4.392249 0.703393 
1305 4.368076 0.716366 
1306 4.343805 0.729279 
1307 4.319438 0.742133 
1308 4.294978 0.754925 
1309 4.270429 0.767654 
1310 4.245794 0.780320 
1311 4.221075 0.792922 
1312 4.196277 0.805458 
1313 4.171401 0.817927 
1314 4.146452 0.830329 
1315 4.121432 0.842663 
1316 4.096344 0.854926 
1317 4.071192 0.867119 
1318 4.045978 0.879240 
1319 4.020706 0.891289 
1320 3.995378 0.903264 
1321 3.969999 0.915165 
1322 3.944569 0.926989 
1323 3.919094 0.938737 
1324 3.893575 0.950408 
1325 3.868016 0.962000 
1326 3.842419 0.973512 
1327 3.816788 0.984944 
1328 3.791126 0.996295 
1329 3.765436 1.007563 
1330 3.739719 1.018748 
1331 3.713981 1.029849 
1332 3.688222 1.040865 
1333 3.662447 1.051795 
1334 3.636658 1.062637 
1335 3.610857 1.073392 
1336 3.585048 1.084058 
1337 3.559234 1.094635 
1338 3.533417 1.105121 
1339 3.507600 1.115516 
1340 3.481786 1.125819 
1341 3.455977 1.136028 
1342 3.430176 1.146144 
1343 3.404387 1.156165 
1344 3.378611 1.166091 
1345 3.352851 1.175920 
1346 3.327110 1.185652 
1347 3.301390 1.195286 
1348 3.275694 1.204821 
1349 3.250025 1.214256 
1350 3.224384 1.223591 
1351 3.198776 1.232826 
1352 3.173201 1.241958 
1353 3.147663 1.250987 
1354 3.122163 1.259914 
1355 3.096705 1.268736 
1356 3.071290 1.277453 
1357 3.045922 1.286064 
1358 3.020601 1.294570 
1359 2.995332 1.302968 
1360 2.970115 1.311259 
1361 2.944953 1.319441 
1362 2.919848 1.327514 
1363 2.894803 1.335478 
1364 2.869820 1.343331 
1365 2.844900 1.351073 
1366 2.820046 1.358704 
1367 2.795260 1.366222 
1368 2.770544 1.373627 
1369 2.745900 1.380919 
1370 2.721329 1.388097 
1371 2.696835 1.395160 
1372 2.672418 1.402107 
1373 2.648082 1.408939 
1374 2.623826 1.415654 
1375 2.599654 1.422253 
1376 2.575567 1.428733 
1377 2.551567 1.435096 
1378 2.527656 1.441340 
1379 2.503835 1.447465 
1380 2.480107 1.453471 
1381 2.456472 1.459356 
1382 2.432932 1.465120 
1383 2.409489 1.470764 
1384 2.386145 1.476286 
1385 2.362900 1.481686 
1386 2.339758 1.486964 
1387 2.316718 1.492118 
1388 2.293782 1.497150 
1389 2.270953 1.502057 
1390 2.248230 1.506841 
1391 2.225616 1.511500 
1392 2.203112 1.516034 
1393 2.180719 1.520442 
1394 2.158438 1.524725 
1395 2.136271 1.528882 
1396 2.114219 1.532913 
1397 2.092282 1.536817 
1398 2.070463 1.540594 
1399 2.048762 1.544244 
1400 2.027180 1.547766 
1401 2.005718 1.551160 
1402 1.984377 1.554426 
1403 1.963159 1.557564 
1404 1.942064 1.560572 
1405 1.921093 1.563452 
1406 1.900247 1.566203 
1407 1.879526 1.568824 
1408 1.858933 1.571316 
1409 1.838467 1.573677 
1410 1.818129 1.575909 
1411 1.797920 1.578010 
1412 1.777840 1.579981 
1413 1.757892 1.581821 
1414 1.738074 1.583531 
1415 1.718387 1.585110 
1416 1.698833 1.586558 
1417 1.679412 1.587874 
1418 1.660125 1.589060 
1419 1.640971 1.590114 
1420 1.621951 1.591036 
1421 1.603066 1.591828 
1422 1.584317 1.592487 
1423 1.565703 1.593015 
1424 1.547225 1.593412 
1425 1.528884 1.593676 
1426 1.510680 1.593809 
1427 1.492612 1.593811 
1428 1.474682 1.593680 
1429 1.456889 1.593418 
1430 1.439234 1.593024 
1431 1.421717 1.592499 
1432 1.404339 1.591841 
1433 1.387099 1.591053 
1434 1.369997 1.590133 
1435 1.353034 1.589081 
1436 1.336209 1.587898 
1437 1.319523 1.586584 
1438 1.302976 1.585139 
1439 1.286568 1.583562 
1440 1.270298 1.581855 
1441 1.254168 1.580018 
1442 1.238176 1.578049 
1443 1.222322 1.575950 
1444 1.206607 1.573721 
1445 1.191031 1.571362 
1446 1.175593 1.568873 
1447 1.160293 1.566254 
1448 1.145130 1.563506 
1449 1.130106 1.560629 
1450 1.115219 1.557622 
1451 1.100470 1.554487 
1452 1.085857 1.551224 
1453 1.071382 1.547832 
1454 1.057043 1.544313 
1455 1.042840 1.540665 
1456 1.028773 1.536891 
1457 1.014841 1.532989 
1458 1.001045 1.528961 
1459 0.987384 1.524806 
1460 0.973857 1.520526 
1461 0.960464 1.516119 
1462 0.947204 1.511588 
1463 0.934078 1.506931 
1464 0.921084 1.502150 
1465 0.908223 1.497245 
1466 0.895493 1.492216 
1467 0.882895 1.487064 
1468 0.870427 1.481789 
1469 0.858090 1.476391 
1470 0.845882 1.470871 
1471 0.833803 1.465230 
1472 0.821853 1.459468 
1473 0.810031 1.453585 
1474 0.798337 1.447582 
1475 0.786769 1.441459 
1476 0.775327 1.435218 
1477 0.764011 1.428857 
1478 0.752820 1.422379 
1479 0.741753 1.415783 
1480 0.730810 1.409070 
1481 0.719990 1.402240 
1482 0.709292 1.395295 
1483 0.698716 1.388234 
1484 0.688260 1.381059 
1485 0.677925 1.373770 
1486 0.667710 1.366367 
1487 0.657613 1.358851 
1488 0.647634 1.351222 
1489 0.637773 1.343483 
1490 0.628028 1.335632 
1491 0.618399 1.327670 
1492 0.608885 1.319600 
1493 0.599486 1.311420 
1494 0.590200 1.303131 
1495 0.581027 1.294735 
1496 0.571965 1.286232 
1497 0.563016 1.277623 
1498 0.554176 1.268908 
1499 0.545446 1.260088 
1500 0.536825 1.251165 
1501 0.528312 1.242137 
1502 0.519907 1.233008 
1503 0.511607 1.223776 
1504 0.503413 1.214443 
1505 0.495324 1.205010 
1506 0.487339 1.195478 
1507 0.479457 1.185846 
1508 0.471678 1.176117 
1509 0.463999 1.166290 
1510 0.456422 1.156367 
1511 0.448944 1.146349 
1512 0.441565 1.136236 
1513 0.434284 1.126029 
1514 0.427100 1.115729 
1515 0.420013 1.105337 
1516 0.413021 1.094854 
1517 0.406124 1.084280 
1518 0.399321 1.073617 
1519 0.392611 1.062865 
1520 0.385993 1.052026 
1521 0.379466 1.041100 
1522 0.373030 1.030087 
1523 0.366683 1.018990 
1524 0.360425 1.007808 
1525 0.354254 0.996544 
1526 0.348171 0.985197 
1527 0.342174 0.973769 
1528 0.336263 0.962261 
1529 0.330435 0.950673 
1530 0.324692 0.939007 
1531 0.319031 0.927263 
1532 0.313452 0.915443 
1533 0.307954 0.903548 
1534 0.302537 0.891578 
1535 0.297199 0.879535 
1536 0.291939 0.867419 
1537 0.286757 0.855232 
1538 0.281653 0.842975 
1539 0.276624 0.830648 
1540 0.271670 0.818252 
1541 0.266791 0.805790 
1542 0.261986 0.793261 
1543 0.257253 0.780667 
1544 0.252593 0.768009 
1545 0.248003 0.755288 
1546 0.243484 0.742505 
1547 0.239035 0.729662 
1548 0.234654 0.716758 
1549 0.230341 0.703796 
1550 0.226096 0.690776 
1551 0.221916 0.677699 
1552 0.217803 0.664567 
1553 0.213754 0.651381 
1554 0.209769 0.638142 
1555 0.205848 0.624851 
1556 0.201989 0.611509 
1557 0.198192 0.598117 
1558 0.194456 0.584676 
1559 0.190780 0.571189 
1560 0.187163 0.557655 
1561 0.183606 0.544076 
1562 0.180106 0.530453 
1563 0.176663 0.516787 
1564 0.173278 0.503080 
1565 0.169947 0.489332 
1566 0.166672 0.475545 
1567 0.163452 0.461721 
1568 0.160285 0.447859 
1569 0.157171 0.433963 
1570 0.154109 0.420031 
1571 0.151099 0.406067 
1572 0.148139 0.392071 
1573 0.145230 0.378045 
1574 0.142371 0.363989 
1575 0.139560 0.349905 
1576 0.136797 0.335794 
1577 0.134082 0.321658 
1578 0.131414 0.307498 
1579 0.128792 0.293315 
1580 0.126216 0.279110 
1581 0.123684 0.264884 
1582 0.121197 0.250640 
1583 0.118754 0.236377 
1584 0.116353 0.222099 
1585 0.113995 0.207805 
1586 0.111679 0.193498 
1587 0.109404 0.179178 
1588 0.107169 0.164846 
1589 0.104975 0.150506 
1590 0.102820 0.136156 
1591 0.100704 0.121800 
1592 0.098626 0.107438 
1593 0.096586 0.093072 
1594 0.094583 0.078703 
1595 0.092617 0.064333 
1596 0.090686 0.049963 
1597 0.088791 0.035594 
1598 0.086931 0.021227 
1599 0.085106 0.006865 
1600 0.083314 -0.007491 
1601 0.081556 -0.021840 
1602 0.079831 -0.036181 
1603 0.078138 -0.050512 
1604 0.076476 -0.064831 
1605 0.074846 -0.079137 
1606 0.073247 -0.093428 
1607 0.071678 -0.107704 
1608 0.070139 -0.121962 
1609 0.068630 -0.136201 
1610 0.067149 -0.150419 
1611 0.065697 -0.164615 
1612 0.064273 -0.178788 
1613 0.062876 -0.192935 
1614 0.061506 -0.207055 
1615 0.060163 -0.221147 
1616 0.058846 -0.235209 
1617 0.057555 -0.249239 
1618 0.056289 -0.263236 
1619 0.055048 -0.277198 
1620 0.053832 -0.291124 
1621 0.052639 -0.305011 
1622 0.051471 -0.318858 
1623 0.050325 -0.332664 
1624 0.049202 -0.346427 
1625 0.048102 -0.360144 
1626 0.047024 -0.373815 
1627 0.045968 -0.387437 
1628 0.044933 -0.401010 
1629 0.043919 -0.414530 
1630 0.042925 -0.427997 
1631 0.041952 -0.441408 
1632 0.040999 -0.454762 
1633 0.040065 -0.468057 
1634 0.039150 -0.481291 
1635 0.038254 -0.494462 
1636 0.037377 -0.507569 
1637 0.036518 -0.520609 
1638 0.035676 -0.533581 
1639 0.034853 -0.546483 
1640 0.034046 -0.559313 
1641 0.033256 -0.572068 
1642 0.032483 -0.584748 
1643 0.031726 -0.597350 
1644 0.030985 -0.609872 
1645 0.030260 -0.622312 
1646 0.029550 -0.634668 
1647 0.028856 -0.646939 
1648 0.028176 -0.659122 
1649 0.027511 -0.671214 
1650 0.026859 -0.683216 
1651 0.026222 -0.695123 
1652 0.025599 -0.706934 
1653 0.024989 -0.718647 
1654 0.024393 -0.730260 
1655 0.023809 -0.741771 
1656 0.023238 -0.753177 
1657 0.022680 -0.764477 
1658 0.022133 -0.775668 
1659 0.021599 -0.786749 
1660 0.021077 -0.797717 
1661 0.020566 -0.808569 
1662 0.020066 -0.819305 
1663 0.019578 -0.829921 
1664 0.019100 -0.840415 
1665 0.018633 -0.850786 
1666 0.018177 -0.861030 
1667 0.017730 -0.871146 
1668 0.017294 -0.881132 
1669 0.016868 -0.890985 
1670 0.016451 -0.900703 
1671 0.016044 -0.910284 
1672 0.015645 -0.919726 
1673 0.015256 -0.929025 
1674 0.014876 -0.938181 
1675 0.014505 -0.947191 
1676 0.014142 -0.956052 
1677 0.013787 -0.964762 
1678 0.013441 -0.973319 
1679 0.013102 -0.981721 
1680 0.012772 -0.989965 
1681 0.012449 -0.998050 
1682 0.012134 -1.005972 
1683 0.011825 -1.013730 
1684 0.011525 -1.021322 
1685 0.011231 -1.028745 
1686 0.010944 -1.035996 
1687 0.010664 -1.043074 
1688 0.010390 -1.049977 
1689 0.010123 -1.056702 
1690 0.009863 -1.063247 
1691 0.009608 -1.069610 
1692 0.009360 -1.075788 
1693 0.009117 -1.081780 
1694 0.008880 -1.087583 
1695 0.008649 -1.093195 
1696 0.008424 -1.098615 
1697 0.008204 -1.103839 
1698 0.007989 -1.108866 
1699 0.007780 -1.113694 
1700 0.007575 -1.118321 
1701 0.007376 -1.122745 
1702 0.007181 -1.126963 
1703 0.006992 -1.130974 
1704 0.006806 -1.134776 
1705 0.006626 -1.138367 
1706 0.006450 -1.141746 
1707 0.006278 -1.144909 
1708 0.006110 -1.147856 
1709 0.005947 -1.150585 
1710 0.005788 -1.153093 
1711 0.005632 -1.155380 
1712 0.005481 -1.157444 
1713 0.005333 -1.159282 
1714 0.005189 -1.160894 
1715 0.005049 -1.162278 
1716 0.004912 -1.163432 
1717 0.004778 -1.164355 
1718 0.004648 -1.165046 
1719 0.004522 -1.165503 
1720 0.004398 -1.165725 
1721 0.004278 -1.165711 
1722 0.004160 -1.165459 
1723 0.004046 -1.164968 
1724 0.003935 -1.164238 
1725 0.003826 -1.163267 
1726 0.003721 -1.162054 
1727 0.003618 -1.160599 
1728 0.003517 -1.158901 
1729 0.003420 -1.156958 
1730 0.003324 -1.154770 
1731 0.003232 -1.152337 
1732 0.003141 -1.149658 
1733 0.003053 -1.146732 
1734 0.002968 -1.143559 
1735 0.002884 -1.140138 
1736 0.002803 -1.136470 
1737 0.002724 -1.132553 
1738 0.002647 -1.128389 
1739 0.002572 -1.123976 
1740 0.002499 -1.119315 
1741 0.002428 -1.114406 
1742 0.002359 -1.109248 
1743 0.002292 -1.103843 
1744 0.002227 -1.098190 
1745 0.002163 -1.092290 
1746 0.002101 -1.086144 
1747 0.002041 -1.079750 
1748 0.001982 -1.073112 
1749 0.001925 -1.066228 
1750 0.001869 -1.059100 
1751 0.001815 -1.051729 
1752 0.001762 -1.044115 
1753 0.001711 -1.036260 
1754 0.001661 -1.028165 
1755 0.001613 -1.019830 
1756 0.001566 -1.011258 
1757 0.001520 -1.002448 
1758 0.001476 -0.993404 
1759 0.001432 -0.984126 
1760 0.001390 -0.974615 
1761 0.001349 -0.964875 
1762 0.001310 -0.954905 
1763 0.001271 -0.944708 
1764 0.001233 -0.934287 
1765 0.001197 -0.923642 
1766 0.001161 -0.912776 
1767 0.001127 -0.901691 
1768 0.001093 -0.890390 
1769 0.001060 -0.878874 
1770 0.001029 -0.867146 
1771 0.000998 -0.855208 
1772 0.000968 -0.843063 
1773 0.000939 -0.830713 
1774 0.000910 -0.818161 
1775 0.000883 -0.805410 
1776 0.000856 -0.792462 
1777 0.000830 -0.779321 
1778 0.000805 -0.765989 
1779 0.000781 -0.752469 
1780 0.000757 -0.738764 
1781 0.000734 -0.724878 
1782 0.000711 -0.710813 
1783 0.000690 -0.696572 
1784 0.000669 -0.682160 
1785 0.000648 -0.667579 
1786 0.000628 -0.652832 
1787 0.000609 -0.637924 
1788 0.000590 -0.622857 
1789 0.000572 -0.607635 
1790 0.000554 -0.592262 
1791 0.000537 -0.576742 
1792 0.000520 -0.561077 
1793 0.000504 -0.545272 
1794 0.000488 -0.529330 
1795 0.000473 -0.513256 
1796 0.000458 -0.497052 
1797 0.000444 -0.480724 
1798 0.000430 -0.464274 
1799 0.000417 -0.447707 
1800 0.000403 -0.431027 
1801 0.000391 -0.414237 
1802 0.000378 -0.397341 
1803 0.000366 -0.380345 
1804 0.000355 -0.363250 
1805 0.000344 -0.346063 
1806 0.000333 -0.328786 
1807 0.000322 -0.311423 
1808 0.000312 -0.293980 
1809 0.000302 -0.276459 
1810 0.000292 -0.258866 
1811 0.000283 -0.241203 
1812 0.000274 -0.223476 
1813 0.000265 -0.205688 
1814 0.000256 -0.187843 
1815 0.000248 -0.169946 
1816 0.000240 -0.152000 
1817 0.000232 -0.134009 
1818 0.000225 -0.115979 
1819 0.000218 -0.097912 
1820 0.000210 -0.079812 
1821 0.000204 -0.061684 
1822 0.000197 -0.043532 
1823 0.000191 -0.025360 
1824 0.000184 -0.007171 
1825 0.000178 0.011030 
1826 0.000172 0.029240 
1827 0.000167 0.047454 
1828 0.000161 0.065669 
1829 0.000156 0.083881 
1830 0.000151 0.102087 
1831 0.000146 0.120282 
1832 0.000141 0.138463 
1833 0.000136 0.156626 
1834 0.000132 0.174767 
1835 0.000127 0.192883 
1836 0.000123 0.210971 
1837 0.000119 0.229026 
1838 0.000115 0.247046 
1839 0.000111 0.265027 
1840 0.000107 0.282965 
1841 0.000104 0.300857 
1842 0.000100 0.318700 
1843 0.000097 0.336491 
1844 0.000094 0.354226 
1845 0.000091 0.371902 
1846 0.000087 0.389517 
1847 0.000084 0.407067 
1848 0.000082 0.424549 
1849 0.000079 0.441960 
1850 0.000076 0.459298 
1851 0.000074 0.476559 
1852 0.000071 0.493741 
1853 0.000069 0.510841 
1854 0.000066 0.527856 
1855 0.000064 0.544784 
1856 0.000062 0.561622 
1857 0.000060 0.578368 
1858 0.000058 0.595019 
1859 0.000056 0.611573 
1860 0.000054 0.628028 
1861 0.000052 0.644381 
1862 0.000050 0.660630 
1863 0.000048 0.676772 
1864 0.000047 0.692807 
1865 0.000045 0.708731 
1866 0.000043 0.724543 
1867 0.000042 0.740241 
1868 0.000040 0.755822 
1869 0.000039 0.771286 
1870 0.000038 0.786630 
1871 0.000036 0.801852 
1872 0.000035 0.816951 
1873 0.000034 0.831926 
1874 0.000033 0.846774 
1875 0.000031 0.861494 
1876 0.000030 0.876086 
1877 0.000029 0.890546 
1878 0.000028 0.904874 
1879 0.000027 0.919069 
1880 0.000026 0.933129 
1881 0.000025 0.947054 
1882 0.000024 0.960841 
1883 0.000024 0.974490 
1884 0.000023 0.988000 
1885 0.000022 1.001369 
1886 0.000021 1.014598 
1887 0.000020 1.027684 
1888 0.000020 1.040627 
1889 0.000019 1.053426 
1890 0.000018 1.066080 
1891 0.000018 1.078588 
1892 0.000017 1.090951 
1893 0.000016 1.103166 
1894 0.000016 1.115233 
1895 0.000015 1.127153 
1896 0.000015 1.138923 
1897 0.000014 1.150544 
1898 0.000014 1.162015 
1899 0.000013 1.173335 
1900 0.000013 1.184504 
1901 0.000012 1.195522 
1902 0.000012 1.206388 
1903 0.000011 1.217103 
1904 0.000011 1.227664 
1905 0.000010 1.238073 
1906 0.000010 1.248329 
1907 0.000010 1.258431 
1908 0.000009 1.268380 
1909 0.000009 1.278175 
1910 0.000009 1.287816 
1911 0.000008 1.297303 
1912 0.000008 1.306636 
1913 0.000008 1.315814 
1914 0.000007 1.324838 
1915 0.000007 1.333707 
1916 0.000007 1.342422 
1917 0.000007 1.350982 
1918 0.000006 1.359388 
1919 0.000006 1.367639 
1920 0.000006 1.375735 
1921 0.000006 1.383677 
1922 0.000005 1.391464 
1923 0.000005 1.399096 
1924 0.000005 1.406574 
1925 0.000005 1.413898 
1926 0.000005 1.421067 
1927 0.000004 1.428082 
1928 0.000004 1.434944 
1929 0.000004 1.441651 
1930 0.000004 1.448205 
1931 0.000004 1.454605 
1932 0.000004 1.460851 
1933 0.000004 1.466944 
1934 0.000003 1.472885 
1935 0.000003 1.478672 
1936 0.000003 1.484307 
1937 0.000003 1.489789 
1938 0.000003 1.495119 
1939 0.000003 1.500296 
1940 0.000003 1.505322 
1941 0.000003 1.510197 
1942 0.000002 1.514919 
1943 0.000002 1.519491 
1944 0.000002 1.523912 
1945 0.000002 1.528182 
1946 0.000002 1.532302 
1947 0.000002 1.536272 
1948 0.000002 1.540092 
1949 0.000002 1.543762 
1950 0.000002 1.547283 
1951 0.000002 1.550655 
1952 0.000002 1.553878 
1953 0.000002 1.556953 
1954 0.000002 1.559879 
1955 0.000001 1.562658 
1956 0.000001 1.565289 
1957 0.000001 1.567773 
1958 0.000001 1.570109 
1959 0.000001 1.572299 
1960 0.000001 1.574343 
1961 0.000001 1.576240 
1962 0.000001 1.577992 
1963 0.000001 1.579598 
1964 0.000001 1.581059 
1965 0.000001 1.582375 
1966 0.000001 1.583547 
1967 0.000001 1.584574 
1968 0.000001 1.585458 
1969 0.000001 1.586198 
1970 0.000001 1.586795 
1971 0.000001 1.587249 
1972 0.000001 1.587560 
1973 0.000001 1.587729 
1974 0.000001 1.587756 
1975 0.000001 1.587642 
1976 0.000001 1.587387 
1977 0.000001 1.586991 
1978 0.000001 1.586454 
1979 0.000001 1.585777 
1980 0.000001 1.584961 
1981 0.000001 1.584005 
1982 0.000000 1.582910 
1983 0.000000 1.581677 
1984 0.000000 1.580305 
1985 0.000000 1.578795 
1986 0.000000 1.577148 
1987 0.000000 1.575364 
1988 0.000000 1.573443 
1989 0.000000 1.571386 
1990 0.000000 1.569193 
1991 0.000000 1.566864 
1992 0.000000 1.564400 
1993 0.000000 1.561802 
1994 0.000000 1.559069 
1995 0.000000 1.556202 
1996 0.000000 1.553202 
1997 0.000000 1.550069 
1998 0.000000 1.546804 
1999 0.000000 1.543406 
2000 0.000000 1.539877 
2001 0.000000 1.536216 
2002 0.000000 1.532425 
2003 0.000000 1.528503 
2004 0.000000 1.524452 
2005 0.000000 1.520271 
2006 0.000000 1.515962 
2007 0.000000 1.511524 
2008 0.000000 1.506958 
2009 0.000000 1.502265 
2010 0.000000 1.497444 
2011 0.000000 1.492498 
2012 0.000000 1.487426 
2013 0.000000 1.482228 
2014 0.000000 1.476906 
2015 0.000000 1.471459 
2016 0.000000 1.465889 
2017 0.000000 1.460195 
2018 0.000000 1.454379 
2019 0.000000 1.448441 
2020 0.000000 1.442381 
2021 0.000000 1.436201 
2022 0.000000 1.429900 
2023 0.000000 1.423480 
2024 0.000000 1.416940 
2025 0.000000 1.410282 
2026 0.000000 1.403506 
2027 0.000000 1.396613 
2028 0.000000 1.389603 
2029 0.000000 1.382477 
2030 0.000000 1.375236 
2031 0.000000 1.367880 
2032 0.000000 1.360410 
2033 0.000000 1.352827 
2034 0.000000 1.345131 
2035 0.000000 1.337323 
2036 0.000000 1.329403 
2037 0.000000 1.321373 
2038 0.000000 1.313233 
2039 0.000000 1.304984 
2040 0.000000 1.296626 
2041 0.000000 1.288160 
2042 0.000000 1.279588 
2043 0.000000 1.270909 
2044 0.000000 1.262124 
2045 0.000000 1.253235 
2046 0.000000 1.244241 
2047 0.000000 1.235144 
2048 0.000000 1.225945 
2049 0.000000 1.216644 
2050 0.000000 1.207242 
2051 0.000000 1.197740 
2052 0.000000 1.188138 
2053 0.000000 1.178438 
2054 0.000000 1.168640 
2055 0.000000 1.158746 
2056 0.000000 1.148755 
2057 0.000000 1.138669 
2058 0.000000 1.128489 
2059 0.000000 1.118215 
2060 0.000000 1.107848 
2061 0.000000 1.097390 
2062 0.000000 1.086841 
2063 0.000000 1.076202 
2064 0.000000 1.065473 
2065 0.000000 1.054657 
2066 0.000000 1.043753 
2067 0.000000 1.032763 
2068 0.000000 1.021687 
2069 0.000000 1.010526 
2070 0.000000 0.999282 
2071 0.000000 0.987956 
2072 0.000000 0.976547 
2073 0.000000 0.965058 
2074 0.000000 0.953489 
2075 0.000000 0.941841 
2076 0.000000 0.930114 
2077 0.000000 0.918312 
2078 0.000000 0.906433 
2079 0.000000 0.894479 
2080 0.000000 0.882451 
2081 0.000000 0.870350 
2082 0.000000 0.858177 
2083 0.000000 0.845933 
2084 0.000000 0.833619 
2085 0.000000 0.821236 
2086 0.000000 0.808785 
2087 0.000000 0.796268 
2088 0.000000 0.783684 
2089 0.000000 0.771036 
2090 0.000000 0.758324 
2091 0.000000 0.745549 
2092 0.000000 0.732712 
2093 0.000000 0.719815 
2094 0.000000 0.706859 
2095 0.000000 0.693844 
2096 0.000000 0.680771 
2097 0.000000 0.667643 
2098 0.000000 0.654459 
2099 0.000000 0.641221 
2100 0.000000 0.627930 
2101 0.000000 0.614587 
2102 0.000000 0.601193 
2103 0.000000 0.587750 
2104 0.000000 0.574258 
2105 0.000000 0.560718 
2106 0.000000 0.547133 
2107 0.000000 0.533501 
2108 0.000000 0.519826 
2109 0.000000 0.506108 
2110 0.000000 0.492348 
2111 0.000000 0.478547 
2112 0.000000 0.464707 
2113 0.000000 0.450829 
2114 0.000000 0.436913 
2115 0.000000 0.422961 
2116 0.000000 0.408974 
2117 0.000000 0.394953 
2118 0.000000 0.380899 
2119 0.000000 0.366814 
2120 0.000000 0.352699 
2121 0.000000 0.338555 
2122 0.000000 0.324382 
2123 0.000000 0.310183 
2124 0.000000 0.295958 
2125 0.000000 0.281709 
2126 0.000000 0.267436 
2127 0.000000 0.253142 
2128 0.000000 0.238826 
2129 0.000000 0.224491 
2130 0.000000 0.210137 
2131 0.000000 0.195765 
2132 0.000000 0.181378 
2133 0.000000 0.166975 
2134 0.000000 0.152559 
2135 0.000000 0.138130 
2136 0.000000 0.123690 
2137 0.000000 0.109239 
2138 0.000000 0.094780 
2139 0.000000 0.080312 
2140 0.000000 0.065838 
2141 0.000000 0.051359 
2142 0.000000 0.036875 
2143 0.000000 0.022388 
2144 0.000000 0.007900 
2145 0.000000 -0.006589 
2146 0.000000 -0.021078 
2147 0.000000 -0.035565 
2148 0.000000 -0.050049 
2149 0.000000 -0.064529 
2150 0.000000 -0.079004 
2151 0.000000 -0.093472 
2152 0.000000 -0.107932 
2153 0.000000 -0.122383 
2154 0.000000 -0.136825 
2155 0.000000 -0.151255 
2156 0.000000 -0.165672 
2157 0.000000 -0.180076 
2158 0.000000 -0.194465 
2159 0.000000 -0.208838 
2160 0.000000 -0.223193 
2161 0.000000 -0.237530 
2162 0.000000 -0.251848 
2163 0.000000 -0.266145 
2164 0.000000 -0.280419 
2165 0.000000 -0.294671 
2166 0.000000 -0.308898 
2167 0.000000 -0.323100 
2168 0.000000 -0.337275 
2169 0.000000 -0.351422 
2170 0.000000 -0.365540 
2171 0.000000 -0.379627 
2172 0.000000 -0.393684 
2173 0.000000 -0.407708 
2174 0.000000 -0.421698 
2175 0.000000 -0.435653 
2176 0.000000 -0.449573 
2177 0.000000 -0.463455 
2178 0.000000 -0.477299 
2179 0.000000 -0.491103 
2180 0.000000 -0.504867 
2181 0.000000 -0.518589 
2182 0.000000 -0.532269 
2183 0.000000 -0.545904 
2184 0.000000 -0.559494 
2185 0.000000 -0.573038 
2186 0.000000 -0.586535 
2187 0.000000 -0.599983 
2188 0.000000 -0.613381 
2189 0.000000 -0.626729 
2190 0.000000 -0.640025 
2191 0.000000 -0.653268 
2192 0.000000 -0.666457 
2193 0.000000 -0.679591 
2194 0.000000 -0.692669 
2195 0.000000 -0.705690 
2196 0.000000 -0.718652 
2197 0.000000 -0.731555 
2198 0.000000 -0.744398 
2199 0.000000 -0.757179 
2200 0.000000 -0.769897 
2201 0.000000 -0.782552 
2202 0.000000 -0.795142 
2203 0.000000 -0.807666 
2204 0.000000 -0.820124 
2205 0.000000 -0.832514 
2206 0.000000 -0.844835 
2207 0.000000 -0.857086 
2208 0.000000 -0.869267 
2209 0.000000 -0.881375 
2210 0.000000 -0.893411 
2211 0.000000 -0.905373 
2212 0.000000 -0.917260 
2213 0.000000 -0.929071 
2214 0.000000 -0.940806 
2215 0.000000 -0.952462 
2216 0.000000 -0.964040 
2217 0.000000 -0.975539 
2218 0.000000 -0.986956 
2219 0.000000 -0.998292 
2220 0.000000 -1.009546 
2221 0.000000 -1.020716 
2222 0.000000 -1.031802 
2223 0.000000 -1.042803 
2224 0.000000 -1.053717 
2225 0.000000 -1.064544 
2226 0.000000 -1.075284 
2227 0.000000 -1.085934 
2228 0.000000 -1.096495 
2229 0.000000 -1.106965 
2230 0.000000 -1.117344 
2231 0.000000 -1.127630 
2232 0.000000 -1.137823 
2233 0.000000 -1.147922 
2234 0.000000 -1.157926 
2235 0.000000 -1.167835 
2236 0.000000 -1.177647 
2237 0.000000 -1.187361 
2238 0.000000 -1.196978 
2239 0.000000 -1.206495 
2240 0.000000 -1.215913 
2241 0.000000 -1.225231 
2242 0.000000 -1.234447 
2243 0.000000 -1.243561 
2244 0.000000 -1.252572 
2245 0.000000 -1.261480 
2246 0.000000 -1.270284 
2247 0.000000 -1.278982 
2248 0.000000 -1.287575 
2249 0.000000 -1.296062 
2250 0.000000 -1.304441 
2251 0.000000 -1.312713 
2252 0.000000 -1.320876 
2253 0.000000 -1.328930 
2254 0.000000 -1.336874 
2255 0.000000 -1.344707 
2256 0.000000 -1.352430 
2257 0.000000 -1.360041 
2258 0.000000 -1.367539 
2259 0.000000 -1.374924 
2260 0.000000 -1.382196 
2261 0.000000 -1.389353 
2262 0.000000 -1.396396 
2263 0.000000 -1.403323 
2264 0.000000 -1.410134 
2265 0.000000 -1.416829 
2266 0.000000 -1.423407 
2267 0.000000 -1.429866 
2268 0.000000 -1.436208 
2269 0.000000 -1.442431 
2270 0.000000 -1.448535 
2271 0.000000 -1.454519 
2272 0.000000 -1.460383 
2273 0.000000 -1.466127 
2274 0.000000 -1.471749 
2275 0.000000 -1.477249 
2276 0.000000 -1.482628 
2277 0.000000 -1.487883 
2278 0.000000 -1.493016 
2279 0.000000 -1.498026 
2280 0.000000 -1.502912 
2281 0.000000 -1.507673 
2282 0.000000 -1.512310 
2283 0.000000 -1.516822 
2284 0.000000 -1.521208 
2285 0.000000 -1.525469 
2286 0.000000 -1.529604 
2287 0.000000 -1.533612 
2288 0.000000 -1.537494 
2289 0.000000 -1.541249 
2290 0.000000 -1.544876 
2291 0.000000 -1.548375 
2292 0.000000 -1.551747 
2293 0.000000 -1.554990 
2294 0.000000 -1.558105 
2295 0.000000 -1.561091 
2296 0.000000 -1.563948 
2297 0.000000 -1.566675 
2298 0.000000 -1.569274 
2299 0.000000 -1.571742 
2300 0.000000 -1.574081 
2301 0.000000 -1.576290 
2302 0.000000 -1.578368 
2303 0.000000 -1.580316 
2304 0.000000 -1.582133 
2305 0.000000 -1.583820 
2306 0.000000 -1.585375 
2307 0.000000 -1.586800 
2308 0.000000 -1.588093 
2309 0.000000 -1.589255 
2310 0.000000 -1.590286 
2311 0.000000 -1.591186 
2312 0.000000 -1.591954 
2313 0.000000 -1.592590 
2314 0.000000 -1.593095 
2315 0.000000 -1.593468 
2316 0.000000 -1.593709 
2317 0.000000 -1.593819 
2318 0.000000 -1.593797 
2319 0.000000 -1.593643 
2320 0.000000 -1.593358 
2321 0.000000 -1.592941 
2322 0.000000 -1.592392 
2323 0.000000 -1.591712 
2324 0.000000 -1.590900 
2325 0.000000 -1.589956 
2326 0.000000 -1.588882 
2327 0.000000 -1.587675 
2328 0.000000 -1.586338 
2329 0.000000 -1.584870 
2330 0.000000 -1.583270 
2331 0.000000 -1.581540 
2332 0.000000 -1.579679 
2333 0.000000 -1.577688 
2334 0.000000 -1.575566 
2335 0.000000 -1.573314 
2336 0.000000 -1.570931 
2337 0.000000 -1.568419 
2338 0.000000 -1.565778 
2339 0.000000 -1.563007 
2340 0.000000 -1.560107 
2341 0.000000 -1.557078 
2342 0.000000 -1.553920 
2343 0.000000 -1.550634 
2344 0.000000 -1.547219 
2345 0.000000 -1.543677 
2346 0.000000 -1.540007 
2347 0.000000 -1.536210 
2348 0.000000 -1.532286 
2349 0.000000 -1.528236 
2350 0.000000 -1.524059 
2351 0.000000 -1.519756 
2352 0.000000 -1.515327 
2353 0.000000 -1.510774 
2354 0.000000 -1.506095 
2355 0.000000 -1.501292 
2356 0.000000 -1.496365 
2357 0.000000 -1.491314 
2358 0.000000 -1.486140 
2359 0.000000 -1.480843 
2360 0.000000 -1.475424 
2361 0.000000 -1.469883 
2362 0.000000 -1.464220 
2363 0.000000 -1.458436 
2364 0.000000 -1.452532 
2365 0.000000 -1.446508 
2366 0.000000 -1.440364 
2367 0.000000 -1.434101 
2368 0.000000 -1.427720 
2369 0.000000 -1.421220 
2370 0.000000 -1.414604 
2371 0.000000 -1.407870 
2372 0.000000 -1.401020 
2373 0.000000 -1.394054 
2374 0.000000 -1.386973 
2375 0.000000 -1.379777 
2376 0.000000 -1.372468 
2377 0.000000 -1.365044 
2378 0.000000 -1.357508 
2379 0.000000 -1.349860 
2380 0.000000 -1.342101 
2381 0.000000 -1.334230 
2382 0.000000 -1.326249 
2383 0.000000 -1.318159 
2384 0.000000 -1.309959 
2385 0.000000 -1.301652 
2386 0.000000 -1.293236 
2387 0.000000 -1.284714 
2388 0.000000 -1.276086 
2389 0.000000 -1.267352 
2390 0.000000 -1.258514 
2391 0.000000 -1.249571 
2392 0.000000 -1.240525 
2393 0.000000 -1.231377 
2394 0.000000 -1.222127 
2395 0.000000 -1.212776 
2396 0.000000 -1.203324 
2397 0.000000 -1.193774 
2398 0.000000 -1.184124 
2399 0.000000 -1.174377 
2400 0.000000 -1.164533 
2401 0.000000 -1.154592 
2402 0.000000 -1.144556 
2403 0.000000 -1.134425 
2404 0.000000 -1.124201 
2405 0.000000 -1.113884 
2406 0.000000 -1.103475 
2407 0.000000 -1.092974 
2408 0.000000 -1.082383 
2409 0.000000 -1.071703 
2410 0.000000 -1.060934 
2411 0.000000 -1.050078 
2412 0.000000 -1.039134 
2413 0.000000 -1.028105 
2414 0.000000 -1.016991 
2415 0.000000 -1.005793 
2416 0.000000 -0.994511 
2417 0.000000 -0.983148 
2418 0.000000 -0.971703 
2419 0.000000 -0.960178 
2420 0.000000 -0.948574 
2421 0.000001 -0.936891 
2422 0.000001 -0.925131 
2423 0.000001 -0.913294 
2424 0.000001 -0.901382 
2425 0.000001 -0.889395 
2426 0.000001 -0.877335 
2427 0.000001 -0.865202 
2428 0.000001 -0.852998 
2429 0.000001 -0.840723 
2430 0.000001 -0.828379 
2431 0.000001 -0.815966 
2432 0.000001 -0.803486 
2433 0.000001 -0.790940 
2434 0.000001 -0.778328 
2435 0.000001 -0.765652 
2436 0.000001 -0.752912 
2437 0.000001 -0.740111 
2438 0.000001 -0.727248 
2439 0.000001 -0.714325 
2440 0.000001 -0.701343 
2441 0.000001 -0.688303 
2442 0.000001 -0.675206 
2443 0.000001 -0.662054 
2444 0.000001 -0.648846 
2445 0.000001 -0.635585 
2446 0.000001 -0.622272 
2447 0.000001 -0.608907 
2448 0.000002 -0.595492 
2449 0.000002 -0.582027 
2450 0.000002 -0.568515 
2451 0.000002 -0.554955 
2452 0.000002 -0.541350 
2453 0.000002 -0.527700 
2454 0.000002 -0.514006 
2455 0.000002 -0.500270 
2456 0.000002 -0.486492 
2457 0.000002 -0.472675 
2458 0.000002 -0.458818 
2459 0.000002 -0.444923 
2460 0.000003 -0.430991 
2461 0.000003 -0.417024 
2462 0.000003 -0.403023 
2463 0.000003 -0.388988 
2464 0.000003 -0.374921 
2465 0.000003 -0.360823 
2466 0.000003 -0.346695 
2467 0.000003 -0.332538 
2468 0.000003 -0.318354 
2469 0.000004 -0.304144 
2470 0.000004 -0.289909 
2471 0.000004 -0.275649 
2472 0.000004 -0.261367 
2473 0.000004 -0.247063 
2474 0.000004 -0.232739 
2475 0.000004 -0.218396 
2476 0.000005 -0.204034 
2477 0.000005 -0.189656 
2478 0.000005 -0.175262 
2479 0.000005 -0.160853 
2480 0.000005 -0.146431 
2481 0.000006 -0.131997 
2482 0.000006 -0.117553 
2483 0.000006 -0.103098 
2484 0.000006 -0.088635 
2485 0.000007 -0.074165 
2486 0.000007 -0.059688 
2487 0.000007 -0.045207 
2488 0.000007 -0.030722 
2489 0.000008 -0.016234 
2490 0.000008 -0.001745 
2491 0.000008 0.012744 
2492 0.000009 0.027232 
2493 0.000009 0.041718 
2494 0.000009 0.056201 
2495 0.000010 0.070679 
2496 0.000010 0.085151 
2497 0.000010 0.099615 
2498 0.000011 0.114072 
2499 0.000011 0.128519 
2500 0.000012 0.142956 
2501 0.000012 0.157381 
2502 0.000013 0.171793 
2503 0.000013 0.186190 
2504 0.000013 0.200573 
2505 0.000014 0.214938 
2506 0.000015 0.229286 
2507 0.000015 0.243615 
2508 0.000016 0.257924 
2509 0.000016 0.272211 
2510 0.000017 0.286476 
2511 0.000017 0.300718 
2512 0.000018 0.314934 
2513 0.000019 0.329125 
2514 0.000020 0.343288 
2515 0.000020 0.357423 
2516 0.000021 0.371528 
2517 0.000022 0.385603 
2518 0.000023 0.399645 
2519 0.000023 0.413655 
2520 0.000024 0.427631 
2521 0.000025 0.441571 
2522 0.000026 0.455475 
2523 0.000027 0.469341 
2524 0.000028 0.483168 
2525 0.000029 0.496955 
2526 0.000030 0.510702 
2527 0.000031 0.524406 
2528 0.000032 0.538066 
2529 0.000034 0.551683 
2530 0.000035 0.565253 
2531 0.000036 0.578777 
2532 0.000037 0.592253 
2533 0.000039 0.605681 
2534 0.000040 0.619058 
2535 0.000042 0.632384 
2536 0.000043 0.645657 
2537 0.000045 0.658878 
2538 0.000046 0.672044 
2539 0.000048 0.685154 
2540 0.000050 0.698208 
2541 0.000051 0.711204 
2542 0.000053 0.724141 
2543 0.000055 0.737018 
2544 0.000057 0.749835 
2545 0.000059 0.762589 
2546 0.000061 0.775281 
2547 0.000063 0.787908 
2548 0.000066 0.800471 
2549 0.000068 0.812967 
2550 0.000070 0.825396 
2551 0.000073 0.837756 
2552 0.000076 0.850048 
2553 0.000078 0.862269 
2554 0.000081 0.874419 
2555 0.000084 0.886497 
2556 0.000087 0.898501 
2557 0.000090 0.910432 
2558 0.000093 0.922287 
2559 0.000096 0.934065 
2560 0.000099 0.945767 
2561 0.000103 0.957390 
2562 0.000106 0.968935 
2563 0.000110 0.980399 
2564 0.000114 0.991782 
2565 0.000118 1.003083 
2566 0.000122 1.014302 
2567 0.000126 1.025436 
2568 0.000130 1.036486 
2569 0.000135 1.047450 
2570 0.000140 1.058327 
2571 0.000144 1.069117 
2572 0.000149 1.079819 
2573 0.000154 1.090432 
2574 0.000160 1.100954 
2575 0.000165 1.111385 
2576 0.000171 1.121725 
2577 0.000176 1.131971 
2578 0.000182 1.142125 
2579 0.000189 1.152184 
2580 0.000195 1.162147 
2581 0.000201 1.172015 
2582 0.000208 1.181786 
2583 0.000215 1.191459 
2584 0.000222 1.201033 
2585 0.000230 1.210509 
2586 0.000237 1.219884 
2587 0.000245 1.229158 
2588 0.000254 1.238331 
2589 0.000262 1.247402 
2590 0.000271 1.256369 
2591 0.000280 1.265233 
2592 0.000289 1.273992 
2593 0.000298 1.282646 
2594 0.000308 1.291193 
2595 0.000318 1.299635 
2596 0.000329 1.307968 
2597 0.000340 1.316194 
2598 0.000351 1.324311 
2599 0.000362 1.332318 
2600 0.000374 1.340215 
2601 0.000386 1.348002 
2602 0.000399 1.355677 
2603 0.000412 1.363240 
2604 0.000425 1.370690 
2605 0.000439 1.378027 
2606 0.000453 1.385250 
2607 0.000467 1.392359 
2608 0.000482 1.399353 
2609 0.000498 1.406231 
2610 0.000514 1.412992 
2611 0.000530 1.419638 
2612 0.000547 1.426165 
2613 0.000565 1.432575 
2614 0.000583 1.438866 
2615 0.000601 1.445039 
2616 0.000620 1.451092 
2617 0.000640 1.457025 
2618 0.000660 1.462838 
2619 0.000681 1.468530 
2620 0.000702 1.474100 
2621 0.000724 1.479549 
2622 0.000747 1.484875 
2623 0.000771 1.490079 
2624 0.000795 1.495160 
2625 0.000819 1.500117 
2626 0.000845 1.504949 
2627 0.000871 1.509658 
2628 0.000898 1.514242 
2629 0.000926 1.518701 
2630 0.000955 1.523034 
2631 0.000984 1.527241 
2632 0.001015 1.531322 
2633 0.001046 1.535277 
2634 0.001078 1.539104 
2635 0.001111 1.542805 
2636 0.001145 1.546378 
2637 0.001180 1.549823 
2638 0.001216 1.553140 
2639 0.001253 1.556329 
2640 0.001291 1.559389 
2641 0.001331 1.562320 
2642 0.001371 1.565122 
2643 0.001412 1.567795 
2644 0.001455 1.570338 
2645 0.001499 1.572752 
2646 0.001544 1.575035 
2647 0.001590 1.577188 
2648 0.001638 1.579211 
2649 0.001687 1.581104 
2650 0.001737 1.582865 
2651 0.001789 1.584496 
2652 0.001842 1.585996 
2653 0.001897 1.587365 
2654 0.001953 1.588603 
2655 0.002011 1.589709 
2656 0.002070 1.590685 
2657 0.002131 1.591528 
2658 0.002194 1.592240 
2659 0.002259 1.592821 
2660 0.002325 1.593269 
2661 0.002393 1.593587 
2662 0.002463 1.593772 
2663 0.002534 1.593826 
2664 0.002608 1.593748 
2665 0.002684 1.593538 
2666 0.002762 1.593197 
2667 0.002841 1.592724 
2668 0.002924 1.592119 
2669 0.003008 1.591383 
2670 0.003094 1.590515 
2671 0.003183 1.589516 
2672 0.003274 1.588385 
2673 0.003368 1.587123 
2674 0.003464 1.585730 
2675 0.003563 1.584206 
2676 0.003664 1.582551 
2677 0.003768 1.580765 
2678 0.003875 1.578849 
2679 0.003984 1.576802 
2680 0.004097 1.574625 
2681 0.004212 1.572317 
2682 0.004330 1.569880 
2683 0.004452 1.567313 
2684 0.004577 1.564617 
2685 0.004704 1.561791 
2686 0.004836 1.558836 
2687 0.004970 1.555752 
2688 0.005108 1.552540 
2689 0.005250 1.549199 
2690 0.005395 1.545730 
2691 0.005544 1.542134 
2692 0.005697 1.538410 
2693 0.005854 1.534559 
2694 0.006014 1.530581 
2695 0.006179 1.526477 
2696 0.006348 1.522246 
2697 0.006521 1.517890 
2698 0.006699 1.513408 
2699 0.006881 1.508801 
2700 0.007068 1.504070 
2701 0.007259 1.499214 
2702 0.007455 1.494234 
2703 0.007656 1.489131 
2704 0.007862 1.483905 
2705 0.008073 1.478556 
2706 0.008289 1.473085 
2707 0.008511 1.467492 
2708 0.008738 1.461778 
2709 0.008971 1.455943 
2710 0.009209 1.449988 
2711 0.009454 1.443912 
2712 0.009704 1.437718 
2713 0.009960 1.431405 
2714 0.010223 1.424973 
2715 0.010492 1.418424 
2716 0.010767 1.411757 
2717 0.011049 1.404974 
2718 0.011338 1.398075 
2719 0.011634 1.391060 
2720 0.011936 1.383930 
2721 0.012246 1.376686 
2722 0.012564 1.369328 
2723 0.012889 1.361857 
2724 0.013222 1.354273 
2725 0.013562 1.346578 
2726 0.013911 1.338771 
2727 0.014268 1.330853 
2728 0.014633 1.322826 
2729 0.015006 1.314689 
2730 0.015389 1.306443 
2731 0.015780 1.298090 
2732 0.016181 1.289629 
2733 0.016590 1.281062 
2734 0.017010 1.272388 
2735 0.017439 1.263610 
2736 0.017877 1.254727 
2737 0.018326 1.245741 
2738 0.018785 1.236651 
2739 0.019255 1.227460 
2740 0.019735 1.218167 
2741 0.020226 1.208773 
2742 0.020728 1.199279 
2743 0.021242 1.189687 
2744 0.021767 1.179995 
2745 0.022304 1.170207 
2746 0.022853 1.160322 
2747 0.023414 1.150340 
2748 0.023988 1.140264 
2749 0.024574 1.130094 
2750 0.025174 1.119830 
2751 0.025787 1.109473 
2752 0.026413 1.099025 
2753 0.027053 1.088486 
2754 0.027707 1.077857 
2755 0.028375 1.067139 
2756 0.029058 1.056333 
2757 0.029756 1.045439 
2758 0.030469 1.034459 
2759 0.031198 1.023394 
2760 0.031942 1.012244 
2761 0.032702 1.001010 
2762 0.033478 0.989694 
2763 0.034271 0.978296 
2764 0.035081 0.966817 
2765 0.035908 0.955258 
2766 0.036753 0.943620 
2767 0.037616 0.931904 
2768 0.038496 0.920112 
2769 0.039396 0.908243 
2770 0.040314 0.896299 
2771 0.041251 0.884281 
2772 0.042208 0.872190 
2773 0.043185 0.860026 
2774 0.044182 0.847792 
2775 0.045200 0.835488 
2776 0.046238 0.823114 
2777 0.047298 0.810673 
2778 0.048380 0.798165 
2779 0.049484 0.785590 
2780 0.050610 0.772951 
2781 0.051760 0.760248 
2782 0.052932 0.747482 
2783 0.054128 0.734654 
2784 0.055349 0.721765 
2785 0.056594 0.708817 
2786 0.057863 0.695811 
2787 0.059158 0.682746 
2788 0.060479 0.669626 
2789 0.061826 0.656450 
2790 0.063200 0.643220 
2791 0.064601 0.629936 
2792 0.066029 0.616601 
2793 0.067485 0.603214 
2794 0.068970 0.589778 
2795 0.070484 0.576293 
2796 0.072027 0.562760 
2797 0.073600 0.549181 
2798 0.075203 0.535557 
2799 0.076837 0.521888 
2800 0.078502 0.508176 
2801 0.080200 0.494422 
2802 0.081929 0.480627 
2803 0.083692 0.466793 
2804 0.085487 0.452920 
2805 0.087317 0.439009 
2806 0.089181 0.425062 
2807 0.091080 0.411080 
2808 0.093015 0.397065 
2809 0.094985 0.383016 
2810 0.096992 0.368936 
2811 0.099037 0.354825 
2812 0.101119 0.340684 
2813 0.103239 0.326516 
2814 0.105398 0.312321 
2815 0.107597 0.298100 
2816 0.109835 0.283854 
2817 0.112115 0.269585 
2818 0.114435 0.255293 
2819 0.116797 0.240981 
2820 0.119202 0.226648 
2821 0.121649 0.212297 
2822 0.124141 0.197928 
2823 0.126676 0.183543 
2824 0.129257 0.169143 
2825 0.131883 0.154728 
2826 0.134555 0.140301 
2827 0.137274 0.125862 
2828 0.140041 0.111413 
2829 0.142856 0.096955 
2830 0.145719 0.082489 
2831 0.148632 0.068016 
2832 0.151596 0.053537 
2833 0.154610 0.039054 
2834 0.157675 0.024567 
2835 0.160793 0.010079 
2836 0.163964 -0.004410 
2837 0.167188 -0.018899 
2838 0.170467 -0.033387 
2839 0.173801 -0.047871 
2840 0.177190 -0.062352 
2841 0.180636 -0.076827 
2842 0.184140 -0.091296 
2843 0.187701 -0.105758 
2844 0.191321 -0.120211 
2845 0.195000 -0.134654 
2846 0.198740 -0.149085 
2847 0.202540 -0.163505 
2848 0.206402 -0.177911 
2849 0.210327 -0.192302 
2850 0.214315 -0.206677 
2851 0.218367 -0.221036 
2852 0.222483 -0.235376 
2853 0.226665 -0.249696 
2854 0.230914 -0.263996 
2855 0.235229 -0.278274 
2856 0.239613 -0.292529 
2857 0.244065 -0.306760 
2858 0.248586 -0.320966 
2859 0.253178 -0.335145 
2860 0.257841 -0.349296 
2861 0.262576 -0.363418 
2862 0.267384 -0.377511 
2863 0.272265 -0.391572 
2864 0.277221 -0.405601 
2865 0.282252 -0.419596 
2866 0.287358 -0.433557 
2867 0.292542 -0.447482 
2868 0.297803 -0.461370 
2869 0.303143 -0.475219 
2870 0.308562 -0.489030 
2871 0.314061 -0.502800 
2872 0.319641 -0.516528 
2873 0.325303 -0.530214 
2874 0.331048 -0.543856 
2875 0.336876 -0.557453 
2876 0.342789 -0.571004 
2877 0.348786 -0.584508 
2878 0.354870 -0.597963 
2879 0.361041 -0.611369 
2880 0.367299 -0.624725 
2881 0.373646 -0.638029 
2882 0.380083 -0.651280 
2883 0.386610 -0.664477 
2884 0.393228 -0.677620 
2885 0.399938 -0.690706 
2886 0.406740 -0.703736 
2887 0.413637 -0.716707 
2888 0.420628 -0.729619 
2889 0.427714 -0.742470 
2890 0.434897 -0.755261 
2891 0.442177 -0.767989 
2892 0.449554 -0.780653 
2893 0.457031 -0.793253 
2894 0.464607 -0.805787 
2895 0.472283 -0.818255 
2896 0.480061 -0.830655 
2897 0.487941 -0.842986 
2898 0.495924 -0.855248 
2899 0.504010 -0.867439 
2900 0.512202 -0.879559 
2901 0.520498 -0.891606 
2902 0.528901 -0.903579 
2903 0.537411 -0.915477 
2904 0.546029 -0.927300 
2905 0.554755 -0.939046 
2906 0.563591 -0.950714 
2907 0.572537 -0.962304 
2908 0.581594 -0.973815 
2909 0.590763 -0.985244 
2910 0.600044 -0.996593 
2911 0.609439 -1.007859 
2912 0.618949 -1.019042 
2913 0.628572 -1.030140 
2914 0.638312 -1.041154 
2915 0.648168 -1.052081 
2916 0.658141 -1.062922 
2917 0.668232 -1.073674 
2918 0.678442 -1.084338 
2919 0.688771 -1.094913 
2920 0.699220 -1.105396 
2921 0.709790 -1.115789 
2922 0.720481 -1.126089 
2923 0.731294 -1.136296 
2924 0.742230 -1.146409 
2925 0.753290 -1.156428 
2926 0.764473 -1.166351 
2927 0.775782 -1.176177 
2928 0.787215 -1.185907 
2929 0.798775 -1.195538 
2930 0.810461 -1.205071 
2931 0.822275 -1.214503 
2932 0.834216 -1.223836 
2933 0.846285 -1.233067 
2934 0.858484 -1.242197 
2935 0.870812 -1.251224 
2936 0.883270 -1.260147 
2937 0.895858 -1.268967 
2938 0.908578 -1.277681 
2939 0.921429 -1.286290 
2940 0.934412 -1.294792 
2941 0.947527 -1.303188 
2942 0.960775 -1.311476 
2943 0.974157 -1.319655 
2944 0.987673 -1.327726 
2945 1.001322 -1.335686 
2946 1.015107 -1.343536 
2947 1.029026 -1.351276 
2948 1.043081 -1.358903 
2949 1.057271 -1.366418 
2950 1.071597 -1.373821 
2951 1.086060 -1.381110 
2952 1.100659 -1.388284 
2953 1.115395 -1.395344 
2954 1.130268 -1.402289 
2955 1.145279 -1.409117 
2956 1.160426 -1.415830 
2957 1.175712 -1.422425 
2958 1.191136 -1.428903 
2959 1.206698 -1.435262 
2960 1.222397 -1.441503 
2961 1.238236 -1.447625 
2962 1.254212 -1.453627 
2963 1.270327 -1.459509 
2964 1.286581 -1.465271 
2965 1.302973 -1.470911 
2966 1.319504 -1.476430 
2967 1.336174 -1.481827 
2968 1.352982 -1.487101 
2969 1.369928 -1.492252 
2970 1.387013 -1.497280 
2971 1.404236 -1.502185 
2972 1.421597 -1.506965 
2973 1.439096 -1.511621 
2974 1.456733 -1.516151 
2975 1.474508 -1.520557 
2976 1.492420 -1.524837 
2977 1.510469 -1.528990 
2978 1.528655 -1.533018 
2979 1.546978 -1.536918 
2980 1.565437 -1.540692 
2981 1.584032 -1.544338 
2982 1.602762 -1.547857 
2983 1.621627 -1.551248 
2984 1.640627 -1.554510 
2985 1.659762 -1.557645 
2986 1.679030 -1.560650 
2987 1.698431 -1.563526 
2988 1.717965 -1.566274 
2989 1.737631 -1.568891 
2990 1.757428 -1.571379 
2991 1.777357 -1.573738 
2992 1.797415 -1.575966 
2993 1.817603 -1.578064 
2994 1.837920 -1.580031 
2995 1.858366 -1.581868 
2996 1.878938 -1.583574 
2997 1.899637 -1.585150 
2998 1.920462 -1.586594 
2999 1.941412 -1.587907 
3000 1.962485 -1.589089 
3001 1.983682 -1.590140 
3002 2.005001 -1.591059 
3003 2.026441 -1.591847 
3004 2.048001 -1.592503 
3005 2.069681 -1.593027 
3006 2.091478 -1.593420 
3007 2.113393 -1.593682 
3008 2.135423 -1.593811 
3009 2.157568 -1.593809 
3010 2.179826 -1.593675 
3011 2.202197 -1.593409 
3012 2.224679 -1.593012 
3013 2.247271 -1.592483 
3014 2.269971 -1.591822 
3015 2.292779 -1.591030 
3016 2.315692 -1.590107 
3017 2.338709 -1.589052 
3018 2.361830 -1.587865 
3019 2.385052 -1.586548 
3020 2.408374 -1.585099 
3021 2.431794 -1.583519 
3022 2.455312 -1.581809 
3023 2.478925 -1.579967 
3024 2.502631 -1.577995 
3025 2.526430 -1.575893 
3026 2.550319 -1.573661 
3027 2.574297 -1.571298 
3028 2.598362 -1.568806 
3029 2.622512 -1.566183 
3030 2.646746 -1.563432 
3031 2.671061 -1.560551 
3032 2.695456 -1.557541 
3033 2.719929 -1.554403 
3034 2.744478 -1.551136 
3035 2.769101 -1.547741 
3036 2.793796 -1.544218 
3037 2.818561 -1.540567 
3038 2.843394 -1.536789 
3039 2.868293 -1.532885 
3040 2.893256 -1.528853 
3041 2.918281 -1.524695 
3042 2.943365 -1.520411 
3043 2.968507 -1.516001 
3044 2.993704 -1.511466 
3045 3.018954 -1.506806 
3046 3.044254 -1.502022 
3047 3.069604 -1.497114 
3048 3.094999 -1.492081 
3049 3.120438 -1.486926 
3050 3.145919 -1.481647 
3051 3.171439 -1.476247 
3052 3.196995 -1.470724 
3053 3.222586 -1.465079 
3054 3.248208 -1.459314 
3055 3.273860 -1.453428 
3056 3.299538 -1.447421 
3057 3.325241 -1.441296 
3058 3.350965 -1.435051 
3059 3.376709 -1.428687 
3060 3.402469 -1.422205 
3061 3.428242 -1.415606 
3062 3.454027 -1.408890 
3063 3.479821 -1.402057 
3064 3.505620 -1.395109 
3065 3.531422 -1.388045 
3066 3.557225 -1.380867 
3067 3.583025 -1.373574 
3068 3.608820 -1.366168 
3069 3.634607 -1.358649 
3070 3.660383 -1.351018 
3071 3.686146 -1.343275 
3072 3.711892 -1.335421 
3073 3.737618 -1.327456 
3074 3.763323 -1.319382 
3075 3.789002 -1.311199 
3076 3.814653 -1.302908 
3077 3.840274 -1.294509 
3078 3.865860 -1.286003 
3079 3.891409 -1.277390 
3080 3.916919 -1.268672 
3081 3.942386 -1.259849 
3082 3.967806 -1.250922 
3083 3.993178 -1.241892 
3084 4.018498 -1.232759 
3085 4.043763 -1.223524 
3086 4.068970 -1.214188 
3087 4.094116 -1.204752 
3088 4.119197 -1.195216 
3089 4.144212 -1.185582 
3090 4.169156 -1.175849 
3091 4.194027 -1.166019 
3092 4.218821 -1.156093 
3093 4.243536 -1.146071 
3094 4.268168 -1.135955 
3095 4.292714 -1.125745 
3096 4.317171 -1.115441 
3097 4.341536 -1.105046 
3098 4.365806 -1.094559 
3099 4.389978 -1.083982 
3100 4.414048 -1.073315 
3101 4.438014 -1.062559 
3102 4.461872 -1.051716 
3103 4.485619 -1.040785 
3104 4.509252 -1.029769 
3105 4.532768 -1.018668 
3106 4.556164 -1.007482 
3107 4.579437 -0.996213 
3108 4.602583 -0.984862 
3109 4.625599 -0.973429 
3110 4.648483 -0.961916 
3111 4.671231 -0.950324 
3112 4.693840 -0.938653 
3113 4.716307 -0.926904 
3114 4.738629 -0.915079 
3115 4.760803 -0.903178 
3116 4.782826 -0.891202 
3117 4.804695 -0.879153 
3118 4.826406 -0.867031 
3119 4.847957 -0.854838 
3120 4.869344 -0.842574 
3121 4.890566 -0.830240 
3122 4.911618 -0.817837 
3123 4.932497 -0.805367 
3124 4.953201 -0.792831 
3125 4.973727 -0.780229 
3126 4.994072 -0.767562 
3127 5.014233 -0.754832 
3128 5.034207 -0.742040 
3129 5.053991 -0.729186 
3130 5.073582 -0.716272 
3131 5.092978 -0.703299 
3132 5.112175 -0.690268 
3133 5.131171 -0.677179 
3134 5.149963 -0.664035 
3135 5.168548 -0.650836 
3136 5.186924 -0.637583 
3137 5.205088 -0.624277 
3138 5.223037 -0.610920 
3139 5.240768 -0.597512 
3140 5.258279 -0.584055 
3141 5.275568 -0.570550 
3142 5.292631 -0.556997 
3143 5.309466 -0.543399 
3144 5.326071 -0.529755 
3145 5.342443 -0.516068 
3146 5.358580 -0.502338 
3147 5.374478 -0.488567 
3148 5.390137 -0.474755 
3149 5.405553 -0.460904 
3150 5.420724 -0.447015 
3151 5.435648 -0.433089 
3152 5.450322 -0.419127 
3153 5.464745 -0.405130 
3154 5.478913 -0.391101 
3155 5.492826 -0.377038 
3156 5.506480 -0.362945 
3157 5.519874 -0.348821 
3158 5.533005 -0.334669 
3159 5.545872 -0.320489 
3160 5.558472 -0.306283 
3161 5.570804 -0.292051 
3162 5.582866 -0.277795 
3163 5.594655 -0.263516 
3164 5.606171 -0.249216 
3165 5.617410 -0.234894 
3166 5.628372 -0.220554 
3167 5.639055 -0.206195 
3168 5.649457 -0.191819 
3169 5.659576 -0.177427 
3170 5.669411 -0.163021 
3171 5.678960 -0.148601 
3172 5.688222 -0.134169 
3173 5.697196 -0.119726 
3174 5.705879 -0.105272 
3175 5.714271 -0.090811 
3176 5.722369 -0.076341 
3177 5.730174 -0.061866 
3178 5.737684 -0.047385 
3179 5.744897 -0.032900 
3180 5.751812 -0.018413 
3181 5.758429 -0.003924 
3182 5.764745 0.010565 
3183 5.770761 0.025054 
3184 5.776475 0.039540 
3185 5.781887 0.054023 
3186 5.786995 0.068502 
3187 5.791798 0.082975 
3188 5.796297 0.097441 
3189 5.800490 0.111899 
3190 5.804376 0.126347 
3191 5.807955 0.140786 
3192 5.811226 0.155212 
3193 5.814189 0.169626 
3194 5.816843 0.184026 
3195 5.819188 0.198411 
3196 5.821224 0.212779 
3197 5.822950 0.227130 
3198 5.824365 0.241461 
3199 5.825471 0.255773 
3200 5.826265 0.270064 
3201 5.826750 0.284333 
3202 5.826923 0.298578 
3203 5.826786 0.312798 
3204 5.826338 0.326992 
3205 5.825579 0.341160 
3206 5.824509 0.355299 
3207 5.823130 0.369409 
3208 5.821440 0.383488 
3209 5.819440 0.397536 
3210 5.817131 0.411550 
3211 5.814512 0.425531 
3212 5.811585 0.439477 
3213 5.808349 0.453386 
3214 5.804805 0.467258 
3215 5.800955 0.481091 
3216 5.796797 0.494885 
3217 5.792334 0.508637 
3218 5.787565 0.522348 
3219 5.782492 0.536015 
3220 5.777115 0.549638 
3221 5.771435 0.563215 
3222 5.765454 0.576747 
3223 5.759171 0.590230 
3224 5.752588 0.603665 
3225 5.745707 0.617049 
3226 5.738527 0.630383 
3227 5.731051 0.643665 
3228 5.723279 0.656893 
3229 5.715213 0.670067 
3230 5.706854 0.683186 
3231 5.698203 0.696248 
3232 5.689261 0.709253 
3233 5.680031 0.722199 
3234 5.670513 0.735086 
3235 5.660709 0.747911 
3236 5.650621 0.760675 
3237 5.640250 0.773376 
3238 5.629597 0.786013 
3239 5.618665 0.798586 
3240 5.607455 0.811092 
3241 5.595969 0.823531 
3242 5.584208 0.835902 
3243 5.572175 0.848204 
3244 5.559871 0.860436 
3245 5.547299 0.872597 
3246 5.534459 0.884685 
3247 5.521355 0.896701 
3248 5.507988 0.908642 
3249 5.494360 0.920509 
3250 5.480474 0.932299 
3251 5.466331 0.944012 
3252 5.451933 0.955647 
3253 5.437284 0.967204 
3254 5.422384 0.978680 
3255 5.407237 0.990075 
3256 5.391845 1.001389 
3257 5.376209 1.012620 
3258 5.360333 1.023767 
3259 5.344219 1.034829 
3260 5.327868 1.045806 
3261 5.311285 1.056697 
3262 5.294470 1.067500 
3263 5.277427 1.078215 
3264 5.260159 1.088841 
3265 5.242667 1.099377 
3266 5.224955 1.109822 
3267 5.207024 1.120176 
3268 5.188878 1.130436 
3269 5.170520 1.140604 
3270 5.151952 1.150677 
3271 5.133176 1.160655 
3272 5.114196 1.170537 
3273 5.095015 1.180322 
3274 5.075634 1.190010 
3275 5.056057 1.199600 
3276 5.036288 1.209090 
3277 5.016327 1.218480 
3278 4.996180 1.227770 
3279 4.975847 1.236958 
3280 4.955334 1.246044 
3281 4.934641 1.255027 
3282 4.913772 1.263907 
3283 4.892731 1.272681 
3284 4.871520 1.281351 
3285 4.850142 1.289915 
3286 4.828600 1.298372 
3287 4.806897 1.306722 
3288 4.785037 1.314964 
3289 4.763022 1.323097 
3290 4.740855 1.331121 
3291 4.718539 1.339035 
3292 4.696078 1.346838 
3293 4.673474 1.354530 
3294 4.650731 1.362110 
3295 4.627852 1.369577 
3296 4.604840 1.376931 
3297 4.581697 1.384171 
3298 4.558427 1.391297 
3299 4.535034 1.398308 
3300 4.511520 1.405204 
3301 4.487888 1.411983 
3302 4.464142 1.418646 
3303 4.440285 1.425191 
3304 4.416319 1.431619 
3305 4.392249 1.437928 
3306 4.368076 1.444118 
3307 4.343805 1.450189 
3308 4.319438 1.456141 
3309 4.294978 1.461972 
3310 4.270429 1.467682 
3311 4.245794 1.473270 
3312 4.221075 1.478737 
3313 4.196277 1.484082 
3314 4.171401 1.489304 
3315 4.146452 1.494403 
3316 4.121432 1.499379 
3317 4.096344 1.504231 
3318 4.071192 1.508958 
3319 4.045978 1.513561 
3320 4.020706 1.518038 
3321 3.995378 1.522390 
3322 3.969999 1.526616 
3323 3.944569 1.530717 
3324 3.919094 1.534690 
3325 3.893575 1.538537 
3326 3.868016 1.542257 
3327 3.842419 1.545849 
3328 3.816788 1.549313 
3329 3.791126 1.552650 
3330 3.765436 1.555858 
3331 3.739719 1.558937 
3332 3.713981 1.561888 
3333 3.688222 1.564709 
3334 3.662447 1.567401 
3335 3.636658 1.569964 
3336 3.610857 1.572397 
3337 3.585048 1.574700 
3338 3.559234 1.576873 
3339 3.533417 1.578915 
3340 3.507600 1.580828 
3341 3.481786 1.582609 
3342 3.455977 1.584260 
3343 3.430176 1.585779 
3344 3.404387 1.587168 
3345 3.378611 1.588425 
3346 3.352851 1.589551 
3347 3.327110 1.590546 
3348 3.301390 1.591410 
3349 3.275694 1.592141 
3350 3.250025 1.592742 
3351 3.224384 1.593210 
3352 3.198776 1.593547 
3353 3.173201 1.593753 
3354 3.147663 1.593826 
3355 3.122163 1.593768 
3356 3.096705 1.593578 
3357 3.071290 1.593257 
3358 3.045922 1.592803 
3359 3.020601 1.592218 
3360 2.995332 1.591502 
3361 2.970115 1.590654 
3362 2.944953 1.589674 
3363 2.919848 1.588564 
3364 2.894803 1.587321 
3365 2.869820 1.585948 
3366 2.844900 1.584444 
3367 2.820046 1.582808 
3368 2.795260 1.581042 
3369 2.770544 1.579146 
3370 2.745900 1.577118 
3371 2.721329 1.574961 
3372 2.696835 1.572673 
3373 2.672418 1.570255 
3374 2.648082 1.567707 
3375 2.623826 1.565030 
3376 2.599654 1.562224 
3377 2.575567 1.559288 
3378 2.551567 1.556224 
3379 2.527656 1.553031 
3380 2.503835 1.549709 
3381 2.480107 1.546260 
3382 2.456472 1.542683 
3383 2.432932 1.538978 
3384 2.409489 1.535146 
3385 2.386145 1.531187 
3386 2.362900 1.527102 
3387 2.339758 1.522890 
3388 2.316718 1.518553 
3389 2.293782 1.514090 
3390 2.270953 1.509502 
3391 2.248230 1.504789 
3392 2.225616 1.499952 
3393 2.203112 1.494991 
3394 2.180719 1.489906 
3395 2.158438 1.484699 
3396 2.136271 1.479368 
3397 2.114219 1.473915 
3398 2.092282 1.468341 
3399 2.070463 1.462645 
3400 2.048762 1.456828 
3401 2.027180 1.450891 
3402 2.005718 1.444834 
3403 1.984377 1.438657 
3404 1.963159 1.432362 
3405 1.942064 1.425948 
3406 1.921093 1.419416 
3407 1.900247 1.412767 
3408 1.879526 1.406002 
3409 1.858933 1.399120 
3410 1.838467 1.392122 
3411 1.818129 1.385010 
3412 1.797920 1.377783 
3413 1.777840 1.370442 
3414 1.757892 1.362988 
3415 1.738074 1.355421 
3416 1.718387 1.347742 
3417 1.698833 1.339952 
3418 1.679412 1.332051 
3419 1.660125 1.324040 
3420 1.640971 1.315919 
3421 1.621951 1.307690 
3422 1.603066 1.299353 
3423 1.584317 1.290908 
3424 1.565703 1.282357 
3425 1.547225 1.273700 
3426 1.528884 1.264937 
3427 1.510680 1.256070 
3428 1.492612 1.247099 
3429 1.474682 1.238025 
3430 1.456889 1.228849 
3431 1.439234 1.219571 
3432 1.421717 1.210192 
3433 1.404339 1.200713 
3434 1.387099 1.191135 
3435 1.369997 1.181459 
3436 1.353034 1.171685 
3437 1.336209 1.161814 
3438 1.319523 1.151847 
3439 1.302976 1.141785 
3440 1.286568 1.131629 
3441 1.270298 1.121379 
3442 1.254168 1.111036 
3443 1.238176 1.100602 
3444 1.222322 1.090077 
3445 1.206607 1.079461 
3446 1.191031 1.068757 
3447 1.175593 1.057964 
3448 1.160293 1.047083 
3449 1.145130 1.036116 
3450 1.130106 1.025064 
3451 1.115219 1.013926 
3452 1.100470 1.002705 
3453 1.085857 0.991401 
3454 1.071382 0.980015 
3455 1.057043 0.968548 
3456 1.042840 0.957001 
3457 1.028773 0.945375 
3458 1.014841 0.933671 
3459 1.001045 0.921890 
3460 0.987384 0.910032 
3461 0.973857 0.898100 
3462 0.960464 0.886093 
3463 0.947204 0.874012 
3464 0.934078 0.861860 
3465 0.921084 0.849636 
3466 0.908223 0.837343 
3467 0.895493 0.824979 
3468 0.882895 0.812548 
3469 0.870427 0.800050 
3470 0.858090 0.787485 
3471 0.845882 0.774856 
3472 0.833803 0.762162 
3473 0.821853 0.749406 
3474 0.810031 0.736587 
3475 0.798337 0.723708 
3476 0.786769 0.710768 
3477 0.775327 0.697770 
3478 0.764011 0.684715 
3479 0.752820 0.671602 
3480 0.741753 0.658435 
3481 0.730810 0.645213 
3482 0.719990 0.631937 
3483 0.709292 0.618609 
3484 0.698716 0.605231 
3485 0.688260 0.591802 
3486 0.677925 0.578324 
3487 0.667710 0.564798 
3488 0.657613 0.551226 
3489 0.647634 0.537608 
3490 0.637773 0.523946 
3491 0.628028 0.510241 
3492 0.618399 0.496493 
3493 0.608885 0.482704 
3494 0.599486 0.468876 
3495 0.590200 0.455008 
3496 0.581027 0.441103 
3497 0.571965 0.427162 
3498 0.563016 0.413185 
3499 0.554176 0.399174 
3500 0.545446 0.385131 
3501 0.536825 0.371055 
3502 0.528312 0.356949 
3503 0.519907 0.342813 
3504 0.511607 0.328649 
3505 0.503413 0.314457 
3506 0.495324 0.300240 
3507 0.487339 0.285998 
3508 0.479457 0.271732 
3509 0.471678 0.257444 
3510 0.463999 0.243134 
3511 0.456422 0.228805 
3512 0.448944 0.214456 
3513 0.441565 0.200090 
3514 0.434284 0.185707 
3515 0.427100 0.171309 
3516 0.420013 0.156897 
3517 0.413021 0.142472 
3518 0.406124 0.128035 
3519 0.399321 0.113587 
3520 0.392611 0.099130 
3521 0.385993 0.084665 
3522 0.379466 0.070193 
3523 0.373030 0.055715 
3524 0.366683 0.041232 
3525 0.360425 0.026746 
3526 0.354254 0.012258 
3527 0.348171 -0.002231 
3528 0.342174 -0.016720 
3529 0.336263 -0.031208 
3530 0.330435 -0.045693 
3531 0.324692 -0.060174 
3532 0.319031 -0.074651 
3533 0.313452 -0.089121 
3534 0.307954 -0.103584 
3535 0.302537 -0.118038 
3536 0.297199 -0.132482 
3537 0.291939 -0.146916 
3538 0.286757 -0.161337 
3539 0.281653 -0.175745 
3540 0.276624 -0.190139 
3541 0.271670 -0.204517 
3542 0.266791 -0.218877 
3543 0.261986 -0.233220 
3544 0.257253 -0.247544 
3545 0.252593 -0.261847 
3546 0.248003 -0.276128 
3547 0.243484 -0.290387 
3548 0.239035 -0.304622 
3549 0.234654 -0.318831 
3550 0.230341 -0.333014 
3551 0.226096 -0.347170 
3552 0.221916 -0.361297 
3553 0.217803 -0.375394 
3554 0.213754 -0.389460 
3555 0.209769 -0.403493 
3556 0.205848 -0.417494 
3557 0.201989 -0.431460 
3558 0.198192 -0.445390 
3559 0.194456 -0.459284 
3560 0.190780 -0.473139 
3561 0.187163 -0.486956 
3562 0.183606 -0.500732 
3563 0.180106 -0.514467 
3564 0.176663 -0.528159 
3565 0.173278 -0.541808 
3566 0.169947 -0.555411 
3567 0.166672 -0.568969 
3568 0.163452 -0.582480 
3569 0.160285 -0.595943 
3570 0.157171 -0.609357 
3571 0.154109 -0.622720 
3572 0.151099 -0.636032 
3573 0.148139 -0.649291 
3574 0.145230 -0.662496 
3575 0.142371 -0.675647 
3576 0.139560 -0.688742 
3577 0.136797 -0.701780 
3578 0.134082 -0.714760 
3579 0.131414 -0.727681 
3580 0.128792 -0.740542 
3581 0.126216 -0.753341 
3582 0.123684 -0.766079 
3583 0.121197 -0.778753 
3584 0.118754 -0.791362 
3585 0.116353 -0.803906 
3586 0.113995 -0.816384 
3587 0.111679 -0.828795 
3588 0.109404 -0.841136 
3589 0.107169 -0.853409 
3590 0.104975 -0.865611 
3591 0.102820 -0.877741 
3592 0.100704 -0.889799 
3593 0.098626 -0.901783 
3594 0.096586 -0.913692 
3595 0.094583 -0.925527 
3596 0.092617 -0.937284 
3597 0.090686 -0.948965 
3598 0.088791 -0.960566 
3599 0.086931 -0.972089 
3600 0.085106 -0.983531 
3601 0.083314 -0.994892 
3602 0.081556 -1.006170 
3603 0.079831 -1.017365 
3604 0.078138 -1.028477 
3605 0.076476 -1.039503 
3606 0.074846 -1.050444 
3607 0.073247 -1.061297 
3608 0.071678 -1.072063 
3609 0.070139 -1.082740 
3610 0.068630 -1.093328 
3611 0.067149 -1.103826 
3612 0.065697 -1.114232 
3613 0.064273 -1.124546 
3614 0.062876 -1.134767 
3615 0.061506 -1.144895 
3616 0.060163 -1.154927 
3617 0.058846 -1.164865 
3618 0.057555 -1.174706 
3619 0.056289 -1.184450 
3620 0.055048 -1.194096 
3621 0.053832 -1.203643 
3622 0.052639 -1.213091 
3623 0.051471 -1.222439 
3624 0.050325 -1.231686 
3625 0.049202 -1.240831 
3626 0.048102 -1.249873 
3627 0.047024 -1.258812 
3628 0.045968 -1.267647 
3629 0.044933 -1.276377 
3630 0.043919 -1.285002 
3631 0.042925 -1.293521 
3632 0.041952 -1.301932 
3633 0.040999 -1.310236 
3634 0.040065 -1.318432 
3635 0.039150 -1.326519 
3636 0.038254 -1.334496 
3637 0.037377 -1.342363 
3638 0.036518 -1.350119 
3639 0.035676 -1.357763 
3640 0.034853 -1.365295 
3641 0.034046 -1.372715 
3642 0.033256 -1.380021 
3643 0.032483 -1.387213 
3644 0.031726 -1.394290 
3645 0.030985 -1.401252 
3646 0.030260 -1.408098 
3647 0.029550 -1.414828 
3648 0.028856 -1.421441 
3649 0.028176 -1.427936 
3650 0.027511 -1.434313 
3651 0.026859 -1.440572 
3652 0.026222 -1.446712 
3653 0.025599 -1.452732 
3654 0.024989 -1.458632 
3655 0.024393 -1.464412 
3656 0.023809 -1.470071 
3657 0.023238 -1.475608 
3658 0.022680 -1.481023 
3659 0.022133 -1.486316 
3660 0.021599 -1.491486 
3661 0.021077 -1.496532 
3662 0.020566 -1.501455 
3663 0.020066 -1.506254 
3664 0.019578 -1.510928 
3665 0.019100 -1.515478 
3666 0.018633 -1.519902 
3667 0.018177 -1.524201 
3668 0.017730 -1.528374 
3669 0.017294 -1.532420 
3670 0.016868 -1.536340 
3671 0.016451 -1.540133 
3672 0.016044 -1.543798 
3673 0.015645 -1.547336 
3674 0.015256 -1.550746 
3675 0.014876 -1.554028 
3676 0.014505 -1.557181 
3677 0.014142 -1.560206 
3678 0.013787 -1.563102 
3679 0.013441 -1.565869 
3680 0.013102 -1.568506 
3681 0.012772 -1.571014 
3682 0.012449 -1.573391 
3683 0.012134 -1.575639 
3684 0.011825 -1.577757 
3685 0.011525 -1.579744 
3686 0.011231 -1.581600 
3687 0.010944 -1.583326 
3688 0.010664 -1.584921 
3689 0.010390 -1.586385 
3690 0.010123 -1.587718 
3691 0.009863 -1.588920 
3692 0.009608 -1.589990 
3693 0.009360 -1.590929 
3694 0.009117 -1.591737 
3695 0.008880 -1.592413 
3696 0.008649 -1.592957 
3697 0.008424 -1.593370 
3698 0.008204 -1.593651 
3699 0.007989 -1.593800 
3700 0.007780 -1.593818 
3701 0.007575 -1.593703 
3702 0.007376 -1.593458 
3703 0.007181 -1.593080 
3704 0.006992 -1.592571 
3705 0.006806 -1.591930 
3706 0.006626 -1.591158 
3707 0.006450 -1.590254 
3708 0.006278 -1.589219 
3709 0.006110 -1.588052 
3710 0.005947 -1.586754 
3711 0.005788 -1.585325 
3712 0.005632 -1.583765 
3713 0.005481 -1.582074 
3714 0.005333 -1.580253 
3715 0.005189 -1.578300 
3716 0.005049 -1.576218 
3717 0.004912 -1.574005 
3718 0.004778 -1.571662 
3719 0.004648 -1.569189 
3720 0.004522 -1.566586 
3721 0.004398 -1.563854 
3722 0.004278 -1.560993 
3723 0.004160 -1.558002 
3724 0.004046 -1.554883 
3725 0.003935 -1.551636 
3726 0.003826 -1.548260 
3727 0.003721 -1.544756 
3728 0.003618 -1.541125 
3729 0.003517 -1.537366 
3730 0.003420 -1.533480 
3731 0.003324 -1.529467 
3732 0.003232 -1.525328 
3733 0.003141 -1.521063 
3734 0.003053 -1.516672 
3735 0.002968 -1.512156 
3736 0.002884 -1.507515 
3737 0.002803 -1.502750 
3738 0.002724 -1.497860 
3739 0.002647 -1.492846 
3740 0.002572 -1.487709 
3741 0.002499 -1.482449 
3742 0.002428 -1.477067 
3743 0.002359 -1.471562 
3744 0.002292 -1.465936 
3745 0.002227 -1.460188 
3746 0.002163 -1.454320 
3747 0.002101 -1.448332 
3748 0.002041 -1.442224 
3749 0.001982 -1.435997 
3750 0.001925 -1.429652 
3751 0.001869 -1.423188 
3752 0.001815 -1.416606 
3753 0.001762 -1.409907 
3754 0.001711 -1.403092 
3755 0.001661 -1.396161 
3756 0.001613 -1.389115 
3757 0.001566 -1.381954 
3758 0.001520 -1.374678 
3759 0.001476 -1.367289 
3760 0.001432 -1.359787 
3761 0.001390 -1.352172 
3762 0.001349 -1.344446 
3763 0.001310 -1.336609 
3764 0.001271 -1.328661 
3765 0.001233 -1.320603 
3766 0.001197 -1.312437 
3767 0.001161 -1.304162 
3768 0.001127 -1.295779 
3769 0.001093 -1.287289 
3770 0.001060 -1.278692 
3771 0.001029 -1.269990 
3772 0.000998 -1.261183 
3773 0.000968 -1.252272 
3774 0.000939 -1.243257 
3775 0.000910 -1.234139 
3776 0.000883 -1.224920 
3777 0.000856 -1.215599 
3778 0.000830 -1.206178 
3779 0.000805 -1.196657 
3780 0.000781 -1.187037 
3781 0.000757 -1.177319 
3782 0.000734 -1.167504 
3783 0.000711 -1.157592 
3784 0.000690 -1.147585 
3785 0.000669 -1.137482 
3786 0.000648 -1.127286 
3787 0.000628 -1.116997 
3788 0.000609 -1.106615 
3789 0.000590 -1.096142 
3790 0.000572 -1.085578 
3791 0.000554 -1.074925 
3792 0.000537 -1.064182 
3793 0.000520 -1.053352 
3794 0.000504 -1.042435 
3795 0.000488 -1.031431 
3796 0.000473 -1.020343 
3797 0.000458 -1.009170 
3798 0.000444 -0.997913 
3799 0.000430 -0.986574 
3800 0.000417 -0.975154 
3801 0.000403 -0.963653 
3802 0.000391 -0.952072 
3803 0.000378 -0.940413 
3804 0.000366 -0.928676 
3805 0.000355 -0.916862 
3806 0.000344 -0.904972 
3807 0.000333 -0.893008 
3808 0.000322 -0.880970 
3809 0.000312 -0.868859 
3810 0.000302 -0.856676 
3811 0.000292 -0.844422 
3812 0.000283 -0.832099 
3813 0.000274 -0.819707 
3814 0.000265 -0.807247 
3815 0.000256 -0.794720 
3816 0.000248 -0.782128 
3817 0.000240 -0.769471 
3818 0.000232 -0.756751 
3819 0.000225 -0.743968 
3820 0.000218 -0.731123 
3821 0.000210 -0.718218 
3822 0.000204 -0.705254 
3823 0.000197 -0.692231 
3824 0.000191 -0.679151 
3825 0.000184 -0.666015 
3826 0.000178 -0.652824 
3827 0.000172 -0.639580 
3828 0.000167 -0.626282 
3829 0.000161 -0.612932 
3830 0.000156 -0.599532 
3831 0.000151 -0.586082 
3832 0.000146 -0.572584 
3833 0.000141 -0.559039 
3834 0.000136 -0.545447 
3835 0.000132 -0.531810 
3836 0.000127 -0.518129 
3837 0.000123 -0.504406 
3838 0.000119 -0.490640 
3839 0.000115 -0.476835 
3840 0.000111 -0.462989 
3841 0.000107 -0.449106 
3842 0.000104 -0.435185 
3843 0.000100 -0.421229 
3844 0.000097 -0.407238 
3845 0.000094 -0.393212 
3846 0.000091 -0.379155 
3847 0.000087 -0.365066 
3848 0.000084 -0.350947 
3849 0.000082 -0.336799 
3850 0.000079 -0.322623 
3851 0.000076 -0.308421 
3852 0.000074 -0.294193 
3853 0.000071 -0.279940 
3854 0.000069 -0.265665 
3855 0.000066 -0.251368 
3856 0.000064 -0.237049 
3857 0.000062 -0.222712 
3858 0.000060 -0.208355 
3859 0.000058 -0.193982 
3860 0.000056 -0.179593 
3861 0.000054 -0.165188 
3862 0.000052 -0.150770 
3863 0.000050 -0.136340 
3864 0.000048 -0.121898 
3865 0.000047 -0.107447 
3866 0.000045 -0.092986 
3867 0.000043 -0.078518 
3868 0.000042 -0.064043 
3869 0.000040 -0.049563 
3870 0.000039 -0.035079 
3871 0.000038 -0.020592 
3872 0.000036 -0.006103 
3873 0.000035 0.008386 
3874 0.000034 0.022875 
3875 0.000033 0.037362 
3876 0.000031 0.051845 
3877 0.000030 0.066325 
3878 0.000029 0.080799 
3879 0.000028 0.095266 
3880 0.000027 0.109725 
3881 0.000026 0.124175 
3882 0.000025 0.138615 
3883 0.000024 0.153044 
3884 0.000024 0.167460 
3885 0.000023 0.181862 
3886 0.000022 0.196249 
3887 0.000021 0.210619 
3888 0.000020 0.224973 
3889 0.000020 0.239307 
3890 0.000019 0.253622 
3891 0.000018 0.267916 
3892 0.000018 0.282188 
3893 0.000017 0.296437 
3894 0.000016 0.310661 
3895 0.000016 0.324859 
3896 0.000015 0.339031 
3897 0.000015 0.353174 
3898 0.000014 0.367289 
3899 0.000014 0.381373 
3900 0.000013 0.395425 
3901 0.000013 0.409445 
3902 0.000012 0.423431 
3903 0.000012 0.437382 
3904 0.000011 0.451297 
3905 0.000011 0.465174 
3906 0.000010 0.479013 
3907 0.000010 0.492813 
3908 0.000010 0.506572 
3909 0.000009 0.520288 
3910 0.000009 0.533962 
3911 0.000009 0.547592 
3912 0.000008 0.561177 
3913 0.000008 0.574715 
3914 0.000008 0.588205 
3915 0.000007 0.601647 
3916 0.000007 0.615040 
3917 0.000007 0.628381 
3918 0.000007 0.641671 
3919 0.000006 0.654907 
3920 0.000006 0.668090 
3921 0.000006 0.681217 
3922 0.000006 0.694288 
3923 0.000005 0.707301 
3924 0.000005 0.720256 
3925 0.000005 0.733152 
3926 0.000005 0.745987 
3927 0.000005 0.758760 
3928 0.000004 0.771470 
3929 0.000004 0.784117 
3930 0.000004 0.796699 
3931 0.000004 0.809215 
3932 0.000004 0.821665 
3933 0.000004 0.834046 
3934 0.000004 0.846358 
3935 0.000003 0.858601 
3936 0.000003 0.870772 
3937 0.000003 0.882872 
3938 0.000003 0.894899 
3939 0.000003 0.906851 
3940 0.000003 0.918729 
3941 0.000003 0.930531 
3942 0.000003 0.942256 
3943 0.000002 0.953903 
3944 0.000002 0.965471 
3945 0.000002 0.976959 
3946 0.000002 0.988367 
3947 0.000002 0.999693 
3948 0.000002 1.010936 
3949 0.000002 1.022096 
3950 0.000002 1.033171 
3951 0.000002 1.044161 
3952 0.000002 1.055065 
3953 0.000002 1.065881 
3954 0.000002 1.076610 
3955 0.000002 1.087249 
3956 0.000001 1.097799 
3957 0.000001 1.108257 
3958 0.000001 1.118625 
3959 0.000001 1.128899 
3960 0.000001 1.139081 
3961 0.000001 1.149168 
3962 0.000001 1.159161 
3963 0.000001 1.169057 
3964 0.000001 1.178857 
3965 0.000001 1.188560 
3966 0.000001 1.198164 
3967 0.000001 1.207669 
3968 0.000001 1.217075 
3969 0.000001 1.226379 
3970 0.000001 1.235583 
3971 0.000001 1.244684 
3972 0.000001 1.253683 
3973 0.000001 1.262578 
3974 0.000001 1.271368 
3975 0.000001 1.280054 
3976 0.000001 1.288634 
3977 0.000001 1.297107 
3978 0.000001 1.305473 
3979 0.000001 1.313731 
3980 0.000001 1.321881 
3981 0.000001 1.329921 
3982 0.000001 1.337851 
3983 0.000000 1.345671 
3984 0.000000 1.353380 
3985 0.000000 1.360977 
3986 0.000000 1.368461 
3987 0.000000 1.375832 
3988 0.000000 1.383090 
3989 0.000000 1.390233 
3990 0.000000 1.397261 
3991 0.000000 1.404174 
3992 0.000000 1.410971 
3993 0.000000 1.417651 
3994 0.000000 1.424214 
3995 0.000000 1.430660 
3996 0.000000 1.436987 
3997 0.000000 1.443195 
3998 0.000000 1.449284 
3999 0.000000 1.455253 
4000 0.000000 1.461102 
