0 4.517841 1.509717 
1 4.493249 1.514226 
2 4.468545 1.518609 
3 4.443733 1.522867 
4 4.418817 1.526999 
5 4.393799 1.531004 
6 4.368682 1.534883 
7 4.343471 1.538635 
8 4.318168 1.542261 
9 4.292777 1.545758 
10 4.267301 1.549128 
11 4.241743 1.552370 
12 4.216107 1.555484 
13 4.190395 1.558469 
14 4.164612 1.561325 
15 4.138760 1.564052 
16 4.112843 1.566650 
17 4.086863 1.569118 
18 4.060825 1.571457 
19 4.034731 1.573666 
20 4.008585 1.575745 
21 3.982390 1.577693 
22 3.956148 1.579512 
23 3.929864 1.581199 
24 3.903539 1.582756 
25 3.877179 1.584183 
26 3.850785 1.585478 
27 3.824360 1.586642 
28 3.797909 1.587675 
29 3.771433 1.588577 
30 3.744936 1.589348 
31 3.718421 1.589987 
32 3.691891 1.590495 
33 3.665349 1.590871 
34 3.638798 1.591116 
35 3.612241 1.591230 
36 3.585681 1.591212 
37 3.559121 1.591062 
38 3.532564 1.590781 
39 3.506012 1.590369 
40 3.479469 1.589825 
41 3.452937 1.589149 
42 3.426419 1.588343 
43 3.399918 1.587405 
44 3.373437 1.586336 
45 3.346978 1.585135 
46 3.320545 1.583804 
47 3.294139 1.582342 
48 3.267764 1.580749 
49 3.241422 1.579026 
50 3.215116 1.577172 
51 3.188848 1.575187 
52 3.162621 1.573073 
53 3.136437 1.570828 
54 3.110300 1.568454 
55 3.084211 1.565950 
56 3.058173 1.563316 
57 3.032188 1.560554 
58 3.006259 1.557662 
59 2.980387 1.554642 
60 2.954577 1.551493 
61 2.928828 1.548216 
62 2.903145 1.544811 
63 2.877529 1.541278 
64 2.851983 1.537618 
65 2.826508 1.533831 
66 2.801106 1.529917 
67 2.775781 1.525877 
68 2.750533 1.521711 
69 2.725365 1.517419 
70 2.700280 1.513001 
71 2.675278 1.508458 
72 2.650362 1.503791 
73 2.625534 1.499000 
74 2.600796 1.494084 
75 2.576149 1.489045 
76 2.551596 1.483883 
77 2.527138 1.478599 
78 2.502777 1.473192 
79 2.478515 1.467663 
80 2.454353 1.462014 
81 2.430293 1.456243 
82 2.406337 1.450352 
83 2.382486 1.444341 
84 2.358742 1.438211 
85 2.335106 1.431962 
86 2.311580 1.425594 
87 2.288166 1.419109 
88 2.264864 1.412506 
89 2.241676 1.405787 
90 2.218604 1.398952 
91 2.195649 1.392000 
92 2.172812 1.384934 
93 2.150094 1.377754 
94 2.127497 1.370459 
95 2.105022 1.363052 
96 2.082670 1.355531 
97 2.060442 1.347899 
98 2.038339 1.340155 
99 2.016363 1.332301 
100 1.994514 1.324336 
101 1.972793 1.316262 
102 1.951202 1.308079 
103 1.929741 1.299788 
104 1.908411 1.291390 
105 1.887214 1.282885 
106 1.866149 1.274273 
107 1.845218 1.265557 
108 1.824422 1.256736 
109 1.803760 1.247811 
110 1.783235 1.238783 
111 1.762847 1.229653 
112 1.742596 1.220421 
113 1.722483 1.211088 
114 1.702508 1.201655 
115 1.682673 1.192122 
116 1.662978 1.182492 
117 1.643422 1.172763 
118 1.624008 1.162938 
119 1.604734 1.153016 
120 1.585603 1.142999 
121 1.566613 1.132888 
122 1.547766 1.122683 
123 1.529061 1.112385 
124 1.510500 1.101996 
125 1.492081 1.091515 
126 1.473807 1.080944 
127 1.455676 1.070284 
128 1.437689 1.059535 
129 1.419847 1.048699 
130 1.402149 1.037776 
131 1.384595 1.026767 
132 1.367187 1.015673 
133 1.349922 1.004496 
134 1.332803 0.993235 
135 1.315828 0.981893 
136 1.298999 0.970469 
137 1.282314 0.958965 
138 1.265773 0.947382 
139 1.249378 0.935720 
140 1.233127 0.923981 
141 1.217021 0.912166 
142 1.201059 0.900275 
143 1.185241 0.888310 
144 1.169567 0.876272 
145 1.154037 0.864161 
146 1.138651 0.851979 
147 1.123408 0.839726 
148 1.108308 0.827404 
149 1.093352 0.815014 
150 1.078537 0.802556 
151 1.063865 0.790032 
152 1.049335 0.777442 
153 1.034947 0.764789 
154 1.020700 0.752072 
155 1.006593 0.739293 
156 0.992627 0.726453 
157 0.978801 0.713553 
158 0.965115 0.700593 
159 0.951567 0.687576 
160 0.938158 0.674503 
161 0.924888 0.661373 
162 0.911755 0.648189 
163 0.898759 0.634951 
164 0.885899 0.621661 
165 0.873176 0.608319 
166 0.860588 0.594927 
167 0.848135 0.581486 
168 0.835816 0.567997 
169 0.823631 0.554461 
170 0.811579 0.540879 
171 0.799659 0.527252 
172 0.787871 0.513582 
173 0.776214 0.499869 
174 0.764688 0.486115 
175 0.753291 0.472321 
176 0.742024 0.458488 
177 0.730885 0.444617 
178 0.719873 0.430709 
179 0.708988 0.416765 
180 0.698230 0.402788 
181 0.687597 0.388776 
182 0.677089 0.374733 
183 0.666705 0.360659 
184 0.656443 0.346555 
185 0.646305 0.332422 
186 0.636288 0.318262 
187 0.626391 0.304076 
188 0.616615 0.289864 
189 0.606958 0.275628 
190 0.597420 0.261370 
191 0.587999 0.247090 
192 0.578694 0.232790 
193 0.569506 0.218470 
194 0.560433 0.204133 
195 0.551474 0.189778 
196 0.542628 0.175408 
197 0.533895 0.161023 
198 0.525274 0.146625 
199 0.516763 0.132215 
200 0.508363 0.117794 
201 0.500071 0.103363 
202 0.491888 0.088924 
203 0.483812 0.074477 
204 0.475842 0.060024 
205 0.467978 0.045567 
206 0.460219 0.031105 
207 0.452563 0.016641 
208 0.445010 0.002175 
209 0.437560 -0.012290 
210 0.430210 -0.026755 
211 0.422961 -0.041217 
212 0.415811 -0.055676 
213 0.408759 -0.070131 
214 0.401805 -0.084580 
215 0.394947 -0.099021 
216 0.388185 -0.113455 
217 0.381518 -0.127879 
218 0.374945 -0.142292 
219 0.368465 -0.156694 
220 0.362077 -0.171083 
221 0.355780 -0.185458 
222 0.349573 -0.199817 
223 0.343456 -0.214160 
224 0.337427 -0.228485 
225 0.331486 -0.242791 
226 0.325631 -0.257077 
227 0.319863 -0.271342 
228 0.314179 -0.285585 
229 0.308579 -0.299804 
230 0.303063 -0.313998 
231 0.297629 -0.328166 
232 0.292276 -0.342307 
233 0.287003 -0.356420 
234 0.281811 -0.370503 
235 0.276697 -0.384556 
236 0.271660 -0.398577 
237 0.266701 -0.412565 
238 0.261818 -0.426519 
239 0.257010 -0.440437 
240 0.252277 -0.454320 
241 0.247617 -0.468164 
242 0.243030 -0.481970 
243 0.238515 -0.495737 
244 0.234071 -0.509462 
245 0.229697 -0.523145 
246 0.225392 -0.536785 
247 0.221156 -0.550380 
248 0.216987 -0.563930 
249 0.212886 -0.577434 
250 0.208850 -0.590889 
251 0.204880 -0.604296 
252 0.200974 -0.617653 
253 0.197132 -0.630959 
254 0.193352 -0.644213 
255 0.189635 -0.657413 
256 0.185979 -0.670559 
257 0.182383 -0.683650 
258 0.178847 -0.696684 
259 0.175370 -0.709661 
260 0.171951 -0.722579 
261 0.168589 -0.735437 
262 0.165284 -0.748235 
263 0.162035 -0.760971 
264 0.158841 -0.773643 
265 0.155702 -0.786252 
266 0.152616 -0.798796 
267 0.149583 -0.811274 
268 0.146602 -0.823685 
269 0.143673 -0.836027 
270 0.140795 -0.848301 
271 0.137966 -0.860505 
272 0.135187 -0.872637 
273 0.132457 -0.884697 
274 0.129775 -0.896685 
275 0.127140 -0.908598 
276 0.124552 -0.920436 
277 0.122009 -0.932198 
278 0.119512 -0.943882 
279 0.117060 -0.955489 
280 0.114652 -0.967017 
281 0.112287 -0.978465 
282 0.109964 -0.989832 
283 0.107684 -1.001118 
284 0.105446 -1.012320 
285 0.103248 -1.023439 
286 0.101090 -1.034473 
287 0.098972 -1.045422 
288 0.096894 -1.056285 
289 0.094853 -1.067060 
290 0.092851 -1.077747 
291 0.090885 -1.088345 
292 0.088957 -1.098853 
293 0.087064 -1.109270 
294 0.085208 -1.119595 
295 0.083386 -1.129828 
296 0.081598 -1.139968 
297 0.079845 -1.150013 
298 0.078125 -1.159964 
299 0.076438 -1.169818 
300 0.074783 -1.179576 
301 0.073160 -1.189236 
302 0.071568 -1.198798 
303 0.070007 -1.208261 
304 0.068476 -1.217624 
305 0.066975 -1.226887 
306 0.065504 -1.236048 
307 0.064061 -1.245106 
308 0.062646 -1.254062 
309 0.061260 -1.262915 
310 0.059901 -1.271663 
311 0.058568 -1.280306 
312 0.057262 -1.288843 
313 0.055983 -1.297273 
314 0.054728 -1.305597 
315 0.053499 -1.313812 
316 0.052295 -1.321919 
317 0.051115 -1.329917 
318 0.049959 -1.337804 
319 0.048826 -1.345582 
320 0.047717 -1.353247 
321 0.046630 -1.360802 
322 0.045565 -1.368243 
323 0.044522 -1.375572 
324 0.043501 -1.382787 
325 0.042501 -1.389887 
326 0.041521 -1.396873 
327 0.040562 -1.403743 
328 0.039623 -1.410498 
329 0.038703 -1.417135 
330 0.037803 -1.423656 
331 0.036921 -1.430059 
332 0.036058 -1.436344 
333 0.035214 -1.442510 
334 0.034387 -1.448557 
335 0.033578 -1.454484 
336 0.032786 -1.460291 
337 0.032011 -1.465977 
338 0.031252 -1.471542 
339 0.030510 -1.476985 
340 0.029784 -1.482307 
341 0.029074 -1.487506 
342 0.028379 -1.492582 
343 0.027699 -1.497534 
344 0.027033 -1.502363 
345 0.026383 -1.507068 
346 0.025746 -1.511648 
347 0.025124 -1.516103 
348 0.024515 -1.520433 
349 0.023920 -1.524637 
350 0.023338 -1.528716 
351 0.022768 -1.532667 
352 0.022212 -1.536493 
353 0.021668 -1.540191 
354 0.021136 -1.543762 
355 0.020616 -1.547205 
356 0.020107 -1.550521 
357 0.019610 -1.553708 
358 0.019125 -1.556767 
359 0.018650 -1.559698 
360 0.018186 -1.562499 
361 0.017733 -1.565171 
362 0.017290 -1.567714 
363 0.016857 -1.570128 
364 0.016434 -1.572411 
365 0.016021 -1.574565 
366 0.015617 -1.576589 
367 0.015223 -1.578482 
368 0.014838 -1.580245 
369 0.014462 -1.581877 
370 0.014094 -1.583378 
371 0.013735 -1.584749 
372 0.013385 -1.585988 
373 0.013042 -1.587097 
374 0.012708 -1.588074 
375 0.012382 -1.588921 
376 0.012063 -1.589635 
377 0.011752 -1.590219 
378 0.011449 -1.590671 
379 0.011152 -1.590992 
380 0.010863 -1.591181 
381 0.010580 -1.591238 
382 0.010305 -1.591164 
383 0.010036 -1.590959 
384 0.009773 -1.590622 
385 0.009517 -1.590154 
386 0.009267 -1.589554 
387 0.009023 -1.588823 
388 0.008785 -1.587960 
389 0.008553 -1.586967 
390 0.008326 -1.585842 
391 0.008105 -1.584586 
392 0.007890 -1.583199 
393 0.007680 -1.581681 
394 0.007475 -1.580033 
395 0.007275 -1.578254 
396 0.007080 -1.576345 
397 0.006890 -1.574305 
398 0.006704 -1.572135 
399 0.006523 -1.569835 
400 0.006347 -1.567406 
401 0.006175 -1.564847 
402 0.006008 -1.562159 
403 0.005845 -1.559341 
404 0.005685 -1.556395 
405 0.005530 -1.553320 
406 0.005379 -1.550117 
407 0.005232 -1.546785 
408 0.005088 -1.543326 
409 0.004948 -1.539739 
410 0.004812 -1.536025 
411 0.004679 -1.532184 
412 0.004550 -1.528217 
413 0.004424 -1.524123 
414 0.004301 -1.519903 
415 0.004181 -1.515557 
416 0.004065 -1.511087 
417 0.003951 -1.506491 
418 0.003841 -1.501771 
419 0.003733 -1.496927 
420 0.003628 -1.491959 
421 0.003526 -1.486867 
422 0.003426 -1.481653 
423 0.003330 -1.476317 
424 0.003235 -1.470858 
425 0.003144 -1.465278 
426 0.003054 -1.459577 
427 0.002967 -1.453755 
428 0.002883 -1.447813 
429 0.002800 -1.441751 
430 0.002720 -1.435571 
431 0.002642 -1.429271 
432 0.002566 -1.422854 
433 0.002493 -1.416318 
434 0.002421 -1.409666 
435 0.002351 -1.402897 
436 0.002283 -1.396013 
437 0.002217 -1.389013 
438 0.002152 -1.381898 
439 0.002089 -1.374669 
440 0.002029 -1.367326 
441 0.001969 -1.359871 
442 0.001912 -1.352303 
443 0.001856 -1.344623 
444 0.001801 -1.336832 
445 0.001748 -1.328931 
446 0.001697 -1.320919 
447 0.001647 -1.312799 
448 0.001598 -1.304570 
449 0.001550 -1.296233 
450 0.001504 -1.287790 
451 0.001460 -1.279239 
452 0.001416 -1.270583 
453 0.001374 -1.261822 
454 0.001333 -1.252957 
455 0.001293 -1.243988 
456 0.001254 -1.234917 
457 0.001216 -1.225743 
458 0.001180 -1.216468 
459 0.001144 -1.207093 
460 0.001110 -1.197617 
461 0.001076 -1.188043 
462 0.001043 -1.178371 
463 0.001012 -1.168601 
464 0.000981 -1.158735 
465 0.000951 -1.148772 
466 0.000922 -1.138715 
467 0.000894 -1.128564 
468 0.000866 -1.118320 
469 0.000840 -1.107983 
470 0.000814 -1.097554 
471 0.000789 -1.087035 
472 0.000764 -1.076426 
473 0.000741 -1.065728 
474 0.000718 -1.054942 
475 0.000696 -1.044069 
476 0.000674 -1.033109 
477 0.000653 -1.022065 
478 0.000633 -1.010935 
479 0.000613 -0.999722 
480 0.000594 -0.988427 
481 0.000575 -0.977050 
482 0.000557 -0.965592 
483 0.000539 -0.954054 
484 0.000522 -0.942437 
485 0.000506 -0.930743 
486 0.000490 -0.918971 
487 0.000474 -0.907124 
488 0.000459 -0.895202 
489 0.000445 -0.883205 
490 0.000431 -0.871136 
491 0.000417 -0.858995 
492 0.000404 -0.846782 
493 0.000391 -0.834500 
494 0.000378 -0.822149 
495 0.000366 -0.809730 
496 0.000354 -0.797244 
497 0.000343 -0.784692 
498 0.000332 -0.772075 
499 0.000321 -0.759394 
500 0.000311 -0.746651 
501 0.000301 -0.733846 
502 0.000291 -0.720980 
503 0.000281 -0.708055 
504 0.000272 -0.695071 
505 0.000263 -0.682029 
506 0.000255 -0.668932 
507 0.000246 -0.655779 
508 0.000238 -0.642572 
509 0.000231 -0.629311 
510 0.000223 -0.615999 
511 0.000216 -0.602636 
512 0.000208 -0.589223 
513 0.000202 -0.575761 
514 0.000195 -0.562252 
515 0.000188 -0.548696 
516 0.000182 -0.535095 
517 0.000176 -0.521450 
518 0.000170 -0.507762 
519 0.000165 -0.494031 
520 0.000159 -0.480260 
521 0.000154 -0.466449 
522 0.000149 -0.452600 
523 0.000144 -0.438713 
524 0.000139 -0.424790 
525 0.000134 -0.410832 
526 0.000130 -0.396840 
527 0.000125 -0.382815 
528 0.000121 -0.368758 
529 0.000117 -0.354671 
530 0.000113 -0.340555 
531 0.000109 -0.326410 
532 0.000105 -0.312239 
533 0.000102 -0.298041 
534 0.000098 -0.283819 
535 0.000095 -0.269574 
536 0.000092 -0.255306 
537 0.000089 -0.241018 
538 0.000085 -0.226709 
539 0.000083 -0.212382 
540 0.000080 -0.198037 
541 0.000077 -0.183675 
542 0.000074 -0.169299 
543 0.000072 -0.154908 
544 0.000069 -0.140505 
545 0.000067 -0.126090 
546 0.000064 -0.111665 
547 0.000062 -0.097230 
548 0.000060 -0.082788 
549 0.000058 -0.068338 
550 0.000056 -0.053883 
551 0.000054 -0.039424 
552 0.000052 -0.024961 
553 0.000050 -0.010496 
554 0.000048 0.003970 
555 0.000047 0.018435 
556 0.000045 0.032899 
557 0.000044 0.047360 
558 0.000042 0.061817 
559 0.000040 0.076270 
560 0.000039 0.090715 
561 0.000038 0.105154 
562 0.000036 0.119583 
563 0.000035 0.134003 
564 0.000034 0.148412 
565 0.000033 0.162808 
566 0.000031 0.177191 
567 0.000030 0.191559 
568 0.000029 0.205912 
569 0.000028 0.220247 
570 0.000027 0.234565 
571 0.000026 0.248863 
572 0.000025 0.263140 
573 0.000024 0.277395 
574 0.000023 0.291628 
575 0.000023 0.305837 
576 0.000022 0.320020 
577 0.000021 0.334177 
578 0.000020 0.348306 
579 0.000019 0.362406 
580 0.000019 0.376477 
581 0.000018 0.390516 
582 0.000017 0.404523 
583 0.000017 0.418497 
584 0.000016 0.432436 
585 0.000016 0.446339 
586 0.000015 0.460206 
587 0.000014 0.474034 
588 0.000014 0.487823 
589 0.000013 0.501572 
590 0.000013 0.515280 
591 0.000012 0.528945 
592 0.000012 0.542566 
593 0.000011 0.556142 
594 0.000011 0.569672 
595 0.000011 0.583156 
596 0.000010 0.596591 
597 0.000010 0.609977 
598 0.000009 0.623312 
599 0.000009 0.636596 
600 0.000009 0.649827 
601 0.000008 0.663005 
602 0.000008 0.676127 
603 0.000008 0.689194 
604 0.000008 0.702204 
605 0.000007 0.715156 
606 0.000007 0.728049 
607 0.000007 0.740881 
608 0.000006 0.753653 
609 0.000006 0.766362 
610 0.000006 0.779008 
611 0.000006 0.791589 
612 0.000006 0.804105 
613 0.000005 0.816554 
614 0.000005 0.828936 
615 0.000005 0.841250 
616 0.000005 0.853494 
617 0.000005 0.865667 
618 0.000004 0.877769 
619 0.000004 0.889799 
620 0.000004 0.901754 
621 0.000004 0.913636 
622 0.000004 0.925442 
623 0.000004 0.937171 
624 0.000003 0.948823 
625 0.000003 0.960396 
626 0.000003 0.971890 
627 0.000003 0.983304 
628 0.000003 0.994636 
629 0.000003 1.005887 
630 0.000003 1.017054 
631 0.000003 1.028137 
632 0.000002 1.039135 
633 0.000002 1.050047 
634 0.000002 1.060873 
635 0.000002 1.071611 
636 0.000002 1.082260 
637 0.000002 1.092820 
638 0.000002 1.103289 
639 0.000002 1.113668 
640 0.000002 1.123954 
641 0.000002 1.134147 
642 0.000002 1.144247 
643 0.000002 1.154252 
644 0.000002 1.164162 
645 0.000001 1.173975 
646 0.000001 1.183692 
647 0.000001 1.193310 
648 0.000001 1.202830 
649 0.000001 1.212251 
650 0.000001 1.221571 
651 0.000001 1.230791 
652 0.000001 1.239908 
653 0.000001 1.248924 
654 0.000001 1.257836 
655 0.000001 1.266644 
656 0.000001 1.275347 
657 0.000001 1.283945 
658 0.000001 1.292437 
659 0.000001 1.300822 
660 0.000001 1.309100 
661 0.000001 1.317269 
662 0.000001 1.325330 
663 0.000001 1.333281 
664 0.000001 1.341122 
665 0.000001 1.348852 
666 0.000001 1.356470 
667 0.000001 1.363977 
668 0.000001 1.371370 
669 0.000001 1.378651 
670 0.000001 1.385817 
671 0.000000 1.392869 
672 0.000000 1.399806 
673 0.000000 1.406627 
674 0.000000 1.413332 
675 0.000000 1.419920 
676 0.000000 1.426390 
677 0.000000 1.432743 
678 0.000000 1.438978 
679 0.000000 1.445093 
680 0.000000 1.451089 
681 0.000000 1.456965 
682 0.000000 1.462721 
683 0.000000 1.468356 
684 0.000000 1.473869 
685 0.000000 1.479261 
686 0.000000 1.484530 
687 0.000000 1.489677 
688 0.000000 1.494701 
689 0.000000 1.499601 
690 0.000000 1.504377 
691 0.000000 1.509029 
692 0.000000 1.513556 
693 0.000000 1.517958 
694 0.000000 1.522234 
695 0.000000 1.526385 
696 0.000000 1.530410 
697 0.000000 1.534308 
698 0.000000 1.538079 
699 0.000000 1.541724 
700 0.000000 1.545240 
701 0.000000 1.548630 
702 0.000000 1.551891 
703 0.000000 1.555024 
704 0.000000 1.558028 
705 0.000000 1.560903 
706 0.000000 1.563650 
707 0.000000 1.566267 
708 0.000000 1.568755 
709 0.000000 1.571114 
710 0.000000 1.573342 
711 0.000000 1.575441 
712 0.000000 1.577409 
713 0.000000 1.579247 
714 0.000000 1.580954 
715 0.000000 1.582531 
716 0.000000 1.583976 
717 0.000000 1.585291 
718 0.000000 1.586475 
719 0.000000 1.587528 
720 0.000000 1.588450 
721 0.000000 1.589240 
722 0.000000 1.589899 
723 0.000000 1.590427 
724 0.000000 1.590823 
725 0.000000 1.591088 
726 0.000000 1.591221 
727 0.000000 1.591223 
728 0.000000 1.591093 
729 0.000000 1.590832 
730 0.000000 1.590439 
731 0.000000 1.589915 
732 0.000000 1.589259 
733 0.000000 1.588472 
734 0.000000 1.587554 
735 0.000000 1.586505 
736 0.000000 1.585324 
737 0.000000 1.584013 
738 0.000000 1.582570 
739 0.000000 1.580997 
740 0.000000 1.579293 
741 0.000000 1.577459 
742 0.000000 1.575494 
743 0.000000 1.573399 
744 0.000000 1.571174 
745 0.000000 1.568819 
746 0.000000 1.566335 
747 0.000000 1.563721 
748 0.000000 1.560977 
749 0.000000 1.558105 
750 0.000000 1.555104 
751 0.000000 1.551975 
752 0.000000 1.548717 
753 0.000000 1.545331 
754 0.000000 1.541818 
755 0.000000 1.538177 
756 0.000000 1.534409 
757 0.000000 1.530514 
758 0.000000 1.526493 
759 0.000000 1.522345 
760 0.000000 1.518072 
761 0.000000 1.513673 
762 0.000000 1.509150 
763 0.000000 1.504501 
764 0.000000 1.499728 
765 0.000000 1.494831 
766 0.000000 1.489811 
767 0.000000 1.484668 
768 0.000000 1.479401 
769 0.000000 1.474013 
770 0.000000 1.468503 
771 0.000000 1.462871 
772 0.000000 1.457118 
773 0.000000 1.451246 
774 0.000000 1.445253 
775 0.000000 1.439140 
776 0.000000 1.432909 
777 0.000000 1.426559 
778 0.000000 1.420092 
779 0.000000 1.413507 
780 0.000000 1.406805 
781 0.000000 1.399987 
782 0.000000 1.393053 
783 0.000000 1.386005 
784 0.000000 1.378841 
785 0.000000 1.371564 
786 0.000000 1.364173 
787 0.000000 1.356670 
788 0.000000 1.349054 
789 0.000000 1.341327 
790 0.000000 1.333489 
791 0.000000 1.325541 
792 0.000000 1.317484 
793 0.000000 1.309317 
794 0.000000 1.301043 
795 0.000000 1.292660 
796 0.000000 1.284171 
797 0.000000 1.275576 
798 0.000000 1.266876 
799 0.000000 1.258070 
800 0.000000 1.249161 
801 0.000000 1.240149 
802 0.000000 1.231034 
803 0.000000 1.221817 
804 0.000000 1.212499 
805 0.000000 1.203081 
806 0.000000 1.193564 
807 0.000000 1.183948 
808 0.000000 1.174235 
809 0.000000 1.164424 
810 0.000000 1.154517 
811 0.000000 1.144515 
812 0.000000 1.134418 
813 0.000000 1.124227 
814 0.000000 1.113944 
815 0.000000 1.103568 
816 0.000000 1.093101 
817 0.000000 1.082544 
818 0.000000 1.071898 
819 0.000000 1.061163 
820 0.000000 1.050340 
821 0.000000 1.039430 
822 0.000000 1.028435 
823 0.000000 1.017355 
824 0.000000 1.006190 
825 0.000000 0.994943 
826 0.000000 0.983613 
827 0.000000 0.972202 
828 0.000000 0.960711 
829 0.000000 0.949141 
830 0.000000 0.937492 
831 0.000000 0.925766 
832 0.000000 0.913963 
833 0.000000 0.902085 
834 0.000000 0.890132 
835 0.000000 0.878106 
836 0.000000 0.866008 
837 0.000000 0.853838 
838 0.000000 0.841597 
839 0.000000 0.829287 
840 0.000000 0.816909 
841 0.000000 0.804463 
842 0.000000 0.791951 
843 0.000000 0.779374 
844 0.000000 0.766732 
845 0.000000 0.754028 
846 0.000000 0.741261 
847 0.000000 0.728433 
848 0.000000 0.715545 
849 0.000000 0.702598 
850 0.000000 0.689593 
851 0.000000 0.676532 
852 0.000000 0.663415 
853 0.000000 0.650244 
854 0.000000 0.637019 
855 0.000000 0.623741 
856 0.000000 0.610413 
857 0.000000 0.597034 
858 0.000000 0.583607 
859 0.000000 0.570132 
860 0.000000 0.556610 
861 0.000000 0.543042 
862 0.000000 0.529430 
863 0.000000 0.515775 
864 0.000000 0.502078 
865 0.000000 0.488340 
866 0.000000 0.474563 
867 0.000000 0.460746 
868 0.000000 0.446893 
869 0.000000 0.433003 
870 0.000000 0.419078 
871 0.000000 0.405120 
872 0.000000 0.391129 
873 0.000000 0.377106 
874 0.000000 0.363053 
875 0.000000 0.348972 
876 0.000000 0.334863 
877 0.000000 0.320727 
878 0.000000 0.306566 
879 0.000000 0.292381 
880 0.000000 0.278173 
881 0.000000 0.263944 
882 0.000000 0.249694 
883 0.000000 0.235426 
884 0.000000 0.221139 
885 0.000000 0.206837 
886 0.000000 0.192519 
887 0.000000 0.178187 
888 0.000000 0.163842 
889 0.000000 0.149487 
890 0.000000 0.135121 
891 0.000000 0.120747 
892 0.000000 0.106365 
893 0.000000 0.091977 
894 0.000000 0.077585 
895 0.000000 0.063189 
896 0.000000 0.048791 
897 0.000000 0.034393 
898 0.000000 0.019995 
899 0.000000 0.005599 
900 0.000000 -0.008793 
901 0.000000 -0.023181 
902 0.000000 -0.037562 
903 0.000000 -0.051936 
904 0.000000 -0.066301 
905 0.000000 -0.080656 
906 0.000000 -0.094998 
907 0.000000 -0.109328 
908 0.000000 -0.123643 
909 0.000000 -0.137941 
910 0.000000 -0.152222 
911 0.000000 -0.166484 
912 0.000000 -0.180726 
913 0.000000 -0.194945 
914 0.000000 -0.209141 
915 0.000000 -0.223312 
916 0.000000 -0.237457 
917 0.000000 -0.251573 
918 0.000000 -0.265660 
919 0.000000 -0.279716 
920 0.000000 -0.293739 
921 0.000000 -0.307728 
922 0.000000 -0.321681 
923 0.000000 -0.335597 
924 0.000000 -0.349473 
925 0.000000 -0.363309 
926 0.000000 -0.377103 
927 0.000000 -0.390853 
928 0.000000 -0.404557 
929 0.000000 -0.418214 
930 0.000000 -0.431822 
931 0.000000 -0.445379 
932 0.000000 -0.458884 
933 0.000000 -0.472335 
934 0.000000 -0.485730 
935 0.000000 -0.499068 
936 0.000000 -0.512346 
937 0.000000 -0.525563 
938 0.000000 -0.538717 
939 0.000000 -0.551806 
940 0.000000 -0.564829 
941 0.000000 -0.577783 
942 0.000000 -0.590667 
943 0.000000 -0.603479 
944 0.000000 -0.616217 
945 0.000000 -0.628879 
946 0.000000 -0.641463 
947 0.000000 -0.653967 
948 0.000000 -0.666389 
949 0.000000 -0.678727 
950 0.000000 -0.690979 
951 0.000000 -0.703144 
952 0.000000 -0.715218 
953 0.000000 -0.727201 
954 0.000000 -0.739090 
955 0.000000 -0.750883 
956 0.000000 -0.762577 
957 0.000000 -0.774171 
958 0.000000 -0.785663 
959 0.000000 -0.797050 
960 0.000000 -0.808330 
961 0.000000 -0.819501 
962 0.000000 -0.830561 
963 0.000000 -0.841508 
964 0.000000 -0.852339 
965 0.000000 -0.863052 
966 0.000000 -0.873645 
967 0.000000 -0.884115 
968 0.000000 -0.894461 
969 0.000000 -0.904680 
970 0.000000 -0.914769 
971 0.000000 -0.924727 
972 0.000000 -0.934550 
973 0.000000 -0.944237 
974 0.000000 -0.953786 
975 0.000000 -0.963193 
976 0.000000 -0.972456 
977 0.000000 -0.981574 
978 0.000000 -0.990543 
979 0.000000 -0.999361 
980 0.000000 -1.008026 
981 0.000000 -1.016535 
982 0.000000 -1.024886 
983 0.000000 -1.033077 
984 0.000000 -1.041104 
985 0.000000 -1.048966 
986 0.000000 -1.056660 
987 0.000000 -1.064183 
988 0.000000 -1.071533 
989 0.000000 -1.078709 
990 0.000000 -1.085706 
991 0.000000 -1.092523 
992 0.000000 -1.099157 
993 0.000000 -1.105606 
994 0.000000 -1.111868 
995 0.000000 -1.117939 
996 0.000000 -1.123818 
997 0.000000 -1.129502 
998 0.000000 -1.134989 
999 0.000000 -1.140276 
1000 0.000000 -1.145362 
1001 0.000000 -1.150243 
1002 0.000000 -1.154917 
1003 0.000000 -1.159382 
1004 0.000000 -1.163636 
1005 0.000000 -1.167677 
1006 0.000000 -1.171501 
1007 0.000000 -1.175108 
1008 0.000000 -1.178495 
1009 0.000000 -1.181659 
1010 0.000000 -1.184599 
1011 0.000000 -1.187313 
1012 0.000000 -1.189798 
1013 0.000000 -1.192053 
1014 0.000000 -1.194075 
1015 0.000000 -1.195863 
1016 0.000000 -1.197415 
1017 0.000000 -1.198728 
1018 0.000000 -1.199802 
1019 0.000000 -1.200634 
1020 0.000000 -1.201223 
1021 0.000000 -1.201567 
1022 0.000000 -1.201664 
1023 0.000000 -1.201513 
1024 0.000000 -1.201113 
1025 0.000000 -1.200463 
1026 0.000000 -1.199560 
1027 0.000000 -1.198403 
1028 0.000000 -1.196992 
1029 0.000000 -1.195325 
1030 0.000000 -1.193402 
1031 0.000000 -1.191220 
1032 0.000000 -1.188780 
1033 0.000000 -1.186080 
1034 0.000000 -1.183119 
1035 0.000000 -1.179898 
1036 0.000000 -1.176415 
1037 0.000000 -1.172670 
1038 0.000000 -1.168662 
1039 0.000000 -1.164391 
1040 0.000000 -1.159856 
1041 0.000000 -1.155058 
1042 0.000000 -1.149997 
1043 0.000000 -1.144671 
1044 0.000000 -1.139083 
1045 0.000000 -1.133230 
1046 0.000000 -1.127115 
1047 0.000000 -1.120736 
1048 0.000000 -1.114096 
1049 0.000000 -1.107193 
1050 0.000000 -1.100029 
1051 0.000000 -1.092605 
1052 0.000000 -1.084921 
1053 0.000000 -1.076978 
1054 0.000000 -1.068777 
1055 0.000000 -1.060319 
1056 0.000000 -1.051607 
1057 0.000000 -1.042639 
1058 0.000000 -1.033419 
1059 0.000000 -1.023948 
1060 0.000000 -1.014227 
1061 0.000000 -1.004258 
1062 0.000000 -0.994043 
1063 0.000000 -0.983583 
1064 0.000000 -0.972881 
1065 0.000000 -0.961939 
1066 0.000000 -0.950759 
1067 0.000000 -0.939343 
1068 0.000000 -0.927693 
1069 0.000000 -0.915812 
1070 0.000000 -0.903703 
1071 0.000000 -0.891368 
1072 0.000000 -0.878810 
1073 0.000000 -0.866031 
1074 0.000000 -0.853035 
1075 0.000000 -0.839825 
1076 0.000000 -0.826403 
1077 0.000000 -0.812773 
1078 0.000000 -0.798937 
1079 0.000000 -0.784901 
1080 0.000000 -0.770666 
1081 0.000000 -0.756236 
1082 0.000000 -0.741614 
1083 0.000000 -0.726805 
1084 0.000000 -0.711813 
1085 0.000000 -0.696639 
1086 0.000000 -0.681290 
1087 0.000000 -0.665767 
1088 0.000000 -0.650077 
1089 0.000000 -0.634221 
1090 0.000000 -0.618205 
1091 0.000000 -0.602032 
1092 0.000000 -0.585707 
1093 0.000000 -0.569234 
1094 0.000000 -0.552617 
1095 0.000000 -0.535860 
1096 0.000000 -0.518968 
1097 0.000000 -0.501945 
1098 0.000000 -0.484796 
1099 0.000000 -0.467525 
1100 0.000000 -0.450136 
1101 0.000000 -0.432634 
1102 0.000000 -0.415023 
1103 0.000000 -0.397308 
1104 0.000000 -0.379494 
1105 0.000000 -0.361585 
1106 0.000000 -0.343586 
1107 0.000000 -0.325501 
1108 0.000000 -0.307335 
1109 0.000000 -0.289092 
1110 0.000000 -0.270778 
1111 0.000000 -0.252396 
1112 0.000000 -0.233952 
1113 0.000000 -0.215449 
1114 0.000000 -0.196894 
1115 0.000000 -0.178289 
1116 0.000000 -0.159640 
1117 0.000000 -0.140952 
1118 0.000000 -0.122228 
1119 0.000000 -0.103473 
1120 0.000000 -0.084693 
1121 0.000000 -0.065890 
1122 0.000000 -0.047071 
1123 0.000000 -0.028238 
1124 0.000000 -0.009397 
1125 0.000000 0.009448 
1126 0.000000 0.028293 
1127 0.000000 0.047134 
1128 0.000000 0.065966 
1129 0.000000 0.084785 
1130 0.000000 0.103587 
1131 0.000001 0.122368 
1132 0.000001 0.141125 
1133 0.000001 0.159852 
1134 0.000001 0.178546 
1135 0.000001 0.197203 
1136 0.000001 0.215820 
1137 0.000001 0.234393 
1138 0.000001 0.252917 
1139 0.000001 0.271389 
1140 0.000001 0.289807 
1141 0.000001 0.308165 
1142 0.000001 0.326461 
1143 0.000001 0.344691 
1144 0.000001 0.362852 
1145 0.000001 0.380941 
1146 0.000001 0.398954 
1147 0.000001 0.416889 
1148 0.000001 0.434742 
1149 0.000001 0.452510 
1150 0.000001 0.470190 
1151 0.000001 0.487780 
1152 0.000001 0.505277 
1153 0.000001 0.522677 
1154 0.000001 0.539979 
1155 0.000001 0.557179 
1156 0.000001 0.574276 
1157 0.000002 0.591266 
1158 0.000002 0.608148 
1159 0.000002 0.624919 
1160 0.000002 0.641576 
1161 0.000002 0.658118 
1162 0.000002 0.674543 
1163 0.000002 0.690848 
1164 0.000002 0.707031 
1165 0.000002 0.723091 
1166 0.000002 0.739026 
1167 0.000002 0.754833 
1168 0.000002 0.770512 
1169 0.000002 0.786061 
1170 0.000003 0.801477 
1171 0.000003 0.816760 
1172 0.000003 0.831908 
1173 0.000003 0.846919 
1174 0.000003 0.861793 
1175 0.000003 0.876528 
1176 0.000003 0.891122 
1177 0.000003 0.905575 
1178 0.000004 0.919886 
1179 0.000004 0.934053 
1180 0.000004 0.948075 
1181 0.000004 0.961952 
1182 0.000004 0.975682 
1183 0.000004 0.989265 
1184 0.000005 1.002700 
1185 0.000005 1.015986 
1186 0.000005 1.029122 
1187 0.000005 1.042108 
1188 0.000005 1.054944 
1189 0.000005 1.067627 
1190 0.000006 1.080159 
1191 0.000006 1.092538 
1192 0.000006 1.104765 
1193 0.000006 1.116838 
1194 0.000007 1.128757 
1195 0.000007 1.140522 
1196 0.000007 1.152132 
1197 0.000007 1.163588 
1198 0.000008 1.174889 
1199 0.000008 1.186035 
1200 0.000008 1.197025 
1201 0.000009 1.207860 
1202 0.000009 1.218540 
1203 0.000009 1.229063 
1204 0.000010 1.239431 
1205 0.000010 1.249643 
1206 0.000011 1.259698 
1207 0.000011 1.269598 
1208 0.000011 1.279342 
1209 0.000012 1.288931 
1210 0.000012 1.298363 
1211 0.000013 1.307639 
1212 0.000013 1.316760 
1213 0.000014 1.325726 
1214 0.000014 1.334535 
1215 0.000015 1.343190 
1216 0.000015 1.351689 
1217 0.000016 1.360033 
1218 0.000017 1.368223 
1219 0.000017 1.376257 
1220 0.000018 1.384138 
1221 0.000019 1.391863 
1222 0.000019 1.399435 
1223 0.000020 1.406853 
1224 0.000021 1.414118 
1225 0.000022 1.421229 
1226 0.000022 1.428186 
1227 0.000023 1.434991 
1228 0.000024 1.441644 
1229 0.000025 1.448143 
1230 0.000026 1.454491 
1231 0.000027 1.460687 
1232 0.000028 1.466731 
1233 0.000029 1.472624 
1234 0.000030 1.478366 
1235 0.000031 1.483958 
1236 0.000032 1.489398 
1237 0.000033 1.494689 
1238 0.000035 1.499830 
1239 0.000036 1.504821 
1240 0.000037 1.509663 
1241 0.000039 1.514355 
1242 0.000040 1.518900 
1243 0.000042 1.523295 
1244 0.000043 1.527543 
1245 0.000045 1.531642 
1246 0.000046 1.535595 
1247 0.000048 1.539399 
1248 0.000050 1.543057 
1249 0.000052 1.546569 
1250 0.000053 1.549934 
1251 0.000055 1.553153 
1252 0.000057 1.556226 
1253 0.000059 1.559153 
1254 0.000062 1.561936 
1255 0.000064 1.564573 
1256 0.000066 1.567067 
1257 0.000068 1.569415 
1258 0.000071 1.571620 
1259 0.000073 1.573681 
1260 0.000076 1.575599 
1261 0.000079 1.577373 
1262 0.000082 1.579005 
1263 0.000085 1.580494 
1264 0.000088 1.581841 
1265 0.000091 1.583046 
1266 0.000094 1.584110 
1267 0.000097 1.585032 
1268 0.000101 1.585813 
1269 0.000104 1.586453 
1270 0.000108 1.586953 
1271 0.000112 1.587313 
1272 0.000115 1.587533 
1273 0.000120 1.587613 
1274 0.000124 1.587554 
1275 0.000128 1.587357 
1276 0.000132 1.587021 
1277 0.000137 1.586546 
1278 0.000142 1.585934 
1279 0.000147 1.585184 
1280 0.000152 1.584296 
1281 0.000157 1.583272 
1282 0.000163 1.582111 
1283 0.000168 1.580814 
1284 0.000174 1.579380 
1285 0.000180 1.577811 
1286 0.000186 1.576107 
1287 0.000192 1.574268 
1288 0.000199 1.572294 
1289 0.000206 1.570186 
1290 0.000213 1.567944 
1291 0.000220 1.565568 
1292 0.000228 1.563059 
1293 0.000235 1.560417 
1294 0.000243 1.557643 
1295 0.000251 1.554737 
1296 0.000260 1.551700 
1297 0.000269 1.548531 
1298 0.000278 1.545231 
1299 0.000287 1.541800 
1300 0.000297 1.538240 
1301 0.000307 1.534550 
1302 0.000317 1.530730 
1303 0.000327 1.526782 
1304 0.000338 1.522706 
1305 0.000349 1.518501 
1306 0.000361 1.514169 
1307 0.000373 1.509711 
1308 0.000385 1.505125 
1309 0.000398 1.500413 
1310 0.000411 1.495576 
1311 0.000425 1.490614 
1312 0.000439 1.485527 
1313 0.000453 1.480315 
1314 0.000468 1.474980 
1315 0.000483 1.469522 
1316 0.000499 1.463941 
1317 0.000515 1.458238 
1318 0.000532 1.452414 
1319 0.000549 1.446468 
1320 0.000567 1.440402 
1321 0.000585 1.434216 
1322 0.000604 1.427910 
1323 0.000623 1.421486 
1324 0.000643 1.414943 
1325 0.000664 1.408283 
1326 0.000685 1.401506 
1327 0.000707 1.394612 
1328 0.000730 1.387602 
1329 0.000753 1.380476 
1330 0.000777 1.373237 
1331 0.000802 1.365883 
1332 0.000827 1.358415 
1333 0.000853 1.350835 
1334 0.000880 1.343143 
1335 0.000908 1.335340 
1336 0.000937 1.327425 
1337 0.000966 1.319401 
1338 0.000996 1.311267 
1339 0.001027 1.303025 
1340 0.001059 1.294674 
1341 0.001093 1.286216 
1342 0.001127 1.277652 
1343 0.001162 1.268981 
1344 0.001198 1.260206 
1345 0.001235 1.251326 
1346 0.001273 1.242342 
1347 0.001312 1.233256 
1348 0.001352 1.224067 
1349 0.001394 1.214777 
1350 0.001437 1.205387 
1351 0.001481 1.195897 
1352 0.001526 1.186307 
1353 0.001573 1.176620 
1354 0.001620 1.166835 
1355 0.001670 1.156954 
1356 0.001720 1.146976 
1357 0.001772 1.136904 
1358 0.001826 1.126738 
1359 0.001881 1.116479 
1360 0.001938 1.106127 
1361 0.001996 1.095684 
1362 0.002056 1.085150 
1363 0.002117 1.074526 
1364 0.002181 1.063814 
1365 0.002246 1.053013 
1366 0.002313 1.042126 
1367 0.002381 1.031152 
1368 0.002452 1.020093 
1369 0.002525 1.008950 
1370 0.002599 0.997723 
1371 0.002676 0.986413 
1372 0.002755 0.975022 
1373 0.002836 0.963551 
1374 0.002919 0.952000 
1375 0.003004 0.940370 
1376 0.003092 0.928662 
1377 0.003182 0.916877 
1378 0.003275 0.905017 
1379 0.003370 0.893082 
1380 0.003467 0.881073 
1381 0.003568 0.868991 
1382 0.003671 0.856838 
1383 0.003777 0.844613 
1384 0.003885 0.832319 
1385 0.003997 0.819956 
1386 0.004111 0.807525 
1387 0.004229 0.795028 
1388 0.004349 0.782464 
1389 0.004473 0.769836 
1390 0.004601 0.757145 
1391 0.004731 0.744390 
1392 0.004865 0.731575 
1393 0.005002 0.718698 
1394 0.005143 0.705763 
1395 0.005288 0.692769 
1396 0.005437 0.679717 
1397 0.005589 0.666610 
1398 0.005746 0.653448 
1399 0.005906 0.640231 
1400 0.006070 0.626962 
1401 0.006239 0.613640 
1402 0.006412 0.600268 
1403 0.006590 0.586847 
1404 0.006772 0.573377 
1405 0.006959 0.559859 
1406 0.007150 0.546295 
1407 0.007347 0.532686 
1408 0.007548 0.519033 
1409 0.007755 0.505338 
1410 0.007966 0.491600 
1411 0.008183 0.477822 
1412 0.008406 0.464004 
1413 0.008634 0.450148 
1414 0.008868 0.436255 
1415 0.009107 0.422325 
1416 0.009353 0.408361 
1417 0.009604 0.394363 
1418 0.009862 0.380333 
1419 0.010127 0.366270 
1420 0.010397 0.352178 
1421 0.010675 0.338057 
1422 0.010959 0.323907 
1423 0.011250 0.309731 
1424 0.011548 0.295530 
1425 0.011854 0.281303 
1426 0.012167 0.267054 
1427 0.012487 0.252783 
1428 0.012816 0.238490 
1429 0.013152 0.224178 
1430 0.013496 0.209848 
1431 0.013849 0.195500 
1432 0.014210 0.181136 
1433 0.014579 0.166757 
1434 0.014958 0.152364 
1435 0.015345 0.137958 
1436 0.015741 0.123541 
1437 0.016147 0.109114 
1438 0.016563 0.094678 
1439 0.016988 0.080234 
1440 0.017423 0.065784 
1441 0.017868 0.051328 
1442 0.018324 0.036868 
1443 0.018790 0.022405 
1444 0.019267 0.007939 
1445 0.019755 -0.006526 
1446 0.020255 -0.020991 
1447 0.020766 -0.035455 
1448 0.021288 -0.049916 
1449 0.021823 -0.064372 
1450 0.022369 -0.078823 
1451 0.022929 -0.093268 
1452 0.023500 -0.107704 
1453 0.024085 -0.122132 
1454 0.024683 -0.136550 
1455 0.025295 -0.150957 
1456 0.025920 -0.165351 
1457 0.026559 -0.179732 
1458 0.027213 -0.194097 
1459 0.027881 -0.208447 
1460 0.028563 -0.222779 
1461 0.029261 -0.237093 
1462 0.029975 -0.251387 
1463 0.030704 -0.265661 
1464 0.031449 -0.279912 
1465 0.032210 -0.294141 
1466 0.032989 -0.308345 
1467 0.033784 -0.322524 
1468 0.034596 -0.336676 
1469 0.035426 -0.350800 
1470 0.036274 -0.364895 
1471 0.037140 -0.378960 
1472 0.038024 -0.392994 
1473 0.038928 -0.406995 
1474 0.039851 -0.420963 
1475 0.040793 -0.434896 
1476 0.041756 -0.448793 
1477 0.042739 -0.462652 
1478 0.043742 -0.476474 
1479 0.044767 -0.490256 
1480 0.045813 -0.503998 
1481 0.046882 -0.517698 
1482 0.047972 -0.531355 
1483 0.049085 -0.544968 
1484 0.050221 -0.558537 
1485 0.051381 -0.572059 
1486 0.052565 -0.585534 
1487 0.053772 -0.598960 
1488 0.055005 -0.612337 
1489 0.056263 -0.625663 
1490 0.057546 -0.638938 
1491 0.058856 -0.652160 
1492 0.060192 -0.665328 
1493 0.061555 -0.678441 
1494 0.062945 -0.691498 
1495 0.064363 -0.704497 
1496 0.065810 -0.717439 
1497 0.067285 -0.730321 
1498 0.068790 -0.743143 
1499 0.070325 -0.755903 
1500 0.071889 -0.768601 
1501 0.073485 -0.781236 
1502 0.075112 -0.793806 
1503 0.076771 -0.806310 
1504 0.078462 -0.818748 
1505 0.080186 -0.831118 
1506 0.081943 -0.843419 
1507 0.083734 -0.855650 
1508 0.085560 -0.867811 
1509 0.087421 -0.879900 
1510 0.089317 -0.891917 
1511 0.091250 -0.903860 
1512 0.093219 -0.915728 
1513 0.095226 -0.927520 
1514 0.097270 -0.939236 
1515 0.099353 -0.950874 
1516 0.101475 -0.962433 
1517 0.103636 -0.973913 
1518 0.105838 -0.985313 
1519 0.108080 -0.996631 
1520 0.110364 -1.007866 
1521 0.112690 -1.019019 
1522 0.115059 -1.030087 
1523 0.117472 -1.041070 
1524 0.119928 -1.051967 
1525 0.122429 -1.062777 
1526 0.124975 -1.073499 
1527 0.127567 -1.084133 
1528 0.130206 -1.094677 
1529 0.132892 -1.105130 
1530 0.135626 -1.115492 
1531 0.138409 -1.125762 
1532 0.141241 -1.135939 
1533 0.144123 -1.146022 
1534 0.147056 -1.156010 
1535 0.150041 -1.165903 
1536 0.153078 -1.175699 
1537 0.156167 -1.185399 
1538 0.159310 -1.195000 
1539 0.162508 -1.204502 
1540 0.165760 -1.213905 
1541 0.169069 -1.223208 
1542 0.172434 -1.232409 
1543 0.175856 -1.241509 
1544 0.179337 -1.250506 
1545 0.182876 -1.259400 
1546 0.186476 -1.268190 
1547 0.190135 -1.276874 
1548 0.193856 -1.285454 
1549 0.197638 -1.293927 
1550 0.201484 -1.302293 
1551 0.205393 -1.310552 
1552 0.209366 -1.318702 
1553 0.213405 -1.326743 
1554 0.217509 -1.334675 
1555 0.221681 -1.342496 
1556 0.225920 -1.350206 
1557 0.230227 -1.357805 
1558 0.234604 -1.365292 
1559 0.239051 -1.372665 
1560 0.243568 -1.379925 
1561 0.248158 -1.387072 
1562 0.252820 -1.394103 
1563 0.257556 -1.401020 
1564 0.262366 -1.407820 
1565 0.267251 -1.414504 
1566 0.272213 -1.421072 
1567 0.277251 -1.427522 
1568 0.282367 -1.433854 
1569 0.287561 -1.440067 
1570 0.292836 -1.446161 
1571 0.298190 -1.452136 
1572 0.303626 -1.457991 
1573 0.309144 -1.463726 
1574 0.314745 -1.469339 
1575 0.320430 -1.474831 
1576 0.326200 -1.480201 
1577 0.332055 -1.485449 
1578 0.337997 -1.490574 
1579 0.344027 -1.495576 
1580 0.350145 -1.500454 
1581 0.356352 -1.505208 
1582 0.362650 -1.509838 
1583 0.369038 -1.514343 
1584 0.375519 -1.518723 
1585 0.382092 -1.522977 
1586 0.388759 -1.527106 
1587 0.395521 -1.531108 
1588 0.402379 -1.534984 
1589 0.409332 -1.538733 
1590 0.416384 -1.542354 
1591 0.423533 -1.545849 
1592 0.430782 -1.549215 
1593 0.438131 -1.552454 
1594 0.445580 -1.555564 
1595 0.453132 -1.558545 
1596 0.460786 -1.561398 
1597 0.468544 -1.564122 
1598 0.476406 -1.566717 
1599 0.484374 -1.569182 
1600 0.492448 -1.571517 
1601 0.500630 -1.573722 
1602 0.508919 -1.575798 
1603 0.517317 -1.577743 
1604 0.525825 -1.579558 
1605 0.534444 -1.581242 
1606 0.543174 -1.582796 
1607 0.552016 -1.584218 
1608 0.560972 -1.585510 
1609 0.570042 -1.586671 
1610 0.579227 -1.587701 
1611 0.588527 -1.588599 
1612 0.597944 -1.589366 
1613 0.607479 -1.590002 
1614 0.617132 -1.590507 
1615 0.626903 -1.590880 
1616 0.636795 -1.591121 
1617 0.646807 -1.591231 
1618 0.656941 -1.591210 
1619 0.667197 -1.591057 
1620 0.677576 -1.590772 
1621 0.688078 -1.590356 
1622 0.698705 -1.589809 
1623 0.709458 -1.589130 
1624 0.720336 -1.588320 
1625 0.731341 -1.587378 
1626 0.742474 -1.586306 
1627 0.753735 -1.585102 
1628 0.765125 -1.583767 
1629 0.776644 -1.582302 
1630 0.788293 -1.580705 
1631 0.800074 -1.578979 
1632 0.811986 -1.577121 
1633 0.824030 -1.575133 
1634 0.836207 -1.573015 
1635 0.848517 -1.570767 
1636 0.860962 -1.568390 
1637 0.873541 -1.565882 
1638 0.886255 -1.563245 
1639 0.899105 -1.560479 
1640 0.912092 -1.557584 
1641 0.925215 -1.554561 
1642 0.938476 -1.551408 
1643 0.951875 -1.548128 
1644 0.965412 -1.544720 
1645 0.979088 -1.541184 
1646 0.992903 -1.537520 
1647 1.006858 -1.533730 
1648 1.020954 -1.529813 
1649 1.035189 -1.525769 
1650 1.049566 -1.521599 
1651 1.064085 -1.517304 
1652 1.078745 -1.512883 
1653 1.093547 -1.508337 
1654 1.108491 -1.503667 
1655 1.123578 -1.498872 
1656 1.138808 -1.493953 
1657 1.154181 -1.488911 
1658 1.169698 -1.483746 
1659 1.185358 -1.478458 
1660 1.201162 -1.473048 
1661 1.217111 -1.467516 
1662 1.233203 -1.461863 
1663 1.249440 -1.456089 
1664 1.265821 -1.450195 
1665 1.282346 -1.444181 
1666 1.299016 -1.438048 
1667 1.315831 -1.431795 
1668 1.332790 -1.425425 
1669 1.349894 -1.418936 
1670 1.367143 -1.412331 
1671 1.384536 -1.405608 
1672 1.402073 -1.398770 
1673 1.419755 -1.391816 
1674 1.437581 -1.384747 
1675 1.455551 -1.377563 
1676 1.473665 -1.370266 
1677 1.491923 -1.362855 
1678 1.510324 -1.355332 
1679 1.528868 -1.347696 
1680 1.547556 -1.339950 
1681 1.566385 -1.332092 
1682 1.585357 -1.324125 
1683 1.604471 -1.316048 
1684 1.623726 -1.307862 
1685 1.643123 -1.299568 
1686 1.662659 -1.291167 
1687 1.682336 -1.282659 
1688 1.702153 -1.274045 
1689 1.722109 -1.265326 
1690 1.742203 -1.256502 
1691 1.762435 -1.247575 
1692 1.782804 -1.238544 
1693 1.803310 -1.229411 
1694 1.823951 -1.220176 
1695 1.844728 -1.210840 
1696 1.865639 -1.201405 
1697 1.886684 -1.191870 
1698 1.907862 -1.182237 
1699 1.929172 -1.172505 
1700 1.950613 -1.162677 
1701 1.972184 -1.152753 
1702 1.993884 -1.142734 
1703 2.015713 -1.132620 
1704 2.037669 -1.122413 
1705 2.059751 -1.112113 
1706 2.081958 -1.101721 
1707 2.104289 -1.091237 
1708 2.126744 -1.080664 
1709 2.149320 -1.070002 
1710 2.172017 -1.059250 
1711 2.194833 -1.048412 
1712 2.217767 -1.037487 
1713 2.240818 -1.026476 
1714 2.263985 -1.015380 
1715 2.287266 -1.004200 
1716 2.310659 -0.992937 
1717 2.334164 -0.981593 
1718 2.357779 -0.970167 
1719 2.381502 -0.958661 
1720 2.405332 -0.947075 
1721 2.429267 -0.935412 
1722 2.453306 -0.923671 
1723 2.477447 -0.911854 
1724 2.501688 -0.899961 
1725 2.526028 -0.887994 
1726 2.550466 -0.875954 
1727 2.574998 -0.863841 
1728 2.599624 -0.851657 
1729 2.624341 -0.839403 
1730 2.649149 -0.827079 
1731 2.674044 -0.814686 
1732 2.699025 -0.802227 
1733 2.724090 -0.789701 
1734 2.749238 -0.777110 
1735 2.774465 -0.764455 
1736 2.799771 -0.751736 
1737 2.825152 -0.738955 
1738 2.850607 -0.726114 
1739 2.876134 -0.713212 
1740 2.901730 -0.700251 
1741 2.927394 -0.687233 
1742 2.953123 -0.674157 
1743 2.978914 -0.661026 
1744 3.004766 -0.647841 
1745 3.030677 -0.634601 
1746 3.056643 -0.621310 
1747 3.082663 -0.607967 
1748 3.108733 -0.594573 
1749 3.134853 -0.581131 
1750 3.161018 -0.567641 
1751 3.187227 -0.554103 
1752 3.213478 -0.540520 
1753 3.239767 -0.526892 
1754 3.266091 -0.513221 
1755 3.292450 -0.499507 
1756 3.318839 -0.485752 
1757 3.345256 -0.471957 
1758 3.371698 -0.458123 
1759 3.398164 -0.444251 
1760 3.424649 -0.430342 
1761 3.451151 -0.416398 
1762 3.477668 -0.402419 
1763 3.504197 -0.388407 
1764 3.530734 -0.374363 
1765 3.557277 -0.360288 
1766 3.583824 -0.346183 
1767 3.610370 -0.332050 
1768 3.636914 -0.317889 
1769 3.663452 -0.303702 
1770 3.689981 -0.289489 
1771 3.716498 -0.275253 
1772 3.743001 -0.260994 
1773 3.769487 -0.246714 
1774 3.795951 -0.232413 
1775 3.822392 -0.218093 
1776 3.848806 -0.203755 
1777 3.875190 -0.189400 
1778 3.901540 -0.175029 
1779 3.927855 -0.160644 
1780 3.954130 -0.146246 
1781 3.980363 -0.131835 
1782 4.006550 -0.117414 
1783 4.032689 -0.102983 
1784 4.058775 -0.088543 
1785 4.084806 -0.074097 
1786 4.110779 -0.059644 
1787 4.136690 -0.045186 
1788 4.162536 -0.030724 
1789 4.188313 -0.016260 
1790 4.214020 -0.001794 
1791 4.239651 0.012671 
1792 4.265205 0.027136 
1793 4.290677 0.041598 
1794 4.316065 0.056057 
1795 4.341365 0.070512 
1796 4.366574 0.084960 
1797 4.391688 0.099402 
1798 4.416705 0.113835 
1799 4.441621 0.128259 
1800 4.466432 0.142672 
1801 4.491135 0.157073 
1802 4.515728 0.171462 
1803 4.540206 0.185836 
1804 4.564566 0.200195 
1805 4.588806 0.214537 
1806 4.612921 0.228862 
1807 4.636909 0.243168 
1808 4.660766 0.257453 
1809 4.684489 0.271718 
1810 4.708074 0.285960 
1811 4.731518 0.300178 
1812 4.754819 0.314372 
1813 4.777972 0.328539 
1814 4.800975 0.342679 
1815 4.823824 0.356791 
1816 4.846515 0.370874 
1817 4.869047 0.384926 
1818 4.891415 0.398946 
1819 4.913616 0.412933 
1820 4.935647 0.426886 
1821 4.957506 0.440804 
1822 4.979187 0.454685 
1823 5.000690 0.468529 
1824 5.022010 0.482334 
1825 5.043144 0.496099 
1826 5.064089 0.509823 
1827 5.084843 0.523505 
1828 5.105401 0.537143 
1829 5.125762 0.550738 
1830 5.145921 0.564287 
1831 5.165877 0.577789 
1832 5.185625 0.591243 
1833 5.205163 0.604649 
1834 5.224489 0.618004 
1835 5.243598 0.631309 
1836 5.262489 0.644561 
1837 5.281158 0.657760 
1838 5.299603 0.670905 
1839 5.317820 0.683994 
1840 5.335808 0.697027 
1841 5.353562 0.710002 
1842 5.371081 0.722919 
1843 5.388362 0.735775 
1844 5.405402 0.748571 
1845 5.422198 0.761305 
1846 5.438748 0.773976 
1847 5.455050 0.786583 
1848 5.471100 0.799126 
1849 5.486897 0.811602 
1850 5.502437 0.824011 
1851 5.517718 0.836352 
1852 5.532739 0.848623 
1853 5.547496 0.860825 
1854 5.561987 0.872956 
1855 5.576211 0.885014 
1856 5.590164 0.896999 
1857 5.603844 0.908910 
1858 5.617250 0.920746 
1859 5.630379 0.932506 
1860 5.643230 0.944189 
1861 5.655799 0.955794 
1862 5.668085 0.967320 
1863 5.680087 0.978766 
1864 5.691801 0.990131 
1865 5.703227 1.001414 
1866 5.714362 1.012614 
1867 5.725205 1.023731 
1868 5.735754 1.034763 
1869 5.746007 1.045710 
1870 5.755963 1.056570 
1871 5.765619 1.067343 
1872 5.774975 1.078027 
1873 5.784029 1.088623 
1874 5.792779 1.099128 
1875 5.801224 1.109543 
1876 5.809363 1.119866 
1877 5.817194 1.130097 
1878 5.824716 1.140234 
1879 5.831928 1.150277 
1880 5.838828 1.160224 
1881 5.845416 1.170076 
1882 5.851690 1.179832 
1883 5.857650 1.189489 
1884 5.863294 1.199049 
1885 5.868621 1.208509 
1886 5.873631 1.217869 
1887 5.878323 1.227129 
1888 5.882695 1.236288 
1889 5.886748 1.245344 
1890 5.890481 1.254297 
1891 5.893892 1.263147 
1892 5.896982 1.271892 
1893 5.899750 1.280532 
1894 5.902196 1.289066 
1895 5.904318 1.297494 
1896 5.906117 1.305815 
1897 5.907592 1.314027 
1898 5.908744 1.322131 
1899 5.909572 1.330126 
1900 5.910075 1.338011 
1901 5.910254 1.345785 
1902 5.910109 1.353448 
1903 5.909640 1.360999 
1904 5.908846 1.368438 
1905 5.907728 1.375763 
1906 5.906287 1.382975 
1907 5.904522 1.390073 
1908 5.902433 1.397056 
1909 5.900022 1.403923 
1910 5.897287 1.410674 
1911 5.894231 1.417309 
1912 5.890853 1.423826 
1913 5.887154 1.430226 
1914 5.883134 1.436508 
1915 5.878795 1.442671 
1916 5.874136 1.448714 
1917 5.869159 1.454638 
1918 5.863865 1.460442 
1919 5.858253 1.466125 
1920 5.852326 1.471687 
1921 5.846084 1.477127 
1922 5.839529 1.482445 
1923 5.832660 1.487641 
1924 5.825480 1.492714 
1925 5.817990 1.497663 
1926 5.810190 1.502489 
1927 5.802082 1.507190 
1928 5.793668 1.511767 
1929 5.784948 1.516219 
1930 5.775925 1.520545 
1931 5.766599 1.524746 
1932 5.756972 1.528821 
1933 5.747046 1.532770 
1934 5.736822 1.536592 
1935 5.726302 1.540287 
1936 5.715488 1.543854 
1937 5.704381 1.547294 
1938 5.692983 1.550607 
1939 5.681297 1.553791 
1940 5.669323 1.556846 
1941 5.657064 1.559773 
1942 5.644521 1.562571 
1943 5.631697 1.565240 
1944 5.618594 1.567780 
1945 5.605214 1.570190 
1946 5.591559 1.572470 
1947 5.577631 1.574620 
1948 5.563432 1.576640 
1949 5.548965 1.578530 
1950 5.534232 1.580289 
1951 5.519235 1.581918 
1952 5.503976 1.583416 
1953 5.488458 1.584783 
1954 5.472684 1.586019 
1955 5.456656 1.587124 
1956 5.440376 1.588098 
1957 5.423847 1.588941 
1958 5.407071 1.589652 
1959 5.390051 1.590232 
1960 5.372790 1.590681 
1961 5.355290 1.590998 
1962 5.337555 1.591184 
1963 5.319586 1.591238 
1964 5.301386 1.591161 
1965 5.282959 1.590952 
1966 5.264307 1.590611 
1967 5.245432 1.590140 
1968 5.226339 1.589536 
1969 5.207029 1.588802 
1970 5.187506 1.587936 
1971 5.167773 1.586939 
1972 5.147831 1.585810 
1973 5.127686 1.584551 
1974 5.107339 1.583161 
1975 5.086793 1.581640 
1976 5.066052 1.579988 
1977 5.045118 1.578205 
1978 5.023995 1.576293 
1979 5.002686 1.574249 
1980 4.981194 1.572076 
1981 4.959522 1.569773 
1982 4.937674 1.567340 
1983 4.915651 1.564778 
1984 4.893458 1.562086 
1985 4.871098 1.559265 
1986 4.848574 1.556315 
1987 4.825890 1.553237 
1988 4.803047 1.550031 
1989 4.780051 1.546696 
1990 4.756903 1.543233 
1991 4.733608 1.539643 
1992 4.710168 1.535926 
1993 4.686586 1.532081 
1994 4.662867 1.528110 
1995 4.639014 1.524013 
1996 4.615029 1.519790 
1997 4.590915 1.515441 
1998 4.566678 1.510967 
1999 4.542318 1.506368 
2000 4.517841 1.501645 
2001 4.493249 1.496797 
2002 4.468545 1.491826 
2003 4.443733 1.486732 
2004 4.418817 1.481514 
2005 4.393799 1.476175 
2006 4.368682 1.470713 
2007 4.343471 1.465129 
2008 4.318168 1.459425 
2009 4.292777 1.453600 
2010 4.267301 1.447655 
2011 4.241743 1.441590 
2012 4.216107 1.435406 
2013 4.190395 1.429104 
2014 4.164612 1.422683 
2015 4.138760 1.416145 
2016 4.112843 1.409489 
2017 4.086863 1.402718 
2018 4.060825 1.395830 
2019 4.034731 1.388827 
2020 4.008585 1.381709 
2021 3.982390 1.374477 
2022 3.956148 1.367131 
2023 3.929864 1.359673 
2024 3.903539 1.352102 
2025 3.877179 1.344419 
2026 3.850785 1.336625 
2027 3.824360 1.328721 
2028 3.797909 1.320707 
2029 3.771433 1.312584 
2030 3.744936 1.304352 
2031 3.718421 1.296012 
2032 3.691891 1.287566 
2033 3.665349 1.279013 
2034 3.638798 1.270354 
2035 3.612241 1.261590 
2036 3.585681 1.252722 
2037 3.559121 1.243751 
2038 3.532564 1.234676 
2039 3.506012 1.225500 
2040 3.479469 1.216222 
2041 3.452937 1.206844 
2042 3.426419 1.197366 
2043 3.399918 1.187790 
2044 3.373437 1.178115 
2045 3.346978 1.168342 
2046 3.320545 1.158473 
2047 3.294139 1.148509 
2048 3.267764 1.138449 
2049 3.241422 1.128295 
2050 3.215116 1.118049 
2051 3.188848 1.107709 
2052 3.162621 1.097278 
2053 3.136437 1.086757 
2054 3.110300 1.076145 
2055 3.084211 1.065445 
2056 3.058173 1.054657 
2057 3.032188 1.043781 
2058 3.006259 1.032820 
2059 2.980387 1.021772 
2060 2.954577 1.010641 
2061 2.928828 0.999426 
2062 2.903145 0.988128 
2063 2.877529 0.976749 
2064 2.851983 0.965289 
2065 2.826508 0.953749 
2066 2.801106 0.942130 
2067 2.775781 0.930434 
2068 2.750533 0.918660 
2069 2.725365 0.906811 
2070 2.700280 0.894887 
2071 2.675278 0.882888 
2072 2.650362 0.870817 
2073 2.625534 0.858674 
2074 2.600796 0.846460 
2075 2.576149 0.834176 
2076 2.551596 0.821823 
2077 2.527138 0.809402 
2078 2.502777 0.796914 
2079 2.478515 0.784360 
2080 2.454353 0.771742 
2081 2.430293 0.759059 
2082 2.406337 0.746314 
2083 2.382486 0.733508 
2084 2.358742 0.720640 
2085 2.335106 0.707713 
2086 2.311580 0.694728 
2087 2.288166 0.681685 
2088 2.264864 0.668586 
2089 2.241676 0.655432 
2090 2.218604 0.642223 
2091 2.195649 0.628961 
2092 2.172812 0.615648 
2093 2.150094 0.602283 
2094 2.127497 0.588869 
2095 2.105022 0.575406 
2096 2.082670 0.561896 
2097 2.060442 0.548339 
2098 2.038339 0.534736 
2099 2.016363 0.521090 
2100 1.994514 0.507400 
2101 1.972793 0.493669 
2102 1.951202 0.479897 
2103 1.929741 0.466085 
2104 1.908411 0.452234 
2105 1.887214 0.438347 
2106 1.866149 0.424423 
2107 1.845218 0.410464 
2108 1.824422 0.396471 
2109 1.803760 0.382445 
2110 1.783235 0.368387 
2111 1.762847 0.354300 
2112 1.742596 0.340182 
2113 1.722483 0.326037 
2114 1.702508 0.311865 
2115 1.682673 0.297667 
2116 1.662978 0.283444 
2117 1.643422 0.269199 
2118 1.624008 0.254930 
2119 1.604734 0.240641 
2120 1.585603 0.226332 
2121 1.566613 0.212004 
2122 1.547766 0.197659 
2123 1.529061 0.183297 
2124 1.510500 0.168920 
2125 1.492081 0.154529 
2126 1.473807 0.140125 
2127 1.455676 0.125710 
2128 1.437689 0.111285 
2129 1.419847 0.096850 
2130 1.402149 0.082407 
2131 1.384595 0.067958 
2132 1.367187 0.053502 
2133 1.349922 0.039043 
2134 1.332803 0.024580 
2135 1.315828 0.010115 
2136 1.298999 -0.004351 
2137 1.282314 -0.018816 
2138 1.265773 -0.033280 
2139 1.249378 -0.047741 
2140 1.233127 -0.062198 
2141 1.217021 -0.076650 
2142 1.201059 -0.091096 
2143 1.185241 -0.105534 
2144 1.169567 -0.119963 
2145 1.154037 -0.134383 
2146 1.138651 -0.148791 
2147 1.123408 -0.163187 
2148 1.108308 -0.177570 
2149 1.093352 -0.191938 
2150 1.078537 -0.206290 
2151 1.063865 -0.220625 
2152 1.049335 -0.234942 
2153 1.034947 -0.249239 
2154 1.020700 -0.263516 
2155 1.006593 -0.277771 
2156 0.992627 -0.292003 
2157 0.978801 -0.306211 
2158 0.965115 -0.320393 
2159 0.951567 -0.334549 
2160 0.938158 -0.348678 
2161 0.924888 -0.362777 
2162 0.911755 -0.376847 
2163 0.898759 -0.390886 
2164 0.885899 -0.404892 
2165 0.873176 -0.418865 
2166 0.860588 -0.432803 
2167 0.848135 -0.446705 
2168 0.835816 -0.460570 
2169 0.823631 -0.474398 
2170 0.811579 -0.488186 
2171 0.799659 -0.501934 
2172 0.787871 -0.515640 
2173 0.776214 -0.529304 
2174 0.764688 -0.542924 
2175 0.753291 -0.556499 
2176 0.742024 -0.570028 
2177 0.730885 -0.583510 
2178 0.719873 -0.596944 
2179 0.708988 -0.610328 
2180 0.698230 -0.623663 
2181 0.687597 -0.636945 
2182 0.677089 -0.650175 
2183 0.666705 -0.663351 
2184 0.656443 -0.676472 
2185 0.646305 -0.689538 
2186 0.636288 -0.702546 
2187 0.626391 -0.715496 
2188 0.616615 -0.728388 
2189 0.606958 -0.741219 
2190 0.597420 -0.753988 
2191 0.587999 -0.766696 
2192 0.578694 -0.779340 
2193 0.569506 -0.791919 
2194 0.560433 -0.804434 
2195 0.551474 -0.816881 
2196 0.542628 -0.829262 
2197 0.533895 -0.841573 
2198 0.525274 -0.853815 
2199 0.516763 -0.865987 
2200 0.508363 -0.878087 
2201 0.500071 -0.890114 
2202 0.491888 -0.902068 
2203 0.483812 -0.913948 
2204 0.475842 -0.925751 
2205 0.467978 -0.937479 
2206 0.460219 -0.949129 
2207 0.452563 -0.960700 
2208 0.445010 -0.972192 
2209 0.437560 -0.983604 
2210 0.430210 -0.994934 
2211 0.422961 -1.006182 
2212 0.415811 -1.017347 
2213 0.408759 -1.028428 
2214 0.401805 -1.039424 
2215 0.394947 -1.050334 
2216 0.388185 -1.061157 
2217 0.381518 -1.071892 
2218 0.374945 -1.082539 
2219 0.368465 -1.093097 
2220 0.362077 -1.103564 
2221 0.355780 -1.113940 
2222 0.349573 -1.124224 
2223 0.343456 -1.134414 
2224 0.337427 -1.144512 
2225 0.331486 -1.154514 
2226 0.325631 -1.164421 
2227 0.319863 -1.174232 
2228 0.314179 -1.183946 
2229 0.308579 -1.193562 
2230 0.303063 -1.203080 
2231 0.297629 -1.212498 
2232 0.292276 -1.221815 
2233 0.287003 -1.231032 
2234 0.281811 -1.240147 
2235 0.276697 -1.249160 
2236 0.271660 -1.258069 
2237 0.266701 -1.266874 
2238 0.261818 -1.275575 
2239 0.257010 -1.284170 
2240 0.252277 -1.292659 
2241 0.247617 -1.301042 
2242 0.243030 -1.309317 
2243 0.238515 -1.317483 
2244 0.234071 -1.325541 
2245 0.229697 -1.333489 
2246 0.225392 -1.341327 
2247 0.221156 -1.349054 
2248 0.216987 -1.356669 
2249 0.212886 -1.364173 
2250 0.208850 -1.371564 
2251 0.204880 -1.378841 
2252 0.200974 -1.386004 
2253 0.197132 -1.393053 
2254 0.193352 -1.399987 
2255 0.189635 -1.406805 
2256 0.185979 -1.413507 
2257 0.182383 -1.420092 
2258 0.178847 -1.426559 
2259 0.175370 -1.432909 
2260 0.171951 -1.439140 
2261 0.168589 -1.445253 
2262 0.165284 -1.451245 
2263 0.162035 -1.457118 
2264 0.158841 -1.462871 
2265 0.155702 -1.468503 
2266 0.152616 -1.474013 
2267 0.149583 -1.479401 
2268 0.146602 -1.484667 
2269 0.143673 -1.489811 
2270 0.140795 -1.494831 
2271 0.137966 -1.499728 
2272 0.135187 -1.504501 
2273 0.132457 -1.509150 
2274 0.129775 -1.513673 
2275 0.127140 -1.518072 
2276 0.124552 -1.522345 
2277 0.122009 -1.526493 
2278 0.119512 -1.530514 
2279 0.117060 -1.534409 
2280 0.114652 -1.538177 
2281 0.112287 -1.541818 
2282 0.109964 -1.545331 
2283 0.107684 -1.548717 
2284 0.105446 -1.551975 
2285 0.103248 -1.555104 
2286 0.101090 -1.558105 
2287 0.098972 -1.560977 
2288 0.096894 -1.563721 
2289 0.094853 -1.566335 
2290 0.092851 -1.568819 
2291 0.090885 -1.571174 
2292 0.088957 -1.573399 
2293 0.087064 -1.575494 
2294 0.085208 -1.577459 
2295 0.083386 -1.579293 
2296 0.081598 -1.580997 
2297 0.079845 -1.582570 
2298 0.078125 -1.584013 
2299 0.076438 -1.585324 
2300 0.074783 -1.586505 
2301 0.073160 -1.587554 
2302 0.071568 -1.588472 
2303 0.070007 -1.589259 
2304 0.068476 -1.589915 
2305 0.066975 -1.590439 
2306 0.065504 -1.590832 
2307 0.064061 -1.591093 
2308 0.062646 -1.591223 
2309 0.061260 -1.591221 
2310 0.059901 -1.591088 
2311 0.058568 -1.590823 
2312 0.057262 -1.590427 
2313 0.055983 -1.589899 
2314 0.054728 -1.589240 
2315 0.053499 -1.588450 
2316 0.052295 -1.587528 
2317 0.051115 -1.586475 
2318 0.049959 -1.585291 
2319 0.048826 -1.583976 
2320 0.047717 -1.582531 
2321 0.046630 -1.580954 
2322 0.045565 -1.579247 
2323 0.044522 -1.577409 
2324 0.043501 -1.575441 
2325 0.042501 -1.573342 
2326 0.041521 -1.571114 
2327 0.040562 -1.568755 
2328 0.039623 -1.566267 
2329 0.038703 -1.563650 
2330 0.037803 -1.560903 
2331 0.036921 -1.558028 
2332 0.036058 -1.555024 
2333 0.035214 -1.551891 
2334 0.034387 -1.548630 
2335 0.033578 -1.545240 
2336 0.032786 -1.541724 
2337 0.032011 -1.538079 
2338 0.031252 -1.534308 
2339 0.030510 -1.530410 
2340 0.029784 -1.526385 
2341 0.029074 -1.522234 
2342 0.028379 -1.517958 
2343 0.027699 -1.513556 
2344 0.027033 -1.509029 
2345 0.026383 -1.504377 
2346 0.025746 -1.499601 
2347 0.025124 -1.494701 
2348 0.024515 -1.489677 
2349 0.023920 -1.484530 
2350 0.023338 -1.479261 
2351 0.022768 -1.473869 
2352 0.022212 -1.468356 
2353 0.021668 -1.462721 
2354 0.021136 -1.456965 
2355 0.020616 -1.451089 
2356 0.020107 -1.445093 
2357 0.019610 -1.438978 
2358 0.019125 -1.432743 
2359 0.018650 -1.426390 
2360 0.018186 -1.419920 
2361 0.017733 -1.413332 
2362 0.017290 -1.406627 
2363 0.016857 -1.399806 
2364 0.016434 -1.392869 
2365 0.016021 -1.385817 
2366 0.015617 -1.378651 
2367 0.015223 -1.371370 
2368 0.014838 -1.363977 
2369 0.014462 -1.356470 
2370 0.014094 -1.348852 
2371 0.013735 -1.341122 
2372 0.013385 -1.333281 
2373 0.013042 -1.325330 
2374 0.012708 -1.317269 
2375 0.012382 -1.309100 
2376 0.012063 -1.300822 
2377 0.011752 -1.292437 
2378 0.011449 -1.283945 
2379 0.011152 -1.275347 
2380 0.010863 -1.266644 
2381 0.010580 -1.257836 
2382 0.010305 -1.248924 
2383 0.010036 -1.239908 
2384 0.009773 -1.230791 
2385 0.009517 -1.221571 
2386 0.009267 -1.212251 
2387 0.009023 -1.202830 
2388 0.008785 -1.193310 
2389 0.008553 -1.183692 
2390 0.008326 -1.173975 
2391 0.008105 -1.164162 
2392 0.007890 -1.154252 
2393 0.007680 -1.144247 
2394 0.007475 -1.134147 
2395 0.007275 -1.123954 
2396 0.007080 -1.113668 
2397 0.006890 -1.103289 
2398 0.006704 -1.092820 
2399 0.006523 -1.082260 
2400 0.006347 -1.071611 
2401 0.006175 -1.060873 
2402 0.006008 -1.050047 
2403 0.005845 -1.039135 
2404 0.005685 -1.028137 
2405 0.005530 -1.017054 
2406 0.005379 -1.005887 
2407 0.005232 -0.994636 
2408 0.005088 -0.983304 
2409 0.004948 -0.971890 
2410 0.004812 -0.960396 
2411 0.004679 -0.948823 
2412 0.004550 -0.937171 
2413 0.004424 -0.925442 
2414 0.004301 -0.913636 
2415 0.004181 -0.901754 
2416 0.004065 -0.889799 
2417 0.003951 -0.877769 
2418 0.003841 -0.865667 
2419 0.003733 -0.853494 
2420 0.003628 -0.841250 
2421 0.003526 -0.828936 
2422 0.003426 -0.816554 
2423 0.003330 -0.804105 
2424 0.003235 -0.791589 
2425 0.003144 -0.779008 
2426 0.003054 -0.766362 
2427 0.002967 -0.753653 
2428 0.002883 -0.740881 
2429 0.002800 -0.728049 
2430 0.002720 -0.715156 
2431 0.002642 -0.702204 
2432 0.002566 -0.689194 
2433 0.002493 -0.676127 
2434 0.002421 -0.663005 
2435 0.002351 -0.649827 
2436 0.002283 -0.636596 
2437 0.002217 -0.623312 
2438 0.002152 -0.609977 
2439 0.002089 -0.596591 
2440 0.002029 -0.583156 
2441 0.001969 -0.569672 
2442 0.001912 -0.556142 
2443 0.001856 -0.542566 
2444 0.001801 -0.528945 
2445 0.001748 -0.515280 
2446 0.001697 -0.501572 
2447 0.001647 -0.487823 
2448 0.001598 -0.474034 
2449 0.001550 -0.460206 
2450 0.001504 -0.446339 
2451 0.001460 -0.432436 
2452 0.001416 -0.418497 
2453 0.001374 -0.404523 
2454 0.001333 -0.390516 
2455 0.001293 -0.376477 
2456 0.001254 -0.362406 
2457 0.001216 -0.348306 
2458 0.001180 -0.334177 
2459 0.001144 -0.320020 
2460 0.001110 -0.305837 
2461 0.001076 -0.291628 
2462 0.001043 -0.277395 
2463 0.001012 -0.263140 
2464 0.000981 -0.248863 
2465 0.000951 -0.234565 
2466 0.000922 -0.220247 
2467 0.000894 -0.205912 
2468 0.000866 -0.191559 
2469 0.000840 -0.177191 
2470 0.000814 -0.162808 
2471 0.000789 -0.148412 
2472 0.000764 -0.134003 
2473 0.000741 -0.119583 
2474 0.000718 -0.105154 
2475 0.000696 -0.090715 
2476 0.000674 -0.076270 
2477 0.000653 -0.061817 
2478 0.000633 -0.047360 
2479 0.000613 -0.032899 
2480 0.000594 -0.018435 
2481 0.000575 -0.003970 
2482 0.000557 0.010496 
2483 0.000539 0.024961 
2484 0.000522 0.039424 
2485 0.000506 0.053883 
2486 0.000490 0.068338 
2487 0.000474 0.082788 
2488 0.000459 0.097230 
2489 0.000445 0.111665 
2490 0.000431 0.126090 
2491 0.000417 0.140505 
2492 0.000404 0.154908 
2493 0.000391 0.169299 
2494 0.000378 0.183675 
2495 0.000366 0.198037 
2496 0.000354 0.212382 
2497 0.000343 0.226709 
2498 0.000332 0.241018 
2499 0.000321 0.255306 
2500 0.000311 0.269574 
2501 0.000301 0.283819 
2502 0.000291 0.298041 
2503 0.000281 0.312239 
2504 0.000272 0.326410 
2505 0.000263 0.340555 
2506 0.000255 0.354671 
2507 0.000246 0.368758 
2508 0.000238 0.382815 
2509 0.000231 0.396840 
2510 0.000223 0.410832 
2511 0.000216 0.424790 
2512 0.000208 0.438713 
2513 0.000202 0.452600 
2514 0.000195 0.466449 
2515 0.000188 0.480260 
2516 0.000182 0.494031 
2517 0.000176 0.507762 
2518 0.000170 0.521450 
2519 0.000165 0.535095 
2520 0.000159 0.548696 
2521 0.000154 0.562252 
2522 0.000149 0.575761 
2523 0.000144 0.589223 
2524 0.000139 0.602636 
2525 0.000134 0.615999 
2526 0.000130 0.629311 
2527 0.000125 0.642572 
2528 0.000121 0.655779 
2529 0.000117 0.668932 
2530 0.000113 0.682029 
2531 0.000109 0.695071 
2532 0.000105 0.708055 
2533 0.000102 0.720980 
2534 0.000098 0.733846 
2535 0.000095 0.746651 
2536 0.000092 0.759394 
2537 0.000089 0.772075 
2538 0.000085 0.784692 
2539 0.000083 0.797244 
2540 0.000080 0.809730 
2541 0.000077 0.822149 
2542 0.000074 0.834500 
2543 0.000072 0.846782 
2544 0.000069 0.858995 
2545 0.000067 0.871136 
2546 0.000064 0.883205 
2547 0.000062 0.895202 
2548 0.000060 0.907124 
2549 0.000058 0.918971 
2550 0.000056 0.930743 
2551 0.000054 0.942437 
2552 0.000052 0.954054 
2553 0.000050 0.965592 
2554 0.000048 0.977050 
2555 0.000047 0.988427 
2556 0.000045 0.999722 
2557 0.000044 1.010935 
2558 0.000042 1.022065 
2559 0.000040 1.033109 
2560 0.000039 1.044069 
2561 0.000038 1.054942 
2562 0.000036 1.065728 
2563 0.000035 1.076426 
2564 0.000034 1.087035 
2565 0.000033 1.097554 
2566 0.000031 1.107983 
2567 0.000030 1.118320 
2568 0.000029 1.128564 
2569 0.000028 1.138715 
2570 0.000027 1.148772 
2571 0.000026 1.158735 
2572 0.000025 1.168601 
2573 0.000024 1.178371 
2574 0.000023 1.188043 
2575 0.000023 1.197617 
2576 0.000022 1.207093 
2577 0.000021 1.216468 
2578 0.000020 1.225743 
2579 0.000019 1.234917 
2580 0.000019 1.243988 
2581 0.000018 1.252957 
2582 0.000017 1.261822 
2583 0.000017 1.270583 
2584 0.000016 1.279239 
2585 0.000016 1.287790 
2586 0.000015 1.296233 
2587 0.000014 1.304570 
2588 0.000014 1.312799 
2589 0.000013 1.320919 
2590 0.000013 1.328931 
2591 0.000012 1.336832 
2592 0.000012 1.344623 
2593 0.000011 1.352303 
2594 0.000011 1.359871 
2595 0.000011 1.367326 
2596 0.000010 1.374669 
2597 0.000010 1.381898 
2598 0.000009 1.389013 
2599 0.000009 1.396013 
2600 0.000009 1.402897 
2601 0.000008 1.409666 
2602 0.000008 1.416318 
2603 0.000008 1.422854 
2604 0.000008 1.429271 
2605 0.000007 1.435571 
2606 0.000007 1.441751 
2607 0.000007 1.447813 
2608 0.000006 1.453755 
2609 0.000006 1.459577 
2610 0.000006 1.465278 
2611 0.000006 1.470858 
2612 0.000006 1.476317 
2613 0.000005 1.481653 
2614 0.000005 1.486867 
2615 0.000005 1.491959 
2616 0.000005 1.496927 
2617 0.000005 1.501771 
2618 0.000004 1.506491 
2619 0.000004 1.511087 
2620 0.000004 1.515557 
2621 0.000004 1.519903 
2622 0.000004 1.524123 
2623 0.000004 1.528217 
2624 0.000003 1.532184 
2625 0.000003 1.536025 
2626 0.000003 1.539739 
2627 0.000003 1.543326 
2628 0.000003 1.546785 
2629 0.000003 1.550117 
2630 0.000003 1.553320 
2631 0.000003 1.556395 
2632 0.000002 1.559341 
2633 0.000002 1.562159 
2634 0.000002 1.564847 
2635 0.000002 1.567406 
2636 0.000002 1.569835 
2637 0.000002 1.572135 
2638 0.000002 1.574305 
2639 0.000002 1.576345 
2640 0.000002 1.578254 
2641 0.000002 1.580033 
2642 0.000002 1.581681 
2643 0.000002 1.583199 
2644 0.000002 1.584586 
2645 0.000001 1.585842 
2646 0.000001 1.586967 
2647 0.000001 1.587960 
2648 0.000001 1.588823 
2649 0.000001 1.589554 
2650 0.000001 1.590154 
2651 0.000001 1.590622 
2652 0.000001 1.590959 
2653 0.000001 1.591164 
2654 0.000001 1.591238 
2655 0.000001 1.591181 
2656 0.000001 1.590992 
2657 0.000001 1.590671 
2658 0.000001 1.590219 
2659 0.000001 1.589635 
2660 0.000001 1.588921 
2661 0.000001 1.588074 
2662 0.000001 1.587097 
2663 0.000001 1.585988 
2664 0.000001 1.584749 
2665 0.000001 1.583378 
2666 0.000001 1.581877 
2667 0.000001 1.580245 
2668 0.000001 1.578482 
2669 0.000001 1.576589 
2670 0.000001 1.574565 
2671 0.000000 1.572411 
2672 0.000000 1.570128 
2673 0.000000 1.567714 
2674 0.000000 1.565171 
2675 0.000000 1.562499 
2676 0.000000 1.559698 
2677 0.000000 1.556767 
2678 0.000000 1.553708 
2679 0.000000 1.550521 
2680 0.000000 1.547205 
2681 0.000000 1.543762 
2682 0.000000 1.540191 
2683 0.000000 1.536493 
2684 0.000000 1.532667 
2685 0.000000 1.528716 
2686 0.000000 1.524637 
2687 0.000000 1.520433 
2688 0.000000 1.516103 
2689 0.000000 1.511648 
2690 0.000000 1.507068 
2691 0.000000 1.502363 
2692 0.000000 1.497534 
2693 0.000000 1.492582 
2694 0.000000 1.487506 
2695 0.000000 1.482307 
2696 0.000000 1.476985 
2697 0.000000 1.471542 
2698 0.000000 1.465977 
2699 0.000000 1.460291 
2700 0.000000 1.454484 
2701 0.000000 1.448557 
2702 0.000000 1.442510 
2703 0.000000 1.436344 
2704 0.000000 1.430059 
2705 0.000000 1.423656 
2706 0.000000 1.417135 
2707 0.000000 1.410498 
2708 0.000000 1.403743 
2709 0.000000 1.396873 
2710 0.000000 1.389887 
2711 0.000000 1.382787 
2712 0.000000 1.375572 
2713 0.000000 1.368243 
2714 0.000000 1.360802 
2715 0.000000 1.353247 
2716 0.000000 1.345582 
2717 0.000000 1.337804 
2718 0.000000 1.329917 
2719 0.000000 1.321919 
2720 0.000000 1.313812 
2721 0.000000 1.305597 
2722 0.000000 1.297273 
2723 0.000000 1.288843 
2724 0.000000 1.280306 
2725 0.000000 1.271663 
2726 0.000000 1.262915 
2727 0.000000 1.254062 
2728 0.000000 1.245106 
2729 0.000000 1.236048 
2730 0.000000 1.226887 
2731 0.000000 1.217624 
2732 0.000000 1.208261 
2733 0.000000 1.198798 
2734 0.000000 1.189236 
2735 0.000000 1.179576 
2736 0.000000 1.169818 
2737 0.000000 1.159964 
2738 0.000000 1.150013 
2739 0.000000 1.139968 
2740 0.000000 1.129828 
2741 0.000000 1.119595 
2742 0.000000 1.109270 
2743 0.000000 1.098853 
2744 0.000000 1.088345 
2745 0.000000 1.077747 
2746 0.000000 1.067060 
2747 0.000000 1.056285 
2748 0.000000 1.045422 
2749 0.000000 1.034473 
2750 0.000000 1.023439 
2751 0.000000 1.012320 
2752 0.000000 1.001118 
2753 0.000000 0.989832 
2754 0.000000 0.978465 
2755 0.000000 0.967017 
2756 0.000000 0.955489 
2757 0.000000 0.943882 
2758 0.000000 0.932198 
2759 0.000000 0.920436 
2760 0.000000 0.908598 
2761 0.000000 0.896685 
2762 0.000000 0.884697 
2763 0.000000 0.872637 
2764 0.000000 0.860505 
2765 0.000000 0.848301 
2766 0.000000 0.836027 
2767 0.000000 0.823685 
2768 0.000000 0.811274 
2769 0.000000 0.798796 
2770 0.000000 0.786252 
2771 0.000000 0.773643 
2772 0.000000 0.760971 
2773 0.000000 0.748235 
2774 0.000000 0.735437 
2775 0.000000 0.722579 
2776 0.000000 0.709661 
2777 0.000000 0.696684 
2778 0.000000 0.683650 
2779 0.000000 0.670559 
2780 0.000000 0.657413 
2781 0.000000 0.644213 
2782 0.000000 0.630959 
2783 0.000000 0.617653 
2784 0.000000 0.604296 
2785 0.000000 0.590889 
2786 0.000000 0.577434 
2787 0.000000 0.563930 
2788 0.000000 0.550380 
2789 0.000000 0.536785 
2790 0.000000 0.523145 
2791 0.000000 0.509462 
2792 0.000000 0.495737 
2793 0.000000 0.481970 
2794 0.000000 0.468164 
2795 0.000000 0.454320 
2796 0.000000 0.440437 
2797 0.000000 0.426519 
2798 0.000000 0.412565 
2799 0.000000 0.398577 
2800 0.000000 0.384556 
2801 0.000000 0.370503 
2802 0.000000 0.356420 
2803 0.000000 0.342307 
2804 0.000000 0.328166 
2805 0.000000 0.313998 
2806 0.000000 0.299804 
2807 0.000000 0.285585 
2808 0.000000 0.271342 
2809 0.000000 0.257077 
2810 0.000000 0.242791 
2811 0.000000 0.228485 
2812 0.000000 0.214160 
2813 0.000000 0.199817 
2814 0.000000 0.185458 
2815 0.000000 0.171083 
2816 0.000000 0.156694 
2817 0.000000 0.142292 
2818 0.000000 0.127879 
2819 0.000000 0.113455 
2820 0.000000 0.099021 
2821 0.000000 0.084580 
2822 0.000000 0.070131 
2823 0.000000 0.055676 
2824 0.000000 0.041217 
2825 0.000000 0.026755 
2826 0.000000 0.012290 
2827 0.000000 -0.002175 
2828 0.000000 -0.016641 
2829 0.000000 -0.031105 
2830 0.000000 -0.045567 
2831 0.000000 -0.060024 
2832 0.000000 -0.074477 
2833 0.000000 -0.088924 
2834 0.000000 -0.103363 
2835 0.000000 -0.117794 
2836 0.000000 -0.132215 
2837 0.000000 -0.146625 
2838 0.000000 -0.161023 
2839 0.000000 -0.175408 
2840 0.000000 -0.189778 
2841 0.000000 -0.204133 
2842 0.000000 -0.218470 
2843 0.000000 -0.232790 
2844 0.000000 -0.247090 
2845 0.000000 -0.261370 
2846 0.000000 -0.275628 
2847 0.000000 -0.289864 
2848 0.000000 -0.304076 
2849 0.000000 -0.318262 
2850 0.000000 -0.332422 
2851 0.000000 -0.346555 
2852 0.000000 -0.360659 
2853 0.000000 -0.374733 
2854 0.000000 -0.388776 
2855 0.000000 -0.402788 
2856 0.000000 -0.416765 
2857 0.000000 -0.430709 
2858 0.000000 -0.444617 
2859 0.000000 -0.458488 
2860 0.000000 -0.472321 
2861 0.000000 -0.486115 
2862 0.000000 -0.499869 
2863 0.000000 -0.513582 
2864 0.000000 -0.527252 
2865 0.000000 -0.540879 
2866 0.000000 -0.554461 
2867 0.000000 -0.567997 
2868 0.000000 -0.581486 
2869 0.000000 -0.594927 
2870 0.000000 -0.608319 
2871 0.000000 -0.621661 
2872 0.000000 -0.634951 
2873 0.000000 -0.648189 
2874 0.000000 -0.661373 
2875 0.000000 -0.674503 
2876 0.000000 -0.687576 
2877 0.000000 -0.700593 
2878 0.000000 -0.713553 
2879 0.000000 -0.726453 
2880 0.000000 -0.739293 
2881 0.000000 -0.752072 
2882 0.000000 -0.764789 
2883 0.000000 -0.777442 
2884 0.000000 -0.790032 
2885 0.000000 -0.802556 
2886 0.000000 -0.815014 
2887 0.000000 -0.827404 
2888 0.000000 -0.839726 
2889 0.000000 -0.851979 
2890 0.000000 -0.864161 
2891 0.000000 -0.876272 
2892 0.000000 -0.888310 
2893 0.000000 -0.900275 
2894 0.000000 -0.912166 
2895 0.000000 -0.923981 
2896 0.000000 -0.935720 
2897 0.000000 -0.947382 
2898 0.000000 -0.958965 
2899 0.000000 -0.970469 
2900 0.000000 -0.981893 
2901 0.000000 -0.993235 
2902 0.000000 -1.004496 
2903 0.000000 -1.015673 
2904 0.000000 -1.026767 
2905 0.000000 -1.037776 
2906 0.000000 -1.048699 
2907 0.000000 -1.059535 
2908 0.000000 -1.070284 
2909 0.000000 -1.080944 
2910 0.000000 -1.091515 
2911 0.000000 -1.101996 
2912 0.000000 -1.112385 
2913 0.000000 -1.122683 
2914 0.000000 -1.132888 
2915 0.000000 -1.142999 
2916 0.000000 -1.153016 
2917 0.000000 -1.162938 
2918 0.000000 -1.172763 
2919 0.000000 -1.182492 
2920 0.000000 -1.192122 
2921 0.000000 -1.201655 
2922 0.000000 -1.211088 
2923 0.000000 -1.220421 
2924 0.000000 -1.229653 
2925 0.000000 -1.238783 
2926 0.000000 -1.247811 
2927 0.000000 -1.256736 
2928 0.000000 -1.265557 
2929 0.000000 -1.274273 
2930 0.000000 -1.282885 
2931 0.000000 -1.291390 
2932 0.000000 -1.299788 
2933 0.000000 -1.308079 
2934 0.000000 -1.316262 
2935 0.000000 -1.324336 
2936 0.000000 -1.332301 
2937 0.000000 -1.340155 
2938 0.000000 -1.347899 
2939 0.000000 -1.355531 
2940 0.000000 -1.363052 
2941 0.000000 -1.370459 
2942 0.000000 -1.377754 
2943 0.000000 -1.384934 
2944 0.000000 -1.392000 
2945 0.000000 -1.398952 
2946 0.000000 -1.405787 
2947 0.000000 -1.412506 
2948 0.000000 -1.419109 
2949 0.000000 -1.425594 
2950 0.000000 -1.431962 
2951 0.000000 -1.438211 
2952 0.000000 -1.444341 
2953 0.000000 -1.450352 
2954 0.000000 -1.456243 
2955 0.000000 -1.462014 
2956 0.000000 -1.467663 
2957 0.000000 -1.473192 
2958 0.000000 -1.478599 
2959 0.000000 -1.483883 
2960 0.000000 -1.489045 
2961 0.000000 -1.494084 
2962 0.000000 -1.499000 
2963 0.000000 -1.503791 
2964 0.000000 -1.508458 
2965 0.000000 -1.513001 
2966 0.000000 -1.517419 
2967 0.000000 -1.521711 
2968 0.000000 -1.525877 
2969 0.000000 -1.529917 
2970 0.000000 -1.533831 
2971 0.000000 -1.537618 
2972 0.000000 -1.541278 
2973 0.000000 -1.544811 
2974 0.000000 -1.548216 
2975 0.000000 -1.551493 
2976 0.000000 -1.554642 
2977 0.000000 -1.557662 
2978 0.000000 -1.560554 
2979 0.000000 -1.563316 
2980 0.000000 -1.565950 
2981 0.000000 -1.568454 
2982 0.000000 -1.570828 
2983 0.000000 -1.573073 
2984 0.000000 -1.575187 
2985 0.000000 -1.577172 
2986 0.000000 -1.579026 
2987 0.000000 -1.580749 
2988 0.000000 -1.582342 
2989 0.000000 -1.583804 
2990 0.000000 -1.585135 
2991 0.000000 -1.586336 
2992 0.000000 -1.587405 
2993 0.000000 -1.588343 
2994 0.000000 -1.589149 
2995 0.000000 -1.589825 
2996 0.000000 -1.590369 
2997 0.000000 -1.590781 
2998 0.000000 -1.591062 
2999 0.000000 -1.591212 
3000 0.000000 -1.591230 
3001 0.000000 -1.591116 
3002 0.000000 -1.590871 
3003 0.000000 -1.590495 
3004 0.000000 -1.589987 
3005 0.000000 -1.589348 
3006 0.000000 -1.588577 
3007 0.000000 -1.587675 
3008 0.000000 -1.586642 
3009 0.000000 -1.585478 
3010 0.000000 -1.584183 
3011 0.000000 -1.582756 
3012 0.000000 -1.581199 
3013 0.000000 -1.579512 
3014 0.000000 -1.577693 
3015 0.000000 -1.575745 
3016 0.000000 -1.573666 
3017 0.000000 -1.571457 
3018 0.000000 -1.569118 
3019 0.000000 -1.566650 
3020 0.000000 -1.564052 
3021 0.000000 -1.561325 
3022 0.000000 -1.558469 
3023 0.000000 -1.555484 
3024 0.000000 -1.552370 
3025 0.000000 -1.549128 
3026 0.000000 -1.545758 
3027 0.000000 -1.542261 
3028 0.000000 -1.538635 
3029 0.000000 -1.534883 
3030 0.000000 -1.531004 
3031 0.000000 -1.526999 
3032 0.000000 -1.522867 
3033 0.000000 -1.518609 
3034 0.000000 -1.514226 
3035 0.000000 -1.509718 
3036 0.000000 -1.505084 
3037 0.000000 -1.500327 
3038 0.000000 -1.495445 
3039 0.000000 -1.490440 
3040 0.000000 -1.485312 
3041 0.000000 -1.480061 
3042 0.000000 -1.474688 
3043 0.000000 -1.469193 
3044 0.000000 -1.463576 
3045 0.000000 -1.457838 
3046 0.000000 -1.451980 
3047 0.000000 -1.446002 
3048 0.000000 -1.439905 
3049 0.000000 -1.433688 
3050 0.000000 -1.427353 
3051 0.000000 -1.420900 
3052 0.000000 -1.414330 
3053 0.000000 -1.407643 
3054 0.000000 -1.400839 
3055 0.000000 -1.393920 
3056 0.000000 -1.386885 
3057 0.000000 -1.379736 
3058 0.000000 -1.372472 
3059 0.000000 -1.365096 
3060 0.000000 -1.357606 
3061 0.000000 -1.350005 
3062 0.000000 -1.342291 
3063 0.000000 -1.334467 
3064 0.000000 -1.326533 
3065 0.000000 -1.318488 
3066 0.000000 -1.310335 
3067 0.000000 -1.302074 
3068 0.000000 -1.293705 
3069 0.000000 -1.285229 
3070 0.000000 -1.276647 
3071 0.000000 -1.267959 
3072 0.000000 -1.259167 
3073 0.000000 -1.250271 
3074 0.000000 -1.241271 
3075 0.000000 -1.232168 
3076 0.000000 -1.222964 
3077 0.000000 -1.213659 
3078 0.000000 -1.204253 
3079 0.000000 -1.194748 
3080 0.000000 -1.185144 
3081 0.000000 -1.175442 
3082 0.000000 -1.165644 
3083 0.000000 -1.155748 
3084 0.000000 -1.145757 
3085 0.000000 -1.135672 
3086 0.000000 -1.125493 
3087 0.000000 -1.115220 
3088 0.000000 -1.104856 
3089 0.000000 -1.094400 
3090 0.000000 -1.083854 
3091 0.000000 -1.073218 
3092 0.000000 -1.062493 
3093 0.000000 -1.051681 
3094 0.000000 -1.040782 
3095 0.000000 -1.029796 
3096 0.000000 -1.018726 
3097 0.000000 -1.007571 
3098 0.000000 -0.996334 
3099 0.000000 -0.985013 
3100 0.000000 -0.973612 
3101 0.000000 -0.962130 
3102 0.000000 -0.950568 
3103 0.000000 -0.938928 
3104 0.000000 -0.927210 
3105 0.000000 -0.915416 
3106 0.000000 -0.903546 
3107 0.000000 -0.891601 
3108 0.000000 -0.879583 
3109 0.000000 -0.867492 
3110 0.000000 -0.855329 
3111 0.000000 -0.843096 
3112 0.000000 -0.830793 
3113 0.000000 -0.818421 
3114 0.000000 -0.805981 
3115 0.000000 -0.793475 
3116 0.000000 -0.780904 
3117 0.000000 -0.768268 
3118 0.000000 -0.755568 
3119 0.000000 -0.742806 
3120 0.000000 -0.729982 
3121 0.000000 -0.717099 
3122 0.000000 -0.704156 
3123 0.000000 -0.691154 
3124 0.000000 -0.678096 
3125 0.000000 -0.664982 
3126 0.000000 -0.651812 
3127 0.000000 -0.638589 
3128 0.000000 -0.625313 
3129 0.000000 -0.611985 
3130 0.000000 -0.598607 
3131 0.000000 -0.585179 
3132 0.000001 -0.571703 
3133 0.000001 -0.558180 
3134 0.000001 -0.544610 
3135 0.000001 -0.530996 
3136 0.000001 -0.517337 
3137 0.000001 -0.503636 
3138 0.000001 -0.489894 
3139 0.000001 -0.476110 
3140 0.000001 -0.462288 
3141 0.000001 -0.448427 
3142 0.000001 -0.434529 
3143 0.000001 -0.420595 
3144 0.000001 -0.406627 
3145 0.000001 -0.392625 
3146 0.000001 -0.378590 
3147 0.000001 -0.364524 
3148 0.000001 -0.350428 
3149 0.000001 -0.336303 
3150 0.000001 -0.322151 
3151 0.000001 -0.307971 
3152 0.000001 -0.293766 
3153 0.000001 -0.279537 
3154 0.000001 -0.265285 
3155 0.000001 -0.251011 
3156 0.000001 -0.236716 
3157 0.000001 -0.222402 
3158 0.000002 -0.208069 
3159 0.000002 -0.193719 
3160 0.000002 -0.179353 
3161 0.000002 -0.164972 
3162 0.000002 -0.150578 
3163 0.000002 -0.136171 
3164 0.000002 -0.121753 
3165 0.000002 -0.107324 
3166 0.000002 -0.092887 
3167 0.000002 -0.078442 
3168 0.000002 -0.063991 
3169 0.000002 -0.049535 
3170 0.000002 -0.035074 
3171 0.000003 -0.020610 
3172 0.000003 -0.006145 
3173 0.000003 0.008321 
3174 0.000003 0.022786 
3175 0.000003 0.037249 
3176 0.000003 0.051709 
3177 0.000003 0.066165 
3178 0.000003 0.080615 
3179 0.000004 0.095059 
3180 0.000004 0.109495 
3181 0.000004 0.123921 
3182 0.000004 0.138338 
3183 0.000004 0.152743 
3184 0.000004 0.167136 
3185 0.000005 0.181514 
3186 0.000005 0.195878 
3187 0.000005 0.210225 
3188 0.000005 0.224556 
3189 0.000005 0.238867 
3190 0.000005 0.253159 
3191 0.000006 0.267430 
3192 0.000006 0.281679 
3193 0.000006 0.295904 
3194 0.000006 0.310105 
3195 0.000007 0.324281 
3196 0.000007 0.338429 
3197 0.000007 0.352550 
3198 0.000007 0.366642 
3199 0.000008 0.380703 
3200 0.000008 0.394732 
3201 0.000008 0.408730 
3202 0.000009 0.422693 
3203 0.000009 0.436621 
3204 0.000009 0.450514 
3205 0.000010 0.464369 
3206 0.000010 0.478186 
3207 0.000011 0.491963 
3208 0.000011 0.505699 
3209 0.000011 0.519394 
3210 0.000012 0.533046 
3211 0.000012 0.546654 
3212 0.000013 0.560216 
3213 0.000013 0.573733 
3214 0.000014 0.587202 
3215 0.000014 0.600622 
3216 0.000015 0.613993 
3217 0.000015 0.627313 
3218 0.000016 0.640581 
3219 0.000017 0.653796 
3220 0.000017 0.666957 
3221 0.000018 0.680063 
3222 0.000019 0.693113 
3223 0.000019 0.706106 
3224 0.000020 0.719040 
3225 0.000021 0.731915 
3226 0.000022 0.744729 
3227 0.000022 0.757482 
3228 0.000023 0.770172 
3229 0.000024 0.782798 
3230 0.000025 0.795360 
3231 0.000026 0.807856 
3232 0.000027 0.820286 
3233 0.000028 0.832647 
3234 0.000029 0.844940 
3235 0.000030 0.857163 
3236 0.000031 0.869315 
3237 0.000032 0.881395 
3238 0.000033 0.893402 
3239 0.000035 0.905336 
3240 0.000036 0.917195 
3241 0.000037 0.928977 
3242 0.000039 0.940684 
3243 0.000040 0.952312 
3244 0.000042 0.963862 
3245 0.000043 0.975332 
3246 0.000045 0.986721 
3247 0.000046 0.998029 
3248 0.000048 1.009254 
3249 0.000050 1.020396 
3250 0.000052 1.031454 
3251 0.000053 1.042426 
3252 0.000055 1.053313 
3253 0.000057 1.064112 
3254 0.000059 1.074823 
3255 0.000062 1.085445 
3256 0.000064 1.095978 
3257 0.000066 1.106420 
3258 0.000068 1.116771 
3259 0.000071 1.127029 
3260 0.000073 1.137195 
3261 0.000076 1.147266 
3262 0.000079 1.157242 
3263 0.000082 1.167123 
3264 0.000085 1.176908 
3265 0.000088 1.186595 
3266 0.000091 1.196184 
3267 0.000094 1.205674 
3268 0.000097 1.215065 
3269 0.000101 1.224355 
3270 0.000104 1.233544 
3271 0.000108 1.242631 
3272 0.000112 1.251615 
3273 0.000115 1.260496 
3274 0.000120 1.269273 
3275 0.000124 1.277944 
3276 0.000128 1.286511 
3277 0.000132 1.294970 
3278 0.000137 1.303323 
3279 0.000142 1.311568 
3280 0.000147 1.319705 
3281 0.000152 1.327733 
3282 0.000157 1.335651 
3283 0.000163 1.343458 
3284 0.000168 1.351155 
3285 0.000174 1.358740 
3286 0.000180 1.366212 
3287 0.000186 1.373572 
3288 0.000192 1.380818 
3289 0.000199 1.387950 
3290 0.000206 1.394967 
3291 0.000213 1.401869 
3292 0.000220 1.408656 
3293 0.000228 1.415325 
3294 0.000235 1.421878 
3295 0.000243 1.428314 
3296 0.000251 1.434631 
3297 0.000260 1.440829 
3298 0.000269 1.446909 
3299 0.000278 1.452869 
3300 0.000287 1.458709 
3301 0.000297 1.464428 
3302 0.000307 1.470027 
3303 0.000317 1.475504 
3304 0.000327 1.480859 
3305 0.000338 1.486091 
3306 0.000349 1.491201 
3307 0.000361 1.496187 
3308 0.000373 1.501050 
3309 0.000385 1.505789 
3310 0.000398 1.510403 
3311 0.000411 1.514893 
3312 0.000425 1.519257 
3313 0.000439 1.523496 
3314 0.000453 1.527609 
3315 0.000468 1.531596 
3316 0.000483 1.535456 
3317 0.000499 1.539189 
3318 0.000515 1.542795 
3319 0.000532 1.546273 
3320 0.000549 1.549624 
3321 0.000567 1.552846 
3322 0.000585 1.555941 
3323 0.000604 1.558906 
3324 0.000623 1.561743 
3325 0.000643 1.564451 
3326 0.000664 1.567029 
3327 0.000685 1.569478 
3328 0.000707 1.571798 
3329 0.000730 1.573987 
3330 0.000753 1.576046 
3331 0.000777 1.577975 
3332 0.000802 1.579774 
3333 0.000827 1.581442 
3334 0.000853 1.582979 
3335 0.000880 1.584386 
3336 0.000908 1.585661 
3337 0.000937 1.586806 
3338 0.000966 1.587819 
3339 0.000996 1.588701 
3340 0.001027 1.589452 
3341 0.001059 1.590072 
3342 0.001093 1.590560 
3343 0.001127 1.590917 
3344 0.001162 1.591142 
3345 0.001198 1.591236 
3346 0.001235 1.591198 
3347 0.001273 1.591028 
3348 0.001312 1.590728 
3349 0.001352 1.590295 
3350 0.001394 1.589732 
3351 0.001437 1.589036 
3352 0.001481 1.588210 
3353 0.001526 1.587252 
3354 0.001573 1.586164 
3355 0.001620 1.584944 
3356 0.001670 1.583593 
3357 0.001720 1.582111 
3358 0.001772 1.580498 
3359 0.001826 1.578755 
3360 0.001881 1.576882 
3361 0.001938 1.574878 
3362 0.001996 1.572743 
3363 0.002056 1.570479 
3364 0.002117 1.568086 
3365 0.002181 1.565562 
3366 0.002246 1.562909 
3367 0.002313 1.560127 
3368 0.002381 1.557216 
3369 0.002452 1.554177 
3370 0.002525 1.551008 
3371 0.002599 1.547712 
3372 0.002676 1.544288 
3373 0.002755 1.540736 
3374 0.002836 1.537057 
3375 0.002919 1.533251 
3376 0.003004 1.529318 
3377 0.003092 1.525259 
3378 0.003182 1.521073 
3379 0.003275 1.516762 
3380 0.003370 1.512326 
3381 0.003467 1.507765 
3382 0.003568 1.503079 
3383 0.003671 1.498268 
3384 0.003777 1.493334 
3385 0.003885 1.488277 
3386 0.003997 1.483096 
3387 0.004111 1.477793 
3388 0.004229 1.472368 
3389 0.004349 1.466821 
3390 0.004473 1.461153 
3391 0.004601 1.455365 
3392 0.004731 1.449456 
3393 0.004865 1.443427 
3394 0.005002 1.437279 
3395 0.005143 1.431012 
3396 0.005288 1.424626 
3397 0.005437 1.418123 
3398 0.005589 1.411503 
3399 0.005746 1.404766 
3400 0.005906 1.397914 
3401 0.006070 1.390945 
3402 0.006239 1.383862 
3403 0.006412 1.376664 
3404 0.006590 1.369353 
3405 0.006772 1.361928 
3406 0.006959 1.354391 
3407 0.007150 1.346741 
3408 0.007347 1.338981 
3409 0.007548 1.331110 
3410 0.007755 1.323129 
3411 0.007966 1.315038 
3412 0.008183 1.306839 
3413 0.008406 1.298532 
3414 0.008634 1.290117 
3415 0.008868 1.281596 
3416 0.009107 1.272969 
3417 0.009353 1.264237 
3418 0.009604 1.255400 
3419 0.009862 1.246460 
3420 0.010127 1.237416 
3421 0.010397 1.228271 
3422 0.010675 1.219023 
3423 0.010959 1.209675 
3424 0.011250 1.200228 
3425 0.011548 1.190680 
3426 0.011854 1.181035 
3427 0.012167 1.171292 
3428 0.012487 1.161452 
3429 0.012816 1.151516 
3430 0.013152 1.141485 
3431 0.013496 1.131359 
3432 0.013849 1.121140 
3433 0.014210 1.110829 
3434 0.014579 1.100425 
3435 0.014958 1.089931 
3436 0.015345 1.079346 
3437 0.015741 1.068673 
3438 0.016147 1.057911 
3439 0.016563 1.047061 
3440 0.016988 1.036126 
3441 0.017423 1.025104 
3442 0.017868 1.013998 
3443 0.018324 1.002808 
3444 0.018790 0.991535 
3445 0.019267 0.980180 
3446 0.019755 0.968744 
3447 0.020255 0.957228 
3448 0.020766 0.945633 
3449 0.021288 0.933960 
3450 0.021823 0.922209 
3451 0.022369 0.910383 
3452 0.022929 0.898481 
3453 0.023500 0.886505 
3454 0.024085 0.874455 
3455 0.024683 0.862334 
3456 0.025295 0.850141 
3457 0.025920 0.837878 
3458 0.026559 0.825545 
3459 0.027213 0.813145 
3460 0.027881 0.800677 
3461 0.028563 0.788143 
3462 0.029261 0.775544 
3463 0.029975 0.762880 
3464 0.030704 0.750154 
3465 0.031449 0.737366 
3466 0.032210 0.724517 
3467 0.032989 0.711607 
3468 0.033784 0.698640 
3469 0.034596 0.685614 
3470 0.035426 0.672532 
3471 0.036274 0.659394 
3472 0.037140 0.646201 
3473 0.038024 0.632956 
3474 0.038928 0.619657 
3475 0.039851 0.606308 
3476 0.040793 0.592909 
3477 0.041756 0.579460 
3478 0.042739 0.565964 
3479 0.043742 0.552421 
3480 0.044767 0.538832 
3481 0.045813 0.525199 
3482 0.046882 0.511522 
3483 0.047972 0.497803 
3484 0.049085 0.484043 
3485 0.050221 0.470243 
3486 0.051381 0.456404 
3487 0.052565 0.442528 
3488 0.053772 0.428614 
3489 0.055005 0.414666 
3490 0.056263 0.400683 
3491 0.057546 0.386667 
3492 0.058856 0.372619 
3493 0.060192 0.358540 
3494 0.061555 0.344431 
3495 0.062945 0.330294 
3496 0.064363 0.316130 
3497 0.065810 0.301940 
3498 0.067285 0.287725 
3499 0.068790 0.273486 
3500 0.070325 0.259224 
3501 0.071889 0.244941 
3502 0.073485 0.230638 
3503 0.075112 0.216315 
3504 0.076771 0.201975 
3505 0.078462 0.187618 
3506 0.080186 0.173246 
3507 0.081943 0.158859 
3508 0.083734 0.144459 
3509 0.085560 0.130047 
3510 0.087421 0.115624 
3511 0.089317 0.101192 
3512 0.091250 0.086752 
3513 0.093219 0.072304 
3514 0.095226 0.057850 
3515 0.097270 0.043392 
3516 0.099353 0.028930 
3517 0.101475 0.014466 
3518 0.103636 0.000000 
3519 0.105838 -0.014466 
3520 0.108080 -0.028930 
3521 0.110364 -0.043392 
3522 0.112690 -0.057850 
3523 0.115059 -0.072304 
3524 0.117472 -0.086752 
3525 0.119928 -0.101192 
3526 0.122429 -0.115624 
3527 0.124975 -0.130047 
3528 0.127567 -0.144459 
3529 0.130206 -0.158859 
3530 0.132892 -0.173246 
3531 0.135626 -0.187618 
3532 0.138409 -0.201975 
3533 0.141241 -0.216315 
3534 0.144123 -0.230638 
3535 0.147056 -0.244941 
3536 0.150041 -0.259224 
3537 0.153078 -0.273486 
3538 0.156167 -0.287725 
3539 0.159310 -0.301940 
3540 0.162508 -0.316130 
3541 0.165760 -0.330294 
3542 0.169069 -0.344431 
3543 0.172434 -0.358540 
3544 0.175856 -0.372619 
3545 0.179337 -0.386667 
3546 0.182876 -0.400683 
3547 0.186476 -0.414666 
3548 0.190135 -0.428614 
3549 0.193856 -0.442527 
3550 0.197638 -0.456404 
3551 0.201484 -0.470243 
3552 0.205393 -0.484043 
3553 0.209366 -0.497803 
3554 0.213405 -0.511522 
3555 0.217509 -0.525199 
3556 0.221681 -0.538832 
3557 0.225920 -0.552421 
3558 0.230227 -0.565964 
3559 0.234604 -0.579460 
3560 0.239051 -0.592909 
3561 0.243568 -0.606308 
3562 0.248158 -0.619657 
3563 0.252820 -0.632956 
3564 0.257556 -0.646201 
3565 0.262366 -0.659394 
3566 0.267251 -0.672532 
3567 0.272213 -0.685614 
3568 0.277251 -0.698640 
3569 0.282367 -0.711607 
3570 0.287561 -0.724517 
3571 0.292836 -0.737366 
3572 0.298190 -0.750154 
3573 0.303626 -0.762880 
3574 0.309144 -0.775544 
3575 0.314745 -0.788143 
3576 0.320430 -0.800677 
3577 0.326200 -0.813145 
3578 0.332055 -0.825545 
3579 0.337997 -0.837878 
3580 0.344027 -0.850141 
3581 0.350145 -0.862334 
3582 0.356352 -0.874455 
3583 0.362650 -0.886505 
3584 0.369038 -0.898481 
3585 0.375519 -0.910383 
3586 0.382092 -0.922209 
3587 0.388759 -0.933960 
3588 0.395521 -0.945633 
3589 0.402379 -0.957228 
3590 0.409332 -0.968744 
3591 0.416384 -0.980180 
3592 0.423533 -0.991535 
3593 0.430782 -1.002808 
3594 0.438131 -1.013998 
3595 0.445580 -1.025104 
3596 0.453132 -1.036126 
3597 0.460786 -1.047061 
3598 0.468544 -1.057911 
3599 0.476406 -1.068673 
3600 0.484374 -1.079346 
3601 0.492448 -1.089931 
3602 0.500630 -1.100425 
3603 0.508919 -1.110829 
3604 0.517317 -1.121140 
3605 0.525825 -1.131359 
3606 0.534444 -1.141485 
3607 0.543174 -1.151516 
3608 0.552016 -1.161452 
3609 0.560972 -1.171292 
3610 0.570042 -1.181035 
3611 0.579227 -1.190680 
3612 0.588527 -1.200228 
3613 0.597944 -1.209675 
3614 0.607479 -1.219023 
3615 0.617132 -1.228271 
3616 0.626903 -1.237416 
3617 0.636795 -1.246460 
3618 0.646807 -1.255400 
3619 0.656941 -1.264237 
3620 0.667197 -1.272969 
3621 0.677576 -1.281596 
3622 0.688078 -1.290117 
3623 0.698705 -1.298532 
3624 0.709458 -1.306839 
3625 0.720336 -1.315038 
3626 0.731341 -1.323129 
3627 0.742474 -1.331110 
3628 0.753735 -1.338981 
3629 0.765125 -1.346741 
3630 0.776644 -1.354391 
3631 0.788293 -1.361928 
3632 0.800074 -1.369353 
3633 0.811986 -1.376664 
3634 0.824030 -1.383862 
3635 0.836207 -1.390945 
3636 0.848517 -1.397914 
3637 0.860962 -1.404766 
3638 0.873541 -1.411503 
3639 0.886255 -1.418123 
3640 0.899105 -1.424626 
3641 0.912092 -1.431012 
3642 0.925215 -1.437279 
3643 0.938476 -1.443427 
3644 0.951875 -1.449456 
3645 0.965412 -1.455365 
3646 0.979088 -1.461153 
3647 0.992903 -1.466821 
3648 1.006858 -1.472368 
3649 1.020954 -1.477793 
3650 1.035189 -1.483096 
3651 1.049566 -1.488277 
3652 1.064085 -1.493334 
3653 1.078745 -1.498268 
3654 1.093547 -1.503079 
3655 1.108491 -1.507765 
3656 1.123578 -1.512326 
3657 1.138808 -1.516762 
3658 1.154181 -1.521073 
3659 1.169698 -1.525259 
3660 1.185358 -1.529318 
3661 1.201162 -1.533251 
3662 1.217111 -1.537057 
3663 1.233203 -1.540736 
3664 1.249440 -1.544288 
3665 1.265821 -1.547712 
3666 1.282346 -1.551008 
3667 1.299016 -1.554177 
3668 1.315831 -1.557216 
3669 1.332790 -1.560127 
3670 1.349894 -1.562909 
3671 1.367143 -1.565562 
3672 1.384536 -1.568086 
3673 1.402073 -1.570479 
3674 1.419755 -1.572743 
3675 1.437581 -1.574878 
3676 1.455551 -1.576882 
3677 1.473665 -1.578755 
3678 1.491923 -1.580498 
3679 1.510324 -1.582111 
3680 1.528868 -1.583593 
3681 1.547556 -1.584944 
3682 1.566385 -1.586164 
3683 1.585357 -1.587252 
3684 1.604471 -1.588210 
3685 1.623726 -1.589036 
3686 1.643123 -1.589732 
3687 1.662659 -1.590295 
3688 1.682336 -1.590728 
3689 1.702153 -1.591028 
3690 1.722109 -1.591198 
3691 1.742203 -1.591236 
3692 1.762435 -1.591142 
3693 1.782804 -1.590917 
3694 1.803310 -1.590560 
3695 1.823951 -1.590072 
3696 1.844728 -1.589452 
3697 1.865639 -1.588701 
3698 1.886684 -1.587819 
3699 1.907862 -1.586806 
3700 1.929172 -1.585661 
3701 1.950613 -1.584386 
3702 1.972184 -1.582979 
3703 1.993884 -1.581442 
3704 2.015713 -1.579774 
3705 2.037669 -1.577975 
3706 2.059751 -1.576046 
3707 2.081958 -1.573987 
3708 2.104289 -1.571798 
3709 2.126744 -1.569478 
3710 2.149320 -1.567029 
3711 2.172017 -1.564451 
3712 2.194833 -1.561743 
3713 2.217767 -1.558906 
3714 2.240818 -1.555941 
3715 2.263985 -1.552846 
3716 2.287266 -1.549624 
3717 2.310659 -1.546273 
3718 2.334164 -1.542795 
3719 2.357779 -1.539189 
3720 2.381502 -1.535456 
3721 2.405332 -1.531596 
3722 2.429267 -1.527609 
3723 2.453306 -1.523496 
3724 2.477447 -1.519257 
3725 2.501688 -1.514893 
3726 2.526028 -1.510403 
3727 2.550466 -1.505789 
3728 2.574998 -1.501050 
3729 2.599624 -1.496187 
3730 2.624341 -1.491201 
3731 2.649149 -1.486091 
3732 2.674044 -1.480859 
3733 2.699025 -1.475504 
3734 2.724090 -1.470027 
3735 2.749238 -1.464428 
3736 2.774465 -1.458709 
3737 2.799771 -1.452869 
3738 2.825152 -1.446909 
3739 2.850607 -1.440829 
3740 2.876134 -1.434631 
3741 2.901730 -1.428314 
3742 2.927394 -1.421878 
3743 2.953123 -1.415325 
3744 2.978914 -1.408656 
3745 3.004766 -1.401869 
3746 3.030677 -1.394967 
3747 3.056643 -1.387950 
3748 3.082663 -1.380818 
3749 3.108733 -1.373572 
3750 3.134853 -1.366212 
3751 3.161018 -1.358740 
3752 3.187227 -1.351155 
3753 3.213478 -1.343458 
3754 3.239767 -1.335651 
3755 3.266091 -1.327733 
3756 3.292450 -1.319705 
3757 3.318839 -1.311568 
3758 3.345256 -1.303323 
3759 3.371698 -1.294970 
3760 3.398164 -1.286511 
3761 3.424649 -1.277944 
3762 3.451151 -1.269273 
3763 3.477668 -1.260496 
3764 3.504197 -1.251615 
3765 3.530734 -1.242631 
3766 3.557277 -1.233544 
3767 3.583824 -1.224355 
3768 3.610370 -1.215065 
3769 3.636914 -1.205674 
3770 3.663452 -1.196184 
3771 3.689981 -1.186595 
3772 3.716498 -1.176908 
3773 3.743001 -1.167123 
3774 3.769487 -1.157242 
3775 3.795951 -1.147266 
3776 3.822392 -1.137195 
3777 3.848806 -1.127029 
3778 3.875190 -1.116771 
3779 3.901540 -1.106420 
3780 3.927855 -1.095978 
3781 3.954130 -1.085445 
3782 3.980363 -1.074823 
3783 4.006550 -1.064112 
3784 4.032689 -1.053313 
3785 4.058775 -1.042426 
3786 4.084806 -1.031454 
3787 4.110779 -1.020396 
3788 4.136690 -1.009254 
3789 4.162536 -0.998029 
3790 4.188313 -0.986721 
3791 4.214020 -0.975332 
3792 4.239651 -0.963862 
3793 4.265205 -0.952312 
3794 4.290677 -0.940684 
3795 4.316065 -0.928977 
3796 4.341365 -0.917195 
3797 4.366574 -0.905336 
3798 4.391688 -0.893402 
3799 4.416705 -0.881395 
3800 4.441621 -0.869315 
3801 4.466432 -0.857163 
3802 4.491135 -0.844940 
3803 4.515728 -0.832647 
3804 4.540206 -0.820286 
3805 4.564566 -0.807856 
3806 4.588806 -0.795360 
3807 4.612921 -0.782798 
3808 4.636909 -0.770172 
3809 4.660766 -0.757482 
3810 4.684489 -0.744729 
3811 4.708074 -0.731915 
3812 4.731518 -0.719040 
3813 4.754819 -0.706106 
3814 4.777972 -0.693113 
3815 4.800975 -0.680063 
3816 4.823824 -0.666957 
3817 4.846515 -0.653796 
3818 4.869047 -0.640581 
3819 4.891415 -0.627313 
3820 4.913616 -0.613993 
3821 4.935647 -0.600622 
3822 4.957506 -0.587202 
3823 4.979187 -0.573733 
3824 5.000690 -0.560216 
3825 5.022010 -0.546654 
3826 5.043144 -0.533046 
3827 5.064089 -0.519394 
3828 5.084843 -0.505699 
3829 5.105401 -0.491963 
3830 5.125762 -0.478186 
3831 5.145921 -0.464369 
3832 5.165877 -0.450514 
3833 5.185625 -0.436621 
3834 5.205163 -0.422693 
3835 5.224489 -0.408730 
3836 5.243598 -0.394733 
3837 5.262489 -0.380703 
3838 5.281158 -0.366642 
3839 5.299603 -0.352550 
3840 5.317820 -0.338429 
3841 5.335808 -0.324281 
3842 5.353562 -0.310105 
3843 5.371081 -0.295904 
3844 5.388362 -0.281679 
3845 5.405402 -0.267430 
3846 5.422198 -0.253159 
3847 5.438748 -0.238867 
3848 5.455050 -0.224556 
3849 5.471100 -0.210225 
3850 5.486897 -0.195878 
3851 5.502437 -0.181514 
3852 5.517718 -0.167136 
3853 5.532739 -0.152743 
3854 5.547496 -0.138338 
3855 5.561987 -0.123921 
3856 5.576211 -0.109495 
3857 5.590164 -0.095059 
3858 5.603844 -0.080615 
3859 5.617250 -0.066165 
3860 5.630379 -0.051709 
3861 5.643230 -0.037249 
3862 5.655799 -0.022786 
3863 5.668085 -0.008321 
3864 5.680087 0.006145 
3865 5.691801 0.020610 
3866 5.703227 0.035074 
3867 5.714362 0.049535 
3868 5.725205 0.063991 
3869 5.735754 0.078442 
3870 5.746007 0.092887 
3871 5.755963 0.107324 
3872 5.765619 0.121753 
3873 5.774975 0.136171 
3874 5.784029 0.150578 
3875 5.792779 0.164972 
3876 5.801224 0.179353 
3877 5.809363 0.193719 
3878 5.817194 0.208069 
3879 5.824716 0.222402 
3880 5.831928 0.236716 
3881 5.838828 0.251011 
3882 5.845416 0.265285 
3883 5.851690 0.279537 
3884 5.857650 0.293766 
3885 5.863294 0.307971 
3886 5.868621 0.322151 
3887 5.873631 0.336303 
3888 5.878323 0.350428 
3889 5.882695 0.364524 
3890 5.886748 0.378590 
3891 5.890481 0.392625 
3892 5.893892 0.406627 
3893 5.896982 0.420595 
3894 5.899750 0.434529 
3895 5.902196 0.448427 
3896 5.904318 0.462288 
3897 5.906117 0.476110 
3898 5.907592 0.489894 
3899 5.908744 0.503636 
3900 5.909572 0.517337 
3901 5.910075 0.530996 
3902 5.910254 0.544610 
3903 5.910109 0.558180 
3904 5.909640 0.571703 
3905 5.908846 0.585179 
3906 5.907728 0.598607 
3907 5.906287 0.611985 
3908 5.904522 0.625313 
3909 5.902433 0.638589 
3910 5.900022 0.651812 
3911 5.897287 0.664982 
3912 5.894231 0.678096 
3913 5.890853 0.691154 
3914 5.887154 0.704156 
3915 5.883134 0.717099 
3916 5.878795 0.729982 
3917 5.874136 0.742806 
3918 5.869159 0.755568 
3919 5.863865 0.768268 
3920 5.858253 0.780904 
3921 5.852326 0.793475 
3922 5.846084 0.805981 
3923 5.839529 0.818421 
3924 5.832660 0.830793 
3925 5.825480 0.843096 
3926 5.817990 0.855329 
3927 5.810190 0.867492 
3928 5.802082 0.879583 
3929 5.793668 0.891601 
3930 5.784948 0.903546 
3931 5.775925 0.915416 
3932 5.766599 0.927210 
3933 5.756972 0.938928 
3934 5.747046 0.950568 
3935 5.736822 0.962130 
3936 5.726302 0.973612 
3937 5.715488 0.985013 
3938 5.704381 0.996334 
3939 5.692983 1.007571 
3940 5.681297 1.018726 
3941 5.669323 1.029796 
3942 5.657064 1.040782 
3943 5.644521 1.051681 
3944 5.631697 1.062493 
3945 5.618594 1.073218 
3946 5.605214 1.083854 
3947 5.591559 1.094400 
3948 5.577631 1.104856 
3949 5.563432 1.115220 
3950 5.548965 1.125493 
3951 5.534232 1.135672 
3952 5.519235 1.145757 
3953 5.503976 1.155748 
3954 5.488458 1.165644 
3955 5.472684 1.175442 
3956 5.456656 1.185144 
3957 5.440376 1.194748 
3958 5.423847 1.204253 
3959 5.407071 1.213659 
3960 5.390051 1.222964 
3961 5.372790 1.232168 
3962 5.355290 1.241271 
3963 5.337555 1.250271 
3964 5.319586 1.259167 
3965 5.301386 1.267959 
3966 5.282959 1.276647 
3967 5.264307 1.285229 
3968 5.245432 1.293705 
3969 5.226339 1.302074 
3970 5.207029 1.310335 
3971 5.187506 1.318488 
3972 5.167773 1.326533 
3973 5.147831 1.334467 
3974 5.127686 1.342291 
3975 5.107339 1.350005 
3976 5.086793 1.357606 
3977 5.066052 1.365096 
3978 5.045118 1.372472 
3979 5.023995 1.379736 
3980 5.002686 1.386885 
3981 4.981194 1.393920 
3982 4.959522 1.400839 
3983 4.937674 1.407643 
3984 4.915651 1.414330 
3985 4.893458 1.420900 
3986 4.871098 1.427353 
3987 4.848574 1.433688 
3988 4.825890 1.439905 
3989 4.803047 1.446002 
3990 4.780051 1.451980 
3991 4.756903 1.457838 
3992 4.733608 1.463576 
3993 4.710168 1.469193 
3994 4.686586 1.474688 
3995 4.662867 1.480061 
3996 4.639014 1.485312 
3997 4.615029 1.490440 
3998 4.590915 1.495445 
3999 4.566678 1.500327 
4000 4.542318 1.505084 
