0 0.078389 -1.585499 
1 0.076708 -1.584091 
2 0.075060 -1.582552 
3 0.073442 -1.580883 
4 0.071856 -1.579083 
5 0.070299 -1.577152 
6 0.068773 -1.575091 
7 0.067277 -1.572900 
8 0.065809 -1.570579 
9 0.064370 -1.568128 
10 0.062959 -1.565548 
11 0.061575 -1.562838 
12 0.060219 -1.559999 
13 0.058889 -1.557031 
14 0.057586 -1.553934 
15 0.056308 -1.550709 
16 0.055056 -1.547356 
17 0.053829 -1.543875 
18 0.052626 -1.540266 
19 0.051447 -1.536530 
20 0.050292 -1.532668 
21 0.049160 -1.528678 
22 0.048051 -1.524562 
23 0.046965 -1.520320 
24 0.045900 -1.515952 
25 0.044857 -1.511460 
26 0.043836 -1.506842 
27 0.042835 -1.502099 
28 0.041855 -1.497233 
29 0.040896 -1.492243 
30 0.039956 -1.487129 
31 0.039035 -1.481893 
32 0.038134 -1.476534 
33 0.037252 -1.471053 
34 0.036387 -1.465450 
35 0.035541 -1.459727 
36 0.034713 -1.453883 
37 0.033903 -1.447918 
38 0.033109 -1.441834 
39 0.032332 -1.435631 
40 0.031572 -1.429309 
41 0.030828 -1.422869 
42 0.030100 -1.416311 
43 0.029387 -1.409637 
44 0.028690 -1.402846 
45 0.028008 -1.395939 
46 0.027340 -1.388916 
47 0.026687 -1.381779 
48 0.026048 -1.374527 
49 0.025423 -1.367162 
50 0.024812 -1.359684 
51 0.024214 -1.352094 
52 0.023629 -1.344392 
53 0.023057 -1.336579 
54 0.022498 -1.328655 
55 0.021951 -1.320621 
56 0.021416 -1.312479 
57 0.020893 -1.304228 
58 0.020382 -1.295869 
59 0.019882 -1.287403 
60 0.019394 -1.278831 
61 0.018916 -1.270152 
62 0.018449 -1.261369 
63 0.017993 -1.252482 
64 0.017547 -1.243491 
65 0.017111 -1.234398 
66 0.016685 -1.225202 
67 0.016269 -1.215905 
68 0.015862 -1.206508 
69 0.015465 -1.197011 
70 0.015077 -1.187415 
71 0.014697 -1.177721 
72 0.014327 -1.167930 
73 0.013965 -1.158042 
74 0.013611 -1.148058 
75 0.013266 -1.137979 
76 0.012929 -1.127807 
77 0.012599 -1.117541 
78 0.012278 -1.107183 
79 0.011964 -1.096733 
80 0.011657 -1.086193 
81 0.011357 -1.075563 
82 0.011065 -1.064844 
83 0.010780 -1.054037 
84 0.010501 -1.043143 
85 0.010229 -1.032163 
86 0.009964 -1.021097 
87 0.009705 -1.009947 
88 0.009452 -0.998714 
89 0.009205 -0.987398 
90 0.008964 -0.976000 
91 0.008729 -0.964522 
92 0.008500 -0.952964 
93 0.008276 -0.941328 
94 0.008058 -0.929613 
95 0.007845 -0.917822 
96 0.007637 -0.905955 
97 0.007434 -0.894013 
98 0.007237 -0.881997 
99 0.007044 -0.869908 
100 0.006856 -0.857747 
101 0.006672 -0.845516 
102 0.006494 -0.833214 
103 0.006319 -0.820844 
104 0.006149 -0.808406 
105 0.005984 -0.795901 
106 0.005822 -0.783330 
107 0.005664 -0.770694 
108 0.005511 -0.757995 
109 0.005361 -0.745233 
110 0.005215 -0.732410 
111 0.005073 -0.719526 
112 0.004934 -0.706583 
113 0.004799 -0.693581 
114 0.004667 -0.680522 
115 0.004539 -0.667406 
116 0.004414 -0.654236 
117 0.004292 -0.641011 
118 0.004174 -0.627734 
119 0.004058 -0.614404 
120 0.003945 -0.601024 
121 0.003836 -0.587594 
122 0.003729 -0.574116 
123 0.003625 -0.560590 
124 0.003523 -0.547018 
125 0.003425 -0.533400 
126 0.003329 -0.519739 
127 0.003235 -0.506034 
128 0.003144 -0.492288 
129 0.003055 -0.478501 
130 0.002969 -0.464674 
131 0.002885 -0.450809 
132 0.002803 -0.436907 
133 0.002723 -0.422969 
134 0.002645 -0.408996 
135 0.002570 -0.394989 
136 0.002496 -0.380949 
137 0.002425 -0.366878 
138 0.002355 -0.352776 
139 0.002288 -0.338646 
140 0.002222 -0.324487 
141 0.002158 -0.310302 
142 0.002095 -0.296090 
143 0.002035 -0.281855 
144 0.001975 -0.267596 
145 0.001918 -0.253315 
146 0.001862 -0.239013 
147 0.001808 -0.224691 
148 0.001755 -0.210351 
149 0.001704 -0.195994 
150 0.001654 -0.181620 
151 0.001605 -0.167231 
152 0.001558 -0.152828 
153 0.001512 -0.138413 
154 0.001467 -0.123986 
155 0.001424 -0.109549 
156 0.001382 -0.095103 
157 0.001340 -0.080649 
158 0.001301 -0.066189 
159 0.001262 -0.051723 
160 0.001224 -0.037253 
161 0.001188 -0.022779 
162 0.001152 -0.008304 
163 0.001117 0.006172 
164 0.001084 0.020647 
165 0.001051 0.035121 
166 0.001019 0.049592 
167 0.000989 0.064059 
168 0.000959 0.078520 
169 0.000930 0.092975 
170 0.000901 0.107422 
171 0.000874 0.121861 
172 0.000847 0.136289 
173 0.000821 0.150706 
174 0.000796 0.165110 
175 0.000772 0.179501 
176 0.000748 0.193878 
177 0.000725 0.208238 
178 0.000703 0.222580 
179 0.000681 0.236905 
180 0.000660 0.251210 
181 0.000640 0.265494 
182 0.000620 0.279756 
183 0.000600 0.293995 
184 0.000582 0.308210 
185 0.000564 0.322399 
186 0.000546 0.336562 
187 0.000529 0.350697 
188 0.000512 0.364803 
189 0.000496 0.378878 
190 0.000481 0.392923 
191 0.000466 0.406935 
192 0.000451 0.420913 
193 0.000437 0.434857 
194 0.000423 0.448764 
195 0.000409 0.462635 
196 0.000396 0.476467 
197 0.000384 0.490260 
198 0.000372 0.504012 
199 0.000360 0.517723 
200 0.000348 0.531391 
201 0.000337 0.545015 
202 0.000326 0.558594 
203 0.000316 0.572126 
204 0.000306 0.585612 
205 0.000296 0.599049 
206 0.000286 0.612437 
207 0.000277 0.625774 
208 0.000268 0.639059 
209 0.000259 0.652291 
210 0.000251 0.665470 
211 0.000243 0.678594 
212 0.000235 0.691661 
213 0.000227 0.704671 
214 0.000220 0.717623 
215 0.000212 0.730516 
216 0.000205 0.743349 
217 0.000199 0.756119 
218 0.000192 0.768828 
219 0.000186 0.781473 
220 0.000180 0.794053 
221 0.000174 0.806568 
222 0.000168 0.819016 
223 0.000162 0.831396 
224 0.000157 0.843708 
225 0.000152 0.855950 
226 0.000147 0.868121 
227 0.000142 0.880221 
228 0.000137 0.892247 
229 0.000133 0.904200 
230 0.000128 0.916079 
231 0.000124 0.927881 
232 0.000120 0.939607 
233 0.000116 0.951255 
234 0.000112 0.962825 
235 0.000108 0.974315 
236 0.000104 0.985724 
237 0.000101 0.997052 
238 0.000097 1.008298 
239 0.000094 1.019460 
240 0.000091 1.030538 
241 0.000088 1.041531 
242 0.000085 1.052438 
243 0.000082 1.063258 
244 0.000079 1.073990 
245 0.000076 1.084633 
246 0.000074 1.095187 
247 0.000071 1.105650 
248 0.000069 1.116021 
249 0.000066 1.126301 
250 0.000064 1.136487 
251 0.000062 1.146579 
252 0.000060 1.156577 
253 0.000058 1.166479 
254 0.000056 1.176285 
255 0.000054 1.185993 
256 0.000052 1.195604 
257 0.000050 1.205116 
258 0.000048 1.214528 
259 0.000046 1.223839 
260 0.000045 1.233050 
261 0.000043 1.242158 
262 0.000042 1.251164 
263 0.000040 1.260067 
264 0.000039 1.268865 
265 0.000037 1.277559 
266 0.000036 1.286147 
267 0.000035 1.294629 
268 0.000034 1.303003 
269 0.000032 1.311270 
270 0.000031 1.319429 
271 0.000030 1.327479 
272 0.000029 1.335419 
273 0.000028 1.343248 
274 0.000027 1.350967 
275 0.000026 1.358573 
276 0.000025 1.366068 
277 0.000024 1.373450 
278 0.000023 1.380718 
279 0.000023 1.387872 
280 0.000022 1.394911 
281 0.000021 1.401836 
282 0.000020 1.408644 
283 0.000019 1.415336 
284 0.000019 1.421910 
285 0.000018 1.428368 
286 0.000017 1.434707 
287 0.000017 1.440928 
288 0.000016 1.447030 
289 0.000016 1.453012 
290 0.000015 1.458874 
291 0.000014 1.464615 
292 0.000014 1.470235 
293 0.000013 1.475734 
294 0.000013 1.481111 
295 0.000012 1.486366 
296 0.000012 1.491497 
297 0.000011 1.496506 
298 0.000011 1.501390 
299 0.000011 1.506151 
300 0.000010 1.510787 
301 0.000010 1.515299 
302 0.000010 1.519685 
303 0.000009 1.523945 
304 0.000009 1.528080 
305 0.000008 1.532088 
306 0.000008 1.535969 
307 0.000008 1.539724 
308 0.000008 1.543352 
309 0.000007 1.546852 
310 0.000007 1.550224 
311 0.000007 1.553468 
312 0.000006 1.556583 
313 0.000006 1.559570 
314 0.000006 1.562428 
315 0.000006 1.565157 
316 0.000006 1.567756 
317 0.000005 1.570226 
318 0.000005 1.572567 
319 0.000005 1.574777 
320 0.000005 1.576857 
321 0.000005 1.578807 
322 0.000004 1.580626 
323 0.000004 1.582315 
324 0.000004 1.583873 
325 0.000004 1.585300 
326 0.000004 1.586596 
327 0.000004 1.587761 
328 0.000003 1.588794 
329 0.000003 1.589697 
330 0.000003 1.590468 
331 0.000003 1.591107 
332 0.000003 1.591615 
333 0.000003 1.591992 
334 0.000003 1.592237 
335 0.000003 1.592350 
336 0.000003 1.592332 
337 0.000002 1.592182 
338 0.000002 1.591900 
339 0.000002 1.591487 
340 0.000002 1.590943 
341 0.000002 1.590267 
342 0.000002 1.589459 
343 0.000002 1.588521 
344 0.000002 1.587450 
345 0.000002 1.586249 
346 0.000002 1.584917 
347 0.000002 1.583453 
348 0.000002 1.581859 
349 0.000001 1.580134 
350 0.000001 1.578279 
351 0.000001 1.576293 
352 0.000001 1.574177 
353 0.000001 1.571930 
354 0.000001 1.569554 
355 0.000001 1.567048 
356 0.000001 1.564413 
357 0.000001 1.561648 
358 0.000001 1.558754 
359 0.000001 1.555731 
360 0.000001 1.552580 
361 0.000001 1.549301 
362 0.000001 1.545893 
363 0.000001 1.542358 
364 0.000001 1.538695 
365 0.000001 1.534905 
366 0.000001 1.530988 
367 0.000001 1.526945 
368 0.000001 1.522775 
369 0.000001 1.518480 
370 0.000001 1.514059 
371 0.000001 1.509513 
372 0.000001 1.504842 
373 0.000001 1.500047 
374 0.000001 1.495128 
375 0.000001 1.490085 
376 0.000000 1.484920 
377 0.000000 1.479631 
378 0.000000 1.474220 
379 0.000000 1.468688 
380 0.000000 1.463034 
381 0.000000 1.457259 
382 0.000000 1.451363 
383 0.000000 1.445348 
384 0.000000 1.439213 
385 0.000000 1.432960 
386 0.000000 1.426588 
387 0.000000 1.420098 
388 0.000000 1.413490 
389 0.000000 1.406766 
390 0.000000 1.399926 
391 0.000000 1.392969 
392 0.000000 1.385898 
393 0.000000 1.378712 
394 0.000000 1.371413 
395 0.000000 1.363999 
396 0.000000 1.356474 
397 0.000000 1.348836 
398 0.000000 1.341086 
399 0.000000 1.333226 
400 0.000000 1.325256 
401 0.000000 1.317176 
402 0.000000 1.308987 
403 0.000000 1.300690 
404 0.000000 1.292286 
405 0.000000 1.283774 
406 0.000000 1.275157 
407 0.000000 1.266434 
408 0.000000 1.257607 
409 0.000000 1.248675 
410 0.000000 1.239641 
411 0.000000 1.230504 
412 0.000000 1.221265 
413 0.000000 1.211926 
414 0.000000 1.202486 
415 0.000000 1.192947 
416 0.000000 1.183309 
417 0.000000 1.173573 
418 0.000000 1.163741 
419 0.000000 1.153812 
420 0.000000 1.143788 
421 0.000000 1.133669 
422 0.000000 1.123457 
423 0.000000 1.113152 
424 0.000000 1.102755 
425 0.000000 1.092267 
426 0.000000 1.081688 
427 0.000000 1.071020 
428 0.000000 1.060264 
429 0.000000 1.049420 
430 0.000000 1.038489 
431 0.000000 1.027472 
432 0.000000 1.016371 
433 0.000000 1.005185 
434 0.000000 0.993917 
435 0.000000 0.982566 
436 0.000000 0.971134 
437 0.000000 0.959622 
438 0.000000 0.948030 
439 0.000000 0.936361 
440 0.000000 0.924613 
441 0.000000 0.912790 
442 0.000000 0.900891 
443 0.000000 0.888917 
444 0.000000 0.876870 
445 0.000000 0.864751 
446 0.000000 0.852560 
447 0.000000 0.840298 
448 0.000000 0.827967 
449 0.000000 0.815568 
450 0.000000 0.803101 
451 0.000000 0.790568 
452 0.000000 0.777970 
453 0.000000 0.765307 
454 0.000000 0.752581 
455 0.000000 0.739793 
456 0.000000 0.726944 
457 0.000000 0.714035 
458 0.000000 0.701066 
459 0.000000 0.688040 
460 0.000000 0.674957 
461 0.000000 0.661818 
462 0.000000 0.648624 
463 0.000000 0.635377 
464 0.000000 0.622077 
465 0.000000 0.608726 
466 0.000000 0.595325 
467 0.000000 0.581874 
468 0.000000 0.568375 
469 0.000000 0.554830 
470 0.000000 0.541238 
471 0.000000 0.527602 
472 0.000000 0.513922 
473 0.000000 0.500200 
474 0.000000 0.486436 
475 0.000000 0.472632 
476 0.000000 0.458789 
477 0.000000 0.444908 
478 0.000000 0.430990 
479 0.000000 0.417037 
480 0.000000 0.403049 
481 0.000000 0.389028 
482 0.000000 0.374975 
483 0.000000 0.360891 
484 0.000000 0.346777 
485 0.000000 0.332634 
486 0.000000 0.318464 
487 0.000000 0.304268 
488 0.000000 0.290046 
489 0.000000 0.275800 
490 0.000000 0.261532 
491 0.000000 0.247242 
492 0.000000 0.232931 
493 0.000000 0.218602 
494 0.000000 0.204254 
495 0.000000 0.189889 
496 0.000000 0.175509 
497 0.000000 0.161114 
498 0.000000 0.146706 
499 0.000000 0.132286 
500 0.000000 0.117855 
501 0.000000 0.103414 
502 0.000000 0.088964 
503 0.000000 0.074507 
504 0.000000 0.060044 
505 0.000000 0.045576 
506 0.000000 0.031105 
507 0.000000 0.016630 
508 0.000000 0.002155 
509 0.000000 -0.012321 
510 0.000000 -0.026796 
511 0.000000 -0.041269 
512 0.000000 -0.055738 
513 0.000000 -0.070203 
514 0.000000 -0.084661 
515 0.000000 -0.099113 
516 0.000000 -0.113557 
517 0.000000 -0.127991 
518 0.000000 -0.142415 
519 0.000000 -0.156827 
520 0.000000 -0.171226 
521 0.000000 -0.185610 
522 0.000000 -0.199980 
523 0.000000 -0.214333 
524 0.000000 -0.228668 
525 0.000000 -0.242984 
526 0.000000 -0.257280 
527 0.000000 -0.271555 
528 0.000000 -0.285808 
529 0.000000 -0.300037 
530 0.000000 -0.314241 
531 0.000000 -0.328419 
532 0.000000 -0.342570 
533 0.000000 -0.356693 
534 0.000000 -0.370786 
535 0.000000 -0.384848 
536 0.000000 -0.398879 
537 0.000000 -0.412877 
538 0.000000 -0.426841 
539 0.000000 -0.440769 
540 0.000000 -0.454661 
541 0.000000 -0.468515 
542 0.000000 -0.482331 
543 0.000000 -0.496107 
544 0.000000 -0.509842 
545 0.000000 -0.523534 
546 0.000000 -0.537184 
547 0.000000 -0.550789 
548 0.000000 -0.564348 
549 0.000000 -0.577861 
550 0.000000 -0.591326 
551 0.000000 -0.604742 
552 0.000000 -0.618109 
553 0.000000 -0.631424 
554 0.000000 -0.644687 
555 0.000000 -0.657896 
556 0.000000 -0.671052 
557 0.000000 -0.684152 
558 0.000000 -0.697195 
559 0.000000 -0.710181 
560 0.000000 -0.723108 
561 0.000000 -0.735975 
562 0.000000 -0.748781 
563 0.000000 -0.761526 
564 0.000000 -0.774207 
565 0.000000 -0.786825 
566 0.000000 -0.799378 
567 0.000000 -0.811864 
568 0.000000 -0.824284 
569 0.000000 -0.836635 
570 0.000000 -0.848917 
571 0.000000 -0.861129 
572 0.000000 -0.873270 
573 0.000000 -0.885339 
574 0.000000 -0.897334 
575 0.000000 -0.909256 
576 0.000000 -0.921102 
577 0.000000 -0.932872 
578 0.000000 -0.944565 
579 0.000000 -0.956180 
580 0.000000 -0.967716 
581 0.000000 -0.979172 
582 0.000000 -0.990547 
583 0.000000 -1.001840 
584 0.000000 -1.013050 
585 0.000000 -1.024177 
586 0.000000 -1.035219 
587 0.000000 -1.046175 
588 0.000000 -1.057045 
589 0.000000 -1.067828 
590 0.000000 -1.078522 
591 0.000000 -1.089127 
592 0.000000 -1.099642 
593 0.000000 -1.110067 
594 0.000000 -1.120399 
595 0.000000 -1.130639 
596 0.000000 -1.140786 
597 0.000000 -1.150838 
598 0.000000 -1.160795 
599 0.000000 -1.170657 
600 0.000000 -1.180421 
601 0.000000 -1.190088 
602 0.000000 -1.199657 
603 0.000000 -1.209126 
604 0.000000 -1.218496 
605 0.000000 -1.227764 
606 0.000000 -1.236932 
607 0.000000 -1.245997 
608 0.000000 -1.254959 
609 0.000000 -1.263817 
610 0.000000 -1.272571 
611 0.000000 -1.281220 
612 0.000000 -1.289763 
613 0.000000 -1.298199 
614 0.000000 -1.306528 
615 0.000000 -1.314750 
616 0.000000 -1.322862 
617 0.000000 -1.330865 
618 0.000000 -1.338758 
619 0.000000 -1.346541 
620 0.000000 -1.354212 
621 0.000000 -1.361771 
622 0.000000 -1.369218 
623 0.000000 -1.376551 
624 0.000000 -1.383771 
625 0.000000 -1.390876 
626 0.000000 -1.397867 
627 0.000000 -1.404742 
628 0.000000 -1.411501 
629 0.000000 -1.418143 
630 0.000000 -1.424668 
631 0.000000 -1.431075 
632 0.000000 -1.437364 
633 0.000000 -1.443534 
634 0.000000 -1.449585 
635 0.000000 -1.455517 
636 0.000000 -1.461327 
637 0.000000 -1.467017 
638 0.000000 -1.472586 
639 0.000000 -1.478033 
640 0.000000 -1.483358 
641 0.000000 -1.488561 
642 0.000000 -1.493640 
643 0.000000 -1.498596 
644 0.000000 -1.503428 
645 0.000000 -1.508136 
646 0.000000 -1.512719 
647 0.000000 -1.517177 
648 0.000000 -1.521510 
649 0.000000 -1.525717 
650 0.000000 -1.529798 
651 0.000000 -1.533752 
652 0.000000 -1.537580 
653 0.000000 -1.541281 
654 0.000000 -1.544854 
655 0.000000 -1.548300 
656 0.000000 -1.551617 
657 0.000000 -1.554807 
658 0.000000 -1.557868 
659 0.000000 -1.560800 
660 0.000000 -1.563603 
661 0.000000 -1.566277 
662 0.000000 -1.568822 
663 0.000000 -1.571236 
664 0.000000 -1.573521 
665 0.000000 -1.575676 
666 0.000000 -1.577701 
667 0.000000 -1.579596 
668 0.000000 -1.581359 
669 0.000000 -1.582993 
670 0.000000 -1.584495 
671 0.000000 -1.585866 
672 0.000000 -1.587107 
673 0.000000 -1.588216 
674 0.000000 -1.589194 
675 0.000000 -1.590040 
676 0.000000 -1.590755 
677 0.000000 -1.591339 
678 0.000000 -1.591791 
679 0.000000 -1.592112 
680 0.000000 -1.592301 
681 0.000000 -1.592358 
682 0.000000 -1.592284 
683 0.000000 -1.592078 
684 0.000000 -1.591741 
685 0.000000 -1.591272 
686 0.000000 -1.590672 
687 0.000000 -1.589940 
688 0.000000 -1.589077 
689 0.000000 -1.588082 
690 0.000000 -1.586956 
691 0.000000 -1.585699 
692 0.000000 -1.584311 
693 0.000000 -1.582792 
694 0.000000 -1.581142 
695 0.000000 -1.579362 
696 0.000000 -1.577451 
697 0.000000 -1.575410 
698 0.000000 -1.573238 
699 0.000000 -1.570937 
700 0.000000 -1.568505 
701 0.000000 -1.565944 
702 0.000000 -1.563254 
703 0.000000 -1.560434 
704 0.000000 -1.557486 
705 0.000000 -1.554408 
706 0.000000 -1.551203 
707 0.000000 -1.547869 
708 0.000000 -1.544407 
709 0.000000 -1.540817 
710 0.000000 -1.537100 
711 0.000000 -1.533257 
712 0.000000 -1.529286 
713 0.000000 -1.525189 
714 0.000000 -1.520966 
715 0.000000 -1.516617 
716 0.000000 -1.512143 
717 0.000000 -1.507544 
718 0.000000 -1.502820 
719 0.000000 -1.497973 
720 0.000000 -1.493001 
721 0.000000 -1.487906 
722 0.000000 -1.482688 
723 0.000000 -1.477348 
724 0.000000 -1.471885 
725 0.000000 -1.466301 
726 0.000000 -1.460595 
727 0.000000 -1.454769 
728 0.000000 -1.448823 
729 0.000000 -1.442757 
730 0.000000 -1.436571 
731 0.000000 -1.430267 
732 0.000000 -1.423845 
733 0.000000 -1.417305 
734 0.000000 -1.410648 
735 0.000000 -1.403874 
736 0.000000 -1.396985 
737 0.000000 -1.389979 
738 0.000000 -1.382859 
739 0.000000 -1.375625 
740 0.000000 -1.368277 
741 0.000000 -1.360816 
742 0.000000 -1.353243 
743 0.000000 -1.345557 
744 0.000000 -1.337761 
745 0.000000 -1.329854 
746 0.000000 -1.321837 
747 0.000000 -1.313710 
748 0.000000 -1.305475 
749 0.000000 -1.297133 
750 0.000000 -1.288683 
751 0.000000 -1.280126 
752 0.000000 -1.271464 
753 0.000000 -1.262697 
754 0.000000 -1.253825 
755 0.000000 -1.244850 
756 0.000000 -1.235772 
757 0.000000 -1.226592 
758 0.000000 -1.217310 
759 0.000000 -1.207928 
760 0.000000 -1.198446 
761 0.000000 -1.188864 
762 0.000000 -1.179185 
763 0.000000 -1.169408 
764 0.000000 -1.159535 
765 0.000000 -1.149565 
766 0.000000 -1.139501 
767 0.000000 -1.129343 
768 0.000000 -1.119091 
769 0.000000 -1.108747 
770 0.000000 -1.098311 
771 0.000000 -1.087784 
772 0.000000 -1.077167 
773 0.000000 -1.066462 
774 0.000000 -1.055668 
775 0.000000 -1.044787 
776 0.000000 -1.033820 
777 0.000000 -1.022767 
778 0.000000 -1.011629 
779 0.000000 -1.000408 
780 0.000000 -0.989105 
781 0.000000 -0.977720 
782 0.000000 -0.966253 
783 0.000000 -0.954707 
784 0.000000 -0.943082 
785 0.000000 -0.931380 
786 0.000000 -0.919600 
787 0.000000 -0.907744 
788 0.000000 -0.895813 
789 0.000000 -0.883808 
790 0.000000 -0.871730 
791 0.000000 -0.859580 
792 0.000000 -0.847359 
793 0.000000 -0.835068 
794 0.000000 -0.822708 
795 0.000000 -0.810280 
796 0.000000 -0.797785 
797 0.000000 -0.785224 
798 0.000000 -0.772599 
799 0.000000 -0.759909 
800 0.000000 -0.747157 
801 0.000000 -0.734342 
802 0.000000 -0.721467 
803 0.000000 -0.708533 
804 0.000000 -0.695540 
805 0.000000 -0.682489 
806 0.000000 -0.669382 
807 0.000000 -0.656220 
808 0.000000 -0.643003 
809 0.000000 -0.629734 
810 0.000000 -0.616412 
811 0.000000 -0.603039 
812 0.000000 -0.589617 
813 0.000000 -0.576146 
814 0.000000 -0.562627 
815 0.000000 -0.549061 
816 0.000000 -0.535451 
817 0.000000 -0.521796 
818 0.000000 -0.508098 
819 0.000000 -0.494358 
820 0.000000 -0.480577 
821 0.000000 -0.466756 
822 0.000000 -0.452897 
823 0.000000 -0.439000 
824 0.000000 -0.425067 
825 0.000000 -0.411099 
826 0.000001 -0.397097 
827 0.000001 -0.383062 
828 0.000001 -0.368996 
829 0.000001 -0.354899 
830 0.000001 -0.340772 
831 0.000001 -0.326618 
832 0.000001 -0.312436 
833 0.000001 -0.298229 
834 0.000001 -0.283997 
835 0.000001 -0.269742 
836 0.000001 -0.255464 
837 0.000001 -0.241165 
838 0.000001 -0.226846 
839 0.000001 -0.212509 
840 0.000001 -0.198154 
841 0.000001 -0.183782 
842 0.000001 -0.169396 
843 0.000001 -0.154995 
844 0.000001 -0.140582 
845 0.000001 -0.126157 
846 0.000001 -0.111721 
847 0.000001 -0.097276 
848 0.000001 -0.082824 
849 0.000001 -0.068364 
850 0.000001 -0.053899 
851 0.000001 -0.039429 
852 0.000001 -0.024956 
853 0.000002 -0.010481 
854 0.000002 0.003995 
855 0.000002 0.018471 
856 0.000002 0.032945 
857 0.000002 0.047416 
858 0.000002 0.061883 
859 0.000002 0.076346 
860 0.000002 0.090802 
861 0.000002 0.105250 
862 0.000002 0.119690 
863 0.000002 0.134120 
864 0.000002 0.148539 
865 0.000003 0.162945 
866 0.000003 0.177338 
867 0.000003 0.191717 
868 0.000003 0.206079 
869 0.000003 0.220425 
870 0.000003 0.234752 
871 0.000003 0.249060 
872 0.000003 0.263347 
873 0.000003 0.277613 
874 0.000004 0.291855 
875 0.000004 0.306074 
876 0.000004 0.320267 
877 0.000004 0.334434 
878 0.000004 0.348573 
879 0.000004 0.362683 
880 0.000005 0.376764 
881 0.000005 0.390813 
882 0.000005 0.404830 
883 0.000005 0.418813 
884 0.000005 0.432762 
885 0.000006 0.446675 
886 0.000006 0.460551 
887 0.000006 0.474389 
888 0.000006 0.488188 
889 0.000006 0.501947 
890 0.000007 0.515664 
891 0.000007 0.529338 
892 0.000007 0.542969 
893 0.000008 0.556555 
894 0.000008 0.570094 
895 0.000008 0.583587 
896 0.000008 0.597031 
897 0.000009 0.610427 
898 0.000009 0.623771 
899 0.000009 0.637064 
900 0.000010 0.650305 
901 0.000010 0.663492 
902 0.000011 0.676623 
903 0.000011 0.689699 
904 0.000011 0.702718 
905 0.000012 0.715679 
906 0.000012 0.728581 
907 0.000013 0.741423 
908 0.000013 0.754203 
909 0.000014 0.766921 
910 0.000014 0.779575 
911 0.000015 0.792166 
912 0.000015 0.804690 
913 0.000016 0.817148 
914 0.000017 0.829539 
915 0.000017 0.841861 
916 0.000018 0.854114 
917 0.000019 0.866295 
918 0.000019 0.878406 
919 0.000020 0.890443 
920 0.000021 0.902408 
921 0.000022 0.914297 
922 0.000022 0.926111 
923 0.000023 0.937849 
924 0.000024 0.949509 
925 0.000025 0.961090 
926 0.000026 0.972592 
927 0.000027 0.984014 
928 0.000028 0.995354 
929 0.000029 1.006612 
930 0.000030 1.017787 
931 0.000031 1.028878 
932 0.000032 1.039884 
933 0.000033 1.050803 
934 0.000035 1.061636 
935 0.000036 1.072382 
936 0.000037 1.083038 
937 0.000039 1.093605 
938 0.000040 1.104082 
939 0.000041 1.114467 
940 0.000043 1.124761 
941 0.000044 1.134961 
942 0.000046 1.145068 
943 0.000048 1.155080 
944 0.000049 1.164996 
945 0.000051 1.174817 
946 0.000053 1.184540 
947 0.000055 1.194165 
948 0.000057 1.203691 
949 0.000059 1.213119 
950 0.000061 1.222445 
951 0.000063 1.231671 
952 0.000066 1.240795 
953 0.000068 1.249817 
954 0.000070 1.258735 
955 0.000073 1.267549 
956 0.000075 1.276258 
957 0.000078 1.284862 
958 0.000081 1.293360 
959 0.000084 1.301751 
960 0.000087 1.310034 
961 0.000090 1.318209 
962 0.000093 1.326275 
963 0.000096 1.334232 
964 0.000100 1.342078 
965 0.000103 1.349813 
966 0.000107 1.357437 
967 0.000110 1.364948 
968 0.000114 1.372347 
969 0.000118 1.379632 
970 0.000122 1.386804 
971 0.000127 1.393860 
972 0.000131 1.400802 
973 0.000136 1.407627 
974 0.000140 1.414337 
975 0.000145 1.420929 
976 0.000150 1.427404 
977 0.000155 1.433761 
978 0.000161 1.440000 
979 0.000166 1.446120 
980 0.000172 1.452120 
981 0.000178 1.458000 
982 0.000184 1.463759 
983 0.000190 1.469398 
984 0.000196 1.474915 
985 0.000203 1.480310 
986 0.000210 1.485583 
987 0.000217 1.490733 
988 0.000224 1.495760 
989 0.000232 1.500664 
990 0.000240 1.505443 
991 0.000248 1.510098 
992 0.000256 1.514628 
993 0.000265 1.519033 
994 0.000273 1.523312 
995 0.000283 1.527466 
996 0.000292 1.531493 
997 0.000302 1.535394 
998 0.000312 1.539168 
999 0.000322 1.542814 
1000 0.000333 1.546333 
1001 0.000344 1.549725 
1002 0.000355 1.552988 
1003 0.000367 1.556123 
1004 0.000379 1.559129 
1005 0.000391 1.562006 
1006 0.000404 1.564755 
1007 0.000417 1.567374 
1008 0.000431 1.569863 
1009 0.000445 1.572223 
1010 0.000459 1.574453 
1011 0.000474 1.576553 
1012 0.000490 1.578522 
1013 0.000505 1.580361 
1014 0.000522 1.582069 
1015 0.000539 1.583647 
1016 0.000556 1.585093 
1017 0.000574 1.586409 
1018 0.000592 1.587594 
1019 0.000611 1.588647 
1020 0.000631 1.589569 
1021 0.000651 1.590360 
1022 0.000672 1.591019 
1023 0.000693 1.591547 
1024 0.000715 1.591943 
1025 0.000738 1.592208 
1026 0.000761 1.592341 
1027 0.000785 1.592343 
1028 0.000810 1.592213 
1029 0.000835 1.591951 
1030 0.000861 1.591558 
1031 0.000888 1.591033 
1032 0.000916 1.590377 
1033 0.000945 1.589589 
1034 0.000974 1.588670 
1035 0.001005 1.587620 
1036 0.001036 1.586438 
1037 0.001068 1.585126 
1038 0.001101 1.583682 
1039 0.001135 1.582107 
1040 0.001170 1.580402 
1041 0.001206 1.578566 
1042 0.001243 1.576600 
1043 0.001281 1.574503 
1044 0.001321 1.572276 
1045 0.001361 1.569920 
1046 0.001402 1.567433 
1047 0.001445 1.564817 
1048 0.001489 1.562072 
1049 0.001534 1.559197 
1050 0.001581 1.556194 
1051 0.001629 1.553062 
1052 0.001678 1.549802 
1053 0.001728 1.546414 
1054 0.001780 1.542898 
1055 0.001834 1.539254 
1056 0.001889 1.535483 
1057 0.001945 1.531585 
1058 0.002003 1.527561 
1059 0.002063 1.523410 
1060 0.002124 1.519134 
1061 0.002187 1.514732 
1062 0.002252 1.510205 
1063 0.002319 1.505553 
1064 0.002387 1.500776 
1065 0.002458 1.495876 
1066 0.002530 1.490852 
1067 0.002604 1.485705 
1068 0.002680 1.480434 
1069 0.002759 1.475042 
1070 0.002839 1.469528 
1071 0.002922 1.463892 
1072 0.003007 1.458135 
1073 0.003094 1.452258 
1074 0.003184 1.446261 
1075 0.003276 1.440144 
1076 0.003370 1.433908 
1077 0.003467 1.427554 
1078 0.003567 1.421081 
1079 0.003669 1.414492 
1080 0.003774 1.407785 
1081 0.003882 1.400962 
1082 0.003993 1.394023 
1083 0.004106 1.386969 
1084 0.004223 1.379801 
1085 0.004343 1.372518 
1086 0.004466 1.365122 
1087 0.004592 1.357613 
1088 0.004721 1.349992 
1089 0.004854 1.342260 
1090 0.004990 1.334416 
1091 0.005130 1.326463 
1092 0.005274 1.318399 
1093 0.005421 1.310227 
1094 0.005572 1.301946 
1095 0.005726 1.293558 
1096 0.005885 1.285063 
1097 0.006048 1.276462 
1098 0.006215 1.267755 
1099 0.006387 1.258943 
1100 0.006562 1.250028 
1101 0.006743 1.241009 
1102 0.006927 1.231887 
1103 0.007117 1.222664 
1104 0.007311 1.213340 
1105 0.007510 1.203915 
1106 0.007714 1.194391 
1107 0.007924 1.184769 
1108 0.008138 1.175048 
1109 0.008358 1.165231 
1110 0.008583 1.155317 
1111 0.008814 1.145307 
1112 0.009051 1.135203 
1113 0.009294 1.125006 
1114 0.009542 1.114715 
1115 0.009797 1.104332 
1116 0.010058 1.093858 
1117 0.010325 1.083294 
1118 0.010599 1.072640 
1119 0.010879 1.061898 
1120 0.011166 1.051067 
1121 0.011461 1.040151 
1122 0.011762 1.029148 
1123 0.012071 1.018060 
1124 0.012387 1.006888 
1125 0.012710 0.995633 
1126 0.013042 0.984296 
1127 0.013381 0.972877 
1128 0.013728 0.961378 
1129 0.014084 0.949800 
1130 0.014448 0.938144 
1131 0.014821 0.926410 
1132 0.015202 0.914599 
1133 0.015593 0.902714 
1134 0.015992 0.890753 
1135 0.016401 0.878720 
1136 0.016820 0.866613 
1137 0.017248 0.854436 
1138 0.017686 0.842187 
1139 0.018135 0.829870 
1140 0.018594 0.817484 
1141 0.019063 0.805031 
1142 0.019543 0.792511 
1143 0.020034 0.779926 
1144 0.020536 0.767277 
1145 0.021050 0.754565 
1146 0.021576 0.741791 
1147 0.022113 0.728955 
1148 0.022663 0.716060 
1149 0.023225 0.703106 
1150 0.023800 0.690094 
1151 0.024387 0.677026 
1152 0.024988 0.663902 
1153 0.025602 0.650723 
1154 0.026230 0.637492 
1155 0.026871 0.624208 
1156 0.027527 0.610873 
1157 0.028198 0.597488 
1158 0.028883 0.584054 
1159 0.029583 0.570572 
1160 0.030299 0.557045 
1161 0.031030 0.543471 
1162 0.031777 0.529854 
1163 0.032541 0.516193 
1164 0.033321 0.502491 
1165 0.034117 0.488748 
1166 0.034931 0.474965 
1167 0.035763 0.461144 
1168 0.036612 0.447286 
1169 0.037479 0.433392 
1170 0.038365 0.419464 
1171 0.039270 0.405501 
1172 0.040194 0.391507 
1173 0.041137 0.377482 
1174 0.042100 0.363426 
1175 0.043084 0.349342 
1176 0.044088 0.335231 
1177 0.045112 0.321094 
1178 0.046159 0.306931 
1179 0.047227 0.292746 
1180 0.048317 0.278537 
1181 0.049429 0.264308 
1182 0.050565 0.250059 
1183 0.051724 0.235792 
1184 0.052906 0.221507 
1185 0.054113 0.207206 
1186 0.055344 0.192891 
1187 0.056600 0.178562 
1188 0.057881 0.164222 
1189 0.059189 0.149870 
1190 0.060522 0.135510 
1191 0.061882 0.121141 
1192 0.063269 0.106766 
1193 0.064684 0.092385 
1194 0.066127 0.078001 
1195 0.067599 0.063613 
1196 0.069099 0.049225 
1197 0.070630 0.034837 
1198 0.072190 0.020450 
1199 0.073780 0.006066 
1200 0.075401 -0.008313 
1201 0.077054 -0.022687 
1202 0.078739 -0.037054 
1203 0.080457 -0.051412 
1204 0.082207 -0.065760 
1205 0.083991 -0.080096 
1206 0.085809 -0.094420 
1207 0.087661 -0.108729 
1208 0.089549 -0.123022 
1209 0.091473 -0.137298 
1210 0.093432 -0.151555 
1211 0.095429 -0.165792 
1212 0.097463 -0.180007 
1213 0.099535 -0.194198 
1214 0.101645 -0.208365 
1215 0.103795 -0.222505 
1216 0.105984 -0.236618 
1217 0.108214 -0.250700 
1218 0.110484 -0.264752 
1219 0.112796 -0.278770 
1220 0.115151 -0.292755 
1221 0.117548 -0.306704 
1222 0.119988 -0.320614 
1223 0.122473 -0.334486 
1224 0.125002 -0.348317 
1225 0.127577 -0.362106 
1226 0.130197 -0.375850 
1227 0.132864 -0.389548 
1228 0.135579 -0.403199 
1229 0.138341 -0.416801 
1230 0.141152 -0.430352 
1231 0.144013 -0.443850 
1232 0.146923 -0.457293 
1233 0.149884 -0.470680 
1234 0.152897 -0.484009 
1235 0.155961 -0.497279 
1236 0.159079 -0.510486 
1237 0.162250 -0.523631 
1238 0.165475 -0.536710 
1239 0.168756 -0.549721 
1240 0.172092 -0.562664 
1241 0.175484 -0.575536 
1242 0.178934 -0.588335 
1243 0.182441 -0.601060 
1244 0.186008 -0.613707 
1245 0.189633 -0.626276 
1246 0.193319 -0.638765 
1247 0.197066 -0.651171 
1248 0.200875 -0.663493 
1249 0.204746 -0.675728 
1250 0.208681 -0.687874 
1251 0.212680 -0.699930 
1252 0.216743 -0.711894 
1253 0.220873 -0.723762 
1254 0.225068 -0.735534 
1255 0.229331 -0.747207 
1256 0.233663 -0.758779 
1257 0.238063 -0.770248 
1258 0.242533 -0.781611 
1259 0.247073 -0.792868 
1260 0.251685 -0.804014 
1261 0.256369 -0.815049 
1262 0.261126 -0.825970 
1263 0.265957 -0.836774 
1264 0.270863 -0.847461 
1265 0.275844 -0.858026 
1266 0.280901 -0.868469 
1267 0.286036 -0.878786 
1268 0.291249 -0.888977 
1269 0.296541 -0.899037 
1270 0.301913 -0.908965 
1271 0.307366 -0.918760 
1272 0.312900 -0.928417 
1273 0.318516 -0.937936 
1274 0.324216 -0.947313 
1275 0.330000 -0.956547 
1276 0.335869 -0.965634 
1277 0.341823 -0.974574 
1278 0.347865 -0.983362 
1279 0.353994 -0.991998 
1280 0.360212 -1.000479 
1281 0.366519 -1.008801 
1282 0.372916 -1.016964 
1283 0.379405 -1.024964 
1284 0.385985 -1.032799 
1285 0.392658 -1.040467 
1286 0.399425 -1.047965 
1287 0.406287 -1.055292 
1288 0.413244 -1.062444 
1289 0.420298 -1.069419 
1290 0.427449 -1.076216 
1291 0.434698 -1.082831 
1292 0.442046 -1.089262 
1293 0.449494 -1.095508 
1294 0.457043 -1.101565 
1295 0.464693 -1.107431 
1296 0.472446 -1.113105 
1297 0.480302 -1.118583 
1298 0.488263 -1.123864 
1299 0.496328 -1.128945 
1300 0.504500 -1.133825 
1301 0.512778 -1.138500 
1302 0.521164 -1.142969 
1303 0.529658 -1.147230 
1304 0.538262 -1.151280 
1305 0.546976 -1.155118 
1306 0.555801 -1.158741 
1307 0.564738 -1.162147 
1308 0.573787 -1.165335 
1309 0.582950 -1.168302 
1310 0.592227 -1.171046 
1311 0.601619 -1.173565 
1312 0.611127 -1.175859 
1313 0.620752 -1.177924 
1314 0.630494 -1.179759 
1315 0.640355 -1.181362 
1316 0.650334 -1.182732 
1317 0.660433 -1.183867 
1318 0.670653 -1.184765 
1319 0.680994 -1.185425 
1320 0.691457 -1.185845 
1321 0.702043 -1.186024 
1322 0.712753 -1.185960 
1323 0.723586 -1.185652 
1324 0.734545 -1.185099 
1325 0.745629 -1.184300 
1326 0.756839 -1.183254 
1327 0.768177 -1.181958 
1328 0.779642 -1.180413 
1329 0.791235 -1.178617 
1330 0.802958 -1.176570 
1331 0.814810 -1.174270 
1332 0.826792 -1.171717 
1333 0.838905 -1.168910 
1334 0.851149 -1.165849 
1335 0.863525 -1.162533 
1336 0.876034 -1.158961 
1337 0.888676 -1.155133 
1338 0.901452 -1.151050 
1339 0.914361 -1.146710 
1340 0.927406 -1.142113 
1341 0.940585 -1.137259 
1342 0.953901 -1.132149 
1343 0.967352 -1.126783 
1344 0.980940 -1.121160 
1345 0.994666 -1.115281 
1346 1.008528 -1.109146 
1347 1.022529 -1.102756 
1348 1.036667 -1.096111 
1349 1.050945 -1.089212 
1350 1.065361 -1.082059 
1351 1.079916 -1.074654 
1352 1.094612 -1.066997 
1353 1.109447 -1.059089 
1354 1.124422 -1.050931 
1355 1.139538 -1.042524 
1356 1.154794 -1.033870 
1357 1.170192 -1.024969 
1358 1.185730 -1.015824 
1359 1.201410 -1.006436 
1360 1.217232 -0.996806 
1361 1.233195 -0.986936 
1362 1.249299 -0.976827 
1363 1.265546 -0.966482 
1364 1.281934 -0.955903 
1365 1.298464 -0.945092 
1366 1.315137 -0.934050 
1367 1.331951 -0.922780 
1368 1.348907 -0.911284 
1369 1.366005 -0.899564 
1370 1.383245 -0.887624 
1371 1.400627 -0.875465 
1372 1.418150 -0.863091 
1373 1.435815 -0.850503 
1374 1.453622 -0.837705 
1375 1.471569 -0.824699 
1376 1.489658 -0.811489 
1377 1.507887 -0.798077 
1378 1.526256 -0.784467 
1379 1.544766 -0.770662 
1380 1.563416 -0.756664 
1381 1.582205 -0.742478 
1382 1.601133 -0.728106 
1383 1.620200 -0.713552 
1384 1.639405 -0.698819 
1385 1.658749 -0.683912 
1386 1.678229 -0.668833 
1387 1.697847 -0.653586 
1388 1.717600 -0.638176 
1389 1.737490 -0.622605 
1390 1.757515 -0.606878 
1391 1.777674 -0.590999 
1392 1.797967 -0.574971 
1393 1.818393 -0.558798 
1394 1.838952 -0.542485 
1395 1.859643 -0.526035 
1396 1.880465 -0.509453 
1397 1.901417 -0.492743 
1398 1.922498 -0.475908 
1399 1.943708 -0.458953 
1400 1.965045 -0.441883 
1401 1.986509 -0.424702 
1402 2.008099 -0.407413 
1403 2.029813 -0.390021 
1404 2.051652 -0.372530 
1405 2.073612 -0.354946 
1406 2.095695 -0.337271 
1407 2.117898 -0.319511 
1408 2.140221 -0.301670 
1409 2.162661 -0.283751 
1410 2.185219 -0.265761 
1411 2.207892 -0.247702 
1412 2.230680 -0.229579 
1413 2.253581 -0.211397 
1414 2.276594 -0.193160 
1415 2.299717 -0.174873 
1416 2.322950 -0.156539 
1417 2.346290 -0.138163 
1418 2.369736 -0.119749 
1419 2.393287 -0.101302 
1420 2.416941 -0.082826 
1421 2.440697 -0.064325 
1422 2.464553 -0.045804 
1423 2.488508 -0.027266 
1424 2.512559 -0.008716 
1425 2.536705 0.009843 
1426 2.560945 0.028405 
1427 2.585276 0.046967 
1428 2.609697 0.065525 
1429 2.634206 0.084074 
1430 2.658802 0.102612 
1431 2.683482 0.121133 
1432 2.708244 0.139635 
1433 2.733087 0.158112 
1434 2.758008 0.176562 
1435 2.783006 0.194981 
1436 2.808078 0.213365 
1437 2.833223 0.231710 
1438 2.858438 0.250012 
1439 2.883721 0.268269 
1440 2.909071 0.286476 
1441 2.934484 0.304630 
1442 2.959960 0.322729 
1443 2.985494 0.340767 
1444 3.011086 0.358743 
1445 3.036733 0.376653 
1446 3.062432 0.394493 
1447 3.088182 0.412262 
1448 3.113980 0.429955 
1449 3.139823 0.447569 
1450 3.165709 0.465103 
1451 3.191636 0.482552 
1452 3.217600 0.499914 
1453 3.243601 0.517187 
1454 3.269634 0.534368 
1455 3.295698 0.551454 
1456 3.321790 0.568442 
1457 3.347907 0.585330 
1458 3.374046 0.602116 
1459 3.400206 0.618797 
1460 3.426383 0.635372 
1461 3.452574 0.651837 
1462 3.478777 0.668191 
1463 3.504990 0.684431 
1464 3.531208 0.700556 
1465 3.557430 0.716563 
1466 3.583653 0.732451 
1467 3.609873 0.748217 
1468 3.636088 0.763861 
1469 3.662296 0.779380 
1470 3.688492 0.794772 
1471 3.714675 0.810036 
1472 3.740841 0.825170 
1473 3.766987 0.840173 
1474 3.793110 0.855043 
1475 3.819208 0.869780 
1476 3.845277 0.884381 
1477 3.871315 0.898845 
1478 3.897317 0.913171 
1479 3.923282 0.927359 
1480 3.949206 0.941406 
1481 3.975086 0.955311 
1482 4.000918 0.969075 
1483 4.026701 0.982695 
1484 4.052430 0.996171 
1485 4.078103 1.009501 
1486 4.103716 1.022686 
1487 4.129266 1.035724 
1488 4.154750 1.048614 
1489 4.180165 1.061356 
1490 4.205508 1.073949 
1491 4.230775 1.086393 
1492 4.255964 1.098686 
1493 4.281070 1.110829 
1494 4.306092 1.122820 
1495 4.331025 1.134660 
1496 4.355866 1.146348 
1497 4.380613 1.157883 
1498 4.405262 1.169265 
1499 4.429809 1.180494 
1500 4.454252 1.191569 
1501 4.478587 1.202491 
1502 4.502812 1.213258 
1503 4.526922 1.223871 
1504 4.550914 1.234330 
1505 4.574786 1.244634 
1506 4.598534 1.254783 
1507 4.622155 1.264777 
1508 4.645646 1.274616 
1509 4.669003 1.284300 
1510 4.692223 1.293828 
1511 4.715304 1.303202 
1512 4.738241 1.312420 
1513 4.761032 1.321483 
1514 4.783673 1.330391 
1515 4.806162 1.339143 
1516 4.828495 1.347741 
1517 4.850668 1.356183 
1518 4.872680 1.364470 
1519 4.894526 1.372603 
1520 4.916204 1.380581 
1521 4.937711 1.388404 
1522 4.959043 1.396073 
1523 4.980197 1.403587 
1524 5.001170 1.410947 
1525 5.021960 1.418154 
1526 5.042563 1.425206 
1527 5.062977 1.432105 
1528 5.083197 1.438850 
1529 5.103222 1.445442 
1530 5.123048 1.451882 
1531 5.142672 1.458168 
1532 5.162092 1.464302 
1533 5.181305 1.470283 
1534 5.200307 1.476113 
1535 5.219096 1.481790 
1536 5.237670 1.487316 
1537 5.256024 1.492691 
1538 5.274158 1.497915 
1539 5.292067 1.502988 
1540 5.309749 1.507910 
1541 5.327202 1.512682 
1542 5.344422 1.517304 
1543 5.361408 1.521776 
1544 5.378156 1.526099 
1545 5.394664 1.530272 
1546 5.410930 1.534297 
1547 5.426950 1.538173 
1548 5.442723 1.541901 
1549 5.458247 1.545481 
1550 5.473518 1.548913 
1551 5.488534 1.552197 
1552 5.503293 1.555335 
1553 5.517793 1.558325 
1554 5.532032 1.561169 
1555 5.546006 1.563867 
1556 5.559715 1.566419 
1557 5.573156 1.568825 
1558 5.586326 1.571085 
1559 5.599224 1.573201 
1560 5.611848 1.575172 
1561 5.624195 1.576998 
1562 5.636264 1.578681 
1563 5.648053 1.580219 
1564 5.659560 1.581614 
1565 5.670784 1.582865 
1566 5.681721 1.583974 
1567 5.692371 1.584940 
1568 5.702732 1.585764 
1569 5.712803 1.586446 
1570 5.722581 1.586986 
1571 5.732065 1.587385 
1572 5.741253 1.587643 
1573 5.750145 1.587760 
1574 5.758739 1.587736 
1575 5.767032 1.587573 
1576 5.775025 1.587270 
1577 5.782716 1.586828 
1578 5.790103 1.586246 
1579 5.797185 1.585526 
1580 5.803961 1.584668 
1581 5.810430 1.583671 
1582 5.816592 1.582537 
1583 5.822444 1.581265 
1584 5.827986 1.579857 
1585 5.833218 1.578312 
1586 5.838137 1.576631 
1587 5.842745 1.574813 
1588 5.847038 1.572861 
1589 5.851018 1.570773 
1590 5.854684 1.568550 
1591 5.858034 1.566193 
1592 5.861069 1.563702 
1593 5.863787 1.561077 
1594 5.866188 1.558320 
1595 5.868273 1.555429 
1596 5.870040 1.552406 
1597 5.871489 1.549251 
1598 5.872620 1.545964 
1599 5.873434 1.542547 
1600 5.873929 1.538998 
1601 5.874105 1.535319 
1602 5.873964 1.531511 
1603 5.873504 1.527573 
1604 5.872725 1.523506 
1605 5.871629 1.519310 
1606 5.870214 1.514986 
1607 5.868482 1.510535 
1608 5.866432 1.505957 
1609 5.864065 1.501252 
1610 5.861382 1.496421 
1611 5.858382 1.491464 
1612 5.855066 1.486382 
1613 5.851435 1.481176 
1614 5.847489 1.475845 
1615 5.843229 1.470391 
1616 5.838656 1.464813 
1617 5.833770 1.459114 
1618 5.828572 1.453292 
1619 5.823064 1.447348 
1620 5.817245 1.441284 
1621 5.811117 1.435099 
1622 5.804680 1.428795 
1623 5.797937 1.422371 
1624 5.790887 1.415829 
1625 5.783533 1.409169 
1626 5.775874 1.402391 
1627 5.767914 1.395497 
1628 5.759651 1.388486 
1629 5.751089 1.381360 
1630 5.742229 1.374119 
1631 5.733071 1.366764 
1632 5.723618 1.359295 
1633 5.713870 1.351712 
1634 5.703830 1.344018 
1635 5.693499 1.336212 
1636 5.682878 1.328295 
1637 5.671970 1.320267 
1638 5.660775 1.312130 
1639 5.649297 1.303884 
1640 5.637536 1.295530 
1641 5.625495 1.287068 
1642 5.613175 1.278500 
1643 5.600579 1.269825 
1644 5.587707 1.261045 
1645 5.574564 1.252161 
1646 5.561149 1.243173 
1647 5.547466 1.234081 
1648 5.533517 1.224888 
1649 5.519303 1.215593 
1650 5.504828 1.206197 
1651 5.490093 1.196701 
1652 5.475101 1.187106 
1653 5.459853 1.177413 
1654 5.444353 1.167622 
1655 5.428602 1.157735 
1656 5.412604 1.147752 
1657 5.396360 1.137673 
1658 5.379873 1.127501 
1659 5.363145 1.117235 
1660 5.346180 1.106877 
1661 5.328980 1.096427 
1662 5.311547 1.085886 
1663 5.293883 1.075255 
1664 5.275993 1.064536 
1665 5.257878 1.053728 
1666 5.239541 1.042833 
1667 5.220985 1.031852 
1668 5.202212 1.020786 
1669 5.183226 1.009635 
1670 5.164029 0.998400 
1671 5.144625 0.987083 
1672 5.125015 0.975685 
1673 5.105203 0.964205 
1674 5.085192 0.952646 
1675 5.064985 0.941008 
1676 5.044585 0.929293 
1677 5.023994 0.917500 
1678 5.003216 0.905632 
1679 4.982254 0.893688 
1680 4.961111 0.881671 
1681 4.939789 0.869581 
1682 4.918293 0.857419 
1683 4.896624 0.845186 
1684 4.874787 0.832883 
1685 4.852784 0.820511 
1686 4.830618 0.808072 
1687 4.808293 0.795565 
1688 4.785811 0.782993 
1689 4.763176 0.770356 
1690 4.740391 0.757656 
1691 4.717459 0.744893 
1692 4.694384 0.732068 
1693 4.671168 0.719183 
1694 4.647815 0.706238 
1695 4.624328 0.693235 
1696 4.600710 0.680174 
1697 4.576964 0.667058 
1698 4.553095 0.653886 
1699 4.529104 0.640660 
1700 4.504995 0.627381 
1701 4.480771 0.614051 
1702 4.456436 0.600669 
1703 4.431993 0.587238 
1704 4.407444 0.573759 
1705 4.382794 0.560232 
1706 4.358046 0.546658 
1707 4.333202 0.533040 
1708 4.308266 0.519377 
1709 4.283242 0.505672 
1710 4.258132 0.491924 
1711 4.232939 0.478136 
1712 4.207667 0.464309 
1713 4.182320 0.450443 
1714 4.156899 0.436540 
1715 4.131409 0.422601 
1716 4.105853 0.408627 
1717 4.080233 0.394619 
1718 4.054553 0.380578 
1719 4.028817 0.366506 
1720 4.003026 0.352404 
1721 3.977185 0.338273 
1722 3.951297 0.324113 
1723 3.925364 0.309927 
1724 3.899390 0.295715 
1725 3.873378 0.281479 
1726 3.847330 0.267220 
1727 3.821250 0.252938 
1728 3.795141 0.238636 
1729 3.769007 0.224314 
1730 3.742849 0.209973 
1731 3.716671 0.195615 
1732 3.690476 0.181241 
1733 3.664267 0.166852 
1734 3.638046 0.152449 
1735 3.611818 0.138033 
1736 3.585584 0.123606 
1737 3.559347 0.109169 
1738 3.533111 0.094723 
1739 3.506877 0.080269 
1740 3.480650 0.065808 
1741 3.454432 0.051342 
1742 3.428225 0.036871 
1743 3.402032 0.022398 
1744 3.375857 0.007923 
1745 3.349701 -0.006553 
1746 3.323567 -0.021029 
1747 3.297459 -0.035502 
1748 3.271378 -0.049973 
1749 3.245327 -0.064440 
1750 3.219309 -0.078901 
1751 3.193326 -0.093356 
1752 3.167382 -0.107803 
1753 3.141477 -0.122241 
1754 3.115616 -0.136669 
1755 3.089800 -0.151086 
1756 3.064031 -0.165490 
1757 3.038312 -0.179880 
1758 3.012646 -0.194256 
1759 2.987035 -0.208616 
1760 2.961481 -0.222958 
1761 2.935986 -0.237282 
1762 2.910553 -0.251586 
1763 2.885183 -0.265870 
1764 2.859880 -0.280132 
1765 2.834644 -0.294370 
1766 2.809479 -0.308584 
1767 2.784386 -0.322773 
1768 2.759368 -0.336935 
1769 2.734426 -0.351069 
1770 2.709562 -0.365174 
1771 2.684779 -0.379249 
1772 2.660078 -0.393292 
1773 2.635461 -0.407303 
1774 2.610931 -0.421281 
1775 2.586489 -0.435223 
1776 2.562136 -0.449130 
1777 2.537875 -0.462999 
1778 2.513707 -0.476831 
1779 2.489635 -0.490623 
1780 2.465659 -0.504374 
1781 2.441781 -0.518083 
1782 2.418004 -0.531750 
1783 2.394328 -0.545373 
1784 2.370755 -0.558951 
1785 2.347287 -0.572482 
1786 2.323926 -0.585967 
1787 2.300672 -0.599402 
1788 2.277527 -0.612789 
1789 2.254492 -0.626124 
1790 2.231570 -0.639408 
1791 2.208760 -0.652639 
1792 2.186065 -0.665816 
1793 2.163486 -0.678938 
1794 2.141024 -0.692004 
1795 2.118680 -0.705013 
1796 2.096456 -0.717964 
1797 2.074352 -0.730855 
1798 2.052370 -0.743686 
1799 2.030511 -0.756455 
1800 2.008775 -0.769162 
1801 1.987165 -0.781805 
1802 1.965680 -0.794384 
1803 1.944321 -0.806897 
1804 1.923091 -0.819343 
1805 1.901989 -0.831722 
1806 1.881017 -0.844031 
1807 1.860175 -0.856272 
1808 1.839464 -0.868441 
1809 1.818885 -0.880538 
1810 1.798438 -0.892563 
1811 1.778125 -0.904514 
1812 1.757946 -0.916391 
1813 1.737902 -0.928191 
1814 1.717993 -0.939915 
1815 1.698220 -0.951561 
1816 1.678583 -0.963129 
1817 1.659083 -0.974616 
1818 1.639721 -0.986024 
1819 1.620497 -0.997350 
1820 1.601412 -1.008593 
1821 1.582465 -1.019753 
1822 1.563657 -1.030829 
1823 1.544990 -1.041820 
1824 1.526462 -1.052724 
1825 1.508075 -1.063542 
1826 1.489828 -1.074271 
1827 1.471722 -1.084912 
1828 1.453757 -1.095463 
1829 1.435934 -1.105924 
1830 1.418252 -1.116293 
1831 1.400712 -1.126570 
1832 1.383314 -1.136754 
1833 1.366057 -1.146844 
1834 1.348943 -1.156839 
1835 1.331971 -1.166739 
1836 1.315141 -1.176542 
1837 1.298453 -1.186248 
1838 1.281907 -1.195856 
1839 1.265504 -1.205365 
1840 1.249242 -1.214774 
1841 1.233123 -1.224083 
1842 1.217145 -1.233291 
1843 1.201310 -1.242397 
1844 1.185616 -1.251400 
1845 1.170063 -1.260300 
1846 1.154652 -1.269096 
1847 1.139382 -1.277787 
1848 1.124253 -1.286372 
1849 1.109265 -1.294851 
1850 1.094417 -1.303223 
1851 1.079709 -1.311487 
1852 1.065141 -1.319643 
1853 1.050712 -1.327689 
1854 1.036423 -1.335626 
1855 1.022273 -1.343453 
1856 1.008261 -1.351168 
1857 0.994387 -1.358772 
1858 0.980651 -1.366264 
1859 0.967052 -1.373643 
1860 0.953589 -1.380908 
1861 0.940264 -1.388059 
1862 0.927074 -1.395095 
1863 0.914019 -1.402016 
1864 0.901100 -1.408822 
1865 0.888314 -1.415510 
1866 0.875663 -1.422082 
1867 0.863145 -1.428536 
1868 0.850760 -1.434873 
1869 0.838507 -1.441090 
1870 0.826385 -1.447189 
1871 0.814395 -1.453168 
1872 0.802535 -1.459026 
1873 0.790804 -1.464765 
1874 0.779203 -1.470382 
1875 0.767731 -1.475877 
1876 0.756386 -1.481251 
1877 0.745168 -1.486502 
1878 0.734077 -1.491631 
1879 0.723112 -1.496636 
1880 0.712272 -1.501517 
1881 0.701556 -1.506275 
1882 0.690964 -1.510908 
1883 0.680495 -1.515416 
1884 0.670149 -1.519798 
1885 0.659923 -1.524056 
1886 0.649819 -1.528187 
1887 0.639834 -1.532192 
1888 0.629969 -1.536070 
1889 0.620222 -1.539821 
1890 0.610593 -1.543445 
1891 0.601080 -1.546942 
1892 0.591684 -1.550311 
1893 0.582403 -1.553551 
1894 0.573236 -1.556663 
1895 0.564183 -1.559647 
1896 0.555243 -1.562502 
1897 0.546415 -1.565227 
1898 0.537698 -1.567823 
1899 0.529091 -1.570290 
1900 0.520594 -1.572627 
1901 0.512206 -1.574833 
1902 0.503925 -1.576910 
1903 0.495751 -1.578856 
1904 0.487683 -1.580672 
1905 0.479721 -1.582358 
1906 0.471863 -1.583912 
1907 0.464108 -1.585336 
1908 0.456457 -1.586628 
1909 0.448907 -1.587789 
1910 0.441457 -1.588820 
1911 0.434108 -1.589719 
1912 0.426858 -1.590486 
1913 0.419707 -1.591122 
1914 0.412652 -1.591627 
1915 0.405695 -1.592000 
1916 0.398833 -1.592241 
1917 0.392065 -1.592351 
1918 0.385392 -1.592329 
1919 0.378811 -1.592176 
1920 0.372323 -1.591891 
1921 0.365926 -1.591475 
1922 0.359620 -1.590927 
1923 0.353402 -1.590247 
1924 0.347274 -1.589436 
1925 0.341233 -1.588494 
1926 0.335279 -1.587420 
1927 0.329412 -1.586216 
1928 0.323629 -1.584880 
1929 0.317930 -1.583413 
1930 0.312315 -1.581815 
1931 0.306782 -1.580087 
1932 0.301332 -1.578228 
1933 0.295961 -1.576239 
1934 0.290671 -1.574119 
1935 0.285460 -1.571869 
1936 0.280327 -1.569490 
1937 0.275271 -1.566980 
1938 0.270292 -1.564341 
1939 0.265388 -1.561573 
1940 0.260560 -1.558676 
1941 0.255805 -1.555650 
1942 0.251123 -1.552495 
1943 0.246514 -1.549212 
1944 0.241976 -1.545802 
1945 0.237509 -1.542263 
1946 0.233112 -1.538597 
1947 0.228783 -1.534803 
1948 0.224523 -1.530883 
1949 0.220330 -1.526837 
1950 0.216204 -1.522664 
1951 0.212143 -1.518365 
1952 0.208148 -1.513941 
1953 0.204216 -1.509392 
1954 0.200348 -1.504718 
1955 0.196542 -1.499919 
1956 0.192799 -1.494997 
1957 0.189116 -1.489951 
1958 0.185494 -1.484782 
1959 0.181931 -1.479490 
1960 0.178427 -1.474076 
1961 0.174981 -1.468540 
1962 0.171592 -1.462883 
1963 0.168259 -1.457105 
1964 0.164983 -1.451207 
1965 0.161761 -1.445188 
1966 0.158594 -1.439050 
1967 0.155480 -1.432793 
1968 0.152419 -1.426418 
1969 0.149410 -1.419925 
1970 0.146453 -1.413315 
1971 0.143546 -1.406587 
1972 0.140690 -1.399744 
1973 0.137883 -1.392785 
1974 0.135124 -1.385710 
1975 0.132414 -1.378521 
1976 0.129750 -1.371219 
1977 0.127134 -1.363803 
1978 0.124563 -1.356274 
1979 0.122038 -1.348633 
1980 0.119558 -1.340881 
1981 0.117121 -1.333018 
1982 0.114728 -1.325044 
1983 0.112378 -1.316961 
1984 0.110070 -1.308770 
1985 0.107803 -1.300470 
1986 0.105578 -1.292063 
1987 0.103392 -1.283549 
1988 0.101247 -1.274928 
1989 0.099140 -1.266203 
1990 0.097073 -1.257373 
1991 0.095043 -1.248439 
1992 0.093050 -1.239401 
1993 0.091095 -1.230262 
1994 0.089175 -1.221020 
1995 0.087291 -1.211678 
1996 0.085443 -1.202236 
1997 0.083629 -1.192694 
1998 0.081849 -1.183054 
1999 0.080103 -1.173316 
2000 0.078389 -1.163480 
2001 0.076708 -1.153549 
2002 0.075060 -1.143523 
2003 0.073442 -1.133402 
2004 0.071856 -1.123187 
2005 0.070299 -1.112879 
2006 0.068773 -1.102480 
2007 0.067277 -1.091989 
2008 0.065809 -1.081408 
2009 0.064370 -1.070738 
2010 0.062959 -1.059979 
2011 0.061575 -1.049133 
2012 0.060219 -1.038200 
2013 0.058889 -1.027181 
2014 0.057586 -1.016077 
2015 0.056308 -1.004890 
2016 0.055056 -0.993619 
2017 0.053829 -0.982266 
2018 0.052626 -0.970832 
2019 0.051447 -0.959318 
2020 0.050292 -0.947724 
2021 0.049160 -0.936052 
2022 0.048051 -0.924303 
2023 0.046965 -0.912477 
2024 0.045900 -0.900576 
2025 0.044857 -0.888601 
2026 0.043836 -0.876552 
2027 0.042835 -0.864430 
2028 0.041855 -0.852238 
2029 0.040896 -0.839974 
2030 0.039956 -0.827642 
2031 0.039035 -0.815241 
2032 0.038134 -0.802772 
2033 0.037252 -0.790237 
2034 0.036387 -0.777637 
2035 0.035541 -0.764973 
2036 0.034713 -0.752245 
2037 0.033903 -0.739456 
2038 0.033109 -0.726605 
2039 0.032332 -0.713694 
2040 0.031572 -0.700724 
2041 0.030828 -0.687696 
2042 0.030100 -0.674612 
2043 0.029387 -0.661471 
2044 0.028690 -0.648276 
2045 0.028008 -0.635028 
2046 0.027340 -0.621726 
2047 0.026687 -0.608374 
2048 0.026048 -0.594971 
2049 0.025423 -0.581519 
2050 0.024812 -0.568019 
2051 0.024214 -0.554472 
2052 0.023629 -0.540880 
2053 0.023057 -0.527242 
2054 0.022498 -0.513561 
2055 0.021951 -0.499838 
2056 0.021416 -0.486073 
2057 0.020893 -0.472268 
2058 0.020382 -0.458424 
2059 0.019882 -0.444542 
2060 0.019394 -0.430623 
2061 0.018916 -0.416669 
2062 0.018449 -0.402680 
2063 0.017993 -0.388659 
2064 0.017547 -0.374605 
2065 0.017111 -0.360520 
2066 0.016685 -0.346405 
2067 0.016269 -0.332261 
2068 0.015862 -0.318090 
2069 0.015465 -0.303893 
2070 0.015077 -0.289671 
2071 0.014697 -0.275425 
2072 0.014327 -0.261156 
2073 0.013965 -0.246865 
2074 0.013611 -0.232554 
2075 0.013266 -0.218224 
2076 0.012929 -0.203876 
2077 0.012599 -0.189511 
2078 0.012278 -0.175130 
2079 0.011964 -0.160735 
2080 0.011657 -0.146326 
2081 0.011357 -0.131906 
2082 0.011065 -0.117474 
2083 0.010780 -0.103033 
2084 0.010501 -0.088583 
2085 0.010229 -0.074126 
2086 0.009964 -0.059663 
2087 0.009705 -0.045195 
2088 0.009452 -0.030723 
2089 0.009205 -0.016249 
2090 0.008964 -0.001773 
2091 0.008729 0.012703 
2092 0.008500 0.027177 
2093 0.008276 0.041650 
2094 0.008058 0.056119 
2095 0.007845 0.070584 
2096 0.007637 0.085042 
2097 0.007434 0.099494 
2098 0.007237 0.113937 
2099 0.007044 0.128371 
2100 0.006856 0.142795 
2101 0.006672 0.157206 
2102 0.006494 0.171605 
2103 0.006319 0.185989 
2104 0.006149 0.200358 
2105 0.005984 0.214711 
2106 0.005822 0.229045 
2107 0.005664 0.243361 
2108 0.005511 0.257657 
2109 0.005361 0.271931 
2110 0.005215 0.286183 
2111 0.005073 0.300411 
2112 0.004934 0.314615 
2113 0.004799 0.328792 
2114 0.004667 0.342942 
2115 0.004539 0.357064 
2116 0.004414 0.371157 
2117 0.004292 0.385218 
2118 0.004174 0.399248 
2119 0.004058 0.413245 
2120 0.003945 0.427208 
2121 0.003836 0.441135 
2122 0.003729 0.455026 
2123 0.003625 0.468880 
2124 0.003523 0.482694 
2125 0.003425 0.496469 
2126 0.003329 0.510203 
2127 0.003235 0.523894 
2128 0.003144 0.537543 
2129 0.003055 0.551146 
2130 0.002969 0.564705 
2131 0.002885 0.578216 
2132 0.002803 0.591680 
2133 0.002723 0.605095 
2134 0.002645 0.618460 
2135 0.002570 0.631774 
2136 0.002496 0.645035 
2137 0.002425 0.658244 
2138 0.002355 0.671398 
2139 0.002288 0.684496 
2140 0.002222 0.697538 
2141 0.002158 0.710522 
2142 0.002095 0.723447 
2143 0.002035 0.736313 
2144 0.001975 0.749118 
2145 0.001918 0.761861 
2146 0.001862 0.774541 
2147 0.001808 0.787157 
2148 0.001755 0.799707 
2149 0.001704 0.812192 
2150 0.001654 0.824610 
2151 0.001605 0.836959 
2152 0.001558 0.849240 
2153 0.001512 0.861450 
2154 0.001467 0.873589 
2155 0.001424 0.885656 
2156 0.001382 0.897649 
2157 0.001340 0.909569 
2158 0.001301 0.921413 
2159 0.001262 0.933181 
2160 0.001224 0.944872 
2161 0.001188 0.956485 
2162 0.001152 0.968018 
2163 0.001117 0.979472 
2164 0.001084 0.990845 
2165 0.001051 1.002136 
2166 0.001019 1.013344 
2167 0.000989 1.024469 
2168 0.000959 1.035508 
2169 0.000930 1.046463 
2170 0.000901 1.057330 
2171 0.000874 1.068111 
2172 0.000847 1.078803 
2173 0.000821 1.089405 
2174 0.000796 1.099918 
2175 0.000772 1.110340 
2176 0.000748 1.120670 
2177 0.000725 1.130908 
2178 0.000703 1.141052 
2179 0.000681 1.151102 
2180 0.000660 1.161056 
2181 0.000640 1.170915 
2182 0.000620 1.180677 
2183 0.000600 1.190341 
2184 0.000582 1.199907 
2185 0.000564 1.209374 
2186 0.000546 1.218741 
2187 0.000529 1.228007 
2188 0.000512 1.237172 
2189 0.000496 1.246234 
2190 0.000481 1.255194 
2191 0.000466 1.264049 
2192 0.000451 1.272801 
2193 0.000437 1.281447 
2194 0.000423 1.289987 
2195 0.000409 1.298420 
2196 0.000396 1.306746 
2197 0.000384 1.314965 
2198 0.000372 1.323074 
2199 0.000360 1.331074 
2200 0.000348 1.338965 
2201 0.000337 1.346744 
2202 0.000326 1.354412 
2203 0.000316 1.361969 
2204 0.000306 1.369412 
2205 0.000296 1.376743 
2206 0.000286 1.383960 
2207 0.000277 1.391062 
2208 0.000268 1.398050 
2209 0.000259 1.404921 
2210 0.000251 1.411677 
2211 0.000243 1.418316 
2212 0.000235 1.424838 
2213 0.000227 1.431242 
2214 0.000220 1.437528 
2215 0.000212 1.443695 
2216 0.000205 1.449743 
2217 0.000199 1.455671 
2218 0.000192 1.461479 
2219 0.000186 1.467166 
2220 0.000180 1.472731 
2221 0.000174 1.478175 
2222 0.000168 1.483497 
2223 0.000162 1.488696 
2224 0.000157 1.493772 
2225 0.000152 1.498725 
2226 0.000147 1.503554 
2227 0.000142 1.508258 
2228 0.000137 1.512838 
2229 0.000133 1.517293 
2230 0.000128 1.521622 
2231 0.000124 1.525826 
2232 0.000120 1.529904 
2233 0.000116 1.533855 
2234 0.000112 1.537679 
2235 0.000108 1.541376 
2236 0.000104 1.544946 
2237 0.000101 1.548389 
2238 0.000097 1.551703 
2239 0.000094 1.554889 
2240 0.000091 1.557947 
2241 0.000088 1.560875 
2242 0.000085 1.563675 
2243 0.000082 1.566346 
2244 0.000079 1.568887 
2245 0.000076 1.571298 
2246 0.000074 1.573580 
2247 0.000071 1.575731 
2248 0.000069 1.577753 
2249 0.000066 1.579644 
2250 0.000064 1.581404 
2251 0.000062 1.583034 
2252 0.000060 1.584533 
2253 0.000058 1.585901 
2254 0.000056 1.587137 
2255 0.000054 1.588243 
2256 0.000052 1.589218 
2257 0.000050 1.590061 
2258 0.000048 1.590772 
2259 0.000046 1.591353 
2260 0.000045 1.591801 
2261 0.000043 1.592118 
2262 0.000042 1.592304 
2263 0.000040 1.592358 
2264 0.000039 1.592280 
2265 0.000037 1.592071 
2266 0.000036 1.591730 
2267 0.000035 1.591258 
2268 0.000034 1.590654 
2269 0.000032 1.589919 
2270 0.000031 1.589052 
2271 0.000030 1.588054 
2272 0.000029 1.586925 
2273 0.000028 1.585664 
2274 0.000027 1.584273 
2275 0.000026 1.582750 
2276 0.000025 1.581097 
2277 0.000024 1.579313 
2278 0.000023 1.577399 
2279 0.000023 1.575354 
2280 0.000022 1.573179 
2281 0.000021 1.570874 
2282 0.000020 1.568439 
2283 0.000019 1.565875 
2284 0.000019 1.563181 
2285 0.000018 1.560358 
2286 0.000017 1.557406 
2287 0.000017 1.554326 
2288 0.000016 1.551116 
2289 0.000016 1.547779 
2290 0.000015 1.544314 
2291 0.000014 1.540721 
2292 0.000014 1.537001 
2293 0.000013 1.533154 
2294 0.000013 1.529180 
2295 0.000012 1.525079 
2296 0.000012 1.520853 
2297 0.000011 1.516501 
2298 0.000011 1.512024 
2299 0.000011 1.507421 
2300 0.000010 1.502694 
2301 0.000010 1.497843 
2302 0.000010 1.492868 
2303 0.000009 1.487770 
2304 0.000009 1.482549 
2305 0.000008 1.477205 
2306 0.000008 1.471739 
2307 0.000008 1.466152 
2308 0.000008 1.460443 
2309 0.000007 1.454614 
2310 0.000007 1.448664 
2311 0.000007 1.442595 
2312 0.000006 1.436407 
2313 0.000006 1.430100 
2314 0.000006 1.423674 
2315 0.000006 1.417131 
2316 0.000006 1.410471 
2317 0.000005 1.403694 
2318 0.000005 1.396802 
2319 0.000005 1.389793 
2320 0.000005 1.382670 
2321 0.000005 1.375433 
2322 0.000004 1.368082 
2323 0.000004 1.360618 
2324 0.000004 1.353042 
2325 0.000004 1.345353 
2326 0.000004 1.337554 
2327 0.000004 1.329644 
2328 0.000003 1.321624 
2329 0.000003 1.313495 
2330 0.000003 1.305257 
2331 0.000003 1.296912 
2332 0.000003 1.288459 
2333 0.000003 1.279900 
2334 0.000003 1.271235 
2335 0.000003 1.262465 
2336 0.000003 1.253590 
2337 0.000002 1.244612 
2338 0.000002 1.235531 
2339 0.000002 1.226348 
2340 0.000002 1.217064 
2341 0.000002 1.207679 
2342 0.000002 1.198194 
2343 0.000002 1.188611 
2344 0.000002 1.178929 
2345 0.000002 1.169149 
2346 0.000002 1.159273 
2347 0.000002 1.149302 
2348 0.000002 1.139235 
2349 0.000001 1.129074 
2350 0.000001 1.118819 
2351 0.000001 1.108473 
2352 0.000001 1.098034 
2353 0.000001 1.087505 
2354 0.000001 1.076886 
2355 0.000001 1.066178 
2356 0.000001 1.055382 
2357 0.000001 1.044499 
2358 0.000001 1.033529 
2359 0.000001 1.022474 
2360 0.000001 1.011335 
2361 0.000001 1.000112 
2362 0.000001 0.988806 
2363 0.000001 0.977419 
2364 0.000001 0.965950 
2365 0.000001 0.954402 
2366 0.000001 0.942775 
2367 0.000001 0.931070 
2368 0.000001 0.919288 
2369 0.000001 0.907431 
2370 0.000001 0.895498 
2371 0.000001 0.883491 
2372 0.000001 0.871411 
2373 0.000001 0.859259 
2374 0.000001 0.847037 
2375 0.000001 0.834744 
2376 0.000000 0.822382 
2377 0.000000 0.809952 
2378 0.000000 0.797455 
2379 0.000000 0.784893 
2380 0.000000 0.772265 
2381 0.000000 0.759574 
2382 0.000000 0.746820 
2383 0.000000 0.734004 
2384 0.000000 0.721127 
2385 0.000000 0.708191 
2386 0.000000 0.695197 
2387 0.000000 0.682145 
2388 0.000000 0.669036 
2389 0.000000 0.655872 
2390 0.000000 0.642655 
2391 0.000000 0.629383 
2392 0.000000 0.616060 
2393 0.000000 0.602686 
2394 0.000000 0.589263 
2395 0.000000 0.575790 
2396 0.000000 0.562270 
2397 0.000000 0.548704 
2398 0.000000 0.535092 
2399 0.000000 0.521436 
2400 0.000000 0.507736 
2401 0.000000 0.493995 
2402 0.000000 0.480213 
2403 0.000000 0.466391 
2404 0.000000 0.452531 
2405 0.000000 0.438634 
2406 0.000000 0.424700 
2407 0.000000 0.410731 
2408 0.000000 0.396728 
2409 0.000000 0.382692 
2410 0.000000 0.368625 
2411 0.000000 0.354527 
2412 0.000000 0.340400 
2413 0.000000 0.326245 
2414 0.000000 0.312062 
2415 0.000000 0.297855 
2416 0.000000 0.283622 
2417 0.000000 0.269366 
2418 0.000000 0.255088 
2419 0.000000 0.240788 
2420 0.000000 0.226469 
2421 0.000000 0.212131 
2422 0.000000 0.197775 
2423 0.000000 0.183404 
2424 0.000000 0.169017 
2425 0.000000 0.154616 
2426 0.000000 0.140202 
2427 0.000000 0.125776 
2428 0.000000 0.111341 
2429 0.000000 0.096896 
2430 0.000000 0.082443 
2431 0.000000 0.067983 
2432 0.000000 0.053518 
2433 0.000000 0.039048 
2434 0.000000 0.024575 
2435 0.000000 0.010100 
2436 0.000000 -0.004376 
2437 0.000000 -0.018852 
2438 0.000000 -0.033326 
2439 0.000000 -0.047797 
2440 0.000000 -0.062264 
2441 0.000000 -0.076727 
2442 0.000000 -0.091182 
2443 0.000000 -0.105631 
2444 0.000000 -0.120070 
2445 0.000000 -0.134500 
2446 0.000000 -0.148918 
2447 0.000000 -0.163324 
2448 0.000000 -0.177717 
2449 0.000000 -0.192095 
2450 0.000000 -0.206457 
2451 0.000000 -0.220802 
2452 0.000000 -0.235129 
2453 0.000000 -0.249437 
2454 0.000000 -0.263723 
2455 0.000000 -0.277988 
2456 0.000000 -0.292230 
2457 0.000000 -0.306448 
2458 0.000000 -0.320641 
2459 0.000000 -0.334807 
2460 0.000000 -0.348945 
2461 0.000000 -0.363055 
2462 0.000000 -0.377134 
2463 0.000000 -0.391182 
2464 0.000000 -0.405198 
2465 0.000000 -0.419181 
2466 0.000000 -0.433129 
2467 0.000000 -0.447041 
2468 0.000000 -0.460916 
2469 0.000000 -0.474753 
2470 0.000000 -0.488551 
2471 0.000000 -0.502308 
2472 0.000000 -0.516024 
2473 0.000000 -0.529698 
2474 0.000000 -0.543327 
2475 0.000000 -0.556912 
2476 0.000000 -0.570450 
2477 0.000000 -0.583942 
2478 0.000000 -0.597385 
2479 0.000000 -0.610779 
2480 0.000000 -0.624122 
2481 0.000000 -0.637414 
2482 0.000000 -0.650653 
2483 0.000000 -0.663838 
2484 0.000000 -0.676969 
2485 0.000000 -0.690043 
2486 0.000000 -0.703061 
2487 0.000000 -0.716020 
2488 0.000000 -0.728920 
2489 0.000000 -0.741760 
2490 0.000000 -0.754539 
2491 0.000000 -0.767255 
2492 0.000000 -0.779908 
2493 0.000000 -0.792496 
2494 0.000000 -0.805019 
2495 0.000000 -0.817476 
2496 0.000000 -0.829864 
2497 0.000000 -0.842185 
2498 0.000000 -0.854435 
2499 0.000000 -0.866615 
2500 0.000000 -0.878724 
2501 0.000000 -0.890760 
2502 0.000000 -0.902722 
2503 0.000000 -0.914609 
2504 0.000000 -0.926421 
2505 0.000000 -0.938157 
2506 0.000000 -0.949815 
2507 0.000000 -0.961394 
2508 0.000000 -0.972894 
2509 0.000000 -0.984313 
2510 0.000000 -0.995652 
2511 0.000000 -1.006908 
2512 0.000000 -1.018080 
2513 0.000000 -1.029169 
2514 0.000000 -1.040172 
2515 0.000000 -1.051090 
2516 0.000000 -1.061921 
2517 0.000000 -1.072663 
2518 0.000000 -1.083318 
2519 0.000000 -1.093882 
2520 0.000000 -1.104357 
2521 0.000000 -1.114740 
2522 0.000000 -1.125031 
2523 0.000000 -1.135229 
2524 0.000000 -1.145333 
2525 0.000000 -1.155342 
2526 0.000000 -1.165256 
2527 0.000000 -1.175074 
2528 0.000000 -1.184794 
2529 0.000000 -1.194417 
2530 0.000000 -1.203941 
2531 0.000000 -1.213366 
2532 0.000000 -1.222690 
2533 0.000000 -1.231913 
2534 0.000000 -1.241034 
2535 0.000000 -1.250053 
2536 0.000000 -1.258968 
2537 0.000000 -1.267780 
2538 0.000000 -1.276486 
2539 0.000000 -1.285087 
2540 0.000000 -1.293582 
2541 0.000000 -1.301970 
2542 0.000000 -1.310251 
2543 0.000000 -1.318423 
2544 0.000000 -1.326486 
2545 0.000000 -1.334440 
2546 0.000000 -1.342283 
2547 0.000000 -1.350015 
2548 0.000000 -1.357636 
2549 0.000000 -1.365145 
2550 0.000000 -1.372540 
2551 0.000000 -1.379823 
2552 0.000000 -1.386991 
2553 0.000000 -1.394045 
2554 0.000000 -1.400983 
2555 0.000000 -1.407806 
2556 0.000000 -1.414512 
2557 0.000000 -1.421101 
2558 0.000000 -1.427573 
2559 0.000000 -1.433927 
2560 0.000000 -1.440163 
2561 0.000000 -1.446279 
2562 0.000000 -1.452276 
2563 0.000000 -1.458153 
2564 0.000000 -1.463909 
2565 0.000000 -1.469545 
2566 0.000000 -1.475059 
2567 0.000000 -1.480451 
2568 0.000000 -1.485721 
2569 0.000000 -1.490867 
2570 0.000000 -1.495891 
2571 0.000000 -1.500791 
2572 0.000000 -1.505567 
2573 0.000000 -1.510219 
2574 0.000000 -1.514746 
2575 0.000000 -1.519147 
2576 0.000000 -1.523423 
2577 0.000000 -1.527574 
2578 0.000000 -1.531598 
2579 0.000000 -1.535495 
2580 0.000000 -1.539265 
2581 0.000000 -1.542909 
2582 0.000000 -1.546424 
2583 0.000000 -1.549812 
2584 0.000000 -1.553072 
2585 0.000000 -1.556204 
2586 0.000000 -1.559206 
2587 0.000000 -1.562081 
2588 0.000000 -1.564825 
2589 0.000000 -1.567441 
2590 0.000000 -1.569927 
2591 0.000000 -1.572283 
2592 0.000000 -1.574510 
2593 0.000000 -1.576606 
2594 0.000000 -1.578572 
2595 0.000000 -1.580408 
2596 0.000000 -1.582112 
2597 0.000000 -1.583687 
2598 0.000000 -1.585130 
2599 0.000000 -1.586442 
2600 0.000000 -1.587623 
2601 0.000000 -1.588673 
2602 0.000000 -1.589592 
2603 0.000000 -1.590379 
2604 0.000000 -1.591035 
2605 0.000000 -1.591559 
2606 0.000000 -1.591952 
2607 0.000000 -1.592213 
2608 0.000000 -1.592343 
2609 0.000000 -1.592341 
2610 0.000000 -1.592207 
2611 0.000000 -1.591942 
2612 0.000000 -1.591546 
2613 0.000000 -1.591017 
2614 0.000000 -1.590358 
2615 0.000000 -1.589567 
2616 0.000000 -1.588644 
2617 0.000000 -1.587590 
2618 0.000000 -1.586405 
2619 0.000000 -1.585089 
2620 0.000000 -1.583642 
2621 0.000000 -1.582064 
2622 0.000000 -1.580355 
2623 0.000000 -1.578516 
2624 0.000000 -1.576546 
2625 0.000000 -1.574446 
2626 0.000000 -1.572216 
2627 0.000000 -1.569856 
2628 0.000000 -1.567366 
2629 0.000000 -1.564746 
2630 0.000000 -1.561998 
2631 0.000000 -1.559120 
2632 0.000000 -1.556113 
2633 0.000000 -1.552978 
2634 0.000000 -1.549714 
2635 0.000000 -1.546323 
2636 0.000000 -1.542803 
2637 0.000000 -1.539156 
2638 0.000000 -1.535382 
2639 0.000000 -1.531481 
2640 0.000000 -1.527453 
2641 0.000000 -1.523299 
2642 0.000000 -1.519020 
2643 0.000000 -1.514614 
2644 0.000000 -1.510084 
2645 0.000000 -1.505428 
2646 0.000000 -1.500649 
2647 0.000000 -1.495745 
2648 0.000000 -1.490718 
2649 0.000000 -1.485567 
2650 0.000000 -1.480294 
2651 0.000000 -1.474898 
2652 0.000000 -1.469381 
2653 0.000000 -1.463742 
2654 0.000000 -1.457982 
2655 0.000000 -1.452101 
2656 0.000000 -1.446101 
2657 0.000000 -1.439981 
2658 0.000000 -1.433742 
2659 0.000000 -1.427384 
2660 0.000000 -1.420909 
2661 0.000000 -1.414316 
2662 0.000000 -1.407606 
2663 0.000000 -1.400780 
2664 0.000000 -1.393838 
2665 0.000000 -1.386781 
2666 0.000000 -1.379610 
2667 0.000000 -1.372324 
2668 0.000000 -1.364925 
2669 0.000000 -1.357413 
2670 0.000000 -1.349789 
2671 0.000000 -1.342054 
2672 0.000000 -1.334207 
2673 0.000000 -1.326250 
2674 0.000000 -1.318184 
2675 0.000000 -1.310009 
2676 0.000000 -1.301725 
2677 0.000000 -1.293334 
2678 0.000000 -1.284836 
2679 0.000000 -1.276232 
2680 0.000000 -1.267522 
2681 0.000000 -1.258707 
2682 0.000000 -1.249789 
2683 0.000000 -1.240767 
2684 0.000000 -1.231643 
2685 0.000000 -1.222417 
2686 0.000000 -1.213089 
2687 0.000000 -1.203662 
2688 0.000000 -1.194135 
2689 0.000000 -1.184510 
2690 0.000000 -1.174786 
2691 0.000000 -1.164966 
2692 0.000000 -1.155049 
2693 0.000000 -1.145037 
2694 0.000000 -1.134930 
2695 0.000000 -1.124729 
2696 0.000000 -1.114435 
2697 0.000000 -1.104050 
2698 0.000000 -1.093573 
2699 0.000000 -1.083005 
2700 0.000000 -1.072348 
2701 0.000000 -1.061603 
2702 0.000000 -1.050770 
2703 0.000000 -1.039850 
2704 0.000000 -1.028844 
2705 0.000000 -1.017753 
2706 0.000000 -1.006577 
2707 0.000000 -0.995319 
2708 0.000000 -0.983978 
2709 0.000000 -0.972557 
2710 0.000000 -0.961054 
2711 0.000000 -0.949473 
2712 0.000000 -0.937812 
2713 0.000000 -0.926075 
2714 0.000000 -0.914260 
2715 0.000000 -0.902371 
2716 0.000000 -0.890406 
2717 0.000000 -0.878368 
2718 0.000000 -0.866258 
2719 0.000000 -0.854076 
2720 0.000000 -0.841823 
2721 0.000000 -0.829501 
2722 0.000000 -0.817110 
2723 0.000000 -0.804651 
2724 0.000000 -0.792127 
2725 0.000000 -0.779536 
2726 0.000000 -0.766882 
2727 0.000000 -0.754163 
2728 0.000000 -0.741383 
2729 0.000000 -0.728541 
2730 0.000000 -0.715639 
2731 0.000000 -0.702678 
2732 0.000000 -0.689659 
2733 0.000000 -0.676583 
2734 0.000000 -0.663451 
2735 0.000000 -0.650264 
2736 0.000000 -0.637023 
2737 0.000000 -0.623730 
2738 0.000000 -0.610385 
2739 0.000000 -0.596990 
2740 0.000000 -0.583545 
2741 0.000000 -0.570052 
2742 0.000000 -0.556512 
2743 0.000000 -0.542927 
2744 0.000000 -0.529296 
2745 0.000000 -0.515621 
2746 0.000000 -0.501904 
2747 0.000000 -0.488145 
2748 0.000000 -0.474346 
2749 0.000000 -0.460508 
2750 0.000000 -0.446632 
2751 0.000000 -0.432719 
2752 0.000000 -0.418770 
2753 0.000000 -0.404786 
2754 0.000000 -0.390769 
2755 0.000000 -0.376720 
2756 0.000000 -0.362640 
2757 0.000000 -0.348529 
2758 0.000000 -0.334390 
2759 0.000000 -0.320223 
2760 0.000000 -0.306030 
2761 0.000000 -0.291811 
2762 0.000000 -0.277569 
2763 0.000000 -0.263303 
2764 0.000000 -0.249016 
2765 0.000000 -0.234708 
2766 0.000000 -0.220380 
2767 0.000000 -0.206035 
2768 0.000000 -0.191672 
2769 0.000000 -0.177294 
2770 0.000000 -0.162900 
2771 0.000000 -0.148494 
2772 0.000000 -0.134075 
2773 0.000000 -0.119645 
2774 0.000000 -0.105205 
2775 0.000000 -0.090757 
2776 0.000000 -0.076301 
2777 0.000000 -0.061839 
2778 0.000000 -0.047371 
2779 0.000000 -0.032900 
2780 0.000000 -0.018426 
2781 0.000000 -0.003950 
2782 0.000000 0.010526 
2783 0.000000 0.025001 
2784 0.000000 0.039474 
2785 0.000000 0.053943 
2786 0.000000 0.068409 
2787 0.000000 0.082868 
2788 0.000000 0.097321 
2789 0.000000 0.111766 
2790 0.000000 0.126201 
2791 0.000000 0.140626 
2792 0.000000 0.155040 
2793 0.000000 0.169440 
2794 0.000000 0.183827 
2795 0.000000 0.198198 
2796 0.000000 0.212553 
2797 0.000000 0.226891 
2798 0.000000 0.241210 
2799 0.000000 0.255508 
2800 0.000000 0.269786 
2801 0.000000 0.284041 
2802 0.000000 0.298273 
2803 0.000000 0.312480 
2804 0.000000 0.326662 
2805 0.000000 0.340816 
2806 0.000000 0.354943 
2807 0.000000 0.369039 
2808 0.000000 0.383106 
2809 0.000000 0.397141 
2810 0.000000 0.411143 
2811 0.000000 0.425110 
2812 0.000000 0.439043 
2813 0.000000 0.452940 
2814 0.000000 0.466799 
2815 0.000000 0.480619 
2816 0.000000 0.494400 
2817 0.000000 0.508140 
2818 0.000000 0.521838 
2819 0.000000 0.535493 
2820 0.000000 0.549104 
2821 0.000000 0.562669 
2822 0.000000 0.576187 
2823 0.000000 0.589659 
2824 0.000000 0.603081 
2825 0.000000 0.616453 
2826 0.000000 0.629775 
2827 0.000001 0.643044 
2828 0.000001 0.656261 
2829 0.000001 0.669423 
2830 0.000001 0.682530 
2831 0.000001 0.695580 
2832 0.000001 0.708573 
2833 0.000001 0.721507 
2834 0.000001 0.734382 
2835 0.000001 0.747196 
2836 0.000001 0.759948 
2837 0.000001 0.772638 
2838 0.000001 0.785263 
2839 0.000001 0.797824 
2840 0.000001 0.810319 
2841 0.000001 0.822747 
2842 0.000001 0.835107 
2843 0.000001 0.847397 
2844 0.000001 0.859618 
2845 0.000001 0.871768 
2846 0.000001 0.883846 
2847 0.000001 0.895850 
2848 0.000001 0.907781 
2849 0.000001 0.919636 
2850 0.000001 0.931416 
2851 0.000001 0.943119 
2852 0.000001 0.954743 
2853 0.000001 0.966289 
2854 0.000002 0.977755 
2855 0.000002 0.989140 
2856 0.000002 1.000443 
2857 0.000002 1.011664 
2858 0.000002 1.022801 
2859 0.000002 1.033854 
2860 0.000002 1.044821 
2861 0.000002 1.055701 
2862 0.000002 1.066495 
2863 0.000002 1.077200 
2864 0.000002 1.087817 
2865 0.000002 1.098343 
2866 0.000003 1.108779 
2867 0.000003 1.119123 
2868 0.000003 1.129374 
2869 0.000003 1.139532 
2870 0.000003 1.149596 
2871 0.000003 1.159565 
2872 0.000003 1.169439 
2873 0.000003 1.179215 
2874 0.000003 1.188894 
2875 0.000004 1.198475 
2876 0.000004 1.207957 
2877 0.000004 1.217339 
2878 0.000004 1.226620 
2879 0.000004 1.235800 
2880 0.000004 1.244878 
2881 0.000005 1.253853 
2882 0.000005 1.262724 
2883 0.000005 1.271491 
2884 0.000005 1.280153 
2885 0.000005 1.288709 
2886 0.000006 1.297159 
2887 0.000006 1.305501 
2888 0.000006 1.313736 
2889 0.000006 1.321862 
2890 0.000006 1.329878 
2891 0.000007 1.337785 
2892 0.000007 1.345581 
2893 0.000007 1.353266 
2894 0.000008 1.360839 
2895 0.000008 1.368300 
2896 0.000008 1.375648 
2897 0.000008 1.382882 
2898 0.000009 1.390001 
2899 0.000009 1.397006 
2900 0.000009 1.403895 
2901 0.000010 1.410669 
2902 0.000010 1.417325 
2903 0.000011 1.423865 
2904 0.000011 1.430287 
2905 0.000011 1.436591 
2906 0.000012 1.442776 
2907 0.000012 1.448841 
2908 0.000013 1.454787 
2909 0.000013 1.460613 
2910 0.000014 1.466318 
2911 0.000014 1.471902 
2912 0.000015 1.477364 
2913 0.000015 1.482704 
2914 0.000016 1.487922 
2915 0.000017 1.493017 
2916 0.000017 1.497988 
2917 0.000018 1.502835 
2918 0.000019 1.507559 
2919 0.000019 1.512157 
2920 0.000020 1.516631 
2921 0.000021 1.520979 
2922 0.000022 1.525202 
2923 0.000022 1.529298 
2924 0.000023 1.533269 
2925 0.000024 1.537112 
2926 0.000025 1.540829 
2927 0.000026 1.544418 
2928 0.000027 1.547879 
2929 0.000028 1.551213 
2930 0.000029 1.554418 
2931 0.000030 1.557495 
2932 0.000031 1.560443 
2933 0.000032 1.563262 
2934 0.000033 1.565952 
2935 0.000035 1.568513 
2936 0.000036 1.570944 
2937 0.000037 1.573245 
2938 0.000039 1.575416 
2939 0.000040 1.577457 
2940 0.000041 1.579368 
2941 0.000043 1.581148 
2942 0.000044 1.582797 
2943 0.000046 1.584316 
2944 0.000048 1.585703 
2945 0.000049 1.586960 
2946 0.000051 1.588085 
2947 0.000053 1.589079 
2948 0.000055 1.589942 
2949 0.000057 1.590674 
2950 0.000059 1.591274 
2951 0.000061 1.591742 
2952 0.000063 1.592079 
2953 0.000066 1.592284 
2954 0.000068 1.592358 
2955 0.000070 1.592300 
2956 0.000073 1.592111 
2957 0.000075 1.591790 
2958 0.000078 1.591337 
2959 0.000081 1.590753 
2960 0.000084 1.590038 
2961 0.000087 1.589191 
2962 0.000090 1.588212 
2963 0.000093 1.587103 
2964 0.000096 1.585862 
2965 0.000100 1.584490 
2966 0.000103 1.582988 
2967 0.000107 1.581354 
2968 0.000110 1.579590 
2969 0.000114 1.577695 
2970 0.000118 1.575670 
2971 0.000122 1.573515 
2972 0.000127 1.571229 
2973 0.000131 1.568814 
2974 0.000136 1.566269 
2975 0.000140 1.563595 
2976 0.000145 1.560791 
2977 0.000150 1.557858 
2978 0.000155 1.554797 
2979 0.000161 1.551607 
2980 0.000166 1.548289 
2981 0.000172 1.544843 
2982 0.000178 1.541269 
2983 0.000184 1.537568 
2984 0.000190 1.533740 
2985 0.000196 1.529785 
2986 0.000203 1.525704 
2987 0.000210 1.521497 
2988 0.000217 1.517163 
2989 0.000224 1.512705 
2990 0.000232 1.508121 
2991 0.000240 1.503413 
2992 0.000248 1.498581 
2993 0.000256 1.493624 
2994 0.000265 1.488545 
2995 0.000273 1.483342 
2996 0.000283 1.478017 
2997 0.000292 1.472569 
2998 0.000302 1.467000 
2999 0.000312 1.461310 
3000 0.000322 1.455498 
3001 0.000333 1.449567 
3002 0.000344 1.443516 
3003 0.000355 1.437345 
3004 0.000367 1.431056 
3005 0.000379 1.424648 
3006 0.000391 1.418123 
3007 0.000404 1.411480 
3008 0.000417 1.404721 
3009 0.000431 1.397845 
3010 0.000445 1.390855 
3011 0.000459 1.383749 
3012 0.000474 1.376529 
3013 0.000490 1.369195 
3014 0.000505 1.361748 
3015 0.000522 1.354188 
3016 0.000539 1.346517 
3017 0.000556 1.338734 
3018 0.000574 1.330840 
3019 0.000592 1.322837 
3020 0.000611 1.314724 
3021 0.000631 1.306503 
3022 0.000651 1.298173 
3023 0.000672 1.289737 
3024 0.000693 1.281194 
3025 0.000715 1.272544 
3026 0.000738 1.263790 
3027 0.000761 1.254931 
3028 0.000785 1.245969 
3029 0.000810 1.236903 
3030 0.000835 1.227736 
3031 0.000861 1.218467 
3032 0.000888 1.209097 
3033 0.000916 1.199627 
3034 0.000945 1.190058 
3035 0.000974 1.180391 
3036 0.001005 1.170626 
3037 0.001036 1.160765 
3038 0.001068 1.150807 
3039 0.001101 1.140755 
3040 0.001135 1.130608 
3041 0.001170 1.120367 
3042 0.001206 1.110035 
3043 0.001243 1.099610 
3044 0.001281 1.089095 
3045 0.001321 1.078489 
3046 0.001361 1.067794 
3047 0.001402 1.057011 
3048 0.001445 1.046141 
3049 0.001489 1.035185 
3050 0.001534 1.024142 
3051 0.001581 1.013015 
3052 0.001629 1.001805 
3053 0.001678 0.990511 
3054 0.001728 0.979136 
3055 0.001780 0.967680 
3056 0.001834 0.956144 
3057 0.001889 0.944529 
3058 0.001945 0.932835 
3059 0.002003 0.921065 
3060 0.002063 0.909219 
3061 0.002124 0.897297 
3062 0.002187 0.885301 
3063 0.002252 0.873232 
3064 0.002319 0.861091 
3065 0.002387 0.848879 
3066 0.002458 0.836597 
3067 0.002530 0.824245 
3068 0.002604 0.811826 
3069 0.002680 0.799339 
3070 0.002759 0.786786 
3071 0.002839 0.774168 
3072 0.002922 0.761486 
3073 0.003007 0.748742 
3074 0.003094 0.735935 
3075 0.003184 0.723068 
3076 0.003276 0.710140 
3077 0.003370 0.697155 
3078 0.003467 0.684111 
3079 0.003567 0.671011 
3080 0.003669 0.657856 
3081 0.003774 0.644646 
3082 0.003882 0.631383 
3083 0.003993 0.618067 
3084 0.004106 0.604701 
3085 0.004223 0.591284 
3086 0.004343 0.577819 
3087 0.004466 0.564306 
3088 0.004592 0.550747 
3089 0.004721 0.537141 
3090 0.004854 0.523492 
3091 0.004990 0.509799 
3092 0.005130 0.496064 
3093 0.005274 0.482288 
3094 0.005421 0.468473 
3095 0.005572 0.454618 
3096 0.005726 0.440726 
3097 0.005885 0.426797 
3098 0.006048 0.412834 
3099 0.006215 0.398836 
3100 0.006387 0.384805 
3101 0.006562 0.370742 
3102 0.006743 0.356649 
3103 0.006927 0.342526 
3104 0.007117 0.328375 
3105 0.007311 0.314197 
3106 0.007510 0.299993 
3107 0.007714 0.285764 
3108 0.007924 0.271511 
3109 0.008138 0.257236 
3110 0.008358 0.242940 
3111 0.008583 0.228624 
3112 0.008814 0.214288 
3113 0.009051 0.199935 
3114 0.009294 0.185566 
3115 0.009542 0.171181 
3116 0.009797 0.156782 
3117 0.010058 0.142370 
3118 0.010325 0.127946 
3119 0.010599 0.113512 
3120 0.010879 0.099068 
3121 0.011166 0.084617 
3122 0.011461 0.070158 
3123 0.011762 0.055693 
3124 0.012071 0.041224 
3125 0.012387 0.026751 
3126 0.012710 0.012276 
3127 0.013042 -0.002199 
3128 0.013381 -0.016675 
3129 0.013728 -0.031149 
3130 0.014084 -0.045621 
3131 0.014448 -0.060089 
3132 0.014821 -0.074552 
3133 0.015202 -0.089009 
3134 0.015593 -0.103458 
3135 0.015992 -0.117899 
3136 0.016401 -0.132330 
3137 0.016820 -0.146751 
3138 0.017248 -0.161159 
3139 0.017686 -0.175554 
3140 0.018135 -0.189934 
3141 0.018594 -0.204299 
3142 0.019063 -0.218646 
3143 0.019543 -0.232976 
3144 0.020034 -0.247286 
3145 0.020536 -0.261576 
3146 0.021050 -0.275845 
3147 0.021576 -0.290090 
3148 0.022113 -0.304312 
3149 0.022663 -0.318508 
3150 0.023225 -0.332678 
3151 0.023800 -0.346821 
3152 0.024387 -0.360935 
3153 0.024988 -0.375019 
3154 0.025602 -0.389072 
3155 0.026230 -0.403093 
3156 0.026871 -0.417080 
3157 0.027527 -0.431034 
3158 0.028198 -0.444951 
3159 0.028883 -0.458832 
3160 0.029583 -0.472675 
3161 0.030299 -0.486479 
3162 0.031030 -0.500242 
3163 0.031777 -0.513964 
3164 0.032541 -0.527644 
3165 0.033321 -0.541280 
3166 0.034117 -0.554872 
3167 0.034931 -0.568417 
3168 0.035763 -0.581916 
3169 0.036612 -0.595366 
3170 0.037479 -0.608768 
3171 0.038365 -0.622119 
3172 0.039270 -0.635418 
3173 0.040194 -0.648665 
3174 0.041137 -0.661859 
3175 0.042100 -0.674998 
3176 0.043084 -0.688081 
3177 0.044088 -0.701107 
3178 0.045112 -0.714075 
3179 0.046159 -0.726984 
3180 0.047227 -0.739833 
3181 0.048317 -0.752621 
3182 0.049429 -0.765347 
3183 0.050565 -0.778009 
3184 0.051724 -0.790607 
3185 0.052906 -0.803140 
3186 0.054113 -0.815607 
3187 0.055344 -0.828006 
3188 0.056600 -0.840336 
3189 0.057881 -0.852598 
3190 0.059189 -0.864788 
3191 0.060522 -0.876908 
3192 0.061882 -0.888954 
3193 0.063269 -0.900928 
3194 0.064684 -0.912826 
3195 0.066127 -0.924650 
3196 0.067599 -0.936397 
3197 0.069099 -0.948066 
3198 0.070630 -0.959658 
3199 0.072190 -0.971170 
3200 0.073780 -0.982601 
3201 0.075401 -0.993952 
3202 0.077054 -1.005220 
3203 0.078739 -1.016405 
3204 0.080457 -1.027507 
3205 0.082207 -1.038523 
3206 0.083991 -1.049454 
3207 0.085809 -1.060297 
3208 0.087661 -1.071053 
3209 0.089549 -1.081721 
3210 0.091473 -1.092299 
3211 0.093432 -1.102787 
3212 0.095429 -1.113184 
3213 0.097463 -1.123489 
3214 0.099535 -1.133701 
3215 0.101645 -1.143819 
3216 0.103795 -1.153843 
3217 0.105984 -1.163771 
3218 0.108214 -1.173604 
3219 0.110484 -1.183339 
3220 0.112796 -1.192976 
3221 0.115151 -1.202515 
3222 0.117548 -1.211955 
3223 0.119988 -1.221294 
3224 0.122473 -1.230532 
3225 0.125002 -1.239669 
3226 0.127577 -1.248703 
3227 0.130197 -1.257634 
3228 0.132864 -1.266461 
3229 0.135579 -1.275184 
3230 0.138341 -1.283801 
3231 0.141152 -1.292312 
3232 0.144013 -1.300716 
3233 0.146923 -1.309012 
3234 0.149884 -1.317201 
3235 0.152897 -1.325281 
3236 0.155961 -1.333251 
3237 0.159079 -1.341111 
3238 0.162250 -1.348860 
3239 0.165475 -1.356497 
3240 0.168756 -1.364023 
3241 0.172092 -1.371435 
3242 0.175484 -1.378735 
3243 0.178934 -1.385920 
3244 0.182441 -1.392991 
3245 0.186008 -1.399947 
3246 0.189633 -1.406787 
3247 0.193319 -1.413511 
3248 0.197066 -1.420118 
3249 0.200875 -1.426608 
3250 0.204746 -1.432979 
3251 0.208681 -1.439233 
3252 0.212680 -1.445367 
3253 0.216743 -1.451382 
3254 0.220873 -1.457277 
3255 0.225068 -1.463051 
3256 0.229331 -1.468705 
3257 0.233663 -1.474237 
3258 0.238063 -1.479648 
3259 0.242533 -1.484936 
3260 0.247073 -1.490101 
3261 0.251685 -1.495144 
3262 0.256369 -1.500062 
3263 0.261126 -1.504857 
3264 0.265957 -1.509527 
3265 0.270863 -1.514073 
3266 0.275844 -1.518493 
3267 0.280901 -1.522788 
3268 0.286036 -1.526958 
3269 0.291249 -1.531000 
3270 0.296541 -1.534917 
3271 0.301913 -1.538706 
3272 0.307366 -1.542369 
3273 0.312900 -1.545904 
3274 0.318516 -1.549311 
3275 0.324216 -1.552590 
3276 0.330000 -1.555741 
3277 0.335869 -1.558763 
3278 0.341823 -1.561657 
3279 0.347865 -1.564421 
3280 0.353994 -1.567056 
3281 0.360212 -1.569562 
3282 0.366519 -1.571937 
3283 0.372916 -1.574183 
3284 0.379405 -1.576299 
3285 0.385985 -1.578285 
3286 0.392658 -1.580140 
3287 0.399425 -1.581864 
3288 0.406287 -1.583458 
3289 0.413244 -1.584921 
3290 0.420298 -1.586253 
3291 0.427449 -1.587454 
3292 0.434698 -1.588524 
3293 0.442046 -1.589462 
3294 0.449494 -1.590269 
3295 0.457043 -1.590945 
3296 0.464693 -1.591489 
3297 0.472446 -1.591901 
3298 0.480302 -1.592182 
3299 0.488263 -1.592332 
3300 0.496328 -1.592350 
3301 0.504500 -1.592236 
3302 0.512778 -1.591991 
3303 0.521164 -1.591614 
3304 0.529658 -1.591105 
3305 0.538262 -1.590465 
3306 0.546976 -1.589694 
3307 0.555801 -1.588791 
3308 0.564738 -1.587757 
3309 0.573787 -1.586592 
3310 0.582950 -1.585295 
3311 0.592227 -1.583868 
3312 0.601619 -1.582310 
3313 0.611127 -1.580621 
3314 0.620752 -1.578801 
3315 0.630494 -1.576851 
3316 0.640355 -1.574770 
3317 0.650334 -1.572560 
3318 0.660433 -1.570219 
3319 0.670653 -1.567749 
3320 0.680994 -1.565149 
3321 0.691457 -1.562419 
3322 0.702043 -1.559561 
3323 0.712753 -1.556574 
3324 0.723586 -1.553458 
3325 0.734545 -1.550213 
3326 0.745629 -1.546841 
3327 0.756839 -1.543341 
3328 0.768177 -1.539713 
3329 0.779642 -1.535958 
3330 0.791235 -1.532076 
3331 0.802958 -1.528067 
3332 0.814810 -1.523932 
3333 0.826792 -1.519671 
3334 0.838905 -1.515285 
3335 0.851149 -1.510773 
3336 0.863525 -1.506136 
3337 0.876034 -1.501375 
3338 0.888676 -1.496490 
3339 0.901452 -1.491482 
3340 0.914361 -1.486350 
3341 0.927406 -1.481095 
3342 0.940585 -1.475717 
3343 0.953901 -1.470218 
3344 0.967352 -1.464597 
3345 0.980940 -1.458856 
3346 0.994666 -1.452993 
3347 1.008528 -1.447011 
3348 1.022529 -1.440909 
3349 1.036667 -1.434688 
3350 1.050945 -1.428348 
3351 1.065361 -1.421890 
3352 1.079916 -1.415315 
3353 1.094612 -1.408623 
3354 1.109447 -1.401814 
3355 1.124422 -1.394890 
3356 1.139538 -1.387850 
3357 1.154794 -1.380696 
3358 1.170192 -1.373427 
3359 1.185730 -1.366045 
3360 1.201410 -1.358550 
3361 1.217232 -1.350943 
3362 1.233195 -1.343224 
3363 1.249299 -1.335394 
3364 1.265546 -1.327454 
3365 1.281934 -1.319404 
3366 1.298464 -1.311245 
3367 1.315137 -1.302978 
3368 1.331951 -1.294603 
3369 1.348907 -1.286121 
3370 1.366005 -1.277532 
3371 1.383245 -1.268838 
3372 1.400627 -1.260040 
3373 1.418150 -1.251137 
3374 1.435815 -1.242130 
3375 1.453622 -1.233021 
3376 1.471569 -1.223811 
3377 1.489658 -1.214499 
3378 1.507887 -1.205086 
3379 1.526256 -1.195574 
3380 1.544766 -1.185963 
3381 1.563416 -1.176255 
3382 1.582205 -1.166449 
3383 1.601133 -1.156546 
3384 1.620200 -1.146548 
3385 1.639405 -1.136456 
3386 1.658749 -1.126269 
3387 1.678229 -1.115989 
3388 1.697847 -1.105617 
3389 1.717600 -1.095154 
3390 1.737490 -1.084600 
3391 1.757515 -1.073957 
3392 1.777674 -1.063224 
3393 1.797967 -1.052404 
3394 1.818393 -1.041497 
3395 1.838952 -1.030504 
3396 1.859643 -1.019426 
3397 1.880465 -1.008263 
3398 1.901417 -0.997017 
3399 1.922498 -0.985689 
3400 1.943708 -0.974279 
3401 1.965045 -0.962789 
3402 1.986509 -0.951219 
3403 2.008099 -0.939571 
3404 2.029813 -0.927845 
3405 2.051652 -0.916042 
3406 2.073612 -0.904163 
3407 2.095695 -0.892210 
3408 2.117898 -0.880183 
3409 2.140221 -0.868084 
3410 2.162661 -0.855912 
3411 2.185219 -0.843670 
3412 2.207892 -0.831358 
3413 2.230680 -0.818978 
3414 2.253581 -0.806529 
3415 2.276594 -0.794014 
3416 2.299717 -0.781434 
3417 2.322950 -0.768789 
3418 2.346290 -0.756080 
3419 2.369736 -0.743309 
3420 2.393287 -0.730476 
3421 2.416941 -0.717583 
3422 2.440697 -0.704631 
3423 2.464553 -0.691621 
3424 2.488508 -0.678553 
3425 2.512559 -0.665429 
3426 2.536705 -0.652250 
3427 2.560945 -0.639018 
3428 2.585276 -0.625732 
3429 2.609697 -0.612395 
3430 2.634206 -0.599007 
3431 2.658802 -0.585570 
3432 2.683482 -0.572085 
3433 2.708244 -0.558552 
3434 2.733087 -0.544973 
3435 2.758008 -0.531348 
3436 2.783006 -0.517680 
3437 2.808078 -0.503970 
3438 2.833223 -0.490217 
3439 2.858438 -0.476424 
3440 2.883721 -0.462592 
3441 2.909071 -0.448721 
3442 2.934484 -0.434813 
3443 2.959960 -0.420870 
3444 2.985494 -0.406891 
3445 3.011086 -0.392879 
3446 3.036733 -0.378835 
3447 3.062432 -0.364759 
3448 3.088182 -0.350653 
3449 3.113980 -0.336518 
3450 3.139823 -0.322355 
3451 3.165709 -0.308166 
3452 3.191636 -0.293951 
3453 3.217600 -0.279712 
3454 3.243601 -0.265450 
3455 3.269634 -0.251166 
3456 3.295698 -0.236861 
3457 3.321790 -0.222536 
3458 3.347907 -0.208193 
3459 3.374046 -0.193833 
3460 3.400206 -0.179457 
3461 3.426383 -0.165066 
3462 3.452574 -0.150661 
3463 3.478777 -0.136244 
3464 3.504990 -0.121816 
3465 3.531208 -0.107377 
3466 3.557430 -0.092930 
3467 3.583653 -0.078475 
3468 3.609873 -0.064014 
3469 3.636088 -0.049547 
3470 3.662296 -0.035076 
3471 3.688492 -0.020602 
3472 3.714675 -0.006127 
3473 3.740841 0.008349 
3474 3.766987 0.022824 
3475 3.793110 0.037297 
3476 3.819208 0.051768 
3477 3.845277 0.066234 
3478 3.871315 0.080694 
3479 3.897317 0.095148 
3480 3.923282 0.109594 
3481 3.949206 0.124031 
3482 3.975086 0.138458 
3483 4.000918 0.152873 
3484 4.026701 0.167276 
3485 4.052430 0.181664 
3486 4.078103 0.196038 
3487 4.103716 0.210396 
3488 4.129266 0.224736 
3489 4.154750 0.239057 
3490 4.180165 0.253359 
3491 4.205508 0.267640 
3492 4.230775 0.281899 
3493 4.255964 0.296134 
3494 4.281070 0.310346 
3495 4.306092 0.324531 
3496 4.331025 0.338689 
3497 4.355866 0.352820 
3498 4.380613 0.366921 
3499 4.405262 0.380992 
3500 4.429809 0.395032 
3501 4.454252 0.409039 
3502 4.478587 0.423012 
3503 4.502812 0.436950 
3504 4.526922 0.450852 
3505 4.550914 0.464717 
3506 4.574786 0.478544 
3507 4.598534 0.492330 
3508 4.622155 0.506077 
3509 4.645646 0.519781 
3510 4.669003 0.533442 
3511 4.692223 0.547060 
3512 4.715304 0.560632 
3513 4.738241 0.574157 
3514 4.761032 0.587636 
3515 4.783673 0.601066 
3516 4.806162 0.614446 
3517 4.828495 0.627775 
3518 4.850668 0.641052 
3519 4.872680 0.654277 
3520 4.894526 0.667447 
3521 4.916204 0.680562 
3522 4.937711 0.693621 
3523 4.959043 0.706623 
3524 4.980197 0.719566 
3525 5.001170 0.732450 
3526 5.021960 0.745273 
3527 5.042563 0.758035 
3528 5.062977 0.770734 
3529 5.083197 0.783369 
3530 5.103222 0.795939 
3531 5.123048 0.808444 
3532 5.142672 0.820882 
3533 5.162092 0.833252 
3534 5.181305 0.845554 
3535 5.200307 0.857785 
3536 5.219096 0.869945 
3537 5.237670 0.882034 
3538 5.256024 0.894050 
3539 5.274158 0.905991 
3540 5.292067 0.917858 
3541 5.309749 0.929649 
3542 5.327202 0.941364 
3543 5.344422 0.953000 
3544 5.361408 0.964558 
3545 5.378156 0.976036 
3546 5.394664 0.987433 
3547 5.410930 0.998749 
3548 5.426950 1.009982 
3549 5.442723 1.021132 
3550 5.458247 1.032197 
3551 5.473518 1.043177 
3552 5.488534 1.054071 
3553 5.503293 1.064877 
3554 5.517793 1.075596 
3555 5.532032 1.086226 
3556 5.546006 1.096766 
3557 5.559715 1.107215 
3558 5.573156 1.117573 
3559 5.586326 1.127839 
3560 5.599224 1.138011 
3561 5.611848 1.148089 
3562 5.624195 1.158072 
3563 5.636264 1.167960 
3564 5.648053 1.177751 
3565 5.659560 1.187445 
3566 5.670784 1.197041 
3567 5.681721 1.206537 
3568 5.692371 1.215934 
3569 5.702732 1.225231 
3570 5.712803 1.234426 
3571 5.722581 1.243519 
3572 5.732065 1.252510 
3573 5.741253 1.261397 
3574 5.750145 1.270180 
3575 5.758739 1.278857 
3576 5.767032 1.287429 
3577 5.775025 1.295895 
3578 5.782716 1.304254 
3579 5.790103 1.312504 
3580 5.797185 1.320647 
3581 5.803961 1.328680 
3582 5.810430 1.336603 
3583 5.816592 1.344416 
3584 5.822444 1.352118 
3585 5.827986 1.359708 
3586 5.833218 1.367185 
3587 5.838137 1.374550 
3588 5.842745 1.381801 
3589 5.847038 1.388938 
3590 5.851018 1.395960 
3591 5.854684 1.402867 
3592 5.858034 1.409658 
3593 5.861069 1.416332 
3594 5.863787 1.422889 
3595 5.866188 1.429329 
3596 5.868273 1.435650 
3597 5.870040 1.441853 
3598 5.871489 1.447937 
3599 5.872620 1.453901 
3600 5.873434 1.459745 
3601 5.873929 1.465468 
3602 5.874105 1.471070 
3603 5.873964 1.476551 
3604 5.873504 1.481909 
3605 5.872725 1.487145 
3606 5.871629 1.492258 
3607 5.870214 1.497248 
3608 5.868482 1.502114 
3609 5.866432 1.506856 
3610 5.864065 1.511474 
3611 5.861382 1.515966 
3612 5.858382 1.520333 
3613 5.855066 1.524575 
3614 5.851435 1.528690 
3615 5.847489 1.532680 
3616 5.843229 1.536542 
3617 5.838656 1.540278 
3618 5.833770 1.543886 
3619 5.828572 1.547367 
3620 5.823064 1.550720 
3621 5.817245 1.553944 
3622 5.811117 1.557040 
3623 5.804680 1.560008 
3624 5.797937 1.562847 
3625 5.790887 1.565556 
3626 5.783533 1.568136 
3627 5.775874 1.570587 
3628 5.767914 1.572907 
3629 5.759651 1.575098 
3630 5.751089 1.577159 
3631 5.742229 1.579089 
3632 5.733071 1.580888 
3633 5.723618 1.582557 
3634 5.713870 1.584096 
3635 5.703830 1.585503 
3636 5.693499 1.586779 
3637 5.682878 1.587924 
3638 5.671970 1.588938 
3639 5.660775 1.589821 
3640 5.649297 1.590572 
3641 5.637536 1.591192 
3642 5.625495 1.591680 
3643 5.613175 1.592037 
3644 5.600579 1.592262 
3645 5.587707 1.592356 
3646 5.574564 1.592317 
3647 5.561149 1.592148 
3648 5.547466 1.591847 
3649 5.533517 1.591414 
3650 5.519303 1.590850 
3651 5.504828 1.590154 
3652 5.490093 1.589327 
3653 5.475101 1.588368 
3654 5.459853 1.587278 
3655 5.444353 1.586057 
3656 5.428602 1.584705 
3657 5.412604 1.583222 
3658 5.396360 1.581608 
3659 5.379873 1.579864 
3660 5.363145 1.577988 
3661 5.346180 1.575983 
3662 5.328980 1.573847 
3663 5.311547 1.571581 
3664 5.293883 1.569185 
3665 5.275993 1.566660 
3666 5.257878 1.564005 
3667 5.239541 1.561221 
3668 5.220985 1.558308 
3669 5.202212 1.555266 
3670 5.183226 1.552095 
3671 5.164029 1.548796 
3672 5.144625 1.545370 
3673 5.125015 1.541815 
3674 5.105203 1.538133 
3675 5.085192 1.534324 
3676 5.064985 1.530388 
3677 5.044585 1.526326 
3678 5.023994 1.522137 
3679 5.003216 1.517823 
3680 4.982254 1.513383 
3681 4.961111 1.508819 
3682 4.939789 1.504129 
3683 4.918293 1.499315 
3684 4.896624 1.494378 
3685 4.874787 1.489316 
3686 4.852784 1.484132 
3687 4.830618 1.478825 
3688 4.808293 1.473396 
3689 4.785811 1.467845 
3690 4.763176 1.462173 
3691 4.740391 1.456380 
3692 4.717459 1.450466 
3693 4.694384 1.444433 
3694 4.671168 1.438281 
3695 4.647815 1.432009 
3696 4.624328 1.425619 
3697 4.600710 1.419111 
3698 4.576964 1.412486 
3699 4.553095 1.405745 
3700 4.529104 1.398887 
3701 4.504995 1.391913 
3702 4.480771 1.384825 
3703 4.456436 1.377622 
3704 4.431993 1.370305 
3705 4.407444 1.362875 
3706 4.382794 1.355332 
3707 4.358046 1.347677 
3708 4.333202 1.339911 
3709 4.308266 1.332034 
3710 4.283242 1.324048 
3711 4.258132 1.315951 
3712 4.232939 1.307746 
3713 4.207667 1.299433 
3714 4.182320 1.291012 
3715 4.156899 1.282485 
3716 4.131409 1.273852 
3717 4.105853 1.265113 
3718 4.080233 1.256270 
3719 4.054553 1.247323 
3720 4.028817 1.238273 
3721 4.003026 1.229121 
3722 3.977185 1.219867 
3723 3.951297 1.210512 
3724 3.925364 1.201058 
3725 3.899390 1.191504 
3726 3.873378 1.181851 
3727 3.847330 1.172101 
3728 3.821250 1.162254 
3729 3.795141 1.152311 
3730 3.769007 1.142272 
3731 3.742849 1.132140 
3732 3.716671 1.121913 
3733 3.690476 1.111594 
3734 3.664267 1.101184 
3735 3.638046 1.090682 
3736 3.611818 1.080090 
3737 3.585584 1.069408 
3738 3.559347 1.058639 
3739 3.533111 1.047782 
3740 3.506877 1.036838 
3741 3.480650 1.025808 
3742 3.454432 1.014694 
3743 3.428225 1.003496 
3744 3.402032 0.992215 
3745 3.375857 0.980852 
3746 3.349701 0.969408 
3747 3.323567 0.957884 
3748 3.297459 0.946280 
3749 3.271378 0.934599 
3750 3.245327 0.922840 
3751 3.219309 0.911005 
3752 3.193326 0.899095 
3753 3.167382 0.887110 
3754 3.141477 0.875052 
3755 3.115616 0.862922 
3756 3.089800 0.850720 
3757 3.064031 0.838448 
3758 3.038312 0.826107 
3759 3.012646 0.813698 
3760 2.987035 0.801221 
3761 2.961481 0.788678 
3762 2.935986 0.776070 
3763 2.910553 0.763398 
3764 2.885183 0.750662 
3765 2.859880 0.737865 
3766 2.834644 0.725007 
3767 2.809479 0.712088 
3768 2.784386 0.699111 
3769 2.759368 0.686076 
3770 2.734426 0.672985 
3771 2.709562 0.659837 
3772 2.684779 0.646636 
3773 2.660078 0.633380 
3774 2.635461 0.620073 
3775 2.610931 0.606714 
3776 2.586489 0.593305 
3777 2.562136 0.579847 
3778 2.537875 0.566341 
3779 2.513707 0.552789 
3780 2.489635 0.539190 
3781 2.465659 0.525547 
3782 2.441781 0.511861 
3783 2.418004 0.498132 
3784 2.394328 0.484363 
3785 2.370755 0.470553 
3786 2.347287 0.456704 
3787 2.323926 0.442817 
3788 2.300672 0.428894 
3789 2.277527 0.414936 
3790 2.254492 0.400943 
3791 2.231570 0.386917 
3792 2.208760 0.372859 
3793 2.186065 0.358770 
3794 2.163486 0.344652 
3795 2.141024 0.330505 
3796 2.118680 0.316331 
3797 2.096456 0.302130 
3798 2.074352 0.287905 
3799 2.052370 0.273656 
3800 2.030511 0.259384 
3801 2.008775 0.245091 
3802 1.987165 0.230778 
3803 1.965680 0.216445 
3804 1.944321 0.202095 
3805 1.923091 0.187728 
3806 1.901989 0.173345 
3807 1.881017 0.158948 
3808 1.860175 0.144538 
3809 1.839464 0.130116 
3810 1.818885 0.115683 
3811 1.798438 0.101241 
3812 1.778125 0.086790 
3813 1.757946 0.072333 
3814 1.737902 0.057869 
3815 1.717993 0.043400 
3816 1.698220 0.028928 
3817 1.678583 0.014453 
3818 1.659083 -0.000022 
3819 1.639721 -0.014498 
3820 1.620497 -0.028973 
3821 1.601412 -0.043445 
3822 1.582465 -0.057914 
3823 1.563657 -0.072377 
3824 1.544990 -0.086835 
3825 1.526462 -0.101286 
3826 1.508075 -0.115728 
3827 1.489828 -0.130161 
3828 1.471722 -0.144583 
3829 1.453757 -0.158993 
3830 1.435934 -0.173390 
3831 1.418252 -0.187772 
3832 1.400712 -0.202139 
3833 1.383314 -0.216490 
3834 1.366057 -0.230822 
3835 1.348943 -0.245135 
3836 1.331971 -0.259429 
3837 1.315141 -0.273700 
3838 1.298453 -0.287949 
3839 1.281907 -0.302175 
3840 1.265504 -0.316375 
3841 1.249242 -0.330549 
3842 1.233123 -0.344696 
3843 1.217145 -0.358814 
3844 1.201310 -0.372903 
3845 1.185616 -0.386961 
3846 1.170063 -0.400986 
3847 1.154652 -0.414979 
3848 1.139382 -0.428938 
3849 1.124253 -0.442861 
3850 1.109265 -0.456747 
3851 1.094417 -0.470596 
3852 1.079709 -0.484405 
3853 1.065141 -0.498175 
3854 1.050712 -0.511904 
3855 1.036423 -0.525590 
3856 1.022273 -0.539233 
3857 1.008261 -0.552831 
3858 0.994387 -0.566383 
3859 0.980651 -0.579889 
3860 0.967052 -0.593347 
3861 0.953589 -0.606756 
3862 0.940264 -0.620114 
3863 0.927074 -0.633422 
3864 0.914019 -0.646677 
3865 0.901100 -0.659878 
3866 0.888314 -0.673025 
3867 0.875663 -0.686117 
3868 0.863145 -0.699151 
3869 0.850760 -0.712128 
3870 0.838507 -0.725046 
3871 0.826385 -0.737905 
3872 0.814395 -0.750702 
3873 0.802535 -0.763437 
3874 0.790804 -0.776109 
3875 0.779203 -0.788717 
3876 0.767731 -0.801260 
3877 0.756386 -0.813736 
3878 0.745168 -0.826145 
3879 0.734077 -0.838486 
3880 0.723112 -0.850758 
3881 0.712272 -0.862960 
3882 0.701556 -0.875090 
3883 0.690964 -0.887147 
3884 0.680495 -0.899132 
3885 0.670149 -0.911042 
3886 0.659923 -0.922877 
3887 0.649819 -0.934635 
3888 0.639834 -0.946317 
3889 0.629969 -0.957920 
3890 0.620222 -0.969444 
3891 0.610593 -0.980887 
3892 0.601080 -0.992250 
3893 0.591684 -1.003531 
3894 0.582403 -1.014729 
3895 0.573236 -1.025843 
3896 0.564183 -1.036872 
3897 0.555243 -1.047815 
3898 0.546415 -1.058672 
3899 0.537698 -1.069442 
3900 0.529091 -1.080123 
3901 0.520594 -1.090714 
3902 0.512206 -1.101216 
3903 0.503925 -1.111627 
3904 0.495751 -1.121945 
3905 0.487683 -1.132171 
3906 0.479721 -1.142304 
3907 0.471863 -1.152342 
3908 0.464108 -1.162284 
3909 0.456457 -1.172131 
3910 0.448907 -1.181881 
3911 0.441457 -1.191533 
3912 0.434108 -1.201087 
3913 0.426858 -1.210541 
3914 0.419707 -1.219896 
3915 0.412652 -1.229149 
3916 0.405695 -1.238302 
3917 0.398833 -1.247351 
3918 0.392065 -1.256298 
3919 0.385392 -1.265141 
3920 0.378811 -1.273879 
3921 0.372323 -1.282512 
3922 0.365926 -1.291039 
3923 0.359620 -1.299459 
3924 0.353402 -1.307772 
3925 0.347274 -1.315976 
3926 0.341233 -1.324072 
3927 0.335279 -1.332059 
3928 0.329412 -1.339936 
3929 0.323629 -1.347701 
3930 0.317930 -1.355356 
3931 0.312315 -1.362898 
3932 0.306782 -1.370328 
3933 0.301332 -1.377644 
3934 0.295961 -1.384847 
3935 0.290671 -1.391935 
3936 0.285460 -1.398908 
3937 0.280327 -1.405766 
3938 0.275271 -1.412507 
3939 0.270292 -1.419132 
3940 0.265388 -1.425639 
3941 0.260560 -1.432029 
3942 0.255805 -1.438300 
3943 0.251123 -1.444452 
3944 0.246514 -1.450485 
3945 0.241976 -1.456398 
3946 0.237509 -1.462191 
3947 0.233112 -1.467863 
3948 0.228783 -1.473413 
3949 0.224523 -1.478842 
3950 0.220330 -1.484148 
3951 0.216204 -1.489332 
3952 0.212143 -1.494393 
3953 0.208148 -1.499330 
3954 0.204216 -1.504144 
3955 0.200348 -1.508833 
3956 0.196542 -1.513397 
3957 0.192799 -1.517837 
3958 0.189116 -1.522151 
3959 0.185494 -1.526339 
3960 0.181931 -1.530401 
3961 0.178427 -1.534336 
3962 0.174981 -1.538145 
3963 0.171592 -1.541826 
3964 0.168259 -1.545380 
3965 0.164983 -1.548807 
3966 0.161761 -1.552105 
3967 0.158594 -1.555275 
3968 0.155480 -1.558317 
3969 0.152419 -1.561230 
3970 0.149410 -1.564013 
3971 0.146453 -1.566668 
3972 0.143546 -1.569193 
3973 0.140690 -1.571588 
3974 0.137883 -1.573854 
3975 0.135124 -1.575989 
3976 0.132414 -1.577994 
3977 0.129750 -1.579869 
3978 0.127134 -1.581613 
3979 0.124563 -1.583227 
3980 0.122038 -1.584710 
3981 0.119558 -1.586061 
3982 0.117121 -1.587282 
3983 0.114728 -1.588371 
3984 0.112378 -1.589329 
3985 0.110070 -1.590156 
3986 0.107803 -1.590851 
3987 0.105578 -1.591415 
3988 0.103392 -1.591848 
3989 0.101247 -1.592149 
3990 0.099140 -1.592318 
3991 0.097073 -1.592355 
3992 0.095043 -1.592261 
3993 0.093050 -1.592036 
3994 0.091095 -1.591679 
3995 0.089175 -1.591190 
3996 0.087291 -1.590570 
3997 0.085443 -1.589818 
3998 0.083629 -1.588935 
3999 0.081849 -1.587921 
4000 0.080103 -1.586776 
