0 0.000000 -0.995814 
1 0.000000 -1.007103 
2 0.000000 -1.018308 
3 0.000000 -1.029429 
4 0.000000 -1.040466 
5 0.000000 -1.051416 
6 0.000000 -1.062279 
7 0.000000 -1.073054 
8 0.000000 -1.083741 
9 0.000000 -1.094338 
10 0.000000 -1.104845 
11 0.000000 -1.115260 
12 0.000000 -1.125584 
13 0.000000 -1.135814 
14 0.000001 -1.145950 
15 0.000001 -1.155992 
16 0.000001 -1.165938 
17 0.000001 -1.175788 
18 0.000001 -1.185541 
19 0.000001 -1.195195 
20 0.000001 -1.204751 
21 0.000001 -1.214207 
22 0.000001 -1.223563 
23 0.000001 -1.232818 
24 0.000001 -1.241971 
25 0.000001 -1.251021 
26 0.000001 -1.259968 
27 0.000001 -1.268811 
28 0.000001 -1.277549 
29 0.000001 -1.286181 
30 0.000001 -1.294707 
31 0.000001 -1.303126 
32 0.000001 -1.311438 
33 0.000001 -1.319641 
34 0.000001 -1.327735 
35 0.000001 -1.335719 
36 0.000001 -1.343593 
37 0.000001 -1.351355 
38 0.000001 -1.359006 
39 0.000001 -1.366545 
40 0.000001 -1.373971 
41 0.000002 -1.381283 
42 0.000002 -1.388481 
43 0.000002 -1.395565 
44 0.000002 -1.402533 
45 0.000002 -1.409385 
46 0.000002 -1.416121 
47 0.000002 -1.422739 
48 0.000002 -1.429240 
49 0.000002 -1.435623 
50 0.000002 -1.441887 
51 0.000002 -1.448032 
52 0.000002 -1.454058 
53 0.000002 -1.459963 
54 0.000003 -1.465748 
55 0.000003 -1.471411 
56 0.000003 -1.476953 
57 0.000003 -1.482373 
58 0.000003 -1.487670 
59 0.000003 -1.492844 
60 0.000003 -1.497895 
61 0.000003 -1.502823 
62 0.000004 -1.507626 
63 0.000004 -1.512304 
64 0.000004 -1.516857 
65 0.000004 -1.521285 
66 0.000004 -1.525588 
67 0.000004 -1.529764 
68 0.000004 -1.533814 
69 0.000005 -1.537737 
70 0.000005 -1.541533 
71 0.000005 -1.545201 
72 0.000005 -1.548742 
73 0.000005 -1.552155 
74 0.000006 -1.555440 
75 0.000006 -1.558596 
76 0.000006 -1.561623 
77 0.000006 -1.564521 
78 0.000006 -1.567290 
79 0.000007 -1.569929 
80 0.000007 -1.572439 
81 0.000007 -1.574818 
82 0.000008 -1.577068 
83 0.000008 -1.579187 
84 0.000008 -1.581176 
85 0.000008 -1.583034 
86 0.000009 -1.584761 
87 0.000009 -1.586357 
88 0.000009 -1.587822 
89 0.000010 -1.589156 
90 0.000010 -1.590358 
91 0.000011 -1.591430 
92 0.000011 -1.592369 
93 0.000011 -1.593177 
94 0.000012 -1.593853 
95 0.000012 -1.594398 
96 0.000013 -1.594811 
97 0.000013 -1.595092 
98 0.000014 -1.595241 
99 0.000014 -1.595258 
100 0.000015 -1.595144 
101 0.000015 -1.594897 
102 0.000016 -1.594519 
103 0.000016 -1.594009 
104 0.000017 -1.593368 
105 0.000018 -1.592594 
106 0.000018 -1.591689 
107 0.000019 -1.590653 
108 0.000020 -1.589485 
109 0.000020 -1.588186 
110 0.000021 -1.586755 
111 0.000022 -1.585193 
112 0.000023 -1.583501 
113 0.000024 -1.581677 
114 0.000024 -1.579723 
115 0.000025 -1.577638 
116 0.000026 -1.575423 
117 0.000027 -1.573077 
118 0.000028 -1.570602 
119 0.000029 -1.567997 
120 0.000030 -1.565262 
121 0.000031 -1.562398 
122 0.000033 -1.559404 
123 0.000034 -1.556282 
124 0.000035 -1.553031 
125 0.000036 -1.549652 
126 0.000038 -1.546145 
127 0.000039 -1.542510 
128 0.000040 -1.538748 
129 0.000042 -1.534858 
130 0.000043 -1.530841 
131 0.000045 -1.526698 
132 0.000046 -1.522429 
133 0.000048 -1.518034 
134 0.000050 -1.513514 
135 0.000052 -1.508868 
136 0.000053 -1.504098 
137 0.000055 -1.499204 
138 0.000057 -1.494185 
139 0.000059 -1.489043 
140 0.000061 -1.483778 
141 0.000063 -1.478391 
142 0.000066 -1.472881 
143 0.000068 -1.467249 
144 0.000070 -1.461496 
145 0.000073 -1.455623 
146 0.000075 -1.449629 
147 0.000078 -1.443515 
148 0.000081 -1.437282 
149 0.000084 -1.430931 
150 0.000086 -1.424461 
151 0.000089 -1.417873 
152 0.000093 -1.411168 
153 0.000096 -1.404347 
154 0.000099 -1.397409 
155 0.000103 -1.390356 
156 0.000106 -1.383188 
157 0.000110 -1.375906 
158 0.000113 -1.368510 
159 0.000117 -1.361000 
160 0.000121 -1.353379 
161 0.000125 -1.345645 
162 0.000130 -1.337801 
163 0.000134 -1.329846 
164 0.000139 -1.321781 
165 0.000143 -1.313606 
166 0.000148 -1.305323 
167 0.000153 -1.296933 
168 0.000158 -1.288435 
169 0.000164 -1.279830 
170 0.000169 -1.271120 
171 0.000175 -1.262305 
172 0.000181 -1.253385 
173 0.000187 -1.244362 
174 0.000193 -1.235236 
175 0.000200 -1.226008 
176 0.000206 -1.216678 
177 0.000213 -1.207248 
178 0.000220 -1.197719 
179 0.000227 -1.188090 
180 0.000235 -1.178363 
181 0.000243 -1.168539 
182 0.000251 -1.158618 
183 0.000259 -1.148601 
184 0.000268 -1.138490 
185 0.000276 -1.128284 
186 0.000285 -1.117985 
187 0.000295 -1.107594 
188 0.000304 -1.097111 
189 0.000314 -1.086538 
190 0.000325 -1.075874 
191 0.000335 -1.065122 
192 0.000346 -1.054282 
193 0.000357 -1.043354 
194 0.000369 -1.032341 
195 0.000381 -1.021242 
196 0.000393 -1.010059 
197 0.000406 -0.998792 
198 0.000419 -0.987443 
199 0.000432 -0.976012 
200 0.000446 -0.964500 
201 0.000460 -0.952909 
202 0.000475 -0.941239 
203 0.000490 -0.929491 
204 0.000505 -0.917666 
205 0.000522 -0.905766 
206 0.000538 -0.893790 
207 0.000555 -0.881741 
208 0.000573 -0.869619 
209 0.000591 -0.857425 
210 0.000609 -0.845160 
211 0.000628 -0.832826 
212 0.000648 -0.820422 
213 0.000668 -0.807951 
214 0.000689 -0.795413 
215 0.000711 -0.782809 
216 0.000733 -0.770141 
217 0.000756 -0.757408 
218 0.000779 -0.744614 
219 0.000803 -0.731757 
220 0.000828 -0.718841 
221 0.000854 -0.705864 
222 0.000880 -0.692830 
223 0.000907 -0.679738 
224 0.000935 -0.666590 
225 0.000964 -0.653387 
226 0.000993 -0.640130 
227 0.001024 -0.626820 
228 0.001055 -0.613459 
229 0.001087 -0.600046 
230 0.001120 -0.586584 
231 0.001154 -0.573074 
232 0.001189 -0.559516 
233 0.001225 -0.545912 
234 0.001262 -0.532263 
235 0.001300 -0.518569 
236 0.001339 -0.504833 
237 0.001379 -0.491055 
238 0.001421 -0.477237 
239 0.001463 -0.463379 
240 0.001507 -0.449483 
241 0.001552 -0.435550 
242 0.001598 -0.421581 
243 0.001645 -0.407577 
244 0.001694 -0.393539 
245 0.001744 -0.379469 
246 0.001796 -0.365367 
247 0.001849 -0.351235 
248 0.001903 -0.337074 
249 0.001959 -0.322886 
250 0.002016 -0.308670 
251 0.002076 -0.294429 
252 0.002136 -0.280164 
253 0.002198 -0.265876 
254 0.002262 -0.251565 
255 0.002328 -0.237234 
256 0.002396 -0.222883 
257 0.002465 -0.208514 
258 0.002536 -0.194128 
259 0.002609 -0.179725 
260 0.002685 -0.165308 
261 0.002762 -0.150877 
262 0.002841 -0.136433 
263 0.002922 -0.121979 
264 0.003006 -0.107514 
265 0.003091 -0.093040 
266 0.003179 -0.078559 
267 0.003270 -0.064071 
268 0.003362 -0.049578 
269 0.003458 -0.035080 
270 0.003555 -0.020580 
271 0.003655 -0.006078 
272 0.003758 0.008424 
273 0.003864 0.022926 
274 0.003972 0.037426 
275 0.004083 0.051922 
276 0.004197 0.066415 
277 0.004314 0.080902 
278 0.004434 0.095382 
279 0.004558 0.109854 
280 0.004684 0.124317 
281 0.004813 0.138770 
282 0.004946 0.153212 
283 0.005082 0.167641 
284 0.005222 0.182056 
285 0.005365 0.196456 
286 0.005512 0.210839 
287 0.005663 0.225206 
288 0.005818 0.239553 
289 0.005976 0.253881 
290 0.006138 0.268188 
291 0.006305 0.282473 
292 0.006475 0.296734 
293 0.006650 0.310971 
294 0.006830 0.325182 
295 0.007013 0.339367 
296 0.007202 0.353523 
297 0.007395 0.367650 
298 0.007592 0.381747 
299 0.007795 0.395812 
300 0.008003 0.409844 
301 0.008215 0.423843 
302 0.008433 0.437806 
303 0.008657 0.451733 
304 0.008885 0.465623 
305 0.009120 0.479475 
306 0.009360 0.493287 
307 0.009605 0.507058 
308 0.009857 0.520787 
309 0.010115 0.534473 
310 0.010379 0.548115 
311 0.010649 0.561712 
312 0.010926 0.575262 
313 0.011209 0.588765 
314 0.011499 0.602219 
315 0.011796 0.615623 
316 0.012101 0.628977 
317 0.012412 0.642278 
318 0.012730 0.655527 
319 0.013056 0.668721 
320 0.013390 0.681860 
321 0.013732 0.694942 
322 0.014081 0.707967 
323 0.014439 0.720934 
324 0.014805 0.733841 
325 0.015179 0.746687 
326 0.015562 0.759472 
327 0.015954 0.772194 
328 0.016355 0.784852 
329 0.016766 0.797445 
330 0.017185 0.809973 
331 0.017614 0.822433 
332 0.018053 0.834825 
333 0.018502 0.847149 
334 0.018961 0.859402 
335 0.019430 0.871585 
336 0.019910 0.883695 
337 0.020401 0.895732 
338 0.020903 0.907696 
339 0.021416 0.919584 
340 0.021940 0.931396 
341 0.022477 0.943132 
342 0.023025 0.954789 
343 0.023585 0.966367 
344 0.024157 0.977866 
345 0.024742 0.989284 
346 0.025340 1.000620 
347 0.025951 1.011873 
348 0.026576 1.023043 
349 0.027214 1.034128 
350 0.027865 1.045128 
351 0.028531 1.056041 
352 0.029212 1.066867 
353 0.029907 1.077605 
354 0.030617 1.088254 
355 0.031342 1.098813 
356 0.032082 1.109281 
357 0.032839 1.119657 
358 0.033611 1.129941 
359 0.034400 1.140132 
360 0.035206 1.150228 
361 0.036028 1.160229 
362 0.036868 1.170134 
363 0.037725 1.179943 
364 0.038601 1.189654 
365 0.039494 1.199267 
366 0.040406 1.208780 
367 0.041337 1.218194 
368 0.042288 1.227507 
369 0.043257 1.236719 
370 0.044247 1.245828 
371 0.045257 1.254835 
372 0.046288 1.263738 
373 0.047339 1.272536 
374 0.048413 1.281229 
375 0.049507 1.289816 
376 0.050624 1.298297 
377 0.051763 1.306670 
378 0.052926 1.314936 
379 0.054111 1.323092 
380 0.055320 1.331140 
381 0.056553 1.339077 
382 0.057811 1.346904 
383 0.059094 1.354619 
384 0.060402 1.362223 
385 0.061735 1.369714 
386 0.063095 1.377091 
387 0.064481 1.384355 
388 0.065894 1.391504 
389 0.067335 1.398539 
390 0.068803 1.405458 
391 0.070300 1.412260 
392 0.071826 1.418946 
393 0.073381 1.425515 
394 0.074966 1.431966 
395 0.076581 1.438299 
396 0.078227 1.444512 
397 0.079904 1.450607 
398 0.081612 1.456581 
399 0.083353 1.462435 
400 0.085126 1.468168 
401 0.086933 1.473780 
402 0.088773 1.479270 
403 0.090647 1.484638 
404 0.092556 1.489883 
405 0.094501 1.495005 
406 0.096481 1.500004 
407 0.098498 1.504878 
408 0.100551 1.509628 
409 0.102642 1.514253 
410 0.104771 1.518754 
411 0.106938 1.523128 
412 0.109145 1.527377 
413 0.111391 1.531500 
414 0.113678 1.535496 
415 0.116005 1.539365 
416 0.118374 1.543107 
417 0.120785 1.546721 
418 0.123238 1.550208 
419 0.125735 1.553566 
420 0.128276 1.556796 
421 0.130861 1.559897 
422 0.133491 1.562870 
423 0.136167 1.565713 
424 0.138890 1.568427 
425 0.141659 1.571011 
426 0.144476 1.573466 
427 0.147341 1.575790 
428 0.150256 1.577984 
429 0.153220 1.580048 
430 0.156234 1.581981 
431 0.159299 1.583783 
432 0.162416 1.585455 
433 0.165585 1.586995 
434 0.168807 1.588405 
435 0.172083 1.589683 
436 0.175413 1.590830 
437 0.178798 1.591845 
438 0.182239 1.592728 
439 0.185737 1.593480 
440 0.189291 1.594101 
441 0.192904 1.594589 
442 0.196575 1.594946 
443 0.200306 1.595171 
444 0.204097 1.595264 
445 0.207948 1.595226 
446 0.211862 1.595055 
447 0.215837 1.594753 
448 0.219876 1.594319 
449 0.223978 1.593753 
450 0.228145 1.593055 
451 0.232378 1.592226 
452 0.236676 1.591265 
453 0.241042 1.590173 
454 0.245475 1.588949 
455 0.249977 1.587594 
456 0.254547 1.586108 
457 0.259188 1.584490 
458 0.263900 1.582742 
459 0.268683 1.580863 
460 0.273538 1.578853 
461 0.278467 1.576713 
462 0.283470 1.574442 
463 0.288547 1.572042 
464 0.293700 1.569511 
465 0.298929 1.566851 
466 0.304236 1.564061 
467 0.309620 1.561142 
468 0.315083 1.558094 
469 0.320626 1.554917 
470 0.326249 1.551612 
471 0.331954 1.548178 
472 0.337741 1.544616 
473 0.343610 1.540927 
474 0.349563 1.537111 
475 0.355601 1.533167 
476 0.361724 1.529097 
477 0.367933 1.524900 
478 0.374229 1.520578 
479 0.380613 1.516129 
480 0.387085 1.511556 
481 0.393647 1.506857 
482 0.400299 1.502034 
483 0.407043 1.497087 
484 0.413878 1.492016 
485 0.420806 1.486822 
486 0.427827 1.481504 
487 0.434943 1.476065 
488 0.442154 1.470503 
489 0.449461 1.464820 
490 0.456865 1.459016 
491 0.464367 1.453091 
492 0.471967 1.447047 
493 0.479666 1.440882 
494 0.487465 1.434599 
495 0.495365 1.428197 
496 0.503367 1.421677 
497 0.511471 1.415039 
498 0.519679 1.408284 
499 0.527991 1.401414 
500 0.536407 1.394427 
501 0.544929 1.387325 
502 0.553557 1.380108 
503 0.562293 1.372778 
504 0.571136 1.365333 
505 0.580089 1.357776 
506 0.589150 1.350107 
507 0.598322 1.342327 
508 0.607605 1.334435 
509 0.616999 1.326433 
510 0.626506 1.318321 
511 0.636126 1.310101 
512 0.645860 1.301772 
513 0.655709 1.293336 
514 0.665672 1.284792 
515 0.675752 1.276143 
516 0.685949 1.267388 
517 0.696263 1.258528 
518 0.706694 1.249565 
519 0.717245 1.240498 
520 0.727915 1.231328 
521 0.738705 1.222057 
522 0.749616 1.212685 
523 0.760648 1.203212 
524 0.771802 1.193640 
525 0.783078 1.183970 
526 0.794478 1.174201 
527 0.806001 1.164336 
528 0.817648 1.154374 
529 0.829421 1.144317 
530 0.841319 1.134166 
531 0.853342 1.123920 
532 0.865493 1.113582 
533 0.877770 1.103152 
534 0.890175 1.092630 
535 0.902707 1.082019 
536 0.915368 1.071317 
537 0.928159 1.060528 
538 0.941078 1.049650 
539 0.954128 1.038686 
540 0.967307 1.027636 
541 0.980617 1.016501 
542 0.994059 1.005283 
543 1.007632 0.993981 
544 1.021336 0.982597 
545 1.035173 0.971131 
546 1.049142 0.959586 
547 1.063244 0.947961 
548 1.077479 0.936258 
549 1.091848 0.924477 
550 1.106350 0.912620 
551 1.120986 0.900688 
552 1.135756 0.888681 
553 1.150660 0.876600 
554 1.165699 0.864448 
555 1.180872 0.852224 
556 1.196180 0.839929 
557 1.211624 0.827565 
558 1.227202 0.815133 
559 1.242915 0.802633 
560 1.258764 0.790067 
561 1.274748 0.777435 
562 1.290867 0.764740 
563 1.307121 0.751981 
564 1.323511 0.739160 
565 1.340036 0.726278 
566 1.356697 0.713335 
567 1.373492 0.700334 
568 1.390423 0.687275 
569 1.407488 0.674160 
570 1.424688 0.660988 
571 1.442023 0.647762 
572 1.459492 0.634482 
573 1.477096 0.621150 
574 1.494833 0.607767 
575 1.512704 0.594333 
576 1.530709 0.580851 
577 1.548846 0.567320 
578 1.567117 0.553742 
579 1.585520 0.540119 
580 1.604054 0.526451 
581 1.622721 0.512739 
582 1.641518 0.498985 
583 1.660447 0.485190 
584 1.679505 0.471355 
585 1.698693 0.457481 
586 1.718011 0.443569 
587 1.737457 0.429620 
588 1.757031 0.415636 
589 1.776732 0.401617 
590 1.796560 0.387566 
591 1.816514 0.373482 
592 1.836594 0.359367 
593 1.856798 0.345223 
594 1.877126 0.331050 
595 1.897577 0.316850 
596 1.918150 0.302624 
597 1.938845 0.288372 
598 1.959660 0.274097 
599 1.980595 0.259799 
600 2.001648 0.245480 
601 2.022819 0.231140 
602 2.044107 0.216781 
603 2.065511 0.202405 
604 2.087030 0.188011 
605 2.108662 0.173602 
606 2.130406 0.159179 
607 2.152262 0.144743 
608 2.174229 0.130294 
609 2.196304 0.115835 
610 2.218487 0.101366 
611 2.240777 0.086889 
612 2.263172 0.072405 
613 2.285671 0.057915 
614 2.308272 0.043420 
615 2.330975 0.028921 
616 2.353778 0.014420 
617 2.376679 -0.000082 
618 2.399677 -0.014585 
619 2.422771 -0.029086 
620 2.445958 -0.043584 
621 2.469239 -0.058079 
622 2.492610 -0.072569 
623 2.516070 -0.087054 
624 2.539618 -0.101531 
625 2.563252 -0.115999 
626 2.586970 -0.130458 
627 2.610771 -0.144907 
628 2.634652 -0.159343 
629 2.658613 -0.173766 
630 2.682651 -0.188175 
631 2.706764 -0.202568 
632 2.730951 -0.216945 
633 2.755209 -0.231303 
634 2.779537 -0.245642 
635 2.803933 -0.259962 
636 2.828395 -0.274259 
637 2.852921 -0.288534 
638 2.877508 -0.302785 
639 2.902155 -0.317011 
640 2.926860 -0.331211 
641 2.951620 -0.345384 
642 2.976434 -0.359528 
643 3.001298 -0.373642 
644 3.026212 -0.387726 
645 3.051173 -0.401777 
646 3.076178 -0.415795 
647 3.101225 -0.429779 
648 3.126313 -0.443727 
649 3.151438 -0.457639 
650 3.176598 -0.471512 
651 3.201792 -0.485347 
652 3.227016 -0.499142 
653 3.252268 -0.512895 
654 3.277546 -0.526606 
655 3.302847 -0.540274 
656 3.328169 -0.553897 
657 3.353509 -0.567474 
658 3.378864 -0.581004 
659 3.404233 -0.594486 
660 3.429613 -0.607919 
661 3.455001 -0.621302 
662 3.480394 -0.634634 
663 3.505789 -0.647913 
664 3.531185 -0.661138 
665 3.556579 -0.674309 
666 3.581967 -0.687424 
667 3.607347 -0.700482 
668 3.632716 -0.713483 
669 3.658072 -0.726424 
670 3.683412 -0.739306 
671 3.708732 -0.752126 
672 3.734031 -0.764884 
673 3.759305 -0.777579 
674 3.784552 -0.790210 
675 3.809769 -0.802775 
676 3.834952 -0.815274 
677 3.860100 -0.827706 
678 3.885208 -0.840069 
679 3.910275 -0.852363 
680 3.935297 -0.864586 
681 3.960271 -0.876738 
682 3.985195 -0.888818 
683 4.010066 -0.900824 
684 4.034880 -0.912755 
685 4.059634 -0.924611 
686 4.084326 -0.936391 
687 4.108953 -0.948093 
688 4.133512 -0.959717 
689 4.157999 -0.971262 
690 4.182412 -0.982726 
691 4.206747 -0.994110 
692 4.231002 -1.005411 
693 4.255174 -1.016628 
694 4.279260 -1.027762 
695 4.303256 -1.038811 
696 4.327159 -1.049774 
697 4.350967 -1.060651 
698 4.374677 -1.071440 
699 4.398285 -1.082140 
700 4.421788 -1.092750 
701 4.445184 -1.103271 
702 4.468469 -1.113700 
703 4.491641 -1.124037 
704 4.514696 -1.134282 
705 4.537631 -1.144432 
706 4.560443 -1.154488 
707 4.583130 -1.164449 
708 4.605688 -1.174313 
709 4.628114 -1.184080 
710 4.650405 -1.193750 
711 4.672559 -1.203320 
712 4.694571 -1.212792 
713 4.716440 -1.222163 
714 4.738163 -1.231433 
715 4.759735 -1.240601 
716 4.781155 -1.249667 
717 4.802420 -1.258629 
718 4.823526 -1.267488 
719 4.844470 -1.276242 
720 4.865251 -1.284890 
721 4.885864 -1.293432 
722 4.906306 -1.301867 
723 4.926576 -1.310195 
724 4.946671 -1.318414 
725 4.966586 -1.326524 
726 4.986320 -1.334525 
727 5.005870 -1.342416 
728 5.025233 -1.350195 
729 5.044406 -1.357863 
730 5.063386 -1.365419 
731 5.082172 -1.372862 
732 5.100759 -1.380191 
733 5.119145 -1.387406 
734 5.137329 -1.394507 
735 5.155306 -1.401492 
736 5.173075 -1.408362 
737 5.190633 -1.415115 
738 5.207977 -1.421751 
739 5.225105 -1.428270 
740 5.242014 -1.434671 
741 5.258702 -1.440953 
742 5.275166 -1.447116 
743 5.291404 -1.453159 
744 5.307414 -1.459083 
745 5.323193 -1.464885 
746 5.338738 -1.470567 
747 5.354048 -1.476127 
748 5.369120 -1.481566 
749 5.383952 -1.486881 
750 5.398541 -1.492074 
751 5.412887 -1.497144 
752 5.426985 -1.502089 
753 5.440835 -1.506911 
754 5.454433 -1.511608 
755 5.467779 -1.516181 
756 5.480870 -1.520627 
757 5.493704 -1.524949 
758 5.506278 -1.529144 
759 5.518592 -1.533213 
760 5.530644 -1.537155 
761 5.542431 -1.540970 
762 5.553951 -1.544658 
763 5.565203 -1.548218 
764 5.576186 -1.551650 
765 5.586897 -1.554954 
766 5.597334 -1.558129 
767 5.607497 -1.561176 
768 5.617384 -1.564093 
769 5.626992 -1.566882 
770 5.636322 -1.569541 
771 5.645370 -1.572070 
772 5.654136 -1.574469 
773 5.662619 -1.576738 
774 5.670817 -1.578877 
775 5.678728 -1.580885 
776 5.686352 -1.582763 
777 5.693688 -1.584509 
778 5.700734 -1.586125 
779 5.707489 -1.587610 
780 5.713952 -1.588964 
781 5.720122 -1.590186 
782 5.725998 -1.591277 
783 5.731579 -1.592236 
784 5.736865 -1.593064 
785 5.741854 -1.593760 
786 5.746546 -1.594324 
787 5.750940 -1.594757 
788 5.755035 -1.595058 
789 5.758831 -1.595227 
790 5.762327 -1.595264 
791 5.765522 -1.595169 
792 5.768416 -1.594943 
793 5.771009 -1.594585 
794 5.773300 -1.594095 
795 5.775289 -1.593473 
796 5.776975 -1.592719 
797 5.778358 -1.591834 
798 5.779439 -1.590817 
799 5.780216 -1.589669 
800 5.780689 -1.588390 
801 5.780859 -1.586979 
802 5.780726 -1.585437 
803 5.780290 -1.583764 
804 5.779550 -1.581960 
805 5.778506 -1.580025 
806 5.777160 -1.577960 
807 5.775511 -1.575764 
808 5.773559 -1.573438 
809 5.771305 -1.570983 
810 5.768749 -1.568397 
811 5.765891 -1.565681 
812 5.762732 -1.562837 
813 5.759273 -1.559863 
814 5.755513 -1.556760 
815 5.751454 -1.553528 
816 5.747096 -1.550169 
817 5.742440 -1.546681 
818 5.737487 -1.543065 
819 5.732237 -1.539322 
820 5.726691 -1.535451 
821 5.720850 -1.531454 
822 5.714715 -1.527330 
823 5.708286 -1.523079 
824 5.701566 -1.518703 
825 5.694555 -1.514202 
826 5.687253 -1.509575 
827 5.679663 -1.504823 
828 5.671785 -1.499948 
829 5.663621 -1.494948 
830 5.655172 -1.489824 
831 5.646438 -1.484578 
832 5.637422 -1.479209 
833 5.628126 -1.473717 
834 5.618549 -1.468104 
835 5.608694 -1.462369 
836 5.598563 -1.456514 
837 5.588156 -1.450538 
838 5.577476 -1.444442 
839 5.566524 -1.438227 
840 5.555302 -1.431893 
841 5.543811 -1.425441 
842 5.532054 -1.418871 
843 5.520032 -1.412184 
844 5.507746 -1.405380 
845 5.495200 -1.398460 
846 5.482394 -1.391424 
847 5.469331 -1.384273 
848 5.456012 -1.377008 
849 5.442441 -1.369629 
850 5.428617 -1.362137 
851 5.414545 -1.354532 
852 5.400225 -1.346816 
853 5.385661 -1.338988 
854 5.370854 -1.331049 
855 5.355806 -1.323000 
856 5.340520 -1.314842 
857 5.324998 -1.306576 
858 5.309242 -1.298201 
859 5.293255 -1.289719 
860 5.277039 -1.281131 
861 5.260596 -1.272436 
862 5.243930 -1.263637 
863 5.227041 -1.254733 
864 5.209934 -1.245725 
865 5.192609 -1.236615 
866 5.175071 -1.227402 
867 5.157320 -1.218088 
868 5.139361 -1.208673 
869 5.121196 -1.199158 
870 5.102826 -1.189544 
871 5.084256 -1.179832 
872 5.065487 -1.170022 
873 5.046522 -1.160116 
874 5.027364 -1.150114 
875 5.008016 -1.140016 
876 4.988481 -1.129825 
877 4.968760 -1.119540 
878 4.948858 -1.109162 
879 4.928777 -1.098693 
880 4.908519 -1.088133 
881 4.888088 -1.077484 
882 4.867486 -1.066745 
883 4.846716 -1.055918 
884 4.825782 -1.045003 
885 4.804686 -1.034003 
886 4.783431 -1.022916 
887 4.762019 -1.011746 
888 4.740455 -1.000492 
889 4.718740 -0.989155 
890 4.696878 -0.977736 
891 4.674872 -0.966236 
892 4.652724 -0.954657 
893 4.630438 -0.942999 
894 4.608017 -0.931263 
895 4.585464 -0.919449 
896 4.562781 -0.907560 
897 4.539972 -0.895596 
898 4.517040 -0.883558 
899 4.493988 -0.871447 
900 4.470818 -0.859263 
901 4.447534 -0.847009 
902 4.424139 -0.834685 
903 4.400636 -0.822292 
904 4.377028 -0.809831 
905 4.353318 -0.797303 
906 4.329509 -0.784709 
907 4.305604 -0.772050 
908 4.281606 -0.759327 
909 4.257518 -0.746542 
910 4.233344 -0.733695 
911 4.209085 -0.720787 
912 4.184746 -0.707820 
913 4.160328 -0.694794 
914 4.135836 -0.681711 
915 4.111273 -0.668571 
916 4.086640 -0.655376 
917 4.061942 -0.642127 
918 4.037180 -0.628825 
919 4.012359 -0.615471 
920 3.987481 -0.602066 
921 3.962550 -0.588612 
922 3.937567 -0.575108 
923 3.912536 -0.561558 
924 3.887460 -0.547960 
925 3.862342 -0.534318 
926 3.837184 -0.520631 
927 3.811991 -0.506902 
928 3.786763 -0.493130 
929 3.761505 -0.479318 
930 3.736219 -0.465466 
931 3.710908 -0.451575 
932 3.685575 -0.437648 
933 3.660223 -0.423684 
934 3.634854 -0.409685 
935 3.609471 -0.395652 
936 3.584077 -0.381587 
937 3.558675 -0.367490 
938 3.533267 -0.353362 
939 3.507857 -0.339206 
940 3.482446 -0.325021 
941 3.457037 -0.310810 
942 3.431634 -0.296572 
943 3.406238 -0.282311 
944 3.380853 -0.268026 
945 3.355481 -0.253719 
946 3.330123 -0.239390 
947 3.304784 -0.225043 
948 3.279466 -0.210676 
949 3.254170 -0.196292 
950 3.228900 -0.181892 
951 3.203658 -0.167477 
952 3.178446 -0.153048 
953 3.153267 -0.138606 
954 3.128123 -0.124153 
955 3.103016 -0.109690 
956 3.077949 -0.095217 
957 3.052924 -0.080737 
958 3.027944 -0.066250 
959 3.003010 -0.051757 
960 2.978125 -0.037261 
961 2.953291 -0.022761 
962 2.928510 -0.008259 
963 2.903785 0.006243 
964 2.879117 0.020745 
965 2.854508 0.035245 
966 2.829961 0.049742 
967 2.805478 0.064235 
968 2.781061 0.078723 
969 2.756711 0.093205 
970 2.732430 0.107678 
971 2.708222 0.122143 
972 2.684086 0.136598 
973 2.660026 0.151041 
974 2.636043 0.165472 
975 2.612140 0.179889 
976 2.588316 0.194291 
977 2.564576 0.208677 
978 2.540919 0.223046 
979 2.517349 0.237397 
980 2.493866 0.251728 
981 2.470472 0.266038 
982 2.447169 0.280326 
983 2.423959 0.294591 
984 2.400842 0.308832 
985 2.377821 0.323047 
986 2.354897 0.337235 
987 2.332071 0.351396 
988 2.309346 0.365527 
989 2.286721 0.379629 
990 2.264199 0.393699 
991 2.241782 0.407736 
992 2.219469 0.421740 
993 2.197263 0.435709 
994 2.175165 0.449641 
995 2.153176 0.463537 
996 2.131297 0.477394 
997 2.109530 0.491212 
998 2.087875 0.504990 
999 2.066334 0.518725 
1000 2.044908 0.532418 
1001 2.023597 0.546067 
1002 2.002404 0.559670 
1003 1.981328 0.573227 
1004 1.960371 0.586737 
1005 1.939533 0.600199 
1006 1.918817 0.613611 
1007 1.898222 0.626972 
1008 1.877749 0.640281 
1009 1.857399 0.653538 
1010 1.837173 0.666740 
1011 1.817072 0.679887 
1012 1.797097 0.692978 
1013 1.777248 0.706012 
1014 1.757525 0.718988 
1015 1.737930 0.731904 
1016 1.718463 0.744759 
1017 1.699125 0.757553 
1018 1.679916 0.770285 
1019 1.660837 0.782953 
1020 1.641889 0.795556 
1021 1.623071 0.808093 
1022 1.604385 0.820564 
1023 1.585830 0.832966 
1024 1.567407 0.845300 
1025 1.549118 0.857564 
1026 1.530961 0.869757 
1027 1.512937 0.881879 
1028 1.495047 0.893927 
1029 1.477291 0.905901 
1030 1.459669 0.917801 
1031 1.442181 0.929625 
1032 1.424828 0.941372 
1033 1.407610 0.953041 
1034 1.390527 0.964631 
1035 1.373578 0.976142 
1036 1.356766 0.987572 
1037 1.340088 0.998920 
1038 1.323546 1.010186 
1039 1.307139 1.021369 
1040 1.290868 1.032467 
1041 1.274732 1.043479 
1042 1.258732 1.054405 
1043 1.242867 1.065245 
1044 1.227138 1.075996 
1045 1.211544 1.086658 
1046 1.196086 1.097231 
1047 1.180762 1.107712 
1048 1.165574 1.118103 
1049 1.150521 1.128400 
1050 1.135602 1.138605 
1051 1.120817 1.148716 
1052 1.106167 1.158731 
1053 1.091652 1.168651 
1054 1.077270 1.178474 
1055 1.063021 1.188200 
1056 1.048906 1.197827 
1057 1.034924 1.207356 
1058 1.021074 1.216785 
1059 1.007357 1.226113 
1060 0.993772 1.235340 
1061 0.980319 1.244465 
1062 0.966997 1.253487 
1063 0.953806 1.262405 
1064 0.940745 1.271219 
1065 0.927814 1.279928 
1066 0.915013 1.288532 
1067 0.902341 1.297028 
1068 0.889798 1.305418 
1069 0.877383 1.313700 
1070 0.865096 1.321873 
1071 0.852936 1.329937 
1072 0.840902 1.337891 
1073 0.828995 1.345734 
1074 0.817214 1.353466 
1075 0.805557 1.361086 
1076 0.794025 1.368594 
1077 0.782617 1.375989 
1078 0.771333 1.383270 
1079 0.760171 1.390437 
1080 0.749131 1.397488 
1081 0.738213 1.404425 
1082 0.727415 1.411245 
1083 0.716738 1.417948 
1084 0.706180 1.424535 
1085 0.695742 1.431004 
1086 0.685421 1.437354 
1087 0.675218 1.443586 
1088 0.665133 1.449698 
1089 0.655163 1.455690 
1090 0.645309 1.461563 
1091 0.635569 1.467314 
1092 0.625944 1.472944 
1093 0.616432 1.478452 
1094 0.607032 1.483839 
1095 0.597745 1.489102 
1096 0.588568 1.494243 
1097 0.579502 1.499260 
1098 0.570546 1.504153 
1099 0.561699 1.508922 
1100 0.552959 1.513566 
1101 0.544327 1.518085 
1102 0.535802 1.522479 
1103 0.527382 1.526746 
1104 0.519068 1.530888 
1105 0.510857 1.534903 
1106 0.502750 1.538791 
1107 0.494746 1.542552 
1108 0.486843 1.546186 
1109 0.479042 1.549691 
1110 0.471340 1.553069 
1111 0.463739 1.556318 
1112 0.456235 1.559439 
1113 0.448830 1.562431 
1114 0.441521 1.565294 
1115 0.434309 1.568027 
1116 0.427192 1.570631 
1117 0.420170 1.573105 
1118 0.413241 1.575449 
1119 0.406405 1.577662 
1120 0.399661 1.579746 
1121 0.393009 1.581699 
1122 0.386446 1.583521 
1123 0.379974 1.585212 
1124 0.373590 1.586772 
1125 0.367294 1.588201 
1126 0.361085 1.589499 
1127 0.354963 1.590666 
1128 0.348926 1.591701 
1129 0.342973 1.592604 
1130 0.337105 1.593376 
1131 0.331319 1.594016 
1132 0.325616 1.594524 
1133 0.319993 1.594901 
1134 0.314452 1.595146 
1135 0.308990 1.595259 
1136 0.303607 1.595240 
1137 0.298302 1.595089 
1138 0.293075 1.594807 
1139 0.287923 1.594393 
1140 0.282848 1.593846 
1141 0.277847 1.593169 
1142 0.272921 1.592359 
1143 0.268067 1.591418 
1144 0.263287 1.590346 
1145 0.258577 1.589142 
1146 0.253939 1.587806 
1147 0.249371 1.586340 
1148 0.244872 1.584742 
1149 0.240441 1.583013 
1150 0.236079 1.581154 
1151 0.231783 1.579164 
1152 0.227553 1.577043 
1153 0.223389 1.574792 
1154 0.219290 1.572411 
1155 0.215254 1.569900 
1156 0.211282 1.567259 
1157 0.207372 1.564489 
1158 0.203523 1.561589 
1159 0.199736 1.558560 
1160 0.196009 1.555403 
1161 0.192341 1.552117 
1162 0.188732 1.548703 
1163 0.185180 1.545160 
1164 0.181687 1.541490 
1165 0.178249 1.537693 
1166 0.174868 1.533768 
1167 0.171541 1.529717 
1168 0.168269 1.525539 
1169 0.165051 1.521236 
1170 0.161886 1.516806 
1171 0.158773 1.512251 
1172 0.155712 1.507572 
1173 0.152701 1.502767 
1174 0.149742 1.497839 
1175 0.146831 1.492786 
1176 0.143970 1.487611 
1177 0.141157 1.482312 
1178 0.138392 1.476891 
1179 0.135674 1.471347 
1180 0.133002 1.465683 
1181 0.130376 1.459897 
1182 0.127795 1.453990 
1183 0.125258 1.447963 
1184 0.122766 1.441817 
1185 0.120316 1.435551 
1186 0.117910 1.429167 
1187 0.115545 1.422665 
1188 0.113222 1.416045 
1189 0.110940 1.409308 
1190 0.108698 1.402454 
1191 0.106495 1.395485 
1192 0.104332 1.388400 
1193 0.102208 1.381201 
1194 0.100121 1.373887 
1195 0.098072 1.366460 
1196 0.096060 1.358920 
1197 0.094084 1.351268 
1198 0.092144 1.343504 
1199 0.090239 1.335629 
1200 0.088369 1.327643 
1201 0.086533 1.319548 
1202 0.084730 1.311344 
1203 0.082961 1.303031 
1204 0.081225 1.294611 
1205 0.079521 1.286084 
1206 0.077848 1.277450 
1207 0.076207 1.268711 
1208 0.074596 1.259867 
1209 0.073015 1.250919 
1210 0.071464 1.241868 
1211 0.069943 1.232714 
1212 0.068450 1.223458 
1213 0.066986 1.214101 
1214 0.065549 1.204643 
1215 0.064140 1.195086 
1216 0.062758 1.185430 
1217 0.061402 1.175677 
1218 0.060073 1.165826 
1219 0.058769 1.155878 
1220 0.057491 1.145836 
1221 0.056237 1.135698 
1222 0.055008 1.125467 
1223 0.053802 1.115143 
1224 0.052621 1.104726 
1225 0.051463 1.094218 
1226 0.050327 1.083620 
1227 0.049214 1.072932 
1228 0.048123 1.062156 
1229 0.047054 1.051292 
1230 0.046006 1.040341 
1231 0.044979 1.029304 
1232 0.043973 1.018181 
1233 0.042987 1.006975 
1234 0.042021 0.995686 
1235 0.041074 0.984314 
1236 0.040147 0.972861 
1237 0.039238 0.961327 
1238 0.038348 0.949714 
1239 0.037477 0.938023 
1240 0.036623 0.926254 
1241 0.035786 0.914408 
1242 0.034967 0.902487 
1243 0.034165 0.890491 
1244 0.033380 0.878422 
1245 0.032611 0.866280 
1246 0.031858 0.854066 
1247 0.031120 0.841782 
1248 0.030398 0.829429 
1249 0.029692 0.817006 
1250 0.029000 0.804517 
1251 0.028323 0.791961 
1252 0.027660 0.779339 
1253 0.027011 0.766653 
1254 0.026377 0.753903 
1255 0.025755 0.741092 
1256 0.025147 0.728219 
1257 0.024552 0.715286 
1258 0.023970 0.702293 
1259 0.023401 0.689243 
1260 0.022843 0.676136 
1261 0.022298 0.662973 
1262 0.021765 0.649755 
1263 0.021243 0.636483 
1264 0.020733 0.623159 
1265 0.020234 0.609783 
1266 0.019746 0.596357 
1267 0.019269 0.582881 
1268 0.018802 0.569358 
1269 0.018346 0.555787 
1270 0.017899 0.542171 
1271 0.017463 0.528509 
1272 0.017036 0.514804 
1273 0.016619 0.501056 
1274 0.016212 0.487267 
1275 0.015813 0.473438 
1276 0.015424 0.459570 
1277 0.015043 0.445663 
1278 0.014671 0.431720 
1279 0.014307 0.417741 
1280 0.013952 0.403728 
1281 0.013604 0.389681 
1282 0.013265 0.375602 
1283 0.012933 0.361492 
1284 0.012610 0.347352 
1285 0.012293 0.333183 
1286 0.011984 0.318987 
1287 0.011682 0.304765 
1288 0.011387 0.290517 
1289 0.011099 0.276245 
1290 0.010817 0.261951 
1291 0.010543 0.247634 
1292 0.010274 0.233298 
1293 0.010012 0.218942 
1294 0.009756 0.204568 
1295 0.009506 0.190177 
1296 0.009263 0.175770 
1297 0.009024 0.161349 
1298 0.008792 0.146914 
1299 0.008565 0.132468 
1300 0.008343 0.118010 
1301 0.008127 0.103543 
1302 0.007916 0.089067 
1303 0.007710 0.074583 
1304 0.007509 0.060094 
1305 0.007313 0.045600 
1306 0.007121 0.031101 
1307 0.006935 0.016601 
1308 0.006753 0.002099 
1309 0.006575 -0.012404 
1310 0.006401 -0.026905 
1311 0.006232 -0.041404 
1312 0.006067 -0.055900 
1313 0.005906 -0.070391 
1314 0.005749 -0.084876 
1315 0.005596 -0.099354 
1316 0.005447 -0.113824 
1317 0.005301 -0.128285 
1318 0.005159 -0.142735 
1319 0.005021 -0.157173 
1320 0.004885 -0.171598 
1321 0.004754 -0.186009 
1322 0.004626 -0.200405 
1323 0.004500 -0.214784 
1324 0.004378 -0.229145 
1325 0.004260 -0.243487 
1326 0.004144 -0.257810 
1327 0.004031 -0.272111 
1328 0.003921 -0.286389 
1329 0.003814 -0.300644 
1330 0.003709 -0.314874 
1331 0.003607 -0.329078 
1332 0.003508 -0.343254 
1333 0.003411 -0.357403 
1334 0.003317 -0.371522 
1335 0.003225 -0.385610 
1336 0.003136 -0.399666 
1337 0.003049 -0.413689 
1338 0.002964 -0.427678 
1339 0.002882 -0.441632 
1340 0.002801 -0.455549 
1341 0.002723 -0.469428 
1342 0.002646 -0.483269 
1343 0.002572 -0.497070 
1344 0.002500 -0.510830 
1345 0.002429 -0.524547 
1346 0.002361 -0.538221 
1347 0.002294 -0.551851 
1348 0.002229 -0.565435 
1349 0.002166 -0.578972 
1350 0.002104 -0.592462 
1351 0.002044 -0.605902 
1352 0.001986 -0.619293 
1353 0.001929 -0.632632 
1354 0.001874 -0.645919 
1355 0.001820 -0.659153 
1356 0.001768 -0.672332 
1357 0.001717 -0.685455 
1358 0.001668 -0.698522 
1359 0.001619 -0.711532 
1360 0.001573 -0.724482 
1361 0.001527 -0.737372 
1362 0.001483 -0.750202 
1363 0.001439 -0.762970 
1364 0.001397 -0.775674 
1365 0.001357 -0.788314 
1366 0.001317 -0.800890 
1367 0.001278 -0.813399 
1368 0.001241 -0.825841 
1369 0.001204 -0.838214 
1370 0.001169 -0.850519 
1371 0.001134 -0.862753 
1372 0.001101 -0.874915 
1373 0.001068 -0.887006 
1374 0.001037 -0.899023 
1375 0.001006 -0.910966 
1376 0.000976 -0.922833 
1377 0.000947 -0.934624 
1378 0.000919 -0.946339 
1379 0.000891 -0.957974 
1380 0.000864 -0.969531 
1381 0.000838 -0.981007 
1382 0.000813 -0.992403 
1383 0.000789 -1.003716 
1384 0.000765 -1.014947 
1385 0.000742 -1.026093 
1386 0.000719 -1.037155 
1387 0.000698 -1.048131 
1388 0.000676 -1.059021 
1389 0.000656 -1.069823 
1390 0.000636 -1.080536 
1391 0.000616 -1.091160 
1392 0.000598 -1.101695 
1393 0.000579 -1.112138 
1394 0.000561 -1.122489 
1395 0.000544 -1.132747 
1396 0.000527 -1.142912 
1397 0.000511 -1.152982 
1398 0.000495 -1.162957 
1399 0.000480 -1.172836 
1400 0.000465 -1.182618 
1401 0.000451 -1.192302 
1402 0.000437 -1.201887 
1403 0.000423 -1.211374 
1404 0.000410 -1.220760 
1405 0.000397 -1.230045 
1406 0.000385 -1.239229 
1407 0.000373 -1.248310 
1408 0.000361 -1.257288 
1409 0.000350 -1.266162 
1410 0.000339 -1.274932 
1411 0.000328 -1.283596 
1412 0.000318 -1.292154 
1413 0.000308 -1.300606 
1414 0.000298 -1.308949 
1415 0.000288 -1.317185 
1416 0.000279 -1.325312 
1417 0.000270 -1.333329 
1418 0.000262 -1.341236 
1419 0.000253 -1.349032 
1420 0.000245 -1.356717 
1421 0.000237 -1.364290 
1422 0.000230 -1.371749 
1423 0.000222 -1.379096 
1424 0.000215 -1.386328 
1425 0.000208 -1.393446 
1426 0.000201 -1.400449 
1427 0.000195 -1.407336 
1428 0.000189 -1.414107 
1429 0.000183 -1.420761 
1430 0.000177 -1.427297 
1431 0.000171 -1.433716 
1432 0.000165 -1.440016 
1433 0.000160 -1.446197 
1434 0.000155 -1.452258 
1435 0.000150 -1.458200 
1436 0.000145 -1.464021 
1437 0.000140 -1.469720 
1438 0.000135 -1.475299 
1439 0.000131 -1.480756 
1440 0.000127 -1.486090 
1441 0.000122 -1.491301 
1442 0.000118 -1.496389 
1443 0.000114 -1.501354 
1444 0.000111 -1.506194 
1445 0.000107 -1.510910 
1446 0.000103 -1.515501 
1447 0.000100 -1.519967 
1448 0.000097 -1.524307 
1449 0.000093 -1.528521 
1450 0.000090 -1.532609 
1451 0.000087 -1.536570 
1452 0.000084 -1.540404 
1453 0.000081 -1.544111 
1454 0.000079 -1.547691 
1455 0.000076 -1.551142 
1456 0.000073 -1.554465 
1457 0.000071 -1.557660 
1458 0.000069 -1.560726 
1459 0.000066 -1.563663 
1460 0.000064 -1.566471 
1461 0.000062 -1.569149 
1462 0.000060 -1.571698 
1463 0.000058 -1.574116 
1464 0.000056 -1.576405 
1465 0.000054 -1.578563 
1466 0.000052 -1.580591 
1467 0.000050 -1.582489 
1468 0.000048 -1.584255 
1469 0.000047 -1.585891 
1470 0.000045 -1.587395 
1471 0.000044 -1.588769 
1472 0.000042 -1.590011 
1473 0.000041 -1.591121 
1474 0.000039 -1.592100 
1475 0.000038 -1.592948 
1476 0.000036 -1.593664 
1477 0.000035 -1.594248 
1478 0.000034 -1.594700 
1479 0.000033 -1.595021 
1480 0.000032 -1.595210 
1481 0.000031 -1.595267 
1482 0.000029 -1.595192 
1483 0.000028 -1.594985 
1484 0.000027 -1.594647 
1485 0.000026 -1.594177 
1486 0.000025 -1.593575 
1487 0.000025 -1.592841 
1488 0.000024 -1.591976 
1489 0.000023 -1.590979 
1490 0.000022 -1.589850 
1491 0.000021 -1.588590 
1492 0.000021 -1.587199 
1493 0.000020 -1.585677 
1494 0.000019 -1.584024 
1495 0.000018 -1.582239 
1496 0.000018 -1.580324 
1497 0.000017 -1.578279 
1498 0.000016 -1.576103 
1499 0.000016 -1.573796 
1500 0.000015 -1.571360 
1501 0.000015 -1.568794 
1502 0.000014 -1.566098 
1503 0.000014 -1.563273 
1504 0.000013 -1.560318 
1505 0.000013 -1.557235 
1506 0.000012 -1.554023 
1507 0.000012 -1.550682 
1508 0.000011 -1.547213 
1509 0.000011 -1.543617 
1510 0.000011 -1.539893 
1511 0.000010 -1.536041 
1512 0.000010 -1.532063 
1513 0.000009 -1.527958 
1514 0.000009 -1.523727 
1515 0.000009 -1.519369 
1516 0.000008 -1.514887 
1517 0.000008 -1.510279 
1518 0.000008 -1.505546 
1519 0.000008 -1.500689 
1520 0.000007 -1.495707 
1521 0.000007 -1.490603 
1522 0.000007 -1.485375 
1523 0.000006 -1.480024 
1524 0.000006 -1.474551 
1525 0.000006 -1.468956 
1526 0.000006 -1.463239 
1527 0.000006 -1.457402 
1528 0.000005 -1.451444 
1529 0.000005 -1.445367 
1530 0.000005 -1.439170 
1531 0.000005 -1.432854 
1532 0.000005 -1.426419 
1533 0.000004 -1.419867 
1534 0.000004 -1.413197 
1535 0.000004 -1.406410 
1536 0.000004 -1.399508 
1537 0.000004 -1.392489 
1538 0.000004 -1.385356 
1539 0.000004 -1.378108 
1540 0.000003 -1.370746 
1541 0.000003 -1.363271 
1542 0.000003 -1.355683 
1543 0.000003 -1.347983 
1544 0.000003 -1.340172 
1545 0.000003 -1.332250 
1546 0.000003 -1.324218 
1547 0.000003 -1.316076 
1548 0.000002 -1.307826 
1549 0.000002 -1.299467 
1550 0.000002 -1.291002 
1551 0.000002 -1.282429 
1552 0.000002 -1.273751 
1553 0.000002 -1.264967 
1554 0.000002 -1.256079 
1555 0.000002 -1.247087 
1556 0.000002 -1.237991 
1557 0.000002 -1.228794 
1558 0.000002 -1.219495 
1559 0.000002 -1.210095 
1560 0.000002 -1.200595 
1561 0.000001 -1.190996 
1562 0.000001 -1.181299 
1563 0.000001 -1.171504 
1564 0.000001 -1.161612 
1565 0.000001 -1.151624 
1566 0.000001 -1.141541 
1567 0.000001 -1.131363 
1568 0.000001 -1.121092 
1569 0.000001 -1.110729 
1570 0.000001 -1.100273 
1571 0.000001 -1.089727 
1572 0.000001 -1.079091 
1573 0.000001 -1.068365 
1574 0.000001 -1.057551 
1575 0.000001 -1.046650 
1576 0.000001 -1.035662 
1577 0.000001 -1.024589 
1578 0.000001 -1.013431 
1579 0.000001 -1.002189 
1580 0.000001 -0.990865 
1581 0.000001 -0.979458 
1582 0.000001 -0.967971 
1583 0.000001 -0.956403 
1584 0.000001 -0.944757 
1585 0.000001 -0.933032 
1586 0.000001 -0.921231 
1587 0.000001 -0.909353 
1588 0.000000 -0.897400 
1589 0.000000 -0.885373 
1590 0.000000 -0.873273 
1591 0.000000 -0.861100 
1592 0.000000 -0.848857 
1593 0.000000 -0.836543 
1594 0.000000 -0.824160 
1595 0.000000 -0.811709 
1596 0.000000 -0.799191 
1597 0.000000 -0.786607 
1598 0.000000 -0.773958 
1599 0.000000 -0.761244 
1600 0.000000 -0.748468 
1601 0.000000 -0.735631 
1602 0.000000 -0.722732 
1603 0.000000 -0.709773 
1604 0.000000 -0.696756 
1605 0.000000 -0.683682 
1606 0.000000 -0.670551 
1607 0.000000 -0.657364 
1608 0.000000 -0.644123 
1609 0.000000 -0.630829 
1610 0.000000 -0.617483 
1611 0.000000 -0.604085 
1612 0.000000 -0.590638 
1613 0.000000 -0.577142 
1614 0.000000 -0.563599 
1615 0.000000 -0.550008 
1616 0.000000 -0.536372 
1617 0.000000 -0.522692 
1618 0.000000 -0.508969 
1619 0.000000 -0.495204 
1620 0.000000 -0.481397 
1621 0.000000 -0.467551 
1622 0.000000 -0.453667 
1623 0.000000 -0.439745 
1624 0.000000 -0.425786 
1625 0.000000 -0.411792 
1626 0.000000 -0.397764 
1627 0.000000 -0.383704 
1628 0.000000 -0.369612 
1629 0.000000 -0.355489 
1630 0.000000 -0.341336 
1631 0.000000 -0.327156 
1632 0.000000 -0.312948 
1633 0.000000 -0.298715 
1634 0.000000 -0.284457 
1635 0.000000 -0.270175 
1636 0.000000 -0.255872 
1637 0.000000 -0.241546 
1638 0.000000 -0.227201 
1639 0.000000 -0.212838 
1640 0.000000 -0.198456 
1641 0.000000 -0.184059 
1642 0.000000 -0.169646 
1643 0.000000 -0.155219 
1644 0.000000 -0.140779 
1645 0.000000 -0.126327 
1646 0.000000 -0.111865 
1647 0.000000 -0.097394 
1648 0.000000 -0.082915 
1649 0.000000 -0.068429 
1650 0.000000 -0.053937 
1651 0.000000 -0.039441 
1652 0.000000 -0.024942 
1653 0.000000 -0.010440 
1654 0.000000 0.004062 
1655 0.000000 0.018564 
1656 0.000000 0.033065 
1657 0.000000 0.047562 
1658 0.000000 0.062056 
1659 0.000000 0.076545 
1660 0.000000 0.091027 
1661 0.000000 0.105502 
1662 0.000000 0.119968 
1663 0.000000 0.134424 
1664 0.000000 0.148870 
1665 0.000000 0.163302 
1666 0.000000 0.177722 
1667 0.000000 0.192126 
1668 0.000000 0.206515 
1669 0.000000 0.220887 
1670 0.000000 0.235240 
1671 0.000000 0.249574 
1672 0.000000 0.263887 
1673 0.000000 0.278179 
1674 0.000000 0.292447 
1675 0.000000 0.306692 
1676 0.000000 0.320911 
1677 0.000000 0.335103 
1678 0.000000 0.349268 
1679 0.000000 0.363404 
1680 0.000000 0.377510 
1681 0.000000 0.391585 
1682 0.000000 0.405627 
1683 0.000000 0.419636 
1684 0.000000 0.433610 
1685 0.000000 0.447548 
1686 0.000000 0.461450 
1687 0.000000 0.475313 
1688 0.000000 0.489137 
1689 0.000000 0.502920 
1690 0.000000 0.516662 
1691 0.000000 0.530361 
1692 0.000000 0.544017 
1693 0.000000 0.557627 
1694 0.000000 0.571192 
1695 0.000000 0.584709 
1696 0.000000 0.598178 
1697 0.000000 0.611597 
1698 0.000000 0.624966 
1699 0.000000 0.638283 
1700 0.000000 0.651547 
1701 0.000000 0.664758 
1702 0.000000 0.677914 
1703 0.000000 0.691013 
1704 0.000000 0.704056 
1705 0.000000 0.717040 
1706 0.000000 0.729965 
1707 0.000000 0.742830 
1708 0.000000 0.755633 
1709 0.000000 0.768374 
1710 0.000000 0.781052 
1711 0.000000 0.793665 
1712 0.000000 0.806212 
1713 0.000000 0.818692 
1714 0.000000 0.831105 
1715 0.000000 0.843450 
1716 0.000000 0.855724 
1717 0.000000 0.867928 
1718 0.000000 0.880060 
1719 0.000000 0.892120 
1720 0.000000 0.904105 
1721 0.000000 0.916016 
1722 0.000000 0.927852 
1723 0.000000 0.939610 
1724 0.000000 0.951291 
1725 0.000000 0.962893 
1726 0.000000 0.974416 
1727 0.000000 0.985858 
1728 0.000000 0.997219 
1729 0.000000 1.008497 
1730 0.000000 1.019692 
1731 0.000000 1.030803 
1732 0.000000 1.041828 
1733 0.000000 1.052768 
1734 0.000000 1.063620 
1735 0.000000 1.074385 
1736 0.000000 1.085060 
1737 0.000000 1.095646 
1738 0.000000 1.106142 
1739 0.000000 1.116546 
1740 0.000000 1.126858 
1741 0.000000 1.137076 
1742 0.000000 1.147201 
1743 0.000000 1.157231 
1744 0.000000 1.167165 
1745 0.000000 1.177003 
1746 0.000000 1.186744 
1747 0.000000 1.196386 
1748 0.000000 1.205929 
1749 0.000000 1.215373 
1750 0.000000 1.224717 
1751 0.000000 1.233959 
1752 0.000000 1.243099 
1753 0.000000 1.252137 
1754 0.000000 1.261071 
1755 0.000000 1.269901 
1756 0.000000 1.278626 
1757 0.000000 1.287245 
1758 0.000000 1.295758 
1759 0.000000 1.304163 
1760 0.000000 1.312461 
1761 0.000000 1.320651 
1762 0.000000 1.328731 
1763 0.000000 1.336702 
1764 0.000000 1.344562 
1765 0.000000 1.352310 
1766 0.000000 1.359948 
1767 0.000000 1.367472 
1768 0.000000 1.374884 
1769 0.000000 1.382182 
1770 0.000000 1.389366 
1771 0.000000 1.396435 
1772 0.000000 1.403389 
1773 0.000000 1.410227 
1774 0.000000 1.416948 
1775 0.000000 1.423552 
1776 0.000000 1.430038 
1777 0.000000 1.436407 
1778 0.000000 1.442656 
1779 0.000000 1.448786 
1780 0.000000 1.454797 
1781 0.000000 1.460687 
1782 0.000000 1.466457 
1783 0.000000 1.472105 
1784 0.000000 1.477632 
1785 0.000000 1.483037 
1786 0.000000 1.488319 
1787 0.000000 1.493478 
1788 0.000000 1.498513 
1789 0.000000 1.503425 
1790 0.000000 1.508213 
1791 0.000000 1.512875 
1792 0.000000 1.517413 
1793 0.000000 1.521826 
1794 0.000000 1.526113 
1795 0.000000 1.530273 
1796 0.000000 1.534307 
1797 0.000000 1.538214 
1798 0.000000 1.541995 
1799 0.000000 1.545647 
1800 0.000000 1.549172 
1801 0.000000 1.552569 
1802 0.000000 1.555838 
1803 0.000000 1.558978 
1804 0.000000 1.561989 
1805 0.000000 1.564871 
1806 0.000000 1.567624 
1807 0.000000 1.570248 
1808 0.000000 1.572741 
1809 0.000000 1.575105 
1810 0.000000 1.577338 
1811 0.000000 1.579441 
1812 0.000000 1.581413 
1813 0.000000 1.583255 
1814 0.000000 1.584966 
1815 0.000000 1.586546 
1816 0.000000 1.587995 
1817 0.000000 1.589312 
1818 0.000000 1.590499 
1819 0.000000 1.591553 
1820 0.000000 1.592477 
1821 0.000000 1.593268 
1822 0.000000 1.593928 
1823 0.000000 1.594456 
1824 0.000000 1.594853 
1825 0.000000 1.595117 
1826 0.000000 1.595250 
1827 0.000000 1.595251 
1828 0.000000 1.595120 
1829 0.000000 1.594858 
1830 0.000000 1.594463 
1831 0.000000 1.593937 
1832 0.000000 1.593279 
1833 0.000000 1.592489 
1834 0.000000 1.591568 
1835 0.000000 1.590515 
1836 0.000000 1.589331 
1837 0.000000 1.588016 
1838 0.000000 1.586569 
1839 0.000000 1.584991 
1840 0.000000 1.583282 
1841 0.000000 1.581442 
1842 0.000000 1.579472 
1843 0.000000 1.577371 
1844 0.000000 1.575139 
1845 0.000000 1.572778 
1846 0.000000 1.570286 
1847 0.000000 1.567665 
1848 0.000000 1.564914 
1849 0.000000 1.562034 
1850 0.000000 1.559024 
1851 0.000000 1.555886 
1852 0.000000 1.552620 
1853 0.000000 1.549225 
1854 0.000000 1.545702 
1855 0.000000 1.542051 
1856 0.000000 1.538272 
1857 0.000000 1.534367 
1858 0.000000 1.530335 
1859 0.000000 1.526176 
1860 0.000000 1.521892 
1861 0.000000 1.517481 
1862 0.000000 1.512945 
1863 0.000000 1.508284 
1864 0.000000 1.503499 
1865 0.000000 1.498589 
1866 0.000000 1.493555 
1867 0.000000 1.488398 
1868 0.000000 1.483118 
1869 0.000000 1.477715 
1870 0.000000 1.472190 
1871 0.000000 1.466544 
1872 0.000000 1.460776 
1873 0.000000 1.454888 
1874 0.000000 1.448879 
1875 0.000000 1.442751 
1876 0.000000 1.436503 
1877 0.000000 1.430137 
1878 0.000000 1.423652 
1879 0.000000 1.417050 
1880 0.000000 1.410331 
1881 0.000000 1.403495 
1882 0.000000 1.396544 
1883 0.000000 1.389477 
1884 0.000000 1.382295 
1885 0.000000 1.374998 
1886 0.000000 1.367589 
1887 0.000000 1.360066 
1888 0.000000 1.352431 
1889 0.000000 1.344684 
1890 0.000000 1.336826 
1891 0.000000 1.328857 
1892 0.000000 1.320779 
1893 0.000000 1.312592 
1894 0.000000 1.304296 
1895 0.000000 1.295893 
1896 0.000000 1.287382 
1897 0.000000 1.278765 
1898 0.000000 1.270042 
1899 0.000000 1.261215 
1900 0.000000 1.252283 
1901 0.000000 1.243248 
1902 0.000000 1.234110 
1903 0.000000 1.224870 
1904 0.000000 1.215529 
1905 0.000000 1.206088 
1906 0.000000 1.196547 
1907 0.000000 1.186907 
1908 0.000000 1.177170 
1909 0.000000 1.167335 
1910 0.000000 1.157403 
1911 0.000000 1.147377 
1912 0.000000 1.137255 
1913 0.000000 1.127039 
1914 0.000000 1.116731 
1915 0.000000 1.106330 
1916 0.000000 1.095838 
1917 0.000000 1.085256 
1918 0.000000 1.074584 
1919 0.000000 1.063823 
1920 0.000000 1.052975 
1921 0.000000 1.042040 
1922 0.000000 1.031019 
1923 0.000000 1.019912 
1924 0.000000 1.008722 
1925 0.000000 0.997449 
1926 0.000000 0.986093 
1927 0.000000 0.974656 
1928 0.000000 0.963139 
1929 0.000000 0.951543 
1930 0.000000 0.939868 
1931 0.000000 0.928116 
1932 0.000000 0.916287 
1933 0.000000 0.904383 
1934 0.000000 0.892405 
1935 0.000000 0.880353 
1936 0.000000 0.868229 
1937 0.000000 0.856034 
1938 0.000000 0.843768 
1939 0.000000 0.831433 
1940 0.000000 0.819030 
1941 0.000000 0.806560 
1942 0.000000 0.794024 
1943 0.000000 0.781422 
1944 0.000000 0.768757 
1945 0.000000 0.756028 
1946 0.000000 0.743238 
1947 0.000000 0.730387 
1948 0.000000 0.717477 
1949 0.000000 0.704508 
1950 0.000000 0.691482 
1951 0.000000 0.678399 
1952 0.000000 0.665261 
1953 0.000000 0.652070 
1954 0.000000 0.638825 
1955 0.000000 0.625529 
1956 0.000000 0.612182 
1957 0.000000 0.598785 
1958 0.000000 0.585341 
1959 0.000000 0.571849 
1960 0.000000 0.558311 
1961 0.000000 0.544729 
1962 0.000000 0.531103 
1963 0.000000 0.517435 
1964 0.000000 0.503726 
1965 0.000000 0.489977 
1966 0.000000 0.476189 
1967 0.000000 0.462364 
1968 0.000000 0.448502 
1969 0.000000 0.434606 
1970 0.000000 0.420676 
1971 0.000000 0.406713 
1972 0.000000 0.392719 
1973 0.000000 0.378695 
1974 0.000000 0.364643 
1975 0.000000 0.350563 
1976 0.000000 0.336457 
1977 0.000000 0.322326 
1978 0.000000 0.308171 
1979 0.000000 0.293995 
1980 0.000000 0.279797 
1981 0.000000 0.265580 
1982 0.000000 0.251345 
1983 0.000000 0.237093 
1984 0.000000 0.222825 
1985 0.000000 0.208543 
1986 0.000000 0.194248 
1987 0.000000 0.179942 
1988 0.000000 0.165626 
1989 0.000000 0.151301 
1990 0.000000 0.136968 
1991 0.000000 0.122630 
1992 0.000000 0.108288 
1993 0.000000 0.093942 
1994 0.000000 0.079594 
1995 0.000000 0.065247 
1996 0.000000 0.050901 
1997 0.000000 0.036557 
1998 0.000000 0.022217 
1999 0.000000 0.007883 
2000 0.000000 -0.006443 
2001 0.000000 -0.020761 
2002 0.000000 -0.035070 
2003 0.000000 -0.049366 
2004 0.000000 -0.063649 
2005 0.000000 -0.077918 
2006 0.000000 -0.092171 
2007 0.000000 -0.106405 
2008 0.000000 -0.120621 
2009 0.000000 -0.134816 
2010 0.000000 -0.148988 
2011 0.000000 -0.163136 
2012 0.000000 -0.177259 
2013 0.000000 -0.191354 
2014 0.000000 -0.205421 
2015 0.000001 -0.219457 
2016 0.000001 -0.233460 
2017 0.000001 -0.247431 
2018 0.000001 -0.261365 
2019 0.000001 -0.275263 
2020 0.000001 -0.289122 
2021 0.000001 -0.302940 
2022 0.000001 -0.316716 
2023 0.000001 -0.330448 
2024 0.000001 -0.344135 
2025 0.000001 -0.357774 
2026 0.000001 -0.371364 
2027 0.000001 -0.384903 
2028 0.000001 -0.398390 
2029 0.000001 -0.411821 
2030 0.000001 -0.425197 
2031 0.000001 -0.438515 
2032 0.000001 -0.451772 
2033 0.000001 -0.464968 
2034 0.000001 -0.478100 
2035 0.000001 -0.491167 
2036 0.000001 -0.504166 
2037 0.000001 -0.517096 
2038 0.000001 -0.529955 
2039 0.000001 -0.542741 
2040 0.000001 -0.555452 
2041 0.000001 -0.568086 
2042 0.000002 -0.580641 
2043 0.000002 -0.593115 
2044 0.000002 -0.605506 
2045 0.000002 -0.617813 
2046 0.000002 -0.630033 
2047 0.000002 -0.642164 
2048 0.000002 -0.654204 
2049 0.000002 -0.666152 
2050 0.000002 -0.678005 
2051 0.000002 -0.689760 
2052 0.000002 -0.701417 
2053 0.000002 -0.712973 
2054 0.000002 -0.724425 
2055 0.000003 -0.735773 
2056 0.000003 -0.747013 
2057 0.000003 -0.758144 
2058 0.000003 -0.769163 
2059 0.000003 -0.780069 
2060 0.000003 -0.790859 
2061 0.000003 -0.801531 
2062 0.000003 -0.812083 
2063 0.000004 -0.822512 
2064 0.000004 -0.832818 
2065 0.000004 -0.842997 
2066 0.000004 -0.853047 
2067 0.000004 -0.862966 
2068 0.000004 -0.872753 
2069 0.000004 -0.882404 
2070 0.000005 -0.891918 
2071 0.000005 -0.901292 
2072 0.000005 -0.910525 
2073 0.000005 -0.919614 
2074 0.000005 -0.928556 
2075 0.000006 -0.937351 
2076 0.000006 -0.945995 
2077 0.000006 -0.954486 
2078 0.000006 -0.962822 
2079 0.000006 -0.971002 
2080 0.000007 -0.979022 
2081 0.000007 -0.986881 
2082 0.000007 -0.994577 
2083 0.000008 -1.002107 
2084 0.000008 -1.009469 
2085 0.000008 -1.016661 
2086 0.000008 -1.023681 
2087 0.000009 -1.030527 
2088 0.000009 -1.037197 
2089 0.000009 -1.043688 
2090 0.000010 -1.049999 
2091 0.000010 -1.056128 
2092 0.000011 -1.062072 
2093 0.000011 -1.067830 
2094 0.000011 -1.073399 
2095 0.000012 -1.078777 
2096 0.000012 -1.083963 
2097 0.000013 -1.088955 
2098 0.000013 -1.093750 
2099 0.000014 -1.098347 
2100 0.000014 -1.102744 
2101 0.000015 -1.106939 
2102 0.000015 -1.110930 
2103 0.000016 -1.114715 
2104 0.000016 -1.118293 
2105 0.000017 -1.121662 
2106 0.000018 -1.124820 
2107 0.000018 -1.127766 
2108 0.000019 -1.130498 
2109 0.000020 -1.133014 
2110 0.000020 -1.135313 
2111 0.000021 -1.137393 
2112 0.000022 -1.139252 
2113 0.000023 -1.140890 
2114 0.000024 -1.142305 
2115 0.000024 -1.143496 
2116 0.000025 -1.144461 
2117 0.000026 -1.145199 
2118 0.000027 -1.145708 
2119 0.000028 -1.145989 
2120 0.000029 -1.146038 
2121 0.000030 -1.145857 
2122 0.000031 -1.145442 
2123 0.000033 -1.144795 
2124 0.000034 -1.143912 
2125 0.000035 -1.142795 
2126 0.000036 -1.141441 
2127 0.000038 -1.139851 
2128 0.000039 -1.138023 
2129 0.000040 -1.135957 
2130 0.000042 -1.133652 
2131 0.000043 -1.131108 
2132 0.000045 -1.128325 
2133 0.000046 -1.125302 
2134 0.000048 -1.122038 
2135 0.000050 -1.118534 
2136 0.000052 -1.114789 
2137 0.000053 -1.110803 
2138 0.000055 -1.106576 
2139 0.000057 -1.102109 
2140 0.000059 -1.097401 
2141 0.000061 -1.092452 
2142 0.000063 -1.087263 
2143 0.000066 -1.081834 
2144 0.000068 -1.076165 
2145 0.000070 -1.070257 
2146 0.000073 -1.064111 
2147 0.000075 -1.057726 
2148 0.000078 -1.051104 
2149 0.000081 -1.044245 
2150 0.000084 -1.037150 
2151 0.000086 -1.029820 
2152 0.000089 -1.022256 
2153 0.000093 -1.014460 
2154 0.000096 -1.006431 
2155 0.000099 -0.998171 
2156 0.000103 -0.989682 
2157 0.000106 -0.980965 
2158 0.000110 -0.972021 
2159 0.000113 -0.962852 
2160 0.000117 -0.953459 
2161 0.000121 -0.943844 
2162 0.000125 -0.934009 
2163 0.000130 -0.923955 
2164 0.000134 -0.913684 
2165 0.000139 -0.903198 
2166 0.000143 -0.892499 
2167 0.000148 -0.881589 
2168 0.000153 -0.870471 
2169 0.000158 -0.859146 
2170 0.000164 -0.847616 
2171 0.000169 -0.835885 
2172 0.000175 -0.823953 
2173 0.000181 -0.811825 
2174 0.000187 -0.799502 
2175 0.000193 -0.786986 
2176 0.000200 -0.774282 
2177 0.000206 -0.761390 
2178 0.000213 -0.748314 
2179 0.000220 -0.735057 
2180 0.000227 -0.721622 
2181 0.000235 -0.708011 
2182 0.000243 -0.694228 
2183 0.000251 -0.680275 
2184 0.000259 -0.666156 
2185 0.000268 -0.651874 
2186 0.000276 -0.637432 
2187 0.000285 -0.622832 
2188 0.000295 -0.608080 
2189 0.000304 -0.593177 
2190 0.000314 -0.578127 
2191 0.000325 -0.562934 
2192 0.000335 -0.547601 
2193 0.000346 -0.532131 
2194 0.000357 -0.516529 
2195 0.000369 -0.500796 
2196 0.000381 -0.484938 
2197 0.000393 -0.468958 
2198 0.000406 -0.452859 
2199 0.000419 -0.436645 
2200 0.000432 -0.420320 
2201 0.000446 -0.403888 
2202 0.000460 -0.387351 
2203 0.000475 -0.370715 
2204 0.000490 -0.353982 
2205 0.000505 -0.337157 
2206 0.000522 -0.320243 
2207 0.000538 -0.303245 
2208 0.000555 -0.286165 
2209 0.000573 -0.269008 
2210 0.000591 -0.251778 
2211 0.000609 -0.234478 
2212 0.000628 -0.217113 
2213 0.000648 -0.199686 
2214 0.000668 -0.182201 
2215 0.000689 -0.164662 
2216 0.000711 -0.147073 
2217 0.000733 -0.129437 
2218 0.000756 -0.111759 
2219 0.000779 -0.094042 
2220 0.000803 -0.076290 
2221 0.000828 -0.058507 
2222 0.000854 -0.040696 
2223 0.000880 -0.022863 
2224 0.000907 -0.005009 
2225 0.000935 0.012861 
2226 0.000964 0.030743 
2227 0.000993 0.048634 
2228 0.001024 0.066530 
2229 0.001055 0.084427 
2230 0.001087 0.102322 
2231 0.001120 0.120211 
2232 0.001154 0.138091 
2233 0.001189 0.155958 
2234 0.001225 0.173809 
2235 0.001262 0.191639 
2236 0.001300 0.209447 
2237 0.001339 0.227228 
2238 0.001379 0.244978 
2239 0.001421 0.262696 
2240 0.001463 0.280377 
2241 0.001507 0.298018 
2242 0.001552 0.315616 
2243 0.001598 0.333167 
2244 0.001645 0.350670 
2245 0.001694 0.368120 
2246 0.001744 0.385515 
2247 0.001796 0.402851 
2248 0.001849 0.420126 
2249 0.001903 0.437337 
2250 0.001959 0.454480 
2251 0.002016 0.471554 
2252 0.002076 0.488556 
2253 0.002136 0.505482 
2254 0.002198 0.522330 
2255 0.002262 0.539097 
2256 0.002328 0.555782 
2257 0.002396 0.572381 
2258 0.002465 0.588892 
2259 0.002536 0.605312 
2260 0.002609 0.621640 
2261 0.002685 0.637872 
2262 0.002762 0.654008 
2263 0.002841 0.670043 
2264 0.002922 0.685977 
2265 0.003006 0.701807 
2266 0.003091 0.717532 
2267 0.003179 0.733148 
2268 0.003270 0.748655 
2269 0.003362 0.764050 
2270 0.003458 0.779331 
2271 0.003555 0.794497 
2272 0.003655 0.809546 
2273 0.003758 0.824476 
2274 0.003864 0.839286 
2275 0.003972 0.853974 
2276 0.004083 0.868538 
2277 0.004197 0.882976 
2278 0.004314 0.897289 
2279 0.004434 0.911473 
2280 0.004558 0.925528 
2281 0.004684 0.939452 
2282 0.004813 0.953244 
2283 0.004946 0.966903 
2284 0.005082 0.980427 
2285 0.005222 0.993816 
2286 0.005365 1.007068 
2287 0.005512 1.020182 
2288 0.005663 1.033157 
2289 0.005818 1.045993 
2290 0.005976 1.058688 
2291 0.006138 1.071241 
2292 0.006305 1.083652 
2293 0.006475 1.095920 
2294 0.006650 1.108043 
2295 0.006830 1.120021 
2296 0.007013 1.131854 
2297 0.007202 1.143541 
2298 0.007395 1.155080 
2299 0.007592 1.166472 
2300 0.007795 1.177716 
2301 0.008003 1.188811 
2302 0.008215 1.199757 
2303 0.008433 1.210553 
2304 0.008657 1.221199 
2305 0.008885 1.231694 
2306 0.009120 1.242038 
2307 0.009360 1.252231 
2308 0.009605 1.262272 
2309 0.009857 1.272161 
2310 0.010115 1.281898 
2311 0.010379 1.291482 
2312 0.010649 1.300913 
2313 0.010926 1.310191 
2314 0.011209 1.319315 
2315 0.011499 1.328286 
2316 0.011796 1.337104 
2317 0.012101 1.345767 
2318 0.012412 1.354277 
2319 0.012730 1.362632 
2320 0.013056 1.370833 
2321 0.013390 1.378881 
2322 0.013732 1.386773 
2323 0.014081 1.394512 
2324 0.014439 1.402096 
2325 0.014805 1.409526 
2326 0.015179 1.416802 
2327 0.015562 1.423923 
2328 0.015954 1.430890 
2329 0.016355 1.437703 
2330 0.016766 1.444362 
2331 0.017185 1.450867 
2332 0.017614 1.457218 
2333 0.018053 1.463415 
2334 0.018502 1.469459 
2335 0.018961 1.475349 
2336 0.019430 1.481085 
2337 0.019910 1.486668 
2338 0.020401 1.492099 
2339 0.020903 1.497376 
2340 0.021416 1.502500 
2341 0.021940 1.507472 
2342 0.022477 1.512291 
2343 0.023025 1.516958 
2344 0.023585 1.521474 
2345 0.024157 1.525837 
2346 0.024742 1.530049 
2347 0.025340 1.534110 
2348 0.025951 1.538019 
2349 0.026576 1.541778 
2350 0.027214 1.545386 
2351 0.027865 1.548844 
2352 0.028531 1.552151 
2353 0.029212 1.555309 
2354 0.029907 1.558317 
2355 0.030617 1.561176 
2356 0.031342 1.563886 
2357 0.032082 1.566448 
2358 0.032839 1.568860 
2359 0.033611 1.571125 
2360 0.034400 1.573242 
2361 0.035206 1.575211 
2362 0.036028 1.577034 
2363 0.036868 1.578709 
2364 0.037725 1.580237 
2365 0.038601 1.581620 
2366 0.039494 1.582856 
2367 0.040406 1.583947 
2368 0.041337 1.584892 
2369 0.042288 1.585693 
2370 0.043257 1.586348 
2371 0.044247 1.586860 
2372 0.045257 1.587227 
2373 0.046288 1.587451 
2374 0.047339 1.587532 
2375 0.048413 1.587470 
2376 0.049507 1.587265 
2377 0.050624 1.586918 
2378 0.051763 1.586430 
2379 0.052926 1.585799 
2380 0.054111 1.585028 
2381 0.055320 1.584116 
2382 0.056553 1.583064 
2383 0.057811 1.581872 
2384 0.059094 1.580541 
2385 0.060402 1.579070 
2386 0.061735 1.577461 
2387 0.063095 1.575713 
2388 0.064481 1.573827 
2389 0.065894 1.571804 
2390 0.067335 1.569644 
2391 0.068803 1.567347 
2392 0.070300 1.564914 
2393 0.071826 1.562345 
2394 0.073381 1.559641 
2395 0.074966 1.556802 
2396 0.076581 1.553829 
2397 0.078227 1.550721 
2398 0.079904 1.547480 
2399 0.081612 1.544106 
2400 0.083353 1.540599 
2401 0.085126 1.536960 
2402 0.086933 1.533190 
2403 0.088773 1.529288 
2404 0.090647 1.525255 
2405 0.092556 1.521093 
2406 0.094501 1.516800 
2407 0.096481 1.512379 
2408 0.098498 1.507828 
2409 0.100551 1.503150 
2410 0.102642 1.498344 
2411 0.104771 1.493410 
2412 0.106938 1.488351 
2413 0.109145 1.483165 
2414 0.111391 1.477853 
2415 0.113678 1.472417 
2416 0.116005 1.466857 
2417 0.118374 1.461172 
2418 0.120785 1.455364 
2419 0.123238 1.449434 
2420 0.125735 1.443382 
2421 0.128276 1.437208 
2422 0.130861 1.430913 
2423 0.133491 1.424498 
2424 0.136167 1.417963 
2425 0.138890 1.411310 
2426 0.141659 1.404538 
2427 0.144476 1.397648 
2428 0.147341 1.390641 
2429 0.150256 1.383517 
2430 0.153220 1.376278 
2431 0.156234 1.368924 
2432 0.159299 1.361455 
2433 0.162416 1.353872 
2434 0.165585 1.346176 
2435 0.168807 1.338368 
2436 0.172083 1.330448 
2437 0.175413 1.322417 
2438 0.178798 1.314276 
2439 0.182239 1.306025 
2440 0.185737 1.297665 
2441 0.189291 1.289197 
2442 0.192904 1.280621 
2443 0.196575 1.271939 
2444 0.200306 1.263151 
2445 0.204097 1.254258 
2446 0.207948 1.245261 
2447 0.211862 1.236160 
2448 0.215837 1.226956 
2449 0.219876 1.217650 
2450 0.223978 1.208243 
2451 0.228145 1.198736 
2452 0.232378 1.189129 
2453 0.236676 1.179423 
2454 0.241042 1.169619 
2455 0.245475 1.159718 
2456 0.249977 1.149721 
2457 0.254547 1.139628 
2458 0.259188 1.129441 
2459 0.263900 1.119160 
2460 0.268683 1.108786 
2461 0.273538 1.098321 
2462 0.278467 1.087764 
2463 0.283470 1.077117 
2464 0.288547 1.066380 
2465 0.293700 1.055556 
2466 0.298929 1.044643 
2467 0.304236 1.033645 
2468 0.309620 1.022560 
2469 0.315083 1.011391 
2470 0.320626 1.000138 
2471 0.326249 0.988802 
2472 0.331954 0.977384 
2473 0.337741 0.965886 
2474 0.343610 0.954307 
2475 0.349563 0.942649 
2476 0.355601 0.930914 
2477 0.361724 0.919101 
2478 0.367933 0.907212 
2479 0.374229 0.895248 
2480 0.380613 0.883210 
2481 0.387085 0.871098 
2482 0.393647 0.858915 
2483 0.400299 0.846660 
2484 0.407043 0.834336 
2485 0.413878 0.821942 
2486 0.420806 0.809481 
2487 0.427827 0.796952 
2488 0.434943 0.784358 
2489 0.442154 0.771698 
2490 0.449461 0.758975 
2491 0.456865 0.746189 
2492 0.464367 0.733341 
2493 0.471967 0.720433 
2494 0.479666 0.707465 
2495 0.487465 0.694438 
2496 0.495365 0.681354 
2497 0.503367 0.668214 
2498 0.511471 0.655018 
2499 0.519679 0.641769 
2500 0.527991 0.628466 
2501 0.536407 0.615111 
2502 0.544929 0.601705 
2503 0.553557 0.588250 
2504 0.562293 0.574746 
2505 0.571136 0.561194 
2506 0.580089 0.547596 
2507 0.589150 0.533953 
2508 0.598322 0.520265 
2509 0.607605 0.506535 
2510 0.616999 0.492763 
2511 0.626506 0.478949 
2512 0.636126 0.465097 
2513 0.645860 0.451206 
2514 0.655709 0.437277 
2515 0.665672 0.423312 
2516 0.675752 0.409313 
2517 0.685949 0.395279 
2518 0.696263 0.381213 
2519 0.706694 0.367116 
2520 0.717245 0.352988 
2521 0.727915 0.338830 
2522 0.738705 0.324645 
2523 0.749616 0.310433 
2524 0.760648 0.296195 
2525 0.771802 0.281933 
2526 0.783078 0.267648 
2527 0.794478 0.253340 
2528 0.806001 0.239012 
2529 0.817648 0.224663 
2530 0.829421 0.210296 
2531 0.841319 0.195912 
2532 0.853342 0.181512 
2533 0.865493 0.167096 
2534 0.877770 0.152667 
2535 0.890175 0.138225 
2536 0.902707 0.123771 
2537 0.915368 0.109308 
2538 0.928159 0.094835 
2539 0.941078 0.080355 
2540 0.954128 0.065868 
2541 0.967307 0.051375 
2542 0.980617 0.036878 
2543 0.994059 0.022379 
2544 1.007632 0.007877 
2545 1.021336 -0.006626 
2546 1.035173 -0.021127 
2547 1.049142 -0.035627 
2548 1.063244 -0.050124 
2549 1.077479 -0.064617 
2550 1.091848 -0.079105 
2551 1.106350 -0.093586 
2552 1.120986 -0.108060 
2553 1.135756 -0.122524 
2554 1.150660 -0.136978 
2555 1.165699 -0.151421 
2556 1.180872 -0.165852 
2557 1.196180 -0.180269 
2558 1.211624 -0.194670 
2559 1.227202 -0.209056 
2560 1.242915 -0.223425 
2561 1.258764 -0.237775 
2562 1.274748 -0.252105 
2563 1.290867 -0.266415 
2564 1.307121 -0.280702 
2565 1.323511 -0.294967 
2566 1.340036 -0.309207 
2567 1.356697 -0.323421 
2568 1.373492 -0.337609 
2569 1.390423 -0.351769 
2570 1.407488 -0.365899 
2571 1.424688 -0.380000 
2572 1.442023 -0.394069 
2573 1.459492 -0.408105 
2574 1.477096 -0.422108 
2575 1.494833 -0.436076 
2576 1.512704 -0.450008 
2577 1.530709 -0.463903 
2578 1.548846 -0.477759 
2579 1.567117 -0.491576 
2580 1.585520 -0.505352 
2581 1.604054 -0.519086 
2582 1.622721 -0.532778 
2583 1.641518 -0.546426 
2584 1.660447 -0.560028 
2585 1.679505 -0.573584 
2586 1.698693 -0.587093 
2587 1.718011 -0.600553 
2588 1.737457 -0.613963 
2589 1.757031 -0.627323 
2590 1.776732 -0.640631 
2591 1.796560 -0.653886 
2592 1.816514 -0.667087 
2593 1.836594 -0.680233 
2594 1.856798 -0.693323 
2595 1.877126 -0.706355 
2596 1.897577 -0.719329 
2597 1.918150 -0.732243 
2598 1.938845 -0.745097 
2599 1.959660 -0.757890 
2600 1.980595 -0.770619 
2601 2.001648 -0.783285 
2602 2.022819 -0.795887 
2603 2.044107 -0.808422 
2604 2.065511 -0.820891 
2605 2.087030 -0.833292 
2606 2.108662 -0.845624 
2607 2.130406 -0.857886 
2608 2.152262 -0.870078 
2609 2.174229 -0.882197 
2610 2.196304 -0.894243 
2611 2.218487 -0.906216 
2612 2.240777 -0.918114 
2613 2.263172 -0.929935 
2614 2.285671 -0.941680 
2615 2.308272 -0.953347 
2616 2.330975 -0.964936 
2617 2.353778 -0.976444 
2618 2.376679 -0.987872 
2619 2.399677 -0.999218 
2620 2.422771 -1.010482 
2621 2.445958 -1.021662 
2622 2.469239 -1.032758 
2623 2.492610 -1.043768 
2624 2.516070 -1.054692 
2625 2.539618 -1.065529 
2626 2.563252 -1.076278 
2627 2.586970 -1.086938 
2628 2.610771 -1.097508 
2629 2.634652 -1.107987 
2630 2.658613 -1.118375 
2631 2.682651 -1.128671 
2632 2.706764 -1.138873 
2633 2.730951 -1.148981 
2634 2.755209 -1.158994 
2635 2.779537 -1.168911 
2636 2.803933 -1.178732 
2637 2.828395 -1.188455 
2638 2.852921 -1.198080 
2639 2.877508 -1.207606 
2640 2.902155 -1.217032 
2641 2.926860 -1.226358 
2642 2.951620 -1.235582 
2643 2.976434 -1.244704 
2644 3.001298 -1.253723 
2645 3.026212 -1.262639 
2646 3.051173 -1.271450 
2647 3.076178 -1.280156 
2648 3.101225 -1.288757 
2649 3.126313 -1.297251 
2650 3.151438 -1.305638 
2651 3.176598 -1.313916 
2652 3.201792 -1.322087 
2653 3.227016 -1.330148 
2654 3.252268 -1.338099 
2655 3.277546 -1.345939 
2656 3.302847 -1.353668 
2657 3.328169 -1.361286 
2658 3.353509 -1.368791 
2659 3.378864 -1.376182 
2660 3.404233 -1.383460 
2661 3.429613 -1.390624 
2662 3.455001 -1.397673 
2663 3.480394 -1.404606 
2664 3.505789 -1.411423 
2665 3.531185 -1.418124 
2666 3.556579 -1.424707 
2667 3.581967 -1.431172 
2668 3.607347 -1.437520 
2669 3.632716 -1.443748 
2670 3.658072 -1.449857 
2671 3.683412 -1.455847 
2672 3.708732 -1.461716 
2673 3.734031 -1.467464 
2674 3.759305 -1.473091 
2675 3.784552 -1.478596 
2676 3.809769 -1.483979 
2677 3.834952 -1.489239 
2678 3.860100 -1.494377 
2679 3.885208 -1.499390 
2680 3.910275 -1.504280 
2681 3.935297 -1.509046 
2682 3.960271 -1.513687 
2683 3.985195 -1.518202 
2684 4.010066 -1.522593 
2685 4.034880 -1.526857 
2686 4.059634 -1.530995 
2687 4.084326 -1.535007 
2688 4.108953 -1.538892 
2689 4.133512 -1.542649 
2690 4.157999 -1.546280 
2691 4.182412 -1.549782 
2692 4.206747 -1.553156 
2693 4.231002 -1.556402 
2694 4.255174 -1.559520 
2695 4.279260 -1.562508 
2696 4.303256 -1.565367 
2697 4.327159 -1.568097 
2698 4.350967 -1.570698 
2699 4.374677 -1.573168 
2700 4.398285 -1.575509 
2701 4.421788 -1.577719 
2702 4.445184 -1.579799 
2703 4.468469 -1.581748 
2704 4.491641 -1.583567 
2705 4.514696 -1.585255 
2706 4.537631 -1.586811 
2707 4.560443 -1.588237 
2708 4.583130 -1.589531 
2709 4.605688 -1.590694 
2710 4.628114 -1.591726 
2711 4.650405 -1.592626 
2712 4.672559 -1.593394 
2713 4.694571 -1.594031 
2714 4.716440 -1.594536 
2715 4.738163 -1.594909 
2716 4.759735 -1.595151 
2717 4.781155 -1.595260 
2718 4.802420 -1.595238 
2719 4.823526 -1.595084 
2720 4.844470 -1.594798 
2721 4.865251 -1.594380 
2722 4.885864 -1.593830 
2723 4.906306 -1.593149 
2724 4.926576 -1.592336 
2725 4.946671 -1.591392 
2726 4.966586 -1.590316 
2727 4.986320 -1.589108 
2728 5.005870 -1.587769 
2729 5.025233 -1.586299 
2730 5.044406 -1.584698 
2731 5.063386 -1.582966 
2732 5.082172 -1.581103 
2733 5.100759 -1.579110 
2734 5.119145 -1.576985 
2735 5.137329 -1.574731 
2736 5.155306 -1.572347 
2737 5.173075 -1.569832 
2738 5.190633 -1.567188 
2739 5.207977 -1.564414 
2740 5.225105 -1.561511 
2741 5.242014 -1.558479 
2742 5.258702 -1.555318 
2743 5.275166 -1.552029 
2744 5.291404 -1.548611 
2745 5.307414 -1.545065 
2746 5.323193 -1.541392 
2747 5.338738 -1.537591 
2748 5.354048 -1.533663 
2749 5.369120 -1.529609 
2750 5.383952 -1.525428 
2751 5.398541 -1.521121 
2752 5.412887 -1.516688 
2753 5.426985 -1.512130 
2754 5.440835 -1.507447 
2755 5.454433 -1.502639 
2756 5.467779 -1.497707 
2757 5.480870 -1.492652 
2758 5.493704 -1.487473 
2759 5.506278 -1.482171 
2760 5.518592 -1.476746 
2761 5.530644 -1.471200 
2762 5.542431 -1.465532 
2763 5.553951 -1.459743 
2764 5.565203 -1.453833 
2765 5.576186 -1.447803 
2766 5.586897 -1.441653 
2767 5.597334 -1.435385 
2768 5.607497 -1.428997 
2769 5.617384 -1.422492 
2770 5.626992 -1.415869 
2771 5.636322 -1.409129 
2772 5.645370 -1.402272 
2773 5.654136 -1.395300 
2774 5.662619 -1.388212 
2775 5.670817 -1.381010 
2776 5.678728 -1.373693 
2777 5.686352 -1.366263 
2778 5.693688 -1.358720 
2779 5.700734 -1.351065 
2780 5.707489 -1.343298 
2781 5.713952 -1.335420 
2782 5.720122 -1.327431 
2783 5.725998 -1.319333 
2784 5.731579 -1.311126 
2785 5.736865 -1.302811 
2786 5.741854 -1.294388 
2787 5.746546 -1.285858 
2788 5.750940 -1.277221 
2789 5.755035 -1.268480 
2790 5.758831 -1.259633 
2791 5.762327 -1.250682 
2792 5.765522 -1.241628 
2793 5.768416 -1.232471 
2794 5.771009 -1.223212 
2795 5.773300 -1.213853 
2796 5.775289 -1.204393 
2797 5.776975 -1.194833 
2798 5.778358 -1.185175 
2799 5.779439 -1.175418 
2800 5.780216 -1.165565 
2801 5.780689 -1.155615 
2802 5.780859 -1.145570 
2803 5.780726 -1.135430 
2804 5.780290 -1.125196 
2805 5.779550 -1.114869 
2806 5.778506 -1.104451 
2807 5.777160 -1.093940 
2808 5.775511 -1.083340 
2809 5.773559 -1.072650 
2810 5.771305 -1.061871 
2811 5.768749 -1.051004 
2812 5.765891 -1.040051 
2813 5.762732 -1.029012 
2814 5.759273 -1.017887 
2815 5.755513 -1.006679 
2816 5.751454 -0.995387 
2817 5.747096 -0.984013 
2818 5.742440 -0.972558 
2819 5.737487 -0.961022 
2820 5.732237 -0.949407 
2821 5.726691 -0.937714 
2822 5.720850 -0.925942 
2823 5.714715 -0.914095 
2824 5.708286 -0.902172 
2825 5.701566 -0.890174 
2826 5.694555 -0.878103 
2827 5.687253 -0.865959 
2828 5.679663 -0.853744 
2829 5.671785 -0.841458 
2830 5.663621 -0.829102 
2831 5.655172 -0.816678 
2832 5.646438 -0.804187 
2833 5.637422 -0.791629 
2834 5.628126 -0.779006 
2835 5.618549 -0.766318 
2836 5.608694 -0.753567 
2837 5.598563 -0.740753 
2838 5.588156 -0.727879 
2839 5.577476 -0.714944 
2840 5.566524 -0.701950 
2841 5.555302 -0.688898 
2842 5.543811 -0.675790 
2843 5.532054 -0.662625 
2844 5.520032 -0.649406 
2845 5.507746 -0.636133 
2846 5.495200 -0.622807 
2847 5.482394 -0.609430 
2848 5.469331 -0.596002 
2849 5.456012 -0.582526 
2850 5.442441 -0.569001 
2851 5.428617 -0.555429 
2852 5.414545 -0.541811 
2853 5.400225 -0.528149 
2854 5.385661 -0.514442 
2855 5.370854 -0.500694 
2856 5.355806 -0.486904 
2857 5.340520 -0.473073 
2858 5.324998 -0.459204 
2859 5.309242 -0.445296 
2860 5.293255 -0.431352 
2861 5.277039 -0.417372 
2862 5.260596 -0.403358 
2863 5.243930 -0.389310 
2864 5.227041 -0.375231 
2865 5.209934 -0.361120 
2866 5.192609 -0.346979 
2867 5.175071 -0.332810 
2868 5.157320 -0.318613 
2869 5.139361 -0.304390 
2870 5.121196 -0.290141 
2871 5.102826 -0.275869 
2872 5.084256 -0.261574 
2873 5.065487 -0.247257 
2874 5.046522 -0.232920 
2875 5.027364 -0.218563 
2876 5.008016 -0.204189 
2877 4.988481 -0.189797 
2878 4.968760 -0.175390 
2879 4.948858 -0.160969 
2880 4.928777 -0.146534 
2881 4.908519 -0.132087 
2882 4.888088 -0.117629 
2883 4.867486 -0.103161 
2884 4.846716 -0.088685 
2885 4.825782 -0.074202 
2886 4.804686 -0.059712 
2887 4.783431 -0.045218 
2888 4.762019 -0.030719 
2889 4.740455 -0.016219 
2890 4.718740 -0.001716 
2891 4.696878 0.012786 
2892 4.674872 0.027287 
2893 4.652724 0.041786 
2894 4.630438 0.056282 
2895 4.608017 0.070772 
2896 4.585464 0.085257 
2897 4.562781 0.099735 
2898 4.539972 0.114205 
2899 4.517040 0.128665 
2900 4.493988 0.143115 
2901 4.470818 0.157553 
2902 4.447534 0.171978 
2903 4.424139 0.186388 
2904 4.400636 0.200784 
2905 4.377028 0.215162 
2906 4.353318 0.229523 
2907 4.329509 0.243865 
2908 4.305604 0.258187 
2909 4.281606 0.272487 
2910 4.257518 0.286765 
2911 4.233344 0.301019 
2912 4.209085 0.315248 
2913 4.184746 0.329451 
2914 4.160328 0.343627 
2915 4.135836 0.357775 
2916 4.111273 0.371893 
2917 4.086640 0.385980 
2918 4.061942 0.400036 
2919 4.037180 0.414058 
2920 4.012359 0.428046 
2921 3.987481 0.441999 
2922 3.962550 0.455915 
2923 3.937567 0.469794 
2924 3.912536 0.483633 
2925 3.887460 0.497433 
2926 3.862342 0.511192 
2927 3.837184 0.524908 
2928 3.811991 0.538581 
2929 3.786763 0.552210 
2930 3.761505 0.565792 
2931 3.736219 0.579328 
2932 3.710908 0.592817 
2933 3.685575 0.606256 
2934 3.660223 0.619645 
2935 3.634854 0.632983 
2936 3.609471 0.646268 
2937 3.584077 0.659501 
2938 3.558675 0.672678 
2939 3.533267 0.685800 
2940 3.507857 0.698866 
2941 3.482446 0.711873 
2942 3.457037 0.724822 
2943 3.431634 0.737711 
2944 3.406238 0.750539 
2945 3.380853 0.763305 
2946 3.355481 0.776008 
2947 3.330123 0.788647 
2948 3.304784 0.801220 
2949 3.279466 0.813727 
2950 3.254170 0.826167 
2951 3.228900 0.838539 
2952 3.203658 0.850842 
2953 3.178446 0.863074 
2954 3.153267 0.875235 
2955 3.128123 0.887323 
2956 3.103016 0.899338 
2957 3.077949 0.911279 
2958 3.052924 0.923145 
2959 3.027944 0.934934 
2960 3.003010 0.946646 
2961 2.978125 0.958280 
2962 2.953291 0.969834 
2963 2.928510 0.981309 
2964 2.903785 0.992702 
2965 2.879117 1.004013 
2966 2.854508 1.015242 
2967 2.829961 1.026386 
2968 2.805478 1.037445 
2969 2.781061 1.048419 
2970 2.756711 1.059306 
2971 2.732430 1.070106 
2972 2.708222 1.080817 
2973 2.684086 1.091439 
2974 2.660026 1.101971 
2975 2.636043 1.112411 
2976 2.612140 1.122760 
2977 2.588316 1.133016 
2978 2.564576 1.143178 
2979 2.540919 1.153246 
2980 2.517349 1.163218 
2981 2.493866 1.173095 
2982 2.470472 1.182874 
2983 2.447169 1.192556 
2984 2.423959 1.202139 
2985 2.400842 1.211622 
2986 2.377821 1.221006 
2987 2.354897 1.230289 
2988 2.332071 1.239470 
2989 2.309346 1.248548 
2990 2.286721 1.257523 
2991 2.264199 1.266395 
2992 2.241782 1.275162 
2993 2.219469 1.283823 
2994 2.197263 1.292378 
2995 2.175165 1.300827 
2996 2.153176 1.309168 
2997 2.131297 1.317400 
2998 2.109530 1.325524 
2999 2.087875 1.333539 
3000 2.066334 1.341443 
3001 2.044908 1.349236 
3002 2.023597 1.356918 
3003 2.002404 1.364488 
3004 1.981328 1.371944 
3005 1.960371 1.379288 
3006 1.939533 1.386517 
3007 1.918817 1.393632 
3008 1.898222 1.400632 
3009 1.877749 1.407516 
3010 1.857399 1.414284 
3011 1.837173 1.420934 
3012 1.817072 1.427468 
3013 1.797097 1.433883 
3014 1.777248 1.440180 
3015 1.757525 1.446358 
3016 1.737930 1.452416 
3017 1.718463 1.458355 
3018 1.699125 1.464172 
3019 1.679916 1.469869 
3020 1.660837 1.475444 
3021 1.641889 1.480898 
3022 1.623071 1.486229 
3023 1.604385 1.491437 
3024 1.585830 1.496522 
3025 1.567407 1.501483 
3026 1.549118 1.506320 
3027 1.530961 1.511032 
3028 1.512937 1.515620 
3029 1.495047 1.520083 
3030 1.477291 1.524420 
3031 1.459669 1.528630 
3032 1.442181 1.532715 
3033 1.424828 1.536673 
3034 1.407610 1.540504 
3035 1.390527 1.544207 
3036 1.373578 1.547783 
3037 1.356766 1.551231 
3038 1.340088 1.554551 
3039 1.323546 1.557742 
3040 1.307139 1.560805 
3041 1.290868 1.563738 
3042 1.274732 1.566543 
3043 1.258732 1.569218 
3044 1.242867 1.571763 
3045 1.227138 1.574178 
3046 1.211544 1.576464 
3047 1.196086 1.578619 
3048 1.180762 1.580643 
3049 1.165574 1.582537 
3050 1.150521 1.584300 
3051 1.135602 1.585932 
3052 1.120817 1.587433 
3053 1.106167 1.588803 
3054 1.091652 1.590042 
3055 1.077270 1.591149 
3056 1.063021 1.592124 
3057 1.048906 1.592968 
3058 1.034924 1.593681 
3059 1.021074 1.594262 
3060 1.007357 1.594711 
3061 0.993772 1.595028 
3062 0.980319 1.595213 
3063 0.966997 1.595267 
3064 0.953806 1.595188 
3065 0.940745 1.594978 
3066 0.927814 1.594636 
3067 0.915013 1.594162 
3068 0.902341 1.593557 
3069 0.889798 1.592820 
3070 0.877383 1.591951 
3071 0.865096 1.590951 
3072 0.852936 1.589819 
3073 0.840902 1.588555 
3074 0.828995 1.587161 
3075 0.817214 1.585635 
3076 0.805557 1.583978 
3077 0.794025 1.582191 
3078 0.782617 1.580272 
3079 0.771333 1.578223 
3080 0.760171 1.576044 
3081 0.749131 1.573734 
3082 0.738213 1.571294 
3083 0.727415 1.568725 
3084 0.716738 1.566025 
3085 0.706180 1.563197 
3086 0.695742 1.560239 
3087 0.685421 1.557152 
3088 0.675218 1.553936 
3089 0.665133 1.550592 
3090 0.655163 1.547120 
3091 0.645309 1.543520 
3092 0.635569 1.539793 
3093 0.625944 1.535938 
3094 0.616432 1.531956 
3095 0.607032 1.527848 
3096 0.597745 1.523613 
3097 0.588568 1.519253 
3098 0.579502 1.514767 
3099 0.570546 1.510156 
3100 0.561699 1.505420 
3101 0.552959 1.500559 
3102 0.544327 1.495575 
3103 0.535802 1.490466 
3104 0.527382 1.485235 
3105 0.519068 1.479881 
3106 0.510857 1.474405 
3107 0.502750 1.468807 
3108 0.494746 1.463087 
3109 0.486843 1.457247 
3110 0.479042 1.451286 
3111 0.471340 1.445205 
3112 0.463739 1.439005 
3113 0.456235 1.432686 
3114 0.448830 1.426248 
3115 0.441521 1.419692 
3116 0.434309 1.413020 
3117 0.427192 1.406230 
3118 0.420170 1.399324 
3119 0.413241 1.392303 
3120 0.406405 1.385166 
3121 0.399661 1.377915 
3122 0.393009 1.370551 
3123 0.386446 1.363072 
3124 0.379974 1.355482 
3125 0.373590 1.347779 
3126 0.367294 1.339965 
3127 0.361085 1.332040 
3128 0.354963 1.324005 
3129 0.348926 1.315860 
3130 0.342973 1.307607 
3131 0.337105 1.299246 
3132 0.331319 1.290777 
3133 0.325616 1.282202 
3134 0.319993 1.273521 
3135 0.314452 1.264734 
3136 0.308990 1.255843 
3137 0.303607 1.246848 
3138 0.298302 1.237750 
3139 0.293075 1.228550 
3140 0.287923 1.219249 
3141 0.282848 1.209846 
3142 0.277847 1.200344 
3143 0.272921 1.190742 
3144 0.268067 1.181042 
3145 0.263287 1.171244 
3146 0.258577 1.161350 
3147 0.253939 1.151359 
3148 0.249371 1.141274 
3149 0.244872 1.131094 
3150 0.240441 1.120821 
3151 0.236079 1.110455 
3152 0.231783 1.099997 
3153 0.227553 1.089448 
3154 0.223389 1.078809 
3155 0.219290 1.068082 
3156 0.215254 1.057265 
3157 0.211282 1.046362 
3158 0.207372 1.035372 
3159 0.203523 1.024296 
3160 0.199736 1.013136 
3161 0.196009 1.001892 
3162 0.192341 0.990565 
3163 0.188732 0.979157 
3164 0.185180 0.967667 
3165 0.181687 0.956098 
3166 0.178249 0.944449 
3167 0.174868 0.932722 
3168 0.171541 0.920919 
3169 0.168269 0.909039 
3170 0.165051 0.897084 
3171 0.161886 0.885055 
3172 0.158773 0.872953 
3173 0.155712 0.860779 
3174 0.152701 0.848533 
3175 0.149742 0.836218 
3176 0.146831 0.823833 
3177 0.143970 0.811380 
3178 0.141157 0.798860 
3179 0.138392 0.786274 
3180 0.135674 0.773623 
3181 0.133002 0.760909 
3182 0.130376 0.748131 
3183 0.127795 0.735292 
3184 0.125258 0.722391 
3185 0.122766 0.709431 
3186 0.120316 0.696413 
3187 0.117910 0.683337 
3188 0.115545 0.670204 
3189 0.113222 0.657016 
3190 0.110940 0.643774 
3191 0.108698 0.630478 
3192 0.106495 0.617130 
3193 0.104332 0.603732 
3194 0.102208 0.590283 
3195 0.100121 0.576786 
3196 0.098072 0.563241 
3197 0.096060 0.549650 
3198 0.094084 0.536013 
3199 0.092144 0.522331 
3200 0.090239 0.508607 
3201 0.088369 0.494841 
3202 0.086533 0.481033 
3203 0.084730 0.467186 
3204 0.082961 0.453300 
3205 0.081225 0.439377 
3206 0.079521 0.425418 
3207 0.077848 0.411423 
3208 0.076207 0.397395 
3209 0.074596 0.383333 
3210 0.073015 0.369240 
3211 0.071464 0.355116 
3212 0.069943 0.340963 
3213 0.068450 0.326782 
3214 0.066986 0.312574 
3215 0.065549 0.298340 
3216 0.064140 0.284081 
3217 0.062758 0.269799 
3218 0.061402 0.255494 
3219 0.060073 0.241169 
3220 0.058769 0.226823 
3221 0.057491 0.212459 
3222 0.056237 0.198077 
3223 0.055008 0.183679 
3224 0.053802 0.169266 
3225 0.052621 0.154838 
3226 0.051463 0.140398 
3227 0.050327 0.125946 
3228 0.049214 0.111484 
3229 0.048123 0.097013 
3230 0.047054 0.082533 
3231 0.046006 0.068047 
3232 0.044979 0.053555 
3233 0.043973 0.039059 
3234 0.042987 0.024560 
3235 0.042021 0.010058 
3236 0.041074 -0.004444 
3237 0.040147 -0.018946 
3238 0.039238 -0.033447 
3239 0.038348 -0.047944 
3240 0.037477 -0.062438 
3241 0.036623 -0.076927 
3242 0.035786 -0.091409 
3243 0.034967 -0.105883 
3244 0.034165 -0.120349 
3245 0.033380 -0.134805 
3246 0.032611 -0.149250 
3247 0.031858 -0.163682 
3248 0.031120 -0.178101 
3249 0.030398 -0.192506 
3250 0.029692 -0.206894 
3251 0.029000 -0.221265 
3252 0.028323 -0.235618 
3253 0.027660 -0.249951 
3254 0.027011 -0.264264 
3255 0.026377 -0.278555 
3256 0.025755 -0.292823 
3257 0.025147 -0.307067 
3258 0.024552 -0.321285 
3259 0.023970 -0.335477 
3260 0.023401 -0.349641 
3261 0.022843 -0.363776 
3262 0.022298 -0.377881 
3263 0.021765 -0.391955 
3264 0.021243 -0.405997 
3265 0.020733 -0.420005 
3266 0.020234 -0.433978 
3267 0.019746 -0.447915 
3268 0.019269 -0.461815 
3269 0.018802 -0.475678 
3270 0.018346 -0.489500 
3271 0.017899 -0.503283 
3272 0.017463 -0.517024 
3273 0.017036 -0.530722 
3274 0.016619 -0.544376 
3275 0.016212 -0.557985 
3276 0.015813 -0.571548 
3277 0.015424 -0.585064 
3278 0.015043 -0.598532 
3279 0.014671 -0.611950 
3280 0.014307 -0.625317 
3281 0.013952 -0.638633 
3282 0.013604 -0.651896 
3283 0.013265 -0.665105 
3284 0.012933 -0.678260 
3285 0.012610 -0.691358 
3286 0.012293 -0.704399 
3287 0.011984 -0.717381 
3288 0.011682 -0.730305 
3289 0.011387 -0.743168 
3290 0.011099 -0.755970 
3291 0.010817 -0.768709 
3292 0.010543 -0.781385 
3293 0.010274 -0.793996 
3294 0.010012 -0.806541 
3295 0.009756 -0.819020 
3296 0.009506 -0.831432 
3297 0.009263 -0.843774 
3298 0.009024 -0.856047 
3299 0.008792 -0.868249 
3300 0.008565 -0.880379 
3301 0.008343 -0.892436 
3302 0.008127 -0.904420 
3303 0.007916 -0.916329 
3304 0.007710 -0.928162 
3305 0.007509 -0.939919 
3306 0.007313 -0.951598 
3307 0.007121 -0.963198 
3308 0.006935 -0.974719 
3309 0.006753 -0.986159 
3310 0.006575 -0.997517 
3311 0.006401 -1.008793 
3312 0.006232 -1.019986 
3313 0.006067 -1.031095 
3314 0.005906 -1.042118 
3315 0.005749 -1.053055 
3316 0.005596 -1.063905 
3317 0.005447 -1.074667 
3318 0.005301 -1.085340 
3319 0.005159 -1.095924 
3320 0.005021 -1.106417 
3321 0.004885 -1.116819 
3322 0.004754 -1.127128 
3323 0.004626 -1.137344 
3324 0.004500 -1.147467 
3325 0.004378 -1.157494 
3326 0.004260 -1.167426 
3327 0.004144 -1.177261 
3328 0.004031 -1.186999 
3329 0.003921 -1.196639 
3330 0.003814 -1.206180 
3331 0.003709 -1.215621 
3332 0.003607 -1.224962 
3333 0.003508 -1.234201 
3334 0.003411 -1.243339 
3335 0.003317 -1.252373 
3336 0.003225 -1.261305 
3337 0.003136 -1.270132 
3338 0.003049 -1.278854 
3339 0.002964 -1.287470 
3340 0.002882 -1.295980 
3341 0.002801 -1.304383 
3342 0.002723 -1.312678 
3343 0.002646 -1.320865 
3344 0.002572 -1.328942 
3345 0.002500 -1.336910 
3346 0.002429 -1.344767 
3347 0.002361 -1.352513 
3348 0.002294 -1.360147 
3349 0.002229 -1.367669 
3350 0.002166 -1.375078 
3351 0.002104 -1.382373 
3352 0.002044 -1.389554 
3353 0.001986 -1.396620 
3354 0.001929 -1.403571 
3355 0.001874 -1.410405 
3356 0.001820 -1.417123 
3357 0.001768 -1.423724 
3358 0.001717 -1.430208 
3359 0.001668 -1.436573 
3360 0.001619 -1.442819 
3361 0.001573 -1.448946 
3362 0.001527 -1.454954 
3363 0.001483 -1.460841 
3364 0.001439 -1.466607 
3365 0.001397 -1.472252 
3366 0.001357 -1.477776 
3367 0.001317 -1.483177 
3368 0.001278 -1.488456 
3369 0.001241 -1.493612 
3370 0.001204 -1.498644 
3371 0.001169 -1.503553 
3372 0.001134 -1.508337 
3373 0.001101 -1.512997 
3374 0.001068 -1.517531 
3375 0.001037 -1.521940 
3376 0.001006 -1.526224 
3377 0.000976 -1.530381 
3378 0.000947 -1.534412 
3379 0.000919 -1.538316 
3380 0.000891 -1.542092 
3381 0.000864 -1.545742 
3382 0.000838 -1.549263 
3383 0.000813 -1.552657 
3384 0.000789 -1.555922 
3385 0.000765 -1.559059 
3386 0.000742 -1.562067 
3387 0.000719 -1.564946 
3388 0.000698 -1.567695 
3389 0.000676 -1.570315 
3390 0.000656 -1.572805 
3391 0.000636 -1.575165 
3392 0.000616 -1.577395 
3393 0.000598 -1.579494 
3394 0.000579 -1.581464 
3395 0.000561 -1.583302 
3396 0.000544 -1.585009 
3397 0.000527 -1.586586 
3398 0.000511 -1.588031 
3399 0.000495 -1.589345 
3400 0.000480 -1.590528 
3401 0.000465 -1.591579 
3402 0.000451 -1.592499 
3403 0.000437 -1.593287 
3404 0.000423 -1.593944 
3405 0.000410 -1.594468 
3406 0.000397 -1.594861 
3407 0.000385 -1.595123 
3408 0.000373 -1.595252 
3409 0.000361 -1.595249 
3410 0.000350 -1.595115 
3411 0.000339 -1.594849 
3412 0.000328 -1.594451 
3413 0.000318 -1.593921 
3414 0.000308 -1.593260 
3415 0.000298 -1.592467 
3416 0.000288 -1.591542 
3417 0.000279 -1.590486 
3418 0.000270 -1.589298 
3419 0.000262 -1.587979 
3420 0.000253 -1.586529 
3421 0.000245 -1.584947 
3422 0.000237 -1.583235 
3423 0.000230 -1.581392 
3424 0.000222 -1.579418 
3425 0.000215 -1.577313 
3426 0.000208 -1.575078 
3427 0.000201 -1.572713 
3428 0.000195 -1.570218 
3429 0.000189 -1.567594 
3430 0.000183 -1.564839 
3431 0.000177 -1.561956 
3432 0.000171 -1.558943 
3433 0.000165 -1.555802 
3434 0.000160 -1.552531 
3435 0.000155 -1.549133 
3436 0.000150 -1.545607 
3437 0.000145 -1.541952 
3438 0.000140 -1.538171 
3439 0.000135 -1.534262 
3440 0.000131 -1.530226 
3441 0.000127 -1.526064 
3442 0.000122 -1.521776 
3443 0.000118 -1.517362 
3444 0.000114 -1.512823 
3445 0.000111 -1.508159 
3446 0.000107 -1.503370 
3447 0.000103 -1.498457 
3448 0.000100 -1.493420 
3449 0.000097 -1.488259 
3450 0.000093 -1.482976 
3451 0.000090 -1.477570 
3452 0.000087 -1.472042 
3453 0.000084 -1.466392 
3454 0.000081 -1.460621 
3455 0.000079 -1.454729 
3456 0.000076 -1.448717 
3457 0.000073 -1.442586 
3458 0.000071 -1.436335 
3459 0.000069 -1.429965 
3460 0.000066 -1.423478 
3461 0.000064 -1.416872 
3462 0.000062 -1.410150 
3463 0.000060 -1.403311 
3464 0.000058 -1.396356 
3465 0.000056 -1.389285 
3466 0.000054 -1.382100 
3467 0.000052 -1.374801 
3468 0.000050 -1.367388 
3469 0.000048 -1.359862 
3470 0.000047 -1.352223 
3471 0.000045 -1.344473 
3472 0.000044 -1.336612 
3473 0.000042 -1.328640 
3474 0.000041 -1.320558 
3475 0.000039 -1.312368 
3476 0.000038 -1.304068 
3477 0.000036 -1.295661 
3478 0.000035 -1.287147 
3479 0.000034 -1.278527 
3480 0.000033 -1.269801 
3481 0.000032 -1.260970 
3482 0.000031 -1.252035 
3483 0.000029 -1.242996 
3484 0.000028 -1.233855 
3485 0.000027 -1.224611 
3486 0.000026 -1.215267 
3487 0.000025 -1.205822 
3488 0.000025 -1.196277 
3489 0.000024 -1.186633 
3490 0.000023 -1.176892 
3491 0.000022 -1.167053 
3492 0.000021 -1.157118 
3493 0.000021 -1.147087 
3494 0.000020 -1.136961 
3495 0.000019 -1.126741 
3496 0.000018 -1.116428 
3497 0.000018 -1.106023 
3498 0.000017 -1.095527 
3499 0.000016 -1.084940 
3500 0.000016 -1.074263 
3501 0.000015 -1.063497 
3502 0.000015 -1.052644 
3503 0.000014 -1.041704 
3504 0.000014 -1.030677 
3505 0.000013 -1.019566 
3506 0.000013 -1.008370 
3507 0.000012 -0.997090 
3508 0.000012 -0.985729 
3509 0.000011 -0.974286 
3510 0.000011 -0.962762 
3511 0.000011 -0.951159 
3512 0.000010 -0.939477 
3513 0.000010 -0.927718 
3514 0.000009 -0.915881 
3515 0.000009 -0.903970 
3516 0.000009 -0.891983 
3517 0.000008 -0.879923 
3518 0.000008 -0.867790 
3519 0.000008 -0.855585 
3520 0.000008 -0.843310 
3521 0.000007 -0.830965 
3522 0.000007 -0.818551 
3523 0.000007 -0.806070 
3524 0.000006 -0.793522 
3525 0.000006 -0.780908 
3526 0.000006 -0.768230 
3527 0.000006 -0.755488 
3528 0.000006 -0.742684 
3529 0.000005 -0.729819 
3530 0.000005 -0.716893 
3531 0.000005 -0.703908 
3532 0.000005 -0.690865 
3533 0.000005 -0.677765 
3534 0.000004 -0.664608 
3535 0.000004 -0.651397 
3536 0.000004 -0.638132 
3537 0.000004 -0.624814 
3538 0.000004 -0.611445 
3539 0.000004 -0.598025 
3540 0.000004 -0.584555 
3541 0.000003 -0.571038 
3542 0.000003 -0.557473 
3543 0.000003 -0.543862 
3544 0.000003 -0.530206 
3545 0.000003 -0.516506 
3546 0.000003 -0.502764 
3547 0.000003 -0.488980 
3548 0.000003 -0.475156 
3549 0.000002 -0.461292 
3550 0.000002 -0.447390 
3551 0.000002 -0.433452 
3552 0.000002 -0.419477 
3553 0.000002 -0.405468 
3554 0.000002 -0.391425 
3555 0.000002 -0.377350 
3556 0.000002 -0.363244 
3557 0.000002 -0.349107 
3558 0.000002 -0.334942 
3559 0.000002 -0.320749 
3560 0.000002 -0.306530 
3561 0.000002 -0.292285 
3562 0.000001 -0.278017 
3563 0.000001 -0.263725 
3564 0.000001 -0.249411 
3565 0.000001 -0.235077 
3566 0.000001 -0.220723 
3567 0.000001 -0.206352 
3568 0.000001 -0.191963 
3569 0.000001 -0.177558 
3570 0.000001 -0.163138 
3571 0.000001 -0.148706 
3572 0.000001 -0.134260 
3573 0.000001 -0.119804 
3574 0.000001 -0.105338 
3575 0.000001 -0.090863 
3576 0.000001 -0.076380 
3577 0.000001 -0.061892 
3578 0.000001 -0.047398 
3579 0.000001 -0.032900 
3580 0.000001 -0.018399 
3581 0.000001 -0.003897 
3582 0.000001 0.010605 
3583 0.000001 0.025106 
3584 0.000001 0.039606 
3585 0.000001 0.054102 
3586 0.000001 0.068594 
3587 0.000001 0.083080 
3588 0.000001 0.097559 
3589 0.000000 0.112030 
3590 0.000000 0.126492 
3591 0.000000 0.140943 
3592 0.000000 0.155383 
3593 0.000000 0.169809 
3594 0.000000 0.184222 
3595 0.000000 0.198620 
3596 0.000000 0.213001 
3597 0.000000 0.227365 
3598 0.000000 0.241709 
3599 0.000000 0.256034 
3600 0.000000 0.270338 
3601 0.000000 0.284619 
3602 0.000000 0.298877 
3603 0.000000 0.313110 
3604 0.000000 0.327317 
3605 0.000000 0.341497 
3606 0.000000 0.355649 
3607 0.000000 0.369772 
3608 0.000000 0.383864 
3609 0.000000 0.397924 
3610 0.000000 0.411951 
3611 0.000000 0.425945 
3612 0.000000 0.439903 
3613 0.000000 0.453825 
3614 0.000000 0.467709 
3615 0.000000 0.481555 
3616 0.000000 0.495360 
3617 0.000000 0.509125 
3618 0.000000 0.522848 
3619 0.000000 0.536528 
3620 0.000000 0.550163 
3621 0.000000 0.563753 
3622 0.000000 0.577296 
3623 0.000000 0.590791 
3624 0.000000 0.604238 
3625 0.000000 0.617635 
3626 0.000000 0.630980 
3627 0.000000 0.644274 
3628 0.000000 0.657514 
3629 0.000000 0.670700 
3630 0.000000 0.683831 
3631 0.000000 0.696905 
3632 0.000000 0.709921 
3633 0.000000 0.722879 
3634 0.000000 0.735777 
3635 0.000000 0.748614 
3636 0.000000 0.761389 
3637 0.000000 0.774102 
3638 0.000000 0.786750 
3639 0.000000 0.799333 
3640 0.000000 0.811851 
3641 0.000000 0.824301 
3642 0.000000 0.836683 
3643 0.000000 0.848996 
3644 0.000000 0.861239 
3645 0.000000 0.873411 
3646 0.000000 0.885510 
3647 0.000000 0.897536 
3648 0.000000 0.909488 
3649 0.000000 0.921365 
3650 0.000000 0.933166 
3651 0.000000 0.944890 
3652 0.000000 0.956535 
3653 0.000000 0.968102 
3654 0.000000 0.979588 
3655 0.000000 0.990994 
3656 0.000000 1.002318 
3657 0.000000 1.013558 
3658 0.000000 1.024715 
3659 0.000000 1.035788 
3660 0.000000 1.046775 
3661 0.000000 1.057675 
3662 0.000000 1.068488 
3663 0.000000 1.079212 
3664 0.000000 1.089848 
3665 0.000000 1.100393 
3666 0.000000 1.110847 
3667 0.000000 1.121210 
3668 0.000000 1.131480 
3669 0.000000 1.141656 
3670 0.000000 1.151738 
3671 0.000000 1.161725 
3672 0.000000 1.171616 
3673 0.000000 1.181410 
3674 0.000000 1.191106 
3675 0.000000 1.200704 
3676 0.000000 1.210202 
3677 0.000000 1.219601 
3678 0.000000 1.228899 
3679 0.000000 1.238095 
3680 0.000000 1.247189 
3681 0.000000 1.256180 
3682 0.000000 1.265067 
3683 0.000000 1.273850 
3684 0.000000 1.282527 
3685 0.000000 1.291098 
3686 0.000000 1.299563 
3687 0.000000 1.307920 
3688 0.000000 1.316169 
3689 0.000000 1.324310 
3690 0.000000 1.332341 
3691 0.000000 1.340261 
3692 0.000000 1.348071 
3693 0.000000 1.355770 
3694 0.000000 1.363356 
3695 0.000000 1.370830 
3696 0.000000 1.378191 
3697 0.000000 1.385438 
3698 0.000000 1.392570 
3699 0.000000 1.399587 
3700 0.000000 1.406488 
3701 0.000000 1.413273 
3702 0.000000 1.419942 
3703 0.000000 1.426493 
3704 0.000000 1.432926 
3705 0.000000 1.439241 
3706 0.000000 1.445436 
3707 0.000000 1.451513 
3708 0.000000 1.457469 
3709 0.000000 1.463305 
3710 0.000000 1.469020 
3711 0.000000 1.474614 
3712 0.000000 1.480085 
3713 0.000000 1.485435 
3714 0.000000 1.490661 
3715 0.000000 1.495765 
3716 0.000000 1.500745 
3717 0.000000 1.505600 
3718 0.000000 1.510332 
3719 0.000000 1.514938 
3720 0.000000 1.519420 
3721 0.000000 1.523775 
3722 0.000000 1.528005 
3723 0.000000 1.532109 
3724 0.000000 1.536086 
3725 0.000000 1.539936 
3726 0.000000 1.543658 
3727 0.000000 1.547254 
3728 0.000000 1.550721 
3729 0.000000 1.554060 
3730 0.000000 1.557271 
3731 0.000000 1.560353 
3732 0.000000 1.563306 
3733 0.000000 1.566129 
3734 0.000000 1.568824 
3735 0.000000 1.571389 
3736 0.000000 1.573823 
3737 0.000000 1.576128 
3738 0.000000 1.578303 
3739 0.000000 1.580347 
3740 0.000000 1.582260 
3741 0.000000 1.584043 
3742 0.000000 1.585695 
3743 0.000000 1.587216 
3744 0.000000 1.588605 
3745 0.000000 1.589864 
3746 0.000000 1.590991 
3747 0.000000 1.591986 
3748 0.000000 1.592850 
3749 0.000000 1.593582 
3750 0.000000 1.594183 
3751 0.000000 1.594652 
3752 0.000000 1.594989 
3753 0.000000 1.595194 
3754 0.000000 1.595267 
3755 0.000000 1.595209 
3756 0.000000 1.595018 
3757 0.000000 1.594696 
3758 0.000000 1.594242 
3759 0.000000 1.593656 
3760 0.000000 1.592939 
3761 0.000000 1.592090 
3762 0.000000 1.591109 
3763 0.000000 1.589997 
3764 0.000000 1.588754 
3765 0.000000 1.587379 
3766 0.000000 1.585873 
3767 0.000000 1.584236 
3768 0.000000 1.582468 
3769 0.000000 1.580569 
3770 0.000000 1.578540 
3771 0.000000 1.576380 
3772 0.000000 1.574090 
3773 0.000000 1.571669 
3774 0.000000 1.569119 
3775 0.000000 1.566439 
3776 0.000000 1.563630 
3777 0.000000 1.560692 
3778 0.000000 1.557624 
3779 0.000000 1.554428 
3780 0.000000 1.551103 
3781 0.000000 1.547651 
3782 0.000000 1.544070 
3783 0.000000 1.540361 
3784 0.000000 1.536526 
3785 0.000000 1.532563 
3786 0.000000 1.528474 
3787 0.000000 1.524258 
3788 0.000000 1.519917 
3789 0.000000 1.515449 
3790 0.000000 1.510857 
3791 0.000000 1.506140 
3792 0.000000 1.501298 
3793 0.000000 1.496332 
3794 0.000000 1.491243 
3795 0.000000 1.486030 
3796 0.000000 1.480694 
3797 0.000000 1.475236 
3798 0.000000 1.469656 
3799 0.000000 1.463955 
3800 0.000000 1.458133 
3801 0.000000 1.452190 
3802 0.000000 1.446127 
3803 0.000000 1.439945 
3804 0.000000 1.433643 
3805 0.000000 1.427224 
3806 0.000000 1.420686 
3807 0.000000 1.414031 
3808 0.000000 1.407259 
3809 0.000000 1.400370 
3810 0.000000 1.393366 
3811 0.000000 1.386247 
3812 0.000000 1.379013 
3813 0.000000 1.371665 
3814 0.000000 1.364204 
3815 0.000000 1.356630 
3816 0.000000 1.348944 
3817 0.000000 1.341147 
3818 0.000000 1.333239 
3819 0.000000 1.325220 
3820 0.000000 1.317092 
3821 0.000000 1.308855 
3822 0.000000 1.300510 
3823 0.000000 1.292058 
3824 0.000000 1.283498 
3825 0.000000 1.274833 
3826 0.000000 1.266062 
3827 0.000000 1.257187 
3828 0.000000 1.248208 
3829 0.000000 1.239125 
3830 0.000000 1.229940 
3831 0.000000 1.220654 
3832 0.000000 1.211267 
3833 0.000000 1.201779 
3834 0.000000 1.192192 
3835 0.000000 1.182507 
3836 0.000000 1.172724 
3837 0.000000 1.162844 
3838 0.000000 1.152868 
3839 0.000000 1.142797 
3840 0.000000 1.132631 
3841 0.000000 1.122371 
3842 0.000000 1.112019 
3843 0.000000 1.101575 
3844 0.000000 1.091040 
3845 0.000000 1.080415 
3846 0.000000 1.069700 
3847 0.000000 1.058898 
3848 0.000000 1.048007 
3849 0.000000 1.037030 
3850 0.000000 1.025967 
3851 0.000000 1.014820 
3852 0.000000 1.003588 
3853 0.000000 0.992274 
3854 0.000000 0.980878 
3855 0.000000 0.969400 
3856 0.000000 0.957843 
3857 0.000000 0.946206 
3858 0.000000 0.934491 
3859 0.000000 0.922699 
3860 0.000000 0.910830 
3861 0.000000 0.898887 
3862 0.000000 0.886869 
3863 0.000000 0.874778 
3864 0.000000 0.862614 
3865 0.000000 0.850379 
3866 0.000000 0.838074 
3867 0.000000 0.825700 
3868 0.000000 0.813257 
3869 0.000000 0.800747 
3870 0.000000 0.788171 
3871 0.000000 0.775530 
3872 0.000000 0.762825 
3873 0.000000 0.750057 
3874 0.000000 0.737226 
3875 0.000000 0.724335 
3876 0.000000 0.711384 
3877 0.000000 0.698374 
3878 0.000000 0.685307 
3879 0.000000 0.672182 
3880 0.000000 0.659003 
3881 0.000000 0.645768 
3882 0.000000 0.632481 
3883 0.000000 0.619141 
3884 0.000000 0.605750 
3885 0.000000 0.592309 
3886 0.000000 0.578819 
3887 0.000000 0.565281 
3888 0.000000 0.551696 
3889 0.000000 0.538066 
3890 0.000000 0.524392 
3891 0.000000 0.510674 
3892 0.000000 0.496913 
3893 0.000000 0.483112 
3894 0.000000 0.469271 
3895 0.000000 0.455391 
3896 0.000000 0.441473 
3897 0.000000 0.427519 
3898 0.000000 0.413530 
3899 0.000000 0.399506 
3900 0.000000 0.385450 
3901 0.000000 0.371361 
3902 0.000000 0.357242 
3903 0.000000 0.343093 
3904 0.000000 0.328916 
3905 0.000000 0.314712 
3906 0.000000 0.300482 
3907 0.000000 0.286227 
3908 0.000000 0.271948 
3909 0.000000 0.257647 
3910 0.000000 0.243324 
3911 0.000000 0.228982 
3912 0.000000 0.214620 
3913 0.000000 0.200241 
3914 0.000000 0.185845 
3915 0.000000 0.171434 
3916 0.000000 0.157009 
3917 0.000000 0.142570 
3918 0.000000 0.128120 
3919 0.000000 0.113660 
3920 0.000000 0.099190 
3921 0.000000 0.084711 
3922 0.000000 0.070226 
3923 0.000000 0.055735 
3924 0.000000 0.041239 
3925 0.000000 0.026740 
3926 0.000000 0.012239 
3927 0.000000 -0.002263 
3928 0.000000 -0.016765 
3929 0.000000 -0.031266 
3930 0.000000 -0.045764 
3931 0.000000 -0.060259 
3932 0.000000 -0.074748 
3933 0.000000 -0.089231 
3934 0.000000 -0.103707 
3935 0.000000 -0.118174 
3936 0.000000 -0.132632 
3937 0.000000 -0.147078 
3938 0.000000 -0.161513 
3939 0.000000 -0.175934 
3940 0.000000 -0.190340 
3941 0.000000 -0.204731 
3942 0.000000 -0.219105 
3943 0.000000 -0.233461 
3944 0.000000 -0.247797 
3945 0.000000 -0.262113 
3946 0.000000 -0.276407 
3947 0.000000 -0.290679 
3948 0.000000 -0.304926 
3949 0.000000 -0.319149 
3950 0.000000 -0.333344 
3951 0.000000 -0.347513 
3952 0.000000 -0.361652 
3953 0.000000 -0.375762 
3954 0.000000 -0.389841 
3955 0.000000 -0.403887 
3956 0.000000 -0.417900 
3957 0.000000 -0.431879 
3958 0.000000 -0.445822 
3959 0.000000 -0.459727 
3960 0.000000 -0.473595 
3961 0.000000 -0.487424 
3962 0.000000 -0.501213 
3963 0.000000 -0.514960 
3964 0.000000 -0.528665 
3965 0.000000 -0.542325 
3966 0.000000 -0.555942 
3967 0.000000 -0.569512 
3968 0.000000 -0.583035 
3969 0.000000 -0.596510 
3970 0.000000 -0.609935 
3971 0.000000 -0.623310 
3972 0.000000 -0.636634 
3973 0.000000 -0.649905 
3974 0.000000 -0.663122 
3975 0.000000 -0.676285 
3976 0.000000 -0.689392 
3977 0.000000 -0.702441 
3978 0.000000 -0.715433 
3979 0.000000 -0.728365 
3980 0.000000 -0.741238 
3981 0.000000 -0.754049 
3982 0.000000 -0.766797 
3983 0.000000 -0.779483 
3984 0.000000 -0.792104 
3985 0.000000 -0.804659 
3986 0.000000 -0.817148 
3987 0.000000 -0.829569 
3988 0.000000 -0.841922 
3989 0.000000 -0.854206 
3990 0.000000 -0.866418 
3991 0.000000 -0.878559 
3992 0.000000 -0.890628 
3993 0.000000 -0.902623 
3994 0.000000 -0.914543 
3995 0.000000 -0.926388 
3996 0.000000 -0.938156 
3997 0.000000 -0.949846 
3998 0.000000 -0.961459 
3999 0.000000 -0.972991 
4000 0.000000 -0.984443 
