0 0.320354 -1.550098 
1 0.326846 -1.547702 
2 0.333448 -1.545178 
3 0.340160 -1.542527 
4 0.346985 -1.539748 
5 0.353922 -1.536841 
6 0.360974 -1.533808 
7 0.368142 -1.530648 
8 0.375427 -1.527361 
9 0.382830 -1.523949 
10 0.390353 -1.520410 
11 0.397998 -1.516746 
12 0.405765 -1.512956 
13 0.413656 -1.509041 
14 0.421672 -1.505002 
15 0.429815 -1.500838 
16 0.438085 -1.496550 
17 0.446485 -1.492138 
18 0.455015 -1.487604 
19 0.463678 -1.482946 
20 0.472473 -1.478165 
21 0.481403 -1.473263 
22 0.490469 -1.468239 
23 0.499673 -1.463093 
24 0.509015 -1.457826 
25 0.518497 -1.452439 
26 0.528120 -1.446932 
27 0.537886 -1.441306 
28 0.547795 -1.435560 
29 0.557850 -1.429695 
30 0.568051 -1.423713 
31 0.578400 -1.417613 
32 0.588899 -1.411395 
33 0.599547 -1.405061 
34 0.610347 -1.398611 
35 0.621301 -1.392045 
36 0.632408 -1.385365 
37 0.643671 -1.378569 
38 0.655091 -1.371660 
39 0.666668 -1.364638 
40 0.678405 -1.357502 
41 0.690302 -1.350255 
42 0.702361 -1.342896 
43 0.714582 -1.335426 
44 0.726968 -1.327845 
45 0.739518 -1.320155 
46 0.752235 -1.312356 
47 0.765119 -1.304448 
48 0.778172 -1.296432 
49 0.791395 -1.288310 
50 0.804788 -1.280080 
51 0.818353 -1.271745 
52 0.832091 -1.263305 
53 0.846003 -1.254761 
54 0.860090 -1.246113 
55 0.874353 -1.237362 
56 0.888793 -1.228508 
57 0.903411 -1.219553 
58 0.918208 -1.210497 
59 0.933184 -1.201342 
60 0.948342 -1.192087 
61 0.963681 -1.182733 
62 0.979203 -1.173282 
63 0.994908 -1.163733 
64 1.010797 -1.154089 
65 1.026871 -1.144349 
66 1.043131 -1.134515 
67 1.059577 -1.124587 
68 1.076211 -1.114565 
69 1.093032 -1.104452 
70 1.110042 -1.094248 
71 1.127241 -1.083953 
72 1.144630 -1.073568 
73 1.162210 -1.063095 
74 1.179980 -1.052534 
75 1.197942 -1.041886 
76 1.216096 -1.031152 
77 1.234442 -1.020332 
78 1.252981 -1.009428 
79 1.271713 -0.998441 
80 1.290639 -0.987372 
81 1.309759 -0.976220 
82 1.329073 -0.964988 
83 1.348581 -0.953677 
84 1.368285 -0.942286 
85 1.388183 -0.930818 
86 1.408276 -0.919272 
87 1.428564 -0.907651 
88 1.449047 -0.895955 
89 1.469726 -0.884184 
90 1.490600 -0.872341 
91 1.511669 -0.860425 
92 1.532933 -0.848439 
93 1.554393 -0.836382 
94 1.576047 -0.824256 
95 1.597895 -0.812062 
96 1.619939 -0.799801 
97 1.642176 -0.787474 
98 1.664607 -0.775082 
99 1.687231 -0.762625 
100 1.710048 -0.750106 
101 1.733058 -0.737525 
102 1.756259 -0.724882 
103 1.779652 -0.712180 
104 1.803236 -0.699419 
105 1.827010 -0.686600 
106 1.850974 -0.673725 
107 1.875126 -0.660793 
108 1.899466 -0.647807 
109 1.923993 -0.634768 
110 1.948706 -0.621676 
111 1.973605 -0.608533 
112 1.998687 -0.595339 
113 2.023953 -0.582096 
114 2.049401 -0.568805 
115 2.075030 -0.555468 
116 2.100839 -0.542084 
117 2.126826 -0.528655 
118 2.152991 -0.515183 
119 2.179331 -0.501668 
120 2.205846 -0.488112 
121 2.232534 -0.474515 
122 2.259393 -0.460879 
123 2.286423 -0.447205 
124 2.313621 -0.433494 
125 2.340985 -0.419748 
126 2.368515 -0.405966 
127 2.396207 -0.392151 
128 2.424061 -0.378304 
129 2.452075 -0.364425 
130 2.480246 -0.350516 
131 2.508573 -0.336578 
132 2.537053 -0.322613 
133 2.565685 -0.308621 
134 2.594466 -0.294603 
135 2.623395 -0.280561 
136 2.652468 -0.266496 
137 2.681683 -0.252408 
138 2.711039 -0.238300 
139 2.740533 -0.224172 
140 2.770162 -0.210026 
141 2.799923 -0.195862 
142 2.829815 -0.181682 
143 2.859835 -0.167487 
144 2.889979 -0.153279 
145 2.920245 -0.139057 
146 2.950631 -0.124824 
147 2.981133 -0.110581 
148 3.011749 -0.096329 
149 3.042475 -0.082068 
150 3.073309 -0.067801 
151 3.104247 -0.053528 
152 3.135287 -0.039251 
153 3.166425 -0.024971 
154 3.197658 -0.010688 
155 3.228983 0.003595 
156 3.260396 0.017878 
157 3.291894 0.032160 
158 3.323474 0.046439 
159 3.355132 0.060714 
160 3.386865 0.074984 
161 3.418669 0.089248 
162 3.450540 0.103504 
163 3.482476 0.117752 
164 3.514471 0.131990 
165 3.546523 0.146218 
166 3.578627 0.160433 
167 3.610780 0.174635 
168 3.642978 0.188822 
169 3.675216 0.202994 
170 3.707492 0.217149 
171 3.739801 0.231287 
172 3.772138 0.245405 
173 3.804500 0.259502 
174 3.836883 0.273579 
175 3.869282 0.287633 
176 3.901693 0.301662 
177 3.934113 0.315668 
178 3.966535 0.329646 
179 3.998958 0.343598 
180 4.031375 0.357521 
181 4.063782 0.371415 
182 4.096176 0.385278 
183 4.128552 0.399110 
184 4.160904 0.412908 
185 4.193229 0.426672 
186 4.225522 0.440401 
187 4.257779 0.454093 
188 4.289995 0.467748 
189 4.322164 0.481364 
190 4.354283 0.494941 
191 4.386347 0.508477 
192 4.418351 0.521970 
193 4.450291 0.535421 
194 4.482161 0.548827 
195 4.513957 0.562188 
196 4.545674 0.575502 
197 4.577307 0.588769 
198 4.608851 0.601987 
199 4.640302 0.615155 
200 4.671655 0.628273 
201 4.702904 0.641338 
202 4.734045 0.654351 
203 4.765073 0.667310 
204 4.795984 0.680213 
205 4.826771 0.693060 
206 4.857431 0.705850 
207 4.887957 0.718582 
208 4.918347 0.731254 
209 4.948593 0.743866 
210 4.978692 0.756416 
211 5.008639 0.768904 
212 5.038428 0.781328 
213 5.068055 0.793688 
214 5.097514 0.805982 
215 5.126801 0.818209 
216 5.155911 0.830369 
217 5.184839 0.842460 
218 5.213580 0.854482 
219 5.242129 0.866433 
220 5.270481 0.878312 
221 5.298632 0.890119 
222 5.326576 0.901852 
223 5.354309 0.913511 
224 5.381825 0.925094 
225 5.409121 0.936601 
226 5.436191 0.948030 
227 5.463030 0.959381 
228 5.489634 0.970652 
229 5.515998 0.981844 
230 5.542117 0.992954 
231 5.567987 1.003982 
232 5.593603 1.014928 
233 5.618960 1.025789 
234 5.644054 1.036566 
235 5.668881 1.047257 
236 5.693435 1.057861 
237 5.717712 1.068378 
238 5.741709 1.078807 
239 5.765419 1.089146 
240 5.788840 1.099396 
241 5.811966 1.109555 
242 5.834794 1.119622 
243 5.857319 1.129596 
244 5.879538 1.139477 
245 5.901445 1.149264 
246 5.923037 1.158956 
247 5.944309 1.168552 
248 5.965258 1.178052 
249 5.985881 1.187454 
250 6.006171 1.196758 
251 6.026127 1.205963 
252 6.045745 1.215069 
253 6.065019 1.224074 
254 6.083948 1.232978 
255 6.102527 1.241780 
256 6.120752 1.250479 
257 6.138621 1.259075 
258 6.156129 1.267567 
259 6.173274 1.275954 
260 6.190051 1.284236 
261 6.206459 1.292412 
262 6.222492 1.300481 
263 6.238150 1.308442 
264 6.253428 1.316295 
265 6.268323 1.324040 
266 6.282833 1.331675 
267 6.296954 1.339200 
268 6.310684 1.346614 
269 6.324021 1.353917 
270 6.336961 1.361108 
271 6.349502 1.368187 
272 6.361642 1.375152 
273 6.373378 1.382004 
274 6.384708 1.388742 
275 6.395630 1.395365 
276 6.406140 1.401873 
277 6.416239 1.408264 
278 6.425922 1.414540 
279 6.435190 1.420698 
280 6.444038 1.426739 
281 6.452467 1.432662 
282 6.460474 1.438467 
283 6.468057 1.444153 
284 6.475215 1.449719 
285 6.481947 1.455166 
286 6.488251 1.460493 
287 6.494126 1.465698 
288 6.499571 1.470783 
289 6.504585 1.475746 
290 6.509167 1.480587 
291 6.513315 1.485306 
292 6.517029 1.489902 
293 6.520309 1.494375 
294 6.523153 1.498724 
295 6.525561 1.502949 
296 6.527533 1.507051 
297 6.529068 1.511027 
298 6.530165 1.514879 
299 6.530825 1.518606 
300 6.531048 1.522207 
301 6.530833 1.525682 
302 6.530181 1.529032 
303 6.529091 1.532255 
304 6.527564 1.535351 
305 6.525600 1.538320 
306 6.523199 1.541162 
307 6.520363 1.543877 
308 6.517091 1.546465 
309 6.513384 1.548924 
310 6.509243 1.551256 
311 6.504669 1.553459 
312 6.499663 1.555534 
313 6.494226 1.557480 
314 6.488358 1.559298 
315 6.482061 1.560986 
316 6.475337 1.562546 
317 6.468186 1.563977 
318 6.460610 1.565278 
319 6.452610 1.566450 
320 6.444189 1.567493 
321 6.435347 1.568406 
322 6.426087 1.569189 
323 6.416411 1.569843 
324 6.406319 1.570366 
325 6.395815 1.570761 
326 6.384901 1.571025 
327 6.373578 1.571159 
328 6.361848 1.571164 
329 6.349715 1.571039 
330 6.337181 1.570784 
331 6.324247 1.570399 
332 6.310917 1.569884 
333 6.297193 1.569240 
334 6.283078 1.568466 
335 6.268574 1.567562 
336 6.253685 1.566529 
337 6.238414 1.565366 
338 6.222762 1.564074 
339 6.206734 1.562653 
340 6.190333 1.561103 
341 6.173561 1.559423 
342 6.156422 1.557615 
343 6.138919 1.555678 
344 6.121056 1.553612 
345 6.102836 1.551418 
346 6.084262 1.549096 
347 6.065339 1.546645 
348 6.046069 1.544067 
349 6.026457 1.541362 
350 6.006506 1.538529 
351 5.986219 1.535568 
352 5.965602 1.532481 
353 5.944657 1.529267 
354 5.923389 1.525927 
355 5.901801 1.522461 
356 5.879898 1.518869 
357 5.857684 1.515151 
358 5.835163 1.511308 
359 5.812339 1.507340 
360 5.789216 1.503248 
361 5.765799 1.499031 
362 5.742092 1.494691 
363 5.718099 1.490227 
364 5.693825 1.485640 
365 5.669274 1.480930 
366 5.644451 1.476098 
367 5.619360 1.471143 
368 5.594005 1.466067 
369 5.568392 1.460870 
370 5.542524 1.455553 
371 5.516408 1.450115 
372 5.490046 1.444557 
373 5.463444 1.438879 
374 5.436607 1.433083 
375 5.409539 1.427168 
376 5.382245 1.421136 
377 5.354730 1.414986 
378 5.326999 1.408719 
379 5.299056 1.402335 
380 5.270907 1.395836 
381 5.242556 1.389221 
382 5.214008 1.382492 
383 5.185268 1.375648 
384 5.156341 1.368691 
385 5.127232 1.361620 
386 5.097945 1.354437 
387 5.068486 1.347142 
388 5.038860 1.339736 
389 5.009071 1.332219 
390 4.979125 1.324592 
391 4.949026 1.316855 
392 4.918779 1.309010 
393 4.888390 1.301056 
394 4.857862 1.292995 
395 4.827202 1.284827 
396 4.796415 1.276553 
397 4.765504 1.268173 
398 4.734475 1.259688 
399 4.703333 1.251100 
400 4.672082 1.242408 
401 4.640729 1.233613 
402 4.609276 1.224716 
403 4.577731 1.215719 
404 4.546096 1.206620 
405 4.514378 1.197422 
406 4.482580 1.188125 
407 4.450709 1.178730 
408 4.418767 1.169237 
409 4.386761 1.159648 
410 4.354695 1.149963 
411 4.322574 1.140183 
412 4.290402 1.130309 
413 4.258184 1.120341 
414 4.225925 1.110280 
415 4.193630 1.100128 
416 4.161302 1.089885 
417 4.128947 1.079552 
418 4.096569 1.069130 
419 4.064172 1.058619 
420 4.031762 1.048021 
421 3.999341 1.037336 
422 3.966916 1.026566 
423 3.934490 1.015710 
424 3.902068 1.004771 
425 3.869653 0.993749 
426 3.837251 0.982644 
427 3.804864 0.971459 
428 3.772499 0.960193 
429 3.740158 0.948847 
430 3.707846 0.937424 
431 3.675566 0.925923 
432 3.643324 0.914345 
433 3.611122 0.902692 
434 3.578965 0.890964 
435 3.546857 0.879162 
436 3.514801 0.867288 
437 3.482802 0.855342 
438 3.450863 0.843326 
439 3.418987 0.831239 
440 3.387179 0.819084 
441 3.355442 0.806862 
442 3.323780 0.794572 
443 3.292195 0.782217 
444 3.260693 0.769798 
445 3.229275 0.757315 
446 3.197946 0.744769 
447 3.166709 0.732161 
448 3.135566 0.719494 
449 3.104522 0.706766 
450 3.073579 0.693980 
451 3.042740 0.681137 
452 3.012010 0.668238 
453 2.981389 0.655283 
454 2.950883 0.642275 
455 2.920492 0.629213 
456 2.890221 0.616099 
457 2.860072 0.602934 
458 2.830048 0.589719 
459 2.800152 0.576456 
460 2.770385 0.563145 
461 2.740752 0.549788 
462 2.711253 0.536385 
463 2.681893 0.522937 
464 2.652672 0.509447 
465 2.623595 0.495914 
466 2.594661 0.482341 
467 2.565876 0.468727 
468 2.537239 0.455075 
469 2.508754 0.441385 
470 2.480422 0.427659 
471 2.452246 0.413897 
472 2.424228 0.400101 
473 2.396369 0.386272 
474 2.368672 0.372412 
475 2.341138 0.358520 
476 2.313768 0.344599 
477 2.286566 0.330649 
478 2.259532 0.316672 
479 2.232668 0.302669 
480 2.205975 0.288641 
481 2.179456 0.274589 
482 2.153111 0.260514 
483 2.126942 0.246418 
484 2.100950 0.232301 
485 2.075137 0.218165 
486 2.049503 0.204011 
487 2.024051 0.189840 
488 1.998781 0.175654 
489 1.973693 0.161453 
490 1.948791 0.147239 
491 1.924073 0.133012 
492 1.899542 0.118775 
493 1.875197 0.104527 
494 1.851041 0.090272 
495 1.827074 0.076008 
496 1.803295 0.061738 
497 1.779707 0.047464 
498 1.756310 0.033185 
499 1.733105 0.018904 
500 1.710091 0.004621 
501 1.687270 -0.009663 
502 1.664642 -0.023945 
503 1.642207 -0.038226 
504 1.619966 -0.052503 
505 1.597919 -0.066776 
506 1.576067 -0.081044 
507 1.554409 -0.095305 
508 1.532946 -0.109558 
509 1.511678 -0.123802 
510 1.490606 -0.138036 
511 1.469728 -0.152258 
512 1.449046 -0.166468 
513 1.428559 -0.180664 
514 1.408268 -0.194845 
515 1.388171 -0.209010 
516 1.368270 -0.223157 
517 1.348564 -0.237286 
518 1.329052 -0.251396 
519 1.309735 -0.265485 
520 1.290612 -0.279552 
521 1.271683 -0.293596 
522 1.252948 -0.307615 
523 1.234406 -0.321609 
524 1.216057 -0.335577 
525 1.197900 -0.349516 
526 1.179936 -0.363427 
527 1.162163 -0.377308 
528 1.144581 -0.391158 
529 1.127189 -0.404975 
530 1.109987 -0.418759 
531 1.092975 -0.432508 
532 1.076151 -0.446222 
533 1.059515 -0.459899 
534 1.043066 -0.473537 
535 1.026804 -0.487137 
536 1.010728 -0.500696 
537 0.994837 -0.514214 
538 0.979130 -0.527689 
539 0.963606 -0.541121 
540 0.948265 -0.554508 
541 0.933106 -0.567849 
542 0.918127 -0.581144 
543 0.903328 -0.594390 
544 0.888709 -0.607587 
545 0.874267 -0.620734 
546 0.860002 -0.633830 
547 0.845914 -0.646873 
548 0.832000 -0.659863 
549 0.818261 -0.672798 
550 0.804694 -0.685678 
551 0.791299 -0.698501 
552 0.778075 -0.711266 
553 0.765021 -0.723972 
554 0.752136 -0.736619 
555 0.739418 -0.749205 
556 0.726866 -0.761729 
557 0.714479 -0.774189 
558 0.702257 -0.786586 
559 0.690197 -0.798918 
560 0.678299 -0.811184 
561 0.666561 -0.823383 
562 0.654983 -0.835514 
563 0.643562 -0.847576 
564 0.632299 -0.859567 
565 0.621190 -0.871488 
566 0.610236 -0.883337 
567 0.599436 -0.895112 
568 0.588786 -0.906814 
569 0.578287 -0.918441 
570 0.567938 -0.929991 
571 0.557736 -0.941465 
572 0.547681 -0.952861 
573 0.537771 -0.964179 
574 0.528004 -0.975417 
575 0.518381 -0.986574 
576 0.508899 -0.997649 
577 0.499556 -1.008642 
578 0.490353 -1.019552 
579 0.481286 -1.030378 
580 0.472356 -1.041118 
581 0.463560 -1.051772 
582 0.454898 -1.062339 
583 0.446368 -1.072819 
584 0.437968 -1.083210 
585 0.429697 -1.093511 
586 0.421554 -1.103722 
587 0.413538 -1.113842 
588 0.405648 -1.123869 
589 0.397881 -1.133804 
590 0.390236 -1.143645 
591 0.382713 -1.153391 
592 0.375310 -1.163042 
593 0.368025 -1.172597 
594 0.360857 -1.182055 
595 0.353806 -1.191415 
596 0.346869 -1.200676 
597 0.340045 -1.209838 
598 0.333333 -1.218900 
599 0.326731 -1.227860 
600 0.320239 -1.236719 
601 0.313855 -1.245476 
602 0.307578 -1.254128 
603 0.301406 -1.262677 
604 0.295337 -1.271120 
605 0.289372 -1.279458 
606 0.283508 -1.287689 
607 0.277745 -1.295812 
608 0.272080 -1.303827 
609 0.266513 -1.311732 
610 0.261042 -1.319527 
611 0.255667 -1.327210 
612 0.250385 -1.334781 
613 0.245197 -1.342239 
614 0.240099 -1.349581 
615 0.235092 -1.356808 
616 0.230174 -1.363917 
617 0.225343 -1.370907 
618 0.220599 -1.377777 
619 0.215941 -1.384525 
620 0.211367 -1.391149 
621 0.206875 -1.397647 
622 0.202466 -1.404016 
623 0.198137 -1.410255 
624 0.193888 -1.416361 
625 0.189718 -1.422331 
626 0.185624 -1.428162 
627 0.181607 -1.433849 
628 0.177665 -1.439390 
629 0.173796 -1.444780 
630 0.170001 -1.450015 
631 0.166277 -1.455088 
632 0.162624 -1.459996 
633 0.159040 -1.464731 
634 0.155525 -1.469287 
635 0.152078 -1.473657 
636 0.148697 -1.477833 
637 0.145381 -1.481806 
638 0.142130 -1.485567 
639 0.138942 -1.489106 
640 0.135817 -1.492413 
641 0.132753 -1.495474 
642 0.129749 -1.498279 
643 0.126805 -1.500813 
644 0.123920 -1.503062 
645 0.121092 -1.505011 
646 0.118320 -1.506644 
647 0.115604 -1.507944 
648 0.112943 -1.508892 
649 0.110336 -1.509469 
650 0.107782 -1.509657 
651 0.105280 -1.509433 
652 0.102829 -1.508776 
653 0.100428 -1.507663 
654 0.098077 -1.506072 
655 0.095775 -1.503978 
656 0.093520 -1.501356 
657 0.091312 -1.498181 
658 0.089151 -1.494428 
659 0.087034 -1.490071 
660 0.084963 -1.485083 
661 0.082935 -1.479438 
662 0.080950 -1.473110 
663 0.079007 -1.466073 
664 0.077106 -1.458302 
665 0.075245 -1.449772 
666 0.073424 -1.440458 
667 0.071643 -1.430338 
668 0.069900 -1.419388 
669 0.068195 -1.407590 
670 0.066527 -1.394922 
671 0.064896 -1.381369 
672 0.063300 -1.366914 
673 0.061739 -1.351544 
674 0.060213 -1.335247 
675 0.058721 -1.318016 
676 0.057262 -1.299844 
677 0.055835 -1.280728 
678 0.054440 -1.260668 
679 0.053077 -1.239666 
680 0.051744 -1.217728 
681 0.050441 -1.194864 
682 0.049168 -1.171086 
683 0.047923 -1.146408 
684 0.046707 -1.120852 
685 0.045519 -1.094438 
686 0.044358 -1.067192 
687 0.043224 -1.039143 
688 0.042116 -1.010323 
689 0.041034 -0.980767 
690 0.039977 -0.950512 
691 0.038944 -0.919599 
692 0.037936 -0.888071 
693 0.036951 -0.855972 
694 0.035989 -0.823350 
695 0.035050 -0.790255 
696 0.034133 -0.756736 
697 0.033238 -0.722845 
698 0.032364 -0.688635 
699 0.031512 -0.654161 
700 0.030679 -0.619475 
701 0.029867 -0.584632 
702 0.029074 -0.549686 
703 0.028300 -0.514691 
704 0.027545 -0.479698 
705 0.026808 -0.444761 
706 0.026090 -0.409928 
707 0.025388 -0.375250 
708 0.024704 -0.340772 
709 0.024037 -0.306541 
710 0.023387 -0.272598 
711 0.022752 -0.238985 
712 0.022133 -0.205740 
713 0.021530 -0.172897 
714 0.020941 -0.140489 
715 0.020368 -0.108547 
716 0.019808 -0.077096 
717 0.019263 -0.046161 
718 0.018731 -0.015762 
719 0.018213 0.014082 
720 0.017709 0.043357 
721 0.017216 0.072050 
722 0.016737 0.100153 
723 0.016270 0.127658 
724 0.015814 0.154562 
725 0.015371 0.180863 
726 0.014939 0.206563 
727 0.014518 0.231663 
728 0.014108 0.256171 
729 0.013708 0.280091 
730 0.013319 0.303434 
731 0.012941 0.326210 
732 0.012572 0.348431 
733 0.012213 0.370110 
734 0.011863 0.391262 
735 0.011522 0.411900 
736 0.011191 0.432042 
737 0.010868 0.451704 
738 0.010554 0.470903 
739 0.010249 0.489657 
740 0.009951 0.507982 
741 0.009662 0.525898 
742 0.009380 0.543420 
743 0.009106 0.560568 
744 0.008839 0.577357 
745 0.008580 0.593806 
746 0.008328 0.609930 
747 0.008082 0.625746 
748 0.007843 0.641270 
749 0.007611 0.656516 
750 0.007385 0.671498 
751 0.007165 0.686231 
752 0.006952 0.700728 
753 0.006744 0.715002 
754 0.006542 0.729063 
755 0.006346 0.742923 
756 0.006155 0.756593 
757 0.005970 0.770082 
758 0.005790 0.783400 
759 0.005614 0.796554 
760 0.005444 0.809552 
761 0.005279 0.822403 
762 0.005118 0.835111 
763 0.004962 0.847684 
764 0.004810 0.860127 
765 0.004663 0.872444 
766 0.004519 0.884641 
767 0.004380 0.896721 
768 0.004245 0.908687 
769 0.004114 0.920544 
770 0.003986 0.932293 
771 0.003863 0.943938 
772 0.003743 0.955480 
773 0.003626 0.966921 
774 0.003513 0.978263 
775 0.003403 0.989507 
776 0.003296 1.000655 
777 0.003192 1.011706 
778 0.003092 1.022663 
779 0.002994 1.033525 
780 0.002900 1.044292 
781 0.002808 1.054966 
782 0.002719 1.065546 
783 0.002632 1.076031 
784 0.002548 1.086423 
785 0.002467 1.096721 
786 0.002388 1.106924 
787 0.002311 1.117032 
788 0.002237 1.127046 
789 0.002165 1.136964 
790 0.002095 1.146785 
791 0.002027 1.156511 
792 0.001961 1.166139 
793 0.001898 1.175669 
794 0.001836 1.185102 
795 0.001776 1.194435 
796 0.001718 1.203669 
797 0.001662 1.212803 
798 0.001607 1.221835 
799 0.001555 1.230767 
800 0.001503 1.239596 
801 0.001454 1.248323 
802 0.001406 1.256946 
803 0.001359 1.265465 
804 0.001314 1.273879 
805 0.001270 1.282188 
806 0.001228 1.290391 
807 0.001187 1.298487 
808 0.001147 1.306475 
809 0.001109 1.314356 
810 0.001072 1.322127 
811 0.001036 1.329790 
812 0.001001 1.337342 
813 0.000967 1.344784 
814 0.000934 1.352115 
815 0.000903 1.359334 
816 0.000872 1.366441 
817 0.000842 1.373435 
818 0.000814 1.380315 
819 0.000786 1.387081 
820 0.000759 1.393733 
821 0.000733 1.400269 
822 0.000708 1.406689 
823 0.000683 1.412994 
824 0.000660 1.419181 
825 0.000637 1.425251 
826 0.000615 1.431204 
827 0.000594 1.437038 
828 0.000573 1.442753 
829 0.000553 1.448350 
830 0.000534 1.453826 
831 0.000515 1.459182 
832 0.000497 1.464418 
833 0.000480 1.469533 
834 0.000463 1.474526 
835 0.000447 1.479397 
836 0.000431 1.484147 
837 0.000416 1.488773 
838 0.000401 1.493276 
839 0.000387 1.497656 
840 0.000373 1.501913 
841 0.000360 1.506045 
842 0.000347 1.510053 
843 0.000334 1.513935 
844 0.000323 1.517693 
845 0.000311 1.521325 
846 0.000300 1.524832 
847 0.000289 1.528213 
848 0.000279 1.531467 
849 0.000269 1.534595 
850 0.000259 1.537595 
851 0.000249 1.540469 
852 0.000240 1.543216 
853 0.000232 1.545835 
854 0.000223 1.548326 
855 0.000215 1.550689 
856 0.000207 1.552924 
857 0.000200 1.555031 
858 0.000192 1.557009 
859 0.000185 1.558859 
860 0.000178 1.560579 
861 0.000172 1.562171 
862 0.000166 1.563634 
863 0.000159 1.564967 
864 0.000153 1.566171 
865 0.000148 1.567246 
866 0.000142 1.568191 
867 0.000137 1.569007 
868 0.000132 1.569692 
869 0.000127 1.570249 
870 0.000122 1.570675 
871 0.000118 1.570972 
872 0.000113 1.571138 
873 0.000109 1.571175 
874 0.000105 1.571082 
875 0.000101 1.570859 
876 0.000097 1.570507 
877 0.000093 1.570024 
878 0.000090 1.569412 
879 0.000086 1.568670 
880 0.000083 1.567799 
881 0.000080 1.566798 
882 0.000077 1.565667 
883 0.000074 1.564407 
884 0.000071 1.563018 
885 0.000068 1.561499 
886 0.000066 1.559852 
887 0.000063 1.558075 
888 0.000061 1.556170 
889 0.000058 1.554136 
890 0.000056 1.551974 
891 0.000054 1.549684 
892 0.000052 1.547265 
893 0.000050 1.544719 
894 0.000048 1.542045 
895 0.000046 1.539243 
896 0.000044 1.536314 
897 0.000043 1.533259 
898 0.000041 1.530076 
899 0.000039 1.526768 
900 0.000038 1.523332 
901 0.000036 1.519772 
902 0.000035 1.516085 
903 0.000033 1.512273 
904 0.000032 1.508336 
905 0.000031 1.504275 
906 0.000030 1.500089 
907 0.000028 1.495779 
908 0.000027 1.491346 
909 0.000026 1.486789 
910 0.000025 1.482110 
911 0.000024 1.477308 
912 0.000023 1.472384 
913 0.000022 1.467338 
914 0.000021 1.462171 
915 0.000020 1.456883 
916 0.000020 1.451475 
917 0.000019 1.445947 
918 0.000018 1.440299 
919 0.000017 1.434532 
920 0.000017 1.428647 
921 0.000016 1.422643 
922 0.000015 1.416522 
923 0.000015 1.410284 
924 0.000014 1.403930 
925 0.000014 1.397459 
926 0.000013 1.390873 
927 0.000012 1.384172 
928 0.000012 1.377357 
929 0.000011 1.370427 
930 0.000011 1.363385 
931 0.000010 1.356230 
932 0.000010 1.348962 
933 0.000010 1.341584 
934 0.000009 1.334094 
935 0.000009 1.326494 
936 0.000008 1.318784 
937 0.000008 1.310966 
938 0.000008 1.303039 
939 0.000007 1.295005 
940 0.000007 1.286863 
941 0.000007 1.278615 
942 0.000007 1.270261 
943 0.000006 1.261803 
944 0.000006 1.253240 
945 0.000006 1.244574 
946 0.000006 1.235804 
947 0.000005 1.226933 
948 0.000005 1.217960 
949 0.000005 1.208887 
950 0.000005 1.199713 
951 0.000004 1.190441 
952 0.000004 1.181070 
953 0.000004 1.171601 
954 0.000004 1.162036 
955 0.000004 1.152375 
956 0.000004 1.142618 
957 0.000003 1.132767 
958 0.000003 1.122822 
959 0.000003 1.112785 
960 0.000003 1.102655 
961 0.000003 1.092435 
962 0.000003 1.082124 
963 0.000003 1.071724 
964 0.000003 1.061235 
965 0.000002 1.050658 
966 0.000002 1.039995 
967 0.000002 1.029246 
968 0.000002 1.018411 
969 0.000002 1.007493 
970 0.000002 0.996491 
971 0.000002 0.985407 
972 0.000002 0.974241 
973 0.000002 0.962995 
974 0.000002 0.951669 
975 0.000002 0.940265 
976 0.000001 0.928783 
977 0.000001 0.917224 
978 0.000001 0.905589 
979 0.000001 0.893880 
980 0.000001 0.882097 
981 0.000001 0.870240 
982 0.000001 0.858312 
983 0.000001 0.846313 
984 0.000001 0.834244 
985 0.000001 0.822106 
986 0.000001 0.809900 
987 0.000001 0.797627 
988 0.000001 0.785289 
989 0.000001 0.772885 
990 0.000001 0.760417 
991 0.000001 0.747887 
992 0.000001 0.735295 
993 0.000001 0.722642 
994 0.000001 0.709929 
995 0.000001 0.697158 
996 0.000001 0.684329 
997 0.000001 0.671443 
998 0.000001 0.658502 
999 0.000001 0.645507 
1000 0.000000 0.632458 
1001 0.000000 0.619357 
1002 0.000000 0.606205 
1003 0.000000 0.593002 
1004 0.000000 0.579751 
1005 0.000000 0.566452 
1006 0.000000 0.553106 
1007 0.000000 0.539714 
1008 0.000000 0.526277 
1009 0.000000 0.512798 
1010 0.000000 0.499275 
1011 0.000000 0.485712 
1012 0.000000 0.472108 
1013 0.000000 0.458465 
1014 0.000000 0.444785 
1015 0.000000 0.431067 
1016 0.000000 0.417314 
1017 0.000000 0.403527 
1018 0.000000 0.389706 
1019 0.000000 0.375853 
1020 0.000000 0.361969 
1021 0.000000 0.348055 
1022 0.000000 0.334112 
1023 0.000000 0.320142 
1024 0.000000 0.306145 
1025 0.000000 0.292123 
1026 0.000000 0.278077 
1027 0.000000 0.264008 
1028 0.000000 0.249916 
1029 0.000000 0.235805 
1030 0.000000 0.221674 
1031 0.000000 0.207524 
1032 0.000000 0.193357 
1033 0.000000 0.179175 
1034 0.000000 0.164977 
1035 0.000000 0.150766 
1036 0.000000 0.136543 
1037 0.000000 0.122308 
1038 0.000000 0.108063 
1039 0.000000 0.093809 
1040 0.000000 0.079547 
1041 0.000000 0.065279 
1042 0.000000 0.051005 
1043 0.000000 0.036728 
1044 0.000000 0.022447 
1045 0.000000 0.008164 
1046 0.000000 -0.006119 
1047 0.000000 -0.020402 
1048 0.000000 -0.034683 
1049 0.000000 -0.048962 
1050 0.000000 -0.063236 
1051 0.000000 -0.077505 
1052 0.000000 -0.091768 
1053 0.000000 -0.106023 
1054 0.000000 -0.120269 
1055 0.000000 -0.134505 
1056 0.000000 -0.148731 
1057 0.000000 -0.162944 
1058 0.000000 -0.177143 
1059 0.000000 -0.191328 
1060 0.000000 -0.205497 
1061 0.000000 -0.219649 
1062 0.000000 -0.233783 
1063 0.000000 -0.247898 
1064 0.000000 -0.261992 
1065 0.000000 -0.276064 
1066 0.000000 -0.290114 
1067 0.000000 -0.304139 
1068 0.000000 -0.318140 
1069 0.000000 -0.332114 
1070 0.000000 -0.346061 
1071 0.000000 -0.359979 
1072 0.000000 -0.373868 
1073 0.000000 -0.387725 
1074 0.000000 -0.401551 
1075 0.000000 -0.415343 
1076 0.000000 -0.429101 
1077 0.000000 -0.442823 
1078 0.000000 -0.456509 
1079 0.000000 -0.470157 
1080 0.000000 -0.483767 
1081 0.000000 -0.497336 
1082 0.000000 -0.510864 
1083 0.000000 -0.524350 
1084 0.000000 -0.537793 
1085 0.000000 -0.551191 
1086 0.000000 -0.564544 
1087 0.000000 -0.577850 
1088 0.000000 -0.591108 
1089 0.000000 -0.604318 
1090 0.000000 -0.617477 
1091 0.000000 -0.630586 
1092 0.000000 -0.643642 
1093 0.000000 -0.656645 
1094 0.000000 -0.669594 
1095 0.000000 -0.682488 
1096 0.000000 -0.695325 
1097 0.000000 -0.708104 
1098 0.000000 -0.720826 
1099 0.000000 -0.733487 
1100 0.000000 -0.746088 
1101 0.000000 -0.758627 
1102 0.000000 -0.771104 
1103 0.000000 -0.783517 
1104 0.000000 -0.795865 
1105 0.000000 -0.808147 
1106 0.000000 -0.820363 
1107 0.000000 -0.832511 
1108 0.000000 -0.844590 
1109 0.000000 -0.856599 
1110 0.000000 -0.868537 
1111 0.000000 -0.880404 
1112 0.000000 -0.892198 
1113 0.000000 -0.903918 
1114 0.000000 -0.915563 
1115 0.000000 -0.927133 
1116 0.000000 -0.938626 
1117 0.000000 -0.950042 
1118 0.000000 -0.961379 
1119 0.000000 -0.972636 
1120 0.000000 -0.983813 
1121 0.000000 -0.994909 
1122 0.000000 -1.005923 
1123 0.000000 -1.016853 
1124 0.000000 -1.027700 
1125 0.000000 -1.038461 
1126 0.000000 -1.049137 
1127 0.000000 -1.059726 
1128 0.000000 -1.070228 
1129 0.000000 -1.080641 
1130 0.000000 -1.090964 
1131 0.000000 -1.101198 
1132 0.000000 -1.111340 
1133 0.000000 -1.121391 
1134 0.000000 -1.131349 
1135 0.000000 -1.141214 
1136 0.000000 -1.150984 
1137 0.000000 -1.160659 
1138 0.000000 -1.170238 
1139 0.000000 -1.179720 
1140 0.000000 -1.189105 
1141 0.000000 -1.198392 
1142 0.000000 -1.207580 
1143 0.000000 -1.216667 
1144 0.000000 -1.225655 
1145 0.000000 -1.234541 
1146 0.000000 -1.243325 
1147 0.000000 -1.252006 
1148 0.000000 -1.260583 
1149 0.000000 -1.269057 
1150 0.000000 -1.277426 
1151 0.000000 -1.285689 
1152 0.000000 -1.293846 
1153 0.000000 -1.301896 
1154 0.000000 -1.309838 
1155 0.000000 -1.317672 
1156 0.000000 -1.325397 
1157 0.000000 -1.333013 
1158 0.000000 -1.340518 
1159 0.000000 -1.347913 
1160 0.000000 -1.355196 
1161 0.000000 -1.362367 
1162 0.000000 -1.369426 
1163 0.000000 -1.376372 
1164 0.000000 -1.383203 
1165 0.000000 -1.389921 
1166 0.000000 -1.396523 
1167 0.000000 -1.403011 
1168 0.000000 -1.409382 
1169 0.000000 -1.415637 
1170 0.000000 -1.421774 
1171 0.000000 -1.427795 
1172 0.000000 -1.433697 
1173 0.000000 -1.439481 
1174 0.000000 -1.445145 
1175 0.000000 -1.450691 
1176 0.000000 -1.456116 
1177 0.000000 -1.461421 
1178 0.000000 -1.466606 
1179 0.000000 -1.471669 
1180 0.000000 -1.476610 
1181 0.000000 -1.481430 
1182 0.000000 -1.486127 
1183 0.000000 -1.490701 
1184 0.000000 -1.495152 
1185 0.000000 -1.499480 
1186 0.000000 -1.503683 
1187 0.000000 -1.507763 
1188 0.000000 -1.511717 
1189 0.000000 -1.515547 
1190 0.000000 -1.519251 
1191 0.000000 -1.522830 
1192 0.000000 -1.526284 
1193 0.000000 -1.529610 
1194 0.000000 -1.532811 
1195 0.000000 -1.535885 
1196 0.000000 -1.538832 
1197 0.000000 -1.541652 
1198 0.000000 -1.544344 
1199 0.000000 -1.546909 
1200 0.000000 -1.549345 
1201 0.000000 -1.551654 
1202 0.000000 -1.553835 
1203 0.000000 -1.555887 
1204 0.000000 -1.557811 
1205 0.000000 -1.559605 
1206 0.000000 -1.561271 
1207 0.000000 -1.562808 
1208 0.000000 -1.564216 
1209 0.000000 -1.565495 
1210 0.000000 -1.566644 
1211 0.000000 -1.567663 
1212 0.000000 -1.568553 
1213 0.000000 -1.569314 
1214 0.000000 -1.569945 
1215 0.000000 -1.570446 
1216 0.000000 -1.570817 
1217 0.000000 -1.571058 
1218 0.000000 -1.571170 
1219 0.000000 -1.571151 
1220 0.000000 -1.571003 
1221 0.000000 -1.570725 
1222 0.000000 -1.570318 
1223 0.000000 -1.569780 
1224 0.000000 -1.569113 
1225 0.000000 -1.568316 
1226 0.000000 -1.567389 
1227 0.000000 -1.566333 
1228 0.000000 -1.565148 
1229 0.000000 -1.563833 
1230 0.000000 -1.562388 
1231 0.000000 -1.560815 
1232 0.000000 -1.559113 
1233 0.000000 -1.557282 
1234 0.000000 -1.555322 
1235 0.000000 -1.553234 
1236 0.000000 -1.551017 
1237 0.000000 -1.548672 
1238 0.000000 -1.546199 
1239 0.000000 -1.543598 
1240 0.000000 -1.540870 
1241 0.000000 -1.538015 
1242 0.000000 -1.535032 
1243 0.000000 -1.531922 
1244 0.000000 -1.528686 
1245 0.000000 -1.525324 
1246 0.000000 -1.521835 
1247 0.000000 -1.518221 
1248 0.000000 -1.514481 
1249 0.000000 -1.510616 
1250 0.000000 -1.506626 
1251 0.000000 -1.502512 
1252 0.000000 -1.498273 
1253 0.000000 -1.493911 
1254 0.000000 -1.489425 
1255 0.000000 -1.484816 
1256 0.000000 -1.480085 
1257 0.000000 -1.475231 
1258 0.000000 -1.470255 
1259 0.000000 -1.465158 
1260 0.000000 -1.459939 
1261 0.000000 -1.454600 
1262 0.000000 -1.449141 
1263 0.000000 -1.443562 
1264 0.000000 -1.437864 
1265 0.000000 -1.432046 
1266 0.000000 -1.426111 
1267 0.000000 -1.420057 
1268 0.000000 -1.413887 
1269 0.000000 -1.407599 
1270 0.000000 -1.401195 
1271 0.000000 -1.394675 
1272 0.000000 -1.388040 
1273 0.000000 -1.381291 
1274 0.000000 -1.374427 
1275 0.000000 -1.367449 
1276 0.000000 -1.360359 
1277 0.000000 -1.353156 
1278 0.000000 -1.345841 
1279 0.000000 -1.338415 
1280 0.000000 -1.330879 
1281 0.000000 -1.323232 
1282 0.000000 -1.315476 
1283 0.000000 -1.307612 
1284 0.000000 -1.299639 
1285 0.000000 -1.291559 
1286 0.000000 -1.283372 
1287 0.000000 -1.275079 
1288 0.000000 -1.266681 
1289 0.000000 -1.258178 
1290 0.000000 -1.249571 
1291 0.000000 -1.240861 
1292 0.000000 -1.232048 
1293 0.000000 -1.223134 
1294 0.000000 -1.214118 
1295 0.000000 -1.205002 
1296 0.000000 -1.195786 
1297 0.000000 -1.186472 
1298 0.000000 -1.177059 
1299 0.000000 -1.167550 
1300 0.000000 -1.157943 
1301 0.000000 -1.148241 
1302 0.000000 -1.138445 
1303 0.000000 -1.128554 
1304 0.000000 -1.118570 
1305 0.000000 -1.108493 
1306 0.000000 -1.098325 
1307 0.000000 -1.088066 
1308 0.000000 -1.077717 
1309 0.000000 -1.067279 
1310 0.000000 -1.056753 
1311 0.000000 -1.046139 
1312 0.000000 -1.035439 
1313 0.000000 -1.024653 
1314 0.000000 -1.013783 
1315 0.000000 -1.002829 
1316 0.000000 -0.991792 
1317 0.000000 -0.980673 
1318 0.000000 -0.969473 
1319 0.000000 -0.958193 
1320 0.000000 -0.946834 
1321 0.000000 -0.935397 
1322 0.000000 -0.923882 
1323 0.000000 -0.912291 
1324 0.000000 -0.900624 
1325 0.000000 -0.888883 
1326 0.000000 -0.877069 
1327 0.000000 -0.865182 
1328 0.000000 -0.853224 
1329 0.000000 -0.841195 
1330 0.000000 -0.829096 
1331 0.000000 -0.816929 
1332 0.000000 -0.804695 
1333 0.000000 -0.792394 
1334 0.000000 -0.780027 
1335 0.000000 -0.767596 
1336 0.000000 -0.755102 
1337 0.000000 -0.742545 
1338 0.000000 -0.729927 
1339 0.000000 -0.717249 
1340 0.000000 -0.704511 
1341 0.000000 -0.691715 
1342 0.000000 -0.678862 
1343 0.000000 -0.665952 
1344 0.000000 -0.652988 
1345 0.000000 -0.639970 
1346 0.000000 -0.626899 
1347 0.000000 -0.613776 
1348 0.000000 -0.600602 
1349 0.000000 -0.587379 
1350 0.000000 -0.574107 
1351 0.000000 -0.560788 
1352 0.000000 -0.547422 
1353 0.000000 -0.534011 
1354 0.000000 -0.520556 
1355 0.000000 -0.507058 
1356 0.000000 -0.493518 
1357 0.000000 -0.479938 
1358 0.000000 -0.466317 
1359 0.000000 -0.452658 
1360 0.000000 -0.438962 
1361 0.000000 -0.425229 
1362 0.000000 -0.411462 
1363 0.000000 -0.397660 
1364 0.000000 -0.383825 
1365 0.000000 -0.369959 
1366 0.000000 -0.356062 
1367 0.000000 -0.342136 
1368 0.000000 -0.328181 
1369 0.000000 -0.314199 
1370 0.000000 -0.300191 
1371 0.000000 -0.286159 
1372 0.000000 -0.272103 
1373 0.000000 -0.258024 
1374 0.000000 -0.243924 
1375 0.000000 -0.229804 
1376 0.000000 -0.215665 
1377 0.000000 -0.201508 
1378 0.000000 -0.187334 
1379 0.000000 -0.173145 
1380 0.000000 -0.158942 
1381 0.000000 -0.144725 
1382 0.000000 -0.130497 
1383 0.000000 -0.116258 
1384 0.000000 -0.102009 
1385 0.000000 -0.087751 
1386 0.000000 -0.073487 
1387 0.000000 -0.059216 
1388 0.000000 -0.044941 
1389 0.000000 -0.030661 
1390 0.000000 -0.016379 
1391 0.000000 -0.002096 
1392 0.000000 0.012187 
1393 0.000000 0.026469 
1394 0.000000 0.040749 
1395 0.000000 0.055026 
1396 0.000000 0.069298 
1397 0.000000 0.083565 
1398 0.000000 0.097824 
1399 0.000000 0.112076 
1400 0.000000 0.126318 
1401 0.000000 0.140550 
1402 0.000000 0.154770 
1403 0.000000 0.168977 
1404 0.000000 0.183171 
1405 0.000000 0.197349 
1406 0.000000 0.211511 
1407 0.000000 0.225656 
1408 0.000000 0.239781 
1409 0.000000 0.253887 
1410 0.000000 0.267972 
1411 0.000000 0.282035 
1412 0.000000 0.296075 
1413 0.000000 0.310090 
1414 0.000000 0.324080 
1415 0.000000 0.338042 
1416 0.000000 0.351977 
1417 0.000000 0.365883 
1418 0.000000 0.379758 
1419 0.000000 0.393602 
1420 0.000000 0.407414 
1421 0.000000 0.421192 
1422 0.000000 0.434935 
1423 0.000000 0.448642 
1424 0.000000 0.462312 
1425 0.000000 0.475944 
1426 0.000000 0.489536 
1427 0.000000 0.503088 
1428 0.000000 0.516599 
1429 0.000000 0.530066 
1430 0.000000 0.543490 
1431 0.000000 0.556869 
1432 0.000000 0.570202 
1433 0.000000 0.583488 
1434 0.000000 0.596726 
1435 0.000000 0.609914 
1436 0.000000 0.623052 
1437 0.000000 0.636139 
1438 0.000000 0.649172 
1439 0.000000 0.662153 
1440 0.000000 0.675078 
1441 0.000000 0.687948 
1442 0.000000 0.700761 
1443 0.000000 0.713516 
1444 0.000000 0.726212 
1445 0.000000 0.738848 
1446 0.000000 0.751423 
1447 0.000000 0.763935 
1448 0.000000 0.776385 
1449 0.000000 0.788770 
1450 0.000000 0.801091 
1451 0.000000 0.813345 
1452 0.000000 0.825532 
1453 0.000000 0.837650 
1454 0.000000 0.849700 
1455 0.000000 0.861679 
1456 0.000000 0.873587 
1457 0.000000 0.885423 
1458 0.000000 0.897186 
1459 0.000000 0.908874 
1460 0.000000 0.920487 
1461 0.000000 0.932025 
1462 0.000000 0.943485 
1463 0.000000 0.954867 
1464 0.000000 0.966171 
1465 0.000000 0.977394 
1466 0.000000 0.988537 
1467 0.000000 0.999598 
1468 0.000000 1.010576 
1469 0.000000 1.021471 
1470 0.000000 1.032282 
1471 0.000000 1.043007 
1472 0.000000 1.053646 
1473 0.000000 1.064198 
1474 0.000000 1.074662 
1475 0.000000 1.085037 
1476 0.000000 1.095323 
1477 0.000000 1.105518 
1478 0.000000 1.115621 
1479 0.000000 1.125633 
1480 0.000000 1.135551 
1481 0.000000 1.145376 
1482 0.000000 1.155105 
1483 0.000000 1.164740 
1484 0.000000 1.174278 
1485 0.000000 1.183719 
1486 0.000000 1.193062 
1487 0.000000 1.202307 
1488 0.000000 1.211452 
1489 0.000000 1.220498 
1490 0.000000 1.229442 
1491 0.000000 1.238285 
1492 0.000000 1.247025 
1493 0.000000 1.255662 
1494 0.000000 1.264196 
1495 0.000000 1.272625 
1496 0.000000 1.280949 
1497 0.000000 1.289167 
1498 0.000000 1.297278 
1499 0.000000 1.305283 
1500 0.000000 1.313179 
1501 0.000000 1.320967 
1502 0.000000 1.328646 
1503 0.000000 1.336215 
1504 0.000000 1.343673 
1505 0.000000 1.351021 
1506 0.000000 1.358256 
1507 0.000000 1.365380 
1508 0.000000 1.372390 
1509 0.000000 1.379288 
1510 0.000000 1.386071 
1511 0.000000 1.392740 
1512 0.000000 1.399293 
1513 0.000000 1.405731 
1514 0.000000 1.412053 
1515 0.000000 1.418258 
1516 0.000000 1.424346 
1517 0.000000 1.430316 
1518 0.000000 1.436168 
1519 0.000000 1.441902 
1520 0.000000 1.447516 
1521 0.000000 1.453010 
1522 0.000000 1.458385 
1523 0.000000 1.463639 
1524 0.000000 1.468771 
1525 0.000000 1.473783 
1526 0.000000 1.478673 
1527 0.000000 1.483440 
1528 0.000000 1.488085 
1529 0.000000 1.492607 
1530 0.000000 1.497006 
1531 0.000000 1.501281 
1532 0.000000 1.505431 
1533 0.000000 1.509458 
1534 0.000000 1.513359 
1535 0.000000 1.517136 
1536 0.000000 1.520787 
1537 0.000000 1.524313 
1538 0.000000 1.527712 
1539 0.000000 1.530986 
1540 0.000000 1.534132 
1541 0.000000 1.537152 
1542 0.000000 1.540045 
1543 0.000000 1.542811 
1544 0.000000 1.545449 
1545 0.000000 1.547959 
1546 0.000000 1.550342 
1547 0.000000 1.552596 
1548 0.000000 1.554722 
1549 0.000000 1.556720 
1550 0.000000 1.558589 
1551 0.000000 1.560329 
1552 0.000000 1.561940 
1553 0.000000 1.563422 
1554 0.000000 1.564775 
1555 0.000000 1.565999 
1556 0.000000 1.567093 
1557 0.000000 1.568057 
1558 0.000000 1.568892 
1559 0.000000 1.569598 
1560 0.000000 1.570173 
1561 0.000000 1.570619 
1562 0.000000 1.570935 
1563 0.000000 1.571121 
1564 0.000000 1.571178 
1565 0.000000 1.571104 
1566 0.000000 1.570901 
1567 0.000000 1.570568 
1568 0.000000 1.570105 
1569 0.000000 1.569512 
1570 0.000000 1.568790 
1571 0.000000 1.567938 
1572 0.000000 1.566956 
1573 0.000000 1.565845 
1574 0.000000 1.564605 
1575 0.000000 1.563235 
1576 0.000000 1.561736 
1577 0.000000 1.560108 
1578 0.000000 1.558351 
1579 0.000000 1.556465 
1580 0.000000 1.554451 
1581 0.000000 1.552308 
1582 0.000000 1.550036 
1583 0.000000 1.547637 
1584 0.000000 1.545110 
1585 0.000000 1.542455 
1586 0.000000 1.539673 
1587 0.000000 1.536763 
1588 0.000000 1.533726 
1589 0.000000 1.530563 
1590 0.000000 1.527273 
1591 0.000000 1.523857 
1592 0.000000 1.520315 
1593 0.000000 1.516647 
1594 0.000000 1.512854 
1595 0.000000 1.508936 
1596 0.000000 1.504894 
1597 0.000000 1.500726 
1598 0.000000 1.496435 
1599 0.000000 1.492021 
1600 0.000000 1.487482 
1601 0.000001 1.482821 
1602 0.000001 1.478038 
1603 0.000001 1.473132 
1604 0.000001 1.468105 
1605 0.000001 1.462956 
1606 0.000001 1.457686 
1607 0.000001 1.452296 
1608 0.000001 1.446786 
1609 0.000001 1.441156 
1610 0.000001 1.435407 
1611 0.000001 1.429539 
1612 0.000001 1.423554 
1613 0.000001 1.417450 
1614 0.000001 1.411230 
1615 0.000001 1.404893 
1616 0.000001 1.398440 
1617 0.000001 1.391871 
1618 0.000001 1.385187 
1619 0.000001 1.378389 
1620 0.000001 1.371477 
1621 0.000001 1.364451 
1622 0.000001 1.357313 
1623 0.000001 1.350062 
1624 0.000001 1.342700 
1625 0.000002 1.335227 
1626 0.000002 1.327644 
1627 0.000002 1.319951 
1628 0.000002 1.312149 
1629 0.000002 1.304238 
1630 0.000002 1.296220 
1631 0.000002 1.288094 
1632 0.000002 1.279862 
1633 0.000002 1.271524 
1634 0.000002 1.263082 
1635 0.000002 1.254534 
1636 0.000003 1.245884 
1637 0.000003 1.237130 
1638 0.000003 1.228274 
1639 0.000003 1.219316 
1640 0.000003 1.210258 
1641 0.000003 1.201099 
1642 0.000003 1.191841 
1643 0.000003 1.182485 
1644 0.000004 1.173031 
1645 0.000004 1.163481 
1646 0.000004 1.153834 
1647 0.000004 1.144091 
1648 0.000004 1.134254 
1649 0.000004 1.124324 
1650 0.000005 1.114300 
1651 0.000005 1.104185 
1652 0.000005 1.093978 
1653 0.000005 1.083680 
1654 0.000006 1.073293 
1655 0.000006 1.062818 
1656 0.000006 1.052254 
1657 0.000006 1.041604 
1658 0.000007 1.030868 
1659 0.000007 1.020046 
1660 0.000007 1.009140 
1661 0.000008 0.998151 
1662 0.000008 0.987079 
1663 0.000008 0.975925 
1664 0.000009 0.964691 
1665 0.000009 0.953378 
1666 0.000009 0.941985 
1667 0.000010 0.930515 
1668 0.000010 0.918967 
1669 0.000011 0.907344 
1670 0.000011 0.895646 
1671 0.000011 0.883873 
1672 0.000012 0.872028 
1673 0.000012 0.860111 
1674 0.000013 0.848122 
1675 0.000014 0.836064 
1676 0.000014 0.823936 
1677 0.000015 0.811740 
1678 0.000015 0.799477 
1679 0.000016 0.787148 
1680 0.000017 0.774754 
1681 0.000017 0.762296 
1682 0.000018 0.749775 
1683 0.000019 0.737192 
1684 0.000020 0.724548 
1685 0.000021 0.711845 
1686 0.000021 0.699082 
1687 0.000022 0.686262 
1688 0.000023 0.673385 
1689 0.000024 0.660452 
1690 0.000025 0.647464 
1691 0.000026 0.634424 
1692 0.000027 0.621330 
1693 0.000029 0.608186 
1694 0.000030 0.594991 
1695 0.000031 0.581747 
1696 0.000032 0.568455 
1697 0.000034 0.555116 
1698 0.000035 0.541731 
1699 0.000036 0.528301 
1700 0.000038 0.514827 
1701 0.000039 0.501311 
1702 0.000041 0.487754 
1703 0.000043 0.474156 
1704 0.000044 0.460519 
1705 0.000046 0.446844 
1706 0.000048 0.433133 
1707 0.000050 0.419385 
1708 0.000052 0.405603 
1709 0.000054 0.391787 
1710 0.000056 0.377938 
1711 0.000059 0.364059 
1712 0.000061 0.350149 
1713 0.000063 0.336211 
1714 0.000066 0.322245 
1715 0.000069 0.308252 
1716 0.000071 0.294233 
1717 0.000074 0.280191 
1718 0.000077 0.266125 
1719 0.000080 0.252037 
1720 0.000083 0.237928 
1721 0.000087 0.223800 
1722 0.000090 0.209653 
1723 0.000094 0.195489 
1724 0.000097 0.181308 
1725 0.000101 0.167113 
1726 0.000105 0.152904 
1727 0.000109 0.138682 
1728 0.000114 0.124449 
1729 0.000118 0.110206 
1730 0.000123 0.095953 
1731 0.000127 0.081692 
1732 0.000132 0.067425 
1733 0.000138 0.053152 
1734 0.000143 0.038875 
1735 0.000148 0.024595 
1736 0.000154 0.010312 
1737 0.000160 -0.003971 
1738 0.000166 -0.018254 
1739 0.000173 -0.032536 
1740 0.000179 -0.046815 
1741 0.000186 -0.061090 
1742 0.000193 -0.075360 
1743 0.000200 -0.089623 
1744 0.000208 -0.103880 
1745 0.000216 -0.118127 
1746 0.000224 -0.132365 
1747 0.000233 -0.146592 
1748 0.000241 -0.160807 
1749 0.000250 -0.175009 
1750 0.000260 -0.189196 
1751 0.000270 -0.203367 
1752 0.000280 -0.217522 
1753 0.000290 -0.231659 
1754 0.000301 -0.245776 
1755 0.000312 -0.259874 
1756 0.000324 -0.273949 
1757 0.000336 -0.288002 
1758 0.000348 -0.302032 
1759 0.000361 -0.316036 
1760 0.000374 -0.330014 
1761 0.000388 -0.343965 
1762 0.000402 -0.357888 
1763 0.000417 -0.371781 
1764 0.000432 -0.385643 
1765 0.000448 -0.399473 
1766 0.000464 -0.413271 
1767 0.000481 -0.427034 
1768 0.000499 -0.440762 
1769 0.000517 -0.454453 
1770 0.000536 -0.468107 
1771 0.000555 -0.481723 
1772 0.000575 -0.495298 
1773 0.000596 -0.508833 
1774 0.000617 -0.522325 
1775 0.000639 -0.535774 
1776 0.000662 -0.549179 
1777 0.000686 -0.562539 
1778 0.000710 -0.575852 
1779 0.000735 -0.589118 
1780 0.000761 -0.602334 
1781 0.000788 -0.615502 
1782 0.000816 -0.628618 
1783 0.000845 -0.641682 
1784 0.000875 -0.654693 
1785 0.000905 -0.667650 
1786 0.000937 -0.680552 
1787 0.000970 -0.693398 
1788 0.001004 -0.706186 
1789 0.001039 -0.718916 
1790 0.001075 -0.731587 
1791 0.001112 -0.744197 
1792 0.001151 -0.756746 
1793 0.001191 -0.769232 
1794 0.001232 -0.781654 
1795 0.001274 -0.794012 
1796 0.001318 -0.806305 
1797 0.001363 -0.818530 
1798 0.001410 -0.830688 
1799 0.001458 -0.842778 
1800 0.001508 -0.854797 
1801 0.001559 -0.866746 
1802 0.001612 -0.878624 
1803 0.001666 -0.890429 
1804 0.001723 -0.902160 
1805 0.001781 -0.913817 
1806 0.001841 -0.925398 
1807 0.001903 -0.936903 
1808 0.001966 -0.948330 
1809 0.002032 -0.959679 
1810 0.002100 -0.970948 
1811 0.002170 -0.982138 
1812 0.002242 -0.993246 
1813 0.002317 -1.004272 
1814 0.002394 -1.015215 
1815 0.002473 -1.026074 
1816 0.002554 -1.036849 
1817 0.002638 -1.047537 
1818 0.002725 -1.058139 
1819 0.002814 -1.068654 
1820 0.002906 -1.079080 
1821 0.003001 -1.089418 
1822 0.003099 -1.099665 
1823 0.003200 -1.109821 
1824 0.003303 -1.119885 
1825 0.003410 -1.129857 
1826 0.003521 -1.139736 
1827 0.003634 -1.149521 
1828 0.003751 -1.159210 
1829 0.003871 -1.168804 
1830 0.003995 -1.178301 
1831 0.004123 -1.187700 
1832 0.004254 -1.197002 
1833 0.004390 -1.206204 
1834 0.004529 -1.215307 
1835 0.004672 -1.224310 
1836 0.004820 -1.233211 
1837 0.004972 -1.242010 
1838 0.005128 -1.250707 
1839 0.005289 -1.259300 
1840 0.005455 -1.267789 
1841 0.005626 -1.276174 
1842 0.005801 -1.284453 
1843 0.005982 -1.292626 
1844 0.006167 -1.300692 
1845 0.006358 -1.308650 
1846 0.006555 -1.316501 
1847 0.006757 -1.324242 
1848 0.006965 -1.331874 
1849 0.007179 -1.339397 
1850 0.007399 -1.346808 
1851 0.007625 -1.354108 
1852 0.007858 -1.361296 
1853 0.008097 -1.368372 
1854 0.008343 -1.375334 
1855 0.008595 -1.382183 
1856 0.008855 -1.388918 
1857 0.009122 -1.395538 
1858 0.009397 -1.402042 
1859 0.009679 -1.408431 
1860 0.009968 -1.414703 
1861 0.010266 -1.420859 
1862 0.010572 -1.426897 
1863 0.010887 -1.432817 
1864 0.011210 -1.438618 
1865 0.011542 -1.444301 
1866 0.011882 -1.449864 
1867 0.012232 -1.455308 
1868 0.012592 -1.460631 
1869 0.012961 -1.465834 
1870 0.013341 -1.470915 
1871 0.013730 -1.475875 
1872 0.014130 -1.480713 
1873 0.014540 -1.485428 
1874 0.014962 -1.490021 
1875 0.015394 -1.494491 
1876 0.015838 -1.498837 
1877 0.016294 -1.503059 
1878 0.016762 -1.507157 
1879 0.017242 -1.511131 
1880 0.017734 -1.514979 
1881 0.018240 -1.518702 
1882 0.018758 -1.522300 
1883 0.019290 -1.525772 
1884 0.019836 -1.529118 
1885 0.020396 -1.532338 
1886 0.020970 -1.535431 
1887 0.021559 -1.538397 
1888 0.022163 -1.541236 
1889 0.022783 -1.543947 
1890 0.023418 -1.546531 
1891 0.024069 -1.548987 
1892 0.024737 -1.551315 
1893 0.025421 -1.553515 
1894 0.026123 -1.555587 
1895 0.026842 -1.557530 
1896 0.027580 -1.559344 
1897 0.028335 -1.561029 
1898 0.029110 -1.562585 
1899 0.029903 -1.564013 
1900 0.030716 -1.565311 
1901 0.031549 -1.566479 
1902 0.032403 -1.567518 
1903 0.033277 -1.568428 
1904 0.034173 -1.569208 
1905 0.035091 -1.569858 
1906 0.036030 -1.570379 
1907 0.036993 -1.570769 
1908 0.037978 -1.571030 
1909 0.038987 -1.571161 
1910 0.040021 -1.571163 
1911 0.041079 -1.571034 
1912 0.042162 -1.570775 
1913 0.043270 -1.570387 
1914 0.044405 -1.569869 
1915 0.045567 -1.569221 
1916 0.046756 -1.568444 
1917 0.047973 -1.567537 
1918 0.049218 -1.566500 
1919 0.050492 -1.565334 
1920 0.051795 -1.564039 
1921 0.053129 -1.562614 
1922 0.054493 -1.561060 
1923 0.055889 -1.559377 
1924 0.057316 -1.557565 
1925 0.058776 -1.555625 
1926 0.060270 -1.553556 
1927 0.061797 -1.551358 
1928 0.063358 -1.549033 
1929 0.064954 -1.546579 
1930 0.066587 -1.543998 
1931 0.068256 -1.541289 
1932 0.069961 -1.538452 
1933 0.071705 -1.535489 
1934 0.073487 -1.532398 
1935 0.075309 -1.529181 
1936 0.077170 -1.525837 
1937 0.079073 -1.522368 
1938 0.081016 -1.518772 
1939 0.083002 -1.515051 
1940 0.085031 -1.511205 
1941 0.087104 -1.507234 
1942 0.089221 -1.503139 
1943 0.091383 -1.498919 
1944 0.093592 -1.494575 
1945 0.095848 -1.490108 
1946 0.098151 -1.485517 
1947 0.100503 -1.480804 
1948 0.102904 -1.475969 
1949 0.105356 -1.471011 
1950 0.107859 -1.465932 
1951 0.110414 -1.460732 
1952 0.113022 -1.455411 
1953 0.115684 -1.449970 
1954 0.118401 -1.444409 
1955 0.121173 -1.438728 
1956 0.124002 -1.432929 
1957 0.126889 -1.427011 
1958 0.129834 -1.420975 
1959 0.132838 -1.414822 
1960 0.135903 -1.408552 
1961 0.139029 -1.402166 
1962 0.142218 -1.395663 
1963 0.145470 -1.389046 
1964 0.148787 -1.382313 
1965 0.152168 -1.375466 
1966 0.155617 -1.368506 
1967 0.159133 -1.361432 
1968 0.162717 -1.354246 
1969 0.166371 -1.346948 
1970 0.170095 -1.339539 
1971 0.173892 -1.332019 
1972 0.177761 -1.324389 
1973 0.181704 -1.316650 
1974 0.185722 -1.308801 
1975 0.189816 -1.300845 
1976 0.193988 -1.292781 
1977 0.198238 -1.284610 
1978 0.202567 -1.276333 
1979 0.206977 -1.267951 
1980 0.211469 -1.259463 
1981 0.216044 -1.250872 
1982 0.220703 -1.242177 
1983 0.225448 -1.233380 
1984 0.230279 -1.224481 
1985 0.235198 -1.215480 
1986 0.240206 -1.206379 
1987 0.245304 -1.197179 
1988 0.250493 -1.187879 
1989 0.255776 -1.178481 
1990 0.261152 -1.168986 
1991 0.266623 -1.159394 
1992 0.272191 -1.149707 
1993 0.277856 -1.139924 
1994 0.283620 -1.130047 
1995 0.289484 -1.120077 
1996 0.295450 -1.110014 
1997 0.301519 -1.099860 
1998 0.307691 -1.089614 
1999 0.313969 -1.079279 
2000 0.320354 -1.068854 
2001 0.326846 -1.058341 
2002 0.333448 -1.047741 
2003 0.340160 -1.037054 
2004 0.346985 -1.026281 
2005 0.353922 -1.015423 
2006 0.360974 -1.004482 
2007 0.368142 -0.993457 
2008 0.375427 -0.982351 
2009 0.382830 -0.971163 
2010 0.390353 -0.959895 
2011 0.397998 -0.948547 
2012 0.405765 -0.937122 
2013 0.413656 -0.925618 
2014 0.421672 -0.914039 
2015 0.429815 -0.902384 
2016 0.438085 -0.890654 
2017 0.446485 -0.878850 
2018 0.455015 -0.866974 
2019 0.463678 -0.855026 
2020 0.472473 -0.843008 
2021 0.481403 -0.830920 
2022 0.490469 -0.818763 
2023 0.499673 -0.806539 
2024 0.509015 -0.794248 
2025 0.518497 -0.781891 
2026 0.528120 -0.769470 
2027 0.537886 -0.756985 
2028 0.547795 -0.744437 
2029 0.557850 -0.731828 
2030 0.568051 -0.719159 
2031 0.578400 -0.706430 
2032 0.588899 -0.693643 
2033 0.599547 -0.680798 
2034 0.610347 -0.667897 
2035 0.621301 -0.654941 
2036 0.632408 -0.641931 
2037 0.643671 -0.628868 
2038 0.655091 -0.615753 
2039 0.666668 -0.602587 
2040 0.678405 -0.589371 
2041 0.690302 -0.576106 
2042 0.702361 -0.562794 
2043 0.714582 -0.549435 
2044 0.726968 -0.536031 
2045 0.739518 -0.522582 
2046 0.752235 -0.509091 
2047 0.765119 -0.495557 
2048 0.778172 -0.481982 
2049 0.791395 -0.468368 
2050 0.804788 -0.454715 
2051 0.818353 -0.441024 
2052 0.832091 -0.427297 
2053 0.846003 -0.413534 
2054 0.860090 -0.399737 
2055 0.874353 -0.385908 
2056 0.888793 -0.372046 
2057 0.903411 -0.358154 
2058 0.918208 -0.344232 
2059 0.933184 -0.330281 
2060 0.948342 -0.316304 
2061 0.963681 -0.302300 
2062 0.979203 -0.288271 
2063 0.994908 -0.274218 
2064 1.010797 -0.260143 
2065 1.026871 -0.246046 
2066 1.043131 -0.231929 
2067 1.059577 -0.217792 
2068 1.076211 -0.203638 
2069 1.093032 -0.189467 
2070 1.110042 -0.175280 
2071 1.127241 -0.161079 
2072 1.144630 -0.146864 
2073 1.162210 -0.132637 
2074 1.179980 -0.118400 
2075 1.197942 -0.104152 
2076 1.216096 -0.089896 
2077 1.234442 -0.075632 
2078 1.252981 -0.061362 
2079 1.271713 -0.047088 
2080 1.290639 -0.032809 
2081 1.309759 -0.018527 
2082 1.329073 -0.004244 
2083 1.348581 0.010039 
2084 1.368285 0.024322 
2085 1.388183 0.038602 
2086 1.408276 0.052879 
2087 1.428564 0.067152 
2088 1.449047 0.081420 
2089 1.469726 0.095680 
2090 1.490600 0.109933 
2091 1.511669 0.124177 
2092 1.532933 0.138410 
2093 1.554393 0.152632 
2094 1.576047 0.166842 
2095 1.597895 0.181037 
2096 1.619939 0.195218 
2097 1.642176 0.209382 
2098 1.664607 0.223530 
2099 1.687231 0.237658 
2100 1.710048 0.251767 
2101 1.733058 0.265856 
2102 1.756259 0.279922 
2103 1.779652 0.293965 
2104 1.803236 0.307984 
2105 1.827010 0.321977 
2106 1.850974 0.335944 
2107 1.875126 0.349883 
2108 1.899466 0.363793 
2109 1.923993 0.377673 
2110 1.948706 0.391522 
2111 1.973605 0.405339 
2112 1.998687 0.419122 
2113 2.023953 0.432870 
2114 2.049401 0.446583 
2115 2.075030 0.460258 
2116 2.100839 0.473896 
2117 2.126826 0.487495 
2118 2.152991 0.501053 
2119 2.179331 0.514569 
2120 2.205846 0.528044 
2121 2.232534 0.541474 
2122 2.259393 0.554860 
2123 2.286423 0.568200 
2124 2.313621 0.581493 
2125 2.340985 0.594738 
2126 2.368515 0.607934 
2127 2.396207 0.621080 
2128 2.424061 0.634174 
2129 2.452075 0.647216 
2130 2.480246 0.660204 
2131 2.508573 0.673138 
2132 2.537053 0.686016 
2133 2.565685 0.698838 
2134 2.594466 0.711601 
2135 2.623395 0.724306 
2136 2.652468 0.736951 
2137 2.681683 0.749535 
2138 2.711039 0.762058 
2139 2.740533 0.774517 
2140 2.770162 0.786912 
2141 2.799923 0.799242 
2142 2.829815 0.811506 
2143 2.859835 0.823703 
2144 2.889979 0.835832 
2145 2.920245 0.847892 
2146 2.950631 0.859882 
2147 2.981133 0.871801 
2148 3.011749 0.883648 
2149 3.042475 0.895421 
2150 3.073309 0.907121 
2151 3.104247 0.918746 
2152 3.135287 0.930295 
2153 3.166425 0.941766 
2154 3.197658 0.953161 
2155 3.228983 0.964476 
2156 3.260396 0.975711 
2157 3.291894 0.986866 
2158 3.323474 0.997940 
2159 3.355132 1.008931 
2160 3.386865 1.019838 
2161 3.418669 1.030662 
2162 3.450540 1.041400 
2163 3.482476 1.052052 
2164 3.514471 1.062617 
2165 3.546523 1.073094 
2166 3.578627 1.083483 
2167 3.610780 1.093782 
2168 3.642978 1.103990 
2169 3.675216 1.114108 
2170 3.707492 1.124133 
2171 3.739801 1.134065 
2172 3.772138 1.143904 
2173 3.804500 1.153648 
2174 3.836883 1.163297 
2175 3.869282 1.172850 
2176 3.901693 1.182306 
2177 3.934113 1.191664 
2178 3.966535 1.200923 
2179 3.998958 1.210083 
2180 4.031375 1.219144 
2181 4.063782 1.228103 
2182 4.096176 1.236961 
2183 4.128552 1.245717 
2184 4.160904 1.254370 
2185 4.193229 1.262919 
2186 4.225522 1.271364 
2187 4.257779 1.279704 
2188 4.289995 1.287938 
2189 4.322164 1.296065 
2190 4.354283 1.304086 
2191 4.386347 1.311999 
2192 4.418351 1.319803 
2193 4.450291 1.327498 
2194 4.482161 1.335083 
2195 4.513957 1.342559 
2196 4.545674 1.349923 
2197 4.577307 1.357175 
2198 4.608851 1.364316 
2199 4.640302 1.371343 
2200 4.671655 1.378258 
2201 4.702904 1.385058 
2202 4.734045 1.391744 
2203 4.765073 1.398315 
2204 4.795984 1.404771 
2205 4.826771 1.411110 
2206 4.857431 1.417333 
2207 4.887957 1.423438 
2208 4.918347 1.429426 
2209 4.948593 1.435296 
2210 4.978692 1.441047 
2211 5.008639 1.446679 
2212 5.038428 1.452192 
2213 5.068055 1.457584 
2214 5.097514 1.462856 
2215 5.126801 1.468007 
2216 5.155911 1.473037 
2217 5.184839 1.477945 
2218 5.213580 1.482731 
2219 5.242129 1.487394 
2220 5.270481 1.491935 
2221 5.298632 1.496352 
2222 5.326576 1.500646 
2223 5.354309 1.504815 
2224 5.381825 1.508860 
2225 5.409121 1.512781 
2226 5.436191 1.516576 
2227 5.463030 1.520246 
2228 5.489634 1.523791 
2229 5.515998 1.527209 
2230 5.542117 1.530501 
2231 5.567987 1.533667 
2232 5.593603 1.536706 
2233 5.618960 1.539618 
2234 5.644054 1.542403 
2235 5.668881 1.545060 
2236 5.693435 1.547590 
2237 5.717712 1.549992 
2238 5.741709 1.552265 
2239 5.765419 1.554411 
2240 5.788840 1.556428 
2241 5.811966 1.558316 
2242 5.834794 1.560075 
2243 5.857319 1.561706 
2244 5.879538 1.563207 
2245 5.901445 1.564580 
2246 5.923037 1.565823 
2247 5.944309 1.566936 
2248 5.965258 1.567920 
2249 5.985881 1.568775 
2250 6.006171 1.569500 
2251 6.026127 1.570095 
2252 6.045745 1.570560 
2253 6.065019 1.570896 
2254 6.083948 1.571102 
2255 6.102527 1.571178 
2256 6.120752 1.571124 
2257 6.138621 1.570940 
2258 6.156129 1.570626 
2259 6.173274 1.570183 
2260 6.190051 1.569610 
2261 6.206459 1.568907 
2262 6.222492 1.568074 
2263 6.238150 1.567112 
2264 6.253428 1.566021 
2265 6.268323 1.564800 
2266 6.282833 1.563449 
2267 6.296954 1.561970 
2268 6.310684 1.560361 
2269 6.324021 1.558623 
2270 6.336961 1.556757 
2271 6.349502 1.554762 
2272 6.361642 1.552638 
2273 6.373378 1.550386 
2274 6.384708 1.548006 
2275 6.395630 1.545498 
2276 6.406140 1.542862 
2277 6.416239 1.540099 
2278 6.425922 1.537209 
2279 6.435190 1.534191 
2280 6.444038 1.531047 
2281 6.452467 1.527776 
2282 6.460474 1.524379 
2283 6.468057 1.520856 
2284 6.475215 1.517207 
2285 6.481947 1.513433 
2286 6.488251 1.509534 
2287 6.494126 1.505510 
2288 6.499571 1.501361 
2289 6.504585 1.497089 
2290 6.509167 1.492692 
2291 6.513315 1.488173 
2292 6.517029 1.483530 
2293 6.520309 1.478765 
2294 6.523153 1.473878 
2295 6.525561 1.468868 
2296 6.527533 1.463738 
2297 6.529068 1.458486 
2298 6.530165 1.453114 
2299 6.530825 1.447622 
2300 6.531048 1.442010 
2301 6.530833 1.436279 
2302 6.530181 1.430429 
2303 6.529091 1.424461 
2304 6.527564 1.418376 
2305 6.525600 1.412173 
2306 6.523199 1.405853 
2307 6.520363 1.399418 
2308 6.517091 1.392866 
2309 6.513384 1.386200 
2310 6.509243 1.379418 
2311 6.504669 1.372523 
2312 6.499663 1.365515 
2313 6.494226 1.358393 
2314 6.488358 1.351160 
2315 6.482061 1.343815 
2316 6.475337 1.336358 
2317 6.468186 1.328791 
2318 6.460610 1.321115 
2319 6.452610 1.313329 
2320 6.444189 1.305435 
2321 6.435347 1.297432 
2322 6.426087 1.289323 
2323 6.416411 1.281107 
2324 6.406319 1.272785 
2325 6.395815 1.264358 
2326 6.384901 1.255826 
2327 6.373578 1.247191 
2328 6.361848 1.238453 
2329 6.349715 1.229612 
2330 6.337181 1.220669 
2331 6.324247 1.211626 
2332 6.310917 1.202483 
2333 6.297193 1.193240 
2334 6.283078 1.183899 
2335 6.268574 1.174459 
2336 6.253685 1.164923 
2337 6.238414 1.155290 
2338 6.222762 1.145562 
2339 6.206734 1.135740 
2340 6.190333 1.125823 
2341 6.173561 1.115813 
2342 6.156422 1.105712 
2343 6.138919 1.095518 
2344 6.121056 1.085235 
2345 6.102836 1.074861 
2346 6.084262 1.064399 
2347 6.065339 1.053849 
2348 6.046069 1.043211 
2349 6.026457 1.032488 
2350 6.006506 1.021679 
2351 5.986219 1.010785 
2352 5.965602 0.999809 
2353 5.944657 0.988749 
2354 5.923389 0.977608 
2355 5.901801 0.966386 
2356 5.879898 0.955084 
2357 5.857684 0.943703 
2358 5.835163 0.932244 
2359 5.812339 0.920709 
2360 5.789216 0.909097 
2361 5.765799 0.897410 
2362 5.742092 0.885648 
2363 5.718099 0.873814 
2364 5.693825 0.861907 
2365 5.669274 0.849930 
2366 5.644451 0.837881 
2367 5.619360 0.825764 
2368 5.594005 0.813578 
2369 5.568392 0.801326 
2370 5.542524 0.789007 
2371 5.516408 0.776622 
2372 5.490046 0.764174 
2373 5.463444 0.751662 
2374 5.436607 0.739089 
2375 5.409539 0.726454 
2376 5.382245 0.713759 
2377 5.354730 0.701005 
2378 5.326999 0.688193 
2379 5.299056 0.675325 
2380 5.270907 0.662400 
2381 5.242556 0.649421 
2382 5.214008 0.636388 
2383 5.185268 0.623303 
2384 5.156341 0.610166 
2385 5.127232 0.596978 
2386 5.097945 0.583742 
2387 5.068486 0.570457 
2388 5.038860 0.557125 
2389 5.009071 0.543746 
2390 4.979125 0.530323 
2391 4.949026 0.516856 
2392 4.918779 0.503347 
2393 4.888390 0.489795 
2394 4.857862 0.476204 
2395 4.827202 0.462573 
2396 4.796415 0.448903 
2397 4.765504 0.435197 
2398 4.734475 0.421455 
2399 4.703333 0.407677 
2400 4.672082 0.393866 
2401 4.640729 0.380023 
2402 4.609276 0.366148 
2403 4.577731 0.352243 
2404 4.546096 0.338309 
2405 4.514378 0.324347 
2406 4.482580 0.310358 
2407 4.450709 0.296343 
2408 4.418767 0.282304 
2409 4.386761 0.268241 
2410 4.354695 0.254157 
2411 4.322574 0.240051 
2412 4.290402 0.225926 
2413 4.258184 0.211782 
2414 4.225925 0.197620 
2415 4.193630 0.183442 
2416 4.161302 0.169249 
2417 4.128947 0.155042 
2418 4.096569 0.140822 
2419 4.064172 0.126590 
2420 4.031762 0.112348 
2421 3.999341 0.098097 
2422 3.966916 0.083837 
2423 3.934490 0.069571 
2424 3.902068 0.055299 
2425 3.869653 0.041022 
2426 3.837251 0.026742 
2427 3.804864 0.012460 
2428 3.772499 -0.001823 
2429 3.740158 -0.016107 
2430 3.707846 -0.030388 
2431 3.675566 -0.044668 
2432 3.643324 -0.058943 
2433 3.611122 -0.073214 
2434 3.578965 -0.087479 
2435 3.546857 -0.101736 
2436 3.514801 -0.115985 
2437 3.482802 -0.130225 
2438 3.450863 -0.144453 
2439 3.418987 -0.158670 
2440 3.387179 -0.172874 
2441 3.355442 -0.187063 
2442 3.323780 -0.201237 
2443 3.292195 -0.215394 
2444 3.260693 -0.229534 
2445 3.229275 -0.243654 
2446 3.197946 -0.257755 
2447 3.166709 -0.271834 
2448 3.135566 -0.285891 
2449 3.104522 -0.299924 
2450 3.073579 -0.313932 
2451 3.042740 -0.327914 
2452 3.012010 -0.341869 
2453 2.981389 -0.355796 
2454 2.950883 -0.369694 
2455 2.920492 -0.383560 
2456 2.890221 -0.397396 
2457 2.860072 -0.411198 
2458 2.830048 -0.424967 
2459 2.800152 -0.438700 
2460 2.770385 -0.452397 
2461 2.740752 -0.466057 
2462 2.711253 -0.479678 
2463 2.681893 -0.493259 
2464 2.652672 -0.506800 
2465 2.623595 -0.520299 
2466 2.594661 -0.533755 
2467 2.565876 -0.547166 
2468 2.537239 -0.560533 
2469 2.508754 -0.573853 
2470 2.480422 -0.587126 
2471 2.452246 -0.600350 
2472 2.424228 -0.613525 
2473 2.396369 -0.626649 
2474 2.368672 -0.639721 
2475 2.341138 -0.652740 
2476 2.313768 -0.665705 
2477 2.286566 -0.678616 
2478 2.259532 -0.691470 
2479 2.232668 -0.704267 
2480 2.205975 -0.717006 
2481 2.179456 -0.729685 
2482 2.153111 -0.742305 
2483 2.126942 -0.754863 
2484 2.100950 -0.767358 
2485 2.075137 -0.779790 
2486 2.049503 -0.792158 
2487 2.024051 -0.804460 
2488 1.998781 -0.816696 
2489 1.973693 -0.828864 
2490 1.948791 -0.840964 
2491 1.924073 -0.852994 
2492 1.899542 -0.864954 
2493 1.875197 -0.876842 
2494 1.851041 -0.888658 
2495 1.827074 -0.900401 
2496 1.803295 -0.912069 
2497 1.779707 -0.923661 
2498 1.756310 -0.935177 
2499 1.733105 -0.946616 
2500 1.710091 -0.957977 
2501 1.687270 -0.969259 
2502 1.664642 -0.980460 
2503 1.642207 -0.991581 
2504 1.619966 -1.002619 
2505 1.597919 -1.013575 
2506 1.576067 -1.024447 
2507 1.554409 -1.035234 
2508 1.532946 -1.045935 
2509 1.511678 -1.056551 
2510 1.490606 -1.067078 
2511 1.469728 -1.077518 
2512 1.449046 -1.087869 
2513 1.428559 -1.098129 
2514 1.408268 -1.108299 
2515 1.388171 -1.118378 
2516 1.368270 -1.128364 
2517 1.348564 -1.138257 
2518 1.329052 -1.148055 
2519 1.309735 -1.157759 
2520 1.290612 -1.167367 
2521 1.271683 -1.176879 
2522 1.252948 -1.186293 
2523 1.234406 -1.195609 
2524 1.216057 -1.204827 
2525 1.197900 -1.213945 
2526 1.179936 -1.222962 
2527 1.162163 -1.231879 
2528 1.144581 -1.240693 
2529 1.127189 -1.249406 
2530 1.109987 -1.258015 
2531 1.092975 -1.266519 
2532 1.076151 -1.274920 
2533 1.059515 -1.283215 
2534 1.043066 -1.291404 
2535 1.026804 -1.299486 
2536 1.010728 -1.307460 
2537 0.994837 -1.315327 
2538 0.979130 -1.323085 
2539 0.963606 -1.330734 
2540 0.948265 -1.338272 
2541 0.933106 -1.345700 
2542 0.918127 -1.353017 
2543 0.903328 -1.360222 
2544 0.888709 -1.367315 
2545 0.874267 -1.374295 
2546 0.860002 -1.381161 
2547 0.845914 -1.387913 
2548 0.832000 -1.394550 
2549 0.818261 -1.401072 
2550 0.804694 -1.407478 
2551 0.791299 -1.413768 
2552 0.778075 -1.419941 
2553 0.765021 -1.425996 
2554 0.752136 -1.431934 
2555 0.739418 -1.437754 
2556 0.726866 -1.443454 
2557 0.714479 -1.449035 
2558 0.702257 -1.454497 
2559 0.690197 -1.459838 
2560 0.678299 -1.465059 
2561 0.666561 -1.470159 
2562 0.654983 -1.475137 
2563 0.643562 -1.479993 
2564 0.632299 -1.484727 
2565 0.621190 -1.489338 
2566 0.610236 -1.493826 
2567 0.599436 -1.498191 
2568 0.588786 -1.502432 
2569 0.578287 -1.506549 
2570 0.567938 -1.510541 
2571 0.557736 -1.514408 
2572 0.547681 -1.518150 
2573 0.537771 -1.521767 
2574 0.528004 -1.525258 
2575 0.518381 -1.528623 
2576 0.508899 -1.531862 
2577 0.499556 -1.534974 
2578 0.490353 -1.537959 
2579 0.481286 -1.540817 
2580 0.472356 -1.543547 
2581 0.463560 -1.546151 
2582 0.454898 -1.548626 
2583 0.446368 -1.550973 
2584 0.437968 -1.553192 
2585 0.429697 -1.555283 
2586 0.421554 -1.557246 
2587 0.413538 -1.559079 
2588 0.405648 -1.560784 
2589 0.397881 -1.562360 
2590 0.390236 -1.563806 
2591 0.382713 -1.565124 
2592 0.375310 -1.566312 
2593 0.368025 -1.567370 
2594 0.360857 -1.568299 
2595 0.353806 -1.569099 
2596 0.346869 -1.569769 
2597 0.340045 -1.570309 
2598 0.333333 -1.570719 
2599 0.326731 -1.570999 
2600 0.320239 -1.571150 
2601 0.313855 -1.571171 
2602 0.307578 -1.571062 
2603 0.301406 -1.570823 
2604 0.295337 -1.570454 
2605 0.289372 -1.569955 
2606 0.283508 -1.569327 
2607 0.277745 -1.568569 
2608 0.272080 -1.567682 
2609 0.266513 -1.566664 
2610 0.261042 -1.565518 
2611 0.255667 -1.564242 
2612 0.250385 -1.562836 
2613 0.245197 -1.561302 
2614 0.240099 -1.559638 
2615 0.235092 -1.557846 
2616 0.230174 -1.555925 
2617 0.225343 -1.553875 
2618 0.220599 -1.551697 
2619 0.215941 -1.549391 
2620 0.211367 -1.546956 
2621 0.206875 -1.544394 
2622 0.202466 -1.541704 
2623 0.198137 -1.538887 
2624 0.193888 -1.535942 
2625 0.189718 -1.532871 
2626 0.185624 -1.529673 
2627 0.181607 -1.526348 
2628 0.177665 -1.522898 
2629 0.173796 -1.519321 
2630 0.170001 -1.515619 
2631 0.166277 -1.511792 
2632 0.162624 -1.507839 
2633 0.159040 -1.503762 
2634 0.155525 -1.499561 
2635 0.152078 -1.495236 
2636 0.148697 -1.490787 
2637 0.145381 -1.486216 
2638 0.142130 -1.481521 
2639 0.138942 -1.476704 
2640 0.135817 -1.471764 
2641 0.132753 -1.466704 
2642 0.129749 -1.461522 
2643 0.126805 -1.456219 
2644 0.123920 -1.450796 
2645 0.121092 -1.445252 
2646 0.118320 -1.439590 
2647 0.115604 -1.433808 
2648 0.112943 -1.427908 
2649 0.110336 -1.421890 
2650 0.107782 -1.415755 
2651 0.105280 -1.409502 
2652 0.102829 -1.403133 
2653 0.100428 -1.396649 
2654 0.098077 -1.390048 
2655 0.095775 -1.383333 
2656 0.093520 -1.376503 
2657 0.091312 -1.369560 
2658 0.089151 -1.362503 
2659 0.087034 -1.355334 
2660 0.084963 -1.348053 
2661 0.082935 -1.340661 
2662 0.080950 -1.333157 
2663 0.079007 -1.325544 
2664 0.077106 -1.317821 
2665 0.075245 -1.309989 
2666 0.073424 -1.302048 
2667 0.071643 -1.294000 
2668 0.069900 -1.285846 
2669 0.068195 -1.277585 
2670 0.066527 -1.269218 
2671 0.064896 -1.260746 
2672 0.063300 -1.252171 
2673 0.061739 -1.243491 
2674 0.060213 -1.234709 
2675 0.058721 -1.225825 
2676 0.057262 -1.216840 
2677 0.055835 -1.207754 
2678 0.054440 -1.198568 
2679 0.053077 -1.189284 
2680 0.051744 -1.179901 
2681 0.050441 -1.170420 
2682 0.049168 -1.160843 
2683 0.047923 -1.151170 
2684 0.046707 -1.141401 
2685 0.045519 -1.131538 
2686 0.044358 -1.121582 
2687 0.043224 -1.111533 
2688 0.042116 -1.101393 
2689 0.041034 -1.091161 
2690 0.039977 -1.080839 
2691 0.038944 -1.070427 
2692 0.037936 -1.059928 
2693 0.036951 -1.049340 
2694 0.035989 -1.038666 
2695 0.035050 -1.027906 
2696 0.034133 -1.017061 
2697 0.033238 -1.006133 
2698 0.032364 -0.995120 
2699 0.031512 -0.984026 
2700 0.030679 -0.972851 
2701 0.029867 -0.961594 
2702 0.029074 -0.950259 
2703 0.028300 -0.938845 
2704 0.027545 -0.927353 
2705 0.026808 -0.915785 
2706 0.026090 -0.904141 
2707 0.025388 -0.892422 
2708 0.024704 -0.880630 
2709 0.024037 -0.868765 
2710 0.023387 -0.856828 
2711 0.022752 -0.844820 
2712 0.022133 -0.832742 
2713 0.021530 -0.820596 
2714 0.020941 -0.808382 
2715 0.020368 -0.796100 
2716 0.019808 -0.783754 
2717 0.019263 -0.771342 
2718 0.018731 -0.758866 
2719 0.018213 -0.746328 
2720 0.017709 -0.733729 
2721 0.017216 -0.721068 
2722 0.016737 -0.708348 
2723 0.016270 -0.695570 
2724 0.015814 -0.682733 
2725 0.015371 -0.669841 
2726 0.014939 -0.656893 
2727 0.014518 -0.643891 
2728 0.014108 -0.630836 
2729 0.013708 -0.617728 
2730 0.013319 -0.604570 
2731 0.012941 -0.591361 
2732 0.012572 -0.578104 
2733 0.012213 -0.564799 
2734 0.011863 -0.551447 
2735 0.011522 -0.538050 
2736 0.011191 -0.524608 
2737 0.010868 -0.511122 
2738 0.010554 -0.497595 
2739 0.010249 -0.484026 
2740 0.009951 -0.470418 
2741 0.009662 -0.456770 
2742 0.009380 -0.443085 
2743 0.009106 -0.429363 
2744 0.008839 -0.415606 
2745 0.008580 -0.401814 
2746 0.008328 -0.387990 
2747 0.008082 -0.374133 
2748 0.007843 -0.360245 
2749 0.007611 -0.346327 
2750 0.007385 -0.332381 
2751 0.007165 -0.318407 
2752 0.006952 -0.304407 
2753 0.006744 -0.290382 
2754 0.006542 -0.276333 
2755 0.006346 -0.262261 
2756 0.006155 -0.248167 
2757 0.005970 -0.234053 
2758 0.005790 -0.219919 
2759 0.005614 -0.205768 
2760 0.005444 -0.191599 
2761 0.005279 -0.177414 
2762 0.005118 -0.163215 
2763 0.004962 -0.149002 
2764 0.004810 -0.134777 
2765 0.004663 -0.120541 
2766 0.004519 -0.106295 
2767 0.004380 -0.092040 
2768 0.004245 -0.077778 
2769 0.004114 -0.063509 
2770 0.003986 -0.049235 
2771 0.003863 -0.034956 
2772 0.003743 -0.020675 
2773 0.003626 -0.006392 
2774 0.003513 0.007891 
2775 0.003403 0.022174 
2776 0.003296 0.036455 
2777 0.003192 0.050733 
2778 0.003092 0.065006 
2779 0.002994 0.079275 
2780 0.002900 0.093536 
2781 0.002808 0.107790 
2782 0.002719 0.122036 
2783 0.002632 0.136271 
2784 0.002548 0.150494 
2785 0.002467 0.164706 
2786 0.002388 0.178903 
2787 0.002311 0.193086 
2788 0.002237 0.207253 
2789 0.002165 0.221403 
2790 0.002095 0.235535 
2791 0.002027 0.249647 
2792 0.001961 0.263738 
2793 0.001898 0.277808 
2794 0.001836 0.291855 
2795 0.001776 0.305877 
2796 0.001718 0.319875 
2797 0.001662 0.333846 
2798 0.001607 0.347789 
2799 0.001555 0.361703 
2800 0.001503 0.375588 
2801 0.001454 0.389442 
2802 0.001406 0.403263 
2803 0.001359 0.417051 
2804 0.001314 0.430805 
2805 0.001270 0.444523 
2806 0.001228 0.458204 
2807 0.001187 0.471848 
2808 0.001147 0.485452 
2809 0.001109 0.499016 
2810 0.001072 0.512539 
2811 0.001036 0.526020 
2812 0.001001 0.539457 
2813 0.000967 0.552850 
2814 0.000934 0.566197 
2815 0.000903 0.579497 
2816 0.000872 0.592750 
2817 0.000842 0.605953 
2818 0.000814 0.619106 
2819 0.000786 0.632208 
2820 0.000759 0.645258 
2821 0.000733 0.658254 
2822 0.000708 0.671196 
2823 0.000683 0.684083 
2824 0.000660 0.696913 
2825 0.000637 0.709686 
2826 0.000615 0.722399 
2827 0.000594 0.735054 
2828 0.000573 0.747647 
2829 0.000553 0.760178 
2830 0.000534 0.772647 
2831 0.000515 0.785052 
2832 0.000497 0.797392 
2833 0.000480 0.809666 
2834 0.000463 0.821874 
2835 0.000447 0.834013 
2836 0.000431 0.846083 
2837 0.000416 0.858084 
2838 0.000401 0.870013 
2839 0.000387 0.881871 
2840 0.000373 0.893655 
2841 0.000360 0.905366 
2842 0.000347 0.917002 
2843 0.000334 0.928563 
2844 0.000323 0.940046 
2845 0.000311 0.951452 
2846 0.000300 0.962779 
2847 0.000289 0.974027 
2848 0.000279 0.985194 
2849 0.000269 0.996280 
2850 0.000259 1.007283 
2851 0.000249 1.018203 
2852 0.000240 1.029039 
2853 0.000232 1.039790 
2854 0.000223 1.050455 
2855 0.000215 1.061034 
2856 0.000207 1.071524 
2857 0.000200 1.081926 
2858 0.000192 1.092239 
2859 0.000185 1.102461 
2860 0.000178 1.112592 
2861 0.000172 1.122631 
2862 0.000166 1.132578 
2863 0.000159 1.142431 
2864 0.000153 1.152189 
2865 0.000148 1.161852 
2866 0.000142 1.171419 
2867 0.000137 1.180890 
2868 0.000132 1.190263 
2869 0.000127 1.199537 
2870 0.000122 1.208712 
2871 0.000118 1.217788 
2872 0.000113 1.226762 
2873 0.000109 1.235636 
2874 0.000105 1.244407 
2875 0.000101 1.253075 
2876 0.000097 1.261640 
2877 0.000093 1.270101 
2878 0.000090 1.278456 
2879 0.000086 1.286706 
2880 0.000083 1.294850 
2881 0.000080 1.302887 
2882 0.000077 1.310815 
2883 0.000074 1.318636 
2884 0.000071 1.326348 
2885 0.000068 1.333950 
2886 0.000066 1.341441 
2887 0.000063 1.348822 
2888 0.000061 1.356092 
2889 0.000058 1.363249 
2890 0.000056 1.370294 
2891 0.000054 1.377225 
2892 0.000052 1.384043 
2893 0.000050 1.390746 
2894 0.000048 1.397334 
2895 0.000046 1.403807 
2896 0.000044 1.410164 
2897 0.000043 1.416404 
2898 0.000041 1.422527 
2899 0.000039 1.428533 
2900 0.000038 1.434421 
2901 0.000036 1.440190 
2902 0.000035 1.445840 
2903 0.000033 1.451370 
2904 0.000032 1.456781 
2905 0.000031 1.462071 
2906 0.000030 1.467240 
2907 0.000028 1.472288 
2908 0.000027 1.477215 
2909 0.000026 1.482019 
2910 0.000025 1.486701 
2911 0.000024 1.491260 
2912 0.000023 1.495696 
2913 0.000022 1.500008 
2914 0.000021 1.504196 
2915 0.000020 1.508260 
2916 0.000020 1.512199 
2917 0.000019 1.516013 
2918 0.000018 1.519702 
2919 0.000017 1.523266 
2920 0.000017 1.526703 
2921 0.000016 1.530014 
2922 0.000015 1.533199 
2923 0.000015 1.536257 
2924 0.000014 1.539188 
2925 0.000014 1.541992 
2926 0.000013 1.544669 
2927 0.000012 1.547218 
2928 0.000012 1.549639 
2929 0.000011 1.551932 
2930 0.000011 1.554096 
2931 0.000010 1.556133 
2932 0.000010 1.558040 
2933 0.000010 1.559819 
2934 0.000009 1.561469 
2935 0.000009 1.562990 
2936 0.000008 1.564382 
2937 0.000008 1.565644 
2938 0.000008 1.566777 
2939 0.000007 1.567781 
2940 0.000007 1.568655 
2941 0.000007 1.569399 
2942 0.000007 1.570014 
2943 0.000006 1.570499 
2944 0.000006 1.570854 
2945 0.000006 1.571079 
2946 0.000006 1.571175 
2947 0.000005 1.571140 
2948 0.000005 1.570976 
2949 0.000005 1.570682 
2950 0.000005 1.570258 
2951 0.000004 1.569704 
2952 0.000004 1.569021 
2953 0.000004 1.568208 
2954 0.000004 1.567265 
2955 0.000004 1.566193 
2956 0.000004 1.564991 
2957 0.000003 1.563661 
2958 0.000003 1.562200 
2959 0.000003 1.560611 
2960 0.000003 1.558893 
2961 0.000003 1.557046 
2962 0.000003 1.555070 
2963 0.000003 1.552966 
2964 0.000003 1.550733 
2965 0.000002 1.548372 
2966 0.000002 1.545883 
2967 0.000002 1.543267 
2968 0.000002 1.540523 
2969 0.000002 1.537652 
2970 0.000002 1.534653 
2971 0.000002 1.531528 
2972 0.000002 1.528276 
2973 0.000002 1.524898 
2974 0.000002 1.521394 
2975 0.000002 1.517764 
2976 0.000001 1.514008 
2977 0.000001 1.510128 
2978 0.000001 1.506123 
2979 0.000001 1.501993 
2980 0.000001 1.497739 
2981 0.000001 1.493361 
2982 0.000001 1.488860 
2983 0.000001 1.484236 
2984 0.000001 1.479489 
2985 0.000001 1.474620 
2986 0.000001 1.469629 
2987 0.000001 1.464517 
2988 0.000001 1.459284 
2989 0.000001 1.453930 
2990 0.000001 1.448455 
2991 0.000001 1.442862 
2992 0.000001 1.437148 
2993 0.000001 1.431317 
2994 0.000001 1.425366 
2995 0.000001 1.419298 
2996 0.000001 1.413113 
2997 0.000001 1.406811 
2998 0.000001 1.400393 
2999 0.000001 1.393859 
3000 0.000000 1.387209 
3001 0.000000 1.380446 
3002 0.000000 1.373568 
3003 0.000000 1.366576 
3004 0.000000 1.359472 
3005 0.000000 1.352255 
3006 0.000000 1.344926 
3007 0.000000 1.337487 
3008 0.000000 1.329936 
3009 0.000000 1.322276 
3010 0.000000 1.314507 
3011 0.000000 1.306629 
3012 0.000000 1.298643 
3013 0.000000 1.290549 
3014 0.000000 1.282349 
3015 0.000000 1.274043 
3016 0.000000 1.265632 
3017 0.000000 1.257116 
3018 0.000000 1.248496 
3019 0.000000 1.239773 
3020 0.000000 1.230948 
3021 0.000000 1.222021 
3022 0.000000 1.212993 
3023 0.000000 1.203864 
3024 0.000000 1.194636 
3025 0.000000 1.185310 
3026 0.000000 1.175885 
3027 0.000000 1.166363 
3028 0.000000 1.156745 
3029 0.000000 1.147031 
3030 0.000000 1.137223 
3031 0.000000 1.127320 
3032 0.000000 1.117325 
3033 0.000000 1.107237 
3034 0.000000 1.097057 
3035 0.000000 1.086787 
3036 0.000000 1.076427 
3037 0.000000 1.065978 
3038 0.000000 1.055441 
3039 0.000000 1.044816 
3040 0.000000 1.034106 
3041 0.000000 1.023310 
3042 0.000000 1.012429 
3043 0.000000 1.001465 
3044 0.000000 0.990418 
3045 0.000000 0.979289 
3046 0.000000 0.968079 
3047 0.000000 0.956789 
3048 0.000000 0.945420 
3049 0.000000 0.933973 
3050 0.000000 0.922448 
3051 0.000000 0.910848 
3052 0.000000 0.899172 
3053 0.000000 0.887422 
3054 0.000000 0.875598 
3055 0.000000 0.863703 
3056 0.000000 0.851735 
3057 0.000000 0.839698 
3058 0.000000 0.827591 
3059 0.000000 0.815415 
3060 0.000000 0.803173 
3061 0.000000 0.790863 
3062 0.000000 0.778489 
3063 0.000000 0.766050 
3064 0.000000 0.753548 
3065 0.000000 0.740983 
3066 0.000000 0.728358 
3067 0.000000 0.715672 
3068 0.000000 0.702927 
3069 0.000000 0.690124 
3070 0.000000 0.677263 
3071 0.000000 0.664347 
3072 0.000000 0.651376 
3073 0.000000 0.638351 
3074 0.000000 0.625274 
3075 0.000000 0.612145 
3076 0.000000 0.598965 
3077 0.000000 0.585735 
3078 0.000000 0.572458 
3079 0.000000 0.559132 
3080 0.000000 0.545761 
3081 0.000000 0.532345 
3082 0.000000 0.518884 
3083 0.000000 0.505381 
3084 0.000000 0.491836 
3085 0.000000 0.478250 
3086 0.000000 0.464625 
3087 0.000000 0.450961 
3088 0.000000 0.437260 
3089 0.000000 0.423523 
3090 0.000000 0.409751 
3091 0.000000 0.395946 
3092 0.000000 0.382107 
3093 0.000000 0.368237 
3094 0.000000 0.354336 
3095 0.000000 0.340406 
3096 0.000000 0.326448 
3097 0.000000 0.312463 
3098 0.000000 0.298452 
3099 0.000000 0.284417 
3100 0.000000 0.270358 
3101 0.000000 0.256276 
3102 0.000000 0.242174 
3103 0.000000 0.228051 
3104 0.000000 0.213910 
3105 0.000000 0.199751 
3106 0.000000 0.185575 
3107 0.000000 0.171384 
3108 0.000000 0.157179 
3109 0.000000 0.142961 
3110 0.000000 0.128731 
3111 0.000000 0.114491 
3112 0.000000 0.100241 
3113 0.000000 0.085982 
3114 0.000000 0.071717 
3115 0.000000 0.057446 
3116 0.000000 0.043170 
3117 0.000000 0.028890 
3118 0.000000 0.014608 
3119 0.000000 0.000325 
3120 0.000000 -0.013959 
3121 0.000000 -0.028241 
3122 0.000000 -0.042520 
3123 0.000000 -0.056797 
3124 0.000000 -0.071068 
3125 0.000000 -0.085334 
3126 0.000000 -0.099593 
3127 0.000000 -0.113843 
3128 0.000000 -0.128084 
3129 0.000000 -0.142314 
3130 0.000000 -0.156533 
3131 0.000000 -0.170739 
3132 0.000000 -0.184930 
3133 0.000000 -0.199107 
3134 0.000000 -0.213267 
3135 0.000000 -0.227409 
3136 0.000000 -0.241532 
3137 0.000000 -0.255636 
3138 0.000000 -0.269718 
3139 0.000000 -0.283778 
3140 0.000000 -0.297815 
3141 0.000000 -0.311827 
3142 0.000000 -0.325813 
3143 0.000000 -0.339772 
3144 0.000000 -0.353703 
3145 0.000000 -0.367605 
3146 0.000000 -0.381477 
3147 0.000000 -0.395317 
3148 0.000000 -0.409125 
3149 0.000000 -0.422898 
3150 0.000000 -0.436637 
3151 0.000000 -0.450339 
3152 0.000000 -0.464005 
3153 0.000000 -0.477632 
3154 0.000000 -0.491219 
3155 0.000000 -0.504766 
3156 0.000000 -0.518271 
3157 0.000000 -0.531734 
3158 0.000000 -0.545152 
3159 0.000000 -0.558526 
3160 0.000000 -0.571853 
3161 0.000000 -0.585133 
3162 0.000000 -0.598364 
3163 0.000000 -0.611547 
3164 0.000000 -0.624678 
3165 0.000000 -0.637758 
3166 0.000000 -0.650785 
3167 0.000000 -0.663759 
3168 0.000000 -0.676678 
3169 0.000000 -0.689540 
3170 0.000000 -0.702346 
3171 0.000000 -0.715094 
3172 0.000000 -0.727782 
3173 0.000000 -0.740411 
3174 0.000000 -0.752978 
3175 0.000000 -0.765483 
3176 0.000000 -0.777925 
3177 0.000000 -0.790302 
3178 0.000000 -0.802614 
3179 0.000000 -0.814860 
3180 0.000000 -0.827039 
3181 0.000000 -0.839149 
3182 0.000000 -0.851190 
3183 0.000000 -0.863160 
3184 0.000000 -0.875059 
3185 0.000000 -0.886886 
3186 0.000000 -0.898639 
3187 0.000000 -0.910319 
3188 0.000000 -0.921923 
3189 0.000000 -0.933450 
3190 0.000000 -0.944901 
3191 0.000000 -0.956274 
3192 0.000000 -0.967567 
3193 0.000000 -0.978781 
3194 0.000000 -0.989913 
3195 0.000000 -1.000964 
3196 0.000000 -1.011932 
3197 0.000000 -1.022817 
3198 0.000000 -1.033617 
3199 0.000000 -1.044331 
3200 0.000000 -1.054960 
3201 0.000000 -1.065501 
3202 0.000000 -1.075954 
3203 0.000000 -1.086318 
3204 0.000000 -1.096592 
3205 0.000000 -1.106776 
3206 0.000000 -1.116868 
3207 0.000000 -1.126868 
3208 0.000000 -1.136775 
3209 0.000000 -1.146588 
3210 0.000000 -1.156306 
3211 0.000000 -1.165928 
3212 0.000000 -1.175454 
3213 0.000000 -1.184883 
3214 0.000000 -1.194214 
3215 0.000000 -1.203447 
3216 0.000000 -1.212580 
3217 0.000000 -1.221613 
3218 0.000000 -1.230544 
3219 0.000000 -1.239374 
3220 0.000000 -1.248102 
3221 0.000000 -1.256727 
3222 0.000000 -1.265247 
3223 0.000000 -1.273663 
3224 0.000000 -1.281974 
3225 0.000000 -1.290179 
3226 0.000000 -1.298277 
3227 0.000000 -1.306268 
3228 0.000000 -1.314151 
3229 0.000000 -1.321925 
3230 0.000000 -1.329591 
3231 0.000000 -1.337146 
3232 0.000000 -1.344590 
3233 0.000000 -1.351924 
3234 0.000000 -1.359146 
3235 0.000000 -1.366256 
3236 0.000000 -1.373252 
3237 0.000000 -1.380135 
3238 0.000000 -1.386904 
3239 0.000000 -1.393559 
3240 0.000000 -1.400098 
3241 0.000000 -1.406522 
3242 0.000000 -1.412829 
3243 0.000000 -1.419020 
3244 0.000000 -1.425093 
3245 0.000000 -1.431049 
3246 0.000000 -1.436886 
3247 0.000000 -1.442604 
3248 0.000000 -1.448204 
3249 0.000000 -1.453683 
3250 0.000000 -1.459043 
3251 0.000000 -1.464282 
3252 0.000000 -1.469400 
3253 0.000000 -1.474396 
3254 0.000000 -1.479271 
3255 0.000000 -1.484023 
3256 0.000000 -1.488653 
3257 0.000000 -1.493159 
3258 0.000000 -1.497543 
3259 0.000000 -1.501802 
3260 0.000000 -1.505938 
3261 0.000000 -1.509949 
3262 0.000000 -1.513835 
3263 0.000000 -1.517596 
3264 0.000000 -1.521231 
3265 0.000000 -1.524741 
3266 0.000000 -1.528125 
3267 0.000000 -1.531383 
3268 0.000000 -1.534514 
3269 0.000000 -1.537518 
3270 0.000000 -1.540395 
3271 0.000000 -1.543145 
3272 0.000000 -1.545767 
3273 0.000000 -1.548262 
3274 0.000000 -1.550628 
3275 0.000000 -1.552867 
3276 0.000000 -1.554977 
3277 0.000000 -1.556959 
3278 0.000000 -1.558812 
3279 0.000000 -1.560536 
3280 0.000000 -1.562131 
3281 0.000000 -1.563597 
3282 0.000000 -1.564934 
3283 0.000000 -1.566141 
3284 0.000000 -1.567219 
3285 0.000000 -1.568168 
3286 0.000000 -1.568987 
3287 0.000000 -1.569676 
3288 0.000000 -1.570236 
3289 0.000000 -1.570665 
3290 0.000000 -1.570965 
3291 0.000000 -1.571136 
3292 0.000000 -1.571176 
3293 0.000000 -1.571086 
3294 0.000000 -1.570867 
3295 0.000000 -1.570518 
3296 0.000000 -1.570039 
3297 0.000000 -1.569430 
3298 0.000000 -1.568691 
3299 0.000000 -1.567823 
3300 0.000000 -1.566826 
3301 0.000000 -1.565698 
3302 0.000000 -1.564442 
3303 0.000000 -1.563056 
3304 0.000000 -1.561541 
3305 0.000000 -1.559897 
3306 0.000000 -1.558124 
3307 0.000000 -1.556222 
3308 0.000000 -1.554192 
3309 0.000000 -1.552033 
3310 0.000000 -1.549746 
3311 0.000000 -1.547331 
3312 0.000000 -1.544788 
3313 0.000000 -1.542117 
3314 0.000000 -1.539319 
3315 0.000000 -1.536393 
3316 0.000000 -1.533341 
3317 0.000000 -1.530162 
3318 0.000000 -1.526856 
3319 0.000000 -1.523425 
3320 0.000000 -1.519867 
3321 0.000000 -1.516184 
3322 0.000000 -1.512375 
3323 0.000000 -1.508442 
3324 0.000000 -1.504383 
3325 0.000000 -1.500201 
3326 0.000000 -1.495894 
3327 0.000000 -1.491464 
3328 0.000000 -1.486911 
3329 0.000000 -1.482235 
3330 0.000000 -1.477436 
3331 0.000000 -1.472515 
3332 0.000000 -1.467472 
3333 0.000000 -1.462309 
3334 0.000000 -1.457024 
3335 0.000000 -1.451619 
3336 0.000000 -1.446094 
3337 0.000000 -1.440449 
3338 0.000000 -1.434686 
3339 0.000000 -1.428803 
3340 0.000000 -1.422803 
3341 0.000000 -1.416685 
3342 0.000000 -1.410450 
3343 0.000000 -1.404099 
3344 0.000000 -1.397631 
3345 0.000000 -1.391048 
3346 0.000000 -1.384350 
3347 0.000000 -1.377538 
3348 0.000000 -1.370611 
3349 0.000000 -1.363572 
3350 0.000000 -1.356420 
3351 0.000000 -1.349155 
3352 0.000000 -1.341779 
3353 0.000000 -1.334293 
3354 0.000000 -1.326696 
3355 0.000000 -1.318989 
3356 0.000000 -1.311173 
3357 0.000000 -1.303249 
3358 0.000000 -1.295218 
3359 0.000000 -1.287079 
3360 0.000000 -1.278834 
3361 0.000000 -1.270483 
3362 0.000000 -1.262027 
3363 0.000000 -1.253467 
3364 0.000000 -1.244803 
3365 0.000000 -1.236037 
3366 0.000000 -1.227168 
3367 0.000000 -1.218198 
3368 0.000000 -1.209127 
3369 0.000000 -1.199956 
3370 0.000000 -1.190686 
3371 0.000000 -1.181318 
3372 0.000000 -1.171852 
3373 0.000000 -1.162289 
3374 0.000000 -1.152630 
3375 0.000000 -1.142876 
3376 0.000000 -1.133028 
3377 0.000000 -1.123085 
3378 0.000000 -1.113050 
3379 0.000000 -1.102923 
3380 0.000000 -1.092705 
3381 0.000000 -1.082397 
3382 0.000000 -1.071999 
3383 0.000000 -1.061512 
3384 0.000000 -1.050938 
3385 0.000000 -1.040277 
3386 0.000000 -1.029530 
3387 0.000000 -1.018698 
3388 0.000000 -1.007781 
3389 0.000000 -0.996782 
3390 0.000000 -0.985700 
3391 0.000000 -0.974536 
3392 0.000000 -0.963292 
3393 0.000000 -0.951969 
3394 0.000000 -0.940566 
3395 0.000000 -0.929086 
3396 0.000000 -0.917530 
3397 0.000000 -0.905897 
3398 0.000000 -0.894189 
3399 0.000000 -0.882408 
3400 0.000000 -0.870554 
3401 0.000000 -0.858627 
3402 0.000000 -0.846630 
3403 0.000000 -0.834563 
3404 0.000000 -0.822427 
3405 0.000000 -0.810223 
3406 0.000000 -0.797952 
3407 0.000000 -0.785614 
3408 0.000000 -0.773212 
3409 0.000000 -0.760747 
3410 0.000000 -0.748218 
3411 0.000000 -0.735627 
3412 0.000000 -0.722976 
3413 0.000000 -0.710265 
3414 0.000000 -0.697495 
3415 0.000000 -0.684667 
3416 0.000000 -0.671783 
3417 0.000000 -0.658844 
3418 0.000000 -0.645850 
3419 0.000000 -0.632802 
3420 0.000000 -0.619703 
3421 0.000000 -0.606552 
3422 0.000000 -0.593351 
3423 0.000000 -0.580101 
3424 0.000000 -0.566803 
3425 0.000000 -0.553458 
3426 0.000000 -0.540067 
3427 0.000000 -0.526632 
3428 0.000000 -0.513153 
3429 0.000000 -0.499632 
3430 0.000000 -0.486070 
3431 0.000000 -0.472467 
3432 0.000000 -0.458825 
3433 0.000000 -0.445146 
3434 0.000000 -0.431429 
3435 0.000000 -0.417677 
3436 0.000000 -0.403891 
3437 0.000000 -0.390071 
3438 0.000000 -0.376219 
3439 0.000000 -0.362335 
3440 0.000000 -0.348422 
3441 0.000000 -0.334480 
3442 0.000000 -0.320510 
3443 0.000000 -0.306514 
3444 0.000000 -0.292493 
3445 0.000000 -0.278447 
3446 0.000000 -0.264378 
3447 0.000000 -0.250288 
3448 0.000000 -0.236177 
3449 0.000000 -0.222046 
3450 0.000000 -0.207897 
3451 0.000000 -0.193731 
3452 0.000000 -0.179548 
3453 0.000000 -0.165351 
3454 0.000000 -0.151141 
3455 0.000000 -0.136917 
3456 0.000000 -0.122683 
3457 0.000000 -0.108438 
3458 0.000000 -0.094184 
3459 0.000000 -0.079923 
3460 0.000000 -0.065655 
3461 0.000000 -0.051381 
3462 0.000000 -0.037104 
3463 0.000000 -0.022823 
3464 0.000000 -0.008540 
3465 0.000000 0.005743 
3466 0.000000 0.020026 
3467 0.000000 0.034307 
3468 0.000000 0.048586 
3469 0.000000 0.062860 
3470 0.000000 0.077129 
3471 0.000000 0.091392 
3472 0.000000 0.105647 
3473 0.000000 0.119894 
3474 0.000000 0.134131 
3475 0.000000 0.148356 
3476 0.000000 0.162569 
3477 0.000000 0.176769 
3478 0.000000 0.190955 
3479 0.000000 0.205124 
3480 0.000000 0.219277 
3481 0.000000 0.233411 
3482 0.000000 0.247526 
3483 0.000000 0.261621 
3484 0.000000 0.275694 
3485 0.000000 0.289744 
3486 0.000000 0.303770 
3487 0.000000 0.317771 
3488 0.000000 0.331746 
3489 0.000000 0.345694 
3490 0.000000 0.359613 
3491 0.000000 0.373502 
3492 0.000000 0.387360 
3493 0.000000 0.401187 
3494 0.000000 0.414980 
3495 0.000000 0.428739 
3496 0.000000 0.442462 
3497 0.000000 0.456149 
3498 0.000000 0.469798 
3499 0.000000 0.483409 
3500 0.000000 0.496979 
3501 0.000000 0.510508 
3502 0.000000 0.523996 
3503 0.000000 0.537439 
3504 0.000000 0.550839 
3505 0.000000 0.564193 
3506 0.000000 0.577500 
3507 0.000000 0.590760 
3508 0.000000 0.603970 
3509 0.000000 0.617131 
3510 0.000000 0.630241 
3511 0.000000 0.643299 
3512 0.000000 0.656303 
3513 0.000000 0.669254 
3514 0.000000 0.682149 
3515 0.000000 0.694987 
3516 0.000000 0.707769 
3517 0.000000 0.720491 
3518 0.000000 0.733154 
3519 0.000000 0.745757 
3520 0.000000 0.758298 
3521 0.000000 0.770776 
3522 0.000000 0.783191 
3523 0.000000 0.795541 
3524 0.000000 0.807825 
3525 0.000000 0.820042 
3526 0.000000 0.832192 
3527 0.000000 0.844272 
3528 0.000000 0.856283 
3529 0.000000 0.868224 
3530 0.000000 0.880092 
3531 0.000000 0.891888 
3532 0.000000 0.903610 
3533 0.000000 0.915257 
3534 0.000000 0.926829 
3535 0.000000 0.938324 
3536 0.000000 0.949742 
3537 0.000000 0.961081 
3538 0.000000 0.972341 
3539 0.000000 0.983520 
3540 0.000000 0.994618 
3541 0.000000 1.005634 
3542 0.000000 1.016567 
3543 0.000000 1.027415 
3544 0.000000 1.038179 
3545 0.000000 1.048857 
3546 0.000000 1.059448 
3547 0.000000 1.069952 
3548 0.000000 1.080367 
3549 0.000000 1.090694 
3550 0.000000 1.100929 
3551 0.000000 1.111074 
3552 0.000000 1.121127 
3553 0.000000 1.131088 
3554 0.000000 1.140955 
3555 0.000000 1.150728 
3556 0.000000 1.160405 
3557 0.000000 1.169987 
3558 0.000000 1.179472 
3559 0.000000 1.188859 
3560 0.000000 1.198149 
3561 0.000000 1.207339 
3562 0.000000 1.216429 
3563 0.000000 1.225419 
3564 0.000000 1.234308 
3565 0.000000 1.243094 
3566 0.000000 1.251778 
3567 0.000000 1.260359 
3568 0.000000 1.268835 
3569 0.000000 1.277207 
3570 0.000000 1.285472 
3571 0.000000 1.293632 
3572 0.000000 1.301685 
3573 0.000000 1.309630 
3574 0.000000 1.317467 
3575 0.000000 1.325195 
3576 0.000000 1.332814 
3577 0.000000 1.340322 
3578 0.000000 1.347719 
3579 0.000000 1.355006 
3580 0.000000 1.362180 
3581 0.000000 1.369242 
3582 0.000000 1.376190 
3583 0.000000 1.383025 
3584 0.000000 1.389745 
3585 0.000000 1.396351 
3586 0.000000 1.402841 
3587 0.000000 1.409215 
3588 0.000000 1.415473 
3589 0.000000 1.421614 
3590 0.000000 1.427637 
3591 0.000000 1.433543 
3592 0.000000 1.439330 
3593 0.000000 1.444998 
3594 0.000000 1.450546 
3595 0.000000 1.455975 
3596 0.000000 1.461283 
3597 0.000000 1.466471 
3598 0.000000 1.471537 
3599 0.000000 1.476482 
3600 0.000000 1.481305 
3601 0.000000 1.486005 
3602 0.000001 1.490582 
3603 0.000001 1.495037 
3604 0.000001 1.499367 
3605 0.000001 1.503574 
3606 0.000001 1.507657 
3607 0.000001 1.511615 
3608 0.000001 1.515448 
3609 0.000001 1.519156 
3610 0.000001 1.522738 
3611 0.000001 1.526194 
3612 0.000001 1.529524 
3613 0.000001 1.532728 
3614 0.000001 1.535805 
3615 0.000001 1.538756 
3616 0.000001 1.541579 
3617 0.000001 1.544275 
3618 0.000001 1.546843 
3619 0.000001 1.549283 
3620 0.000001 1.551595 
3621 0.000001 1.553779 
3622 0.000001 1.555835 
3623 0.000001 1.557762 
3624 0.000001 1.559560 
3625 0.000001 1.561229 
3626 0.000002 1.562769 
3627 0.000002 1.564181 
3628 0.000002 1.565463 
3629 0.000002 1.566615 
3630 0.000002 1.567638 
3631 0.000002 1.568532 
3632 0.000002 1.569295 
3633 0.000002 1.569930 
3634 0.000002 1.570434 
3635 0.000002 1.570809 
3636 0.000002 1.571054 
3637 0.000003 1.571168 
3638 0.000003 1.571154 
3639 0.000003 1.571009 
3640 0.000003 1.570734 
3641 0.000003 1.570330 
3642 0.000003 1.569796 
3643 0.000003 1.569132 
3644 0.000003 1.568338 
3645 0.000004 1.567415 
3646 0.000004 1.566363 
3647 0.000004 1.565180 
3648 0.000004 1.563869 
3649 0.000004 1.562428 
3650 0.000004 1.560858 
3651 0.000005 1.559159 
3652 0.000005 1.557332 
3653 0.000005 1.555375 
3654 0.000005 1.553290 
3655 0.000006 1.551077 
3656 0.000006 1.548735 
3657 0.000006 1.546266 
3658 0.000006 1.543669 
3659 0.000007 1.540944 
3660 0.000007 1.538091 
3661 0.000007 1.535112 
3662 0.000008 1.532006 
3663 0.000008 1.528773 
3664 0.000008 1.525414 
3665 0.000009 1.521929 
3666 0.000009 1.518318 
3667 0.000009 1.514581 
3668 0.000010 1.510719 
3669 0.000010 1.506733 
3670 0.000011 1.502622 
3671 0.000011 1.498387 
3672 0.000011 1.494028 
3673 0.000012 1.489545 
3674 0.000012 1.484939 
3675 0.000013 1.480211 
3676 0.000014 1.475360 
3677 0.000014 1.470388 
3678 0.000015 1.465294 
3679 0.000015 1.460078 
3680 0.000016 1.454742 
3681 0.000017 1.449286 
3682 0.000017 1.443710 
3683 0.000018 1.438015 
3684 0.000019 1.432201 
3685 0.000020 1.426269 
3686 0.000021 1.420218 
3687 0.000021 1.414051 
3688 0.000022 1.407766 
3689 0.000023 1.401365 
3690 0.000024 1.394849 
3691 0.000025 1.388217 
3692 0.000026 1.381470 
3693 0.000027 1.374609 
3694 0.000029 1.367635 
3695 0.000030 1.360547 
3696 0.000031 1.353347 
3697 0.000032 1.346035 
3698 0.000034 1.338612 
3699 0.000035 1.331079 
3700 0.000036 1.323435 
3701 0.000038 1.315682 
3702 0.000039 1.307820 
3703 0.000041 1.299851 
3704 0.000043 1.291773 
3705 0.000044 1.283589 
3706 0.000046 1.275299 
3707 0.000048 1.266904 
3708 0.000050 1.258403 
3709 0.000052 1.249799 
3710 0.000054 1.241092 
3711 0.000056 1.232282 
3712 0.000059 1.223370 
3713 0.000061 1.214357 
3714 0.000063 1.205243 
3715 0.000066 1.196030 
3716 0.000069 1.186719 
3717 0.000071 1.177309 
3718 0.000074 1.167801 
3719 0.000077 1.158198 
3720 0.000080 1.148498 
3721 0.000083 1.138704 
3722 0.000087 1.128816 
3723 0.000090 1.118834 
3724 0.000094 1.108760 
3725 0.000097 1.098594 
3726 0.000101 1.088337 
3727 0.000105 1.077991 
3728 0.000109 1.067555 
3729 0.000114 1.057031 
3730 0.000118 1.046420 
3731 0.000123 1.035722 
3732 0.000127 1.024939 
3733 0.000132 1.014071 
3734 0.000138 1.003119 
3735 0.000143 0.992084 
3736 0.000148 0.980967 
3737 0.000154 0.969770 
3738 0.000160 0.958492 
3739 0.000166 0.947134 
3740 0.000173 0.935699 
3741 0.000179 0.924186 
3742 0.000186 0.912597 
3743 0.000193 0.900933 
3744 0.000200 0.889194 
3745 0.000208 0.877381 
3746 0.000216 0.865496 
3747 0.000224 0.853539 
3748 0.000233 0.841512 
3749 0.000241 0.829416 
3750 0.000250 0.817251 
3751 0.000260 0.805018 
3752 0.000270 0.792719 
3753 0.000280 0.780354 
3754 0.000290 0.767925 
3755 0.000301 0.755432 
3756 0.000312 0.742877 
3757 0.000324 0.730260 
3758 0.000336 0.717583 
3759 0.000348 0.704847 
3760 0.000361 0.692053 
3761 0.000374 0.679201 
3762 0.000388 0.666293 
3763 0.000402 0.653330 
3764 0.000417 0.640314 
3765 0.000432 0.627244 
3766 0.000448 0.614122 
3767 0.000464 0.600950 
3768 0.000481 0.587728 
3769 0.000499 0.574457 
3770 0.000517 0.561139 
3771 0.000536 0.547775 
3772 0.000555 0.534365 
3773 0.000575 0.520911 
3774 0.000596 0.507414 
3775 0.000617 0.493876 
3776 0.000639 0.480296 
3777 0.000662 0.466677 
3778 0.000686 0.453019 
3779 0.000710 0.439323 
3780 0.000735 0.425592 
3781 0.000761 0.411825 
3782 0.000788 0.398024 
3783 0.000816 0.384190 
3784 0.000845 0.370325 
3785 0.000875 0.356428 
3786 0.000905 0.342503 
3787 0.000937 0.328549 
3788 0.000970 0.314568 
3789 0.001004 0.300561 
3790 0.001039 0.286529 
3791 0.001075 0.272473 
3792 0.001112 0.258395 
3793 0.001151 0.244296 
3794 0.001191 0.230176 
3795 0.001232 0.216038 
3796 0.001274 0.201881 
3797 0.001318 0.187708 
3798 0.001363 0.173519 
3799 0.001410 0.159316 
3800 0.001458 0.145100 
3801 0.001508 0.130872 
3802 0.001559 0.116633 
3803 0.001612 0.102384 
3804 0.001666 0.088127 
3805 0.001723 0.073863 
3806 0.001781 0.059592 
3807 0.001841 0.045317 
3808 0.001903 0.031037 
3809 0.001966 0.016756 
3810 0.002032 0.002473 
3811 0.002100 -0.011811 
3812 0.002170 -0.026093 
3813 0.002242 -0.040373 
3814 0.002317 -0.054650 
3815 0.002394 -0.068922 
3816 0.002473 -0.083189 
3817 0.002554 -0.097449 
3818 0.002638 -0.111701 
3819 0.002725 -0.125943 
3820 0.002814 -0.140175 
3821 0.002906 -0.154396 
3822 0.003001 -0.168603 
3823 0.003099 -0.182797 
3824 0.003200 -0.196976 
3825 0.003303 -0.211138 
3826 0.003410 -0.225283 
3827 0.003521 -0.239410 
3828 0.003634 -0.253516 
3829 0.003751 -0.267602 
3830 0.003871 -0.281665 
3831 0.003995 -0.295705 
3832 0.004123 -0.309721 
3833 0.004254 -0.323711 
3834 0.004390 -0.337675 
3835 0.004529 -0.351610 
3836 0.004672 -0.365517 
3837 0.004820 -0.379393 
3838 0.004972 -0.393238 
3839 0.005128 -0.407050 
3840 0.005289 -0.420829 
3841 0.005455 -0.434573 
3842 0.005626 -0.448281 
3843 0.005801 -0.461952 
3844 0.005982 -0.475585 
3845 0.006167 -0.489178 
3846 0.006358 -0.502732 
3847 0.006555 -0.516243 
3848 0.006757 -0.529712 
3849 0.006965 -0.543137 
3850 0.007179 -0.556517 
3851 0.007399 -0.569852 
3852 0.007625 -0.583139 
3853 0.007858 -0.596378 
3854 0.008097 -0.609567 
3855 0.008343 -0.622707 
3856 0.008595 -0.635794 
3857 0.008855 -0.648830 
3858 0.009122 -0.661811 
3859 0.009397 -0.674738 
3860 0.009679 -0.687610 
3861 0.009968 -0.700424 
3862 0.010266 -0.713180 
3863 0.010572 -0.725878 
3864 0.010887 -0.738516 
3865 0.011210 -0.751092 
3866 0.011542 -0.763607 
3867 0.011882 -0.776058 
3868 0.012232 -0.788445 
3869 0.012592 -0.800767 
3870 0.012961 -0.813023 
3871 0.013341 -0.825212 
3872 0.013730 -0.837332 
3873 0.014130 -0.849383 
3874 0.014540 -0.861364 
3875 0.014962 -0.873274 
3876 0.015394 -0.885112 
3877 0.015838 -0.896877 
3878 0.016294 -0.908567 
3879 0.016762 -0.920182 
3880 0.017242 -0.931722 
3881 0.017734 -0.943184 
3882 0.018240 -0.954568 
3883 0.018758 -0.965874 
3884 0.019290 -0.977100 
3885 0.019836 -0.988244 
3886 0.020396 -0.999308 
3887 0.020970 -1.010288 
3888 0.021559 -1.021185 
3889 0.022163 -1.031998 
3890 0.022783 -1.042726 
3891 0.023418 -1.053367 
3892 0.024069 -1.063921 
3893 0.024737 -1.074388 
3894 0.025421 -1.084765 
3895 0.026123 -1.095053 
3896 0.026842 -1.105250 
3897 0.027580 -1.115356 
3898 0.028335 -1.125370 
3899 0.029110 -1.135291 
3900 0.029903 -1.145118 
3901 0.030716 -1.154850 
3902 0.031549 -1.164487 
3903 0.032403 -1.174028 
3904 0.033277 -1.183472 
3905 0.034173 -1.192818 
3906 0.035091 -1.202065 
3907 0.036030 -1.211213 
3908 0.036993 -1.220261 
3909 0.037978 -1.229208 
3910 0.038987 -1.238053 
3911 0.040021 -1.246796 
3912 0.041079 -1.255436 
3913 0.042162 -1.263972 
3914 0.043270 -1.272404 
3915 0.044405 -1.280731 
3916 0.045567 -1.288952 
3917 0.046756 -1.297066 
3918 0.047973 -1.305073 
3919 0.049218 -1.312972 
3920 0.050492 -1.320763 
3921 0.051795 -1.328445 
3922 0.053129 -1.336017 
3923 0.054493 -1.343478 
3924 0.055889 -1.350828 
3925 0.057316 -1.358067 
3926 0.058776 -1.365194 
3927 0.060270 -1.372207 
3928 0.061797 -1.379108 
3929 0.063358 -1.385894 
3930 0.064954 -1.392566 
3931 0.066587 -1.399122 
3932 0.068256 -1.405563 
3933 0.069961 -1.411888 
3934 0.071705 -1.418096 
3935 0.073487 -1.424187 
3936 0.075309 -1.430161 
3937 0.077170 -1.436016 
3938 0.079073 -1.441752 
3939 0.081016 -1.447369 
3940 0.083002 -1.452867 
3941 0.085031 -1.458245 
3942 0.087104 -1.463502 
3943 0.089221 -1.468638 
3944 0.091383 -1.473653 
3945 0.093592 -1.478545 
3946 0.095848 -1.483316 
3947 0.098151 -1.487964 
3948 0.100503 -1.492490 
3949 0.102904 -1.496891 
3950 0.105356 -1.501170 
3951 0.107859 -1.505324 
3952 0.110414 -1.509353 
3953 0.113022 -1.513258 
3954 0.115684 -1.517038 
3955 0.118401 -1.520693 
3956 0.121173 -1.524221 
3957 0.124002 -1.527624 
3958 0.126889 -1.530901 
3959 0.129834 -1.534051 
3960 0.132838 -1.537074 
3961 0.135903 -1.539971 
3962 0.139029 -1.542740 
3963 0.142218 -1.545381 
3964 0.145470 -1.547895 
3965 0.148787 -1.550281 
3966 0.152168 -1.552539 
3967 0.155617 -1.554668 
3968 0.159133 -1.556669 
3969 0.162717 -1.558541 
3970 0.166371 -1.560285 
3971 0.170095 -1.561899 
3972 0.173892 -1.563385 
3973 0.177761 -1.564741 
3974 0.181704 -1.565968 
3975 0.185722 -1.567065 
3976 0.189816 -1.568033 
3977 0.193988 -1.568872 
3978 0.198238 -1.569581 
3979 0.202567 -1.570160 
3980 0.206977 -1.570609 
3981 0.211469 -1.570929 
3982 0.216044 -1.571118 
3983 0.220703 -1.571178 
3984 0.225448 -1.571108 
3985 0.230279 -1.570908 
3986 0.235198 -1.570578 
3987 0.240206 -1.570119 
3988 0.245304 -1.569530 
3989 0.250493 -1.568811 
3990 0.255776 -1.567962 
3991 0.261152 -1.566984 
3992 0.266623 -1.565876 
3993 0.272191 -1.564639 
3994 0.277856 -1.563273 
3995 0.283620 -1.561777 
3996 0.289484 -1.560152 
3997 0.295450 -1.558399 
3998 0.301519 -1.556516 
3999 0.307691 -1.554505 
4000 0.313969 -1.552366 
