0 0.000000 -1.032358 
1 0.000000 -1.035517 
2 0.000000 -1.038481 
3 0.000000 -1.041247 
4 0.000000 -1.043816 
5 0.000000 -1.046185 
6 0.000000 -1.048353 
7 0.000000 -1.050321 
8 0.000000 -1.052085 
9 0.000000 -1.053647 
10 0.000000 -1.055004 
11 0.000000 -1.056156 
12 0.000000 -1.057102 
13 0.000000 -1.057841 
14 0.000000 -1.058372 
15 0.000000 -1.058695 
16 0.000000 -1.058809 
17 0.000000 -1.058713 
18 0.000000 -1.058407 
19 0.000000 -1.057890 
20 0.000000 -1.057161 
21 0.000000 -1.056221 
22 0.000000 -1.055068 
23 0.000000 -1.053702 
24 0.000000 -1.052123 
25 0.000000 -1.050331 
26 0.000000 -1.048325 
27 0.000000 -1.046105 
28 0.000000 -1.043671 
29 0.000000 -1.041023 
30 0.000000 -1.038160 
31 0.000000 -1.035084 
32 0.000000 -1.031793 
33 0.000000 -1.028288 
34 0.000000 -1.024568 
35 0.000000 -1.020635 
36 0.000000 -1.016489 
37 0.000000 -1.012129 
38 0.000000 -1.007556 
39 0.000000 -1.002771 
40 0.000000 -0.997773 
41 0.000000 -0.992563 
42 0.000000 -0.987143 
43 0.000000 -0.981512 
44 0.000000 -0.975671 
45 0.000000 -0.969620 
46 0.000000 -0.963362 
47 0.000000 -0.956895 
48 0.000000 -0.950222 
49 0.000000 -0.943343 
50 0.000000 -0.936258 
51 0.000000 -0.928970 
52 0.000000 -0.921479 
53 0.000000 -0.913786 
54 0.000000 -0.905892 
55 0.000000 -0.897799 
56 0.000000 -0.889508 
57 0.000000 -0.881019 
58 0.000000 -0.872335 
59 0.000000 -0.863458 
60 0.000000 -0.854387 
61 0.000000 -0.845125 
62 0.000000 -0.835674 
63 0.000000 -0.826035 
64 0.000000 -0.816209 
65 0.000000 -0.806199 
66 0.000000 -0.796006 
67 0.000000 -0.785632 
68 0.000000 -0.775078 
69 0.000000 -0.764348 
70 0.000000 -0.753442 
71 0.000000 -0.742362 
72 0.000000 -0.731111 
73 0.000000 -0.719691 
74 0.000000 -0.708104 
75 0.000000 -0.696352 
76 0.000000 -0.684436 
77 0.000000 -0.672361 
78 0.000000 -0.660127 
79 0.000000 -0.647736 
80 0.000000 -0.635193 
81 0.000000 -0.622498 
82 0.000000 -0.609654 
83 0.000000 -0.596663 
84 0.000000 -0.583529 
85 0.000000 -0.570254 
86 0.000000 -0.556839 
87 0.000001 -0.543289 
88 0.000001 -0.529605 
89 0.000001 -0.515790 
90 0.000001 -0.501847 
91 0.000001 -0.487779 
92 0.000001 -0.473587 
93 0.000001 -0.459276 
94 0.000001 -0.444848 
95 0.000001 -0.430305 
96 0.000001 -0.415651 
97 0.000001 -0.400888 
98 0.000001 -0.386019 
99 0.000001 -0.371047 
100 0.000001 -0.355976 
101 0.000001 -0.340808 
102 0.000001 -0.325545 
103 0.000001 -0.310192 
104 0.000001 -0.294750 
105 0.000001 -0.279224 
106 0.000001 -0.263615 
107 0.000001 -0.247928 
108 0.000001 -0.232165 
109 0.000001 -0.216328 
110 0.000001 -0.200422 
111 0.000001 -0.184449 
112 0.000001 -0.168413 
113 0.000001 -0.152316 
114 0.000001 -0.136161 
115 0.000002 -0.119952 
116 0.000002 -0.103691 
117 0.000002 -0.087382 
118 0.000002 -0.071028 
119 0.000002 -0.054632 
120 0.000002 -0.038197 
121 0.000002 -0.021725 
122 0.000002 -0.005221 
123 0.000002 0.011313 
124 0.000002 0.027873 
125 0.000002 0.044458 
126 0.000002 0.061063 
127 0.000002 0.077686 
128 0.000003 0.094323 
129 0.000003 0.110972 
130 0.000003 0.127629 
131 0.000003 0.144293 
132 0.000003 0.160958 
133 0.000003 0.177624 
134 0.000003 0.194286 
135 0.000003 0.210942 
136 0.000003 0.227589 
137 0.000004 0.244225 
138 0.000004 0.260845 
139 0.000004 0.277447 
140 0.000004 0.294030 
141 0.000004 0.310588 
142 0.000004 0.327121 
143 0.000004 0.343625 
144 0.000005 0.360097 
145 0.000005 0.376535 
146 0.000005 0.392936 
147 0.000005 0.409298 
148 0.000005 0.425617 
149 0.000006 0.441891 
150 0.000006 0.458118 
151 0.000006 0.474294 
152 0.000006 0.490419 
153 0.000006 0.506488 
154 0.000007 0.522499 
155 0.000007 0.538451 
156 0.000007 0.554340 
157 0.000007 0.570165 
158 0.000008 0.585923 
159 0.000008 0.601611 
160 0.000008 0.617227 
161 0.000009 0.632770 
162 0.000009 0.648236 
163 0.000009 0.663624 
164 0.000010 0.678932 
165 0.000010 0.694157 
166 0.000010 0.709298 
167 0.000011 0.724351 
168 0.000011 0.739316 
169 0.000011 0.754191 
170 0.000012 0.768972 
171 0.000012 0.783659 
172 0.000013 0.798250 
173 0.000013 0.812742 
174 0.000014 0.827134 
175 0.000014 0.841424 
176 0.000015 0.855610 
177 0.000015 0.869691 
178 0.000016 0.883665 
179 0.000016 0.897530 
180 0.000017 0.911285 
181 0.000017 0.924928 
182 0.000018 0.938458 
183 0.000019 0.951872 
184 0.000019 0.965171 
185 0.000020 0.978351 
186 0.000021 0.991412 
187 0.000022 1.004353 
188 0.000022 1.017171 
189 0.000023 1.029866 
190 0.000024 1.042437 
191 0.000025 1.054882 
192 0.000026 1.067200 
193 0.000026 1.079389 
194 0.000027 1.091449 
195 0.000028 1.103379 
196 0.000029 1.115177 
197 0.000030 1.126843 
198 0.000031 1.138375 
199 0.000033 1.149773 
200 0.000034 1.161034 
201 0.000035 1.172160 
202 0.000036 1.183148 
203 0.000037 1.193997 
204 0.000039 1.204708 
205 0.000040 1.215278 
206 0.000041 1.225708 
207 0.000043 1.235997 
208 0.000044 1.246143 
209 0.000046 1.256146 
210 0.000047 1.266005 
211 0.000049 1.275721 
212 0.000051 1.285291 
213 0.000052 1.294716 
214 0.000054 1.303995 
215 0.000056 1.313127 
216 0.000058 1.322112 
217 0.000060 1.330949 
218 0.000062 1.339639 
219 0.000064 1.348179 
220 0.000066 1.356571 
221 0.000068 1.364813 
222 0.000071 1.372905 
223 0.000073 1.380848 
224 0.000076 1.388639 
225 0.000078 1.396280 
226 0.000081 1.403769 
227 0.000083 1.411108 
228 0.000086 1.418294 
229 0.000089 1.425328 
230 0.000092 1.432211 
231 0.000095 1.438940 
232 0.000098 1.445518 
233 0.000101 1.451942 
234 0.000105 1.458214 
235 0.000108 1.464332 
236 0.000112 1.470298 
237 0.000116 1.476110 
238 0.000119 1.481769 
239 0.000123 1.487274 
240 0.000127 1.492626 
241 0.000131 1.497825 
242 0.000136 1.502870 
243 0.000140 1.507761 
244 0.000145 1.512499 
245 0.000150 1.517083 
246 0.000154 1.521514 
247 0.000159 1.525792 
248 0.000165 1.529916 
249 0.000170 1.533887 
250 0.000175 1.537705 
251 0.000181 1.541369 
252 0.000187 1.544881 
253 0.000193 1.548240 
254 0.000199 1.551446 
255 0.000205 1.554500 
256 0.000212 1.557401 
257 0.000219 1.560150 
258 0.000226 1.562747 
259 0.000233 1.565192 
260 0.000240 1.567485 
261 0.000248 1.569627 
262 0.000256 1.571618 
263 0.000264 1.573458 
264 0.000272 1.575147 
265 0.000281 1.576686 
266 0.000290 1.578074 
267 0.000299 1.579313 
268 0.000308 1.580402 
269 0.000318 1.581341 
270 0.000328 1.582132 
271 0.000338 1.582774 
272 0.000349 1.583267 
273 0.000360 1.583612 
274 0.000371 1.583810 
275 0.000382 1.583860 
276 0.000394 1.583763 
277 0.000406 1.583519 
278 0.000419 1.583129 
279 0.000432 1.582593 
280 0.000445 1.581911 
281 0.000459 1.581084 
282 0.000473 1.580113 
283 0.000487 1.578997 
284 0.000502 1.577737 
285 0.000518 1.576333 
286 0.000533 1.574786 
287 0.000550 1.573097 
288 0.000566 1.571265 
289 0.000583 1.569292 
290 0.000601 1.567177 
291 0.000619 1.564921 
292 0.000638 1.562525 
293 0.000657 1.559988 
294 0.000677 1.557313 
295 0.000697 1.554498 
296 0.000718 1.551545 
297 0.000740 1.548454 
298 0.000762 1.545225 
299 0.000785 1.541860 
300 0.000808 1.538358 
301 0.000832 1.534720 
302 0.000857 1.530946 
303 0.000882 1.527038 
304 0.000908 1.522996 
305 0.000935 1.518819 
306 0.000963 1.514510 
307 0.000991 1.510068 
308 0.001020 1.505494 
309 0.001050 1.500789 
310 0.001081 1.495952 
311 0.001113 1.490986 
312 0.001145 1.485890 
313 0.001179 1.480664 
314 0.001213 1.475311 
315 0.001248 1.469829 
316 0.001284 1.464220 
317 0.001321 1.458485 
318 0.001360 1.452624 
319 0.001399 1.446637 
320 0.001439 1.440526 
321 0.001481 1.434291 
322 0.001523 1.427933 
323 0.001567 1.421452 
324 0.001611 1.414849 
325 0.001657 1.408125 
326 0.001705 1.401280 
327 0.001753 1.394315 
328 0.001803 1.387231 
329 0.001854 1.380029 
330 0.001907 1.372709 
331 0.001960 1.365272 
332 0.002016 1.357719 
333 0.002072 1.350050 
334 0.002131 1.342266 
335 0.002191 1.334368 
336 0.002252 1.326357 
337 0.002315 1.318234 
338 0.002379 1.309998 
339 0.002446 1.301652 
340 0.002514 1.293195 
341 0.002583 1.284629 
342 0.002655 1.275955 
343 0.002728 1.267172 
344 0.002804 1.258283 
345 0.002881 1.249287 
346 0.002960 1.240186 
347 0.003041 1.230980 
348 0.003125 1.221671 
349 0.003210 1.212259 
350 0.003298 1.202745 
351 0.003388 1.193129 
352 0.003480 1.183414 
353 0.003574 1.173598 
354 0.003671 1.163685 
355 0.003770 1.153673 
356 0.003872 1.143565 
357 0.003977 1.133361 
358 0.004084 1.123061 
359 0.004193 1.112668 
360 0.004306 1.102181 
361 0.004421 1.091602 
362 0.004539 1.080932 
363 0.004660 1.070171 
364 0.004784 1.059321 
365 0.004911 1.048382 
366 0.005041 1.037355 
367 0.005174 1.026242 
368 0.005311 1.015043 
369 0.005451 1.003759 
370 0.005594 0.992391 
371 0.005741 0.980941 
372 0.005891 0.969408 
373 0.006045 0.957795 
374 0.006203 0.946102 
375 0.006365 0.934330 
376 0.006530 0.922480 
377 0.006700 0.910553 
378 0.006873 0.898551 
379 0.007051 0.886473 
380 0.007233 0.874322 
381 0.007419 0.862098 
382 0.007610 0.849802 
383 0.007805 0.837435 
384 0.008005 0.824999 
385 0.008209 0.812494 
386 0.008419 0.799921 
387 0.008633 0.787282 
388 0.008852 0.774578 
389 0.009077 0.761809 
390 0.009307 0.748976 
391 0.009542 0.736082 
392 0.009782 0.723126 
393 0.010028 0.710110 
394 0.010280 0.697035 
395 0.010537 0.683902 
396 0.010801 0.670713 
397 0.011070 0.657468 
398 0.011346 0.644168 
399 0.011628 0.630814 
400 0.011916 0.617409 
401 0.012211 0.603952 
402 0.012513 0.590445 
403 0.012822 0.576889 
404 0.013137 0.563285 
405 0.013460 0.549634 
406 0.013789 0.535938 
407 0.014127 0.522197 
408 0.014471 0.508413 
409 0.014824 0.494586 
410 0.015184 0.480719 
411 0.015552 0.466812 
412 0.015929 0.452866 
413 0.016314 0.438883 
414 0.016707 0.424863 
415 0.017109 0.410808 
416 0.017520 0.396719 
417 0.017939 0.382597 
418 0.018368 0.368443 
419 0.018806 0.354258 
420 0.019254 0.340045 
421 0.019712 0.325803 
422 0.020179 0.311534 
423 0.020656 0.297239 
424 0.021144 0.282920 
425 0.021642 0.268577 
426 0.022151 0.254212 
427 0.022670 0.239826 
428 0.023201 0.225420 
429 0.023743 0.210995 
430 0.024296 0.196553 
431 0.024861 0.182095 
432 0.025438 0.167621 
433 0.026028 0.153134 
434 0.026629 0.138633 
435 0.027243 0.124122 
436 0.027870 0.109600 
437 0.028510 0.095069 
438 0.029163 0.080530 
439 0.029830 0.065984 
440 0.030510 0.051433 
441 0.031205 0.036877 
442 0.031913 0.022319 
443 0.032637 0.007758 
444 0.033374 -0.006803 
445 0.034127 -0.021363 
446 0.034896 -0.035922 
447 0.035680 -0.050478 
448 0.036479 -0.065030 
449 0.037295 -0.079576 
450 0.038127 -0.094116 
451 0.038976 -0.108648 
452 0.039842 -0.123171 
453 0.040725 -0.137684 
454 0.041625 -0.152185 
455 0.042544 -0.166674 
456 0.043480 -0.181150 
457 0.044435 -0.195610 
458 0.045409 -0.210054 
459 0.046402 -0.224481 
460 0.047414 -0.238889 
461 0.048446 -0.253277 
462 0.049499 -0.267645 
463 0.050571 -0.281991 
464 0.051664 -0.296313 
465 0.052778 -0.310610 
466 0.053914 -0.324882 
467 0.055071 -0.339128 
468 0.056251 -0.353345 
469 0.057453 -0.367533 
470 0.058678 -0.381690 
471 0.059926 -0.395816 
472 0.061197 -0.409910 
473 0.062493 -0.423969 
474 0.063812 -0.437994 
475 0.065157 -0.451982 
476 0.066526 -0.465933 
477 0.067921 -0.479845 
478 0.069342 -0.493718 
479 0.070790 -0.507550 
480 0.072264 -0.521340 
481 0.073765 -0.535087 
482 0.075293 -0.548790 
483 0.076849 -0.562447 
484 0.078434 -0.576058 
485 0.080048 -0.589621 
486 0.081691 -0.603136 
487 0.083363 -0.616600 
488 0.085066 -0.630014 
489 0.086799 -0.643376 
490 0.088563 -0.656684 
491 0.090358 -0.669939 
492 0.092186 -0.683137 
493 0.094046 -0.696280 
494 0.095938 -0.709365 
495 0.097864 -0.722391 
496 0.099824 -0.735358 
497 0.101818 -0.748263 
498 0.103847 -0.761107 
499 0.105911 -0.773888 
500 0.108011 -0.786606 
501 0.110147 -0.799258 
502 0.112320 -0.811844 
503 0.114531 -0.824363 
504 0.116779 -0.836813 
505 0.119065 -0.849195 
506 0.121390 -0.861507 
507 0.123755 -0.873747 
508 0.126160 -0.885915 
509 0.128605 -0.898010 
510 0.131091 -0.910030 
511 0.133618 -0.921976 
512 0.136188 -0.933845 
513 0.138800 -0.945637 
514 0.141456 -0.957351 
515 0.144155 -0.968986 
516 0.146899 -0.980541 
517 0.149687 -0.992014 
518 0.152521 -1.003406 
519 0.155402 -1.014715 
520 0.158328 -1.025940 
521 0.161303 -1.037080 
522 0.164325 -1.048134 
523 0.167395 -1.059102 
524 0.170515 -1.069982 
525 0.173684 -1.080774 
526 0.176903 -1.091477 
527 0.180174 -1.102089 
528 0.183496 -1.112610 
529 0.186870 -1.123039 
530 0.190297 -1.133376 
531 0.193777 -1.143619 
532 0.197311 -1.153767 
533 0.200900 -1.163820 
534 0.204544 -1.173777 
535 0.208245 -1.183636 
536 0.212001 -1.193398 
537 0.215816 -1.203062 
538 0.219688 -1.212625 
539 0.223618 -1.222089 
540 0.227608 -1.231452 
541 0.231658 -1.240713 
542 0.235768 -1.249871 
543 0.239940 -1.258926 
544 0.244173 -1.267877 
545 0.248469 -1.276723 
546 0.252829 -1.285464 
547 0.257252 -1.294099 
548 0.261740 -1.302626 
549 0.266293 -1.311046 
550 0.270912 -1.319357 
551 0.275598 -1.327560 
552 0.280352 -1.335653 
553 0.285173 -1.343635 
554 0.290063 -1.351506 
555 0.295023 -1.359266 
556 0.300053 -1.366913 
557 0.305154 -1.374448 
558 0.310326 -1.381869 
559 0.315571 -1.389175 
560 0.320889 -1.396367 
561 0.326280 -1.403443 
562 0.331746 -1.410404 
563 0.337287 -1.417247 
564 0.342904 -1.423974 
565 0.348597 -1.430583 
566 0.354368 -1.437074 
567 0.360216 -1.443446 
568 0.366143 -1.449699 
569 0.372150 -1.455831 
570 0.378237 -1.461844 
571 0.384405 -1.467736 
572 0.390654 -1.473506 
573 0.396985 -1.479155 
574 0.403399 -1.484681 
575 0.409897 -1.490085 
576 0.416480 -1.495366 
577 0.423147 -1.500523 
578 0.429901 -1.505556 
579 0.436740 -1.510464 
580 0.443667 -1.515248 
581 0.450682 -1.519907 
582 0.457786 -1.524440 
583 0.464979 -1.528846 
584 0.472261 -1.533127 
585 0.479635 -1.537281 
586 0.487100 -1.541308 
587 0.494657 -1.545207 
588 0.502306 -1.548979 
589 0.510050 -1.552623 
590 0.517887 -1.556138 
591 0.525819 -1.559525 
592 0.533847 -1.562783 
593 0.541970 -1.565912 
594 0.550191 -1.568911 
595 0.558509 -1.571781 
596 0.566925 -1.574520 
597 0.575440 -1.577130 
598 0.584054 -1.579609 
599 0.592769 -1.581958 
600 0.601584 -1.584176 
601 0.610500 -1.586263 
602 0.619518 -1.588219 
603 0.628639 -1.590044 
604 0.637864 -1.591738 
605 0.647192 -1.593299 
606 0.656624 -1.594730 
607 0.666161 -1.596028 
608 0.675804 -1.597194 
609 0.685554 -1.598229 
610 0.695409 -1.599131 
611 0.705373 -1.599901 
612 0.715444 -1.600539 
613 0.725623 -1.601045 
614 0.735912 -1.601418 
615 0.746310 -1.601660 
616 0.756818 -1.601768 
617 0.767437 -1.601744 
618 0.778166 -1.601588 
619 0.789007 -1.601300 
620 0.799961 -1.600879 
621 0.811026 -1.600326 
622 0.822205 -1.599641 
623 0.833497 -1.598823 
624 0.844903 -1.597874 
625 0.856424 -1.596792 
626 0.868059 -1.595578 
627 0.879810 -1.594233 
628 0.891676 -1.592755 
629 0.903658 -1.591146 
630 0.915756 -1.589406 
631 0.927971 -1.587534 
632 0.940303 -1.585531 
633 0.952753 -1.583397 
634 0.965321 -1.581132 
635 0.978006 -1.578737 
636 0.990810 -1.576211 
637 1.003733 -1.573554 
638 1.016774 -1.570768 
639 1.029935 -1.567852 
640 1.043216 -1.564806 
641 1.056616 -1.561631 
642 1.070136 -1.558327 
643 1.083776 -1.554894 
644 1.097537 -1.551333 
645 1.111418 -1.547643 
646 1.125420 -1.543825 
647 1.139542 -1.539880 
648 1.153786 -1.535808 
649 1.168151 -1.531609 
650 1.182636 -1.527283 
651 1.197244 -1.522831 
652 1.211972 -1.518253 
653 1.226822 -1.513549 
654 1.241793 -1.508721 
655 1.256886 -1.503768 
656 1.272100 -1.498690 
657 1.287436 -1.493489 
658 1.302893 -1.488164 
659 1.318471 -1.482716 
660 1.334170 -1.477146 
661 1.349991 -1.471454 
662 1.365932 -1.465640 
663 1.381995 -1.459705 
664 1.398178 -1.453649 
665 1.414481 -1.447473 
666 1.430905 -1.441178 
667 1.447449 -1.434763 
668 1.464113 -1.428230 
669 1.480897 -1.421579 
670 1.497800 -1.414810 
671 1.514822 -1.407924 
672 1.531963 -1.400922 
673 1.549222 -1.393805 
674 1.566599 -1.386572 
675 1.584094 -1.379224 
676 1.601706 -1.371763 
677 1.619436 -1.364188 
678 1.637281 -1.356500 
679 1.655242 -1.348701 
680 1.673319 -1.340789 
681 1.691511 -1.332767 
682 1.709817 -1.324635 
683 1.728237 -1.316394 
684 1.746771 -1.308043 
685 1.765417 -1.299585 
686 1.784175 -1.291019 
687 1.803044 -1.282346 
688 1.822024 -1.273568 
689 1.841114 -1.264684 
690 1.860314 -1.255695 
691 1.879621 -1.246603 
692 1.899037 -1.237408 
693 1.918560 -1.228111 
694 1.938189 -1.218712 
695 1.957923 -1.209212 
696 1.977762 -1.199613 
697 1.997704 -1.189914 
698 2.017749 -1.180117 
699 2.037896 -1.170222 
700 2.058143 -1.160231 
701 2.078491 -1.150144 
702 2.098937 -1.139961 
703 2.119481 -1.129685 
704 2.140121 -1.119315 
705 2.160858 -1.108853 
706 2.181688 -1.098299 
707 2.202612 -1.087654 
708 2.223629 -1.076920 
709 2.244736 -1.066096 
710 2.265933 -1.055184 
711 2.287219 -1.044185 
712 2.308592 -1.033100 
713 2.330052 -1.021930 
714 2.351596 -1.010675 
715 2.373223 -0.999336 
716 2.394933 -0.987915 
717 2.416723 -0.976412 
718 2.438593 -0.964828 
719 2.460540 -0.953165 
720 2.482564 -0.941423 
721 2.504663 -0.929603 
722 2.526835 -0.917707 
723 2.549080 -0.905734 
724 2.571394 -0.893687 
725 2.593778 -0.881566 
726 2.616229 -0.869372 
727 2.638745 -0.857106 
728 2.661325 -0.844769 
729 2.683968 -0.832362 
730 2.706671 -0.819887 
731 2.729433 -0.807344 
732 2.752253 -0.794734 
733 2.775127 -0.782059 
734 2.798056 -0.769319 
735 2.821036 -0.756515 
736 2.844066 -0.743649 
737 2.867144 -0.730721 
738 2.890269 -0.717733 
739 2.913438 -0.704685 
740 2.936649 -0.691580 
741 2.959901 -0.678417 
742 2.983192 -0.665198 
743 3.006519 -0.651924 
744 3.029880 -0.638597 
745 3.053275 -0.625216 
746 3.076700 -0.611784 
747 3.100153 -0.598301 
748 3.123632 -0.584769 
749 3.147136 -0.571189 
750 3.170663 -0.557561 
751 3.194209 -0.543887 
752 3.217773 -0.530168 
753 3.241353 -0.516406 
754 3.264946 -0.502601 
755 3.288550 -0.488754 
756 3.312164 -0.474867 
757 3.335784 -0.460940 
758 3.359409 -0.446976 
759 3.383036 -0.432974 
760 3.406663 -0.418937 
761 3.430288 -0.404865 
762 3.453908 -0.390760 
763 3.477521 -0.376622 
764 3.501125 -0.362454 
765 3.524717 -0.348255 
766 3.548295 -0.334028 
767 3.571856 -0.319772 
768 3.595398 -0.305491 
769 3.618919 -0.291184 
770 3.642416 -0.276853 
771 3.665886 -0.262500 
772 3.689328 -0.248124 
773 3.712739 -0.233729 
774 3.736116 -0.219313 
775 3.759456 -0.204880 
776 3.782758 -0.190430 
777 3.806018 -0.175964 
778 3.829235 -0.161483 
779 3.852405 -0.146989 
780 3.875527 -0.132483 
781 3.898597 -0.117966 
782 3.921613 -0.103440 
783 3.944572 -0.088904 
784 3.967472 -0.074362 
785 3.990310 -0.059813 
786 4.013084 -0.045259 
787 4.035791 -0.030702 
788 4.058428 -0.016142 
789 4.080994 -0.001581 
790 4.103484 0.012981 
791 4.125897 0.027541 
792 4.148230 0.042099 
793 4.170480 0.056654 
794 4.192645 0.071204 
795 4.214723 0.085748 
796 4.236709 0.100285 
797 4.258603 0.114814 
798 4.280400 0.129333 
799 4.302100 0.143841 
800 4.323698 0.158338 
801 4.345193 0.172821 
802 4.366581 0.187291 
803 4.387861 0.201744 
804 4.409029 0.216182 
805 4.430083 0.230601 
806 4.451020 0.245001 
807 4.471838 0.259381 
808 4.492535 0.273739 
809 4.513106 0.288075 
810 4.533551 0.302387 
811 4.553866 0.316674 
812 4.574048 0.330935 
813 4.594096 0.345169 
814 4.614007 0.359374 
815 4.633777 0.373549 
816 4.653405 0.387694 
817 4.672889 0.401806 
818 4.692225 0.415885 
819 4.711410 0.429930 
820 4.730444 0.443939 
821 4.749322 0.457912 
822 4.768043 0.471847 
823 4.786605 0.485742 
824 4.805004 0.499598 
825 4.823238 0.513412 
826 4.841305 0.527184 
827 4.859202 0.540913 
828 4.876928 0.554596 
829 4.894479 0.568234 
830 4.911854 0.581825 
831 4.929050 0.595368 
832 4.946065 0.608861 
833 4.962896 0.622304 
834 4.979541 0.635696 
835 4.995998 0.649036 
836 5.012265 0.662321 
837 5.028340 0.675552 
838 5.044219 0.688727 
839 5.059902 0.701845 
840 5.075386 0.714905 
841 5.090669 0.727906 
842 5.105748 0.740847 
843 5.120622 0.753727 
844 5.135289 0.766544 
845 5.149746 0.779298 
846 5.163992 0.791988 
847 5.178025 0.804612 
848 5.191842 0.817170 
849 5.205442 0.829660 
850 5.218823 0.842082 
851 5.231982 0.854434 
852 5.244919 0.866715 
853 5.257631 0.878925 
854 5.270117 0.891062 
855 5.282374 0.903125 
856 5.294402 0.915114 
857 5.306197 0.927027 
858 5.317759 0.938864 
859 5.329087 0.950623 
860 5.340178 0.962303 
861 5.351030 0.973904 
862 5.361643 0.985425 
863 5.372014 0.996864 
864 5.382143 1.008220 
865 5.392028 1.019493 
866 5.401667 1.030682 
867 5.411059 1.041786 
868 5.420202 1.052804 
869 5.429097 1.063735 
870 5.437740 1.074577 
871 5.446131 1.085331 
872 5.454268 1.095996 
873 5.462151 1.106570 
874 5.469778 1.117052 
875 5.477149 1.127442 
876 5.484262 1.137739 
877 5.491115 1.147941 
878 5.497709 1.158049 
879 5.504042 1.168061 
880 5.510113 1.177977 
881 5.515922 1.187795 
882 5.521467 1.197515 
883 5.526747 1.207137 
884 5.531763 1.216658 
885 5.536513 1.226079 
886 5.540996 1.235398 
887 5.545212 1.244616 
888 5.549160 1.253730 
889 5.552840 1.262741 
890 5.556251 1.271648 
891 5.559393 1.280449 
892 5.562265 1.289145 
893 5.564866 1.297734 
894 5.567197 1.306216 
895 5.569257 1.314590 
896 5.571045 1.322855 
897 5.572562 1.331011 
898 5.573807 1.339057 
899 5.574780 1.346993 
900 5.575481 1.354817 
901 5.575910 1.362529 
902 5.576066 1.370128 
903 5.575950 1.377614 
904 5.575562 1.384986 
905 5.574901 1.392244 
906 5.573969 1.399387 
907 5.572764 1.406414 
908 5.571287 1.413325 
909 5.569539 1.420119 
910 5.567519 1.426796 
911 5.565229 1.433355 
912 5.562667 1.439795 
913 5.559835 1.446117 
914 5.556733 1.452318 
915 5.553362 1.458400 
916 5.549722 1.464362 
917 5.545813 1.470202 
918 5.541636 1.475921 
919 5.537192 1.481518 
920 5.532481 1.486992 
921 5.527504 1.492343 
922 5.522262 1.497572 
923 5.516755 1.502676 
924 5.510985 1.507656 
925 5.504952 1.512512 
926 5.498656 1.517242 
927 5.492100 1.521848 
928 5.485283 1.526327 
929 5.478208 1.530680 
930 5.470874 1.534907 
931 5.463283 1.539007 
932 5.455436 1.542980 
933 5.447335 1.546825 
934 5.438980 1.550542 
935 5.430372 1.554132 
936 5.421513 1.557593 
937 5.412404 1.560925 
938 5.403046 1.564128 
939 5.393441 1.567202 
940 5.383590 1.570146 
941 5.373495 1.572960 
942 5.363156 1.575645 
943 5.352576 1.578199 
944 5.341756 1.580623 
945 5.330697 1.582916 
946 5.319402 1.585079 
947 5.307871 1.587110 
948 5.296106 1.589011 
949 5.284109 1.590780 
950 5.271881 1.592417 
951 5.259425 1.593923 
952 5.246742 1.595297 
953 5.233834 1.596540 
954 5.220703 1.597650 
955 5.207350 1.598628 
956 5.193777 1.599475 
957 5.179987 1.600189 
958 5.165981 1.600770 
959 5.151761 1.601220 
960 5.137329 1.601537 
961 5.122688 1.601722 
962 5.107838 1.601774 
963 5.092783 1.601694 
964 5.077524 1.601482 
965 5.062063 1.601137 
966 5.046403 1.600660 
967 5.030545 1.600051 
968 5.014493 1.599310 
969 4.998247 1.598436 
970 4.981810 1.597430 
971 4.965185 1.596292 
972 4.948374 1.595023 
973 4.931378 1.593621 
974 4.914201 1.592088 
975 4.896844 1.590423 
976 4.879310 1.588627 
977 4.861602 1.586699 
978 4.843721 1.584641 
979 4.825670 1.582451 
980 4.807451 1.580130 
981 4.789067 1.577679 
982 4.770520 1.575098 
983 4.751813 1.572387 
984 4.732947 1.569545 
985 4.713927 1.566574 
986 4.694753 1.563473 
987 4.675429 1.560243 
988 4.655957 1.556884 
989 4.636339 1.553397 
990 4.616578 1.549781 
991 4.596677 1.546037 
992 4.576638 1.542165 
993 4.556464 1.538166 
994 4.536157 1.534040 
995 4.515720 1.529786 
996 4.495155 1.525407 
997 4.474465 1.520901 
998 4.453653 1.516270 
999 4.432721 1.511513 
1000 4.411671 1.506632 
1001 4.390507 1.501626 
1002 4.369231 1.496496 
1003 4.347845 1.491242 
1004 4.326353 1.485865 
1005 4.304757 1.480365 
1006 4.283059 1.474743 
1007 4.261262 1.468999 
1008 4.239369 1.463133 
1009 4.217382 1.457147 
1010 4.195304 1.451040 
1011 4.173138 1.444813 
1012 4.150886 1.438467 
1013 4.128551 1.432002 
1014 4.106135 1.425419 
1015 4.083641 1.418718 
1016 4.061072 1.411899 
1017 4.038431 1.404964 
1018 4.015719 1.397913 
1019 3.992940 1.390746 
1020 3.970096 1.383464 
1021 3.947190 1.376068 
1022 3.924224 1.368559 
1023 3.901201 1.360936 
1024 3.878123 1.353201 
1025 3.854994 1.345353 
1026 3.831815 1.337395 
1027 3.808590 1.329326 
1028 3.785320 1.321147 
1029 3.762008 1.312860 
1030 3.738657 1.304463 
1031 3.715270 1.295959 
1032 3.691848 1.287348 
1033 3.668395 1.278630 
1034 3.644912 1.269806 
1035 3.621403 1.260878 
1036 3.597869 1.251846 
1037 3.574314 1.242710 
1038 3.550739 1.233471 
1039 3.527148 1.224130 
1040 3.503541 1.214688 
1041 3.479923 1.205146 
1042 3.456295 1.195504 
1043 3.432659 1.185764 
1044 3.409019 1.175925 
1045 3.385375 1.165990 
1046 3.361732 1.155957 
1047 3.338090 1.145830 
1048 3.314453 1.135607 
1049 3.290821 1.125291 
1050 3.267199 1.114882 
1051 3.243588 1.104381 
1052 3.219990 1.093788 
1053 3.196407 1.083105 
1054 3.172842 1.072332 
1055 3.149296 1.061471 
1056 3.125773 1.050522 
1057 3.102273 1.039487 
1058 3.078800 1.028365 
1059 3.055355 1.017159 
1060 3.031940 1.005868 
1061 3.008558 0.994494 
1062 2.985209 0.983038 
1063 2.961898 0.971501 
1064 2.938624 0.959884 
1065 2.915391 0.948187 
1066 2.892200 0.936412 
1067 2.869053 0.924559 
1068 2.845953 0.912630 
1069 2.822900 0.900626 
1070 2.799897 0.888547 
1071 2.776946 0.876394 
1072 2.754048 0.864170 
1073 2.731206 0.851874 
1074 2.708420 0.839507 
1075 2.685693 0.827071 
1076 2.663027 0.814567 
1077 2.640423 0.801995 
1078 2.617883 0.789358 
1079 2.595408 0.776654 
1080 2.573000 0.763887 
1081 2.550662 0.751057 
1082 2.528393 0.738164 
1083 2.506196 0.725211 
1084 2.484073 0.712197 
1085 2.462024 0.699125 
1086 2.440052 0.685995 
1087 2.418158 0.672808 
1088 2.396343 0.659566 
1089 2.374608 0.646269 
1090 2.352956 0.632919 
1091 2.331387 0.619516 
1092 2.309903 0.606062 
1093 2.288505 0.592559 
1094 2.267194 0.579006 
1095 2.245972 0.565405 
1096 2.224840 0.551758 
1097 2.203798 0.538065 
1098 2.182849 0.524327 
1099 2.161993 0.510546 
1100 2.141232 0.496723 
1101 2.120567 0.482859 
1102 2.099998 0.468955 
1103 2.079527 0.455013 
1104 2.059155 0.441032 
1105 2.038883 0.427016 
1106 2.018711 0.412963 
1107 1.998642 0.398877 
1108 1.978675 0.384758 
1109 1.958811 0.370607 
1110 1.939053 0.356426 
1111 1.919399 0.342215 
1112 1.899852 0.327975 
1113 1.880412 0.313709 
1114 1.861080 0.299416 
1115 1.841857 0.285099 
1116 1.822743 0.270759 
1117 1.803739 0.256396 
1118 1.784846 0.242011 
1119 1.766065 0.227607 
1120 1.747395 0.213184 
1121 1.728839 0.198743 
1122 1.710395 0.184286 
1123 1.692066 0.169814 
1124 1.673851 0.155328 
1125 1.655752 0.140829 
1126 1.637768 0.126318 
1127 1.619900 0.111796 
1128 1.602148 0.097266 
1129 1.584514 0.082727 
1130 1.566997 0.068182 
1131 1.549598 0.053631 
1132 1.532317 0.039076 
1133 1.515155 0.024517 
1134 1.498111 0.009956 
1135 1.481187 -0.004605 
1136 1.464383 -0.019166 
1137 1.447698 -0.033726 
1138 1.431133 -0.048283 
1139 1.414689 -0.062836 
1140 1.398365 -0.077383 
1141 1.382162 -0.091924 
1142 1.366080 -0.106458 
1143 1.350119 -0.120983 
1144 1.334279 -0.135497 
1145 1.318561 -0.150001 
1146 1.302963 -0.164492 
1147 1.287488 -0.178970 
1148 1.272134 -0.193433 
1149 1.256901 -0.207880 
1150 1.241790 -0.222309 
1151 1.226801 -0.236720 
1152 1.211934 -0.251112 
1153 1.197188 -0.265483 
1154 1.182563 -0.279832 
1155 1.168060 -0.294158 
1156 1.153679 -0.308460 
1157 1.139419 -0.322736 
1158 1.125280 -0.336985 
1159 1.111262 -0.351207 
1160 1.097365 -0.365399 
1161 1.083589 -0.379562 
1162 1.069933 -0.393693 
1163 1.056398 -0.407791 
1164 1.042983 -0.421856 
1165 1.029688 -0.435886 
1166 1.016513 -0.449880 
1167 1.003457 -0.463836 
1168 0.990520 -0.477755 
1169 0.977702 -0.491633 
1170 0.965003 -0.505472 
1171 0.952423 -0.519268 
1172 0.939960 -0.533022 
1173 0.927615 -0.546731 
1174 0.915387 -0.560395 
1175 0.903276 -0.574013 
1176 0.891282 -0.587584 
1177 0.879404 -0.601106 
1178 0.867642 -0.614578 
1179 0.855996 -0.628000 
1180 0.844464 -0.641369 
1181 0.833047 -0.654686 
1182 0.821744 -0.667948 
1183 0.810555 -0.681156 
1184 0.799479 -0.694307 
1185 0.788516 -0.707400 
1186 0.777665 -0.720436 
1187 0.766926 -0.733411 
1188 0.756298 -0.746326 
1189 0.745781 -0.759180 
1190 0.735374 -0.771970 
1191 0.725077 -0.784697 
1192 0.714889 -0.797359 
1193 0.704810 -0.809955 
1194 0.694839 -0.822484 
1195 0.684975 -0.834945 
1196 0.675218 -0.847337 
1197 0.665568 -0.859659 
1198 0.656024 -0.871911 
1199 0.646585 -0.884090 
1200 0.637250 -0.896195 
1201 0.628019 -0.908227 
1202 0.618892 -0.920184 
1203 0.609868 -0.932065 
1204 0.600946 -0.943869 
1205 0.592125 -0.955594 
1206 0.583405 -0.967241 
1207 0.574786 -0.978808 
1208 0.566266 -0.990294 
1209 0.557845 -1.001698 
1210 0.549523 -1.013019 
1211 0.541298 -1.024257 
1212 0.533170 -1.035410 
1213 0.525139 -1.046477 
1214 0.517203 -1.057458 
1215 0.509362 -1.068352 
1216 0.501615 -1.079157 
1217 0.493962 -1.089873 
1218 0.486402 -1.100499 
1219 0.478935 -1.111034 
1220 0.471559 -1.121477 
1221 0.464273 -1.131827 
1222 0.457078 -1.142084 
1223 0.449973 -1.152247 
1224 0.442956 -1.162314 
1225 0.436027 -1.172285 
1226 0.429186 -1.182160 
1227 0.422431 -1.191937 
1228 0.415762 -1.201615 
1229 0.409179 -1.211194 
1230 0.402680 -1.220672 
1231 0.396264 -1.230050 
1232 0.389932 -1.239327 
1233 0.383683 -1.248500 
1234 0.377515 -1.257571 
1235 0.371428 -1.266538 
1236 0.365421 -1.275400 
1237 0.359494 -1.284156 
1238 0.353645 -1.292807 
1239 0.347875 -1.301351 
1240 0.342182 -1.309787 
1241 0.336566 -1.318114 
1242 0.331026 -1.326333 
1243 0.325561 -1.334443 
1244 0.320170 -1.342442 
1245 0.314854 -1.350330 
1246 0.309610 -1.358106 
1247 0.304439 -1.365771 
1248 0.299340 -1.373322 
1249 0.294312 -1.380760 
1250 0.289354 -1.388084 
1251 0.284465 -1.395293 
1252 0.279646 -1.402386 
1253 0.274894 -1.409364 
1254 0.270211 -1.416226 
1255 0.265593 -1.422970 
1256 0.261043 -1.429597 
1257 0.256557 -1.436105 
1258 0.252136 -1.442495 
1259 0.247779 -1.448766 
1260 0.243486 -1.454917 
1261 0.239255 -1.460948 
1262 0.235087 -1.466857 
1263 0.230979 -1.472646 
1264 0.226932 -1.478313 
1265 0.222946 -1.483858 
1266 0.219018 -1.489280 
1267 0.215149 -1.494579 
1268 0.211339 -1.499755 
1269 0.207585 -1.504807 
1270 0.203888 -1.509734 
1271 0.200248 -1.514537 
1272 0.196662 -1.519214 
1273 0.193132 -1.523766 
1274 0.189655 -1.528192 
1275 0.186232 -1.532491 
1276 0.182862 -1.536664 
1277 0.179544 -1.540710 
1278 0.176277 -1.544629 
1279 0.173062 -1.548420 
1280 0.169896 -1.552083 
1281 0.166781 -1.555618 
1282 0.163715 -1.559024 
1283 0.160697 -1.562301 
1284 0.157727 -1.565449 
1285 0.154804 -1.568468 
1286 0.151928 -1.571357 
1287 0.149098 -1.574117 
1288 0.146314 -1.576746 
1289 0.143575 -1.579245 
1290 0.140880 -1.581613 
1291 0.138229 -1.583851 
1292 0.135621 -1.585958 
1293 0.133056 -1.587934 
1294 0.130533 -1.589778 
1295 0.128051 -1.591491 
1296 0.125611 -1.593073 
1297 0.123211 -1.594523 
1298 0.120851 -1.595841 
1299 0.118530 -1.597027 
1300 0.116248 -1.598082 
1301 0.114005 -1.599004 
1302 0.111799 -1.599794 
1303 0.109631 -1.600452 
1304 0.107499 -1.600977 
1305 0.105404 -1.601371 
1306 0.103345 -1.601632 
1307 0.101320 -1.601760 
1308 0.099331 -1.601757 
1309 0.097376 -1.601620 
1310 0.095455 -1.601352 
1311 0.093567 -1.600951 
1312 0.091711 -1.600418 
1313 0.089889 -1.599752 
1314 0.088098 -1.598955 
1315 0.086338 -1.598025 
1316 0.084610 -1.596963 
1317 0.082912 -1.595769 
1318 0.081244 -1.594443 
1319 0.079606 -1.592986 
1320 0.077997 -1.591397 
1321 0.076417 -1.589676 
1322 0.074865 -1.587824 
1323 0.073341 -1.585841 
1324 0.071845 -1.583726 
1325 0.070376 -1.581481 
1326 0.068933 -1.579105 
1327 0.067517 -1.576599 
1328 0.066126 -1.573962 
1329 0.064761 -1.571195 
1330 0.063421 -1.568299 
1331 0.062106 -1.565272 
1332 0.060815 -1.562117 
1333 0.059548 -1.558832 
1334 0.058304 -1.555418 
1335 0.057084 -1.551876 
1336 0.055887 -1.548206 
1337 0.054711 -1.544408 
1338 0.053558 -1.540482 
1339 0.052427 -1.536429 
1340 0.051317 -1.532248 
1341 0.050228 -1.527941 
1342 0.049160 -1.523508 
1343 0.048112 -1.518949 
1344 0.047085 -1.514265 
1345 0.046076 -1.509455 
1346 0.045088 -1.504521 
1347 0.044118 -1.499462 
1348 0.043167 -1.494279 
1349 0.042235 -1.488973 
1350 0.041320 -1.483544 
1351 0.040424 -1.477992 
1352 0.039545 -1.472318 
1353 0.038683 -1.466522 
1354 0.037838 -1.460605 
1355 0.037010 -1.454567 
1356 0.036198 -1.448410 
1357 0.035402 -1.442132 
1358 0.034622 -1.435735 
1359 0.033857 -1.429220 
1360 0.033108 -1.422586 
1361 0.032374 -1.415835 
1362 0.031654 -1.408967 
1363 0.030949 -1.401983 
1364 0.030258 -1.394882 
1365 0.029582 -1.387667 
1366 0.028919 -1.380337 
1367 0.028269 -1.372892 
1368 0.027632 -1.365334 
1369 0.027009 -1.357664 
1370 0.026398 -1.349881 
1371 0.025800 -1.341986 
1372 0.025215 -1.333981 
1373 0.024641 -1.325865 
1374 0.024079 -1.317640 
1375 0.023529 -1.309306 
1376 0.022990 -1.300864 
1377 0.022463 -1.292314 
1378 0.021946 -1.283657 
1379 0.021441 -1.274894 
1380 0.020946 -1.266026 
1381 0.020461 -1.257054 
1382 0.019987 -1.247977 
1383 0.019522 -1.238797 
1384 0.019068 -1.229515 
1385 0.018623 -1.220132 
1386 0.018188 -1.210647 
1387 0.017762 -1.201062 
1388 0.017345 -1.191379 
1389 0.016937 -1.181596 
1390 0.016538 -1.171716 
1391 0.016147 -1.161740 
1392 0.015765 -1.151667 
1393 0.015391 -1.141499 
1394 0.015026 -1.131236 
1395 0.014668 -1.120881 
1396 0.014318 -1.110432 
1397 0.013976 -1.099892 
1398 0.013641 -1.089261 
1399 0.013314 -1.078540 
1400 0.012994 -1.067729 
1401 0.012681 -1.056831 
1402 0.012375 -1.045845 
1403 0.012075 -1.034773 
1404 0.011783 -1.023615 
1405 0.011497 -1.012372 
1406 0.011217 -1.001046 
1407 0.010943 -0.989638 
1408 0.010676 -0.978147 
1409 0.010415 -0.966576 
1410 0.010159 -0.954924 
1411 0.009910 -0.943194 
1412 0.009666 -0.931386 
1413 0.009427 -0.919501 
1414 0.009194 -0.907540 
1415 0.008967 -0.895503 
1416 0.008744 -0.883393 
1417 0.008527 -0.871210 
1418 0.008315 -0.858955 
1419 0.008107 -0.846629 
1420 0.007904 -0.834233 
1421 0.007706 -0.821768 
1422 0.007513 -0.809235 
1423 0.007324 -0.796635 
1424 0.007140 -0.783969 
1425 0.006959 -0.771239 
1426 0.006783 -0.758444 
1427 0.006612 -0.745587 
1428 0.006444 -0.732669 
1429 0.006280 -0.719690 
1430 0.006120 -0.706651 
1431 0.005964 -0.693554 
1432 0.005811 -0.680400 
1433 0.005662 -0.667190 
1434 0.005517 -0.653924 
1435 0.005375 -0.640604 
1436 0.005236 -0.627232 
1437 0.005101 -0.613807 
1438 0.004969 -0.600332 
1439 0.004841 -0.586807 
1440 0.004715 -0.573234 
1441 0.004592 -0.559613 
1442 0.004473 -0.545946 
1443 0.004356 -0.532234 
1444 0.004242 -0.518478 
1445 0.004131 -0.504679 
1446 0.004023 -0.490839 
1447 0.003917 -0.476958 
1448 0.003814 -0.463037 
1449 0.003713 -0.449078 
1450 0.003615 -0.435082 
1451 0.003519 -0.421050 
1452 0.003426 -0.406984 
1453 0.003335 -0.392883 
1454 0.003246 -0.378750 
1455 0.003159 -0.364586 
1456 0.003075 -0.350392 
1457 0.002993 -0.336169 
1458 0.002912 -0.321918 
1459 0.002834 -0.307640 
1460 0.002758 -0.293337 
1461 0.002684 -0.279010 
1462 0.002611 -0.264660 
1463 0.002540 -0.250288 
1464 0.002472 -0.235895 
1465 0.002404 -0.221482 
1466 0.002339 -0.207052 
1467 0.002275 -0.192604 
1468 0.002213 -0.178140 
1469 0.002153 -0.163662 
1470 0.002094 -0.149170 
1471 0.002036 -0.134666 
1472 0.001980 -0.120150 
1473 0.001926 -0.105625 
1474 0.001873 -0.091091 
1475 0.001821 -0.076549 
1476 0.001771 -0.062001 
1477 0.001722 -0.047448 
1478 0.001674 -0.032891 
1479 0.001627 -0.018332 
1480 0.001582 -0.003770 
1481 0.001538 0.010791 
1482 0.001495 0.025352 
1483 0.001453 0.039910 
1484 0.001412 0.054465 
1485 0.001372 0.069016 
1486 0.001334 0.083561 
1487 0.001296 0.098099 
1488 0.001259 0.112629 
1489 0.001224 0.127150 
1490 0.001189 0.141660 
1491 0.001155 0.156159 
1492 0.001123 0.170644 
1493 0.001091 0.185116 
1494 0.001059 0.199572 
1495 0.001029 0.214012 
1496 0.001000 0.228434 
1497 0.000971 0.242837 
1498 0.000943 0.257220 
1499 0.000916 0.271581 
1500 0.000890 0.285921 
1501 0.000864 0.300237 
1502 0.000839 0.314527 
1503 0.000815 0.328792 
1504 0.000791 0.343030 
1505 0.000768 0.357239 
1506 0.000746 0.371419 
1507 0.000724 0.385568 
1508 0.000703 0.399686 
1509 0.000682 0.413770 
1510 0.000662 0.427820 
1511 0.000643 0.441835 
1512 0.000624 0.455813 
1513 0.000606 0.469754 
1514 0.000588 0.483655 
1515 0.000570 0.497517 
1516 0.000554 0.511338 
1517 0.000537 0.525116 
1518 0.000521 0.538851 
1519 0.000506 0.552541 
1520 0.000491 0.566186 
1521 0.000476 0.579784 
1522 0.000462 0.593334 
1523 0.000448 0.606835 
1524 0.000435 0.620286 
1525 0.000421 0.633686 
1526 0.000409 0.647033 
1527 0.000397 0.660327 
1528 0.000385 0.673566 
1529 0.000373 0.686749 
1530 0.000362 0.699876 
1531 0.000351 0.712945 
1532 0.000340 0.725955 
1533 0.000330 0.738905 
1534 0.000320 0.751794 
1535 0.000310 0.764621 
1536 0.000300 0.777384 
1537 0.000291 0.790084 
1538 0.000282 0.802718 
1539 0.000274 0.815286 
1540 0.000265 0.827786 
1541 0.000257 0.840218 
1542 0.000249 0.852581 
1543 0.000242 0.864873 
1544 0.000234 0.877093 
1545 0.000227 0.889241 
1546 0.000220 0.901316 
1547 0.000213 0.913316 
1548 0.000206 0.925241 
1549 0.000200 0.937089 
1550 0.000194 0.948859 
1551 0.000188 0.960552 
1552 0.000182 0.972165 
1553 0.000176 0.983697 
1554 0.000171 0.995149 
1555 0.000165 1.006518 
1556 0.000160 1.017803 
1557 0.000155 1.029005 
1558 0.000150 1.040122 
1559 0.000145 1.051153 
1560 0.000141 1.062096 
1561 0.000136 1.072953 
1562 0.000132 1.083720 
1563 0.000128 1.094398 
1564 0.000124 1.104985 
1565 0.000120 1.115481 
1566 0.000116 1.125885 
1567 0.000112 1.136196 
1568 0.000109 1.146413 
1569 0.000105 1.156535 
1570 0.000102 1.166562 
1571 0.000098 1.176492 
1572 0.000095 1.186325 
1573 0.000092 1.196060 
1574 0.000089 1.205696 
1575 0.000086 1.215233 
1576 0.000084 1.224669 
1577 0.000081 1.234003 
1578 0.000078 1.243236 
1579 0.000076 1.252366 
1580 0.000073 1.261393 
1581 0.000071 1.270315 
1582 0.000068 1.279133 
1583 0.000066 1.287844 
1584 0.000064 1.296449 
1585 0.000062 1.304947 
1586 0.000060 1.313338 
1587 0.000058 1.321619 
1588 0.000056 1.329792 
1589 0.000054 1.337854 
1590 0.000052 1.345806 
1591 0.000051 1.353647 
1592 0.000049 1.361376 
1593 0.000047 1.368992 
1594 0.000046 1.376496 
1595 0.000044 1.383885 
1596 0.000043 1.391160 
1597 0.000041 1.398320 
1598 0.000040 1.405365 
1599 0.000039 1.412293 
1600 0.000037 1.419105 
1601 0.000036 1.425799 
1602 0.000035 1.432376 
1603 0.000034 1.438834 
1604 0.000033 1.445174 
1605 0.000031 1.451393 
1606 0.000030 1.457493 
1607 0.000029 1.463473 
1608 0.000028 1.469331 
1609 0.000027 1.475069 
1610 0.000026 1.480684 
1611 0.000026 1.486177 
1612 0.000025 1.491547 
1613 0.000024 1.496793 
1614 0.000023 1.501916 
1615 0.000022 1.506915 
1616 0.000021 1.511790 
1617 0.000021 1.516539 
1618 0.000020 1.521163 
1619 0.000019 1.525661 
1620 0.000019 1.530034 
1621 0.000018 1.534280 
1622 0.000017 1.538399 
1623 0.000017 1.542391 
1624 0.000016 1.546255 
1625 0.000016 1.549992 
1626 0.000015 1.553600 
1627 0.000015 1.557080 
1628 0.000014 1.560432 
1629 0.000014 1.563654 
1630 0.000013 1.566748 
1631 0.000013 1.569711 
1632 0.000012 1.572545 
1633 0.000012 1.575250 
1634 0.000011 1.577824 
1635 0.000011 1.580267 
1636 0.000011 1.582580 
1637 0.000010 1.584762 
1638 0.000010 1.586813 
1639 0.000009 1.588733 
1640 0.000009 1.590522 
1641 0.000009 1.592179 
1642 0.000009 1.593705 
1643 0.000008 1.595099 
1644 0.000008 1.596361 
1645 0.000008 1.597491 
1646 0.000007 1.598490 
1647 0.000007 1.599356 
1648 0.000007 1.600090 
1649 0.000007 1.600691 
1650 0.000006 1.601161 
1651 0.000006 1.601498 
1652 0.000006 1.601703 
1653 0.000006 1.601775 
1654 0.000005 1.601715 
1655 0.000005 1.601522 
1656 0.000005 1.601198 
1657 0.000005 1.600741 
1658 0.000005 1.600151 
1659 0.000005 1.599430 
1660 0.000004 1.598576 
1661 0.000004 1.597590 
1662 0.000004 1.596472 
1663 0.000004 1.595222 
1664 0.000004 1.593840 
1665 0.000004 1.592327 
1666 0.000004 1.590682 
1667 0.000003 1.588905 
1668 0.000003 1.586997 
1669 0.000003 1.584959 
1670 0.000003 1.582789 
1671 0.000003 1.580488 
1672 0.000003 1.578056 
1673 0.000003 1.575495 
1674 0.000003 1.572803 
1675 0.000003 1.569981 
1676 0.000002 1.567029 
1677 0.000002 1.563948 
1678 0.000002 1.560737 
1679 0.000002 1.557398 
1680 0.000002 1.553929 
1681 0.000002 1.550333 
1682 0.000002 1.546608 
1683 0.000002 1.542756 
1684 0.000002 1.538775 
1685 0.000002 1.534668 
1686 0.000002 1.530434 
1687 0.000002 1.526074 
1688 0.000002 1.521587 
1689 0.000001 1.516975 
1690 0.000001 1.512237 
1691 0.000001 1.507374 
1692 0.000001 1.502387 
1693 0.000001 1.497275 
1694 0.000001 1.492040 
1695 0.000001 1.486681 
1696 0.000001 1.481200 
1697 0.000001 1.475596 
1698 0.000001 1.469870 
1699 0.000001 1.464023 
1700 0.000001 1.458055 
1701 0.000001 1.451966 
1702 0.000001 1.445757 
1703 0.000001 1.439429 
1704 0.000001 1.432982 
1705 0.000001 1.426416 
1706 0.000001 1.419733 
1707 0.000001 1.412932 
1708 0.000001 1.406014 
1709 0.000001 1.398981 
1710 0.000001 1.391831 
1711 0.000001 1.384567 
1712 0.000001 1.377188 
1713 0.000001 1.369695 
1714 0.000001 1.362089 
1715 0.000001 1.354371 
1716 0.000001 1.346541 
1717 0.000000 1.338599 
1718 0.000000 1.330547 
1719 0.000000 1.322384 
1720 0.000000 1.314113 
1721 0.000000 1.305733 
1722 0.000000 1.297245 
1723 0.000000 1.288649 
1724 0.000000 1.279948 
1725 0.000000 1.271140 
1726 0.000000 1.262227 
1727 0.000000 1.253211 
1728 0.000000 1.244090 
1729 0.000000 1.234867 
1730 0.000000 1.225541 
1731 0.000000 1.216115 
1732 0.000000 1.206588 
1733 0.000000 1.196961 
1734 0.000000 1.187235 
1735 0.000000 1.177411 
1736 0.000000 1.167490 
1737 0.000000 1.157472 
1738 0.000000 1.147359 
1739 0.000000 1.137151 
1740 0.000000 1.126849 
1741 0.000000 1.116453 
1742 0.000000 1.105966 
1743 0.000000 1.095387 
1744 0.000000 1.084717 
1745 0.000000 1.073958 
1746 0.000000 1.063110 
1747 0.000000 1.052175 
1748 0.000000 1.041152 
1749 0.000000 1.030043 
1750 0.000000 1.018849 
1751 0.000000 1.007571 
1752 0.000000 0.996210 
1753 0.000000 0.984766 
1754 0.000000 0.973241 
1755 0.000000 0.961636 
1756 0.000000 0.949951 
1757 0.000000 0.938187 
1758 0.000000 0.926346 
1759 0.000000 0.914429 
1760 0.000000 0.902436 
1761 0.000000 0.890368 
1762 0.000000 0.878227 
1763 0.000000 0.866013 
1764 0.000000 0.853727 
1765 0.000000 0.841371 
1766 0.000000 0.828946 
1767 0.000000 0.816452 
1768 0.000000 0.803890 
1769 0.000000 0.791262 
1770 0.000000 0.778569 
1771 0.000000 0.765811 
1772 0.000000 0.752990 
1773 0.000000 0.740107 
1774 0.000000 0.727163 
1775 0.000000 0.714158 
1776 0.000000 0.701095 
1777 0.000000 0.687973 
1778 0.000000 0.674795 
1779 0.000000 0.661561 
1780 0.000000 0.648272 
1781 0.000000 0.634930 
1782 0.000000 0.621535 
1783 0.000000 0.608089 
1784 0.000000 0.594593 
1785 0.000000 0.581047 
1786 0.000000 0.567453 
1787 0.000000 0.553813 
1788 0.000000 0.540127 
1789 0.000000 0.526396 
1790 0.000000 0.512621 
1791 0.000000 0.498805 
1792 0.000000 0.484947 
1793 0.000000 0.471049 
1794 0.000000 0.457112 
1795 0.000000 0.443137 
1796 0.000000 0.429126 
1797 0.000000 0.415079 
1798 0.000000 0.400998 
1799 0.000000 0.386883 
1800 0.000000 0.372737 
1801 0.000000 0.358560 
1802 0.000000 0.344353 
1803 0.000000 0.330118 
1804 0.000000 0.315856 
1805 0.000000 0.301567 
1806 0.000000 0.287254 
1807 0.000000 0.272917 
1808 0.000000 0.258557 
1809 0.000000 0.244176 
1810 0.000000 0.229775 
1811 0.000000 0.215354 
1812 0.000000 0.200916 
1813 0.000000 0.186461 
1814 0.000000 0.171991 
1815 0.000000 0.157507 
1816 0.000000 0.143010 
1817 0.000000 0.128501 
1818 0.000000 0.113981 
1819 0.000000 0.099452 
1820 0.000000 0.084914 
1821 0.000000 0.070370 
1822 0.000000 0.055820 
1823 0.000000 0.041265 
1824 0.000000 0.026706 
1825 0.000000 0.012146 
1826 0.000000 -0.002415 
1827 0.000000 -0.016977 
1828 0.000000 -0.031537 
1829 0.000000 -0.046094 
1830 0.000000 -0.060647 
1831 0.000000 -0.075196 
1832 0.000000 -0.089738 
1833 0.000000 -0.104273 
1834 0.000000 -0.118799 
1835 0.000000 -0.133315 
1836 0.000000 -0.147821 
1837 0.000000 -0.162314 
1838 0.000000 -0.176794 
1839 0.000000 -0.191259 
1840 0.000000 -0.205708 
1841 0.000000 -0.220140 
1842 0.000000 -0.234554 
1843 0.000000 -0.248949 
1844 0.000000 -0.263323 
1845 0.000000 -0.277676 
1846 0.000000 -0.292005 
1847 0.000000 -0.306311 
1848 0.000000 -0.320591 
1849 0.000000 -0.334844 
1850 0.000000 -0.349070 
1851 0.000000 -0.363267 
1852 0.000000 -0.377434 
1853 0.000000 -0.391570 
1854 0.000000 -0.405673 
1855 0.000000 -0.419743 
1856 0.000000 -0.433778 
1857 0.000000 -0.447777 
1858 0.000000 -0.461740 
1859 0.000000 -0.475664 
1860 0.000000 -0.489549 
1861 0.000000 -0.503393 
1862 0.000000 -0.517196 
1863 0.000000 -0.530956 
1864 0.000000 -0.544672 
1865 0.000000 -0.558343 
1866 0.000000 -0.571968 
1867 0.000000 -0.585546 
1868 0.000000 -0.599076 
1869 0.000000 -0.612555 
1870 0.000000 -0.625985 
1871 0.000000 -0.639362 
1872 0.000000 -0.652687 
1873 0.000000 -0.665958 
1874 0.000000 -0.679173 
1875 0.000000 -0.692333 
1876 0.000000 -0.705435 
1877 0.000000 -0.718479 
1878 0.000000 -0.731464 
1879 0.000000 -0.744388 
1880 0.000000 -0.757251 
1881 0.000000 -0.770051 
1882 0.000000 -0.782787 
1883 0.000000 -0.795459 
1884 0.000000 -0.808065 
1885 0.000000 -0.820604 
1886 0.000000 -0.833076 
1887 0.000000 -0.845478 
1888 0.000000 -0.857811 
1889 0.000000 -0.870073 
1890 0.000000 -0.882263 
1891 0.000000 -0.894380 
1892 0.000000 -0.906423 
1893 0.000000 -0.918391 
1894 0.000000 -0.930283 
1895 0.000000 -0.942099 
1896 0.000000 -0.953836 
1897 0.000000 -0.965495 
1898 0.000000 -0.977074 
1899 0.000000 -0.988572 
1900 0.000000 -0.999988 
1901 0.000000 -1.011322 
1902 0.000000 -1.022572 
1903 0.000000 -1.033738 
1904 0.000000 -1.044818 
1905 0.000000 -1.055812 
1906 0.000000 -1.066719 
1907 0.000000 -1.077538 
1908 0.000000 -1.088267 
1909 0.000000 -1.098907 
1910 0.000000 -1.109455 
1911 0.000000 -1.119912 
1912 0.000000 -1.130277 
1913 0.000000 -1.140548 
1914 0.000000 -1.150725 
1915 0.000000 -1.160806 
1916 0.000000 -1.170792 
1917 0.000000 -1.180681 
1918 0.000000 -1.190473 
1919 0.000000 -1.200166 
1920 0.000000 -1.209759 
1921 0.000000 -1.219253 
1922 0.000000 -1.228646 
1923 0.000000 -1.237938 
1924 0.000000 -1.247127 
1925 0.000000 -1.256214 
1926 0.000000 -1.265196 
1927 0.000000 -1.274074 
1928 0.000000 -1.282846 
1929 0.000000 -1.291513 
1930 0.000000 -1.300073 
1931 0.000000 -1.308525 
1932 0.000000 -1.316869 
1933 0.000000 -1.325104 
1934 0.000000 -1.333230 
1935 0.000000 -1.341246 
1936 0.000000 -1.349151 
1937 0.000000 -1.356944 
1938 0.000000 -1.364625 
1939 0.000000 -1.372194 
1940 0.000000 -1.379649 
1941 0.000000 -1.386990 
1942 0.000000 -1.394216 
1943 0.000000 -1.401327 
1944 0.000000 -1.408322 
1945 0.000000 -1.415201 
1946 0.000000 -1.421963 
1947 0.000000 -1.428608 
1948 0.000000 -1.435134 
1949 0.000000 -1.441542 
1950 0.000000 -1.447830 
1951 0.000000 -1.453999 
1952 0.000000 -1.460048 
1953 0.000000 -1.465976 
1954 0.000000 -1.471783 
1955 0.000000 -1.477469 
1956 0.000000 -1.483032 
1957 0.000000 -1.488473 
1958 0.000000 -1.493790 
1959 0.000000 -1.498985 
1960 0.000000 -1.504055 
1961 0.000000 -1.509001 
1962 0.000000 -1.513822 
1963 0.000000 -1.518519 
1964 0.000000 -1.523089 
1965 0.000000 -1.527534 
1966 0.000000 -1.531853 
1967 0.000000 -1.536045 
1968 0.000000 -1.540110 
1969 0.000000 -1.544048 
1970 0.000000 -1.547858 
1971 0.000000 -1.551540 
1972 0.000000 -1.555094 
1973 0.000000 -1.558520 
1974 0.000000 -1.561817 
1975 0.000000 -1.564984 
1976 0.000000 -1.568022 
1977 0.000000 -1.570931 
1978 0.000000 -1.573710 
1979 0.000000 -1.576359 
1980 0.000000 -1.578877 
1981 0.000000 -1.581266 
1982 0.000000 -1.583523 
1983 0.000000 -1.585649 
1984 0.000000 -1.587645 
1985 0.000000 -1.589509 
1986 0.000000 -1.591242 
1987 0.000000 -1.592844 
1988 0.000000 -1.594313 
1989 0.000000 -1.595651 
1990 0.000000 -1.596857 
1991 0.000000 -1.597932 
1992 0.000000 -1.598874 
1993 0.000000 -1.599684 
1994 0.000000 -1.600361 
1995 0.000000 -1.600907 
1996 0.000000 -1.601320 
1997 0.000000 -1.601601 
1998 0.000000 -1.601749 
1999 0.000000 -1.601766 
2000 0.000000 -1.601649 
2001 0.000000 -1.601401 
2002 0.000000 -1.601020 
2003 0.000000 -1.600506 
2004 0.000000 -1.599861 
2005 0.000000 -1.599083 
2006 0.000000 -1.598173 
2007 0.000000 -1.597131 
2008 0.000000 -1.595957 
2009 0.000000 -1.594651 
2010 0.000000 -1.593213 
2011 0.000000 -1.591644 
2012 0.000000 -1.589943 
2013 0.000000 -1.588111 
2014 0.000000 -1.586147 
2015 0.000000 -1.584053 
2016 0.000000 -1.581827 
2017 0.000000 -1.579471 
2018 0.000000 -1.576984 
2019 0.000000 -1.574367 
2020 0.000000 -1.571620 
2021 0.000000 -1.568743 
2022 0.000000 -1.565736 
2023 0.000000 -1.562600 
2024 0.000000 -1.559334 
2025 0.000000 -1.555940 
2026 0.000000 -1.552417 
2027 0.000000 -1.548766 
2028 0.000000 -1.544987 
2029 0.000000 -1.541080 
2030 0.000000 -1.537046 
2031 0.000000 -1.532885 
2032 0.000000 -1.528597 
2033 0.000000 -1.524183 
2034 0.000000 -1.519643 
2035 0.000000 -1.514977 
2036 0.000000 -1.510186 
2037 0.000000 -1.505271 
2038 0.000000 -1.500230 
2039 0.000000 -1.495066 
2040 0.000000 -1.489779 
2041 0.000000 -1.484368 
2042 0.000000 -1.478834 
2043 0.000000 -1.473179 
2044 0.000000 -1.467401 
2045 0.000000 -1.461503 
2046 0.000000 -1.455483 
2047 0.000000 -1.449343 
2048 0.000000 -1.443084 
2049 0.000000 -1.436705 
2050 0.000000 -1.430207 
2051 0.000000 -1.423592 
2052 0.000000 -1.416858 
2053 0.000000 -1.410008 
2054 0.000000 -1.403041 
2055 0.000000 -1.395958 
2056 0.000000 -1.388759 
2057 0.000000 -1.381446 
2058 0.000000 -1.374019 
2059 0.000000 -1.366478 
2060 0.000000 -1.358824 
2061 0.000000 -1.351058 
2062 0.000000 -1.343180 
2063 0.000000 -1.335192 
2064 0.000000 -1.327093 
2065 0.000000 -1.318884 
2066 0.000000 -1.310566 
2067 0.000000 -1.302140 
2068 0.000000 -1.293606 
2069 0.000000 -1.284966 
2070 0.000000 -1.276219 
2071 0.000000 -1.267367 
2072 0.000000 -1.258410 
2073 0.000000 -1.249349 
2074 0.000000 -1.240184 
2075 0.000000 -1.230918 
2076 0.000000 -1.221549 
2077 0.000000 -1.212080 
2078 0.000000 -1.202510 
2079 0.000000 -1.192841 
2080 0.000000 -1.183074 
2081 0.000000 -1.173208 
2082 0.000000 -1.163246 
2083 0.000000 -1.153188 
2084 0.000000 -1.143034 
2085 0.000000 -1.132786 
2086 0.000000 -1.122444 
2087 0.000001 -1.112009 
2088 0.000001 -1.101483 
2089 0.000001 -1.090865 
2090 0.000001 -1.080158 
2091 0.000001 -1.069361 
2092 0.000001 -1.058475 
2093 0.000001 -1.047503 
2094 0.000001 -1.036443 
2095 0.000001 -1.025298 
2096 0.000001 -1.014069 
2097 0.000001 -1.002755 
2098 0.000001 -0.991359 
2099 0.000001 -0.979880 
2100 0.000001 -0.968321 
2101 0.000001 -0.956681 
2102 0.000001 -0.944963 
2103 0.000001 -0.933167 
2104 0.000001 -0.921293 
2105 0.000001 -0.909343 
2106 0.000001 -0.897318 
2107 0.000001 -0.885219 
2108 0.000001 -0.873047 
2109 0.000001 -0.860802 
2110 0.000001 -0.848487 
2111 0.000001 -0.836101 
2112 0.000001 -0.823646 
2113 0.000001 -0.811124 
2114 0.000001 -0.798534 
2115 0.000002 -0.785878 
2116 0.000002 -0.773157 
2117 0.000002 -0.760372 
2118 0.000002 -0.747525 
2119 0.000002 -0.734616 
2120 0.000002 -0.721646 
2121 0.000002 -0.708616 
2122 0.000002 -0.695528 
2123 0.000002 -0.682382 
2124 0.000002 -0.669180 
2125 0.000002 -0.655922 
2126 0.000002 -0.642611 
2127 0.000002 -0.629246 
2128 0.000003 -0.615829 
2129 0.000003 -0.602362 
2130 0.000003 -0.588844 
2131 0.000003 -0.575278 
2132 0.000003 -0.561664 
2133 0.000003 -0.548004 
2134 0.000003 -0.534299 
2135 0.000003 -0.520550 
2136 0.000003 -0.506757 
2137 0.000004 -0.492923 
2138 0.000004 -0.479048 
2139 0.000004 -0.465133 
2140 0.000004 -0.451180 
2141 0.000004 -0.437189 
2142 0.000004 -0.423163 
2143 0.000004 -0.409101 
2144 0.000005 -0.395006 
2145 0.000005 -0.380878 
2146 0.000005 -0.366718 
2147 0.000005 -0.352529 
2148 0.000005 -0.338310 
2149 0.000006 -0.324063 
2150 0.000006 -0.309789 
2151 0.000006 -0.295490 
2152 0.000006 -0.281166 
2153 0.000006 -0.266819 
2154 0.000007 -0.252450 
2155 0.000007 -0.238060 
2156 0.000007 -0.223651 
2157 0.000007 -0.209223 
2158 0.000008 -0.194778 
2159 0.000008 -0.180316 
2160 0.000008 -0.165840 
2161 0.000009 -0.151350 
2162 0.000009 -0.136848 
2163 0.000009 -0.122334 
2164 0.000010 -0.107810 
2165 0.000010 -0.093277 
2166 0.000010 -0.078736 
2167 0.000011 -0.064189 
2168 0.000011 -0.049637 
2169 0.000011 -0.035081 
2170 0.000012 -0.020521 
2171 0.000012 -0.005960 
2172 0.000013 0.008601 
2173 0.000013 0.023162 
2174 0.000014 0.037721 
2175 0.000014 0.052277 
2176 0.000015 0.066828 
2177 0.000015 0.081374 
2178 0.000016 0.095913 
2179 0.000016 0.110445 
2180 0.000017 0.124967 
2181 0.000017 0.139479 
2182 0.000018 0.153979 
2183 0.000019 0.168467 
2184 0.000019 0.182940 
2185 0.000020 0.197399 
2186 0.000021 0.211841 
2187 0.000022 0.226266 
2188 0.000022 0.240672 
2189 0.000023 0.255058 
2190 0.000024 0.269423 
2191 0.000025 0.283766 
2192 0.000026 0.298085 
2193 0.000026 0.312380 
2194 0.000027 0.326649 
2195 0.000028 0.340891 
2196 0.000029 0.355104 
2197 0.000030 0.369289 
2198 0.000031 0.383443 
2199 0.000033 0.397565 
2200 0.000034 0.411654 
2201 0.000035 0.425709 
2202 0.000036 0.439730 
2203 0.000037 0.453713 
2204 0.000039 0.467660 
2205 0.000040 0.481567 
2206 0.000041 0.495435 
2207 0.000043 0.509262 
2208 0.000044 0.523047 
2209 0.000046 0.536788 
2210 0.000047 0.550485 
2211 0.000049 0.564137 
2212 0.000051 0.577742 
2213 0.000052 0.591300 
2214 0.000054 0.604808 
2215 0.000056 0.618267 
2216 0.000058 0.631674 
2217 0.000060 0.645029 
2218 0.000062 0.658331 
2219 0.000064 0.671578 
2220 0.000066 0.684770 
2221 0.000068 0.697906 
2222 0.000071 0.710983 
2223 0.000073 0.724002 
2224 0.000076 0.736962 
2225 0.000078 0.749860 
2226 0.000081 0.762696 
2227 0.000083 0.775469 
2228 0.000086 0.788178 
2229 0.000089 0.800822 
2230 0.000092 0.813400 
2231 0.000095 0.825911 
2232 0.000098 0.838353 
2233 0.000101 0.850726 
2234 0.000105 0.863029 
2235 0.000108 0.875260 
2236 0.000112 0.887419 
2237 0.000116 0.899505 
2238 0.000119 0.911516 
2239 0.000123 0.923452 
2240 0.000127 0.935312 
2241 0.000131 0.947094 
2242 0.000136 0.958798 
2243 0.000140 0.970423 
2244 0.000145 0.981968 
2245 0.000150 0.993432 
2246 0.000154 1.004813 
2247 0.000159 1.016112 
2248 0.000165 1.027326 
2249 0.000170 1.038456 
2250 0.000175 1.049499 
2251 0.000181 1.060456 
2252 0.000187 1.071326 
2253 0.000193 1.082106 
2254 0.000199 1.092798 
2255 0.000205 1.103399 
2256 0.000212 1.113909 
2257 0.000219 1.124327 
2258 0.000226 1.134651 
2259 0.000233 1.144883 
2260 0.000240 1.155019 
2261 0.000248 1.165060 
2262 0.000256 1.175005 
2263 0.000264 1.184853 
2264 0.000272 1.194602 
2265 0.000281 1.204253 
2266 0.000290 1.213805 
2267 0.000299 1.223256 
2268 0.000308 1.232606 
2269 0.000318 1.241854 
2270 0.000328 1.251000 
2271 0.000338 1.260042 
2272 0.000349 1.268980 
2273 0.000360 1.277813 
2274 0.000371 1.286541 
2275 0.000382 1.295162 
2276 0.000394 1.303676 
2277 0.000406 1.312083 
2278 0.000419 1.320381 
2279 0.000432 1.328570 
2280 0.000445 1.336649 
2281 0.000459 1.344618 
2282 0.000473 1.352475 
2283 0.000487 1.360221 
2284 0.000502 1.367854 
2285 0.000518 1.375374 
2286 0.000533 1.382781 
2287 0.000550 1.390073 
2288 0.000566 1.397251 
2289 0.000583 1.404313 
2290 0.000601 1.411259 
2291 0.000619 1.418088 
2292 0.000638 1.424800 
2293 0.000657 1.431395 
2294 0.000677 1.437871 
2295 0.000697 1.444228 
2296 0.000718 1.450466 
2297 0.000740 1.456584 
2298 0.000762 1.462581 
2299 0.000785 1.468458 
2300 0.000808 1.474214 
2301 0.000832 1.479847 
2302 0.000857 1.485358 
2303 0.000882 1.490747 
2304 0.000908 1.496012 
2305 0.000935 1.501154 
2306 0.000963 1.506171 
2307 0.000991 1.511065 
2308 0.001020 1.515833 
2309 0.001050 1.520476 
2310 0.001081 1.524993 
2311 0.001113 1.529384 
2312 0.001145 1.533649 
2313 0.001179 1.537787 
2314 0.001213 1.541798 
2315 0.001248 1.545682 
2316 0.001284 1.549438 
2317 0.001321 1.553066 
2318 0.001360 1.556565 
2319 0.001399 1.559936 
2320 0.001439 1.563178 
2321 0.001481 1.566291 
2322 0.001523 1.569274 
2323 0.001567 1.572128 
2324 0.001611 1.574851 
2325 0.001657 1.577445 
2326 0.001705 1.579908 
2327 0.001753 1.582241 
2328 0.001803 1.584442 
2329 0.001854 1.586513 
2330 0.001907 1.588453 
2331 0.001960 1.590261 
2332 0.002016 1.591938 
2333 0.002072 1.593484 
2334 0.002131 1.594898 
2335 0.002191 1.596180 
2336 0.002252 1.597330 
2337 0.002315 1.598348 
2338 0.002379 1.599234 
2339 0.002446 1.599988 
2340 0.002514 1.600609 
2341 0.002583 1.601099 
2342 0.002655 1.601456 
2343 0.002728 1.601680 
2344 0.002804 1.601772 
2345 0.002881 1.601732 
2346 0.002960 1.601560 
2347 0.003041 1.601255 
2348 0.003125 1.600818 
2349 0.003210 1.600248 
2350 0.003298 1.599547 
2351 0.003388 1.598713 
2352 0.003480 1.597747 
2353 0.003574 1.596648 
2354 0.003671 1.595418 
2355 0.003770 1.594056 
2356 0.003872 1.592563 
2357 0.003977 1.590938 
2358 0.004084 1.589181 
2359 0.004193 1.587293 
2360 0.004306 1.585274 
2361 0.004421 1.583123 
2362 0.004539 1.580842 
2363 0.004660 1.578430 
2364 0.004784 1.575888 
2365 0.004911 1.573216 
2366 0.005041 1.570413 
2367 0.005174 1.567481 
2368 0.005311 1.564419 
2369 0.005451 1.561228 
2370 0.005594 1.557908 
2371 0.005741 1.554459 
2372 0.005891 1.550882 
2373 0.006045 1.547176 
2374 0.006203 1.543343 
2375 0.006365 1.539382 
2376 0.006530 1.535294 
2377 0.006700 1.531079 
2378 0.006873 1.526737 
2379 0.007051 1.522270 
2380 0.007233 1.517676 
2381 0.007419 1.512957 
2382 0.007610 1.508113 
2383 0.007805 1.503145 
2384 0.008005 1.498052 
2385 0.008209 1.492835 
2386 0.008419 1.487495 
2387 0.008633 1.482032 
2388 0.008852 1.476447 
2389 0.009077 1.470739 
2390 0.009307 1.464910 
2391 0.009542 1.458960 
2392 0.009782 1.452889 
2393 0.010028 1.446699 
2394 0.010280 1.440388 
2395 0.010537 1.433959 
2396 0.010801 1.427411 
2397 0.011070 1.420746 
2398 0.011346 1.413962 
2399 0.011628 1.407062 
2400 0.011916 1.400046 
2401 0.012211 1.392914 
2402 0.012513 1.385667 
2403 0.012822 1.378305 
2404 0.013137 1.370829 
2405 0.013460 1.363240 
2406 0.013789 1.355539 
2407 0.014127 1.347725 
2408 0.014471 1.339800 
2409 0.014824 1.331765 
2410 0.015184 1.323619 
2411 0.015552 1.315364 
2412 0.015929 1.307000 
2413 0.016314 1.298528 
2414 0.016707 1.289949 
2415 0.017109 1.281263 
2416 0.017520 1.272471 
2417 0.017939 1.263574 
2418 0.018368 1.254573 
2419 0.018806 1.245468 
2420 0.019254 1.236260 
2421 0.019712 1.226950 
2422 0.020179 1.217539 
2423 0.020656 1.208027 
2424 0.021144 1.198415 
2425 0.021642 1.188704 
2426 0.022151 1.178895 
2427 0.022670 1.168988 
2428 0.023201 1.158985 
2429 0.023743 1.148886 
2430 0.024296 1.138692 
2431 0.024861 1.128404 
2432 0.025438 1.118022 
2433 0.026028 1.107549 
2434 0.026629 1.096983 
2435 0.027243 1.086328 
2436 0.027870 1.075582 
2437 0.028510 1.064747 
2438 0.029163 1.053825 
2439 0.029830 1.042815 
2440 0.030510 1.031719 
2441 0.031205 1.020538 
2442 0.031913 1.009273 
2443 0.032637 0.997924 
2444 0.033374 0.986492 
2445 0.034127 0.974980 
2446 0.034896 0.963386 
2447 0.035680 0.951713 
2448 0.036479 0.939961 
2449 0.037295 0.928132 
2450 0.038127 0.916226 
2451 0.038976 0.904244 
2452 0.039842 0.892187 
2453 0.040725 0.880057 
2454 0.041625 0.867854 
2455 0.042544 0.855579 
2456 0.043480 0.843234 
2457 0.044435 0.830819 
2458 0.045409 0.818335 
2459 0.046402 0.805784 
2460 0.047414 0.793165 
2461 0.048446 0.780482 
2462 0.049499 0.767734 
2463 0.050571 0.754922 
2464 0.051664 0.742048 
2465 0.052778 0.729113 
2466 0.053914 0.716118 
2467 0.055071 0.703063 
2468 0.056251 0.689950 
2469 0.057453 0.676780 
2470 0.058678 0.663555 
2471 0.059926 0.650274 
2472 0.061197 0.636940 
2473 0.062493 0.623553 
2474 0.063812 0.610114 
2475 0.065157 0.596625 
2476 0.066526 0.583087 
2477 0.067921 0.569501 
2478 0.069342 0.555867 
2479 0.070790 0.542188 
2480 0.072264 0.528464 
2481 0.073765 0.514696 
2482 0.075293 0.500885 
2483 0.076849 0.487033 
2484 0.078434 0.473141 
2485 0.080048 0.459210 
2486 0.081691 0.445241 
2487 0.083363 0.431235 
2488 0.085066 0.417193 
2489 0.086799 0.403117 
2490 0.088563 0.389008 
2491 0.090358 0.374867 
2492 0.092186 0.360694 
2493 0.094046 0.346492 
2494 0.095938 0.332261 
2495 0.097864 0.318002 
2496 0.099824 0.303718 
2497 0.101818 0.289408 
2498 0.103847 0.275074 
2499 0.105911 0.260718 
2500 0.108011 0.246340 
2501 0.110147 0.231942 
2502 0.112320 0.217524 
2503 0.114531 0.203089 
2504 0.116779 0.188636 
2505 0.119065 0.174168 
2506 0.121390 0.159686 
2507 0.123755 0.145191 
2508 0.126160 0.130683 
2509 0.128605 0.116165 
2510 0.131091 0.101637 
2511 0.133618 0.087101 
2512 0.136188 0.072557 
2513 0.138800 0.058008 
2514 0.141456 0.043454 
2515 0.144155 0.028896 
2516 0.146899 0.014336 
2517 0.149687 -0.000226 
2518 0.152521 -0.014787 
2519 0.155402 -0.029347 
2520 0.158328 -0.043905 
2521 0.161303 -0.058459 
2522 0.164325 -0.073008 
2523 0.167395 -0.087552 
2524 0.170515 -0.102088 
2525 0.173684 -0.116615 
2526 0.176903 -0.131133 
2527 0.180174 -0.145640 
2528 0.183496 -0.160135 
2529 0.186870 -0.174617 
2530 0.190297 -0.189084 
2531 0.193777 -0.203536 
2532 0.197311 -0.217971 
2533 0.200900 -0.232388 
2534 0.204544 -0.246786 
2535 0.208245 -0.261163 
2536 0.212001 -0.275519 
2537 0.215816 -0.289852 
2538 0.219688 -0.304161 
2539 0.223618 -0.318445 
2540 0.227608 -0.332702 
2541 0.231658 -0.346932 
2542 0.235768 -0.361134 
2543 0.239940 -0.375305 
2544 0.244173 -0.389446 
2545 0.248469 -0.403554 
2546 0.252829 -0.417629 
2547 0.257252 -0.431670 
2548 0.261740 -0.445674 
2549 0.266293 -0.459642 
2550 0.270912 -0.473572 
2551 0.275598 -0.487463 
2552 0.280352 -0.501314 
2553 0.285173 -0.515123 
2554 0.290063 -0.528890 
2555 0.295023 -0.542612 
2556 0.300053 -0.556290 
2557 0.305154 -0.569922 
2558 0.310326 -0.583507 
2559 0.315571 -0.597044 
2560 0.320889 -0.610531 
2561 0.326280 -0.623968 
2562 0.331746 -0.637354 
2563 0.337287 -0.650686 
2564 0.342904 -0.663965 
2565 0.348597 -0.677189 
2566 0.354368 -0.690357 
2567 0.360216 -0.703468 
2568 0.366143 -0.716521 
2569 0.372150 -0.729515 
2570 0.378237 -0.742448 
2571 0.384405 -0.755320 
2572 0.390654 -0.768130 
2573 0.396985 -0.780876 
2574 0.403399 -0.793558 
2575 0.409897 -0.806173 
2576 0.416480 -0.818723 
2577 0.423147 -0.831205 
2578 0.429901 -0.843618 
2579 0.436740 -0.855961 
2580 0.443667 -0.868233 
2581 0.450682 -0.880434 
2582 0.457786 -0.892562 
2583 0.464979 -0.904616 
2584 0.472261 -0.916596 
2585 0.479635 -0.928500 
2586 0.487100 -0.940327 
2587 0.494657 -0.952076 
2588 0.502306 -0.963747 
2589 0.510050 -0.975338 
2590 0.517887 -0.986848 
2591 0.525819 -0.998277 
2592 0.533847 -1.009623 
2593 0.541970 -1.020886 
2594 0.550191 -1.032064 
2595 0.558509 -1.043158 
2596 0.566925 -1.054165 
2597 0.575440 -1.065084 
2598 0.584054 -1.075916 
2599 0.592769 -1.086659 
2600 0.601584 -1.097312 
2601 0.610500 -1.107875 
2602 0.619518 -1.118346 
2603 0.628639 -1.128724 
2604 0.637864 -1.139009 
2605 0.647192 -1.149200 
2606 0.656624 -1.159296 
2607 0.666161 -1.169297 
2608 0.675804 -1.179200 
2609 0.685554 -1.189006 
2610 0.695409 -1.198714 
2611 0.705373 -1.208323 
2612 0.715444 -1.217832 
2613 0.725623 -1.227240 
2614 0.735912 -1.236547 
2615 0.746310 -1.245752 
2616 0.756818 -1.254854 
2617 0.767437 -1.263852 
2618 0.778166 -1.272745 
2619 0.789007 -1.281534 
2620 0.799961 -1.290216 
2621 0.811026 -1.298792 
2622 0.822205 -1.307261 
2623 0.833497 -1.315621 
2624 0.844903 -1.323873 
2625 0.856424 -1.332015 
2626 0.868059 -1.340048 
2627 0.879810 -1.347969 
2628 0.891676 -1.355779 
2629 0.903658 -1.363477 
2630 0.915756 -1.371063 
2631 0.927971 -1.378535 
2632 0.940303 -1.385893 
2633 0.952753 -1.393137 
2634 0.965321 -1.400265 
2635 0.978006 -1.407278 
2636 0.990810 -1.414174 
2637 1.003733 -1.420954 
2638 1.016774 -1.427616 
2639 1.029935 -1.434160 
2640 1.043216 -1.440586 
2641 1.056616 -1.446892 
2642 1.070136 -1.453079 
2643 1.083776 -1.459146 
2644 1.097537 -1.465093 
2645 1.111418 -1.470918 
2646 1.125420 -1.476622 
2647 1.139542 -1.482203 
2648 1.153786 -1.487662 
2649 1.168151 -1.492999 
2650 1.182636 -1.498211 
2651 1.197244 -1.503300 
2652 1.211972 -1.508265 
2653 1.226822 -1.513105 
2654 1.241793 -1.517820 
2655 1.256886 -1.522410 
2656 1.272100 -1.526874 
2657 1.287436 -1.531212 
2658 1.302893 -1.535423 
2659 1.318471 -1.539507 
2660 1.334170 -1.543464 
2661 1.349991 -1.547293 
2662 1.365932 -1.550995 
2663 1.381995 -1.554568 
2664 1.398178 -1.558013 
2665 1.414481 -1.561329 
2666 1.430905 -1.564516 
2667 1.447449 -1.567574 
2668 1.464113 -1.570502 
2669 1.480897 -1.573301 
2670 1.497800 -1.575969 
2671 1.514822 -1.578507 
2672 1.531963 -1.580915 
2673 1.549222 -1.583192 
2674 1.566599 -1.585338 
2675 1.584094 -1.587353 
2676 1.601706 -1.589237 
2677 1.619436 -1.590990 
2678 1.637281 -1.592611 
2679 1.655242 -1.594101 
2680 1.673319 -1.595459 
2681 1.691511 -1.596684 
2682 1.709817 -1.597778 
2683 1.728237 -1.598740 
2684 1.746771 -1.599570 
2685 1.765417 -1.600268 
2686 1.784175 -1.600833 
2687 1.803044 -1.601266 
2688 1.822024 -1.601567 
2689 1.841114 -1.601736 
2690 1.860314 -1.601772 
2691 1.879621 -1.601675 
2692 1.899037 -1.601446 
2693 1.918560 -1.601085 
2694 1.938189 -1.600592 
2695 1.957923 -1.599966 
2696 1.977762 -1.599208 
2697 1.997704 -1.598318 
2698 2.017749 -1.597296 
2699 2.037896 -1.596142 
2700 2.058143 -1.594856 
2701 2.078491 -1.593438 
2702 2.098937 -1.591888 
2703 2.119481 -1.590207 
2704 2.140121 -1.588395 
2705 2.160858 -1.586451 
2706 2.181688 -1.584376 
2707 2.202612 -1.582170 
2708 2.223629 -1.579834 
2709 2.244736 -1.577366 
2710 2.265933 -1.574769 
2711 2.287219 -1.572041 
2712 2.308592 -1.569183 
2713 2.330052 -1.566196 
2714 2.351596 -1.563079 
2715 2.373223 -1.559834 
2716 2.394933 -1.556459 
2717 2.416723 -1.552955 
2718 2.438593 -1.549323 
2719 2.460540 -1.545564 
2720 2.482564 -1.541676 
2721 2.504663 -1.537661 
2722 2.526835 -1.533519 
2723 2.549080 -1.529250 
2724 2.571394 -1.524855 
2725 2.593778 -1.520334 
2726 2.616229 -1.515687 
2727 2.638745 -1.510915 
2728 2.661325 -1.506018 
2729 2.683968 -1.500996 
2730 2.706671 -1.495851 
2731 2.729433 -1.490582 
2732 2.752253 -1.485189 
2733 2.775127 -1.479674 
2734 2.798056 -1.474037 
2735 2.821036 -1.468278 
2736 2.844066 -1.462397 
2737 2.867144 -1.456396 
2738 2.890269 -1.450274 
2739 2.913438 -1.444033 
2740 2.936649 -1.437672 
2741 2.959901 -1.431192 
2742 2.983192 -1.424594 
2743 3.006519 -1.417878 
2744 3.029880 -1.411045 
2745 3.053275 -1.404096 
2746 3.076700 -1.397030 
2747 3.100153 -1.389849 
2748 3.123632 -1.382553 
2749 3.147136 -1.375143 
2750 3.170663 -1.367619 
2751 3.194209 -1.359982 
2752 3.217773 -1.352233 
2753 3.241353 -1.344372 
2754 3.264946 -1.336400 
2755 3.288550 -1.328318 
2756 3.312164 -1.320125 
2757 3.335784 -1.311824 
2758 3.359409 -1.303414 
2759 3.383036 -1.294897 
2760 3.406663 -1.286272 
2761 3.430288 -1.277541 
2762 3.453908 -1.268705 
2763 3.477521 -1.259763 
2764 3.501125 -1.250718 
2765 3.524717 -1.241569 
2766 3.548295 -1.232318 
2767 3.571856 -1.222965 
2768 3.595398 -1.213510 
2769 3.618919 -1.203956 
2770 3.642416 -1.194302 
2771 3.665886 -1.184549 
2772 3.689328 -1.174698 
2773 3.712739 -1.164750 
2774 3.736116 -1.154706 
2775 3.759456 -1.144567 
2776 3.782758 -1.134333 
2777 3.806018 -1.124005 
2778 3.829235 -1.113584 
2779 3.852405 -1.103072 
2780 3.875527 -1.092468 
2781 3.898597 -1.081774 
2782 3.921613 -1.070990 
2783 3.944572 -1.060118 
2784 3.967472 -1.049158 
2785 3.990310 -1.038112 
2786 4.013084 -1.026980 
2787 4.035791 -1.015763 
2788 4.058428 -1.004462 
2789 4.080994 -0.993078 
2790 4.103484 -0.981612 
2791 4.125897 -0.970064 
2792 4.148230 -0.958437 
2793 4.170480 -0.946730 
2794 4.192645 -0.934946 
2795 4.214723 -0.923083 
2796 4.236709 -0.911145 
2797 4.258603 -0.899131 
2798 4.280400 -0.887043 
2799 4.302100 -0.874882 
2800 4.323698 -0.862648 
2801 4.345193 -0.850343 
2802 4.366581 -0.837968 
2803 4.387861 -0.825524 
2804 4.409029 -0.813011 
2805 4.430083 -0.800431 
2806 4.451020 -0.787785 
2807 4.471838 -0.775074 
2808 4.492535 -0.762299 
2809 4.513106 -0.749461 
2810 4.533551 -0.736561 
2811 4.553866 -0.723600 
2812 4.574048 -0.710579 
2813 4.594096 -0.697500 
2814 4.614007 -0.684362 
2815 4.633777 -0.671169 
2816 4.653405 -0.657920 
2817 4.672889 -0.644616 
2818 4.692225 -0.631259 
2819 4.711410 -0.617850 
2820 4.730444 -0.604390 
2821 4.749322 -0.590880 
2822 4.768043 -0.577321 
2823 4.786605 -0.563715 
2824 4.805004 -0.550062 
2825 4.823238 -0.536363 
2826 4.841305 -0.522620 
2827 4.859202 -0.508834 
2828 4.876928 -0.495006 
2829 4.894479 -0.481137 
2830 4.911854 -0.467228 
2831 4.929050 -0.453280 
2832 4.946065 -0.439296 
2833 4.962896 -0.425274 
2834 4.979541 -0.411218 
2835 4.995998 -0.397128 
2836 5.012265 -0.383005 
2837 5.028340 -0.368850 
2838 5.044219 -0.354664 
2839 5.059902 -0.340450 
2840 5.075386 -0.326207 
2841 5.090669 -0.311937 
2842 5.105748 -0.297642 
2843 5.120622 -0.283322 
2844 5.135289 -0.268978 
2845 5.149746 -0.254613 
2846 5.163992 -0.240226 
2847 5.178025 -0.225819 
2848 5.191842 -0.211394 
2849 5.205442 -0.196951 
2850 5.218823 -0.182492 
2851 5.231982 -0.168018 
2852 5.244919 -0.153530 
2853 5.257631 -0.139029 
2854 5.270117 -0.124517 
2855 5.282374 -0.109995 
2856 5.294402 -0.095463 
2857 5.306197 -0.080924 
2858 5.317759 -0.066377 
2859 5.329087 -0.051826 
2860 5.340178 -0.037270 
2861 5.351030 -0.022711 
2862 5.361643 -0.008150 
2863 5.372014 0.006412 
2864 5.382143 0.020973 
2865 5.392028 0.035532 
2866 5.401667 0.050088 
2867 5.411059 0.064640 
2868 5.420202 0.079187 
2869 5.429097 0.093728 
2870 5.437740 0.108260 
2871 5.446131 0.122784 
2872 5.454268 0.137297 
2873 5.462151 0.151799 
2874 5.469778 0.166289 
2875 5.477149 0.180765 
2876 5.484262 0.195226 
2877 5.491115 0.209670 
2878 5.497709 0.224098 
2879 5.504042 0.238507 
2880 5.510113 0.252896 
2881 5.515922 0.267264 
2882 5.521467 0.281610 
2883 5.526747 0.295933 
2884 5.531763 0.310232 
2885 5.536513 0.324505 
2886 5.540996 0.338751 
2887 5.545212 0.352969 
2888 5.549160 0.367158 
2889 5.552840 0.381316 
2890 5.556251 0.395443 
2891 5.559393 0.409537 
2892 5.562265 0.423598 
2893 5.564866 0.437623 
2894 5.567197 0.451613 
2895 5.569257 0.465565 
2896 5.571045 0.479478 
2897 5.572562 0.493352 
2898 5.573807 0.507185 
2899 5.574780 0.520976 
2900 5.575481 0.534725 
2901 5.575910 0.548428 
2902 5.576066 0.562087 
2903 5.575950 0.575699 
2904 5.575562 0.589264 
2905 5.574901 0.602780 
2906 5.573969 0.616246 
2907 5.572764 0.629661 
2908 5.571287 0.643024 
2909 5.569539 0.656334 
2910 5.567519 0.669590 
2911 5.565229 0.682790 
2912 5.562667 0.695934 
2913 5.559835 0.709021 
2914 5.556733 0.722048 
2915 5.553362 0.735017 
2916 5.549722 0.747924 
2917 5.545813 0.760770 
2918 5.541636 0.773552 
2919 5.537192 0.786271 
2920 5.532481 0.798925 
2921 5.527504 0.811513 
2922 5.522262 0.824034 
2923 5.516755 0.836486 
2924 5.510985 0.848870 
2925 5.504952 0.861183 
2926 5.498656 0.873425 
2927 5.492100 0.885595 
2928 5.485283 0.897692 
2929 5.478208 0.909715 
2930 5.470874 0.921662 
2931 5.463283 0.933533 
2932 5.455436 0.945327 
2933 5.447335 0.957043 
2934 5.438980 0.968680 
2935 5.430372 0.980237 
2936 5.421513 0.991713 
2937 5.412404 1.003107 
2938 5.403046 1.014418 
2939 5.393441 1.025645 
2940 5.383590 1.036787 
2941 5.373495 1.047844 
2942 5.363156 1.058814 
2943 5.352576 1.069697 
2944 5.341756 1.080491 
2945 5.330697 1.091196 
2946 5.319402 1.101810 
2947 5.307871 1.112334 
2948 5.296106 1.122766 
2949 5.284109 1.133105 
2950 5.271881 1.143350 
2951 5.259425 1.153501 
2952 5.246742 1.163556 
2953 5.233834 1.173516 
2954 5.220703 1.183378 
2955 5.207350 1.193142 
2956 5.193777 1.202808 
2957 5.179987 1.212375 
2958 5.165981 1.221841 
2959 5.151761 1.231206 
2960 5.137329 1.240470 
2961 5.122688 1.249631 
2962 5.107838 1.258689 
2963 5.092783 1.267643 
2964 5.077524 1.276492 
2965 5.062063 1.285235 
2966 5.046403 1.293872 
2967 5.030545 1.302403 
2968 5.014493 1.310826 
2969 4.998247 1.319140 
2970 4.981810 1.327345 
2971 4.965185 1.335441 
2972 4.948374 1.343426 
2973 4.931378 1.351301 
2974 4.914201 1.359063 
2975 4.896844 1.366713 
2976 4.879310 1.374251 
2977 4.861602 1.381675 
2978 4.843721 1.388984 
2979 4.825670 1.396179 
2980 4.807451 1.403258 
2981 4.789067 1.410222 
2982 4.770520 1.417069 
2983 4.751813 1.423798 
2984 4.732947 1.430410 
2985 4.713927 1.436904 
2986 4.694753 1.443279 
2987 4.675429 1.449535 
2988 4.655957 1.455671 
2989 4.636339 1.461687 
2990 4.616578 1.467582 
2991 4.596677 1.473356 
2992 4.576638 1.479008 
2993 4.556464 1.484537 
2994 4.536157 1.489944 
2995 4.515720 1.495228 
2996 4.495155 1.500388 
2997 4.474465 1.505425 
2998 4.453653 1.510337 
2999 4.432721 1.515124 
3000 4.411671 1.519786 
3001 4.390507 1.524322 
3002 4.369231 1.528732 
3003 4.347845 1.533016 
3004 4.326353 1.537173 
3005 4.304757 1.541203 
3006 4.283059 1.545106 
3007 4.261262 1.548881 
3008 4.239369 1.552528 
3009 4.217382 1.556047 
3010 4.195304 1.559437 
3011 4.173138 1.562699 
3012 4.150886 1.565831 
3013 4.128551 1.568834 
3014 4.106135 1.571707 
3015 4.083641 1.574450 
3016 4.061072 1.577063 
3017 4.038431 1.579546 
3018 4.015719 1.581898 
3019 3.992940 1.584120 
3020 3.970096 1.586210 
3021 3.947190 1.588170 
3022 3.924224 1.589998 
3023 3.901201 1.591695 
3024 3.878123 1.593260 
3025 3.854994 1.594694 
3026 3.831815 1.595995 
3027 3.808590 1.597165 
3028 3.785320 1.598203 
3029 3.762008 1.599109 
3030 3.738657 1.599883 
3031 3.715270 1.600524 
3032 3.691848 1.601033 
3033 3.668395 1.601410 
3034 3.644912 1.601655 
3035 3.621403 1.601767 
3036 3.597869 1.601747 
3037 3.574314 1.601594 
3038 3.550739 1.601309 
3039 3.527148 1.600892 
3040 3.503541 1.600342 
3041 3.479923 1.599661 
3042 3.456295 1.598846 
3043 3.432659 1.597900 
3044 3.409019 1.596822 
3045 3.385375 1.595612 
3046 3.361732 1.594270 
3047 3.338090 1.592796 
3048 3.314453 1.591190 
3049 3.290821 1.589453 
3050 3.267199 1.587585 
3051 3.243588 1.585586 
3052 3.219990 1.583455 
3053 3.196407 1.581194 
3054 3.172842 1.578801 
3055 3.149296 1.576279 
3056 3.125773 1.573626 
3057 3.102273 1.570843 
3058 3.078800 1.567930 
3059 3.055355 1.564888 
3060 3.031940 1.561716 
3061 3.008558 1.558416 
3062 2.985209 1.554986 
3063 2.961898 1.551428 
3064 2.938624 1.547742 
3065 2.915391 1.543928 
3066 2.892200 1.539986 
3067 2.869053 1.535917 
3068 2.845953 1.531721 
3069 2.822900 1.527398 
3070 2.799897 1.522950 
3071 2.776946 1.518375 
3072 2.754048 1.513675 
3073 2.731206 1.508850 
3074 2.708420 1.503900 
3075 2.685693 1.498826 
3076 2.663027 1.493628 
3077 2.640423 1.488306 
3078 2.617883 1.482862 
3079 2.595408 1.477294 
3080 2.573000 1.471605 
3081 2.550662 1.465795 
3082 2.528393 1.459863 
3083 2.506196 1.453810 
3084 2.484073 1.447637 
3085 2.462024 1.441345 
3086 2.440052 1.434934 
3087 2.418158 1.428404 
3088 2.396343 1.421755 
3089 2.374608 1.414990 
3090 2.352956 1.408107 
3091 2.331387 1.401108 
3092 2.309903 1.393994 
3093 2.288505 1.386764 
3094 2.267194 1.379419 
3095 2.245972 1.371961 
3096 2.224840 1.364389 
3097 2.203798 1.356704 
3098 2.182849 1.348907 
3099 2.161993 1.340999 
3100 2.141232 1.332980 
3101 2.120567 1.324851 
3102 2.099998 1.316612 
3103 2.079527 1.308265 
3104 2.059155 1.299809 
3105 2.038883 1.291246 
3106 2.018711 1.282576 
3107 1.998642 1.273800 
3108 1.978675 1.264919 
3109 1.958811 1.255933 
3110 1.939053 1.246844 
3111 1.919399 1.237652 
3112 1.899852 1.228357 
3113 1.880412 1.218961 
3114 1.861080 1.209464 
3115 1.841857 1.199867 
3116 1.822743 1.190171 
3117 1.803739 1.180376 
3118 1.784846 1.170484 
3119 1.766065 1.160495 
3120 1.747395 1.150411 
3121 1.728839 1.140231 
3122 1.710395 1.129957 
3123 1.692066 1.119590 
3124 1.673851 1.109130 
3125 1.655752 1.098578 
3126 1.637768 1.087936 
3127 1.619900 1.077204 
3128 1.602148 1.066382 
3129 1.584514 1.055473 
3130 1.566997 1.044476 
3131 1.549598 1.033393 
3132 1.532317 1.022225 
3133 1.515155 1.010972 
3134 1.498111 0.999636 
3135 1.481187 0.988217 
3136 1.464383 0.976716 
3137 1.447698 0.965135 
3138 1.431133 0.953473 
3139 1.414689 0.941734 
3140 1.398365 0.929916 
3141 1.382162 0.918021 
3142 1.366080 0.906051 
3143 1.350119 0.894005 
3144 1.334279 0.881886 
3145 1.318561 0.869694 
3146 1.302963 0.857430 
3147 1.287488 0.845095 
3148 1.272134 0.832690 
3149 1.256901 0.820217 
3150 1.241790 0.807675 
3151 1.226801 0.795067 
3152 1.211934 0.782393 
3153 1.197188 0.769655 
3154 1.182563 0.756853 
3155 1.168060 0.743988 
3156 1.153679 0.731062 
3157 1.139419 0.718076 
3158 1.125280 0.705030 
3159 1.111262 0.691926 
3160 1.097365 0.678764 
3161 1.083589 0.665547 
3162 1.069933 0.652275 
3163 1.056398 0.638948 
3164 1.042983 0.625569 
3165 1.029688 0.612138 
3166 1.016513 0.598657 
3167 1.003457 0.585126 
3168 0.990520 0.571547 
3169 0.977702 0.557920 
3170 0.965003 0.544248 
3171 0.952423 0.530530 
3172 0.939960 0.516769 
3173 0.927615 0.502965 
3174 0.915387 0.489119 
3175 0.903276 0.475233 
3176 0.891282 0.461308 
3177 0.879404 0.447344 
3178 0.867642 0.433344 
3179 0.855996 0.419307 
3180 0.844464 0.405236 
3181 0.833047 0.391132 
3182 0.821744 0.376995 
3183 0.810555 0.362827 
3184 0.799479 0.348629 
3185 0.788516 0.334403 
3186 0.777665 0.320148 
3187 0.766926 0.305868 
3188 0.756298 0.291561 
3189 0.745781 0.277231 
3190 0.735374 0.262878 
3191 0.725077 0.248503 
3192 0.714889 0.234108 
3193 0.704810 0.219693 
3194 0.694839 0.205260 
3195 0.684975 0.190811 
3196 0.675218 0.176345 
3197 0.665568 0.161865 
3198 0.656024 0.147371 
3199 0.646585 0.132866 
3200 0.637250 0.118349 
3201 0.628019 0.103822 
3202 0.618892 0.089287 
3203 0.609868 0.074745 
3204 0.600946 0.060196 
3205 0.592125 0.045643 
3206 0.583405 0.031085 
3207 0.574786 0.016525 
3208 0.566266 0.001964 
3209 0.557845 -0.012597 
3210 0.549523 -0.027158 
3211 0.541298 -0.041716 
3212 0.533170 -0.056271 
3213 0.525139 -0.070821 
3214 0.517203 -0.085365 
3215 0.509362 -0.099902 
3216 0.501615 -0.114431 
3217 0.493962 -0.128950 
3218 0.486402 -0.143459 
3219 0.478935 -0.157956 
3220 0.471559 -0.172440 
3221 0.464273 -0.186910 
3222 0.457078 -0.201364 
3223 0.449973 -0.215801 
3224 0.442956 -0.230221 
3225 0.436027 -0.244622 
3226 0.429186 -0.259002 
3227 0.422431 -0.273361 
3228 0.415762 -0.287698 
3229 0.409179 -0.302011 
3230 0.402680 -0.316298 
3231 0.396264 -0.330560 
3232 0.389932 -0.344794 
3233 0.383683 -0.359000 
3234 0.377515 -0.373176 
3235 0.371428 -0.387321 
3236 0.365421 -0.401435 
3237 0.359494 -0.415515 
3238 0.353645 -0.429560 
3239 0.347875 -0.443571 
3240 0.342182 -0.457544 
3241 0.336566 -0.471480 
3242 0.331026 -0.485377 
3243 0.325561 -0.499234 
3244 0.320170 -0.513049 
3245 0.314854 -0.526822 
3246 0.309610 -0.540552 
3247 0.304439 -0.554236 
3248 0.299340 -0.567875 
3249 0.294312 -0.581467 
3250 0.289354 -0.595012 
3251 0.284465 -0.608506 
3252 0.279646 -0.621951 
3253 0.274894 -0.635344 
3254 0.270211 -0.648685 
3255 0.265593 -0.661972 
3256 0.261043 -0.675204 
3257 0.256557 -0.688381 
3258 0.252136 -0.701500 
3259 0.247779 -0.714562 
3260 0.243486 -0.727565 
3261 0.239255 -0.740507 
3262 0.235087 -0.753388 
3263 0.230979 -0.766208 
3264 0.226932 -0.778963 
3265 0.222946 -0.791655 
3266 0.219018 -0.804280 
3267 0.215149 -0.816840 
3268 0.211339 -0.829332 
3269 0.207585 -0.841755 
3270 0.203888 -0.854109 
3271 0.200248 -0.866392 
3272 0.196662 -0.878604 
3273 0.193132 -0.890743 
3274 0.189655 -0.902808 
3275 0.186232 -0.914799 
3276 0.182862 -0.926714 
3277 0.179544 -0.938553 
3278 0.176277 -0.950314 
3279 0.173062 -0.961997 
3280 0.169896 -0.973600 
3281 0.166781 -0.985122 
3282 0.163715 -0.996563 
3283 0.160697 -1.007922 
3284 0.157727 -1.019197 
3285 0.154804 -1.030389 
3286 0.151928 -1.041495 
3287 0.149098 -1.052515 
3288 0.146314 -1.063448 
3289 0.143575 -1.074293 
3290 0.140880 -1.085049 
3291 0.138229 -1.095716 
3292 0.135621 -1.106292 
3293 0.133056 -1.116777 
3294 0.130533 -1.127169 
3295 0.128051 -1.137468 
3296 0.125611 -1.147674 
3297 0.123211 -1.157784 
3298 0.120851 -1.167799 
3299 0.118530 -1.177717 
3300 0.116248 -1.187538 
3301 0.114005 -1.197261 
3302 0.111799 -1.206884 
3303 0.109631 -1.216408 
3304 0.107499 -1.225832 
3305 0.105404 -1.235154 
3306 0.103345 -1.244374 
3307 0.101320 -1.253492 
3308 0.099331 -1.262505 
3309 0.097376 -1.271415 
3310 0.095455 -1.280219 
3311 0.093567 -1.288917 
3312 0.091711 -1.297509 
3313 0.089889 -1.305994 
3314 0.088098 -1.314371 
3315 0.086338 -1.322639 
3316 0.084610 -1.330798 
3317 0.082912 -1.338847 
3318 0.081244 -1.346785 
3319 0.079606 -1.354612 
3320 0.077997 -1.362327 
3321 0.076417 -1.369929 
3322 0.074865 -1.377418 
3323 0.073341 -1.384794 
3324 0.071845 -1.392055 
3325 0.070376 -1.399200 
3326 0.068933 -1.406231 
3327 0.067517 -1.413145 
3328 0.066126 -1.419942 
3329 0.064761 -1.426622 
3330 0.063421 -1.433184 
3331 0.062106 -1.439627 
3332 0.060815 -1.445952 
3333 0.059548 -1.452157 
3334 0.058304 -1.458242 
3335 0.057084 -1.464206 
3336 0.055887 -1.470050 
3337 0.054711 -1.475772 
3338 0.053558 -1.481372 
3339 0.052427 -1.486849 
3340 0.051317 -1.492204 
3341 0.050228 -1.497435 
3342 0.049160 -1.502543 
3343 0.048112 -1.507527 
3344 0.047085 -1.512385 
3345 0.046076 -1.517119 
3346 0.045088 -1.521728 
3347 0.044118 -1.526211 
3348 0.043167 -1.530567 
3349 0.042235 -1.534797 
3350 0.041320 -1.538901 
3351 0.040424 -1.542877 
3352 0.039545 -1.546725 
3353 0.038683 -1.550446 
3354 0.037838 -1.554039 
3355 0.037010 -1.557503 
3356 0.036198 -1.560839 
3357 0.035402 -1.564045 
3358 0.034622 -1.567122 
3359 0.033857 -1.570070 
3360 0.033108 -1.572888 
3361 0.032374 -1.575576 
3362 0.031654 -1.578134 
3363 0.030949 -1.580561 
3364 0.030258 -1.582858 
3365 0.029582 -1.585024 
3366 0.028919 -1.587059 
3367 0.028269 -1.588962 
3368 0.027632 -1.590735 
3369 0.027009 -1.592376 
3370 0.026398 -1.593885 
3371 0.025800 -1.595263 
3372 0.025215 -1.596509 
3373 0.024641 -1.597622 
3374 0.024079 -1.598604 
3375 0.023529 -1.599454 
3376 0.022990 -1.600171 
3377 0.022463 -1.600757 
3378 0.021946 -1.601210 
3379 0.021441 -1.601530 
3380 0.020946 -1.601719 
3381 0.020461 -1.601775 
3382 0.019987 -1.601698 
3383 0.019522 -1.601489 
3384 0.019068 -1.601148 
3385 0.018623 -1.600675 
3386 0.018188 -1.600069 
3387 0.017762 -1.599331 
3388 0.017345 -1.598461 
3389 0.016937 -1.597458 
3390 0.016538 -1.596324 
3391 0.016147 -1.595058 
3392 0.015765 -1.593660 
3393 0.015391 -1.592130 
3394 0.015026 -1.590469 
3395 0.014668 -1.588676 
3396 0.014318 -1.586752 
3397 0.013976 -1.584696 
3398 0.013641 -1.582510 
3399 0.013314 -1.580193 
3400 0.012994 -1.577746 
3401 0.012681 -1.575168 
3402 0.012375 -1.572460 
3403 0.012075 -1.569622 
3404 0.011783 -1.566654 
3405 0.011497 -1.563556 
3406 0.011217 -1.560330 
3407 0.010943 -1.556974 
3408 0.010676 -1.553490 
3409 0.010415 -1.549878 
3410 0.010159 -1.546137 
3411 0.009910 -1.542269 
3412 0.009666 -1.538273 
3413 0.009427 -1.534150 
3414 0.009194 -1.529900 
3415 0.008967 -1.525524 
3416 0.008744 -1.521022 
3417 0.008527 -1.516394 
3418 0.008315 -1.511640 
3419 0.008107 -1.506762 
3420 0.007904 -1.501759 
3421 0.007706 -1.496633 
3422 0.007513 -1.491382 
3423 0.007324 -1.486008 
3424 0.007140 -1.480512 
3425 0.006959 -1.474893 
3426 0.006783 -1.469152 
3427 0.006612 -1.463289 
3428 0.006444 -1.457306 
3429 0.006280 -1.451203 
3430 0.006120 -1.444979 
3431 0.005964 -1.438636 
3432 0.005811 -1.432174 
3433 0.005662 -1.425594 
3434 0.005517 -1.418896 
3435 0.005375 -1.412080 
3436 0.005236 -1.405148 
3437 0.005101 -1.398100 
3438 0.004969 -1.390936 
3439 0.004841 -1.383658 
3440 0.004715 -1.376265 
3441 0.004592 -1.368758 
3442 0.004473 -1.361138 
3443 0.004356 -1.353406 
3444 0.004242 -1.345562 
3445 0.004131 -1.337606 
3446 0.004023 -1.329540 
3447 0.003917 -1.321364 
3448 0.003814 -1.313079 
3449 0.003713 -1.304686 
3450 0.003615 -1.296184 
3451 0.003519 -1.287576 
3452 0.003426 -1.278861 
3453 0.003335 -1.270040 
3454 0.003246 -1.261115 
3455 0.003159 -1.252085 
3456 0.003075 -1.242952 
3457 0.002993 -1.233716 
3458 0.002912 -1.224378 
3459 0.002834 -1.214938 
3460 0.002758 -1.205399 
3461 0.002684 -1.195760 
3462 0.002611 -1.186022 
3463 0.002540 -1.176186 
3464 0.002472 -1.166253 
3465 0.002404 -1.156223 
3466 0.002339 -1.146098 
3467 0.002275 -1.135878 
3468 0.002213 -1.125564 
3469 0.002153 -1.115157 
3470 0.002094 -1.104658 
3471 0.002036 -1.094068 
3472 0.001980 -1.083388 
3473 0.001926 -1.072617 
3474 0.001873 -1.061759 
3475 0.001821 -1.050812 
3476 0.001771 -1.039779 
3477 0.001722 -1.028659 
3478 0.001674 -1.017455 
3479 0.001627 -1.006166 
3480 0.001582 -0.994795 
3481 0.001538 -0.983341 
3482 0.001495 -0.971806 
3483 0.001453 -0.960191 
3484 0.001412 -0.948496 
3485 0.001372 -0.936723 
3486 0.001334 -0.924872 
3487 0.001296 -0.912945 
3488 0.001259 -0.900943 
3489 0.001224 -0.888866 
3490 0.001189 -0.876716 
3491 0.001155 -0.864493 
3492 0.001123 -0.852198 
3493 0.001091 -0.839834 
3494 0.001059 -0.827400 
3495 0.001029 -0.814897 
3496 0.001000 -0.802327 
3497 0.000971 -0.789691 
3498 0.000943 -0.776990 
3499 0.000916 -0.764224 
3500 0.000890 -0.751396 
3501 0.000864 -0.738505 
3502 0.000839 -0.725553 
3503 0.000815 -0.712541 
3504 0.000791 -0.699470 
3505 0.000768 -0.686342 
3506 0.000746 -0.673156 
3507 0.000724 -0.659915 
3508 0.000703 -0.646620 
3509 0.000682 -0.633271 
3510 0.000662 -0.619870 
3511 0.000643 -0.606418 
3512 0.000624 -0.592915 
3513 0.000606 -0.579363 
3514 0.000588 -0.565764 
3515 0.000570 -0.552118 
3516 0.000554 -0.538426 
3517 0.000537 -0.524690 
3518 0.000521 -0.510910 
3519 0.000506 -0.497088 
3520 0.000491 -0.483225 
3521 0.000476 -0.469322 
3522 0.000462 -0.455380 
3523 0.000448 -0.441401 
3524 0.000435 -0.427385 
3525 0.000421 -0.413334 
3526 0.000409 -0.399249 
3527 0.000397 -0.385130 
3528 0.000385 -0.370980 
3529 0.000373 -0.356800 
3530 0.000362 -0.342589 
3531 0.000351 -0.328351 
3532 0.000340 -0.314085 
3533 0.000330 -0.299793 
3534 0.000320 -0.285477 
3535 0.000310 -0.271137 
3536 0.000300 -0.256774 
3537 0.000291 -0.242391 
3538 0.000282 -0.227987 
3539 0.000274 -0.213564 
3540 0.000265 -0.199124 
3541 0.000257 -0.184667 
3542 0.000249 -0.170196 
3543 0.000242 -0.155710 
3544 0.000234 -0.141211 
3545 0.000227 -0.126700 
3546 0.000220 -0.112179 
3547 0.000213 -0.097649 
3548 0.000206 -0.083111 
3549 0.000200 -0.068565 
3550 0.000194 -0.054014 
3551 0.000188 -0.039459 
3552 0.000182 -0.024900 
3553 0.000176 -0.010340 
3554 0.000171 0.004222 
3555 0.000165 0.018783 
3556 0.000160 0.033342 
3557 0.000155 0.047899 
3558 0.000150 0.062452 
3559 0.000145 0.077000 
3560 0.000141 0.091541 
3561 0.000136 0.106075 
3562 0.000132 0.120600 
3563 0.000128 0.135115 
3564 0.000124 0.149619 
3565 0.000120 0.164111 
3566 0.000116 0.178589 
3567 0.000112 0.193052 
3568 0.000109 0.207499 
3569 0.000105 0.221929 
3570 0.000102 0.236341 
3571 0.000098 0.250733 
3572 0.000095 0.265105 
3573 0.000092 0.279454 
3574 0.000089 0.293781 
3575 0.000086 0.308083 
3576 0.000084 0.322360 
3577 0.000081 0.336610 
3578 0.000078 0.350832 
3579 0.000076 0.365026 
3580 0.000073 0.379189 
3581 0.000071 0.393321 
3582 0.000068 0.407420 
3583 0.000066 0.421486 
3584 0.000064 0.435517 
3585 0.000062 0.449511 
3586 0.000060 0.463469 
3587 0.000058 0.477388 
3588 0.000056 0.491268 
3589 0.000054 0.505108 
3590 0.000052 0.518905 
3591 0.000051 0.532660 
3592 0.000049 0.546371 
3593 0.000047 0.560036 
3594 0.000046 0.573655 
3595 0.000044 0.587227 
3596 0.000043 0.600750 
3597 0.000041 0.614224 
3598 0.000040 0.627647 
3599 0.000039 0.641018 
3600 0.000037 0.654336 
3601 0.000036 0.667600 
3602 0.000035 0.680809 
3603 0.000034 0.693961 
3604 0.000033 0.707056 
3605 0.000031 0.720093 
3606 0.000030 0.733070 
3607 0.000029 0.745987 
3608 0.000028 0.758842 
3609 0.000027 0.771634 
3610 0.000026 0.784363 
3611 0.000026 0.797026 
3612 0.000025 0.809624 
3613 0.000024 0.822155 
3614 0.000023 0.834618 
3615 0.000022 0.847012 
3616 0.000021 0.859336 
3617 0.000021 0.871589 
3618 0.000020 0.883770 
3619 0.000019 0.895878 
3620 0.000019 0.907911 
3621 0.000018 0.919870 
3622 0.000017 0.931753 
3623 0.000017 0.943559 
3624 0.000016 0.955287 
3625 0.000016 0.966935 
3626 0.000015 0.978504 
3627 0.000015 0.989992 
3628 0.000014 1.001399 
3629 0.000014 1.012722 
3630 0.000013 1.023962 
3631 0.000013 1.035117 
3632 0.000012 1.046187 
3633 0.000012 1.057170 
3634 0.000011 1.068066 
3635 0.000011 1.078873 
3636 0.000011 1.089592 
3637 0.000010 1.100220 
3638 0.000010 1.110757 
3639 0.000009 1.121203 
3640 0.000009 1.131556 
3641 0.000009 1.141815 
3642 0.000009 1.151980 
3643 0.000008 1.162050 
3644 0.000008 1.172024 
3645 0.000008 1.181901 
3646 0.000007 1.191680 
3647 0.000007 1.201361 
3648 0.000007 1.210943 
3649 0.000007 1.220424 
3650 0.000006 1.229805 
3651 0.000006 1.239083 
3652 0.000006 1.248260 
3653 0.000006 1.257333 
3654 0.000005 1.266303 
3655 0.000005 1.275168 
3656 0.000005 1.283927 
3657 0.000005 1.292580 
3658 0.000005 1.301127 
3659 0.000005 1.309566 
3660 0.000004 1.317897 
3661 0.000004 1.326118 
3662 0.000004 1.334231 
3663 0.000004 1.342232 
3664 0.000004 1.350124 
3665 0.000004 1.357903 
3666 0.000004 1.365570 
3667 0.000003 1.373125 
3668 0.000003 1.380565 
3669 0.000003 1.387892 
3670 0.000003 1.395104 
3671 0.000003 1.402201 
3672 0.000003 1.409182 
3673 0.000003 1.416046 
3674 0.000003 1.422794 
3675 0.000003 1.429424 
3676 0.000002 1.435935 
3677 0.000002 1.442328 
3678 0.000002 1.448602 
3679 0.000002 1.454756 
3680 0.000002 1.460790 
3681 0.000002 1.466703 
3682 0.000002 1.472495 
3683 0.000002 1.478166 
3684 0.000002 1.483714 
3685 0.000002 1.489139 
3686 0.000002 1.494442 
3687 0.000002 1.499621 
3688 0.000002 1.504675 
3689 0.000001 1.509606 
3690 0.000001 1.514412 
3691 0.000001 1.519093 
3692 0.000001 1.523648 
3693 0.000001 1.528077 
3694 0.000001 1.532380 
3695 0.000001 1.536556 
3696 0.000001 1.540606 
3697 0.000001 1.544528 
3698 0.000001 1.548322 
3699 0.000001 1.551988 
3700 0.000001 1.555526 
3701 0.000001 1.558936 
3702 0.000001 1.562217 
3703 0.000001 1.565368 
3704 0.000001 1.568391 
3705 0.000001 1.571283 
3706 0.000001 1.574046 
3707 0.000001 1.576679 
3708 0.000001 1.579181 
3709 0.000001 1.581553 
3710 0.000001 1.583794 
3711 0.000001 1.585905 
3712 0.000001 1.587884 
3713 0.000001 1.589732 
3714 0.000001 1.591449 
3715 0.000001 1.593034 
3716 0.000001 1.594487 
3717 0.000000 1.595809 
3718 0.000000 1.596999 
3719 0.000000 1.598057 
3720 0.000000 1.598983 
3721 0.000000 1.599776 
3722 0.000000 1.600438 
3723 0.000000 1.600967 
3724 0.000000 1.601364 
3725 0.000000 1.601628 
3726 0.000000 1.601760 
3727 0.000000 1.601760 
3728 0.000000 1.601628 
3729 0.000000 1.601363 
3730 0.000000 1.600965 
3731 0.000000 1.600436 
3732 0.000000 1.599774 
3733 0.000000 1.598980 
3734 0.000000 1.598054 
3735 0.000000 1.596996 
3736 0.000000 1.595806 
3737 0.000000 1.594484 
3738 0.000000 1.593030 
3739 0.000000 1.591444 
3740 0.000000 1.589727 
3741 0.000000 1.587879 
3742 0.000000 1.585900 
3743 0.000000 1.583789 
3744 0.000000 1.581548 
3745 0.000000 1.579175 
3746 0.000000 1.576673 
3747 0.000000 1.574040 
3748 0.000000 1.571277 
3749 0.000000 1.568384 
3750 0.000000 1.565362 
3751 0.000000 1.562210 
3752 0.000000 1.558929 
3753 0.000000 1.555520 
3754 0.000000 1.551982 
3755 0.000000 1.548315 
3756 0.000000 1.544521 
3757 0.000000 1.540599 
3758 0.000000 1.536550 
3759 0.000000 1.532374 
3760 0.000000 1.528071 
3761 0.000000 1.523642 
3762 0.000000 1.519088 
3763 0.000000 1.514407 
3764 0.000000 1.509602 
3765 0.000000 1.504672 
3766 0.000000 1.499618 
3767 0.000000 1.494439 
3768 0.000000 1.489138 
3769 0.000000 1.483713 
3770 0.000000 1.478166 
3771 0.000000 1.472497 
3772 0.000000 1.466706 
3773 0.000000 1.460794 
3774 0.000000 1.454761 
3775 0.000000 1.448609 
3776 0.000000 1.442336 
3777 0.000000 1.435945 
3778 0.000000 1.429435 
3779 0.000000 1.422807 
3780 0.000000 1.416062 
3781 0.000000 1.409199 
3782 0.000000 1.402221 
3783 0.000000 1.395126 
3784 0.000000 1.387917 
3785 0.000000 1.380593 
3786 0.000000 1.373155 
3787 0.000000 1.365604 
3788 0.000000 1.357940 
3789 0.000000 1.350164 
3790 0.000000 1.342277 
3791 0.000000 1.334279 
3792 0.000000 1.326171 
3793 0.000000 1.317954 
3794 0.000000 1.309628 
3795 0.000000 1.301194 
3796 0.000000 1.292653 
3797 0.000000 1.284005 
3798 0.000000 1.275252 
3799 0.000000 1.266393 
3800 0.000000 1.257430 
3801 0.000000 1.248364 
3802 0.000000 1.239195 
3803 0.000000 1.229924 
3804 0.000000 1.220551 
3805 0.000000 1.211079 
3806 0.000000 1.201506 
3807 0.000000 1.191835 
3808 0.000000 1.182066 
3809 0.000000 1.172200 
3810 0.000000 1.162237 
3811 0.000000 1.152179 
3812 0.000000 1.142026 
3813 0.000000 1.131780 
3814 0.000000 1.121441 
3815 0.000000 1.111010 
3816 0.000000 1.100487 
3817 0.000000 1.089875 
3818 0.000000 1.079173 
3819 0.000000 1.068383 
3820 0.000000 1.057506 
3821 0.000000 1.046542 
3822 0.000000 1.035492 
3823 0.000000 1.024358 
3824 0.000000 1.013140 
3825 0.000000 1.001840 
3826 0.000000 0.990458 
3827 0.000000 0.978996 
3828 0.000000 0.967453 
3829 0.000000 0.955832 
3830 0.000000 0.944134 
3831 0.000000 0.932358 
3832 0.000000 0.920508 
3833 0.000000 0.908582 
3834 0.000000 0.896583 
3835 0.000000 0.884512 
3836 0.000000 0.872369 
3837 0.000000 0.860156 
3838 0.000000 0.847874 
3839 0.000000 0.835524 
3840 0.000000 0.823106 
3841 0.000000 0.810623 
3842 0.000000 0.798075 
3843 0.000000 0.785463 
3844 0.000000 0.772789 
3845 0.000000 0.760053 
3846 0.000000 0.747257 
3847 0.000000 0.734402 
3848 0.000000 0.721489 
3849 0.000000 0.708519 
3850 0.000000 0.695494 
3851 0.000000 0.682414 
3852 0.000000 0.669281 
3853 0.000000 0.656096 
3854 0.000000 0.642861 
3855 0.000000 0.629575 
3856 0.000000 0.616242 
3857 0.000000 0.602861 
3858 0.000000 0.589435 
3859 0.000000 0.575964 
3860 0.000000 0.562449 
3861 0.000000 0.548893 
3862 0.000000 0.535296 
3863 0.000000 0.521660 
3864 0.000000 0.507985 
3865 0.000000 0.494273 
3866 0.000000 0.480526 
3867 0.000000 0.466745 
3868 0.000000 0.452931 
3869 0.000000 0.439086 
3870 0.000000 0.425210 
3871 0.000000 0.411305 
3872 0.000000 0.397373 
3873 0.000000 0.383415 
3874 0.000000 0.369432 
3875 0.000000 0.355426 
3876 0.000000 0.341398 
3877 0.000000 0.327350 
3878 0.000000 0.313283 
3879 0.000000 0.299198 
3880 0.000000 0.285096 
3881 0.000000 0.270980 
3882 0.000000 0.256851 
3883 0.000000 0.242710 
3884 0.000000 0.228558 
3885 0.000000 0.214398 
3886 0.000000 0.200230 
3887 0.000000 0.186056 
3888 0.000000 0.171878 
3889 0.000000 0.157698 
3890 0.000000 0.143515 
3891 0.000000 0.129333 
3892 0.000000 0.115153 
3893 0.000000 0.100976 
3894 0.000000 0.086804 
3895 0.000000 0.072638 
3896 0.000000 0.058480 
3897 0.000000 0.044332 
3898 0.000000 0.030195 
3899 0.000000 0.016071 
3900 0.000000 0.001961 
3901 0.000000 -0.012132 
3902 0.000000 -0.026208 
3903 0.000000 -0.040265 
3904 0.000000 -0.054301 
3905 0.000000 -0.068314 
3906 0.000000 -0.082303 
3907 0.000000 -0.096266 
3908 0.000000 -0.110201 
3909 0.000000 -0.124107 
3910 0.000000 -0.137982 
3911 0.000000 -0.151825 
3912 0.000000 -0.165632 
3913 0.000000 -0.179404 
3914 0.000000 -0.193137 
3915 0.000000 -0.206831 
3916 0.000000 -0.220484 
3917 0.000000 -0.234093 
3918 0.000000 -0.247658 
3919 0.000000 -0.261175 
3920 0.000000 -0.274644 
3921 0.000000 -0.288063 
3922 0.000000 -0.301430 
3923 0.000000 -0.314743 
3924 0.000000 -0.328000 
3925 0.000000 -0.341199 
3926 0.000000 -0.354339 
3927 0.000000 -0.367418 
3928 0.000000 -0.380434 
3929 0.000000 -0.393385 
3930 0.000000 -0.406269 
3931 0.000000 -0.419084 
3932 0.000000 -0.431829 
3933 0.000000 -0.444501 
3934 0.000000 -0.457100 
3935 0.000000 -0.469622 
3936 0.000000 -0.482066 
3937 0.000000 -0.494430 
3938 0.000000 -0.506712 
3939 0.000000 -0.518910 
3940 0.000000 -0.531023 
3941 0.000000 -0.543048 
3942 0.000000 -0.554984 
3943 0.000000 -0.566828 
3944 0.000000 -0.578579 
3945 0.000000 -0.590234 
3946 0.000000 -0.601792 
3947 0.000000 -0.613252 
3948 0.000000 -0.624610 
3949 0.000000 -0.635865 
3950 0.000000 -0.647015 
3951 0.000000 -0.658058 
3952 0.000000 -0.668992 
3953 0.000000 -0.679816 
3954 0.000000 -0.690527 
3955 0.000000 -0.701123 
3956 0.000000 -0.711603 
3957 0.000000 -0.721964 
3958 0.000000 -0.732204 
3959 0.000000 -0.742322 
3960 0.000000 -0.752316 
3961 0.000000 -0.762184 
3962 0.000000 -0.771923 
3963 0.000000 -0.781533 
3964 0.000000 -0.791010 
3965 0.000000 -0.800354 
3966 0.000000 -0.809562 
3967 0.000000 -0.818632 
3968 0.000000 -0.827562 
3969 0.000000 -0.836351 
3970 0.000000 -0.844997 
3971 0.000000 -0.853498 
3972 0.000000 -0.861851 
3973 0.000000 -0.870056 
3974 0.000000 -0.878110 
3975 0.000000 -0.886012 
3976 0.000000 -0.893759 
3977 0.000000 -0.901351 
3978 0.000000 -0.908784 
3979 0.000000 -0.916058 
3980 0.000000 -0.923170 
3981 0.000000 -0.930120 
3982 0.000000 -0.936904 
3983 0.000000 -0.943522 
3984 0.000000 -0.949972 
3985 0.000000 -0.956252 
3986 0.000000 -0.962361 
3987 0.000000 -0.968296 
3988 0.000000 -0.974057 
3989 0.000000 -0.979641 
3990 0.000000 -0.985048 
3991 0.000000 -0.990275 
3992 0.000000 -0.995321 
3993 0.000000 -1.000185 
3994 0.000000 -1.004865 
3995 0.000000 -1.009360 
3996 0.000000 -1.013667 
3997 0.000000 -1.017787 
3998 0.000000 -1.021717 
3999 0.000000 -1.025457 
4000 0.000000 -1.029004 
